  This file contains calibrated standard deviations 
       The relevant data lines start with key CALSDV 
       Each such line contains the following data 
           N   M   C_SIGMA   S_SIGMA 
                 FOR M=0 S_SIGMA=0.0 
     
CALSDV    0    0  0.0000E+00  0.0000E+00
CALSDV    1    0  0.0000E+00  0.0000E+00
CALSDV    2    0  0.1358E-09  0.0000E+00
CALSDV    3    0  0.1142E-10  0.0000E+00
CALSDV    4    0  0.3865E-11  0.0000E+00
CALSDV    5    0  0.2539E-11  0.0000E+00
CALSDV    6    0  0.1961E-11  0.0000E+00
CALSDV    7    0  0.1580E-11  0.0000E+00
CALSDV    8    0  0.1346E-11  0.0000E+00
CALSDV    9    0  0.1181E-11  0.0000E+00
CALSDV   10    0  0.1060E-11  0.0000E+00
CALSDV   11    0  0.9663E-12  0.0000E+00
CALSDV   12    0  0.8959E-12  0.0000E+00
CALSDV   13    0  0.8401E-12  0.0000E+00
CALSDV   14    0  0.7951E-12  0.0000E+00
CALSDV   15    0  0.7601E-12  0.0000E+00
CALSDV   16    0  0.7320E-12  0.0000E+00
CALSDV   17    0  0.7098E-12  0.0000E+00
CALSDV   18    0  0.6920E-12  0.0000E+00
CALSDV   19    0  0.6784E-12  0.0000E+00
CALSDV   20    0  0.6680E-12  0.0000E+00
CALSDV   21    0  0.6609E-12  0.0000E+00
CALSDV   22    0  0.6564E-12  0.0000E+00
CALSDV   23    0  0.6539E-12  0.0000E+00
CALSDV   24    0  0.6537E-12  0.0000E+00
CALSDV   25    0  0.6556E-12  0.0000E+00
CALSDV   26    0  0.6592E-12  0.0000E+00
CALSDV   27    0  0.6644E-12  0.0000E+00
CALSDV   28    0  0.6713E-12  0.0000E+00
CALSDV   29    0  0.6798E-12  0.0000E+00
CALSDV   30    0  0.6899E-12  0.0000E+00
CALSDV   31    0  0.7013E-12  0.0000E+00
CALSDV   32    0  0.7143E-12  0.0000E+00
CALSDV   33    0  0.7287E-12  0.0000E+00
CALSDV   34    0  0.7446E-12  0.0000E+00
CALSDV   35    0  0.7620E-12  0.0000E+00
CALSDV   36    0  0.7809E-12  0.0000E+00
CALSDV   37    0  0.8014E-12  0.0000E+00
CALSDV   38    0  0.8234E-12  0.0000E+00
CALSDV   39    0  0.8471E-12  0.0000E+00
CALSDV   40    0  0.8725E-12  0.0000E+00
CALSDV   41    0  0.8997E-12  0.0000E+00
CALSDV   42    0  0.9288E-12  0.0000E+00
CALSDV   43    0  0.9596E-12  0.0000E+00
CALSDV   44    0  0.9926E-12  0.0000E+00
CALSDV   45    0  0.1028E-11  0.0000E+00
CALSDV   46    0  0.1065E-11  0.0000E+00
CALSDV   47    0  0.1104E-11  0.0000E+00
CALSDV   48    0  0.1146E-11  0.0000E+00
CALSDV   49    0  0.1191E-11  0.0000E+00
CALSDV   50    0  0.1238E-11  0.0000E+00
CALSDV   51    0  0.1288E-11  0.0000E+00
CALSDV   52    0  0.1341E-11  0.0000E+00
CALSDV   53    0  0.1396E-11  0.0000E+00
CALSDV   54    0  0.1456E-11  0.0000E+00
CALSDV   55    0  0.1517E-11  0.0000E+00
CALSDV   56    0  0.1584E-11  0.0000E+00
CALSDV   57    0  0.1647E-11  0.0000E+00
CALSDV   58    0  0.1721E-11  0.0000E+00
CALSDV   59    0  0.1616E-11  0.0000E+00
CALSDV   60    0  0.1691E-11  0.0000E+00
CALSDV    1    1  0.0000E+00  0.0000E+00
CALSDV    2    1  0.3050E-10  0.3171E-10
CALSDV    3    1  0.8058E-11  0.7870E-11
CALSDV    4    1  0.3970E-11  0.3946E-11
CALSDV    5    1  0.2680E-11  0.2676E-11
CALSDV    6    1  0.2034E-11  0.2030E-11
CALSDV    7    1  0.1648E-11  0.1649E-11
CALSDV    8    1  0.1392E-11  0.1392E-11
CALSDV    9    1  0.1214E-11  0.1214E-11
CALSDV   10    1  0.1082E-11  0.1083E-11
CALSDV   11    1  0.9853E-12  0.9855E-12
CALSDV   12    1  0.9102E-12  0.9109E-12
CALSDV   13    1  0.8513E-12  0.8518E-12
CALSDV   14    1  0.8053E-12  0.8059E-12
CALSDV   15    1  0.7676E-12  0.7682E-12
CALSDV   16    1  0.7392E-12  0.7397E-12
CALSDV   17    1  0.7153E-12  0.7158E-12
CALSDV   18    1  0.6974E-12  0.6979E-12
CALSDV   19    1  0.6828E-12  0.6834E-12
CALSDV   20    1  0.6726E-12  0.6729E-12
CALSDV   21    1  0.6648E-12  0.6654E-12
CALSDV   22    1  0.6597E-12  0.6602E-12
CALSDV   23    1  0.6571E-12  0.6575E-12
CALSDV   24    1  0.6566E-12  0.6572E-12
CALSDV   25    1  0.6582E-12  0.6587E-12
CALSDV   26    1  0.6615E-12  0.6621E-12
CALSDV   27    1  0.6667E-12  0.6672E-12
CALSDV   28    1  0.6735E-12  0.6741E-12
CALSDV   29    1  0.6818E-12  0.6823E-12
CALSDV   30    1  0.6917E-12  0.6922E-12
CALSDV   31    1  0.7030E-12  0.7037E-12
CALSDV   32    1  0.7159E-12  0.7165E-12
CALSDV   33    1  0.7302E-12  0.7309E-12
CALSDV   34    1  0.7461E-12  0.7467E-12
CALSDV   35    1  0.7634E-12  0.7641E-12
CALSDV   36    1  0.7823E-12  0.7830E-12
CALSDV   37    1  0.8026E-12  0.8034E-12
CALSDV   38    1  0.8247E-12  0.8254E-12
CALSDV   39    1  0.8483E-12  0.8491E-12
CALSDV   40    1  0.8737E-12  0.8745E-12
CALSDV   41    1  0.9008E-12  0.9016E-12
CALSDV   42    1  0.9297E-12  0.9307E-12
CALSDV   43    1  0.9608E-12  0.9617E-12
CALSDV   44    1  0.9937E-12  0.9946E-12
CALSDV   45    1  0.1029E-11  0.1030E-11
CALSDV   46    1  0.1066E-11  0.1067E-11
CALSDV   47    1  0.1105E-11  0.1106E-11
CALSDV   48    1  0.1147E-11  0.1148E-11
CALSDV   49    1  0.1192E-11  0.1193E-11
CALSDV   50    1  0.1239E-11  0.1240E-11
CALSDV   51    1  0.1288E-11  0.1290E-11
CALSDV   52    1  0.1341E-11  0.1343E-11
CALSDV   53    1  0.1397E-11  0.1398E-11
CALSDV   54    1  0.1456E-11  0.1458E-11
CALSDV   55    1  0.1518E-11  0.1519E-11
CALSDV   56    1  0.1584E-11  0.1586E-11
CALSDV   57    1  0.1648E-11  0.1650E-11
CALSDV   58    1  0.1722E-11  0.1724E-11
CALSDV   59    1  0.1620E-11  0.1621E-11
CALSDV   60    1  0.1694E-11  0.1696E-11
CALSDV    2    2  0.2462E-10  0.1920E-10
CALSDV    3    2  0.1121E-10  0.1103E-10
CALSDV    4    2  0.5468E-11  0.5454E-11
CALSDV    5    2  0.3425E-11  0.3401E-11
CALSDV    6    2  0.2491E-11  0.2482E-11
CALSDV    7    2  0.1929E-11  0.1922E-11
CALSDV    8    2  0.1595E-11  0.1590E-11
CALSDV    9    2  0.1356E-11  0.1350E-11
CALSDV   10    2  0.1193E-11  0.1190E-11
CALSDV   11    2  0.1068E-11  0.1065E-11
CALSDV   12    2  0.9790E-12  0.9757E-12
CALSDV   13    2  0.9063E-12  0.9036E-12
CALSDV   14    2  0.8512E-12  0.8486E-12
CALSDV   15    2  0.8068E-12  0.8046E-12
CALSDV   16    2  0.7723E-12  0.7698E-12
CALSDV   17    2  0.7441E-12  0.7421E-12
CALSDV   18    2  0.7225E-12  0.7203E-12
CALSDV   19    2  0.7053E-12  0.7032E-12
CALSDV   20    2  0.6922E-12  0.6902E-12
CALSDV   21    2  0.6826E-12  0.6805E-12
CALSDV   22    2  0.6763E-12  0.6743E-12
CALSDV   23    2  0.6721E-12  0.6702E-12
CALSDV   24    2  0.6706E-12  0.6686E-12
CALSDV   25    2  0.6712E-12  0.6693E-12
CALSDV   26    2  0.6738E-12  0.6717E-12
CALSDV   27    2  0.6781E-12  0.6760E-12
CALSDV   28    2  0.6843E-12  0.6822E-12
CALSDV   29    2  0.6921E-12  0.6900E-12
CALSDV   30    2  0.7015E-12  0.6994E-12
CALSDV   31    2  0.7124E-12  0.7102E-12
CALSDV   32    2  0.7250E-12  0.7228E-12
CALSDV   33    2  0.7389E-12  0.7367E-12
CALSDV   34    2  0.7546E-12  0.7522E-12
CALSDV   35    2  0.7716E-12  0.7693E-12
CALSDV   36    2  0.7902E-12  0.7878E-12
CALSDV   37    2  0.8105E-12  0.8080E-12
CALSDV   38    2  0.8322E-12  0.8298E-12
CALSDV   39    2  0.8558E-12  0.8533E-12
CALSDV   40    2  0.8811E-12  0.8784E-12
CALSDV   41    2  0.9081E-12  0.9055E-12
CALSDV   42    2  0.9371E-12  0.9343E-12
CALSDV   43    2  0.9678E-12  0.9649E-12
CALSDV   44    2  0.1001E-11  0.9978E-12
CALSDV   45    2  0.1036E-11  0.1033E-11
CALSDV   46    2  0.1073E-11  0.1070E-11
CALSDV   47    2  0.1112E-11  0.1109E-11
CALSDV   48    2  0.1154E-11  0.1151E-11
CALSDV   49    2  0.1199E-11  0.1195E-11
CALSDV   50    2  0.1246E-11  0.1242E-11
CALSDV   51    2  0.1296E-11  0.1292E-11
CALSDV   52    2  0.1349E-11  0.1345E-11
CALSDV   53    2  0.1405E-11  0.1400E-11
CALSDV   54    2  0.1464E-11  0.1460E-11
CALSDV   55    2  0.1526E-11  0.1522E-11
CALSDV   56    2  0.1593E-11  0.1588E-11
CALSDV   57    2  0.1658E-11  0.1653E-11
CALSDV   58    2  0.1732E-11  0.1727E-11
CALSDV   59    2  0.1644E-11  0.1639E-11
CALSDV   60    2  0.1718E-11  0.1713E-11
CALSDV    3    3  0.2564E-10  0.2588E-10
CALSDV    4    3  0.1058E-10  0.1066E-10
CALSDV    5    3  0.7357E-11  0.7383E-11
CALSDV    6    3  0.3931E-11  0.3918E-11
CALSDV    7    3  0.3563E-11  0.3569E-11
CALSDV    8    3  0.2227E-11  0.2220E-11
CALSDV    9    3  0.2160E-11  0.2162E-11
CALSDV   10    3  0.1529E-11  0.1527E-11
CALSDV   11    3  0.1516E-11  0.1517E-11
CALSDV   12    3  0.1181E-11  0.1179E-11
CALSDV   13    3  0.1177E-11  0.1177E-11
CALSDV   14    3  0.9837E-12  0.9825E-12
CALSDV   15    3  0.9824E-12  0.9825E-12
CALSDV   16    3  0.8642E-12  0.8637E-12
CALSDV   17    3  0.8650E-12  0.8648E-12
CALSDV   18    3  0.7900E-12  0.7889E-12
CALSDV   19    3  0.7923E-12  0.7919E-12
CALSDV   20    3  0.7438E-12  0.7427E-12
CALSDV   21    3  0.7479E-12  0.7472E-12
CALSDV   22    3  0.7165E-12  0.7156E-12
CALSDV   23    3  0.7226E-12  0.7217E-12
CALSDV   24    3  0.7034E-12  0.7023E-12
CALSDV   25    3  0.7112E-12  0.7103E-12
CALSDV   26    3  0.7010E-12  0.6999E-12
CALSDV   27    3  0.7109E-12  0.7099E-12
CALSDV   28    3  0.7074E-12  0.7063E-12
CALSDV   29    3  0.7193E-12  0.7184E-12
CALSDV   30    3  0.7214E-12  0.7203E-12
CALSDV   31    3  0.7358E-12  0.7346E-12
CALSDV   32    3  0.7424E-12  0.7413E-12
CALSDV   33    3  0.7592E-12  0.7579E-12
CALSDV   34    3  0.7701E-12  0.7690E-12
CALSDV   35    3  0.7893E-12  0.7882E-12
CALSDV   36    3  0.8045E-12  0.8031E-12
CALSDV   37    3  0.8263E-12  0.8251E-12
CALSDV   38    3  0.8452E-12  0.8440E-12
CALSDV   39    3  0.8702E-12  0.8688E-12
CALSDV   40    3  0.8931E-12  0.8918E-12
CALSDV   41    3  0.9212E-12  0.9198E-12
CALSDV   42    3  0.9481E-12  0.9467E-12
CALSDV   43    3  0.9801E-12  0.9786E-12
CALSDV   44    3  0.1011E-11  0.1010E-11
CALSDV   45    3  0.1047E-11  0.1045E-11
CALSDV   46    3  0.1083E-11  0.1081E-11
CALSDV   47    3  0.1123E-11  0.1121E-11
CALSDV   48    3  0.1164E-11  0.1162E-11
CALSDV   49    3  0.1209E-11  0.1207E-11
CALSDV   50    3  0.1255E-11  0.1253E-11
CALSDV   51    3  0.1306E-11  0.1304E-11
CALSDV   52    3  0.1358E-11  0.1356E-11
CALSDV   53    3  0.1415E-11  0.1413E-11
CALSDV   54    3  0.1473E-11  0.1471E-11
CALSDV   55    3  0.1537E-11  0.1535E-11
CALSDV   56    3  0.1603E-11  0.1600E-11
CALSDV   57    3  0.1671E-11  0.1668E-11
CALSDV   58    3  0.1745E-11  0.1742E-11
CALSDV   59    3  0.1685E-11  0.1683E-11
CALSDV   60    3  0.1759E-11  0.1756E-11
CALSDV    4    4  0.1236E-10  0.1251E-10
CALSDV    5    4  0.1072E-10  0.1076E-10
CALSDV    6    4  0.4598E-11  0.4619E-11
CALSDV    7    4  0.4064E-11  0.4049E-11
CALSDV    8    4  0.2568E-11  0.2583E-11
CALSDV    9    4  0.2259E-11  0.2254E-11
CALSDV   10    4  0.1723E-11  0.1731E-11
CALSDV   11    4  0.1556E-11  0.1552E-11
CALSDV   12    4  0.1306E-11  0.1310E-11
CALSDV   13    4  0.1210E-11  0.1207E-11
CALSDV   14    4  0.1073E-11  0.1076E-11
CALSDV   15    4  0.1015E-11  0.1014E-11
CALSDV   16    4  0.9324E-12  0.9345E-12
CALSDV   17    4  0.8974E-12  0.8963E-12
CALSDV   18    4  0.8446E-12  0.8463E-12
CALSDV   19    4  0.8231E-12  0.8225E-12
CALSDV   20    4  0.7892E-12  0.7904E-12
CALSDV   21    4  0.7767E-12  0.7765E-12
CALSDV   22    4  0.7553E-12  0.7562E-12
CALSDV   23    4  0.7497E-12  0.7492E-12
CALSDV   24    4  0.7367E-12  0.7375E-12
CALSDV   25    4  0.7364E-12  0.7361E-12
CALSDV   26    4  0.7303E-12  0.7309E-12
CALSDV   27    4  0.7340E-12  0.7339E-12
CALSDV   28    4  0.7335E-12  0.7339E-12
CALSDV   29    4  0.7408E-12  0.7408E-12
CALSDV   30    4  0.7449E-12  0.7453E-12
CALSDV   31    4  0.7556E-12  0.7554E-12
CALSDV   32    4  0.7639E-12  0.7642E-12
CALSDV   33    4  0.7776E-12  0.7776E-12
CALSDV   34    4  0.7897E-12  0.7900E-12
CALSDV   35    4  0.8067E-12  0.8068E-12
CALSDV   36    4  0.8225E-12  0.8228E-12
CALSDV   37    4  0.8427E-12  0.8427E-12
CALSDV   38    4  0.8621E-12  0.8625E-12
CALSDV   39    4  0.8857E-12  0.8857E-12
CALSDV   40    4  0.9090E-12  0.9092E-12
CALSDV   41    4  0.9360E-12  0.9361E-12
CALSDV   42    4  0.9633E-12  0.9635E-12
CALSDV   43    4  0.9938E-12  0.9941E-12
CALSDV   44    4  0.1026E-11  0.1026E-11
CALSDV   45    4  0.1060E-11  0.1061E-11
CALSDV   46    4  0.1096E-11  0.1097E-11
CALSDV   47    4  0.1136E-11  0.1136E-11
CALSDV   48    4  0.1177E-11  0.1177E-11
CALSDV   49    4  0.1221E-11  0.1222E-11
CALSDV   50    4  0.1268E-11  0.1268E-11
CALSDV   51    4  0.1318E-11  0.1318E-11
CALSDV   52    4  0.1370E-11  0.1370E-11
CALSDV   53    4  0.1427E-11  0.1427E-11
CALSDV   54    4  0.1486E-11  0.1486E-11
CALSDV   55    4  0.1549E-11  0.1549E-11
CALSDV   56    4  0.1615E-11  0.1616E-11
CALSDV   57    4  0.1685E-11  0.1685E-11
CALSDV   58    4  0.1759E-11  0.1760E-11
CALSDV   59    4  0.1723E-11  0.1724E-11
CALSDV   60    4  0.1799E-11  0.1799E-11
CALSDV    5    5  0.1987E-10  0.1982E-10
CALSDV    6    5  0.8173E-11  0.8167E-11
CALSDV    7    5  0.5432E-11  0.5428E-11
CALSDV    8    5  0.3394E-11  0.3398E-11
CALSDV    9    5  0.3153E-11  0.3150E-11
CALSDV   10    5  0.2132E-11  0.2134E-11
CALSDV   11    5  0.2181E-11  0.2183E-11
CALSDV   12    5  0.1597E-11  0.1599E-11
CALSDV   13    5  0.1650E-11  0.1653E-11
CALSDV   14    5  0.1303E-11  0.1306E-11
CALSDV   15    5  0.1333E-11  0.1335E-11
CALSDV   16    5  0.1117E-11  0.1119E-11
CALSDV   17    5  0.1132E-11  0.1133E-11
CALSDV   18    5  0.9944E-12  0.9960E-12
CALSDV   19    5  0.1001E-11  0.1002E-11
CALSDV   20    5  0.9113E-12  0.9124E-12
CALSDV   21    5  0.9151E-12  0.9157E-12
CALSDV   22    5  0.8562E-12  0.8573E-12
CALSDV   23    5  0.8595E-12  0.8599E-12
CALSDV   24    5  0.8217E-12  0.8223E-12
CALSDV   25    5  0.8249E-12  0.8261E-12
CALSDV   26    5  0.8020E-12  0.8027E-12
CALSDV   27    5  0.8076E-12  0.8076E-12
CALSDV   28    5  0.7948E-12  0.7954E-12
CALSDV   29    5  0.8023E-12  0.8028E-12
CALSDV   30    5  0.7980E-12  0.7986E-12
CALSDV   31    5  0.8079E-12  0.8083E-12
CALSDV   32    5  0.8102E-12  0.8107E-12
CALSDV   33    5  0.8229E-12  0.8232E-12
CALSDV   34    5  0.8305E-12  0.8312E-12
CALSDV   35    5  0.8459E-12  0.8466E-12
CALSDV   36    5  0.8589E-12  0.8596E-12
CALSDV   37    5  0.8773E-12  0.8778E-12
CALSDV   38    5  0.8948E-12  0.8954E-12
CALSDV   39    5  0.9166E-12  0.9171E-12
CALSDV   40    5  0.9385E-12  0.9391E-12
CALSDV   41    5  0.9638E-12  0.9644E-12
CALSDV   42    5  0.9901E-12  0.9908E-12
CALSDV   43    5  0.1019E-11  0.1020E-11
CALSDV   44    5  0.1050E-11  0.1051E-11
CALSDV   45    5  0.1084E-11  0.1084E-11
CALSDV   46    5  0.1119E-11  0.1120E-11
CALSDV   47    5  0.1157E-11  0.1158E-11
CALSDV   48    5  0.1198E-11  0.1199E-11
CALSDV   49    5  0.1241E-11  0.1242E-11
CALSDV   50    5  0.1288E-11  0.1288E-11
CALSDV   51    5  0.1336E-11  0.1337E-11
CALSDV   52    5  0.1389E-11  0.1390E-11
CALSDV   53    5  0.1444E-11  0.1445E-11
CALSDV   54    5  0.1504E-11  0.1505E-11
CALSDV   55    5  0.1566E-11  0.1567E-11
CALSDV   56    5  0.1633E-11  0.1634E-11
CALSDV   57    5  0.1703E-11  0.1704E-11
CALSDV   58    5  0.1778E-11  0.1779E-11
CALSDV   59    5  0.1762E-11  0.1764E-11
CALSDV   60    5  0.1840E-11  0.1841E-11
CALSDV    6    6  0.9251E-11  0.9222E-11
CALSDV    7    6  0.1037E-10  0.1049E-10
CALSDV    8    6  0.4556E-11  0.4520E-11
CALSDV    9    6  0.4964E-11  0.5020E-11
CALSDV   10    6  0.2940E-11  0.2922E-11
CALSDV   11    6  0.2951E-11  0.2982E-11
CALSDV   12    6  0.2043E-11  0.2036E-11
CALSDV   13    6  0.2038E-11  0.2052E-11
CALSDV   14    6  0.1549E-11  0.1545E-11
CALSDV   15    6  0.1556E-11  0.1566E-11
CALSDV   16    6  0.1262E-11  0.1261E-11
CALSDV   17    6  0.1278E-11  0.1284E-11
CALSDV   18    6  0.1088E-11  0.1087E-11
CALSDV   19    6  0.1106E-11  0.1112E-11
CALSDV   20    6  0.9793E-12  0.9790E-12
CALSDV   21    6  0.9975E-12  0.1001E-11
CALSDV   22    6  0.9095E-12  0.9106E-12
CALSDV   23    6  0.9269E-12  0.9301E-12
CALSDV   24    6  0.8669E-12  0.8665E-12
CALSDV   25    6  0.8841E-12  0.8850E-12
CALSDV   26    6  0.8419E-12  0.8426E-12
CALSDV   27    6  0.8587E-12  0.8603E-12
CALSDV   28    6  0.8318E-12  0.8320E-12
CALSDV   29    6  0.8486E-12  0.8496E-12
CALSDV   30    6  0.8324E-12  0.8327E-12
CALSDV   31    6  0.8501E-12  0.8511E-12
CALSDV   32    6  0.8428E-12  0.8428E-12
CALSDV   33    6  0.8615E-12  0.8623E-12
CALSDV   34    6  0.8616E-12  0.8618E-12
CALSDV   35    6  0.8821E-12  0.8829E-12
CALSDV   36    6  0.8884E-12  0.8885E-12
CALSDV   37    6  0.9110E-12  0.9117E-12
CALSDV   38    6  0.9231E-12  0.9232E-12
CALSDV   39    6  0.9483E-12  0.9486E-12
CALSDV   40    6  0.9655E-12  0.9657E-12
CALSDV   41    6  0.9936E-12  0.9939E-12
CALSDV   42    6  0.1016E-11  0.1016E-11
CALSDV   43    6  0.1047E-11  0.1047E-11
CALSDV   44    6  0.1075E-11  0.1075E-11
CALSDV   45    6  0.1110E-11  0.1110E-11
CALSDV   46    6  0.1143E-11  0.1143E-11
CALSDV   47    6  0.1183E-11  0.1183E-11
CALSDV   48    6  0.1221E-11  0.1221E-11
CALSDV   49    6  0.1265E-11  0.1265E-11
CALSDV   50    6  0.1310E-11  0.1310E-11
CALSDV   51    6  0.1359E-11  0.1359E-11
CALSDV   52    6  0.1411E-11  0.1410E-11
CALSDV   53    6  0.1466E-11  0.1466E-11
CALSDV   54    6  0.1525E-11  0.1524E-11
CALSDV   55    6  0.1588E-11  0.1588E-11
CALSDV   56    6  0.1654E-11  0.1653E-11
CALSDV   57    6  0.1725E-11  0.1725E-11
CALSDV   58    6  0.1799E-11  0.1799E-11
CALSDV   59    6  0.1805E-11  0.1805E-11
CALSDV   60    6  0.1882E-11  0.1882E-11
CALSDV    7    7  0.1400E-10  0.1390E-10
CALSDV    8    7  0.7804E-11  0.7766E-11
CALSDV    9    7  0.4950E-11  0.4950E-11
CALSDV   10    7  0.3299E-11  0.3298E-11
CALSDV   11    7  0.2946E-11  0.2947E-11
CALSDV   12    7  0.2026E-11  0.2031E-11
CALSDV   13    7  0.2035E-11  0.2033E-11
CALSDV   14    7  0.1597E-11  0.1602E-11
CALSDV   15    7  0.1556E-11  0.1555E-11
CALSDV   16    7  0.1387E-11  0.1390E-11
CALSDV   17    7  0.1288E-11  0.1288E-11
CALSDV   18    7  0.1245E-11  0.1247E-11
CALSDV   19    7  0.1127E-11  0.1127E-11
CALSDV   20    7  0.1142E-11  0.1142E-11
CALSDV   21    7  0.1027E-11  0.1026E-11
CALSDV   22    7  0.1064E-11  0.1064E-11
CALSDV   23    7  0.9622E-12  0.9613E-12
CALSDV   24    7  0.1008E-11  0.1007E-11
CALSDV   25    7  0.9212E-12  0.9210E-12
CALSDV   26    7  0.9687E-12  0.9683E-12
CALSDV   27    7  0.8978E-12  0.8978E-12
CALSDV   28    7  0.9439E-12  0.9434E-12
CALSDV   29    7  0.8880E-12  0.8876E-12
CALSDV   30    7  0.9317E-12  0.9310E-12
CALSDV   31    7  0.8888E-12  0.8888E-12
CALSDV   32    7  0.9306E-12  0.9298E-12
CALSDV   33    7  0.8994E-12  0.8988E-12
CALSDV   34    7  0.9393E-12  0.9389E-12
CALSDV   35    7  0.9186E-12  0.9183E-12
CALSDV   36    7  0.9576E-12  0.9571E-12
CALSDV   37    7  0.9459E-12  0.9459E-12
CALSDV   38    7  0.9848E-12  0.9843E-12
CALSDV   39    7  0.9816E-12  0.9813E-12
CALSDV   40    7  0.1021E-11  0.1020E-11
CALSDV   41    7  0.1025E-11  0.1025E-11
CALSDV   42    7  0.1066E-11  0.1065E-11
CALSDV   43    7  0.1078E-11  0.1077E-11
CALSDV   44    7  0.1120E-11  0.1119E-11
CALSDV   45    7  0.1139E-11  0.1139E-11
CALSDV   46    7  0.1184E-11  0.1184E-11
CALSDV   47    7  0.1209E-11  0.1209E-11
CALSDV   48    7  0.1258E-11  0.1258E-11
CALSDV   49    7  0.1291E-11  0.1291E-11
CALSDV   50    7  0.1343E-11  0.1343E-11
CALSDV   51    7  0.1384E-11  0.1383E-11
CALSDV   52    7  0.1441E-11  0.1441E-11
CALSDV   53    7  0.1489E-11  0.1489E-11
CALSDV   54    7  0.1553E-11  0.1552E-11
CALSDV   55    7  0.1609E-11  0.1609E-11
CALSDV   56    7  0.1679E-11  0.1679E-11
CALSDV   57    7  0.1747E-11  0.1746E-11
CALSDV   58    7  0.1825E-11  0.1824E-11
CALSDV   59    7  0.1841E-11  0.1841E-11
CALSDV   60    7  0.1925E-11  0.1924E-11
CALSDV    8    8  0.7021E-11  0.6719E-11
CALSDV    9    8  0.7064E-11  0.7087E-11
CALSDV   10    8  0.4441E-11  0.4398E-11
CALSDV   11    8  0.3937E-11  0.3931E-11
CALSDV   12    8  0.3292E-11  0.3232E-11
CALSDV   13    8  0.2831E-11  0.2834E-11
CALSDV   14    8  0.2419E-11  0.2358E-11
CALSDV   15    8  0.2243E-11  0.2239E-11
CALSDV   16    8  0.1866E-11  0.1813E-11
CALSDV   17    8  0.1860E-11  0.1857E-11
CALSDV   18    8  0.1524E-11  0.1482E-11
CALSDV   19    8  0.1591E-11  0.1589E-11
CALSDV   20    8  0.1310E-11  0.1277E-11
CALSDV   21    8  0.1400E-11  0.1398E-11
CALSDV   22    8  0.1174E-11  0.1148E-11
CALSDV   23    8  0.1263E-11  0.1262E-11
CALSDV   24    8  0.1086E-11  0.1065E-11
CALSDV   25    8  0.1166E-11  0.1165E-11
CALSDV   26    8  0.1031E-11  0.1015E-11
CALSDV   27    8  0.1099E-11  0.1098E-11
CALSDV   28    8  0.9970E-12  0.9842E-12
CALSDV   29    8  0.1055E-11  0.1054E-11
CALSDV   30    8  0.9801E-12  0.9699E-12
CALSDV   31    8  0.1029E-11  0.1028E-11
CALSDV   32    8  0.9760E-12  0.9684E-12
CALSDV   33    8  0.1019E-11  0.1017E-11
CALSDV   34    8  0.9833E-12  0.9767E-12
CALSDV   35    8  0.1021E-11  0.1020E-11
CALSDV   36    8  0.1000E-11  0.9949E-12
CALSDV   37    8  0.1035E-11  0.1034E-11
CALSDV   38    8  0.1026E-11  0.1022E-11
CALSDV   39    8  0.1060E-11  0.1059E-11
CALSDV   40    8  0.1062E-11  0.1058E-11
CALSDV   41    8  0.1095E-11  0.1093E-11
CALSDV   42    8  0.1106E-11  0.1102E-11
CALSDV   43    8  0.1139E-11  0.1138E-11
CALSDV   44    8  0.1158E-11  0.1156E-11
CALSDV   45    8  0.1194E-11  0.1193E-11
CALSDV   46    8  0.1221E-11  0.1218E-11
CALSDV   47    8  0.1259E-11  0.1258E-11
CALSDV   48    8  0.1293E-11  0.1291E-11
CALSDV   49    8  0.1336E-11  0.1335E-11
CALSDV   50    8  0.1377E-11  0.1375E-11
CALSDV   51    8  0.1424E-11  0.1423E-11
CALSDV   52    8  0.1473E-11  0.1471E-11
CALSDV   53    8  0.1526E-11  0.1525E-11
CALSDV   54    8  0.1583E-11  0.1581E-11
CALSDV   55    8  0.1643E-11  0.1642E-11
CALSDV   56    8  0.1708E-11  0.1707E-11
CALSDV   57    8  0.1779E-11  0.1778E-11
CALSDV   58    8  0.1853E-11  0.1851E-11
CALSDV   59    8  0.1892E-11  0.1891E-11
CALSDV   60    8  0.1971E-11  0.1969E-11
CALSDV    9    9  0.9695E-11  0.9684E-11
CALSDV   10    9  0.7369E-11  0.7404E-11
CALSDV   11    9  0.4724E-11  0.4718E-11
CALSDV   12    9  0.3463E-11  0.3497E-11
CALSDV   13    9  0.3115E-11  0.3117E-11
CALSDV   14    9  0.2177E-11  0.2192E-11
CALSDV   15    9  0.2143E-11  0.2150E-11
CALSDV   16    9  0.1729E-11  0.1728E-11
CALSDV   17    9  0.1599E-11  0.1605E-11
CALSDV   18    9  0.1515E-11  0.1512E-11
CALSDV   19    9  0.1307E-11  0.1312E-11
CALSDV   20    9  0.1376E-11  0.1372E-11
CALSDV   21    9  0.1154E-11  0.1157E-11
CALSDV   22    9  0.1274E-11  0.1271E-11
CALSDV   23    9  0.1073E-11  0.1075E-11
CALSDV   24    9  0.1197E-11  0.1195E-11
CALSDV   25    9  0.1029E-11  0.1029E-11
CALSDV   26    9  0.1141E-11  0.1139E-11
CALSDV   27    9  0.1006E-11  0.1006E-11
CALSDV   28    9  0.1101E-11  0.1099E-11
CALSDV   29    9  0.9963E-12  0.9965E-12
CALSDV   30    9  0.1076E-11  0.1074E-11
CALSDV   31    9  0.9974E-12  0.9970E-12
CALSDV   32    9  0.1063E-11  0.1061E-11
CALSDV   33    9  0.1007E-11  0.1006E-11
CALSDV   34    9  0.1062E-11  0.1060E-11
CALSDV   35    9  0.1023E-11  0.1022E-11
CALSDV   36    9  0.1071E-11  0.1070E-11
CALSDV   37    9  0.1048E-11  0.1046E-11
CALSDV   38    9  0.1090E-11  0.1089E-11
CALSDV   39    9  0.1079E-11  0.1078E-11
CALSDV   40    9  0.1119E-11  0.1118E-11
CALSDV   41    9  0.1119E-11  0.1118E-11
CALSDV   42    9  0.1158E-11  0.1156E-11
CALSDV   43    9  0.1167E-11  0.1165E-11
CALSDV   44    9  0.1206E-11  0.1204E-11
CALSDV   45    9  0.1224E-11  0.1222E-11
CALSDV   46    9  0.1265E-11  0.1263E-11
CALSDV   47    9  0.1290E-11  0.1288E-11
CALSDV   48    9  0.1334E-11  0.1332E-11
CALSDV   49    9  0.1366E-11  0.1364E-11
CALSDV   50    9  0.1414E-11  0.1412E-11
CALSDV   51    9  0.1454E-11  0.1452E-11
CALSDV   52    9  0.1507E-11  0.1505E-11
CALSDV   53    9  0.1555E-11  0.1553E-11
CALSDV   54    9  0.1614E-11  0.1612E-11
CALSDV   55    9  0.1671E-11  0.1668E-11
CALSDV   56    9  0.1737E-11  0.1735E-11
CALSDV   57    9  0.1805E-11  0.1803E-11
CALSDV   58    9  0.1880E-11  0.1878E-11
CALSDV   59    9  0.1929E-11  0.1926E-11
CALSDV   60    9  0.2008E-11  0.2005E-11
CALSDV   10   10  0.7420E-11  0.7645E-11
CALSDV   11   10  0.5781E-11  0.5797E-11
CALSDV   12   10  0.4128E-11  0.4139E-11
CALSDV   13   10  0.3043E-11  0.3031E-11
CALSDV   14   10  0.3366E-11  0.3365E-11
CALSDV   15   10  0.2472E-11  0.2455E-11
CALSDV   16   10  0.2656E-11  0.2657E-11
CALSDV   17   10  0.2223E-11  0.2209E-11
CALSDV   18   10  0.2155E-11  0.2159E-11
CALSDV   19   10  0.2009E-11  0.1998E-11
CALSDV   20   10  0.1824E-11  0.1829E-11
CALSDV   21   10  0.1816E-11  0.1806E-11
CALSDV   22   10  0.1603E-11  0.1609E-11
CALSDV   23   10  0.1653E-11  0.1644E-11
CALSDV   24   10  0.1455E-11  0.1461E-11
CALSDV   25   10  0.1520E-11  0.1513E-11
CALSDV   26   10  0.1353E-11  0.1358E-11
CALSDV   27   10  0.1417E-11  0.1411E-11
CALSDV   28   10  0.1284E-11  0.1288E-11
CALSDV   29   10  0.1339E-11  0.1333E-11
CALSDV   30   10  0.1237E-11  0.1240E-11
CALSDV   31   10  0.1283E-11  0.1278E-11
CALSDV   32   10  0.1208E-11  0.1211E-11
CALSDV   33   10  0.1245E-11  0.1241E-11
CALSDV   34   10  0.1194E-11  0.1196E-11
CALSDV   35   10  0.1224E-11  0.1221E-11
CALSDV   36   10  0.1191E-11  0.1193E-11
CALSDV   37   10  0.1217E-11  0.1215E-11
CALSDV   38   10  0.1201E-11  0.1202E-11
CALSDV   39   10  0.1224E-11  0.1222E-11
CALSDV   40   10  0.1221E-11  0.1222E-11
CALSDV   41   10  0.1243E-11  0.1241E-11
CALSDV   42   10  0.1251E-11  0.1252E-11
CALSDV   43   10  0.1273E-11  0.1272E-11
CALSDV   44   10  0.1292E-11  0.1292E-11
CALSDV   45   10  0.1316E-11  0.1314E-11
CALSDV   46   10  0.1343E-11  0.1343E-11
CALSDV   47   10  0.1369E-11  0.1368E-11
CALSDV   48   10  0.1405E-11  0.1405E-11
CALSDV   49   10  0.1436E-11  0.1434E-11
CALSDV   50   10  0.1479E-11  0.1479E-11
CALSDV   51   10  0.1514E-11  0.1513E-11
CALSDV   52   10  0.1566E-11  0.1565E-11
CALSDV   53   10  0.1608E-11  0.1606E-11
CALSDV   54   10  0.1667E-11  0.1666E-11
CALSDV   55   10  0.1716E-11  0.1715E-11
CALSDV   56   10  0.1784E-11  0.1783E-11
CALSDV   57   10  0.1846E-11  0.1844E-11
CALSDV   58   10  0.1923E-11  0.1921E-11
CALSDV   59   10  0.1983E-11  0.1981E-11
CALSDV   60   10  0.2067E-11  0.2066E-11
CALSDV   11   11  0.6990E-11  0.6963E-11
CALSDV   12   11  0.7151E-11  0.7172E-11
CALSDV   13   11  0.4427E-11  0.4416E-11
CALSDV   14   11  0.3943E-11  0.3956E-11
CALSDV   15   11  0.3297E-11  0.3294E-11
CALSDV   16   11  0.2695E-11  0.2700E-11
CALSDV   17   11  0.2357E-11  0.2356E-11
CALSDV   18   11  0.2113E-11  0.2116E-11
CALSDV   19   11  0.1761E-11  0.1761E-11
CALSDV   20   11  0.1779E-11  0.1781E-11
CALSDV   21   11  0.1429E-11  0.1429E-11
CALSDV   22   11  0.1558E-11  0.1560E-11
CALSDV   23   11  0.1262E-11  0.1261E-11
CALSDV   24   11  0.1408E-11  0.1410E-11
CALSDV   25   11  0.1185E-11  0.1184E-11
CALSDV   26   11  0.1305E-11  0.1307E-11
CALSDV   27   11  0.1151E-11  0.1150E-11
CALSDV   28   11  0.1236E-11  0.1238E-11
CALSDV   29   11  0.1140E-11  0.1140E-11
CALSDV   30   11  0.1193E-11  0.1195E-11
CALSDV   31   11  0.1141E-11  0.1140E-11
CALSDV   32   11  0.1169E-11  0.1171E-11
CALSDV   33   11  0.1149E-11  0.1149E-11
CALSDV   34   11  0.1161E-11  0.1162E-11
CALSDV   35   11  0.1164E-11  0.1164E-11
CALSDV   36   11  0.1166E-11  0.1167E-11
CALSDV   37   11  0.1185E-11  0.1185E-11
CALSDV   38   11  0.1182E-11  0.1184E-11
CALSDV   39   11  0.1212E-11  0.1213E-11
CALSDV   40   11  0.1209E-11  0.1210E-11
CALSDV   41   11  0.1247E-11  0.1247E-11
CALSDV   42   11  0.1246E-11  0.1247E-11
CALSDV   43   11  0.1288E-11  0.1289E-11
CALSDV   44   11  0.1292E-11  0.1293E-11
CALSDV   45   11  0.1338E-11  0.1339E-11
CALSDV   46   11  0.1348E-11  0.1349E-11
CALSDV   47   11  0.1397E-11  0.1398E-11
CALSDV   48   11  0.1414E-11  0.1415E-11
CALSDV   49   11  0.1466E-11  0.1467E-11
CALSDV   50   11  0.1492E-11  0.1492E-11
CALSDV   51   11  0.1546E-11  0.1547E-11
CALSDV   52   11  0.1581E-11  0.1582E-11
CALSDV   53   11  0.1639E-11  0.1640E-11
CALSDV   54   11  0.1684E-11  0.1684E-11
CALSDV   55   11  0.1747E-11  0.1747E-11
CALSDV   56   11  0.1802E-11  0.1803E-11
CALSDV   57   11  0.1874E-11  0.1875E-11
CALSDV   58   11  0.1940E-11  0.1941E-11
CALSDV   59   11  0.2018E-11  0.2019E-11
CALSDV   60   11  0.2088E-11  0.2089E-11
CALSDV   12   12  0.6779E-11  0.6751E-11
CALSDV   13   12  0.5762E-11  0.5748E-11
CALSDV   14   12  0.3950E-11  0.3964E-11
CALSDV   15   12  0.2876E-11  0.2861E-11
CALSDV   16   12  0.3160E-11  0.3167E-11
CALSDV   17   12  0.2280E-11  0.2267E-11
CALSDV   18   12  0.2470E-11  0.2472E-11
CALSDV   19   12  0.2134E-11  0.2129E-11
CALSDV   20   12  0.2037E-11  0.2034E-11
CALSDV   21   12  0.2008E-11  0.2007E-11
CALSDV   22   12  0.1792E-11  0.1788E-11
CALSDV   23   12  0.1872E-11  0.1873E-11
CALSDV   24   12  0.1651E-11  0.1649E-11
CALSDV   25   12  0.1745E-11  0.1745E-11
CALSDV   26   12  0.1566E-11  0.1564E-11
CALSDV   27   12  0.1635E-11  0.1634E-11
CALSDV   28   12  0.1509E-11  0.1508E-11
CALSDV   29   12  0.1547E-11  0.1545E-11
CALSDV   30   12  0.1469E-11  0.1469E-11
CALSDV   31   12  0.1478E-11  0.1476E-11
CALSDV   32   12  0.1441E-11  0.1442E-11
CALSDV   33   12  0.1429E-11  0.1427E-11
CALSDV   34   12  0.1423E-11  0.1423E-11
CALSDV   35   12  0.1397E-11  0.1395E-11
CALSDV   36   12  0.1413E-11  0.1415E-11
CALSDV   37   12  0.1380E-11  0.1378E-11
CALSDV   38   12  0.1413E-11  0.1414E-11
CALSDV   39   12  0.1377E-11  0.1375E-11
CALSDV   40   12  0.1421E-11  0.1422E-11
CALSDV   41   12  0.1386E-11  0.1385E-11
CALSDV   42   12  0.1439E-11  0.1440E-11
CALSDV   43   12  0.1408E-11  0.1406E-11
CALSDV   44   12  0.1467E-11  0.1467E-11
CALSDV   45   12  0.1442E-11  0.1440E-11
CALSDV   46   12  0.1504E-11  0.1505E-11
CALSDV   47   12  0.1487E-11  0.1486E-11
CALSDV   48   12  0.1553E-11  0.1553E-11
CALSDV   49   12  0.1544E-11  0.1543E-11
CALSDV   50   12  0.1613E-11  0.1614E-11
CALSDV   51   12  0.1614E-11  0.1613E-11
CALSDV   52   12  0.1687E-11  0.1687E-11
CALSDV   53   12  0.1698E-11  0.1697E-11
CALSDV   54   12  0.1774E-11  0.1775E-11
CALSDV   55   12  0.1797E-11  0.1797E-11
CALSDV   56   12  0.1879E-11  0.1879E-11
CALSDV   57   12  0.1918E-11  0.1918E-11
CALSDV   58   12  0.2006E-11  0.2006E-11
CALSDV   59   12  0.2069E-11  0.2069E-11
CALSDV   60   12  0.2167E-11  0.2167E-11
CALSDV   13   13  0.5805E-11  0.5861E-11
CALSDV   14   13  0.5962E-11  0.6031E-11
CALSDV   15   13  0.4246E-11  0.4236E-11
CALSDV   16   13  0.3476E-11  0.3529E-11
CALSDV   17   13  0.3450E-11  0.3448E-11
CALSDV   18   13  0.2687E-11  0.2705E-11
CALSDV   19   13  0.2558E-11  0.2562E-11
CALSDV   20   13  0.2271E-11  0.2280E-11
CALSDV   21   13  0.1935E-11  0.1942E-11
CALSDV   22   13  0.1967E-11  0.1969E-11
CALSDV   23   13  0.1573E-11  0.1578E-11
CALSDV   24   13  0.1724E-11  0.1727E-11
CALSDV   25   13  0.1391E-11  0.1395E-11
CALSDV   26   13  0.1546E-11  0.1549E-11
CALSDV   27   13  0.1313E-11  0.1316E-11
CALSDV   28   13  0.1421E-11  0.1424E-11
CALSDV   29   13  0.1287E-11  0.1289E-11
CALSDV   30   13  0.1339E-11  0.1341E-11
CALSDV   31   13  0.1286E-11  0.1287E-11
CALSDV   32   13  0.1292E-11  0.1293E-11
CALSDV   33   13  0.1295E-11  0.1296E-11
CALSDV   34   13  0.1271E-11  0.1273E-11
CALSDV   35   13  0.1311E-11  0.1312E-11
CALSDV   36   13  0.1269E-11  0.1271E-11
CALSDV   37   13  0.1332E-11  0.1333E-11
CALSDV   38   13  0.1283E-11  0.1284E-11
CALSDV   39   13  0.1358E-11  0.1358E-11
CALSDV   40   13  0.1309E-11  0.1310E-11
CALSDV   41   13  0.1389E-11  0.1389E-11
CALSDV   42   13  0.1346E-11  0.1347E-11
CALSDV   43   13  0.1426E-11  0.1426E-11
CALSDV   44   13  0.1392E-11  0.1393E-11
CALSDV   45   13  0.1470E-11  0.1470E-11
CALSDV   46   13  0.1447E-11  0.1448E-11
CALSDV   47   13  0.1522E-11  0.1522E-11
CALSDV   48   13  0.1512E-11  0.1513E-11
CALSDV   49   13  0.1583E-11  0.1584E-11
CALSDV   50   13  0.1587E-11  0.1588E-11
CALSDV   51   13  0.1655E-11  0.1655E-11
CALSDV   52   13  0.1673E-11  0.1674E-11
CALSDV   53   13  0.1738E-11  0.1739E-11
CALSDV   54   13  0.1770E-11  0.1772E-11
CALSDV   55   13  0.1836E-11  0.1837E-11
CALSDV   56   13  0.1882E-11  0.1883E-11
CALSDV   57   13  0.1953E-11  0.1954E-11
CALSDV   58   13  0.2014E-11  0.2015E-11
CALSDV   59   13  0.2107E-11  0.2109E-11
CALSDV   60   13  0.2175E-11  0.2177E-11
CALSDV   14   14  0.4968E-11  0.4983E-11
CALSDV   15   14  0.6383E-11  0.6430E-11
CALSDV   16   14  0.3953E-11  0.3960E-11
CALSDV   17   14  0.3347E-11  0.3357E-11
CALSDV   18   14  0.3231E-11  0.3243E-11
CALSDV   19   14  0.2436E-11  0.2444E-11
CALSDV   20   14  0.2418E-11  0.2425E-11
CALSDV   21   14  0.2183E-11  0.2191E-11
CALSDV   22   14  0.1905E-11  0.1912E-11
CALSDV   23   14  0.2047E-11  0.2055E-11
CALSDV   24   14  0.1667E-11  0.1671E-11
CALSDV   25   14  0.1928E-11  0.1934E-11
CALSDV   26   14  0.1583E-11  0.1587E-11
CALSDV   27   14  0.1821E-11  0.1825E-11
CALSDV   28   14  0.1566E-11  0.1569E-11
CALSDV   29   14  0.1730E-11  0.1734E-11
CALSDV   30   14  0.1569E-11  0.1572E-11
CALSDV   31   14  0.1658E-11  0.1662E-11
CALSDV   32   14  0.1578E-11  0.1580E-11
CALSDV   33   14  0.1603E-11  0.1607E-11
CALSDV   34   14  0.1585E-11  0.1587E-11
CALSDV   35   14  0.1567E-11  0.1570E-11
CALSDV   36   14  0.1592E-11  0.1594E-11
CALSDV   37   14  0.1545E-11  0.1548E-11
CALSDV   38   14  0.1601E-11  0.1603E-11
CALSDV   39   14  0.1537E-11  0.1540E-11
CALSDV   40   14  0.1612E-11  0.1614E-11
CALSDV   41   14  0.1541E-11  0.1544E-11
CALSDV   42   14  0.1628E-11  0.1630E-11
CALSDV   43   14  0.1556E-11  0.1560E-11
CALSDV   44   14  0.1649E-11  0.1652E-11
CALSDV   45   14  0.1583E-11  0.1587E-11
CALSDV   46   14  0.1679E-11  0.1682E-11
CALSDV   47   14  0.1621E-11  0.1625E-11
CALSDV   48   14  0.1717E-11  0.1720E-11
CALSDV   49   14  0.1670E-11  0.1674E-11
CALSDV   50   14  0.1765E-11  0.1769E-11
CALSDV   51   14  0.1730E-11  0.1735E-11
CALSDV   52   14  0.1825E-11  0.1829E-11
CALSDV   53   14  0.1804E-11  0.1809E-11
CALSDV   54   14  0.1897E-11  0.1903E-11
CALSDV   55   14  0.1891E-11  0.1897E-11
CALSDV   56   14  0.1986E-11  0.1992E-11
CALSDV   57   14  0.2000E-11  0.2006E-11
CALSDV   58   14  0.2098E-11  0.2104E-11
CALSDV   59   14  0.2156E-11  0.2163E-11
CALSDV   60   14  0.2264E-11  0.2271E-11
CALSDV   15   15  0.6766E-11  0.6784E-11
CALSDV   16   15  0.5698E-11  0.5731E-11
CALSDV   17   15  0.4096E-11  0.4099E-11
CALSDV   18   15  0.3056E-11  0.3048E-11
CALSDV   19   15  0.3729E-11  0.3725E-11
CALSDV   20   15  0.2369E-11  0.2364E-11
CALSDV   21   15  0.3097E-11  0.3081E-11
CALSDV   22   15  0.2129E-11  0.2132E-11
CALSDV   23   15  0.2584E-11  0.2563E-11
CALSDV   24   15  0.1948E-11  0.1955E-11
CALSDV   25   15  0.2235E-11  0.2214E-11
CALSDV   26   15  0.1781E-11  0.1788E-11
CALSDV   27   15  0.2011E-11  0.1993E-11
CALSDV   28   15  0.1649E-11  0.1655E-11
CALSDV   29   15  0.1869E-11  0.1854E-11
CALSDV   30   15  0.1551E-11  0.1557E-11
CALSDV   31   15  0.1779E-11  0.1766E-11
CALSDV   32   15  0.1488E-11  0.1493E-11
CALSDV   33   15  0.1720E-11  0.1710E-11
CALSDV   34   15  0.1454E-11  0.1457E-11
CALSDV   35   15  0.1683E-11  0.1674E-11
CALSDV   36   15  0.1442E-11  0.1446E-11
CALSDV   37   15  0.1660E-11  0.1654E-11
CALSDV   38   15  0.1449E-11  0.1451E-11
CALSDV   39   15  0.1651E-11  0.1645E-11
CALSDV   40   15  0.1469E-11  0.1471E-11
CALSDV   41   15  0.1652E-11  0.1648E-11
CALSDV   42   15  0.1501E-11  0.1503E-11
CALSDV   43   15  0.1663E-11  0.1660E-11
CALSDV   44   15  0.1542E-11  0.1544E-11
CALSDV   45   15  0.1684E-11  0.1682E-11
CALSDV   46   15  0.1592E-11  0.1595E-11
CALSDV   47   15  0.1715E-11  0.1714E-11
CALSDV   48   15  0.1651E-11  0.1654E-11
CALSDV   49   15  0.1756E-11  0.1756E-11
CALSDV   50   15  0.1719E-11  0.1721E-11
CALSDV   51   15  0.1809E-11  0.1809E-11
CALSDV   52   15  0.1796E-11  0.1799E-11
CALSDV   53   15  0.1874E-11  0.1875E-11
CALSDV   54   15  0.1884E-11  0.1887E-11
CALSDV   55   15  0.1953E-11  0.1955E-11
CALSDV   56   15  0.1985E-11  0.1988E-11
CALSDV   57   15  0.2052E-11  0.2055E-11
CALSDV   58   15  0.2104E-11  0.2108E-11
CALSDV   59   15  0.2208E-11  0.2211E-11
CALSDV   60   15  0.2272E-11  0.2276E-11
CALSDV   16   16  0.4410E-11  0.4431E-11
CALSDV   17   16  0.6660E-11  0.6637E-11
CALSDV   18   16  0.4048E-11  0.4067E-11
CALSDV   19   16  0.3711E-11  0.3682E-11
CALSDV   20   16  0.3503E-11  0.3525E-11
CALSDV   21   16  0.2696E-11  0.2687E-11
CALSDV   22   16  0.2650E-11  0.2669E-11
CALSDV   23   16  0.2338E-11  0.2336E-11
CALSDV   24   16  0.2060E-11  0.2072E-11
CALSDV   25   16  0.2146E-11  0.2144E-11
CALSDV   26   16  0.1774E-11  0.1778E-11
CALSDV   27   16  0.2005E-11  0.2001E-11
CALSDV   28   16  0.1683E-11  0.1685E-11
CALSDV   29   16  0.1896E-11  0.1892E-11
CALSDV   30   16  0.1684E-11  0.1685E-11
CALSDV   31   16  0.1816E-11  0.1812E-11
CALSDV   32   16  0.1711E-11  0.1714E-11
CALSDV   33   16  0.1761E-11  0.1757E-11
CALSDV   34   16  0.1742E-11  0.1746E-11
CALSDV   35   16  0.1726E-11  0.1723E-11
CALSDV   36   16  0.1769E-11  0.1772E-11
CALSDV   37   16  0.1707E-11  0.1706E-11
CALSDV   38   16  0.1789E-11  0.1794E-11
CALSDV   39   16  0.1701E-11  0.1701E-11
CALSDV   40   16  0.1808E-11  0.1814E-11
CALSDV   41   16  0.1707E-11  0.1708E-11
CALSDV   42   16  0.1825E-11  0.1832E-11
CALSDV   43   16  0.1723E-11  0.1724E-11
CALSDV   44   16  0.1845E-11  0.1852E-11
CALSDV   45   16  0.1747E-11  0.1749E-11
CALSDV   46   16  0.1869E-11  0.1876E-11
CALSDV   47   16  0.1779E-11  0.1783E-11
CALSDV   48   16  0.1897E-11  0.1905E-11
CALSDV   49   16  0.1821E-11  0.1825E-11
CALSDV   50   16  0.1934E-11  0.1942E-11
CALSDV   51   16  0.1871E-11  0.1877E-11
CALSDV   52   16  0.1980E-11  0.1989E-11
CALSDV   53   16  0.1933E-11  0.1940E-11
CALSDV   54   16  0.2037E-11  0.2047E-11
CALSDV   55   16  0.2007E-11  0.2014E-11
CALSDV   56   16  0.2108E-11  0.2118E-11
CALSDV   57   16  0.2099E-11  0.2108E-11
CALSDV   58   16  0.2201E-11  0.2212E-11
CALSDV   59   16  0.2254E-11  0.2264E-11
CALSDV   60   16  0.2364E-11  0.2376E-11
CALSDV   17   17  0.4408E-11  0.4386E-11
CALSDV   18   17  0.4965E-11  0.5000E-11
CALSDV   19   17  0.3892E-11  0.3895E-11
CALSDV   20   17  0.2817E-11  0.2828E-11
CALSDV   21   17  0.3440E-11  0.3444E-11
CALSDV   22   17  0.2583E-11  0.2589E-11
CALSDV   23   17  0.2691E-11  0.2695E-11
CALSDV   24   17  0.2453E-11  0.2457E-11
CALSDV   25   17  0.2150E-11  0.2146E-11
CALSDV   26   17  0.2235E-11  0.2238E-11
CALSDV   27   17  0.1847E-11  0.1837E-11
CALSDV   28   17  0.1995E-11  0.1997E-11
CALSDV   29   17  0.1705E-11  0.1695E-11
CALSDV   30   17  0.1794E-11  0.1793E-11
CALSDV   31   17  0.1653E-11  0.1644E-11
CALSDV   32   17  0.1649E-11  0.1646E-11
CALSDV   33   17  0.1642E-11  0.1634E-11
CALSDV   34   17  0.1562E-11  0.1558E-11
CALSDV   35   17  0.1649E-11  0.1642E-11
CALSDV   36   17  0.1523E-11  0.1519E-11
CALSDV   37   17  0.1664E-11  0.1658E-11
CALSDV   38   17  0.1523E-11  0.1519E-11
CALSDV   39   17  0.1683E-11  0.1678E-11
CALSDV   40   17  0.1547E-11  0.1543E-11
CALSDV   41   17  0.1707E-11  0.1703E-11
CALSDV   42   17  0.1588E-11  0.1586E-11
CALSDV   43   17  0.1735E-11  0.1733E-11
CALSDV   44   17  0.1641E-11  0.1639E-11
CALSDV   45   17  0.1769E-11  0.1767E-11
CALSDV   46   17  0.1701E-11  0.1700E-11
CALSDV   47   17  0.1809E-11  0.1808E-11
CALSDV   48   17  0.1767E-11  0.1766E-11
CALSDV   49   17  0.1855E-11  0.1855E-11
CALSDV   50   17  0.1839E-11  0.1839E-11
CALSDV   51   17  0.1909E-11  0.1910E-11
CALSDV   52   17  0.1917E-11  0.1917E-11
CALSDV   53   17  0.1973E-11  0.1974E-11
CALSDV   54   17  0.2002E-11  0.2002E-11
CALSDV   55   17  0.2047E-11  0.2048E-11
CALSDV   56   17  0.2095E-11  0.2096E-11
CALSDV   57   17  0.2137E-11  0.2139E-11
CALSDV   58   17  0.2204E-11  0.2204E-11
CALSDV   59   17  0.2291E-11  0.2292E-11
CALSDV   60   17  0.2372E-11  0.2373E-11
CALSDV   18   18  0.4734E-11  0.4739E-11
CALSDV   19   18  0.5190E-11  0.5187E-11
CALSDV   20   18  0.4266E-11  0.4255E-11
CALSDV   21   18  0.2777E-11  0.2783E-11
CALSDV   22   18  0.3637E-11  0.3629E-11
CALSDV   23   18  0.2445E-11  0.2450E-11
CALSDV   24   18  0.2694E-11  0.2689E-11
CALSDV   25   18  0.2360E-11  0.2364E-11
CALSDV   26   18  0.2052E-11  0.2049E-11
CALSDV   27   18  0.2212E-11  0.2215E-11
CALSDV   28   18  0.1782E-11  0.1780E-11
CALSDV   29   18  0.2045E-11  0.2046E-11
CALSDV   30   18  0.1751E-11  0.1748E-11
CALSDV   31   18  0.1906E-11  0.1907E-11
CALSDV   32   18  0.1813E-11  0.1812E-11
CALSDV   33   18  0.1812E-11  0.1811E-11
CALSDV   34   18  0.1889E-11  0.1887E-11
CALSDV   35   18  0.1762E-11  0.1761E-11
CALSDV   36   18  0.1953E-11  0.1952E-11
CALSDV   37   18  0.1745E-11  0.1744E-11
CALSDV   38   18  0.2001E-11  0.2000E-11
CALSDV   39   18  0.1754E-11  0.1752E-11
CALSDV   40   18  0.2034E-11  0.2033E-11
CALSDV   41   18  0.1777E-11  0.1776E-11
CALSDV   42   18  0.2058E-11  0.2057E-11
CALSDV   43   18  0.1812E-11  0.1809E-11
CALSDV   44   18  0.2076E-11  0.2076E-11
CALSDV   45   18  0.1852E-11  0.1850E-11
CALSDV   46   18  0.2094E-11  0.2094E-11
CALSDV   47   18  0.1897E-11  0.1896E-11
CALSDV   48   18  0.2113E-11  0.2112E-11
CALSDV   49   18  0.1946E-11  0.1945E-11
CALSDV   50   18  0.2136E-11  0.2136E-11
CALSDV   51   18  0.2000E-11  0.1999E-11
CALSDV   52   18  0.2165E-11  0.2165E-11
CALSDV   53   18  0.2060E-11  0.2059E-11
CALSDV   54   18  0.2204E-11  0.2204E-11
CALSDV   55   18  0.2125E-11  0.2125E-11
CALSDV   56   18  0.2254E-11  0.2254E-11
CALSDV   57   18  0.2206E-11  0.2205E-11
CALSDV   58   18  0.2324E-11  0.2324E-11
CALSDV   59   18  0.2354E-11  0.2354E-11
CALSDV   60   18  0.2475E-11  0.2475E-11
CALSDV   19   19  0.3901E-11  0.3901E-11
CALSDV   20   19  0.4728E-11  0.4748E-11
CALSDV   21   19  0.3877E-11  0.3896E-11
CALSDV   22   19  0.2716E-11  0.2710E-11
CALSDV   23   19  0.3400E-11  0.3411E-11
CALSDV   24   19  0.2790E-11  0.2775E-11
CALSDV   25   19  0.2655E-11  0.2654E-11
CALSDV   26   19  0.2797E-11  0.2783E-11
CALSDV   27   19  0.2138E-11  0.2133E-11
CALSDV   28   19  0.2617E-11  0.2604E-11
CALSDV   29   19  0.1872E-11  0.1867E-11
CALSDV   30   19  0.2372E-11  0.2359E-11
CALSDV   31   19  0.1761E-11  0.1759E-11
CALSDV   32   19  0.2148E-11  0.2135E-11
CALSDV   33   19  0.1730E-11  0.1731E-11
CALSDV   34   19  0.1977E-11  0.1965E-11
CALSDV   35   19  0.1732E-11  0.1733E-11
CALSDV   36   19  0.1867E-11  0.1858E-11
CALSDV   37   19  0.1747E-11  0.1750E-11
CALSDV   38   19  0.1813E-11  0.1806E-11
CALSDV   39   19  0.1770E-11  0.1773E-11
CALSDV   40   19  0.1801E-11  0.1798E-11
CALSDV   41   19  0.1799E-11  0.1800E-11
CALSDV   42   19  0.1822E-11  0.1814E-11
CALSDV   43   19  0.1832E-11  0.1834E-11
CALSDV   44   19  0.1856E-11  0.1857E-11
CALSDV   45   19  0.1871E-11  0.1872E-11
CALSDV   46   19  0.1907E-11  0.1906E-11
CALSDV   47   19  0.1915E-11  0.1917E-11
CALSDV   48   19  0.1964E-11  0.1963E-11
CALSDV   49   19  0.1965E-11  0.1967E-11
CALSDV   50   19  0.2025E-11  0.2028E-11
CALSDV   51   19  0.2021E-11  0.2023E-11
CALSDV   52   19  0.2092E-11  0.2093E-11
CALSDV   53   19  0.2083E-11  0.2085E-11
CALSDV   54   19  0.2162E-11  0.2165E-11
CALSDV   55   19  0.2151E-11  0.2154E-11
CALSDV   56   19  0.2238E-11  0.2241E-11
CALSDV   57   19  0.2232E-11  0.2234E-11
CALSDV   58   19  0.2326E-11  0.2328E-11
CALSDV   59   19  0.2378E-11  0.2379E-11
CALSDV   60   19  0.2484E-11  0.2485E-11
CALSDV   20   20  0.4564E-11  0.4559E-11
CALSDV   21   20  0.4883E-11  0.4884E-11
CALSDV   22   20  0.4380E-11  0.4375E-11
CALSDV   23   20  0.2618E-11  0.2616E-11
CALSDV   24   20  0.3788E-11  0.3789E-11
CALSDV   25   20  0.2531E-11  0.2529E-11
CALSDV   26   20  0.2834E-11  0.2834E-11
CALSDV   27   20  0.2508E-11  0.2508E-11
CALSDV   28   20  0.2169E-11  0.2171E-11
CALSDV   29   20  0.2338E-11  0.2341E-11
CALSDV   30   20  0.1889E-11  0.1889E-11
CALSDV   31   20  0.2130E-11  0.2135E-11
CALSDV   32   20  0.1861E-11  0.1859E-11
CALSDV   33   20  0.1962E-11  0.1967E-11
CALSDV   34   20  0.1934E-11  0.1932E-11
CALSDV   35   20  0.1860E-11  0.1866E-11
CALSDV   36   20  0.2022E-11  0.2021E-11
CALSDV   37   20  0.1822E-11  0.1827E-11
CALSDV   38   20  0.2097E-11  0.2097E-11
CALSDV   39   20  0.1830E-11  0.1835E-11
CALSDV   40   20  0.2154E-11  0.2155E-11
CALSDV   41   20  0.1868E-11  0.1872E-11
CALSDV   42   20  0.2196E-11  0.2196E-11
CALSDV   43   20  0.1920E-11  0.1923E-11
CALSDV   44   20  0.2226E-11  0.2228E-11
CALSDV   45   20  0.1977E-11  0.1981E-11
CALSDV   46   20  0.2251E-11  0.2252E-11
CALSDV   47   20  0.2037E-11  0.2039E-11
CALSDV   48   20  0.2273E-11  0.2274E-11
CALSDV   49   20  0.2096E-11  0.2097E-11
CALSDV   50   20  0.2294E-11  0.2296E-11
CALSDV   51   20  0.2151E-11  0.2154E-11
CALSDV   52   20  0.2319E-11  0.2320E-11
CALSDV   53   20  0.2207E-11  0.2209E-11
CALSDV   54   20  0.2348E-11  0.2350E-11
CALSDV   55   20  0.2263E-11  0.2264E-11
CALSDV   56   20  0.2385E-11  0.2387E-11
CALSDV   57   20  0.2325E-11  0.2327E-11
CALSDV   58   20  0.2437E-11  0.2438E-11
CALSDV   59   20  0.2460E-11  0.2461E-11
CALSDV   60   20  0.2572E-11  0.2574E-11
CALSDV   21   21  0.3895E-11  0.3892E-11
CALSDV   22   21  0.4717E-11  0.4694E-11
CALSDV   23   21  0.3932E-11  0.3927E-11
CALSDV   24   21  0.2565E-11  0.2556E-11
CALSDV   25   21  0.3402E-11  0.3400E-11
CALSDV   26   21  0.2825E-11  0.2819E-11
CALSDV   27   21  0.2664E-11  0.2665E-11
CALSDV   28   21  0.2956E-11  0.2957E-11
CALSDV   29   21  0.2208E-11  0.2209E-11
CALSDV   30   21  0.2832E-11  0.2834E-11
CALSDV   31   21  0.2013E-11  0.2016E-11
CALSDV   32   21  0.2612E-11  0.2614E-11
CALSDV   33   21  0.1952E-11  0.1955E-11
CALSDV   34   21  0.2396E-11  0.2398E-11
CALSDV   35   21  0.1946E-11  0.1947E-11
CALSDV   36   21  0.2231E-11  0.2231E-11
CALSDV   37   21  0.1955E-11  0.1955E-11
CALSDV   38   21  0.2128E-11  0.2128E-11
CALSDV   39   21  0.1968E-11  0.1969E-11
CALSDV   40   21  0.2079E-11  0.2080E-11
CALSDV   41   21  0.1987E-11  0.1988E-11
CALSDV   42   21  0.2073E-11  0.2074E-11
CALSDV   43   21  0.2011E-11  0.2012E-11
CALSDV   44   21  0.2094E-11  0.2096E-11
CALSDV   45   21  0.2042E-11  0.2043E-11
CALSDV   46   21  0.2133E-11  0.2134E-11
CALSDV   47   21  0.2080E-11  0.2081E-11
CALSDV   48   21  0.2180E-11  0.2182E-11
CALSDV   49   21  0.2125E-11  0.2125E-11
CALSDV   50   21  0.2233E-11  0.2234E-11
CALSDV   51   21  0.2173E-11  0.2174E-11
CALSDV   52   21  0.2287E-11  0.2287E-11
CALSDV   53   21  0.2227E-11  0.2227E-11
CALSDV   54   21  0.2342E-11  0.2343E-11
CALSDV   55   21  0.2284E-11  0.2284E-11
CALSDV   56   21  0.2399E-11  0.2399E-11
CALSDV   57   21  0.2349E-11  0.2349E-11
CALSDV   58   21  0.2462E-11  0.2463E-11
CALSDV   59   21  0.2480E-11  0.2480E-11
CALSDV   60   21  0.2601E-11  0.2601E-11
CALSDV   22   22  0.3905E-11  0.3891E-11
CALSDV   23   22  0.4796E-11  0.4792E-11
CALSDV   24   22  0.4362E-11  0.4362E-11
CALSDV   25   22  0.2559E-11  0.2560E-11
CALSDV   26   22  0.3831E-11  0.3837E-11
CALSDV   27   22  0.2651E-11  0.2656E-11
CALSDV   28   22  0.2902E-11  0.2902E-11
CALSDV   29   22  0.2674E-11  0.2679E-11
CALSDV   30   22  0.2257E-11  0.2262E-11
CALSDV   31   22  0.2480E-11  0.2486E-11
CALSDV   32   22  0.1993E-11  0.1999E-11
CALSDV   33   22  0.2229E-11  0.2237E-11
CALSDV   34   22  0.1970E-11  0.1975E-11
CALSDV   35   22  0.2029E-11  0.2037E-11
CALSDV   36   22  0.2044E-11  0.2047E-11
CALSDV   37   22  0.1919E-11  0.1927E-11
CALSDV   38   22  0.2133E-11  0.2135E-11
CALSDV   39   22  0.1896E-11  0.1903E-11
CALSDV   40   22  0.2210E-11  0.2212E-11
CALSDV   41   22  0.1933E-11  0.1939E-11
CALSDV   42   22  0.2272E-11  0.2274E-11
CALSDV   43   22  0.2003E-11  0.2008E-11
CALSDV   44   22  0.2321E-11  0.2322E-11
CALSDV   45   22  0.2084E-11  0.2088E-11
CALSDV   46   22  0.2360E-11  0.2362E-11
CALSDV   47   22  0.2165E-11  0.2168E-11
CALSDV   48   22  0.2393E-11  0.2394E-11
CALSDV   49   22  0.2240E-11  0.2242E-11
CALSDV   50   22  0.2424E-11  0.2424E-11
CALSDV   51   22  0.2306E-11  0.2307E-11
CALSDV   52   22  0.2452E-11  0.2453E-11
CALSDV   53   22  0.2362E-11  0.2363E-11
CALSDV   54   22  0.2481E-11  0.2482E-11
CALSDV   55   22  0.2409E-11  0.2411E-11
CALSDV   56   22  0.2512E-11  0.2512E-11
CALSDV   57   22  0.2455E-11  0.2457E-11
CALSDV   58   22  0.2550E-11  0.2551E-11
CALSDV   59   22  0.2570E-11  0.2571E-11
CALSDV   60   22  0.2668E-11  0.2670E-11
CALSDV   23   23  0.3830E-11  0.3813E-11
CALSDV   24   23  0.4750E-11  0.4767E-11
CALSDV   25   23  0.3942E-11  0.3977E-11
CALSDV   26   23  0.2443E-11  0.2451E-11
CALSDV   27   23  0.3384E-11  0.3396E-11
CALSDV   28   23  0.2787E-11  0.2806E-11
CALSDV   29   23  0.2655E-11  0.2665E-11
CALSDV   30   23  0.2971E-11  0.2982E-11
CALSDV   31   23  0.2258E-11  0.2267E-11
CALSDV   32   23  0.2851E-11  0.2853E-11
CALSDV   33   23  0.2130E-11  0.2142E-11
CALSDV   34   23  0.2616E-11  0.2616E-11
CALSDV   35   23  0.2114E-11  0.2121E-11
CALSDV   36   23  0.2389E-11  0.2389E-11
CALSDV   37   23  0.2125E-11  0.2132E-11
CALSDV   38   23  0.2228E-11  0.2228E-11
CALSDV   39   23  0.2138E-11  0.2145E-11
CALSDV   40   23  0.2145E-11  0.2146E-11
CALSDV   41   23  0.2151E-11  0.2158E-11
CALSDV   42   23  0.2128E-11  0.2129E-11
CALSDV   43   23  0.2168E-11  0.2176E-11
CALSDV   44   23  0.2157E-11  0.2157E-11
CALSDV   45   23  0.2192E-11  0.2203E-11
CALSDV   46   23  0.2211E-11  0.2213E-11
CALSDV   47   23  0.2227E-11  0.2236E-11
CALSDV   48   23  0.2277E-11  0.2280E-11
CALSDV   49   23  0.2268E-11  0.2278E-11
CALSDV   50   23  0.2346E-11  0.2351E-11
CALSDV   51   23  0.2314E-11  0.2324E-11
CALSDV   52   23  0.2412E-11  0.2417E-11
CALSDV   53   23  0.2364E-11  0.2375E-11
CALSDV   54   23  0.2472E-11  0.2479E-11
CALSDV   55   23  0.2413E-11  0.2424E-11
CALSDV   56   23  0.2525E-11  0.2535E-11
CALSDV   57   23  0.2465E-11  0.2475E-11
CALSDV   58   23  0.2577E-11  0.2586E-11
CALSDV   59   23  0.2574E-11  0.2591E-11
CALSDV   60   23  0.2694E-11  0.2711E-11
CALSDV   24   24  0.3764E-11  0.3762E-11
CALSDV   25   24  0.4842E-11  0.4831E-11
CALSDV   26   24  0.4413E-11  0.4419E-11
CALSDV   27   24  0.2597E-11  0.2595E-11
CALSDV   28   24  0.3873E-11  0.3870E-11
CALSDV   29   24  0.2824E-11  0.2828E-11
CALSDV   30   24  0.2959E-11  0.2956E-11
CALSDV   31   24  0.2876E-11  0.2878E-11
CALSDV   32   24  0.2365E-11  0.2360E-11
CALSDV   33   24  0.2651E-11  0.2655E-11
CALSDV   34   24  0.2138E-11  0.2137E-11
CALSDV   35   24  0.2357E-11  0.2362E-11
CALSDV   36   24  0.2123E-11  0.2125E-11
CALSDV   37   24  0.2128E-11  0.2130E-11
CALSDV   38   24  0.2189E-11  0.2190E-11
CALSDV   39   24  0.2014E-11  0.2016E-11
CALSDV   40   24  0.2266E-11  0.2266E-11
CALSDV   41   24  0.2009E-11  0.2010E-11
CALSDV   42   24  0.2335E-11  0.2336E-11
CALSDV   43   24  0.2075E-11  0.2077E-11
CALSDV   44   24  0.2395E-11  0.2395E-11
CALSDV   45   24  0.2175E-11  0.2177E-11
CALSDV   46   24  0.2447E-11  0.2447E-11
CALSDV   47   24  0.2281E-11  0.2283E-11
CALSDV   48   24  0.2493E-11  0.2493E-11
CALSDV   49   24  0.2378E-11  0.2380E-11
CALSDV   50   24  0.2535E-11  0.2536E-11
CALSDV   51   24  0.2459E-11  0.2461E-11
CALSDV   52   24  0.2574E-11  0.2574E-11
CALSDV   53   24  0.2521E-11  0.2523E-11
CALSDV   54   24  0.2608E-11  0.2609E-11
CALSDV   55   24  0.2564E-11  0.2566E-11
CALSDV   56   24  0.2638E-11  0.2639E-11
CALSDV   57   24  0.2593E-11  0.2595E-11
CALSDV   58   24  0.2666E-11  0.2668E-11
CALSDV   59   24  0.2684E-11  0.2685E-11
CALSDV   60   24  0.2767E-11  0.2768E-11
CALSDV   25   25  0.3893E-11  0.3897E-11
CALSDV   26   25  0.4953E-11  0.4958E-11
CALSDV   27   25  0.4270E-11  0.4259E-11
CALSDV   28   25  0.2551E-11  0.2546E-11
CALSDV   29   25  0.3583E-11  0.3574E-11
CALSDV   30   25  0.2926E-11  0.2924E-11
CALSDV   31   25  0.2739E-11  0.2733E-11
CALSDV   32   25  0.3126E-11  0.3124E-11
CALSDV   33   25  0.2368E-11  0.2364E-11
CALSDV   34   25  0.3007E-11  0.3006E-11
CALSDV   35   25  0.2367E-11  0.2366E-11
CALSDV   36   25  0.2782E-11  0.2780E-11
CALSDV   37   25  0.2475E-11  0.2478E-11
CALSDV   38   25  0.2581E-11  0.2577E-11
CALSDV   39   25  0.2579E-11  0.2582E-11
CALSDV   40   25  0.2457E-11  0.2452E-11
CALSDV   41   25  0.2648E-11  0.2647E-11
CALSDV   42   25  0.2414E-11  0.2409E-11
CALSDV   43   25  0.2684E-11  0.2680E-11
CALSDV   44   25  0.2430E-11  0.2427E-11
CALSDV   45   25  0.2700E-11  0.2693E-11
CALSDV   46   25  0.2481E-11  0.2478E-11
CALSDV   47   25  0.2705E-11  0.2696E-11
CALSDV   48   25  0.2545E-11  0.2543E-11
CALSDV   49   25  0.2704E-11  0.2695E-11
CALSDV   50   25  0.2609E-11  0.2608E-11
CALSDV   51   25  0.2700E-11  0.2693E-11
CALSDV   52   25  0.2665E-11  0.2665E-11
CALSDV   53   25  0.2696E-11  0.2689E-11
CALSDV   54   25  0.2709E-11  0.2708E-11
CALSDV   55   25  0.2688E-11  0.2684E-11
CALSDV   56   25  0.2737E-11  0.2737E-11
CALSDV   57   25  0.2679E-11  0.2677E-11
CALSDV   58   25  0.2755E-11  0.2755E-11
CALSDV   59   25  0.2740E-11  0.2739E-11
CALSDV   60   25  0.2839E-11  0.2839E-11
CALSDV   26   26  0.3941E-11  0.3929E-11
CALSDV   27   26  0.5051E-11  0.5057E-11
CALSDV   28   26  0.4539E-11  0.4530E-11
CALSDV   29   26  0.2835E-11  0.2846E-11
CALSDV   30   26  0.3940E-11  0.3932E-11
CALSDV   31   26  0.3137E-11  0.3142E-11
CALSDV   32   26  0.3046E-11  0.3042E-11
CALSDV   33   26  0.3185E-11  0.3187E-11
CALSDV   34   26  0.2515E-11  0.2515E-11
CALSDV   35   26  0.2921E-11  0.2921E-11
CALSDV   36   26  0.2338E-11  0.2339E-11
CALSDV   37   26  0.2582E-11  0.2580E-11
CALSDV   38   26  0.2333E-11  0.2334E-11
CALSDV   39   26  0.2320E-11  0.2318E-11
CALSDV   40   26  0.2382E-11  0.2382E-11
CALSDV   41   26  0.2197E-11  0.2196E-11
CALSDV   42   26  0.2439E-11  0.2438E-11
CALSDV   43   26  0.2204E-11  0.2203E-11
CALSDV   44   26  0.2493E-11  0.2492E-11
CALSDV   45   26  0.2289E-11  0.2290E-11
CALSDV   46   26  0.2545E-11  0.2544E-11
CALSDV   47   26  0.2407E-11  0.2408E-11
CALSDV   48   26  0.2598E-11  0.2595E-11
CALSDV   49   26  0.2523E-11  0.2523E-11
CALSDV   50   26  0.2650E-11  0.2647E-11
CALSDV   51   26  0.2620E-11  0.2621E-11
CALSDV   52   26  0.2697E-11  0.2696E-11
CALSDV   53   26  0.2691E-11  0.2692E-11
CALSDV   54   26  0.2740E-11  0.2739E-11
CALSDV   55   26  0.2731E-11  0.2731E-11
CALSDV   56   26  0.2772E-11  0.2771E-11
CALSDV   57   26  0.2744E-11  0.2744E-11
CALSDV   58   26  0.2792E-11  0.2792E-11
CALSDV   59   26  0.2804E-11  0.2805E-11
CALSDV   60   26  0.2871E-11  0.2872E-11
CALSDV   27   27  0.3903E-11  0.3893E-11
CALSDV   28   27  0.5173E-11  0.5193E-11
CALSDV   29   27  0.4737E-11  0.4740E-11
CALSDV   30   27  0.2718E-11  0.2750E-11
CALSDV   31   27  0.3951E-11  0.3963E-11
CALSDV   32   27  0.3094E-11  0.3116E-11
CALSDV   33   27  0.2920E-11  0.2928E-11
CALSDV   34   27  0.3265E-11  0.3274E-11
CALSDV   35   27  0.2482E-11  0.2484E-11
CALSDV   36   27  0.3105E-11  0.3110E-11
CALSDV   37   27  0.2557E-11  0.2554E-11
CALSDV   38   27  0.2857E-11  0.2859E-11
CALSDV   39   27  0.2782E-11  0.2777E-11
CALSDV   40   27  0.2663E-11  0.2664E-11
CALSDV   41   27  0.2979E-11  0.2973E-11
CALSDV   42   27  0.2575E-11  0.2576E-11
CALSDV   43   27  0.3106E-11  0.3101E-11
CALSDV   44   27  0.2581E-11  0.2583E-11
CALSDV   45   27  0.3169E-11  0.3164E-11
CALSDV   46   27  0.2644E-11  0.2648E-11
CALSDV   47   27  0.3184E-11  0.3181E-11
CALSDV   48   27  0.2731E-11  0.2734E-11
CALSDV   49   27  0.3167E-11  0.3165E-11
CALSDV   50   27  0.2814E-11  0.2818E-11
CALSDV   51   27  0.3127E-11  0.3125E-11
CALSDV   52   27  0.2881E-11  0.2885E-11
CALSDV   53   27  0.3071E-11  0.3070E-11
CALSDV   54   27  0.2924E-11  0.2928E-11
CALSDV   55   27  0.3001E-11  0.3001E-11
CALSDV   56   27  0.2939E-11  0.2943E-11
CALSDV   57   27  0.2923E-11  0.2924E-11
CALSDV   58   27  0.2930E-11  0.2933E-11
CALSDV   59   27  0.2914E-11  0.2916E-11
CALSDV   60   27  0.2975E-11  0.2978E-11
CALSDV   28   28  0.4074E-11  0.4104E-11
CALSDV   29   28  0.5188E-11  0.5207E-11
CALSDV   30   28  0.4686E-11  0.4687E-11
CALSDV   31   28  0.2932E-11  0.2931E-11
CALSDV   32   28  0.4015E-11  0.4018E-11
CALSDV   33   28  0.3341E-11  0.3330E-11
CALSDV   34   28  0.3140E-11  0.3142E-11
CALSDV   35   28  0.3408E-11  0.3398E-11
CALSDV   36   28  0.2684E-11  0.2686E-11
CALSDV   37   28  0.3122E-11  0.3112E-11
CALSDV   38   28  0.2563E-11  0.2566E-11
CALSDV   39   28  0.2755E-11  0.2745E-11
CALSDV   40   28  0.2572E-11  0.2572E-11
CALSDV   41   28  0.2486E-11  0.2475E-11
CALSDV   42   28  0.2607E-11  0.2608E-11
CALSDV   43   28  0.2378E-11  0.2369E-11
CALSDV   44   28  0.2644E-11  0.2644E-11
CALSDV   45   28  0.2413E-11  0.2405E-11
CALSDV   46   28  0.2682E-11  0.2682E-11
CALSDV   47   28  0.2525E-11  0.2518E-11
CALSDV   48   28  0.2727E-11  0.2726E-11
CALSDV   49   28  0.2658E-11  0.2653E-11
CALSDV   50   28  0.2778E-11  0.2778E-11
CALSDV   51   28  0.2776E-11  0.2772E-11
CALSDV   52   28  0.2832E-11  0.2832E-11
CALSDV   53   28  0.2861E-11  0.2859E-11
CALSDV   54   28  0.2880E-11  0.2880E-11
CALSDV   55   28  0.2903E-11  0.2902E-11
CALSDV   56   28  0.2914E-11  0.2914E-11
CALSDV   57   28  0.2901E-11  0.2901E-11
CALSDV   58   28  0.2928E-11  0.2927E-11
CALSDV   59   28  0.2929E-11  0.2928E-11
CALSDV   60   28  0.2984E-11  0.2983E-11
CALSDV   29   29  0.3758E-11  0.3750E-11
CALSDV   30   29  0.5485E-11  0.5485E-11
CALSDV   31   29  0.4985E-11  0.4971E-11
CALSDV   32   29  0.3084E-11  0.3084E-11
CALSDV   33   29  0.4197E-11  0.4180E-11
CALSDV   34   29  0.3426E-11  0.3424E-11
CALSDV   35   29  0.3126E-11  0.3116E-11
CALSDV   36   29  0.3519E-11  0.3515E-11
CALSDV   37   29  0.2643E-11  0.2638E-11
CALSDV   38   29  0.3289E-11  0.3288E-11
CALSDV   39   29  0.2676E-11  0.2674E-11
CALSDV   40   29  0.3003E-11  0.3004E-11
CALSDV   41   29  0.2874E-11  0.2871E-11
CALSDV   42   29  0.2819E-11  0.2819E-11
CALSDV   43   29  0.3055E-11  0.3049E-11
CALSDV   44   29  0.2773E-11  0.2773E-11
CALSDV   45   29  0.3175E-11  0.3167E-11
CALSDV   46   29  0.2832E-11  0.2832E-11
CALSDV   47   29  0.3238E-11  0.3229E-11
CALSDV   48   29  0.2937E-11  0.2936E-11
CALSDV   49   29  0.3258E-11  0.3250E-11
CALSDV   50   29  0.3046E-11  0.3045E-11
CALSDV   51   29  0.3246E-11  0.3239E-11
CALSDV   52   29  0.3129E-11  0.3128E-11
CALSDV   53   29  0.3209E-11  0.3204E-11
CALSDV   54   29  0.3175E-11  0.3175E-11
CALSDV   55   29  0.3147E-11  0.3144E-11
CALSDV   56   29  0.3176E-11  0.3177E-11
CALSDV   57   29  0.3064E-11  0.3061E-11
CALSDV   58   29  0.3134E-11  0.3134E-11
CALSDV   59   29  0.3027E-11  0.3026E-11
CALSDV   60   29  0.3129E-11  0.3129E-11
CALSDV   30   30  0.4979E-11  0.4906E-11
CALSDV   31   30  0.5496E-11  0.5397E-11
CALSDV   32   30  0.5079E-11  0.5019E-11
CALSDV   33   30  0.3050E-11  0.3054E-11
CALSDV   34   30  0.4231E-11  0.4173E-11
CALSDV   35   30  0.3517E-11  0.3512E-11
CALSDV   36   30  0.3345E-11  0.3347E-11
CALSDV   37   30  0.3614E-11  0.3585E-11
CALSDV   38   30  0.3017E-11  0.3048E-11
CALSDV   39   30  0.3332E-11  0.3299E-11
CALSDV   40   30  0.3028E-11  0.3058E-11
CALSDV   41   30  0.2972E-11  0.2946E-11
CALSDV   42   30  0.3106E-11  0.3124E-11
CALSDV   43   30  0.2725E-11  0.2709E-11
CALSDV   44   30  0.3157E-11  0.3165E-11
CALSDV   45   30  0.2648E-11  0.2644E-11
CALSDV   46   30  0.3173E-11  0.3178E-11
CALSDV   47   30  0.2710E-11  0.2713E-11
CALSDV   48   30  0.3173E-11  0.3176E-11
CALSDV   49   30  0.2834E-11  0.2841E-11
CALSDV   50   30  0.3170E-11  0.3175E-11
CALSDV   51   30  0.2961E-11  0.2968E-11
CALSDV   52   30  0.3171E-11  0.3176E-11
CALSDV   53   30  0.3054E-11  0.3062E-11
CALSDV   54   30  0.3172E-11  0.3178E-11
CALSDV   55   30  0.3095E-11  0.3102E-11
CALSDV   56   30  0.3161E-11  0.3167E-11
CALSDV   57   30  0.3076E-11  0.3082E-11
CALSDV   58   30  0.3128E-11  0.3134E-11
CALSDV   59   30  0.3065E-11  0.3067E-11
CALSDV   60   30  0.3132E-11  0.3134E-11
CALSDV   31   31  0.4280E-11  0.4232E-11
CALSDV   32   31  0.6048E-11  0.6042E-11
CALSDV   33   31  0.5144E-11  0.5157E-11
CALSDV   34   31  0.3765E-11  0.3774E-11
CALSDV   35   31  0.4532E-11  0.4526E-11
CALSDV   36   31  0.3977E-11  0.3985E-11
CALSDV   37   31  0.3561E-11  0.3551E-11
CALSDV   38   31  0.3920E-11  0.3925E-11
CALSDV   39   31  0.3031E-11  0.3024E-11
CALSDV   40   31  0.3572E-11  0.3574E-11
CALSDV   41   31  0.2903E-11  0.2901E-11
CALSDV   42   31  0.3218E-11  0.3223E-11
CALSDV   43   31  0.2946E-11  0.2947E-11
CALSDV   44   31  0.3029E-11  0.3036E-11
CALSDV   45   31  0.3024E-11  0.3026E-11
CALSDV   46   31  0.3021E-11  0.3031E-11
CALSDV   47   31  0.3094E-11  0.3095E-11
CALSDV   48   31  0.3129E-11  0.3138E-11
CALSDV   49   31  0.3149E-11  0.3150E-11
CALSDV   50   31  0.3269E-11  0.3274E-11
CALSDV   51   31  0.3189E-11  0.3188E-11
CALSDV   52   31  0.3385E-11  0.3387E-11
CALSDV   53   31  0.3208E-11  0.3208E-11
CALSDV   54   31  0.3447E-11  0.3448E-11
CALSDV   55   31  0.3199E-11  0.3198E-11
CALSDV   56   31  0.3441E-11  0.3441E-11
CALSDV   57   31  0.3150E-11  0.3149E-11
CALSDV   58   31  0.3367E-11  0.3365E-11
CALSDV   59   31  0.3112E-11  0.3115E-11
CALSDV   60   31  0.3300E-11  0.3303E-11
CALSDV   32   32  0.4047E-11  0.4037E-11
CALSDV   33   32  0.5627E-11  0.5614E-11
CALSDV   34   32  0.5117E-11  0.5120E-11
CALSDV   35   32  0.3260E-11  0.3260E-11
CALSDV   36   32  0.4257E-11  0.4263E-11
CALSDV   37   32  0.3784E-11  0.3786E-11
CALSDV   38   32  0.3352E-11  0.3359E-11
CALSDV   39   32  0.3828E-11  0.3830E-11
CALSDV   40   32  0.3040E-11  0.3040E-11
CALSDV   41   32  0.3476E-11  0.3480E-11
CALSDV   42   32  0.3069E-11  0.3060E-11
CALSDV   43   32  0.3075E-11  0.3080E-11
CALSDV   44   32  0.3151E-11  0.3138E-11
CALSDV   45   32  0.2837E-11  0.2840E-11
CALSDV   46   32  0.3202E-11  0.3191E-11
CALSDV   47   32  0.2805E-11  0.2808E-11
CALSDV   48   32  0.3226E-11  0.3219E-11
CALSDV   49   32  0.2914E-11  0.2917E-11
CALSDV   50   32  0.3246E-11  0.3242E-11
CALSDV   51   32  0.3067E-11  0.3069E-11
CALSDV   52   32  0.3269E-11  0.3266E-11
CALSDV   53   32  0.3196E-11  0.3198E-11
CALSDV   54   32  0.3293E-11  0.3292E-11
CALSDV   55   32  0.3260E-11  0.3263E-11
CALSDV   56   32  0.3300E-11  0.3301E-11
CALSDV   57   32  0.3243E-11  0.3247E-11
CALSDV   58   32  0.3272E-11  0.3275E-11
CALSDV   59   32  0.3200E-11  0.3201E-11
CALSDV   60   32  0.3253E-11  0.3254E-11
CALSDV   33   33  0.4245E-11  0.4223E-11
CALSDV   34   33  0.5719E-11  0.5710E-11
CALSDV   35   33  0.5486E-11  0.5482E-11
CALSDV   36   33  0.3320E-11  0.3296E-11
CALSDV   37   33  0.4582E-11  0.4585E-11
CALSDV   38   33  0.3841E-11  0.3842E-11
CALSDV   39   33  0.3429E-11  0.3423E-11
CALSDV   40   33  0.3874E-11  0.3875E-11
CALSDV   41   33  0.2978E-11  0.2986E-11
CALSDV   42   33  0.3506E-11  0.3513E-11
CALSDV   43   33  0.3098E-11  0.3098E-11
CALSDV   44   33  0.3124E-11  0.3127E-11
CALSDV   45   33  0.3354E-11  0.3353E-11
CALSDV   46   33  0.2935E-11  0.2935E-11
CALSDV   47   33  0.3559E-11  0.3557E-11
CALSDV   48   33  0.2969E-11  0.2961E-11
CALSDV   49   33  0.3678E-11  0.3677E-11
CALSDV   50   33  0.3126E-11  0.3120E-11
CALSDV   51   33  0.3721E-11  0.3718E-11
CALSDV   52   33  0.3304E-11  0.3302E-11
CALSDV   53   33  0.3697E-11  0.3697E-11
CALSDV   54   33  0.3440E-11  0.3443E-11
CALSDV   55   33  0.3614E-11  0.3618E-11
CALSDV   56   33  0.3498E-11  0.3503E-11
CALSDV   57   33  0.3473E-11  0.3478E-11
CALSDV   58   33  0.3463E-11  0.3469E-11
CALSDV   59   33  0.3332E-11  0.3334E-11
CALSDV   60   33  0.3397E-11  0.3399E-11
CALSDV   34   34  0.3741E-11  0.3743E-11
CALSDV   35   34  0.5656E-11  0.5665E-11
CALSDV   36   34  0.5261E-11  0.5258E-11
CALSDV   37   34  0.3343E-11  0.3347E-11
CALSDV   38   34  0.4355E-11  0.4354E-11
CALSDV   39   34  0.4024E-11  0.4018E-11
CALSDV   40   34  0.3442E-11  0.3447E-11
CALSDV   41   34  0.4080E-11  0.4073E-11
CALSDV   42   34  0.3143E-11  0.3147E-11
CALSDV   43   34  0.3704E-11  0.3699E-11
CALSDV   44   34  0.3159E-11  0.3159E-11
CALSDV   45   34  0.3301E-11  0.3298E-11
CALSDV   46   34  0.3213E-11  0.3211E-11
CALSDV   47   34  0.3096E-11  0.3088E-11
CALSDV   48   34  0.3246E-11  0.3241E-11
CALSDV   49   34  0.3101E-11  0.3099E-11
CALSDV   50   34  0.3272E-11  0.3267E-11
CALSDV   51   34  0.3228E-11  0.3228E-11
CALSDV   52   34  0.3312E-11  0.3308E-11
CALSDV   53   34  0.3368E-11  0.3368E-11
CALSDV   54   34  0.3363E-11  0.3360E-11
CALSDV   55   34  0.3449E-11  0.3450E-11
CALSDV   56   34  0.3403E-11  0.3401E-11
CALSDV   57   34  0.3431E-11  0.3431E-11
CALSDV   58   34  0.3399E-11  0.3397E-11
CALSDV   59   34  0.3350E-11  0.3350E-11
CALSDV   60   34  0.3369E-11  0.3368E-11
CALSDV   35   35  0.4150E-11  0.4209E-11
CALSDV   36   35  0.5846E-11  0.5838E-11
CALSDV   37   35  0.5782E-11  0.5788E-11
CALSDV   38   35  0.3436E-11  0.3427E-11
CALSDV   39   35  0.4801E-11  0.4808E-11
CALSDV   40   35  0.4066E-11  0.4055E-11
CALSDV   41   35  0.3601E-11  0.3603E-11
CALSDV   42   35  0.4073E-11  0.4066E-11
CALSDV   43   35  0.3167E-11  0.3169E-11
CALSDV   44   35  0.3669E-11  0.3666E-11
CALSDV   45   35  0.3297E-11  0.3301E-11
CALSDV   46   35  0.3289E-11  0.3290E-11
CALSDV   47   35  0.3548E-11  0.3556E-11
CALSDV   48   35  0.3157E-11  0.3156E-11
CALSDV   49   35  0.3740E-11  0.3752E-11
CALSDV   50   35  0.3250E-11  0.3254E-11
CALSDV   51   35  0.3842E-11  0.3855E-11
CALSDV   52   35  0.3446E-11  0.3448E-11
CALSDV   53   35  0.3861E-11  0.3874E-11
CALSDV   54   35  0.3621E-11  0.3622E-11
CALSDV   55   35  0.3802E-11  0.3812E-11
CALSDV   56   35  0.3707E-11  0.3710E-11
CALSDV   57   35  0.3659E-11  0.3669E-11
CALSDV   58   35  0.3672E-11  0.3676E-11
CALSDV   59   35  0.3479E-11  0.3484E-11
CALSDV   60   35  0.3562E-11  0.3564E-11
CALSDV   36   36  0.3857E-11  0.3860E-11
CALSDV   37   36  0.5793E-11  0.5798E-11
CALSDV   38   36  0.5539E-11  0.5531E-11
CALSDV   39   36  0.3493E-11  0.3497E-11
CALSDV   40   36  0.4534E-11  0.4522E-11
CALSDV   41   36  0.4275E-11  0.4267E-11
CALSDV   42   36  0.3600E-11  0.3592E-11
CALSDV   43   36  0.4333E-11  0.4325E-11
CALSDV   44   36  0.3341E-11  0.3340E-11
CALSDV   45   36  0.3964E-11  0.3953E-11
CALSDV   46   36  0.3386E-11  0.3394E-11
CALSDV   47   36  0.3601E-11  0.3603E-11
CALSDV   48   36  0.3450E-11  0.3460E-11
CALSDV   49   36  0.3472E-11  0.3453E-11
CALSDV   50   36  0.3487E-11  0.3497E-11
CALSDV   51   36  0.3519E-11  0.3506E-11
CALSDV   52   36  0.3518E-11  0.3528E-11
CALSDV   53   36  0.3634E-11  0.3630E-11
CALSDV   54   36  0.3559E-11  0.3570E-11
CALSDV   55   36  0.3705E-11  0.3706E-11
CALSDV   56   36  0.3595E-11  0.3601E-11
CALSDV   57   36  0.3668E-11  0.3669E-11
CALSDV   58   36  0.3583E-11  0.3584E-11
CALSDV   59   36  0.3532E-11  0.3530E-11
CALSDV   60   36  0.3519E-11  0.3518E-11
CALSDV   37   37  0.3812E-11  0.3830E-11
CALSDV   38   37  0.6005E-11  0.6000E-11
CALSDV   39   37  0.6104E-11  0.6098E-11
CALSDV   40   37  0.3638E-11  0.3628E-11
CALSDV   41   37  0.5028E-11  0.5017E-11
CALSDV   42   37  0.4323E-11  0.4316E-11
CALSDV   43   37  0.3779E-11  0.3776E-11
CALSDV   44   37  0.4263E-11  0.4257E-11
CALSDV   45   37  0.3349E-11  0.3347E-11
CALSDV   46   37  0.3790E-11  0.3790E-11
CALSDV   47   37  0.3467E-11  0.3465E-11
CALSDV   48   37  0.3410E-11  0.3409E-11
CALSDV   49   37  0.3693E-11  0.3687E-11
CALSDV   50   37  0.3336E-11  0.3334E-11
CALSDV   51   37  0.3859E-11  0.3854E-11
CALSDV   52   37  0.3497E-11  0.3496E-11
CALSDV   53   37  0.3937E-11  0.3933E-11
CALSDV   54   37  0.3717E-11  0.3715E-11
CALSDV   55   37  0.3925E-11  0.3922E-11
CALSDV   56   37  0.3860E-11  0.3857E-11
CALSDV   57   37  0.3812E-11  0.3808E-11
CALSDV   58   37  0.3857E-11  0.3853E-11
CALSDV   59   37  0.3615E-11  0.3613E-11
CALSDV   60   37  0.3723E-11  0.3721E-11
CALSDV   38   38  0.3927E-11  0.3921E-11
CALSDV   39   38  0.5951E-11  0.5941E-11
CALSDV   40   38  0.5815E-11  0.5807E-11
CALSDV   41   38  0.3666E-11  0.3677E-11
CALSDV   42   38  0.4708E-11  0.4697E-11
CALSDV   43   38  0.4499E-11  0.4498E-11
CALSDV   44   38  0.3759E-11  0.3756E-11
CALSDV   45   38  0.4528E-11  0.4517E-11
CALSDV   46   38  0.3536E-11  0.3532E-11
CALSDV   47   38  0.4156E-11  0.4136E-11
CALSDV   48   38  0.3593E-11  0.3596E-11
CALSDV   49   38  0.3857E-11  0.3832E-11
CALSDV   50   38  0.3646E-11  0.3661E-11
CALSDV   51   38  0.3790E-11  0.3773E-11
CALSDV   52   38  0.3678E-11  0.3700E-11
CALSDV   53   38  0.3873E-11  0.3861E-11
CALSDV   54   38  0.3717E-11  0.3737E-11
CALSDV   55   38  0.3952E-11  0.3944E-11
CALSDV   56   38  0.3757E-11  0.3772E-11
CALSDV   57   38  0.3911E-11  0.3903E-11
CALSDV   58   38  0.3751E-11  0.3757E-11
CALSDV   59   38  0.3723E-11  0.3718E-11
CALSDV   60   38  0.3665E-11  0.3667E-11
CALSDV   39   39  0.3808E-11  0.3792E-11
CALSDV   40   39  0.6150E-11  0.6151E-11
CALSDV   41   39  0.6433E-11  0.6429E-11
CALSDV   42   39  0.3875E-11  0.3882E-11
CALSDV   43   39  0.5232E-11  0.5226E-11
CALSDV   44   39  0.4598E-11  0.4589E-11
CALSDV   45   39  0.3933E-11  0.3931E-11
CALSDV   46   39  0.4442E-11  0.4433E-11
CALSDV   47   39  0.3535E-11  0.3530E-11
CALSDV   48   39  0.3900E-11  0.3893E-11
CALSDV   49   39  0.3681E-11  0.3677E-11
CALSDV   50   39  0.3535E-11  0.3533E-11
CALSDV   51   39  0.3907E-11  0.3904E-11
CALSDV   52   39  0.3545E-11  0.3543E-11
CALSDV   53   39  0.4056E-11  0.4054E-11
CALSDV   54   39  0.3768E-11  0.3768E-11
CALSDV   55   39  0.4094E-11  0.4093E-11
CALSDV   56   39  0.3978E-11  0.3979E-11
CALSDV   57   39  0.4003E-11  0.4001E-11
CALSDV   58   39  0.4028E-11  0.4026E-11
CALSDV   59   39  0.3780E-11  0.3777E-11
CALSDV   60   39  0.3886E-11  0.3883E-11
CALSDV   40   40  0.4143E-11  0.4143E-11
CALSDV   41   40  0.6208E-11  0.6197E-11
CALSDV   42   40  0.6392E-11  0.6359E-11
CALSDV   43   40  0.3961E-11  0.3964E-11
CALSDV   44   40  0.5081E-11  0.5055E-11
CALSDV   45   40  0.4804E-11  0.4808E-11
CALSDV   46   40  0.3966E-11  0.3957E-11
CALSDV   47   40  0.4821E-11  0.4823E-11
CALSDV   48   40  0.3820E-11  0.3820E-11
CALSDV   49   40  0.4497E-11  0.4500E-11
CALSDV   50   40  0.4058E-11  0.4061E-11
CALSDV   51   40  0.4295E-11  0.4293E-11
CALSDV   52   40  0.4266E-11  0.4251E-11
CALSDV   53   40  0.4285E-11  0.4281E-11
CALSDV   54   40  0.4354E-11  0.4331E-11
CALSDV   55   40  0.4322E-11  0.4318E-11
CALSDV   56   40  0.4333E-11  0.4315E-11
CALSDV   57   40  0.4240E-11  0.4238E-11
CALSDV   58   40  0.4205E-11  0.4193E-11
CALSDV   59   40  0.3965E-11  0.3965E-11
CALSDV   60   40  0.3961E-11  0.3956E-11
CALSDV   41   41  0.4122E-11  0.4121E-11
CALSDV   42   41  0.6369E-11  0.6368E-11
CALSDV   43   41  0.6819E-11  0.6809E-11
CALSDV   44   41  0.4282E-11  0.4285E-11
CALSDV   45   41  0.5448E-11  0.5438E-11
CALSDV   46   41  0.5006E-11  0.4999E-11
CALSDV   47   41  0.4110E-11  0.4107E-11
CALSDV   48   41  0.4743E-11  0.4733E-11
CALSDV   49   41  0.3803E-11  0.3801E-11
CALSDV   50   41  0.4145E-11  0.4129E-11
CALSDV   51   41  0.4027E-11  0.4017E-11
CALSDV   52   41  0.3820E-11  0.3804E-11
CALSDV   53   41  0.4261E-11  0.4247E-11
CALSDV   54   41  0.3888E-11  0.3877E-11
CALSDV   55   41  0.4353E-11  0.4341E-11
CALSDV   56   41  0.4107E-11  0.4099E-11
CALSDV   57   41  0.4268E-11  0.4259E-11
CALSDV   58   41  0.4206E-11  0.4204E-11
CALSDV   59   41  0.3990E-11  0.3986E-11
CALSDV   60   41  0.4060E-11  0.4060E-11
CALSDV   42   42  0.4474E-11  0.4313E-11
CALSDV   43   42  0.6529E-11  0.6525E-11
CALSDV   44   42  0.7149E-11  0.7150E-11
CALSDV   45   42  0.4351E-11  0.4361E-11
CALSDV   46   42  0.5533E-11  0.5569E-11
CALSDV   47   42  0.5119E-11  0.5130E-11
CALSDV   48   42  0.4170E-11  0.4204E-11
CALSDV   49   42  0.5049E-11  0.5068E-11
CALSDV   50   42  0.4183E-11  0.4182E-11
CALSDV   51   42  0.4723E-11  0.4743E-11
CALSDV   52   42  0.4690E-11  0.4659E-11
CALSDV   53   42  0.4568E-11  0.4584E-11
CALSDV   54   42  0.5028E-11  0.4987E-11
CALSDV   55   42  0.4562E-11  0.4572E-11
CALSDV   56   42  0.5072E-11  0.5032E-11
CALSDV   57   42  0.4486E-11  0.4493E-11
CALSDV   58   42  0.4838E-11  0.4809E-11
CALSDV   59   42  0.4180E-11  0.4183E-11
CALSDV   60   42  0.4372E-11  0.4358E-11
CALSDV   43   43  0.4399E-11  0.4467E-11
CALSDV   44   43  0.6578E-11  0.6557E-11
CALSDV   45   43  0.7243E-11  0.7222E-11
CALSDV   46   43  0.4637E-11  0.4647E-11
CALSDV   47   43  0.5651E-11  0.5621E-11
CALSDV   48   43  0.5322E-11  0.5317E-11
CALSDV   49   43  0.4302E-11  0.4278E-11
CALSDV   50   43  0.4949E-11  0.4926E-11
CALSDV   51   43  0.4146E-11  0.4141E-11
CALSDV   52   43  0.4339E-11  0.4305E-11
CALSDV   53   43  0.4447E-11  0.4455E-11
CALSDV   54   43  0.4106E-11  0.4069E-11
CALSDV   55   43  0.4640E-11  0.4651E-11
CALSDV   56   43  0.4236E-11  0.4208E-11
CALSDV   57   43  0.4582E-11  0.4590E-11
CALSDV   58   43  0.4373E-11  0.4356E-11
CALSDV   59   43  0.4242E-11  0.4247E-11
CALSDV   60   43  0.4242E-11  0.4235E-11
CALSDV   44   44  0.4610E-11  0.4583E-11
CALSDV   45   44  0.6891E-11  0.6932E-11
CALSDV   46   44  0.7625E-11  0.7646E-11
CALSDV   47   44  0.4826E-11  0.4866E-11
CALSDV   48   44  0.5799E-11  0.5817E-11
CALSDV   49   44  0.5515E-11  0.5545E-11
CALSDV   50   44  0.4391E-11  0.4406E-11
CALSDV   51   44  0.5368E-11  0.5396E-11
CALSDV   52   44  0.4530E-11  0.4541E-11
CALSDV   53   44  0.5041E-11  0.5058E-11
CALSDV   54   44  0.5078E-11  0.5098E-11
CALSDV   55   44  0.4886E-11  0.4894E-11
CALSDV   56   44  0.5338E-11  0.5356E-11
CALSDV   57   44  0.4766E-11  0.4767E-11
CALSDV   58   44  0.5188E-11  0.5197E-11
CALSDV   59   44  0.4413E-11  0.4413E-11
CALSDV   60   44  0.4661E-11  0.4666E-11
CALSDV   45   45  0.5327E-11  0.5414E-11
CALSDV   46   45  0.6856E-11  0.6880E-11
CALSDV   47   45  0.7783E-11  0.7811E-11
CALSDV   48   45  0.5023E-11  0.5019E-11
CALSDV   49   45  0.5880E-11  0.5880E-11
CALSDV   50   45  0.5642E-11  0.5671E-11
CALSDV   51   45  0.4708E-11  0.4741E-11
CALSDV   52   45  0.5195E-11  0.5266E-11
CALSDV   53   45  0.4891E-11  0.4955E-11
CALSDV   54   45  0.4646E-11  0.4741E-11
CALSDV   55   45  0.5248E-11  0.5311E-11
CALSDV   56   45  0.4521E-11  0.4601E-11
CALSDV   57   45  0.5205E-11  0.5248E-11
CALSDV   58   45  0.4604E-11  0.4644E-11
CALSDV   59   45  0.4684E-11  0.4705E-11
CALSDV   60   45  0.4454E-11  0.4471E-11
CALSDV   46   46  0.5226E-11  0.5239E-11
CALSDV   47   46  0.7831E-11  0.7805E-11
CALSDV   48   46  0.8102E-11  0.8014E-11
CALSDV   49   46  0.5967E-11  0.5949E-11
CALSDV   50   46  0.6241E-11  0.6215E-11
CALSDV   51   46  0.6482E-11  0.6482E-11
CALSDV   52   46  0.4946E-11  0.4924E-11
CALSDV   53   46  0.6160E-11  0.6187E-11
CALSDV   54   46  0.5036E-11  0.5040E-11
CALSDV   55   46  0.5668E-11  0.5694E-11
CALSDV   56   46  0.5389E-11  0.5412E-11
CALSDV   57   46  0.5255E-11  0.5288E-11
CALSDV   58   46  0.5375E-11  0.5410E-11
CALSDV   59   46  0.4733E-11  0.4737E-11
CALSDV   60   46  0.4888E-11  0.4893E-11
CALSDV   47   47  0.5183E-11  0.5152E-11
CALSDV   48   47  0.7266E-11  0.7301E-11
CALSDV   49   47  0.8090E-11  0.8098E-11
CALSDV   50   47  0.5450E-11  0.5473E-11
CALSDV   51   47  0.5900E-11  0.5915E-11
CALSDV   52   47  0.5936E-11  0.6028E-11
CALSDV   53   47  0.4908E-11  0.4914E-11
CALSDV   54   47  0.5457E-11  0.5577E-11
CALSDV   55   47  0.5280E-11  0.5276E-11
CALSDV   56   47  0.5029E-11  0.5131E-11
CALSDV   57   47  0.5494E-11  0.5488E-11
CALSDV   58   47  0.4926E-11  0.4991E-11
CALSDV   59   47  0.5020E-11  0.5017E-11
CALSDV   60   47  0.4715E-11  0.4741E-11
CALSDV   48   48  0.4808E-11  0.4844E-11
CALSDV   49   48  0.7601E-11  0.7636E-11
CALSDV   50   48  0.8367E-11  0.8384E-11
CALSDV   51   48  0.5534E-11  0.5516E-11
CALSDV   52   48  0.5946E-11  0.5960E-11
CALSDV   53   48  0.5895E-11  0.5884E-11
CALSDV   54   48  0.4835E-11  0.4835E-11
CALSDV   55   48  0.5575E-11  0.5575E-11
CALSDV   56   48  0.5363E-11  0.5370E-11
CALSDV   57   48  0.5254E-11  0.5262E-11
CALSDV   58   48  0.5720E-11  0.5722E-11
CALSDV   59   48  0.4862E-11  0.4867E-11
CALSDV   60   48  0.5283E-11  0.5284E-11
CALSDV   49   49  0.4399E-11  0.4347E-11
CALSDV   50   49  0.7338E-11  0.7340E-11
CALSDV   51   49  0.8158E-11  0.8169E-11
CALSDV   52   49  0.5787E-11  0.5798E-11
CALSDV   53   49  0.5666E-11  0.5665E-11
CALSDV   54   49  0.6260E-11  0.6288E-11
CALSDV   55   49  0.4895E-11  0.4841E-11
CALSDV   56   49  0.5787E-11  0.5810E-11
CALSDV   57   49  0.5330E-11  0.5286E-11
CALSDV   58   49  0.5383E-11  0.5385E-11
CALSDV   59   49  0.5183E-11  0.5157E-11
CALSDV   60   49  0.5011E-11  0.5021E-11
CALSDV   50   50  0.4643E-11  0.4630E-11
CALSDV   51   50  0.8048E-11  0.8033E-11
CALSDV   52   50  0.8572E-11  0.8577E-11
CALSDV   53   50  0.5799E-11  0.5800E-11
CALSDV   54   50  0.5839E-11  0.5845E-11
CALSDV   55   50  0.6350E-11  0.6359E-11
CALSDV   56   50  0.5121E-11  0.5117E-11
CALSDV   57   50  0.6080E-11  0.6088E-11
CALSDV   58   50  0.5707E-11  0.5714E-11
CALSDV   59   50  0.5399E-11  0.5401E-11
CALSDV   60   50  0.5548E-11  0.5552E-11
CALSDV   51   51  0.4140E-11  0.4142E-11
CALSDV   52   51  0.7898E-11  0.7872E-11
CALSDV   53   51  0.8179E-11  0.8166E-11
CALSDV   54   51  0.6182E-11  0.6166E-11
CALSDV   55   51  0.5486E-11  0.5475E-11
CALSDV   56   51  0.6861E-11  0.6821E-11
CALSDV   57   51  0.5227E-11  0.5207E-11
CALSDV   58   51  0.6445E-11  0.6406E-11
CALSDV   59   51  0.5404E-11  0.5393E-11
CALSDV   60   51  0.5649E-11  0.5625E-11
CALSDV   52   52  0.4238E-11  0.4246E-11
CALSDV   53   52  0.8323E-11  0.8316E-11
CALSDV   54   52  0.8506E-11  0.8508E-11
CALSDV   55   52  0.6106E-11  0.6139E-11
CALSDV   56   52  0.5575E-11  0.5582E-11
CALSDV   57   52  0.6754E-11  0.6778E-11
CALSDV   58   52  0.5437E-11  0.5442E-11
CALSDV   59   52  0.6065E-11  0.6076E-11
CALSDV   60   52  0.5715E-11  0.5715E-11
CALSDV   53   53  0.3756E-11  0.3801E-11
CALSDV   54   53  0.8193E-11  0.8218E-11
CALSDV   55   53  0.7908E-11  0.7893E-11
CALSDV   56   53  0.6515E-11  0.6500E-11
CALSDV   57   53  0.5374E-11  0.5339E-11
CALSDV   58   53  0.7136E-11  0.7135E-11
CALSDV   59   53  0.5516E-11  0.5503E-11
CALSDV   60   53  0.6319E-11  0.6316E-11
CALSDV   54   54  0.3803E-11  0.3778E-11
CALSDV   55   54  0.7966E-11  0.7968E-11
CALSDV   56   54  0.8047E-11  0.8042E-11
CALSDV   57   54  0.6508E-11  0.6494E-11
CALSDV   58   54  0.5272E-11  0.5275E-11
CALSDV   59   54  0.6770E-11  0.6763E-11
CALSDV   60   54  0.5699E-11  0.5702E-11
CALSDV   55   55  0.3980E-11  0.4026E-11
CALSDV   56   55  0.8130E-11  0.8113E-11
CALSDV   57   55  0.7671E-11  0.7712E-11
CALSDV   58   55  0.7134E-11  0.7127E-11
CALSDV   59   55  0.5954E-11  0.5922E-11
CALSDV   60   55  0.7379E-11  0.7371E-11
CALSDV   56   56  0.4038E-11  0.4007E-11
CALSDV   57   56  0.6896E-11  0.6895E-11
CALSDV   58   56  0.7665E-11  0.7670E-11
CALSDV   59   56  0.7216E-11  0.7223E-11
CALSDV   60   56  0.5900E-11  0.5904E-11
CALSDV   57   57  0.4694E-11  0.4795E-11
CALSDV   58   57  0.7043E-11  0.7036E-11
CALSDV   59   57  0.8429E-11  0.8421E-11
CALSDV   60   57  0.7657E-11  0.7645E-11
CALSDV   58   58  0.4670E-11  0.4623E-11
CALSDV   59   58  0.5669E-11  0.5827E-11
CALSDV   60   58  0.8357E-11  0.8430E-11
CALSDV   59   59  0.3767E-11  0.3776E-11
CALSDV   60   59  0.6118E-11  0.6131E-11
CALSDV   60   60  0.5085E-11  0.5044E-11
