  This file contains calibrated standard deviations 
       The relevant data lines start with key CALSDV 
       Each such line contains the following data 
           N   M   C_SIGMA   S_SIGMA 
                 FOR M=0 S_SIGMA=0.0 
     
CALSDV    0    0  0.0000E+00  0.0000E+00
CALSDV    1    0  0.0000E+00  0.0000E+00
CALSDV    2    0  0.3790E-10  0.0000E+00
CALSDV    3    0  0.7475E-11  0.0000E+00
CALSDV    4    0  0.3108E-11  0.0000E+00
CALSDV    5    0  0.2121E-11  0.0000E+00
CALSDV    6    0  0.1631E-11  0.0000E+00
CALSDV    7    0  0.1312E-11  0.0000E+00
CALSDV    8    0  0.1110E-11  0.0000E+00
CALSDV    9    0  0.9641E-12  0.0000E+00
CALSDV   10    0  0.8611E-12  0.0000E+00
CALSDV   11    0  0.7808E-12  0.0000E+00
CALSDV   12    0  0.7209E-12  0.0000E+00
CALSDV   13    0  0.6723E-12  0.0000E+00
CALSDV   14    0  0.6356E-12  0.0000E+00
CALSDV   15    0  0.6054E-12  0.0000E+00
CALSDV   16    0  0.5820E-12  0.0000E+00
CALSDV   17    0  0.5630E-12  0.0000E+00
CALSDV   18    0  0.5483E-12  0.0000E+00
CALSDV   19    0  0.5368E-12  0.0000E+00
CALSDV   20    0  0.5285E-12  0.0000E+00
CALSDV   21    0  0.5224E-12  0.0000E+00
CALSDV   22    0  0.5187E-12  0.0000E+00
CALSDV   23    0  0.5167E-12  0.0000E+00
CALSDV   24    0  0.5168E-12  0.0000E+00
CALSDV   25    0  0.5182E-12  0.0000E+00
CALSDV   26    0  0.5215E-12  0.0000E+00
CALSDV   27    0  0.5258E-12  0.0000E+00
CALSDV   28    0  0.5318E-12  0.0000E+00
CALSDV   29    0  0.5389E-12  0.0000E+00
CALSDV   30    0  0.5476E-12  0.0000E+00
CALSDV   31    0  0.5572E-12  0.0000E+00
CALSDV   32    0  0.5683E-12  0.0000E+00
CALSDV   33    0  0.5806E-12  0.0000E+00
CALSDV   34    0  0.5942E-12  0.0000E+00
CALSDV   35    0  0.6090E-12  0.0000E+00
CALSDV   36    0  0.6253E-12  0.0000E+00
CALSDV   37    0  0.6428E-12  0.0000E+00
CALSDV   38    0  0.6619E-12  0.0000E+00
CALSDV   39    0  0.6822E-12  0.0000E+00
CALSDV   40    0  0.7043E-12  0.0000E+00
CALSDV   41    0  0.7277E-12  0.0000E+00
CALSDV   42    0  0.7531E-12  0.0000E+00
CALSDV   43    0  0.7798E-12  0.0000E+00
CALSDV   44    0  0.8087E-12  0.0000E+00
CALSDV   45    0  0.8392E-12  0.0000E+00
CALSDV   46    0  0.8719E-12  0.0000E+00
CALSDV   47    0  0.9066E-12  0.0000E+00
CALSDV   48    0  0.9436E-12  0.0000E+00
CALSDV   49    0  0.9829E-12  0.0000E+00
CALSDV   50    0  0.1025E-11  0.0000E+00
CALSDV   51    0  0.1069E-11  0.0000E+00
CALSDV   52    0  0.1116E-11  0.0000E+00
CALSDV   53    0  0.1166E-11  0.0000E+00
CALSDV   54    0  0.1220E-11  0.0000E+00
CALSDV   55    0  0.1275E-11  0.0000E+00
CALSDV   56    0  0.1335E-11  0.0000E+00
CALSDV   57    0  0.1393E-11  0.0000E+00
CALSDV   58    0  0.1461E-11  0.0000E+00
CALSDV   59    0  0.1375E-11  0.0000E+00
CALSDV   60    0  0.1444E-11  0.0000E+00
CALSDV    1    1  0.0000E+00  0.0000E+00
CALSDV    2    1  0.2168E-10  0.2232E-10
CALSDV    3    1  0.6291E-11  0.6307E-11
CALSDV    4    1  0.3333E-11  0.3335E-11
CALSDV    5    1  0.2267E-11  0.2260E-11
CALSDV    6    1  0.1705E-11  0.1699E-11
CALSDV    7    1  0.1369E-11  0.1365E-11
CALSDV    8    1  0.1146E-11  0.1140E-11
CALSDV    9    1  0.9927E-12  0.9891E-12
CALSDV   10    1  0.8813E-12  0.8771E-12
CALSDV   11    1  0.7977E-12  0.7955E-12
CALSDV   12    1  0.7337E-12  0.7305E-12
CALSDV   13    1  0.6841E-12  0.6816E-12
CALSDV   14    1  0.6445E-12  0.6421E-12
CALSDV   15    1  0.6137E-12  0.6112E-12
CALSDV   16    1  0.5887E-12  0.5864E-12
CALSDV   17    1  0.5694E-12  0.5670E-12
CALSDV   18    1  0.5537E-12  0.5516E-12
CALSDV   19    1  0.5421E-12  0.5398E-12
CALSDV   20    1  0.5330E-12  0.5309E-12
CALSDV   21    1  0.5266E-12  0.5246E-12
CALSDV   22    1  0.5226E-12  0.5205E-12
CALSDV   23    1  0.5206E-12  0.5185E-12
CALSDV   24    1  0.5201E-12  0.5181E-12
CALSDV   25    1  0.5217E-12  0.5196E-12
CALSDV   26    1  0.5245E-12  0.5224E-12
CALSDV   27    1  0.5290E-12  0.5269E-12
CALSDV   28    1  0.5346E-12  0.5326E-12
CALSDV   29    1  0.5420E-12  0.5398E-12
CALSDV   30    1  0.5502E-12  0.5481E-12
CALSDV   31    1  0.5601E-12  0.5579E-12
CALSDV   32    1  0.5709E-12  0.5687E-12
CALSDV   33    1  0.5833E-12  0.5810E-12
CALSDV   34    1  0.5968E-12  0.5944E-12
CALSDV   35    1  0.6117E-12  0.6093E-12
CALSDV   36    1  0.6278E-12  0.6254E-12
CALSDV   37    1  0.6454E-12  0.6429E-12
CALSDV   38    1  0.6644E-12  0.6618E-12
CALSDV   39    1  0.6850E-12  0.6823E-12
CALSDV   40    1  0.7068E-12  0.7041E-12
CALSDV   41    1  0.7305E-12  0.7277E-12
CALSDV   42    1  0.7555E-12  0.7527E-12
CALSDV   43    1  0.7827E-12  0.7797E-12
CALSDV   44    1  0.8113E-12  0.8082E-12
CALSDV   45    1  0.8420E-12  0.8389E-12
CALSDV   46    1  0.8747E-12  0.8713E-12
CALSDV   47    1  0.9095E-12  0.9060E-12
CALSDV   48    1  0.9466E-12  0.9430E-12
CALSDV   49    1  0.9858E-12  0.9821E-12
CALSDV   50    1  0.1028E-11  0.1024E-11
CALSDV   51    1  0.1072E-11  0.1068E-11
CALSDV   52    1  0.1120E-11  0.1115E-11
CALSDV   53    1  0.1169E-11  0.1165E-11
CALSDV   54    1  0.1223E-11  0.1218E-11
CALSDV   55    1  0.1278E-11  0.1274E-11
CALSDV   56    1  0.1339E-11  0.1334E-11
CALSDV   57    1  0.1397E-11  0.1392E-11
CALSDV   58    1  0.1465E-11  0.1459E-11
CALSDV   59    1  0.1381E-11  0.1376E-11
CALSDV   60    1  0.1450E-11  0.1445E-11
CALSDV    2    2  0.2242E-10  0.1826E-10
CALSDV    3    2  0.9373E-11  0.9462E-11
CALSDV    4    2  0.4628E-11  0.4618E-11
CALSDV    5    2  0.2874E-11  0.2866E-11
CALSDV    6    2  0.2093E-11  0.2084E-11
CALSDV    7    2  0.1599E-11  0.1593E-11
CALSDV    8    2  0.1311E-11  0.1307E-11
CALSDV    9    2  0.1104E-11  0.1101E-11
CALSDV   10    2  0.9695E-12  0.9659E-12
CALSDV   11    2  0.8626E-12  0.8598E-12
CALSDV   12    2  0.7871E-12  0.7845E-12
CALSDV   13    2  0.7253E-12  0.7230E-12
CALSDV   14    2  0.6801E-12  0.6780E-12
CALSDV   15    2  0.6427E-12  0.6404E-12
CALSDV   16    2  0.6140E-12  0.6119E-12
CALSDV   17    2  0.5904E-12  0.5886E-12
CALSDV   18    2  0.5728E-12  0.5707E-12
CALSDV   19    2  0.5581E-12  0.5566E-12
CALSDV   20    2  0.5478E-12  0.5458E-12
CALSDV   21    2  0.5397E-12  0.5381E-12
CALSDV   22    2  0.5345E-12  0.5328E-12
CALSDV   23    2  0.5314E-12  0.5294E-12
CALSDV   24    2  0.5302E-12  0.5284E-12
CALSDV   25    2  0.5307E-12  0.5290E-12
CALSDV   26    2  0.5332E-12  0.5313E-12
CALSDV   27    2  0.5368E-12  0.5350E-12
CALSDV   28    2  0.5422E-12  0.5403E-12
CALSDV   29    2  0.5488E-12  0.5469E-12
CALSDV   30    2  0.5569E-12  0.5550E-12
CALSDV   31    2  0.5662E-12  0.5642E-12
CALSDV   32    2  0.5769E-12  0.5749E-12
CALSDV   33    2  0.5889E-12  0.5868E-12
CALSDV   34    2  0.6021E-12  0.6001E-12
CALSDV   35    2  0.6168E-12  0.6147E-12
CALSDV   36    2  0.6328E-12  0.6306E-12
CALSDV   37    2  0.6502E-12  0.6480E-12
CALSDV   38    2  0.6691E-12  0.6667E-12
CALSDV   39    2  0.6893E-12  0.6870E-12
CALSDV   40    2  0.7113E-12  0.7088E-12
CALSDV   41    2  0.7346E-12  0.7321E-12
CALSDV   42    2  0.7599E-12  0.7573E-12
CALSDV   43    2  0.7866E-12  0.7838E-12
CALSDV   44    2  0.8155E-12  0.8126E-12
CALSDV   45    2  0.8460E-12  0.8430E-12
CALSDV   46    2  0.8786E-12  0.8756E-12
CALSDV   47    2  0.9134E-12  0.9101E-12
CALSDV   48    2  0.9503E-12  0.9470E-12
CALSDV   49    2  0.9897E-12  0.9862E-12
CALSDV   50    2  0.1032E-11  0.1028E-11
CALSDV   51    2  0.1076E-11  0.1072E-11
CALSDV   52    2  0.1123E-11  0.1119E-11
CALSDV   53    2  0.1173E-11  0.1169E-11
CALSDV   54    2  0.1227E-11  0.1223E-11
CALSDV   55    2  0.1283E-11  0.1278E-11
CALSDV   56    2  0.1343E-11  0.1338E-11
CALSDV   57    2  0.1402E-11  0.1397E-11
CALSDV   58    2  0.1470E-11  0.1465E-11
CALSDV   59    2  0.1399E-11  0.1394E-11
CALSDV   60    2  0.1467E-11  0.1462E-11
CALSDV    3    3  0.2245E-10  0.2239E-10
CALSDV    4    3  0.9161E-11  0.9125E-11
CALSDV    5    3  0.6271E-11  0.6244E-11
CALSDV    6    3  0.3261E-11  0.3254E-11
CALSDV    7    3  0.2964E-11  0.2948E-11
CALSDV    8    3  0.1810E-11  0.1808E-11
CALSDV    9    3  0.1767E-11  0.1759E-11
CALSDV   10    3  0.1231E-11  0.1228E-11
CALSDV   11    3  0.1226E-11  0.1222E-11
CALSDV   12    3  0.9426E-12  0.9401E-12
CALSDV   13    3  0.9446E-12  0.9417E-12
CALSDV   14    3  0.7812E-12  0.7796E-12
CALSDV   15    3  0.7837E-12  0.7816E-12
CALSDV   16    3  0.6842E-12  0.6828E-12
CALSDV   17    3  0.6873E-12  0.6854E-12
CALSDV   18    3  0.6241E-12  0.6227E-12
CALSDV   19    3  0.6279E-12  0.6262E-12
CALSDV   20    3  0.5870E-12  0.5857E-12
CALSDV   21    3  0.5915E-12  0.5900E-12
CALSDV   22    3  0.5654E-12  0.5644E-12
CALSDV   23    3  0.5713E-12  0.5699E-12
CALSDV   24    3  0.5553E-12  0.5541E-12
CALSDV   25    3  0.5627E-12  0.5614E-12
CALSDV   26    3  0.5540E-12  0.5527E-12
CALSDV   27    3  0.5629E-12  0.5616E-12
CALSDV   28    3  0.5600E-12  0.5588E-12
CALSDV   29    3  0.5706E-12  0.5693E-12
CALSDV   30    3  0.5723E-12  0.5710E-12
CALSDV   31    3  0.5848E-12  0.5835E-12
CALSDV   32    3  0.5906E-12  0.5892E-12
CALSDV   33    3  0.6050E-12  0.6036E-12
CALSDV   34    3  0.6145E-12  0.6130E-12
CALSDV   35    3  0.6310E-12  0.6296E-12
CALSDV   36    3  0.6439E-12  0.6425E-12
CALSDV   37    3  0.6629E-12  0.6615E-12
CALSDV   38    3  0.6793E-12  0.6777E-12
CALSDV   39    3  0.7010E-12  0.6994E-12
CALSDV   40    3  0.7206E-12  0.7191E-12
CALSDV   41    3  0.7454E-12  0.7436E-12
CALSDV   42    3  0.7686E-12  0.7669E-12
CALSDV   43    3  0.7966E-12  0.7947E-12
CALSDV   44    3  0.8237E-12  0.8219E-12
CALSDV   45    3  0.8552E-12  0.8532E-12
CALSDV   46    3  0.8866E-12  0.8846E-12
CALSDV   47    3  0.9220E-12  0.9200E-12
CALSDV   48    3  0.9580E-12  0.9559E-12
CALSDV   49    3  0.9979E-12  0.9958E-12
CALSDV   50    3  0.1039E-11  0.1037E-11
CALSDV   51    3  0.1084E-11  0.1082E-11
CALSDV   52    3  0.1131E-11  0.1128E-11
CALSDV   53    3  0.1181E-11  0.1179E-11
CALSDV   54    3  0.1234E-11  0.1232E-11
CALSDV   55    3  0.1291E-11  0.1289E-11
CALSDV   56    3  0.1351E-11  0.1348E-11
CALSDV   57    3  0.1413E-11  0.1410E-11
CALSDV   58    3  0.1480E-11  0.1477E-11
CALSDV   59    3  0.1433E-11  0.1431E-11
CALSDV   60    3  0.1501E-11  0.1499E-11
CALSDV    4    4  0.1117E-10  0.1121E-10
CALSDV    5    4  0.8918E-11  0.8968E-11
CALSDV    6    4  0.3870E-11  0.3874E-11
CALSDV    7    4  0.3290E-11  0.3299E-11
CALSDV    8    4  0.2107E-11  0.2110E-11
CALSDV    9    4  0.1816E-11  0.1809E-11
CALSDV   10    4  0.1389E-11  0.1394E-11
CALSDV   11    4  0.1241E-11  0.1239E-11
CALSDV   12    4  0.1042E-11  0.1045E-11
CALSDV   13    4  0.9610E-12  0.9587E-12
CALSDV   14    4  0.8509E-12  0.8526E-12
CALSDV   15    4  0.8038E-12  0.8028E-12
CALSDV   16    4  0.7359E-12  0.7378E-12
CALSDV   17    4  0.7090E-12  0.7082E-12
CALSDV   18    4  0.6652E-12  0.6663E-12
CALSDV   19    4  0.6497E-12  0.6494E-12
CALSDV   20    4  0.6209E-12  0.6215E-12
CALSDV   21    4  0.6129E-12  0.6126E-12
CALSDV   22    4  0.5944E-12  0.5948E-12
CALSDV   23    4  0.5915E-12  0.5911E-12
CALSDV   24    4  0.5804E-12  0.5807E-12
CALSDV   25    4  0.5814E-12  0.5812E-12
CALSDV   26    4  0.5762E-12  0.5763E-12
CALSDV   27    4  0.5805E-12  0.5802E-12
CALSDV   28    4  0.5797E-12  0.5798E-12
CALSDV   29    4  0.5869E-12  0.5867E-12
CALSDV   30    4  0.5903E-12  0.5902E-12
CALSDV   31    4  0.6000E-12  0.5999E-12
CALSDV   32    4  0.6068E-12  0.6068E-12
CALSDV   33    4  0.6193E-12  0.6192E-12
CALSDV   34    4  0.6294E-12  0.6294E-12
CALSDV   35    4  0.6445E-12  0.6444E-12
CALSDV   36    4  0.6579E-12  0.6578E-12
CALSDV   37    4  0.6756E-12  0.6756E-12
CALSDV   38    4  0.6923E-12  0.6922E-12
CALSDV   39    4  0.7129E-12  0.7128E-12
CALSDV   40    4  0.7331E-12  0.7330E-12
CALSDV   41    4  0.7567E-12  0.7565E-12
CALSDV   42    4  0.7803E-12  0.7803E-12
CALSDV   43    4  0.8073E-12  0.8072E-12
CALSDV   44    4  0.8348E-12  0.8348E-12
CALSDV   45    4  0.8656E-12  0.8655E-12
CALSDV   46    4  0.8972E-12  0.8970E-12
CALSDV   47    4  0.9321E-12  0.9320E-12
CALSDV   48    4  0.9681E-12  0.9680E-12
CALSDV   49    4  0.1008E-11  0.1008E-11
CALSDV   50    4  0.1049E-11  0.1049E-11
CALSDV   51    4  0.1094E-11  0.1094E-11
CALSDV   52    4  0.1140E-11  0.1140E-11
CALSDV   53    4  0.1191E-11  0.1191E-11
CALSDV   54    4  0.1244E-11  0.1244E-11
CALSDV   55    4  0.1301E-11  0.1301E-11
CALSDV   56    4  0.1361E-11  0.1361E-11
CALSDV   57    4  0.1424E-11  0.1424E-11
CALSDV   58    4  0.1492E-11  0.1492E-11
CALSDV   59    4  0.1466E-11  0.1465E-11
CALSDV   60    4  0.1535E-11  0.1534E-11
CALSDV    5    5  0.1621E-10  0.1614E-10
CALSDV    6    5  0.6745E-11  0.6680E-11
CALSDV    7    5  0.4474E-11  0.4480E-11
CALSDV    8    5  0.2698E-11  0.2685E-11
CALSDV    9    5  0.2576E-11  0.2579E-11
CALSDV   10    5  0.1670E-11  0.1664E-11
CALSDV   11    5  0.1764E-11  0.1763E-11
CALSDV   12    5  0.1253E-11  0.1250E-11
CALSDV   13    5  0.1323E-11  0.1323E-11
CALSDV   14    5  0.1021E-11  0.1019E-11
CALSDV   15    5  0.1062E-11  0.1061E-11
CALSDV   16    5  0.8757E-12  0.8752E-12
CALSDV   17    5  0.8971E-12  0.8968E-12
CALSDV   18    5  0.7802E-12  0.7793E-12
CALSDV   19    5  0.7908E-12  0.7907E-12
CALSDV   20    5  0.7151E-12  0.7148E-12
CALSDV   21    5  0.7220E-12  0.7213E-12
CALSDV   22    5  0.6732E-12  0.6725E-12
CALSDV   23    5  0.6774E-12  0.6772E-12
CALSDV   24    5  0.6463E-12  0.6459E-12
CALSDV   25    5  0.6509E-12  0.6506E-12
CALSDV   26    5  0.6322E-12  0.6317E-12
CALSDV   27    5  0.6377E-12  0.6375E-12
CALSDV   28    5  0.6278E-12  0.6274E-12
CALSDV   29    5  0.6347E-12  0.6345E-12
CALSDV   30    5  0.6320E-12  0.6315E-12
CALSDV   31    5  0.6407E-12  0.6407E-12
CALSDV   32    5  0.6434E-12  0.6431E-12
CALSDV   33    5  0.6545E-12  0.6542E-12
CALSDV   34    5  0.6619E-12  0.6615E-12
CALSDV   35    5  0.6752E-12  0.6749E-12
CALSDV   36    5  0.6868E-12  0.6865E-12
CALSDV   37    5  0.7029E-12  0.7025E-12
CALSDV   38    5  0.7184E-12  0.7180E-12
CALSDV   39    5  0.7374E-12  0.7370E-12
CALSDV   40    5  0.7566E-12  0.7562E-12
CALSDV   41    5  0.7788E-12  0.7785E-12
CALSDV   42    5  0.8020E-12  0.8015E-12
CALSDV   43    5  0.8276E-12  0.8272E-12
CALSDV   44    5  0.8547E-12  0.8542E-12
CALSDV   45    5  0.8842E-12  0.8838E-12
CALSDV   46    5  0.9158E-12  0.9152E-12
CALSDV   47    5  0.9494E-12  0.9488E-12
CALSDV   48    5  0.9856E-12  0.9850E-12
CALSDV   49    5  0.1024E-11  0.1023E-11
CALSDV   50    5  0.1065E-11  0.1065E-11
CALSDV   51    5  0.1109E-11  0.1108E-11
CALSDV   52    5  0.1156E-11  0.1155E-11
CALSDV   53    5  0.1206E-11  0.1205E-11
CALSDV   54    5  0.1259E-11  0.1258E-11
CALSDV   55    5  0.1315E-11  0.1315E-11
CALSDV   56    5  0.1376E-11  0.1375E-11
CALSDV   57    5  0.1440E-11  0.1439E-11
CALSDV   58    5  0.1508E-11  0.1507E-11
CALSDV   59    5  0.1497E-11  0.1497E-11
CALSDV   60    5  0.1569E-11  0.1568E-11
CALSDV    6    6  0.7717E-11  0.7747E-11
CALSDV    7    6  0.8264E-11  0.8284E-11
CALSDV    8    6  0.3791E-11  0.3806E-11
CALSDV    9    6  0.3846E-11  0.3854E-11
CALSDV   10    6  0.2373E-11  0.2377E-11
CALSDV   11    6  0.2270E-11  0.2269E-11
CALSDV   12    6  0.1621E-11  0.1621E-11
CALSDV   13    6  0.1567E-11  0.1565E-11
CALSDV   14    6  0.1214E-11  0.1213E-11
CALSDV   15    6  0.1201E-11  0.1200E-11
CALSDV   16    6  0.9837E-12  0.9826E-12
CALSDV   17    6  0.9902E-12  0.9899E-12
CALSDV   18    6  0.8472E-12  0.8450E-12
CALSDV   19    6  0.8611E-12  0.8605E-12
CALSDV   20    6  0.7618E-12  0.7606E-12
CALSDV   21    6  0.7786E-12  0.7785E-12
CALSDV   22    6  0.7086E-12  0.7077E-12
CALSDV   23    6  0.7261E-12  0.7257E-12
CALSDV   24    6  0.6765E-12  0.6759E-12
CALSDV   25    6  0.6939E-12  0.6934E-12
CALSDV   26    6  0.6592E-12  0.6590E-12
CALSDV   27    6  0.6761E-12  0.6758E-12
CALSDV   28    6  0.6533E-12  0.6529E-12
CALSDV   29    6  0.6700E-12  0.6698E-12
CALSDV   30    6  0.6561E-12  0.6557E-12
CALSDV   31    6  0.6731E-12  0.6731E-12
CALSDV   32    6  0.6667E-12  0.6664E-12
CALSDV   33    6  0.6847E-12  0.6843E-12
CALSDV   34    6  0.6841E-12  0.6839E-12
CALSDV   35    6  0.7033E-12  0.7033E-12
CALSDV   36    6  0.7082E-12  0.7083E-12
CALSDV   37    6  0.7292E-12  0.7292E-12
CALSDV   38    6  0.7393E-12  0.7390E-12
CALSDV   39    6  0.7622E-12  0.7620E-12
CALSDV   40    6  0.7767E-12  0.7768E-12
CALSDV   41    6  0.8019E-12  0.8021E-12
CALSDV   42    6  0.8216E-12  0.8215E-12
CALSDV   43    6  0.8494E-12  0.8495E-12
CALSDV   44    6  0.8736E-12  0.8737E-12
CALSDV   45    6  0.9049E-12  0.9051E-12
CALSDV   46    6  0.9339E-12  0.9341E-12
CALSDV   47    6  0.9690E-12  0.9692E-12
CALSDV   48    6  0.1003E-11  0.1003E-11
CALSDV   49    6  0.1043E-11  0.1043E-11
CALSDV   50    6  0.1082E-11  0.1082E-11
CALSDV   51    6  0.1127E-11  0.1127E-11
CALSDV   52    6  0.1172E-11  0.1173E-11
CALSDV   53    6  0.1223E-11  0.1223E-11
CALSDV   54    6  0.1275E-11  0.1275E-11
CALSDV   55    6  0.1332E-11  0.1332E-11
CALSDV   56    6  0.1391E-11  0.1392E-11
CALSDV   57    6  0.1457E-11  0.1457E-11
CALSDV   58    6  0.1524E-11  0.1525E-11
CALSDV   59    6  0.1533E-11  0.1533E-11
CALSDV   60    6  0.1603E-11  0.1603E-11
CALSDV    7    7  0.1119E-10  0.1117E-10
CALSDV    8    7  0.6250E-11  0.6240E-11
CALSDV    9    7  0.3987E-11  0.3971E-11
CALSDV   10    7  0.2580E-11  0.2578E-11
CALSDV   11    7  0.2378E-11  0.2370E-11
CALSDV   12    7  0.1581E-11  0.1579E-11
CALSDV   13    7  0.1631E-11  0.1627E-11
CALSDV   14    7  0.1258E-11  0.1257E-11
CALSDV   15    7  0.1242E-11  0.1238E-11
CALSDV   16    7  0.1094E-11  0.1093E-11
CALSDV   17    7  0.1023E-11  0.1021E-11
CALSDV   18    7  0.9827E-12  0.9818E-12
CALSDV   19    7  0.8926E-12  0.8906E-12
CALSDV   20    7  0.9007E-12  0.9004E-12
CALSDV   21    7  0.8103E-12  0.8094E-12
CALSDV   22    7  0.8397E-12  0.8388E-12
CALSDV   23    7  0.7585E-12  0.7577E-12
CALSDV   24    7  0.7954E-12  0.7942E-12
CALSDV   25    7  0.7268E-12  0.7251E-12
CALSDV   26    7  0.7646E-12  0.7639E-12
CALSDV   27    7  0.7087E-12  0.7082E-12
CALSDV   28    7  0.7464E-12  0.7451E-12
CALSDV   29    7  0.7024E-12  0.7014E-12
CALSDV   30    7  0.7380E-12  0.7369E-12
CALSDV   31    7  0.7046E-12  0.7034E-12
CALSDV   32    7  0.7388E-12  0.7378E-12
CALSDV   33    7  0.7150E-12  0.7138E-12
CALSDV   34    7  0.7479E-12  0.7469E-12
CALSDV   35    7  0.7327E-12  0.7315E-12
CALSDV   36    7  0.7649E-12  0.7639E-12
CALSDV   37    7  0.7571E-12  0.7561E-12
CALSDV   38    7  0.7897E-12  0.7885E-12
CALSDV   39    7  0.7889E-12  0.7875E-12
CALSDV   40    7  0.8220E-12  0.8208E-12
CALSDV   41    7  0.8277E-12  0.8263E-12
CALSDV   42    7  0.8620E-12  0.8607E-12
CALSDV   43    7  0.8741E-12  0.8727E-12
CALSDV   44    7  0.9102E-12  0.9089E-12
CALSDV   45    7  0.9284E-12  0.9268E-12
CALSDV   46    7  0.9673E-12  0.9657E-12
CALSDV   47    7  0.9914E-12  0.9897E-12
CALSDV   48    7  0.1034E-11  0.1032E-11
CALSDV   49    7  0.1064E-11  0.1062E-11
CALSDV   50    7  0.1110E-11  0.1108E-11
CALSDV   51    7  0.1147E-11  0.1145E-11
CALSDV   52    7  0.1198E-11  0.1196E-11
CALSDV   53    7  0.1242E-11  0.1240E-11
CALSDV   54    7  0.1299E-11  0.1296E-11
CALSDV   55    7  0.1351E-11  0.1348E-11
CALSDV   56    7  0.1414E-11  0.1411E-11
CALSDV   57    7  0.1476E-11  0.1473E-11
CALSDV   58    7  0.1546E-11  0.1543E-11
CALSDV   59    7  0.1563E-11  0.1560E-11
CALSDV   60    7  0.1640E-11  0.1637E-11
CALSDV    8    8  0.5498E-11  0.5507E-11
CALSDV    9    8  0.5713E-11  0.5664E-11
CALSDV   10    8  0.3675E-11  0.3666E-11
CALSDV   11    8  0.3068E-11  0.3043E-11
CALSDV   12    8  0.2637E-11  0.2634E-11
CALSDV   13    8  0.2173E-11  0.2154E-11
CALSDV   14    8  0.1895E-11  0.1893E-11
CALSDV   15    8  0.1711E-11  0.1708E-11
CALSDV   16    8  0.1442E-11  0.1439E-11
CALSDV   17    8  0.1417E-11  0.1419E-11
CALSDV   18    8  0.1169E-11  0.1167E-11
CALSDV   19    8  0.1220E-11  0.1214E-11
CALSDV   20    8  0.1005E-11  0.1001E-11
CALSDV   21    8  0.1076E-11  0.1073E-11
CALSDV   22    8  0.9024E-12  0.8993E-12
CALSDV   23    8  0.9749E-12  0.9727E-12
CALSDV   24    8  0.8374E-12  0.8352E-12
CALSDV   25    8  0.9038E-12  0.9021E-12
CALSDV   26    8  0.7987E-12  0.7957E-12
CALSDV   27    8  0.8554E-12  0.8537E-12
CALSDV   28    8  0.7761E-12  0.7736E-12
CALSDV   29    8  0.8248E-12  0.8232E-12
CALSDV   30    8  0.7670E-12  0.7645E-12
CALSDV   31    8  0.8084E-12  0.8069E-12
CALSDV   32    8  0.7679E-12  0.7653E-12
CALSDV   33    8  0.8039E-12  0.8023E-12
CALSDV   34    8  0.7773E-12  0.7747E-12
CALSDV   35    8  0.8095E-12  0.8079E-12
CALSDV   36    8  0.7946E-12  0.7924E-12
CALSDV   37    8  0.8246E-12  0.8229E-12
CALSDV   38    8  0.8194E-12  0.8172E-12
CALSDV   39    8  0.8483E-12  0.8468E-12
CALSDV   40    8  0.8516E-12  0.8497E-12
CALSDV   41    8  0.8807E-12  0.8791E-12
CALSDV   42    8  0.8915E-12  0.8894E-12
CALSDV   43    8  0.9212E-12  0.9197E-12
CALSDV   44    8  0.9392E-12  0.9373E-12
CALSDV   45    8  0.9710E-12  0.9693E-12
CALSDV   46    8  0.9953E-12  0.9934E-12
CALSDV   47    8  0.1030E-11  0.1028E-11
CALSDV   48    8  0.1061E-11  0.1059E-11
CALSDV   49    8  0.1099E-11  0.1097E-11
CALSDV   50    8  0.1136E-11  0.1134E-11
CALSDV   51    8  0.1179E-11  0.1177E-11
CALSDV   52    8  0.1223E-11  0.1221E-11
CALSDV   53    8  0.1271E-11  0.1269E-11
CALSDV   54    8  0.1322E-11  0.1320E-11
CALSDV   55    8  0.1377E-11  0.1375E-11
CALSDV   56    8  0.1436E-11  0.1434E-11
CALSDV   57    8  0.1501E-11  0.1499E-11
CALSDV   58    8  0.1569E-11  0.1567E-11
CALSDV   59    8  0.1605E-11  0.1603E-11
CALSDV   60    8  0.1677E-11  0.1675E-11
CALSDV    9    9  0.8030E-11  0.7951E-11
CALSDV   10    9  0.5753E-11  0.5749E-11
CALSDV   11    9  0.3838E-11  0.3819E-11
CALSDV   12    9  0.2617E-11  0.2617E-11
CALSDV   13    9  0.2510E-11  0.2500E-11
CALSDV   14    9  0.1649E-11  0.1648E-11
CALSDV   15    9  0.1719E-11  0.1711E-11
CALSDV   16    9  0.1332E-11  0.1332E-11
CALSDV   17    9  0.1277E-11  0.1273E-11
CALSDV   18    9  0.1181E-11  0.1181E-11
CALSDV   19    9  0.1041E-11  0.1038E-11
CALSDV   20    9  0.1079E-11  0.1079E-11
CALSDV   21    9  0.9172E-12  0.9152E-12
CALSDV   22    9  0.1002E-11  0.1003E-11
CALSDV   23    9  0.8513E-12  0.8505E-12
CALSDV   24    9  0.9435E-12  0.9445E-12
CALSDV   25    9  0.8153E-12  0.8151E-12
CALSDV   26    9  0.9002E-12  0.9014E-12
CALSDV   27    9  0.7972E-12  0.7970E-12
CALSDV   28    9  0.8695E-12  0.8710E-12
CALSDV   29    9  0.7896E-12  0.7907E-12
CALSDV   30    9  0.8511E-12  0.8521E-12
CALSDV   31    9  0.7924E-12  0.7920E-12
CALSDV   32    9  0.8427E-12  0.8437E-12
CALSDV   33    9  0.8007E-12  0.8010E-12
CALSDV   34    9  0.8439E-12  0.8450E-12
CALSDV   35    9  0.8162E-12  0.8162E-12
CALSDV   36    9  0.8538E-12  0.8550E-12
CALSDV   37    9  0.8380E-12  0.8387E-12
CALSDV   38    9  0.8723E-12  0.8731E-12
CALSDV   39    9  0.8666E-12  0.8670E-12
CALSDV   40    9  0.8989E-12  0.8998E-12
CALSDV   41    9  0.9022E-12  0.9026E-12
CALSDV   42    9  0.9339E-12  0.9350E-12
CALSDV   43    9  0.9445E-12  0.9451E-12
CALSDV   44    9  0.9773E-12  0.9783E-12
CALSDV   45    9  0.9952E-12  0.9959E-12
CALSDV   46    9  0.1030E-11  0.1031E-11
CALSDV   47    9  0.1054E-11  0.1055E-11
CALSDV   48    9  0.1092E-11  0.1093E-11
CALSDV   49    9  0.1123E-11  0.1124E-11
CALSDV   50    9  0.1165E-11  0.1166E-11
CALSDV   51    9  0.1202E-11  0.1203E-11
CALSDV   52    9  0.1249E-11  0.1250E-11
CALSDV   53    9  0.1293E-11  0.1294E-11
CALSDV   54    9  0.1346E-11  0.1347E-11
CALSDV   55    9  0.1398E-11  0.1399E-11
CALSDV   56    9  0.1458E-11  0.1459E-11
CALSDV   57    9  0.1521E-11  0.1521E-11
CALSDV   58    9  0.1589E-11  0.1589E-11
CALSDV   59    9  0.1634E-11  0.1634E-11
CALSDV   60    9  0.1706E-11  0.1707E-11
CALSDV   10   10  0.4994E-11  0.4976E-11
CALSDV   11   10  0.4624E-11  0.4592E-11
CALSDV   12   10  0.3364E-11  0.3364E-11
CALSDV   13   10  0.2377E-11  0.2380E-11
CALSDV   14   10  0.2662E-11  0.2663E-11
CALSDV   15   10  0.1913E-11  0.1917E-11
CALSDV   16   10  0.2023E-11  0.2024E-11
CALSDV   17   10  0.1719E-11  0.1724E-11
CALSDV   18   10  0.1598E-11  0.1599E-11
CALSDV   19   10  0.1553E-11  0.1557E-11
CALSDV   20   10  0.1333E-11  0.1334E-11
CALSDV   21   10  0.1404E-11  0.1406E-11
CALSDV   22   10  0.1169E-11  0.1169E-11
CALSDV   23   10  0.1279E-11  0.1280E-11
CALSDV   24   10  0.1067E-11  0.1066E-11
CALSDV   25   10  0.1179E-11  0.1179E-11
CALSDV   26   10  0.1001E-11  0.1001E-11
CALSDV   27   10  0.1101E-11  0.1101E-11
CALSDV   28   10  0.9593E-12  0.9588E-12
CALSDV   29   10  0.1044E-11  0.1044E-11
CALSDV   30   10  0.9343E-12  0.9337E-12
CALSDV   31   10  0.1003E-11  0.1003E-11
CALSDV   32   10  0.9220E-12  0.9215E-12
CALSDV   33   10  0.9782E-12  0.9779E-12
CALSDV   34   10  0.9199E-12  0.9198E-12
CALSDV   35   10  0.9659E-12  0.9656E-12
CALSDV   36   10  0.9269E-12  0.9268E-12
CALSDV   37   10  0.9652E-12  0.9650E-12
CALSDV   38   10  0.9425E-12  0.9421E-12
CALSDV   39   10  0.9754E-12  0.9750E-12
CALSDV   40   10  0.9662E-12  0.9658E-12
CALSDV   41   10  0.9954E-12  0.9951E-12
CALSDV   42   10  0.9980E-12  0.9976E-12
CALSDV   43   10  0.1026E-11  0.1025E-11
CALSDV   44   10  0.1038E-11  0.1037E-11
CALSDV   45   10  0.1066E-11  0.1065E-11
CALSDV   46   10  0.1087E-11  0.1087E-11
CALSDV   47   10  0.1116E-11  0.1116E-11
CALSDV   48   10  0.1145E-11  0.1145E-11
CALSDV   49   10  0.1178E-11  0.1177E-11
CALSDV   50   10  0.1214E-11  0.1213E-11
CALSDV   51   10  0.1249E-11  0.1250E-11
CALSDV   52   10  0.1294E-11  0.1294E-11
CALSDV   53   10  0.1335E-11  0.1334E-11
CALSDV   54   10  0.1387E-11  0.1387E-11
CALSDV   55   10  0.1435E-11  0.1435E-11
CALSDV   56   10  0.1495E-11  0.1496E-11
CALSDV   57   10  0.1554E-11  0.1554E-11
CALSDV   58   10  0.1623E-11  0.1623E-11
CALSDV   59   10  0.1679E-11  0.1678E-11
CALSDV   60   10  0.1755E-11  0.1755E-11
CALSDV   11   11  0.5667E-11  0.5616E-11
CALSDV   12   11  0.5114E-11  0.5134E-11
CALSDV   13   11  0.3579E-11  0.3580E-11
CALSDV   14   11  0.2612E-11  0.2622E-11
CALSDV   15   11  0.2638E-11  0.2637E-11
CALSDV   16   11  0.1807E-11  0.1804E-11
CALSDV   17   11  0.1870E-11  0.1870E-11
CALSDV   18   11  0.1490E-11  0.1483E-11
CALSDV   19   11  0.1386E-11  0.1387E-11
CALSDV   20   11  0.1305E-11  0.1298E-11
CALSDV   21   11  0.1121E-11  0.1122E-11
CALSDV   22   11  0.1175E-11  0.1169E-11
CALSDV   23   11  0.9885E-12  0.9895E-12
CALSDV   24   11  0.1082E-11  0.1077E-11
CALSDV   25   11  0.9295E-12  0.9307E-12
CALSDV   26   11  0.1015E-11  0.1011E-11
CALSDV   27   11  0.9061E-12  0.9071E-12
CALSDV   28   11  0.9693E-12  0.9668E-12
CALSDV   29   11  0.8996E-12  0.9004E-12
CALSDV   30   11  0.9412E-12  0.9396E-12
CALSDV   31   11  0.9027E-12  0.9037E-12
CALSDV   32   11  0.9263E-12  0.9253E-12
CALSDV   33   11  0.9125E-12  0.9132E-12
CALSDV   34   11  0.9238E-12  0.9229E-12
CALSDV   35   11  0.9273E-12  0.9279E-12
CALSDV   36   11  0.9311E-12  0.9305E-12
CALSDV   37   11  0.9474E-12  0.9480E-12
CALSDV   38   11  0.9477E-12  0.9474E-12
CALSDV   39   11  0.9728E-12  0.9736E-12
CALSDV   40   11  0.9728E-12  0.9724E-12
CALSDV   41   11  0.1005E-11  0.1005E-11
CALSDV   42   11  0.1006E-11  0.1006E-11
CALSDV   43   11  0.1043E-11  0.1044E-11
CALSDV   44   11  0.1048E-11  0.1048E-11
CALSDV   45   11  0.1088E-11  0.1089E-11
CALSDV   46   11  0.1099E-11  0.1099E-11
CALSDV   47   11  0.1142E-11  0.1143E-11
CALSDV   48   11  0.1159E-11  0.1159E-11
CALSDV   49   11  0.1205E-11  0.1206E-11
CALSDV   50   11  0.1229E-11  0.1230E-11
CALSDV   51   11  0.1278E-11  0.1279E-11
CALSDV   52   11  0.1310E-11  0.1311E-11
CALSDV   53   11  0.1362E-11  0.1363E-11
CALSDV   54   11  0.1404E-11  0.1405E-11
CALSDV   55   11  0.1461E-11  0.1462E-11
CALSDV   56   11  0.1512E-11  0.1513E-11
CALSDV   57   11  0.1578E-11  0.1579E-11
CALSDV   58   11  0.1639E-11  0.1640E-11
CALSDV   59   11  0.1709E-11  0.1710E-11
CALSDV   60   11  0.1774E-11  0.1775E-11
CALSDV   12   12  0.4541E-11  0.4594E-11
CALSDV   13   12  0.4460E-11  0.4498E-11
CALSDV   14   12  0.3139E-11  0.3146E-11
CALSDV   15   12  0.2186E-11  0.2191E-11
CALSDV   16   12  0.2534E-11  0.2536E-11
CALSDV   17   12  0.1767E-11  0.1767E-11
CALSDV   18   12  0.1936E-11  0.1939E-11
CALSDV   19   12  0.1675E-11  0.1676E-11
CALSDV   20   12  0.1551E-11  0.1556E-11
CALSDV   21   12  0.1578E-11  0.1581E-11
CALSDV   22   12  0.1336E-11  0.1341E-11
CALSDV   23   12  0.1472E-11  0.1474E-11
CALSDV   24   12  0.1220E-11  0.1225E-11
CALSDV   25   12  0.1371E-11  0.1374E-11
CALSDV   26   12  0.1157E-11  0.1162E-11
CALSDV   27   12  0.1285E-11  0.1287E-11
CALSDV   28   12  0.1121E-11  0.1126E-11
CALSDV   29   12  0.1216E-11  0.1219E-11
CALSDV   30   12  0.1101E-11  0.1104E-11
CALSDV   31   12  0.1164E-11  0.1167E-11
CALSDV   32   12  0.1089E-11  0.1092E-11
CALSDV   33   12  0.1128E-11  0.1130E-11
CALSDV   34   12  0.1085E-11  0.1088E-11
CALSDV   35   12  0.1106E-11  0.1108E-11
CALSDV   36   12  0.1088E-11  0.1090E-11
CALSDV   37   12  0.1096E-11  0.1099E-11
CALSDV   38   12  0.1097E-11  0.1100E-11
CALSDV   39   12  0.1098E-11  0.1101E-11
CALSDV   40   12  0.1114E-11  0.1116E-11
CALSDV   41   12  0.1111E-11  0.1113E-11
CALSDV   42   12  0.1138E-11  0.1139E-11
CALSDV   43   12  0.1133E-11  0.1136E-11
CALSDV   44   12  0.1169E-11  0.1171E-11
CALSDV   45   12  0.1167E-11  0.1169E-11
CALSDV   46   12  0.1209E-11  0.1211E-11
CALSDV   47   12  0.1210E-11  0.1213E-11
CALSDV   48   12  0.1258E-11  0.1260E-11
CALSDV   49   12  0.1264E-11  0.1267E-11
CALSDV   50   12  0.1317E-11  0.1319E-11
CALSDV   51   12  0.1330E-11  0.1333E-11
CALSDV   52   12  0.1388E-11  0.1390E-11
CALSDV   53   12  0.1407E-11  0.1410E-11
CALSDV   54   12  0.1471E-11  0.1474E-11
CALSDV   55   12  0.1500E-11  0.1503E-11
CALSDV   56   12  0.1570E-11  0.1573E-11
CALSDV   57   12  0.1612E-11  0.1615E-11
CALSDV   58   12  0.1689E-11  0.1692E-11
CALSDV   59   12  0.1749E-11  0.1753E-11
CALSDV   60   12  0.1836E-11  0.1839E-11
CALSDV   13   13  0.4472E-11  0.4444E-11
CALSDV   14   13  0.4458E-11  0.4476E-11
CALSDV   15   13  0.3403E-11  0.3404E-11
CALSDV   16   13  0.2442E-11  0.2440E-11
CALSDV   17   13  0.2733E-11  0.2738E-11
CALSDV   18   13  0.1891E-11  0.1888E-11
CALSDV   19   13  0.2008E-11  0.2009E-11
CALSDV   20   13  0.1641E-11  0.1638E-11
CALSDV   21   13  0.1504E-11  0.1504E-11
CALSDV   22   13  0.1444E-11  0.1445E-11
CALSDV   23   13  0.1217E-11  0.1216E-11
CALSDV   24   13  0.1285E-11  0.1288E-11
CALSDV   25   13  0.1077E-11  0.1077E-11
CALSDV   26   13  0.1166E-11  0.1170E-11
CALSDV   27   13  0.1022E-11  0.1022E-11
CALSDV   28   13  0.1084E-11  0.1088E-11
CALSDV   29   13  0.1009E-11  0.1009E-11
CALSDV   30   13  0.1032E-11  0.1036E-11
CALSDV   31   13  0.1014E-11  0.1013E-11
CALSDV   32   13  0.1006E-11  0.1009E-11
CALSDV   33   13  0.1026E-11  0.1026E-11
CALSDV   34   13  0.9972E-12  0.9996E-12
CALSDV   35   13  0.1043E-11  0.1044E-11
CALSDV   36   13  0.1003E-11  0.1005E-11
CALSDV   37   13  0.1064E-11  0.1065E-11
CALSDV   38   13  0.1020E-11  0.1022E-11
CALSDV   39   13  0.1089E-11  0.1090E-11
CALSDV   40   13  0.1047E-11  0.1049E-11
CALSDV   41   13  0.1119E-11  0.1120E-11
CALSDV   42   13  0.1082E-11  0.1084E-11
CALSDV   43   13  0.1154E-11  0.1154E-11
CALSDV   44   13  0.1125E-11  0.1127E-11
CALSDV   45   13  0.1195E-11  0.1196E-11
CALSDV   46   13  0.1177E-11  0.1178E-11
CALSDV   47   13  0.1243E-11  0.1244E-11
CALSDV   48   13  0.1237E-11  0.1238E-11
CALSDV   49   13  0.1300E-11  0.1301E-11
CALSDV   50   13  0.1305E-11  0.1306E-11
CALSDV   51   13  0.1366E-11  0.1367E-11
CALSDV   52   13  0.1384E-11  0.1385E-11
CALSDV   53   13  0.1443E-11  0.1444E-11
CALSDV   54   13  0.1474E-11  0.1475E-11
CALSDV   55   13  0.1534E-11  0.1535E-11
CALSDV   56   13  0.1577E-11  0.1579E-11
CALSDV   57   13  0.1644E-11  0.1644E-11
CALSDV   58   13  0.1699E-11  0.1700E-11
CALSDV   59   13  0.1784E-11  0.1785E-11
CALSDV   60   13  0.1847E-11  0.1848E-11
CALSDV   14   14  0.3781E-11  0.3748E-11
CALSDV   15   14  0.4619E-11  0.4597E-11
CALSDV   16   14  0.3136E-11  0.3134E-11
CALSDV   17   14  0.2316E-11  0.2304E-11
CALSDV   18   14  0.2572E-11  0.2570E-11
CALSDV   19   14  0.1810E-11  0.1806E-11
CALSDV   20   14  0.1920E-11  0.1917E-11
CALSDV   21   14  0.1709E-11  0.1709E-11
CALSDV   22   14  0.1497E-11  0.1496E-11
CALSDV   23   14  0.1625E-11  0.1625E-11
CALSDV   24   14  0.1294E-11  0.1291E-11
CALSDV   25   14  0.1529E-11  0.1529E-11
CALSDV   26   14  0.1218E-11  0.1217E-11
CALSDV   27   14  0.1439E-11  0.1439E-11
CALSDV   28   14  0.1201E-11  0.1201E-11
CALSDV   29   14  0.1363E-11  0.1363E-11
CALSDV   30   14  0.1206E-11  0.1205E-11
CALSDV   31   14  0.1304E-11  0.1304E-11
CALSDV   32   14  0.1217E-11  0.1216E-11
CALSDV   33   14  0.1262E-11  0.1262E-11
CALSDV   34   14  0.1228E-11  0.1227E-11
CALSDV   35   14  0.1234E-11  0.1234E-11
CALSDV   36   14  0.1241E-11  0.1239E-11
CALSDV   37   14  0.1221E-11  0.1220E-11
CALSDV   38   14  0.1255E-11  0.1253E-11
CALSDV   39   14  0.1219E-11  0.1218E-11
CALSDV   40   14  0.1272E-11  0.1271E-11
CALSDV   41   14  0.1229E-11  0.1228E-11
CALSDV   42   14  0.1293E-11  0.1292E-11
CALSDV   43   14  0.1248E-11  0.1247E-11
CALSDV   44   14  0.1320E-11  0.1318E-11
CALSDV   45   14  0.1277E-11  0.1276E-11
CALSDV   46   14  0.1353E-11  0.1351E-11
CALSDV   47   14  0.1316E-11  0.1315E-11
CALSDV   48   14  0.1393E-11  0.1392E-11
CALSDV   49   14  0.1365E-11  0.1363E-11
CALSDV   50   14  0.1443E-11  0.1441E-11
CALSDV   51   14  0.1424E-11  0.1422E-11
CALSDV   52   14  0.1503E-11  0.1501E-11
CALSDV   53   14  0.1494E-11  0.1493E-11
CALSDV   54   14  0.1575E-11  0.1573E-11
CALSDV   55   14  0.1579E-11  0.1577E-11
CALSDV   56   14  0.1662E-11  0.1660E-11
CALSDV   57   14  0.1683E-11  0.1681E-11
CALSDV   58   14  0.1769E-11  0.1767E-11
CALSDV   59   14  0.1826E-11  0.1823E-11
CALSDV   60   14  0.1923E-11  0.1921E-11
CALSDV   15   15  0.4339E-11  0.4325E-11
CALSDV   16   15  0.4586E-11  0.4576E-11
CALSDV   17   15  0.3290E-11  0.3282E-11
CALSDV   18   15  0.2427E-11  0.2420E-11
CALSDV   19   15  0.2822E-11  0.2827E-11
CALSDV   20   15  0.1875E-11  0.1854E-11
CALSDV   21   15  0.2191E-11  0.2185E-11
CALSDV   22   15  0.1672E-11  0.1673E-11
CALSDV   23   15  0.1724E-11  0.1713E-11
CALSDV   24   15  0.1524E-11  0.1527E-11
CALSDV   25   15  0.1447E-11  0.1435E-11
CALSDV   26   15  0.1394E-11  0.1393E-11
CALSDV   27   15  0.1305E-11  0.1293E-11
CALSDV   28   15  0.1291E-11  0.1286E-11
CALSDV   29   15  0.1243E-11  0.1231E-11
CALSDV   30   15  0.1219E-11  0.1210E-11
CALSDV   31   15  0.1221E-11  0.1209E-11
CALSDV   32   15  0.1172E-11  0.1163E-11
CALSDV   33   15  0.1218E-11  0.1206E-11
CALSDV   34   15  0.1150E-11  0.1140E-11
CALSDV   35   15  0.1226E-11  0.1214E-11
CALSDV   36   15  0.1146E-11  0.1135E-11
CALSDV   37   15  0.1238E-11  0.1226E-11
CALSDV   38   15  0.1156E-11  0.1146E-11
CALSDV   39   15  0.1256E-11  0.1244E-11
CALSDV   40   15  0.1177E-11  0.1168E-11
CALSDV   41   15  0.1278E-11  0.1267E-11
CALSDV   42   15  0.1208E-11  0.1200E-11
CALSDV   43   15  0.1305E-11  0.1295E-11
CALSDV   44   15  0.1248E-11  0.1239E-11
CALSDV   45   15  0.1338E-11  0.1328E-11
CALSDV   46   15  0.1296E-11  0.1287E-11
CALSDV   47   15  0.1378E-11  0.1368E-11
CALSDV   48   15  0.1351E-11  0.1342E-11
CALSDV   49   15  0.1426E-11  0.1416E-11
CALSDV   50   15  0.1415E-11  0.1406E-11
CALSDV   51   15  0.1482E-11  0.1473E-11
CALSDV   52   15  0.1487E-11  0.1479E-11
CALSDV   53   15  0.1548E-11  0.1539E-11
CALSDV   54   15  0.1570E-11  0.1561E-11
CALSDV   55   15  0.1628E-11  0.1619E-11
CALSDV   56   15  0.1666E-11  0.1656E-11
CALSDV   57   15  0.1725E-11  0.1716E-11
CALSDV   58   15  0.1779E-11  0.1769E-11
CALSDV   59   15  0.1870E-11  0.1860E-11
CALSDV   60   15  0.1933E-11  0.1922E-11
CALSDV   16   16  0.3323E-11  0.3321E-11
CALSDV   17   16  0.4391E-11  0.4427E-11
CALSDV   18   16  0.3205E-11  0.3202E-11
CALSDV   19   16  0.2293E-11  0.2313E-11
CALSDV   20   16  0.2729E-11  0.2733E-11
CALSDV   21   16  0.1886E-11  0.1890E-11
CALSDV   22   16  0.2046E-11  0.2048E-11
CALSDV   23   16  0.1794E-11  0.1795E-11
CALSDV   24   16  0.1579E-11  0.1582E-11
CALSDV   25   16  0.1693E-11  0.1695E-11
CALSDV   26   16  0.1359E-11  0.1359E-11
CALSDV   27   16  0.1584E-11  0.1584E-11
CALSDV   28   16  0.1297E-11  0.1295E-11
CALSDV   29   16  0.1487E-11  0.1487E-11
CALSDV   30   16  0.1305E-11  0.1303E-11
CALSDV   31   16  0.1413E-11  0.1413E-11
CALSDV   32   16  0.1335E-11  0.1332E-11
CALSDV   33   16  0.1363E-11  0.1363E-11
CALSDV   34   16  0.1366E-11  0.1364E-11
CALSDV   35   16  0.1335E-11  0.1334E-11
CALSDV   36   16  0.1393E-11  0.1391E-11
CALSDV   37   16  0.1323E-11  0.1322E-11
CALSDV   38   16  0.1417E-11  0.1416E-11
CALSDV   39   16  0.1325E-11  0.1324E-11
CALSDV   40   16  0.1438E-11  0.1437E-11
CALSDV   41   16  0.1338E-11  0.1337E-11
CALSDV   42   16  0.1460E-11  0.1459E-11
CALSDV   43   16  0.1359E-11  0.1359E-11
CALSDV   44   16  0.1484E-11  0.1483E-11
CALSDV   45   16  0.1390E-11  0.1390E-11
CALSDV   46   16  0.1511E-11  0.1511E-11
CALSDV   47   16  0.1427E-11  0.1428E-11
CALSDV   48   16  0.1543E-11  0.1545E-11
CALSDV   49   16  0.1473E-11  0.1474E-11
CALSDV   50   16  0.1583E-11  0.1585E-11
CALSDV   51   16  0.1527E-11  0.1530E-11
CALSDV   52   16  0.1631E-11  0.1634E-11
CALSDV   53   16  0.1590E-11  0.1593E-11
CALSDV   54   16  0.1689E-11  0.1692E-11
CALSDV   55   16  0.1666E-11  0.1670E-11
CALSDV   56   16  0.1762E-11  0.1765E-11
CALSDV   57   16  0.1758E-11  0.1762E-11
CALSDV   58   16  0.1853E-11  0.1858E-11
CALSDV   59   16  0.1902E-11  0.1906E-11
CALSDV   60   16  0.2005E-11  0.2010E-11
CALSDV   17   17  0.3139E-11  0.3135E-11
CALSDV   18   17  0.3846E-11  0.3847E-11
CALSDV   19   17  0.3099E-11  0.3113E-11
CALSDV   20   17  0.2133E-11  0.2132E-11
CALSDV   21   17  0.2721E-11  0.2725E-11
CALSDV   22   17  0.1988E-11  0.1990E-11
CALSDV   23   17  0.2093E-11  0.2095E-11
CALSDV   24   17  0.1904E-11  0.1907E-11
CALSDV   25   17  0.1631E-11  0.1636E-11
CALSDV   26   17  0.1735E-11  0.1739E-11
CALSDV   27   17  0.1375E-11  0.1380E-11
CALSDV   28   17  0.1548E-11  0.1552E-11
CALSDV   29   17  0.1264E-11  0.1271E-11
CALSDV   30   17  0.1390E-11  0.1393E-11
CALSDV   31   17  0.1235E-11  0.1240E-11
CALSDV   32   17  0.1278E-11  0.1283E-11
CALSDV   33   17  0.1241E-11  0.1246E-11
CALSDV   34   17  0.1216E-11  0.1218E-11
CALSDV   35   17  0.1261E-11  0.1266E-11
CALSDV   36   17  0.1192E-11  0.1196E-11
CALSDV   37   17  0.1287E-11  0.1291E-11
CALSDV   38   17  0.1199E-11  0.1203E-11
CALSDV   39   17  0.1316E-11  0.1320E-11
CALSDV   40   17  0.1228E-11  0.1230E-11
CALSDV   41   17  0.1347E-11  0.1351E-11
CALSDV   42   17  0.1268E-11  0.1271E-11
CALSDV   43   17  0.1382E-11  0.1385E-11
CALSDV   44   17  0.1318E-11  0.1321E-11
CALSDV   45   17  0.1420E-11  0.1423E-11
CALSDV   46   17  0.1376E-11  0.1379E-11
CALSDV   47   17  0.1462E-11  0.1466E-11
CALSDV   48   17  0.1438E-11  0.1441E-11
CALSDV   49   17  0.1511E-11  0.1514E-11
CALSDV   50   17  0.1505E-11  0.1509E-11
CALSDV   51   17  0.1566E-11  0.1570E-11
CALSDV   52   17  0.1579E-11  0.1583E-11
CALSDV   53   17  0.1629E-11  0.1633E-11
CALSDV   54   17  0.1659E-11  0.1663E-11
CALSDV   55   17  0.1702E-11  0.1707E-11
CALSDV   56   17  0.1748E-11  0.1754E-11
CALSDV   57   17  0.1791E-11  0.1796E-11
CALSDV   58   17  0.1852E-11  0.1857E-11
CALSDV   59   17  0.1932E-11  0.1938E-11
CALSDV   60   17  0.2007E-11  0.2013E-11
CALSDV   18   18  0.3550E-11  0.3535E-11
CALSDV   19   18  0.3955E-11  0.3948E-11
CALSDV   20   18  0.3365E-11  0.3352E-11
CALSDV   21   18  0.2057E-11  0.2044E-11
CALSDV   22   18  0.2868E-11  0.2860E-11
CALSDV   23   18  0.1883E-11  0.1876E-11
CALSDV   24   18  0.2132E-11  0.2127E-11
CALSDV   25   18  0.1864E-11  0.1860E-11
CALSDV   26   18  0.1633E-11  0.1631E-11
CALSDV   27   18  0.1764E-11  0.1763E-11
CALSDV   28   18  0.1420E-11  0.1419E-11
CALSDV   29   18  0.1638E-11  0.1639E-11
CALSDV   30   18  0.1394E-11  0.1394E-11
CALSDV   31   18  0.1531E-11  0.1532E-11
CALSDV   32   18  0.1442E-11  0.1441E-11
CALSDV   33   18  0.1458E-11  0.1459E-11
CALSDV   34   18  0.1501E-11  0.1501E-11
CALSDV   35   18  0.1421E-11  0.1420E-11
CALSDV   36   18  0.1554E-11  0.1554E-11
CALSDV   37   18  0.1411E-11  0.1410E-11
CALSDV   38   18  0.1595E-11  0.1595E-11
CALSDV   39   18  0.1420E-11  0.1419E-11
CALSDV   40   18  0.1627E-11  0.1626E-11
CALSDV   41   18  0.1442E-11  0.1440E-11
CALSDV   42   18  0.1652E-11  0.1652E-11
CALSDV   43   18  0.1473E-11  0.1471E-11
CALSDV   44   18  0.1674E-11  0.1673E-11
CALSDV   45   18  0.1511E-11  0.1508E-11
CALSDV   46   18  0.1696E-11  0.1695E-11
CALSDV   47   18  0.1553E-11  0.1550E-11
CALSDV   48   18  0.1720E-11  0.1719E-11
CALSDV   49   18  0.1599E-11  0.1597E-11
CALSDV   50   18  0.1749E-11  0.1747E-11
CALSDV   51   18  0.1651E-11  0.1648E-11
CALSDV   52   18  0.1784E-11  0.1781E-11
CALSDV   53   18  0.1708E-11  0.1706E-11
CALSDV   54   18  0.1826E-11  0.1824E-11
CALSDV   55   18  0.1774E-11  0.1771E-11
CALSDV   56   18  0.1882E-11  0.1879E-11
CALSDV   57   18  0.1852E-11  0.1850E-11
CALSDV   58   18  0.1954E-11  0.1952E-11
CALSDV   59   18  0.1991E-11  0.1988E-11
CALSDV   60   18  0.2097E-11  0.2095E-11
CALSDV   19   19  0.3028E-11  0.3032E-11
CALSDV   20   19  0.3726E-11  0.3738E-11
CALSDV   21   19  0.3115E-11  0.3118E-11
CALSDV   22   19  0.2071E-11  0.2058E-11
CALSDV   23   19  0.2726E-11  0.2732E-11
CALSDV   24   19  0.2120E-11  0.2112E-11
CALSDV   25   19  0.2118E-11  0.2123E-11
CALSDV   26   19  0.2127E-11  0.2124E-11
CALSDV   27   19  0.1696E-11  0.1696E-11
CALSDV   28   19  0.1983E-11  0.1983E-11
CALSDV   29   19  0.1473E-11  0.1473E-11
CALSDV   30   19  0.1791E-11  0.1793E-11
CALSDV   31   19  0.1383E-11  0.1382E-11
CALSDV   32   19  0.1618E-11  0.1622E-11
CALSDV   33   19  0.1360E-11  0.1360E-11
CALSDV   34   19  0.1492E-11  0.1497E-11
CALSDV   35   19  0.1368E-11  0.1367E-11
CALSDV   36   19  0.1417E-11  0.1423E-11
CALSDV   37   19  0.1388E-11  0.1387E-11
CALSDV   38   19  0.1390E-11  0.1395E-11
CALSDV   39   19  0.1413E-11  0.1413E-11
CALSDV   40   19  0.1396E-11  0.1400E-11
CALSDV   41   19  0.1445E-11  0.1445E-11
CALSDV   42   19  0.1426E-11  0.1430E-11
CALSDV   43   19  0.1479E-11  0.1480E-11
CALSDV   44   19  0.1470E-11  0.1473E-11
CALSDV   45   19  0.1519E-11  0.1519E-11
CALSDV   46   19  0.1524E-11  0.1526E-11
CALSDV   47   19  0.1563E-11  0.1563E-11
CALSDV   48   19  0.1584E-11  0.1585E-11
CALSDV   49   19  0.1612E-11  0.1613E-11
CALSDV   50   19  0.1648E-11  0.1649E-11
CALSDV   51   19  0.1667E-11  0.1667E-11
CALSDV   52   19  0.1715E-11  0.1715E-11
CALSDV   53   19  0.1727E-11  0.1727E-11
CALSDV   54   19  0.1786E-11  0.1787E-11
CALSDV   55   19  0.1795E-11  0.1795E-11
CALSDV   56   19  0.1864E-11  0.1864E-11
CALSDV   57   19  0.1874E-11  0.1874E-11
CALSDV   58   19  0.1953E-11  0.1953E-11
CALSDV   59   19  0.2010E-11  0.2010E-11
CALSDV   60   19  0.2101E-11  0.2101E-11
CALSDV   20   20  0.3379E-11  0.3371E-11
CALSDV   21   20  0.3838E-11  0.3850E-11
CALSDV   22   20  0.3453E-11  0.3452E-11
CALSDV   23   20  0.2016E-11  0.2024E-11
CALSDV   24   20  0.2992E-11  0.2991E-11
CALSDV   25   20  0.1977E-11  0.1982E-11
CALSDV   26   20  0.2243E-11  0.2243E-11
CALSDV   27   20  0.1985E-11  0.1989E-11
CALSDV   28   20  0.1728E-11  0.1727E-11
CALSDV   29   20  0.1866E-11  0.1869E-11
CALSDV   30   20  0.1507E-11  0.1508E-11
CALSDV   31   20  0.1712E-11  0.1714E-11
CALSDV   32   20  0.1484E-11  0.1485E-11
CALSDV   33   20  0.1587E-11  0.1589E-11
CALSDV   34   20  0.1541E-11  0.1542E-11
CALSDV   35   20  0.1512E-11  0.1514E-11
CALSDV   36   20  0.1613E-11  0.1614E-11
CALSDV   37   20  0.1485E-11  0.1488E-11
CALSDV   38   20  0.1676E-11  0.1678E-11
CALSDV   39   20  0.1496E-11  0.1499E-11
CALSDV   40   20  0.1727E-11  0.1729E-11
CALSDV   41   20  0.1528E-11  0.1531E-11
CALSDV   42   20  0.1767E-11  0.1769E-11
CALSDV   43   20  0.1573E-11  0.1575E-11
CALSDV   44   20  0.1799E-11  0.1801E-11
CALSDV   45   20  0.1622E-11  0.1625E-11
CALSDV   46   20  0.1826E-11  0.1828E-11
CALSDV   47   20  0.1674E-11  0.1677E-11
CALSDV   48   20  0.1852E-11  0.1855E-11
CALSDV   49   20  0.1726E-11  0.1729E-11
CALSDV   50   20  0.1880E-11  0.1882E-11
CALSDV   51   20  0.1779E-11  0.1781E-11
CALSDV   52   20  0.1910E-11  0.1912E-11
CALSDV   53   20  0.1831E-11  0.1833E-11
CALSDV   54   20  0.1945E-11  0.1947E-11
CALSDV   55   20  0.1887E-11  0.1890E-11
CALSDV   56   20  0.1989E-11  0.1991E-11
CALSDV   57   20  0.1950E-11  0.1953E-11
CALSDV   58   20  0.2046E-11  0.2049E-11
CALSDV   59   20  0.2077E-11  0.2080E-11
CALSDV   60   20  0.2177E-11  0.2180E-11
CALSDV   21   21  0.3110E-11  0.3118E-11
CALSDV   22   21  0.3734E-11  0.3733E-11
CALSDV   23   21  0.3147E-11  0.3149E-11
CALSDV   24   21  0.2005E-11  0.1999E-11
CALSDV   25   21  0.2731E-11  0.2736E-11
CALSDV   26   21  0.2194E-11  0.2187E-11
CALSDV   27   21  0.2145E-11  0.2148E-11
CALSDV   28   21  0.2285E-11  0.2279E-11
CALSDV   29   21  0.1776E-11  0.1779E-11
CALSDV   30   21  0.2173E-11  0.2168E-11
CALSDV   31   21  0.1608E-11  0.1610E-11
CALSDV   32   21  0.1988E-11  0.1984E-11
CALSDV   33   21  0.1548E-11  0.1551E-11
CALSDV   34   21  0.1811E-11  0.1809E-11
CALSDV   35   21  0.1538E-11  0.1540E-11
CALSDV   36   21  0.1683E-11  0.1683E-11
CALSDV   37   21  0.1545E-11  0.1547E-11
CALSDV   38   21  0.1609E-11  0.1610E-11
CALSDV   39   21  0.1562E-11  0.1562E-11
CALSDV   40   21  0.1585E-11  0.1587E-11
CALSDV   41   21  0.1584E-11  0.1584E-11
CALSDV   42   21  0.1596E-11  0.1598E-11
CALSDV   43   21  0.1613E-11  0.1612E-11
CALSDV   44   21  0.1631E-11  0.1633E-11
CALSDV   45   21  0.1647E-11  0.1647E-11
CALSDV   46   21  0.1680E-11  0.1683E-11
CALSDV   47   21  0.1688E-11  0.1687E-11
CALSDV   48   21  0.1736E-11  0.1739E-11
CALSDV   49   21  0.1734E-11  0.1733E-11
CALSDV   50   21  0.1796E-11  0.1799E-11
CALSDV   51   21  0.1786E-11  0.1785E-11
CALSDV   52   21  0.1859E-11  0.1861E-11
CALSDV   53   21  0.1840E-11  0.1839E-11
CALSDV   54   21  0.1921E-11  0.1922E-11
CALSDV   55   21  0.1901E-11  0.1900E-11
CALSDV   56   21  0.1987E-11  0.1988E-11
CALSDV   57   21  0.1967E-11  0.1967E-11
CALSDV   58   21  0.2059E-11  0.2059E-11
CALSDV   59   21  0.2093E-11  0.2092E-11
CALSDV   60   21  0.2194E-11  0.2194E-11
CALSDV   22   22  0.3070E-11  0.3072E-11
CALSDV   23   22  0.3815E-11  0.3810E-11
CALSDV   24   22  0.3486E-11  0.3483E-11
CALSDV   25   22  0.2017E-11  0.2020E-11
CALSDV   26   22  0.3055E-11  0.3054E-11
CALSDV   27   22  0.2096E-11  0.2097E-11
CALSDV   28   22  0.2316E-11  0.2317E-11
CALSDV   29   22  0.2128E-11  0.2126E-11
CALSDV   30   22  0.1814E-11  0.1816E-11
CALSDV   31   22  0.1984E-11  0.1981E-11
CALSDV   32   22  0.1606E-11  0.1608E-11
CALSDV   33   22  0.1796E-11  0.1791E-11
CALSDV   34   22  0.1588E-11  0.1588E-11
CALSDV   35   22  0.1647E-11  0.1642E-11
CALSDV   36   22  0.1645E-11  0.1646E-11
CALSDV   37   22  0.1568E-11  0.1564E-11
CALSDV   38   22  0.1718E-11  0.1718E-11
CALSDV   39   22  0.1556E-11  0.1552E-11
CALSDV   40   22  0.1785E-11  0.1785E-11
CALSDV   41   22  0.1590E-11  0.1588E-11
CALSDV   42   22  0.1840E-11  0.1840E-11
CALSDV   43   22  0.1649E-11  0.1647E-11
CALSDV   44   22  0.1886E-11  0.1886E-11
CALSDV   45   22  0.1717E-11  0.1716E-11
CALSDV   46   22  0.1925E-11  0.1926E-11
CALSDV   47   22  0.1786E-11  0.1785E-11
CALSDV   48   22  0.1960E-11  0.1961E-11
CALSDV   49   22  0.1850E-11  0.1850E-11
CALSDV   50   22  0.1993E-11  0.1993E-11
CALSDV   51   22  0.1910E-11  0.1909E-11
CALSDV   52   22  0.2026E-11  0.2027E-11
CALSDV   53   22  0.1962E-11  0.1962E-11
CALSDV   54   22  0.2060E-11  0.2060E-11
CALSDV   55   22  0.2011E-11  0.2011E-11
CALSDV   56   22  0.2098E-11  0.2098E-11
CALSDV   57   22  0.2060E-11  0.2060E-11
CALSDV   58   22  0.2143E-11  0.2143E-11
CALSDV   59   22  0.2170E-11  0.2170E-11
CALSDV   60   22  0.2259E-11  0.2260E-11
CALSDV   23   23  0.3028E-11  0.3100E-11
CALSDV   24   23  0.3813E-11  0.3787E-11
CALSDV   25   23  0.3179E-11  0.3177E-11
CALSDV   26   23  0.1975E-11  0.1975E-11
CALSDV   27   23  0.2735E-11  0.2732E-11
CALSDV   28   23  0.2246E-11  0.2247E-11
CALSDV   29   23  0.2152E-11  0.2158E-11
CALSDV   30   23  0.2385E-11  0.2389E-11
CALSDV   31   23  0.1842E-11  0.1836E-11
CALSDV   32   23  0.2286E-11  0.2290E-11
CALSDV   33   23  0.1737E-11  0.1721E-11
CALSDV   34   23  0.2099E-11  0.2105E-11
CALSDV   35   23  0.1715E-11  0.1697E-11
CALSDV   36   23  0.1924E-11  0.1927E-11
CALSDV   37   23  0.1718E-11  0.1700E-11
CALSDV   38   23  0.1803E-11  0.1803E-11
CALSDV   39   23  0.1726E-11  0.1711E-11
CALSDV   40   23  0.1743E-11  0.1740E-11
CALSDV   41   23  0.1738E-11  0.1727E-11
CALSDV   42   23  0.1737E-11  0.1733E-11
CALSDV   43   23  0.1756E-11  0.1748E-11
CALSDV   44   23  0.1766E-11  0.1761E-11
CALSDV   45   23  0.1783E-11  0.1778E-11
CALSDV   46   23  0.1815E-11  0.1810E-11
CALSDV   47   23  0.1819E-11  0.1816E-11
CALSDV   48   23  0.1875E-11  0.1870E-11
CALSDV   49   23  0.1861E-11  0.1859E-11
CALSDV   50   23  0.1938E-11  0.1934E-11
CALSDV   51   23  0.1909E-11  0.1908E-11
CALSDV   52   23  0.2000E-11  0.1996E-11
CALSDV   53   23  0.1960E-11  0.1960E-11
CALSDV   54   23  0.2058E-11  0.2056E-11
CALSDV   55   23  0.2013E-11  0.2013E-11
CALSDV   56   23  0.2115E-11  0.2112E-11
CALSDV   57   23  0.2069E-11  0.2068E-11
CALSDV   58   23  0.2171E-11  0.2168E-11
CALSDV   59   23  0.2178E-11  0.2179E-11
CALSDV   60   23  0.2287E-11  0.2286E-11
CALSDV   24   24  0.3000E-11  0.2993E-11
CALSDV   25   24  0.3867E-11  0.3857E-11
CALSDV   26   24  0.3542E-11  0.3533E-11
CALSDV   27   24  0.2070E-11  0.2066E-11
CALSDV   28   24  0.3099E-11  0.3099E-11
CALSDV   29   24  0.2248E-11  0.2244E-11
CALSDV   30   24  0.2374E-11  0.2380E-11
CALSDV   31   24  0.2295E-11  0.2291E-11
CALSDV   32   24  0.1908E-11  0.1914E-11
CALSDV   33   24  0.2125E-11  0.2121E-11
CALSDV   34   24  0.1730E-11  0.1737E-11
CALSDV   35   24  0.1900E-11  0.1896E-11
CALSDV   36   24  0.1720E-11  0.1723E-11
CALSDV   37   24  0.1727E-11  0.1723E-11
CALSDV   38   24  0.1773E-11  0.1774E-11
CALSDV   39   24  0.1647E-11  0.1643E-11
CALSDV   40   24  0.1838E-11  0.1837E-11
CALSDV   41   24  0.1650E-11  0.1648E-11
CALSDV   42   24  0.1900E-11  0.1898E-11
CALSDV   43   24  0.1711E-11  0.1708E-11
CALSDV   44   24  0.1955E-11  0.1953E-11
CALSDV   45   24  0.1797E-11  0.1794E-11
CALSDV   46   24  0.2006E-11  0.2003E-11
CALSDV   47   24  0.1887E-11  0.1882E-11
CALSDV   48   24  0.2051E-11  0.2049E-11
CALSDV   49   24  0.1970E-11  0.1966E-11
CALSDV   50   24  0.2094E-11  0.2091E-11
CALSDV   51   24  0.2041E-11  0.2036E-11
CALSDV   52   24  0.2134E-11  0.2131E-11
CALSDV   53   24  0.2098E-11  0.2094E-11
CALSDV   54   24  0.2172E-11  0.2169E-11
CALSDV   55   24  0.2143E-11  0.2139E-11
CALSDV   56   24  0.2209E-11  0.2205E-11
CALSDV   57   24  0.2177E-11  0.2174E-11
CALSDV   58   24  0.2244E-11  0.2241E-11
CALSDV   59   24  0.2268E-11  0.2264E-11
CALSDV   60   24  0.2345E-11  0.2341E-11
CALSDV   25   25  0.3022E-11  0.3015E-11
CALSDV   26   25  0.3953E-11  0.3943E-11
CALSDV   27   25  0.3316E-11  0.3306E-11
CALSDV   28   25  0.2044E-11  0.2035E-11
CALSDV   29   25  0.2817E-11  0.2809E-11
CALSDV   30   25  0.2350E-11  0.2340E-11
CALSDV   31   25  0.2206E-11  0.2201E-11
CALSDV   32   25  0.2512E-11  0.2506E-11
CALSDV   33   25  0.1922E-11  0.1919E-11
CALSDV   34   25  0.2420E-11  0.2416E-11
CALSDV   35   25  0.1875E-11  0.1874E-11
CALSDV   36   25  0.2242E-11  0.2240E-11
CALSDV   37   25  0.1905E-11  0.1905E-11
CALSDV   38   25  0.2082E-11  0.2083E-11
CALSDV   39   25  0.1942E-11  0.1943E-11
CALSDV   40   25  0.1988E-11  0.1990E-11
CALSDV   41   25  0.1968E-11  0.1971E-11
CALSDV   42   25  0.1957E-11  0.1960E-11
CALSDV   43   25  0.1989E-11  0.1991E-11
CALSDV   44   25  0.1976E-11  0.1981E-11
CALSDV   45   25  0.2010E-11  0.2012E-11
CALSDV   46   25  0.2024E-11  0.2028E-11
CALSDV   47   25  0.2035E-11  0.2038E-11
CALSDV   48   25  0.2083E-11  0.2087E-11
CALSDV   49   25  0.2067E-11  0.2066E-11
CALSDV   50   25  0.2144E-11  0.2145E-11
CALSDV   51   25  0.2098E-11  0.2100E-11
CALSDV   52   25  0.2198E-11  0.2200E-11
CALSDV   53   25  0.2134E-11  0.2133E-11
CALSDV   54   25  0.2243E-11  0.2245E-11
CALSDV   55   25  0.2168E-11  0.2169E-11
CALSDV   56   25  0.2282E-11  0.2282E-11
CALSDV   57   25  0.2199E-11  0.2198E-11
CALSDV   58   25  0.2310E-11  0.2310E-11
CALSDV   59   25  0.2284E-11  0.2282E-11
CALSDV   60   25  0.2399E-11  0.2399E-11
CALSDV   26   26  0.3047E-11  0.3042E-11
CALSDV   27   26  0.3985E-11  0.3990E-11
CALSDV   28   26  0.3627E-11  0.3631E-11
CALSDV   29   26  0.2179E-11  0.2182E-11
CALSDV   30   26  0.3154E-11  0.3160E-11
CALSDV   31   26  0.2436E-11  0.2435E-11
CALSDV   32   26  0.2449E-11  0.2453E-11
CALSDV   33   26  0.2492E-11  0.2489E-11
CALSDV   34   26  0.2032E-11  0.2032E-11
CALSDV   35   26  0.2295E-11  0.2292E-11
CALSDV   36   26  0.1891E-11  0.1889E-11
CALSDV   37   26  0.2037E-11  0.2034E-11
CALSDV   38   26  0.1886E-11  0.1883E-11
CALSDV   39   26  0.1845E-11  0.1842E-11
CALSDV   40   26  0.1928E-11  0.1924E-11
CALSDV   41   26  0.1766E-11  0.1764E-11
CALSDV   42   26  0.1979E-11  0.1976E-11
CALSDV   43   26  0.1788E-11  0.1786E-11
CALSDV   44   26  0.2031E-11  0.2028E-11
CALSDV   45   26  0.1872E-11  0.1871E-11
CALSDV   46   26  0.2083E-11  0.2081E-11
CALSDV   47   26  0.1979E-11  0.1976E-11
CALSDV   48   26  0.2136E-11  0.2134E-11
CALSDV   49   26  0.2082E-11  0.2080E-11
CALSDV   50   26  0.2189E-11  0.2187E-11
CALSDV   51   26  0.2170E-11  0.2168E-11
CALSDV   52   26  0.2240E-11  0.2238E-11
CALSDV   53   26  0.2234E-11  0.2232E-11
CALSDV   54   26  0.2282E-11  0.2280E-11
CALSDV   55   26  0.2278E-11  0.2276E-11
CALSDV   56   26  0.2321E-11  0.2319E-11
CALSDV   57   26  0.2300E-11  0.2298E-11
CALSDV   58   26  0.2350E-11  0.2348E-11
CALSDV   59   26  0.2366E-11  0.2363E-11
CALSDV   60   26  0.2432E-11  0.2430E-11
CALSDV   27   27  0.2942E-11  0.2944E-11
CALSDV   28   27  0.4112E-11  0.4111E-11
CALSDV   29   27  0.3573E-11  0.3550E-11
CALSDV   30   27  0.2158E-11  0.2157E-11
CALSDV   31   27  0.3009E-11  0.2989E-11
CALSDV   32   27  0.2479E-11  0.2473E-11
CALSDV   33   27  0.2311E-11  0.2303E-11
CALSDV   34   27  0.2622E-11  0.2618E-11
CALSDV   35   27  0.2016E-11  0.2013E-11
CALSDV   36   27  0.2500E-11  0.2495E-11
CALSDV   37   27  0.2024E-11  0.2016E-11
CALSDV   38   27  0.2301E-11  0.2297E-11
CALSDV   39   27  0.2119E-11  0.2103E-11
CALSDV   40   27  0.2146E-11  0.2141E-11
CALSDV   41   27  0.2207E-11  0.2184E-11
CALSDV   42   27  0.2078E-11  0.2071E-11
CALSDV   43   27  0.2266E-11  0.2241E-11
CALSDV   44   27  0.2085E-11  0.2079E-11
CALSDV   45   27  0.2304E-11  0.2276E-11
CALSDV   46   27  0.2143E-11  0.2137E-11
CALSDV   47   27  0.2329E-11  0.2302E-11
CALSDV   48   27  0.2221E-11  0.2215E-11
CALSDV   49   27  0.2347E-11  0.2322E-11
CALSDV   50   27  0.2298E-11  0.2293E-11
CALSDV   51   27  0.2361E-11  0.2340E-11
CALSDV   52   27  0.2364E-11  0.2360E-11
CALSDV   53   27  0.2369E-11  0.2353E-11
CALSDV   54   27  0.2413E-11  0.2410E-11
CALSDV   55   27  0.2370E-11  0.2358E-11
CALSDV   56   27  0.2440E-11  0.2438E-11
CALSDV   57   27  0.2364E-11  0.2356E-11
CALSDV   58   27  0.2451E-11  0.2449E-11
CALSDV   59   27  0.2407E-11  0.2402E-11
CALSDV   60   27  0.2509E-11  0.2507E-11
CALSDV   28   28  0.3068E-11  0.3084E-11
CALSDV   29   28  0.4124E-11  0.4119E-11
CALSDV   30   28  0.3740E-11  0.3746E-11
CALSDV   31   28  0.2293E-11  0.2290E-11
CALSDV   32   28  0.3217E-11  0.3223E-11
CALSDV   33   28  0.2624E-11  0.2627E-11
CALSDV   34   28  0.2525E-11  0.2527E-11
CALSDV   35   28  0.2684E-11  0.2689E-11
CALSDV   36   28  0.2159E-11  0.2161E-11
CALSDV   37   28  0.2461E-11  0.2466E-11
CALSDV   38   28  0.2057E-11  0.2059E-11
CALSDV   39   28  0.2176E-11  0.2183E-11
CALSDV   40   28  0.2060E-11  0.2061E-11
CALSDV   41   28  0.1973E-11  0.1981E-11
CALSDV   42   28  0.2092E-11  0.2093E-11
CALSDV   43   28  0.1908E-11  0.1914E-11
CALSDV   44   28  0.2130E-11  0.2131E-11
CALSDV   45   28  0.1954E-11  0.1959E-11
CALSDV   46   28  0.2174E-11  0.2175E-11
CALSDV   47   28  0.2063E-11  0.2066E-11
CALSDV   48   28  0.2226E-11  0.2226E-11
CALSDV   49   28  0.2185E-11  0.2187E-11
CALSDV   50   28  0.2284E-11  0.2284E-11
CALSDV   51   28  0.2294E-11  0.2295E-11
CALSDV   52   28  0.2343E-11  0.2343E-11
CALSDV   53   28  0.2374E-11  0.2375E-11
CALSDV   54   28  0.2397E-11  0.2397E-11
CALSDV   55   28  0.2421E-11  0.2420E-11
CALSDV   56   28  0.2438E-11  0.2437E-11
CALSDV   57   28  0.2430E-11  0.2429E-11
CALSDV   58   28  0.2461E-11  0.2461E-11
CALSDV   59   28  0.2469E-11  0.2469E-11
CALSDV   60   28  0.2525E-11  0.2524E-11
CALSDV   29   29  0.2870E-11  0.2843E-11
CALSDV   30   29  0.4300E-11  0.4307E-11
CALSDV   31   29  0.3835E-11  0.3851E-11
CALSDV   32   29  0.2347E-11  0.2348E-11
CALSDV   33   29  0.3227E-11  0.3233E-11
CALSDV   34   29  0.2679E-11  0.2679E-11
CALSDV   35   29  0.2469E-11  0.2470E-11
CALSDV   36   29  0.2790E-11  0.2789E-11
CALSDV   37   29  0.2144E-11  0.2144E-11
CALSDV   38   29  0.2633E-11  0.2630E-11
CALSDV   39   29  0.2149E-11  0.2149E-11
CALSDV   40   29  0.2420E-11  0.2421E-11
CALSDV   41   29  0.2250E-11  0.2253E-11
CALSDV   42   29  0.2283E-11  0.2284E-11
CALSDV   43   29  0.2346E-11  0.2350E-11
CALSDV   44   29  0.2258E-11  0.2257E-11
CALSDV   45   29  0.2414E-11  0.2420E-11
CALSDV   46   29  0.2312E-11  0.2311E-11
CALSDV   47   29  0.2460E-11  0.2466E-11
CALSDV   48   29  0.2406E-11  0.2404E-11
CALSDV   49   29  0.2492E-11  0.2498E-11
CALSDV   50   29  0.2503E-11  0.2501E-11
CALSDV   51   29  0.2515E-11  0.2520E-11
CALSDV   52   29  0.2583E-11  0.2578E-11
CALSDV   53   29  0.2528E-11  0.2531E-11
CALSDV   54   29  0.2632E-11  0.2626E-11
CALSDV   55   29  0.2526E-11  0.2527E-11
CALSDV   56   29  0.2648E-11  0.2642E-11
CALSDV   57   29  0.2503E-11  0.2500E-11
CALSDV   58   29  0.2626E-11  0.2619E-11
CALSDV   59   29  0.2517E-11  0.2515E-11
CALSDV   60   29  0.2642E-11  0.2639E-11
CALSDV   30   30  0.3357E-11  0.3352E-11
CALSDV   31   30  0.4411E-11  0.4433E-11
CALSDV   32   30  0.3946E-11  0.3952E-11
CALSDV   33   30  0.2486E-11  0.2490E-11
CALSDV   34   30  0.3349E-11  0.3340E-11
CALSDV   35   30  0.2814E-11  0.2827E-11
CALSDV   36   30  0.2659E-11  0.2657E-11
CALSDV   37   30  0.2873E-11  0.2889E-11
CALSDV   38   30  0.2362E-11  0.2359E-11
CALSDV   39   30  0.2644E-11  0.2659E-11
CALSDV   40   30  0.2313E-11  0.2314E-11
CALSDV   41   30  0.2366E-11  0.2381E-11
CALSDV   42   30  0.2333E-11  0.2338E-11
CALSDV   43   30  0.2189E-11  0.2203E-11
CALSDV   44   30  0.2360E-11  0.2365E-11
CALSDV   45   30  0.2156E-11  0.2168E-11
CALSDV   46   30  0.2384E-11  0.2390E-11
CALSDV   47   30  0.2227E-11  0.2238E-11
CALSDV   48   30  0.2414E-11  0.2421E-11
CALSDV   49   30  0.2347E-11  0.2354E-11
CALSDV   50   30  0.2454E-11  0.2462E-11
CALSDV   51   30  0.2464E-11  0.2468E-11
CALSDV   52   30  0.2504E-11  0.2512E-11
CALSDV   53   30  0.2551E-11  0.2553E-11
CALSDV   54   30  0.2552E-11  0.2558E-11
CALSDV   55   30  0.2596E-11  0.2595E-11
CALSDV   56   30  0.2590E-11  0.2593E-11
CALSDV   57   30  0.2592E-11  0.2589E-11
CALSDV   58   30  0.2603E-11  0.2603E-11
CALSDV   59   30  0.2588E-11  0.2589E-11
CALSDV   60   30  0.2633E-11  0.2635E-11
CALSDV   31   31  0.3121E-11  0.3093E-11
CALSDV   32   31  0.4520E-11  0.4533E-11
CALSDV   33   31  0.4069E-11  0.4082E-11
CALSDV   34   31  0.2598E-11  0.2597E-11
CALSDV   35   31  0.3493E-11  0.3485E-11
CALSDV   36   31  0.2944E-11  0.2946E-11
CALSDV   37   31  0.2738E-11  0.2726E-11
CALSDV   38   31  0.3007E-11  0.3003E-11
CALSDV   39   31  0.2381E-11  0.2372E-11
CALSDV   40   31  0.2793E-11  0.2787E-11
CALSDV   41   31  0.2327E-11  0.2316E-11
CALSDV   42   31  0.2556E-11  0.2549E-11
CALSDV   43   31  0.2372E-11  0.2359E-11
CALSDV   44   31  0.2435E-11  0.2430E-11
CALSDV   45   31  0.2430E-11  0.2415E-11
CALSDV   46   31  0.2453E-11  0.2448E-11
CALSDV   47   31  0.2481E-11  0.2467E-11
CALSDV   48   31  0.2553E-11  0.2548E-11
CALSDV   49   31  0.2529E-11  0.2517E-11
CALSDV   50   31  0.2678E-11  0.2672E-11
CALSDV   51   31  0.2573E-11  0.2563E-11
CALSDV   52   31  0.2783E-11  0.2778E-11
CALSDV   53   31  0.2610E-11  0.2602E-11
CALSDV   54   31  0.2847E-11  0.2842E-11
CALSDV   55   31  0.2629E-11  0.2622E-11
CALSDV   56   31  0.2859E-11  0.2854E-11
CALSDV   57   31  0.2618E-11  0.2611E-11
CALSDV   58   31  0.2818E-11  0.2811E-11
CALSDV   59   31  0.2613E-11  0.2611E-11
CALSDV   60   31  0.2784E-11  0.2782E-11
CALSDV   32   32  0.3076E-11  0.3055E-11
CALSDV   33   32  0.4449E-11  0.4441E-11
CALSDV   34   32  0.4068E-11  0.4063E-11
CALSDV   35   32  0.2568E-11  0.2569E-11
CALSDV   36   32  0.3417E-11  0.3413E-11
CALSDV   37   32  0.3030E-11  0.3035E-11
CALSDV   38   32  0.2715E-11  0.2711E-11
CALSDV   39   32  0.3076E-11  0.3083E-11
CALSDV   40   32  0.2446E-11  0.2445E-11
CALSDV   41   32  0.2792E-11  0.2803E-11
CALSDV   42   32  0.2424E-11  0.2425E-11
CALSDV   43   32  0.2471E-11  0.2482E-11
CALSDV   44   32  0.2454E-11  0.2455E-11
CALSDV   45   32  0.2284E-11  0.2295E-11
CALSDV   46   32  0.2480E-11  0.2481E-11
CALSDV   47   32  0.2275E-11  0.2285E-11
CALSDV   48   32  0.2509E-11  0.2508E-11
CALSDV   49   32  0.2381E-11  0.2388E-11
CALSDV   50   32  0.2551E-11  0.2551E-11
CALSDV   51   32  0.2524E-11  0.2530E-11
CALSDV   52   32  0.2607E-11  0.2607E-11
CALSDV   53   32  0.2647E-11  0.2651E-11
CALSDV   54   32  0.2667E-11  0.2667E-11
CALSDV   55   32  0.2718E-11  0.2719E-11
CALSDV   56   32  0.2714E-11  0.2714E-11
CALSDV   57   32  0.2719E-11  0.2720E-11
CALSDV   58   32  0.2728E-11  0.2728E-11
CALSDV   59   32  0.2701E-11  0.2702E-11
CALSDV   60   32  0.2742E-11  0.2743E-11
CALSDV   33   33  0.3051E-11  0.3051E-11
CALSDV   34   33  0.4559E-11  0.4572E-11
CALSDV   35   33  0.4378E-11  0.4384E-11
CALSDV   36   33  0.2588E-11  0.2600E-11
CALSDV   37   33  0.3651E-11  0.3652E-11
CALSDV   38   33  0.3059E-11  0.3060E-11
CALSDV   39   33  0.2766E-11  0.2767E-11
CALSDV   40   33  0.3114E-11  0.3114E-11
CALSDV   41   33  0.2433E-11  0.2436E-11
CALSDV   42   33  0.2846E-11  0.2849E-11
CALSDV   43   33  0.2509E-11  0.2508E-11
CALSDV   44   33  0.2562E-11  0.2568E-11
CALSDV   45   33  0.2682E-11  0.2677E-11
CALSDV   46   33  0.2430E-11  0.2437E-11
CALSDV   47   33  0.2830E-11  0.2820E-11
CALSDV   48   33  0.2471E-11  0.2477E-11
CALSDV   49   33  0.2928E-11  0.2914E-11
CALSDV   50   33  0.2607E-11  0.2611E-11
CALSDV   51   33  0.2978E-11  0.2962E-11
CALSDV   52   33  0.2761E-11  0.2763E-11
CALSDV   53   33  0.2986E-11  0.2973E-11
CALSDV   54   33  0.2880E-11  0.2881E-11
CALSDV   55   33  0.2954E-11  0.2944E-11
CALSDV   56   33  0.2938E-11  0.2937E-11
CALSDV   57   33  0.2874E-11  0.2868E-11
CALSDV   58   33  0.2919E-11  0.2918E-11
CALSDV   59   33  0.2791E-11  0.2789E-11
CALSDV   60   33  0.2878E-11  0.2879E-11
CALSDV   34   34  0.3049E-11  0.3058E-11
CALSDV   35   34  0.4555E-11  0.4555E-11
CALSDV   36   34  0.4252E-11  0.4249E-11
CALSDV   37   34  0.2684E-11  0.2681E-11
CALSDV   38   34  0.3532E-11  0.3530E-11
CALSDV   39   34  0.3247E-11  0.3238E-11
CALSDV   40   34  0.2820E-11  0.2819E-11
CALSDV   41   34  0.3293E-11  0.3284E-11
CALSDV   42   34  0.2583E-11  0.2584E-11
CALSDV   43   34  0.2993E-11  0.2982E-11
CALSDV   44   34  0.2584E-11  0.2579E-11
CALSDV   45   34  0.2675E-11  0.2667E-11
CALSDV   46   34  0.2616E-11  0.2604E-11
CALSDV   47   34  0.2521E-11  0.2514E-11
CALSDV   48   34  0.2637E-11  0.2623E-11
CALSDV   49   34  0.2550E-11  0.2543E-11
CALSDV   50   34  0.2667E-11  0.2652E-11
CALSDV   51   34  0.2673E-11  0.2667E-11
CALSDV   52   34  0.2718E-11  0.2704E-11
CALSDV   53   34  0.2805E-11  0.2800E-11
CALSDV   54   34  0.2784E-11  0.2771E-11
CALSDV   55   34  0.2887E-11  0.2882E-11
CALSDV   56   34  0.2841E-11  0.2832E-11
CALSDV   57   34  0.2885E-11  0.2880E-11
CALSDV   58   34  0.2857E-11  0.2851E-11
CALSDV   59   34  0.2831E-11  0.2828E-11
CALSDV   60   34  0.2854E-11  0.2850E-11
CALSDV   35   35  0.3044E-11  0.3017E-11
CALSDV   36   35  0.4726E-11  0.4727E-11
CALSDV   37   35  0.4683E-11  0.4684E-11
CALSDV   38   35  0.2768E-11  0.2764E-11
CALSDV   39   35  0.3888E-11  0.3884E-11
CALSDV   40   35  0.3282E-11  0.3283E-11
CALSDV   41   35  0.2944E-11  0.2943E-11
CALSDV   42   35  0.3297E-11  0.3299E-11
CALSDV   43   35  0.2600E-11  0.2602E-11
CALSDV   44   35  0.2986E-11  0.2990E-11
CALSDV   45   35  0.2682E-11  0.2679E-11
CALSDV   46   35  0.2708E-11  0.2710E-11
CALSDV   47   35  0.2862E-11  0.2854E-11
CALSDV   48   35  0.2631E-11  0.2632E-11
CALSDV   49   35  0.3007E-11  0.3002E-11
CALSDV   50   35  0.2735E-11  0.2736E-11
CALSDV   51   35  0.3100E-11  0.3094E-11
CALSDV   52   35  0.2909E-11  0.2911E-11
CALSDV   53   35  0.3138E-11  0.3134E-11
CALSDV   54   35  0.3060E-11  0.3063E-11
CALSDV   55   35  0.3119E-11  0.3117E-11
CALSDV   56   35  0.3136E-11  0.3140E-11
CALSDV   57   35  0.3034E-11  0.3035E-11
CALSDV   58   35  0.3110E-11  0.3114E-11
CALSDV   59   35  0.2917E-11  0.2920E-11
CALSDV   60   35  0.3025E-11  0.3029E-11
CALSDV   36   36  0.3226E-11  0.3219E-11
CALSDV   37   36  0.4705E-11  0.4705E-11
CALSDV   38   36  0.4474E-11  0.4492E-11
CALSDV   39   36  0.2839E-11  0.2846E-11
CALSDV   40   36  0.3675E-11  0.3691E-11
CALSDV   41   36  0.3473E-11  0.3473E-11
CALSDV   42   36  0.2959E-11  0.2966E-11
CALSDV   43   36  0.3519E-11  0.3513E-11
CALSDV   44   36  0.2767E-11  0.2767E-11
CALSDV   45   36  0.3222E-11  0.3211E-11
CALSDV   46   36  0.2795E-11  0.2794E-11
CALSDV   47   36  0.2946E-11  0.2933E-11
CALSDV   48   36  0.2834E-11  0.2835E-11
CALSDV   49   36  0.2849E-11  0.2836E-11
CALSDV   50   36  0.2860E-11  0.2862E-11
CALSDV   51   36  0.2913E-11  0.2902E-11
CALSDV   52   36  0.2895E-11  0.2898E-11
CALSDV   53   36  0.3027E-11  0.3020E-11
CALSDV   54   36  0.2949E-11  0.2953E-11
CALSDV   55   36  0.3104E-11  0.3099E-11
CALSDV   56   36  0.3001E-11  0.3004E-11
CALSDV   57   36  0.3084E-11  0.3081E-11
CALSDV   58   36  0.3011E-11  0.3014E-11
CALSDV   59   36  0.2982E-11  0.2983E-11
CALSDV   60   36  0.2976E-11  0.2979E-11
CALSDV   37   37  0.2993E-11  0.2981E-11
CALSDV   38   37  0.4891E-11  0.4893E-11
CALSDV   39   37  0.4980E-11  0.4984E-11
CALSDV   40   37  0.2965E-11  0.2969E-11
CALSDV   41   37  0.4100E-11  0.4105E-11
CALSDV   42   37  0.3522E-11  0.3522E-11
CALSDV   43   37  0.3107E-11  0.3111E-11
CALSDV   44   37  0.3477E-11  0.3473E-11
CALSDV   45   37  0.2767E-11  0.2767E-11
CALSDV   46   37  0.3109E-11  0.3104E-11
CALSDV   47   37  0.2859E-11  0.2856E-11
CALSDV   48   37  0.2829E-11  0.2824E-11
CALSDV   49   37  0.3041E-11  0.3036E-11
CALSDV   50   37  0.2802E-11  0.2798E-11
CALSDV   51   37  0.3183E-11  0.3179E-11
CALSDV   52   37  0.2961E-11  0.2959E-11
CALSDV   53   37  0.3262E-11  0.3259E-11
CALSDV   54   37  0.3155E-11  0.3153E-11
CALSDV   55   37  0.3273E-11  0.3270E-11
CALSDV   56   37  0.3281E-11  0.3276E-11
CALSDV   57   37  0.3196E-11  0.3193E-11
CALSDV   58   37  0.3277E-11  0.3273E-11
CALSDV   59   37  0.3050E-11  0.3049E-11
CALSDV   60   37  0.3167E-11  0.3164E-11
CALSDV   38   38  0.3312E-11  0.3314E-11
CALSDV   39   38  0.4856E-11  0.4877E-11
CALSDV   40   38  0.4736E-11  0.4732E-11
CALSDV   41   38  0.3031E-11  0.3030E-11
CALSDV   42   38  0.3840E-11  0.3849E-11
CALSDV   43   38  0.3710E-11  0.3710E-11
CALSDV   44   38  0.3107E-11  0.3115E-11
CALSDV   45   38  0.3746E-11  0.3739E-11
CALSDV   46   38  0.2951E-11  0.2957E-11
CALSDV   47   38  0.3469E-11  0.3456E-11
CALSDV   48   38  0.3005E-11  0.3009E-11
CALSDV   49   38  0.3258E-11  0.3242E-11
CALSDV   50   38  0.3054E-11  0.3060E-11
CALSDV   51   38  0.3228E-11  0.3210E-11
CALSDV   52   38  0.3090E-11  0.3093E-11
CALSDV   53   38  0.3307E-11  0.3291E-11
CALSDV   54   38  0.3132E-11  0.3134E-11
CALSDV   55   38  0.3370E-11  0.3356E-11
CALSDV   56   38  0.3176E-11  0.3175E-11
CALSDV   57   38  0.3325E-11  0.3315E-11
CALSDV   58   38  0.3177E-11  0.3175E-11
CALSDV   59   38  0.3162E-11  0.3157E-11
CALSDV   60   38  0.3115E-11  0.3112E-11
CALSDV   39   39  0.3087E-11  0.3083E-11
CALSDV   40   39  0.5061E-11  0.5047E-11
CALSDV   41   39  0.5288E-11  0.5297E-11
CALSDV   42   39  0.3203E-11  0.3206E-11
CALSDV   43   39  0.4303E-11  0.4309E-11
CALSDV   44   39  0.3784E-11  0.3779E-11
CALSDV   45   39  0.3257E-11  0.3260E-11
CALSDV   46   39  0.3656E-11  0.3649E-11
CALSDV   47   39  0.2943E-11  0.2942E-11
CALSDV   48   39  0.3225E-11  0.3221E-11
CALSDV   49   39  0.3074E-11  0.3067E-11
CALSDV   50   39  0.2957E-11  0.2958E-11
CALSDV   51   39  0.3273E-11  0.3263E-11
CALSDV   52   39  0.2995E-11  0.2999E-11
CALSDV   53   39  0.3409E-11  0.3399E-11
CALSDV   54   39  0.3201E-11  0.3203E-11
CALSDV   55   39  0.3453E-11  0.3446E-11
CALSDV   56   39  0.3382E-11  0.3383E-11
CALSDV   57   39  0.3383E-11  0.3379E-11
CALSDV   58   39  0.3425E-11  0.3422E-11
CALSDV   59   39  0.3202E-11  0.3199E-11
CALSDV   60   39  0.3306E-11  0.3303E-11
CALSDV   40   40  0.3454E-11  0.3450E-11
CALSDV   41   40  0.5110E-11  0.5103E-11
CALSDV   42   40  0.5114E-11  0.5118E-11
CALSDV   43   40  0.3287E-11  0.3280E-11
CALSDV   44   40  0.4097E-11  0.4100E-11
CALSDV   45   40  0.3979E-11  0.3972E-11
CALSDV   46   40  0.3292E-11  0.3291E-11
CALSDV   47   40  0.4013E-11  0.4004E-11
CALSDV   48   40  0.3181E-11  0.3179E-11
CALSDV   49   40  0.3784E-11  0.3775E-11
CALSDV   50   40  0.3315E-11  0.3314E-11
CALSDV   51   40  0.3659E-11  0.3647E-11
CALSDV   52   40  0.3428E-11  0.3428E-11
CALSDV   53   40  0.3669E-11  0.3661E-11
CALSDV   54   40  0.3488E-11  0.3488E-11
CALSDV   55   40  0.3702E-11  0.3694E-11
CALSDV   56   40  0.3503E-11  0.3503E-11
CALSDV   57   40  0.3619E-11  0.3613E-11
CALSDV   58   40  0.3452E-11  0.3450E-11
CALSDV   59   40  0.3376E-11  0.3370E-11
CALSDV   60   40  0.3308E-11  0.3306E-11
CALSDV   41   41  0.3291E-11  0.3283E-11
CALSDV   42   41  0.5241E-11  0.5245E-11
CALSDV   43   41  0.5631E-11  0.5624E-11
CALSDV   44   41  0.3511E-11  0.3505E-11
CALSDV   45   41  0.4500E-11  0.4499E-11
CALSDV   46   41  0.4077E-11  0.4074E-11
CALSDV   47   41  0.3411E-11  0.3408E-11
CALSDV   48   41  0.3850E-11  0.3848E-11
CALSDV   49   41  0.3155E-11  0.3156E-11
CALSDV   50   41  0.3373E-11  0.3369E-11
CALSDV   51   41  0.3335E-11  0.3340E-11
CALSDV   52   41  0.3154E-11  0.3148E-11
CALSDV   53   41  0.3540E-11  0.3547E-11
CALSDV   54   41  0.3262E-11  0.3258E-11
CALSDV   55   41  0.3638E-11  0.3643E-11
CALSDV   56   41  0.3475E-11  0.3473E-11
CALSDV   57   41  0.3584E-11  0.3589E-11
CALSDV   58   41  0.3566E-11  0.3569E-11
CALSDV   59   41  0.3370E-11  0.3371E-11
CALSDV   60   41  0.3450E-11  0.3450E-11
CALSDV   42   42  0.3582E-11  0.3583E-11
CALSDV   43   42  0.5381E-11  0.5380E-11
CALSDV   44   42  0.5641E-11  0.5635E-11
CALSDV   45   42  0.3596E-11  0.3585E-11
CALSDV   46   42  0.4428E-11  0.4425E-11
CALSDV   47   42  0.4236E-11  0.4231E-11
CALSDV   48   42  0.3483E-11  0.3479E-11
CALSDV   49   42  0.4201E-11  0.4205E-11
CALSDV   50   42  0.3448E-11  0.3456E-11
CALSDV   51   42  0.3974E-11  0.3979E-11
CALSDV   52   42  0.3719E-11  0.3746E-11
CALSDV   53   42  0.3887E-11  0.3892E-11
CALSDV   54   42  0.3913E-11  0.3948E-11
CALSDV   55   42  0.3900E-11  0.3902E-11
CALSDV   56   42  0.3957E-11  0.3990E-11
CALSDV   57   42  0.3831E-11  0.3832E-11
CALSDV   58   42  0.3844E-11  0.3869E-11
CALSDV   59   42  0.3558E-11  0.3556E-11
CALSDV   60   42  0.3577E-11  0.3586E-11
CALSDV   43   43  0.3451E-11  0.3480E-11
CALSDV   44   43  0.5416E-11  0.5420E-11
CALSDV   45   43  0.5986E-11  0.5980E-11
CALSDV   46   43  0.3823E-11  0.3820E-11
CALSDV   47   43  0.4669E-11  0.4668E-11
CALSDV   48   43  0.4351E-11  0.4353E-11
CALSDV   49   43  0.3545E-11  0.3554E-11
CALSDV   50   43  0.4018E-11  0.4019E-11
CALSDV   51   43  0.3399E-11  0.3413E-11
CALSDV   52   43  0.3524E-11  0.3523E-11
CALSDV   53   43  0.3650E-11  0.3663E-11
CALSDV   54   43  0.3386E-11  0.3384E-11
CALSDV   55   43  0.3836E-11  0.3846E-11
CALSDV   56   43  0.3550E-11  0.3551E-11
CALSDV   57   43  0.3820E-11  0.3827E-11
CALSDV   58   43  0.3696E-11  0.3700E-11
CALSDV   59   43  0.3567E-11  0.3571E-11
CALSDV   60   43  0.3597E-11  0.3601E-11
CALSDV   44   44  0.3679E-11  0.3677E-11
CALSDV   45   44  0.5702E-11  0.5712E-11
CALSDV   46   44  0.6185E-11  0.6165E-11
CALSDV   47   44  0.3947E-11  0.3943E-11
CALSDV   48   44  0.4730E-11  0.4721E-11
CALSDV   49   44  0.4524E-11  0.4520E-11
CALSDV   50   44  0.3667E-11  0.3661E-11
CALSDV   51   44  0.4445E-11  0.4438E-11
CALSDV   52   44  0.3747E-11  0.3747E-11
CALSDV   53   44  0.4232E-11  0.4226E-11
CALSDV   54   44  0.4137E-11  0.4133E-11
CALSDV   55   44  0.4155E-11  0.4150E-11
CALSDV   56   44  0.4330E-11  0.4329E-11
CALSDV   57   44  0.4066E-11  0.4065E-11
CALSDV   58   44  0.4234E-11  0.4237E-11
CALSDV   59   44  0.3759E-11  0.3760E-11
CALSDV   60   44  0.3865E-11  0.3865E-11
CALSDV   45   45  0.3798E-11  0.3758E-11
CALSDV   46   45  0.5695E-11  0.5681E-11
CALSDV   47   45  0.6401E-11  0.6386E-11
CALSDV   48   45  0.4181E-11  0.4171E-11
CALSDV   49   45  0.4844E-11  0.4834E-11
CALSDV   50   45  0.4658E-11  0.4673E-11
CALSDV   51   45  0.3787E-11  0.3780E-11
CALSDV   52   45  0.4280E-11  0.4314E-11
CALSDV   53   45  0.3855E-11  0.3852E-11
CALSDV   54   45  0.3852E-11  0.3891E-11
CALSDV   55   45  0.4152E-11  0.4154E-11
CALSDV   56   45  0.3795E-11  0.3830E-11
CALSDV   57   45  0.4185E-11  0.4188E-11
CALSDV   58   45  0.3892E-11  0.3915E-11
CALSDV   59   45  0.3855E-11  0.3857E-11
CALSDV   60   45  0.3781E-11  0.3793E-11
CALSDV   46   46  0.4215E-11  0.4179E-11
CALSDV   47   46  0.6194E-11  0.6174E-11
CALSDV   48   46  0.6725E-11  0.6641E-11
CALSDV   49   46  0.4493E-11  0.4432E-11
CALSDV   50   46  0.5128E-11  0.5112E-11
CALSDV   51   46  0.4996E-11  0.4950E-11
CALSDV   52   46  0.4051E-11  0.4042E-11
CALSDV   53   46  0.4855E-11  0.4825E-11
CALSDV   54   46  0.4127E-11  0.4132E-11
CALSDV   55   46  0.4600E-11  0.4581E-11
CALSDV   56   46  0.4432E-11  0.4450E-11
CALSDV   57   46  0.4383E-11  0.4384E-11
CALSDV   58   46  0.4448E-11  0.4478E-11
CALSDV   59   46  0.4000E-11  0.3991E-11
CALSDV   60   46  0.4090E-11  0.4092E-11
CALSDV   47   47  0.3719E-11  0.3735E-11
CALSDV   48   47  0.5874E-11  0.5850E-11
CALSDV   49   47  0.6715E-11  0.6709E-11
CALSDV   50   47  0.4538E-11  0.4522E-11
CALSDV   51   47  0.4884E-11  0.4881E-11
CALSDV   52   47  0.4920E-11  0.4908E-11
CALSDV   53   47  0.3931E-11  0.3937E-11
CALSDV   54   47  0.4468E-11  0.4468E-11
CALSDV   55   47  0.4184E-11  0.4194E-11
CALSDV   56   47  0.4117E-11  0.4120E-11
CALSDV   57   47  0.4412E-11  0.4417E-11
CALSDV   58   47  0.4100E-11  0.4095E-11
CALSDV   59   47  0.4124E-11  0.4121E-11
CALSDV   60   47  0.3976E-11  0.3965E-11
CALSDV   48   48  0.3777E-11  0.3784E-11
CALSDV   49   48  0.6256E-11  0.6256E-11
CALSDV   50   48  0.7016E-11  0.7012E-11
CALSDV   51   48  0.4561E-11  0.4556E-11
CALSDV   52   48  0.4967E-11  0.4961E-11
CALSDV   53   48  0.4899E-11  0.4895E-11
CALSDV   54   48  0.4029E-11  0.4034E-11
CALSDV   55   48  0.4669E-11  0.4668E-11
CALSDV   56   48  0.4477E-11  0.4484E-11
CALSDV   57   48  0.4443E-11  0.4442E-11
CALSDV   58   48  0.4787E-11  0.4790E-11
CALSDV   59   48  0.4128E-11  0.4125E-11
CALSDV   60   48  0.4444E-11  0.4444E-11
CALSDV   49   49  0.3480E-11  0.3482E-11
CALSDV   50   49  0.6101E-11  0.6100E-11
CALSDV   51   49  0.6906E-11  0.6908E-11
CALSDV   52   49  0.4831E-11  0.4839E-11
CALSDV   53   49  0.4763E-11  0.4767E-11
CALSDV   54   49  0.5134E-11  0.5144E-11
CALSDV   55   49  0.4049E-11  0.4058E-11
CALSDV   56   49  0.4711E-11  0.4715E-11
CALSDV   57   49  0.4424E-11  0.4429E-11
CALSDV   58   49  0.4437E-11  0.4438E-11
CALSDV   59   49  0.4336E-11  0.4341E-11
CALSDV   60   49  0.4214E-11  0.4214E-11
CALSDV   50   50  0.3658E-11  0.3641E-11
CALSDV   51   50  0.6767E-11  0.6773E-11
CALSDV   52   50  0.7252E-11  0.7245E-11
CALSDV   53   50  0.4840E-11  0.4846E-11
CALSDV   54   50  0.4891E-11  0.4886E-11
CALSDV   55   50  0.5301E-11  0.5298E-11
CALSDV   56   50  0.4272E-11  0.4279E-11
CALSDV   57   50  0.5124E-11  0.5118E-11
CALSDV   58   50  0.4796E-11  0.4803E-11
CALSDV   59   50  0.4579E-11  0.4575E-11
CALSDV   60   50  0.4683E-11  0.4689E-11
CALSDV   51   51  0.3264E-11  0.3272E-11
CALSDV   52   51  0.6553E-11  0.6591E-11
CALSDV   53   51  0.6988E-11  0.6980E-11
CALSDV   54   51  0.5182E-11  0.5175E-11
CALSDV   55   51  0.4664E-11  0.4664E-11
CALSDV   56   51  0.5553E-11  0.5569E-11
CALSDV   57   51  0.4424E-11  0.4423E-11
CALSDV   58   51  0.5197E-11  0.5219E-11
CALSDV   59   51  0.4571E-11  0.4573E-11
CALSDV   60   51  0.4662E-11  0.4676E-11
CALSDV   52   52  0.3446E-11  0.3429E-11
CALSDV   53   52  0.7037E-11  0.7045E-11
CALSDV   54   52  0.7241E-11  0.7234E-11
CALSDV   55   52  0.5144E-11  0.5141E-11
CALSDV   56   52  0.4695E-11  0.4687E-11
CALSDV   57   52  0.5673E-11  0.5678E-11
CALSDV   58   52  0.4610E-11  0.4601E-11
CALSDV   59   52  0.5119E-11  0.5125E-11
CALSDV   60   52  0.4858E-11  0.4853E-11
CALSDV   53   53  0.2951E-11  0.2981E-11
CALSDV   54   53  0.6979E-11  0.6959E-11
CALSDV   55   53  0.6846E-11  0.6847E-11
CALSDV   56   53  0.5554E-11  0.5519E-11
CALSDV   57   53  0.4697E-11  0.4696E-11
CALSDV   58   53  0.6050E-11  0.5996E-11
CALSDV   59   53  0.4758E-11  0.4746E-11
CALSDV   60   53  0.5364E-11  0.5328E-11
CALSDV   54   54  0.3250E-11  0.3228E-11
CALSDV   55   54  0.6799E-11  0.6783E-11
CALSDV   56   54  0.6940E-11  0.6937E-11
CALSDV   57   54  0.5558E-11  0.5560E-11
CALSDV   58   54  0.4587E-11  0.4594E-11
CALSDV   59   54  0.5768E-11  0.5774E-11
CALSDV   60   54  0.4925E-11  0.4915E-11
CALSDV   55   55  0.3117E-11  0.3158E-11
CALSDV   56   55  0.6957E-11  0.6969E-11
CALSDV   57   55  0.6747E-11  0.6781E-11
CALSDV   58   55  0.6119E-11  0.6116E-11
CALSDV   59   55  0.5197E-11  0.5220E-11
CALSDV   60   55  0.6305E-11  0.6287E-11
CALSDV   56   56  0.3349E-11  0.3328E-11
CALSDV   57   56  0.5711E-11  0.5736E-11
CALSDV   58   56  0.6580E-11  0.6572E-11
CALSDV   59   56  0.6096E-11  0.6103E-11
CALSDV   60   56  0.5073E-11  0.5069E-11
CALSDV   57   57  0.3653E-11  0.3662E-11
CALSDV   58   57  0.5909E-11  0.5945E-11
CALSDV   59   57  0.7342E-11  0.7334E-11
CALSDV   60   57  0.6569E-11  0.6586E-11
CALSDV   58   58  0.3682E-11  0.3679E-11
CALSDV   59   58  0.4131E-11  0.4205E-11
CALSDV   60   58  0.7036E-11  0.7088E-11
CALSDV   59   59  0.2817E-11  0.2814E-11
CALSDV   60   59  0.4406E-11  0.4379E-11
CALSDV   60   60  0.3303E-11  0.3258E-11
