  This file contains calibrated standard deviations 
       The relevant data lines start with key CALSDV 
       Each such line contains the following data 
           N   M   C_SIGMA   S_SIGMA 
                 FOR M=0 S_SIGMA=0.0 
     
CALSDV    0    0  0.0000E+00  0.0000E+00
CALSDV    1    0  0.0000E+00  0.0000E+00
CALSDV    2    0  0.6313E-10  0.0000E+00
CALSDV    3    0  0.9398E-11  0.0000E+00
CALSDV    4    0  0.3956E-11  0.0000E+00
CALSDV    5    0  0.2696E-11  0.0000E+00
CALSDV    6    0  0.2044E-11  0.0000E+00
CALSDV    7    0  0.1648E-11  0.0000E+00
CALSDV    8    0  0.1394E-11  0.0000E+00
CALSDV    9    0  0.1209E-11  0.0000E+00
CALSDV   10    0  0.1080E-11  0.0000E+00
CALSDV   11    0  0.9774E-12  0.0000E+00
CALSDV   12    0  0.9048E-12  0.0000E+00
CALSDV   13    0  0.8417E-12  0.0000E+00
CALSDV   14    0  0.7979E-12  0.0000E+00
CALSDV   15    0  0.7578E-12  0.0000E+00
CALSDV   16    0  0.7302E-12  0.0000E+00
CALSDV   17    0  0.7049E-12  0.0000E+00
CALSDV   18    0  0.6874E-12  0.0000E+00
CALSDV   19    0  0.6724E-12  0.0000E+00
CALSDV   20    0  0.6622E-12  0.0000E+00
CALSDV   21    0  0.6547E-12  0.0000E+00
CALSDV   22    0  0.6492E-12  0.0000E+00
CALSDV   23    0  0.6481E-12  0.0000E+00
CALSDV   24    0  0.6467E-12  0.0000E+00
CALSDV   25    0  0.6499E-12  0.0000E+00
CALSDV   26    0  0.6526E-12  0.0000E+00
CALSDV   27    0  0.6595E-12  0.0000E+00
CALSDV   28    0  0.6659E-12  0.0000E+00
CALSDV   29    0  0.6759E-12  0.0000E+00
CALSDV   30    0  0.6860E-12  0.0000E+00
CALSDV   31    0  0.6989E-12  0.0000E+00
CALSDV   32    0  0.7127E-12  0.0000E+00
CALSDV   33    0  0.7283E-12  0.0000E+00
CALSDV   34    0  0.7457E-12  0.0000E+00
CALSDV   35    0  0.7643E-12  0.0000E+00
CALSDV   36    0  0.7853E-12  0.0000E+00
CALSDV   37    0  0.8072E-12  0.0000E+00
CALSDV   38    0  0.8320E-12  0.0000E+00
CALSDV   39    0  0.8575E-12  0.0000E+00
CALSDV   40    0  0.8859E-12  0.0000E+00
CALSDV   41    0  0.9157E-12  0.0000E+00
CALSDV   42    0  0.9481E-12  0.0000E+00
CALSDV   43    0  0.9824E-12  0.0000E+00
CALSDV   44    0  0.1019E-11  0.0000E+00
CALSDV   45    0  0.1058E-11  0.0000E+00
CALSDV   46    0  0.1100E-11  0.0000E+00
CALSDV   47    0  0.1145E-11  0.0000E+00
CALSDV   48    0  0.1192E-11  0.0000E+00
CALSDV   49    0  0.1243E-11  0.0000E+00
CALSDV   50    0  0.1297E-11  0.0000E+00
CALSDV   51    0  0.1354E-11  0.0000E+00
CALSDV   52    0  0.1415E-11  0.0000E+00
CALSDV   53    0  0.1480E-11  0.0000E+00
CALSDV   54    0  0.1549E-11  0.0000E+00
CALSDV   55    0  0.1620E-11  0.0000E+00
CALSDV   56    0  0.1698E-11  0.0000E+00
CALSDV   57    0  0.1774E-11  0.0000E+00
CALSDV   58    0  0.1857E-11  0.0000E+00
CALSDV   59    0  0.1760E-11  0.0000E+00
CALSDV   60    0  0.1825E-11  0.0000E+00
CALSDV    1    1  0.0000E+00  0.0000E+00
CALSDV    2    1  0.2866E-10  0.2759E-10
CALSDV    3    1  0.8129E-11  0.8229E-11
CALSDV    4    1  0.4208E-11  0.4229E-11
CALSDV    5    1  0.2838E-11  0.2840E-11
CALSDV    6    1  0.2140E-11  0.2137E-11
CALSDV    7    1  0.1716E-11  0.1711E-11
CALSDV    8    1  0.1435E-11  0.1433E-11
CALSDV    9    1  0.1246E-11  0.1242E-11
CALSDV   10    1  0.1103E-11  0.1100E-11
CALSDV   11    1  0.1001E-11  0.9984E-12
CALSDV   12    1  0.9176E-12  0.9155E-12
CALSDV   13    1  0.8584E-12  0.8563E-12
CALSDV   14    1  0.8058E-12  0.8042E-12
CALSDV   15    1  0.7696E-12  0.7679E-12
CALSDV   16    1  0.7363E-12  0.7349E-12
CALSDV   17    1  0.7132E-12  0.7117E-12
CALSDV   18    1  0.6930E-12  0.6914E-12
CALSDV   19    1  0.6784E-12  0.6772E-12
CALSDV   20    1  0.6669E-12  0.6656E-12
CALSDV   21    1  0.6588E-12  0.6575E-12
CALSDV   22    1  0.6545E-12  0.6532E-12
CALSDV   23    1  0.6507E-12  0.6494E-12
CALSDV   24    1  0.6515E-12  0.6503E-12
CALSDV   25    1  0.6522E-12  0.6509E-12
CALSDV   26    1  0.6571E-12  0.6558E-12
CALSDV   27    1  0.6615E-12  0.6602E-12
CALSDV   28    1  0.6699E-12  0.6686E-12
CALSDV   29    1  0.6780E-12  0.6767E-12
CALSDV   30    1  0.6894E-12  0.6880E-12
CALSDV   31    1  0.7013E-12  0.6999E-12
CALSDV   32    1  0.7153E-12  0.7139E-12
CALSDV   33    1  0.7311E-12  0.7296E-12
CALSDV   34    1  0.7479E-12  0.7465E-12
CALSDV   35    1  0.7672E-12  0.7657E-12
CALSDV   36    1  0.7874E-12  0.7858E-12
CALSDV   37    1  0.8101E-12  0.8085E-12
CALSDV   38    1  0.8339E-12  0.8323E-12
CALSDV   39    1  0.8603E-12  0.8586E-12
CALSDV   40    1  0.8880E-12  0.8863E-12
CALSDV   41    1  0.9183E-12  0.9164E-12
CALSDV   42    1  0.9504E-12  0.9485E-12
CALSDV   43    1  0.9848E-12  0.9829E-12
CALSDV   44    1  0.1022E-11  0.1020E-11
CALSDV   45    1  0.1061E-11  0.1059E-11
CALSDV   46    1  0.1103E-11  0.1101E-11
CALSDV   47    1  0.1147E-11  0.1145E-11
CALSDV   48    1  0.1195E-11  0.1193E-11
CALSDV   49    1  0.1246E-11  0.1243E-11
CALSDV   50    1  0.1299E-11  0.1297E-11
CALSDV   51    1  0.1357E-11  0.1354E-11
CALSDV   52    1  0.1418E-11  0.1415E-11
CALSDV   53    1  0.1483E-11  0.1480E-11
CALSDV   54    1  0.1552E-11  0.1549E-11
CALSDV   55    1  0.1623E-11  0.1620E-11
CALSDV   56    1  0.1701E-11  0.1698E-11
CALSDV   57    1  0.1777E-11  0.1774E-11
CALSDV   58    1  0.1860E-11  0.1857E-11
CALSDV   59    1  0.1765E-11  0.1763E-11
CALSDV   60    1  0.1830E-11  0.1827E-11
CALSDV    2    2  0.2379E-10  0.2101E-10
CALSDV    3    2  0.1190E-10  0.1180E-10
CALSDV    4    2  0.5832E-11  0.5806E-11
CALSDV    5    2  0.3598E-11  0.3586E-11
CALSDV    6    2  0.2611E-11  0.2607E-11
CALSDV    7    2  0.1993E-11  0.1989E-11
CALSDV    8    2  0.1641E-11  0.1638E-11
CALSDV    9    2  0.1382E-11  0.1379E-11
CALSDV   10    2  0.1214E-11  0.1211E-11
CALSDV   11    2  0.1077E-11  0.1076E-11
CALSDV   12    2  0.9863E-12  0.9842E-12
CALSDV   13    2  0.9068E-12  0.9050E-12
CALSDV   14    2  0.8525E-12  0.8507E-12
CALSDV   15    2  0.8031E-12  0.8017E-12
CALSDV   16    2  0.7694E-12  0.7678E-12
CALSDV   17    2  0.7384E-12  0.7371E-12
CALSDV   18    2  0.7171E-12  0.7156E-12
CALSDV   19    2  0.6985E-12  0.6973E-12
CALSDV   20    2  0.6856E-12  0.6841E-12
CALSDV   21    2  0.6756E-12  0.6744E-12
CALSDV   22    2  0.6683E-12  0.6671E-12
CALSDV   23    2  0.6655E-12  0.6642E-12
CALSDV   24    2  0.6628E-12  0.6616E-12
CALSDV   25    2  0.6649E-12  0.6636E-12
CALSDV   26    2  0.6664E-12  0.6653E-12
CALSDV   27    2  0.6725E-12  0.6712E-12
CALSDV   28    2  0.6781E-12  0.6770E-12
CALSDV   29    2  0.6876E-12  0.6862E-12
CALSDV   30    2  0.6969E-12  0.6957E-12
CALSDV   31    2  0.7093E-12  0.7080E-12
CALSDV   32    2  0.7226E-12  0.7214E-12
CALSDV   33    2  0.7378E-12  0.7365E-12
CALSDV   34    2  0.7549E-12  0.7536E-12
CALSDV   35    2  0.7733E-12  0.7719E-12
CALSDV   36    2  0.7939E-12  0.7926E-12
CALSDV   37    2  0.8157E-12  0.8142E-12
CALSDV   38    2  0.8401E-12  0.8386E-12
CALSDV   39    2  0.8655E-12  0.8641E-12
CALSDV   40    2  0.8937E-12  0.8920E-12
CALSDV   41    2  0.9234E-12  0.9219E-12
CALSDV   42    2  0.9556E-12  0.9540E-12
CALSDV   43    2  0.9899E-12  0.9882E-12
CALSDV   44    2  0.1027E-11  0.1025E-11
CALSDV   45    2  0.1066E-11  0.1064E-11
CALSDV   46    2  0.1108E-11  0.1106E-11
CALSDV   47    2  0.1152E-11  0.1150E-11
CALSDV   48    2  0.1200E-11  0.1198E-11
CALSDV   49    2  0.1250E-11  0.1248E-11
CALSDV   50    2  0.1304E-11  0.1302E-11
CALSDV   51    2  0.1361E-11  0.1359E-11
CALSDV   52    2  0.1423E-11  0.1420E-11
CALSDV   53    2  0.1487E-11  0.1485E-11
CALSDV   54    2  0.1557E-11  0.1554E-11
CALSDV   55    2  0.1628E-11  0.1626E-11
CALSDV   56    2  0.1707E-11  0.1704E-11
CALSDV   57    2  0.1784E-11  0.1781E-11
CALSDV   58    2  0.1867E-11  0.1864E-11
CALSDV   59    2  0.1787E-11  0.1784E-11
CALSDV   60    2  0.1850E-11  0.1848E-11
CALSDV    3    3  0.2652E-10  0.2659E-10
CALSDV    4    3  0.1080E-10  0.1090E-10
CALSDV    5    3  0.7508E-11  0.7485E-11
CALSDV    6    3  0.3890E-11  0.3887E-11
CALSDV    7    3  0.3580E-11  0.3573E-11
CALSDV    8    3  0.2183E-11  0.2188E-11
CALSDV    9    3  0.2153E-11  0.2153E-11
CALSDV   10    3  0.1501E-11  0.1502E-11
CALSDV   11    3  0.1504E-11  0.1504E-11
CALSDV   12    3  0.1158E-11  0.1159E-11
CALSDV   13    3  0.1165E-11  0.1166E-11
CALSDV   14    3  0.9647E-12  0.9653E-12
CALSDV   15    3  0.9699E-12  0.9710E-12
CALSDV   16    3  0.8483E-12  0.8490E-12
CALSDV   17    3  0.8523E-12  0.8539E-12
CALSDV   18    3  0.7752E-12  0.7762E-12
CALSDV   19    3  0.7797E-12  0.7809E-12
CALSDV   20    3  0.7307E-12  0.7319E-12
CALSDV   21    3  0.7356E-12  0.7369E-12
CALSDV   22    3  0.7050E-12  0.7062E-12
CALSDV   23    3  0.7108E-12  0.7120E-12
CALSDV   24    3  0.6931E-12  0.6945E-12
CALSDV   25    3  0.7005E-12  0.7020E-12
CALSDV   26    3  0.6918E-12  0.6931E-12
CALSDV   27    3  0.7014E-12  0.7029E-12
CALSDV   28    3  0.6998E-12  0.7012E-12
CALSDV   29    3  0.7116E-12  0.7133E-12
CALSDV   30    3  0.7151E-12  0.7168E-12
CALSDV   31    3  0.7302E-12  0.7318E-12
CALSDV   32    3  0.7382E-12  0.7399E-12
CALSDV   33    3  0.7562E-12  0.7580E-12
CALSDV   34    3  0.7684E-12  0.7702E-12
CALSDV   35    3  0.7895E-12  0.7914E-12
CALSDV   36    3  0.8059E-12  0.8078E-12
CALSDV   37    3  0.8303E-12  0.8322E-12
CALSDV   38    3  0.8508E-12  0.8529E-12
CALSDV   39    3  0.8785E-12  0.8806E-12
CALSDV   40    3  0.9037E-12  0.9058E-12
CALSDV   41    3  0.9348E-12  0.9372E-12
CALSDV   42    3  0.9650E-12  0.9672E-12
CALSDV   43    3  0.1000E-11  0.1003E-11
CALSDV   44    3  0.1035E-11  0.1038E-11
CALSDV   45    3  0.1075E-11  0.1078E-11
CALSDV   46    3  0.1116E-11  0.1118E-11
CALSDV   47    3  0.1161E-11  0.1164E-11
CALSDV   48    3  0.1207E-11  0.1210E-11
CALSDV   49    3  0.1258E-11  0.1262E-11
CALSDV   50    3  0.1312E-11  0.1315E-11
CALSDV   51    3  0.1369E-11  0.1373E-11
CALSDV   52    3  0.1430E-11  0.1433E-11
CALSDV   53    3  0.1495E-11  0.1499E-11
CALSDV   54    3  0.1563E-11  0.1567E-11
CALSDV   55    3  0.1637E-11  0.1641E-11
CALSDV   56    3  0.1714E-11  0.1718E-11
CALSDV   57    3  0.1795E-11  0.1799E-11
CALSDV   58    3  0.1878E-11  0.1883E-11
CALSDV   59    3  0.1829E-11  0.1833E-11
CALSDV   60    3  0.1891E-11  0.1895E-11
CALSDV    4    4  0.1230E-10  0.1245E-10
CALSDV    5    4  0.1101E-10  0.1102E-10
CALSDV    6    4  0.4697E-11  0.4717E-11
CALSDV    7    4  0.4043E-11  0.4044E-11
CALSDV    8    4  0.2603E-11  0.2610E-11
CALSDV    9    4  0.2230E-11  0.2235E-11
CALSDV   10    4  0.1737E-11  0.1737E-11
CALSDV   11    4  0.1535E-11  0.1537E-11
CALSDV   12    4  0.1307E-11  0.1307E-11
CALSDV   13    4  0.1192E-11  0.1193E-11
CALSDV   14    4  0.1069E-11  0.1068E-11
CALSDV   15    4  0.9998E-12  0.1001E-11
CALSDV   16    4  0.9244E-12  0.9246E-12
CALSDV   17    4  0.8835E-12  0.8840E-12
CALSDV   18    4  0.8347E-12  0.8347E-12
CALSDV   19    4  0.8105E-12  0.8110E-12
CALSDV   20    4  0.7783E-12  0.7784E-12
CALSDV   21    4  0.7654E-12  0.7659E-12
CALSDV   22    4  0.7441E-12  0.7441E-12
CALSDV   23    4  0.7394E-12  0.7399E-12
CALSDV   24    4  0.7261E-12  0.7263E-12
CALSDV   25    4  0.7272E-12  0.7276E-12
CALSDV   26    4  0.7208E-12  0.7210E-12
CALSDV   27    4  0.7264E-12  0.7267E-12
CALSDV   28    4  0.7253E-12  0.7257E-12
CALSDV   29    4  0.7347E-12  0.7351E-12
CALSDV   30    4  0.7389E-12  0.7392E-12
CALSDV   31    4  0.7511E-12  0.7516E-12
CALSDV   32    4  0.7602E-12  0.7605E-12
CALSDV   33    4  0.7756E-12  0.7760E-12
CALSDV   34    4  0.7892E-12  0.7896E-12
CALSDV   35    4  0.8076E-12  0.8081E-12
CALSDV   36    4  0.8254E-12  0.8259E-12
CALSDV   37    4  0.8475E-12  0.8478E-12
CALSDV   38    4  0.8693E-12  0.8699E-12
CALSDV   39    4  0.8949E-12  0.8955E-12
CALSDV   40    4  0.9212E-12  0.9213E-12
CALSDV   41    4  0.9508E-12  0.9516E-12
CALSDV   42    4  0.9815E-12  0.9819E-12
CALSDV   43    4  0.1016E-11  0.1016E-11
CALSDV   44    4  0.1051E-11  0.1052E-11
CALSDV   45    4  0.1090E-11  0.1091E-11
CALSDV   46    4  0.1131E-11  0.1132E-11
CALSDV   47    4  0.1176E-11  0.1177E-11
CALSDV   48    4  0.1222E-11  0.1223E-11
CALSDV   49    4  0.1273E-11  0.1274E-11
CALSDV   50    4  0.1326E-11  0.1327E-11
CALSDV   51    4  0.1384E-11  0.1384E-11
CALSDV   52    4  0.1444E-11  0.1445E-11
CALSDV   53    4  0.1510E-11  0.1510E-11
CALSDV   54    4  0.1578E-11  0.1579E-11
CALSDV   55    4  0.1652E-11  0.1653E-11
CALSDV   56    4  0.1730E-11  0.1731E-11
CALSDV   57    4  0.1812E-11  0.1813E-11
CALSDV   58    4  0.1897E-11  0.1898E-11
CALSDV   59    4  0.1871E-11  0.1872E-11
CALSDV   60    4  0.1934E-11  0.1935E-11
CALSDV    5    5  0.1920E-10  0.1924E-10
CALSDV    6    5  0.8361E-11  0.8369E-11
CALSDV    7    5  0.5420E-11  0.5434E-11
CALSDV    8    5  0.3359E-11  0.3374E-11
CALSDV    9    5  0.3152E-11  0.3153E-11
CALSDV   10    5  0.2080E-11  0.2090E-11
CALSDV   11    5  0.2169E-11  0.2162E-11
CALSDV   12    5  0.1557E-11  0.1560E-11
CALSDV   13    5  0.1630E-11  0.1625E-11
CALSDV   14    5  0.1268E-11  0.1269E-11
CALSDV   15    5  0.1309E-11  0.1306E-11
CALSDV   16    5  0.1088E-11  0.1089E-11
CALSDV   17    5  0.1109E-11  0.1107E-11
CALSDV   18    5  0.9694E-12  0.9701E-12
CALSDV   19    5  0.9790E-12  0.9779E-12
CALSDV   20    5  0.8896E-12  0.8899E-12
CALSDV   21    5  0.8947E-12  0.8937E-12
CALSDV   22    5  0.8381E-12  0.8383E-12
CALSDV   23    5  0.8404E-12  0.8398E-12
CALSDV   24    5  0.8051E-12  0.8054E-12
CALSDV   25    5  0.8087E-12  0.8082E-12
CALSDV   26    5  0.7889E-12  0.7888E-12
CALSDV   27    5  0.7930E-12  0.7928E-12
CALSDV   28    5  0.7834E-12  0.7833E-12
CALSDV   29    5  0.7908E-12  0.7906E-12
CALSDV   30    5  0.7895E-12  0.7894E-12
CALSDV   31    5  0.7994E-12  0.7992E-12
CALSDV   32    5  0.8039E-12  0.8039E-12
CALSDV   33    5  0.8177E-12  0.8175E-12
CALSDV   34    5  0.8279E-12  0.8279E-12
CALSDV   35    5  0.8448E-12  0.8446E-12
CALSDV   36    5  0.8597E-12  0.8597E-12
CALSDV   37    5  0.8805E-12  0.8804E-12
CALSDV   38    5  0.9003E-12  0.9004E-12
CALSDV   39    5  0.9247E-12  0.9247E-12
CALSDV   40    5  0.9493E-12  0.9494E-12
CALSDV   41    5  0.9777E-12  0.9776E-12
CALSDV   42    5  0.1008E-11  0.1008E-11
CALSDV   43    5  0.1040E-11  0.1040E-11
CALSDV   44    5  0.1075E-11  0.1075E-11
CALSDV   45    5  0.1113E-11  0.1113E-11
CALSDV   46    5  0.1154E-11  0.1154E-11
CALSDV   47    5  0.1197E-11  0.1197E-11
CALSDV   48    5  0.1244E-11  0.1244E-11
CALSDV   49    5  0.1293E-11  0.1293E-11
CALSDV   50    5  0.1346E-11  0.1346E-11
CALSDV   51    5  0.1403E-11  0.1402E-11
CALSDV   52    5  0.1463E-11  0.1463E-11
CALSDV   53    5  0.1527E-11  0.1527E-11
CALSDV   54    5  0.1596E-11  0.1596E-11
CALSDV   55    5  0.1670E-11  0.1670E-11
CALSDV   56    5  0.1748E-11  0.1748E-11
CALSDV   57    5  0.1831E-11  0.1831E-11
CALSDV   58    5  0.1917E-11  0.1917E-11
CALSDV   59    5  0.1910E-11  0.1910E-11
CALSDV   60    5  0.1976E-11  0.1976E-11
CALSDV    6    6  0.8881E-11  0.9013E-11
CALSDV    7    6  0.9948E-11  0.1001E-10
CALSDV    8    6  0.4481E-11  0.4496E-11
CALSDV    9    6  0.4581E-11  0.4609E-11
CALSDV   10    6  0.2860E-11  0.2868E-11
CALSDV   11    6  0.2704E-11  0.2719E-11
CALSDV   12    6  0.1979E-11  0.1984E-11
CALSDV   13    6  0.1884E-11  0.1893E-11
CALSDV   14    6  0.1496E-11  0.1500E-11
CALSDV   15    6  0.1458E-11  0.1462E-11
CALSDV   16    6  0.1219E-11  0.1222E-11
CALSDV   17    6  0.1212E-11  0.1214E-11
CALSDV   18    6  0.1052E-11  0.1055E-11
CALSDV   19    6  0.1060E-11  0.1061E-11
CALSDV   20    6  0.9483E-12  0.9507E-12
CALSDV   21    6  0.9622E-12  0.9634E-12
CALSDV   22    6  0.8833E-12  0.8853E-12
CALSDV   23    6  0.9003E-12  0.9011E-12
CALSDV   24    6  0.8437E-12  0.8453E-12
CALSDV   25    6  0.8627E-12  0.8629E-12
CALSDV   26    6  0.8227E-12  0.8238E-12
CALSDV   27    6  0.8418E-12  0.8421E-12
CALSDV   28    6  0.8156E-12  0.8162E-12
CALSDV   29    6  0.8354E-12  0.8357E-12
CALSDV   30    6  0.8196E-12  0.8202E-12
CALSDV   31    6  0.8399E-12  0.8403E-12
CALSDV   32    6  0.8338E-12  0.8340E-12
CALSDV   33    6  0.8554E-12  0.8553E-12
CALSDV   34    6  0.8565E-12  0.8567E-12
CALSDV   35    6  0.8794E-12  0.8794E-12
CALSDV   36    6  0.8876E-12  0.8877E-12
CALSDV   37    6  0.9130E-12  0.9130E-12
CALSDV   38    6  0.9273E-12  0.9272E-12
CALSDV   39    6  0.9552E-12  0.9552E-12
CALSDV   40    6  0.9752E-12  0.9752E-12
CALSDV   41    6  0.1007E-11  0.1007E-11
CALSDV   42    6  0.1032E-11  0.1032E-11
CALSDV   43    6  0.1068E-11  0.1068E-11
CALSDV   44    6  0.1099E-11  0.1099E-11
CALSDV   45    6  0.1139E-11  0.1139E-11
CALSDV   46    6  0.1176E-11  0.1176E-11
CALSDV   47    6  0.1222E-11  0.1222E-11
CALSDV   48    6  0.1266E-11  0.1266E-11
CALSDV   49    6  0.1316E-11  0.1316E-11
CALSDV   50    6  0.1368E-11  0.1367E-11
CALSDV   51    6  0.1425E-11  0.1425E-11
CALSDV   52    6  0.1484E-11  0.1484E-11
CALSDV   53    6  0.1549E-11  0.1549E-11
CALSDV   54    6  0.1617E-11  0.1617E-11
CALSDV   55    6  0.1691E-11  0.1691E-11
CALSDV   56    6  0.1768E-11  0.1768E-11
CALSDV   57    6  0.1853E-11  0.1853E-11
CALSDV   58    6  0.1939E-11  0.1939E-11
CALSDV   59    6  0.1955E-11  0.1955E-11
CALSDV   60    6  0.2019E-11  0.2018E-11
CALSDV    7    7  0.1276E-10  0.1278E-10
CALSDV    8    7  0.7785E-11  0.7773E-11
CALSDV    9    7  0.4788E-11  0.4811E-11
CALSDV   10    7  0.3241E-11  0.3223E-11
CALSDV   11    7  0.2915E-11  0.2897E-11
CALSDV   12    7  0.1982E-11  0.1991E-11
CALSDV   13    7  0.2004E-11  0.2003E-11
CALSDV   14    7  0.1566E-11  0.1576E-11
CALSDV   15    7  0.1522E-11  0.1532E-11
CALSDV   16    7  0.1362E-11  0.1356E-11
CALSDV   17    7  0.1262E-11  0.1253E-11
CALSDV   18    7  0.1218E-11  0.1219E-11
CALSDV   19    7  0.1097E-11  0.1100E-11
CALSDV   20    7  0.1116E-11  0.1116E-11
CALSDV   21    7  0.9973E-12  0.1001E-11
CALSDV   22    7  0.1040E-11  0.1038E-11
CALSDV   23    7  0.9369E-12  0.9379E-12
CALSDV   24    7  0.9867E-12  0.9850E-12
CALSDV   25    7  0.8987E-12  0.8997E-12
CALSDV   26    7  0.9490E-12  0.9470E-12
CALSDV   27    7  0.8789E-12  0.8786E-12
CALSDV   28    7  0.9272E-12  0.9251E-12
CALSDV   29    7  0.8723E-12  0.8716E-12
CALSDV   30    7  0.9174E-12  0.9152E-12
CALSDV   31    7  0.8767E-12  0.8753E-12
CALSDV   32    7  0.9194E-12  0.9173E-12
CALSDV   33    7  0.8914E-12  0.8901E-12
CALSDV   34    7  0.9317E-12  0.9298E-12
CALSDV   35    7  0.9143E-12  0.9130E-12
CALSDV   36    7  0.9541E-12  0.9523E-12
CALSDV   37    7  0.9469E-12  0.9454E-12
CALSDV   38    7  0.9865E-12  0.9844E-12
CALSDV   39    7  0.9876E-12  0.9860E-12
CALSDV   40    7  0.1028E-11  0.1026E-11
CALSDV   41    7  0.1038E-11  0.1036E-11
CALSDV   42    7  0.1080E-11  0.1078E-11
CALSDV   43    7  0.1097E-11  0.1095E-11
CALSDV   44    7  0.1143E-11  0.1140E-11
CALSDV   45    7  0.1167E-11  0.1165E-11
CALSDV   46    7  0.1216E-11  0.1214E-11
CALSDV   47    7  0.1248E-11  0.1246E-11
CALSDV   48    7  0.1302E-11  0.1299E-11
CALSDV   49    7  0.1342E-11  0.1339E-11
CALSDV   50    7  0.1401E-11  0.1398E-11
CALSDV   51    7  0.1450E-11  0.1447E-11
CALSDV   52    7  0.1515E-11  0.1512E-11
CALSDV   53    7  0.1572E-11  0.1570E-11
CALSDV   54    7  0.1645E-11  0.1642E-11
CALSDV   55    7  0.1714E-11  0.1711E-11
CALSDV   56    7  0.1795E-11  0.1792E-11
CALSDV   57    7  0.1876E-11  0.1872E-11
CALSDV   58    7  0.1966E-11  0.1962E-11
CALSDV   59    7  0.1992E-11  0.1988E-11
CALSDV   60    7  0.2063E-11  0.2059E-11
CALSDV    8    8  0.6587E-11  0.6632E-11
CALSDV    9    8  0.6911E-11  0.6915E-11
CALSDV   10    8  0.4317E-11  0.4323E-11
CALSDV   11    8  0.3633E-11  0.3656E-11
CALSDV   12    8  0.3117E-11  0.3127E-11
CALSDV   13    8  0.2566E-11  0.2577E-11
CALSDV   14    8  0.2251E-11  0.2262E-11
CALSDV   15    8  0.2037E-11  0.2041E-11
CALSDV   16    8  0.1722E-11  0.1732E-11
CALSDV   17    8  0.1698E-11  0.1700E-11
CALSDV   18    8  0.1408E-11  0.1413E-11
CALSDV   19    8  0.1464E-11  0.1466E-11
CALSDV   20    8  0.1216E-11  0.1222E-11
CALSDV   21    8  0.1300E-11  0.1301E-11
CALSDV   22    8  0.1098E-11  0.1103E-11
CALSDV   23    8  0.1183E-11  0.1184E-11
CALSDV   24    8  0.1025E-11  0.1030E-11
CALSDV   25    8  0.1102E-11  0.1103E-11
CALSDV   26    8  0.9807E-12  0.9849E-12
CALSDV   27    8  0.1047E-11  0.1048E-11
CALSDV   28    8  0.9570E-12  0.9605E-12
CALSDV   29    8  0.1013E-11  0.1014E-11
CALSDV   30    8  0.9481E-12  0.9512E-12
CALSDV   31    8  0.9958E-12  0.9965E-12
CALSDV   32    8  0.9514E-12  0.9536E-12
CALSDV   33    8  0.9926E-12  0.9934E-12
CALSDV   34    8  0.9656E-12  0.9677E-12
CALSDV   35    8  0.1002E-11  0.1003E-11
CALSDV   36    8  0.9887E-12  0.9906E-12
CALSDV   37    8  0.1024E-11  0.1024E-11
CALSDV   38    8  0.1022E-11  0.1024E-11
CALSDV   39    8  0.1055E-11  0.1056E-11
CALSDV   40    8  0.1064E-11  0.1065E-11
CALSDV   41    8  0.1098E-11  0.1099E-11
CALSDV   42    8  0.1115E-11  0.1117E-11
CALSDV   43    8  0.1151E-11  0.1152E-11
CALSDV   44    8  0.1176E-11  0.1178E-11
CALSDV   45    8  0.1216E-11  0.1217E-11
CALSDV   46    8  0.1249E-11  0.1251E-11
CALSDV   47    8  0.1292E-11  0.1294E-11
CALSDV   48    8  0.1333E-11  0.1335E-11
CALSDV   49    8  0.1382E-11  0.1384E-11
CALSDV   50    8  0.1431E-11  0.1433E-11
CALSDV   51    8  0.1485E-11  0.1487E-11
CALSDV   52    8  0.1543E-11  0.1546E-11
CALSDV   53    8  0.1605E-11  0.1607E-11
CALSDV   54    8  0.1672E-11  0.1675E-11
CALSDV   55    8  0.1743E-11  0.1746E-11
CALSDV   56    8  0.1820E-11  0.1824E-11
CALSDV   57    8  0.1904E-11  0.1907E-11
CALSDV   58    8  0.1991E-11  0.1994E-11
CALSDV   59    8  0.2040E-11  0.2043E-11
CALSDV   60    8  0.2107E-11  0.2109E-11
CALSDV    9    9  0.8752E-11  0.8702E-11
CALSDV   10    9  0.7245E-11  0.7242E-11
CALSDV   11    9  0.4539E-11  0.4527E-11
CALSDV   12    9  0.3333E-11  0.3333E-11
CALSDV   13    9  0.3037E-11  0.3032E-11
CALSDV   14    9  0.2096E-11  0.2097E-11
CALSDV   15    9  0.2097E-11  0.2094E-11
CALSDV   16    9  0.1674E-11  0.1675E-11
CALSDV   17    9  0.1567E-11  0.1565E-11
CALSDV   18    9  0.1471E-11  0.1471E-11
CALSDV   19    9  0.1281E-11  0.1278E-11
CALSDV   20    9  0.1339E-11  0.1339E-11
CALSDV   21    9  0.1132E-11  0.1129E-11
CALSDV   22    9  0.1242E-11  0.1241E-11
CALSDV   23    9  0.1051E-11  0.1048E-11
CALSDV   24    9  0.1169E-11  0.1168E-11
CALSDV   25    9  0.1009E-11  0.1007E-11
CALSDV   26    9  0.1115E-11  0.1114E-11
CALSDV   27    9  0.9879E-12  0.9861E-12
CALSDV   28    9  0.1078E-11  0.1078E-11
CALSDV   29    9  0.9809E-12  0.9796E-12
CALSDV   30    9  0.1056E-11  0.1055E-11
CALSDV   31    9  0.9849E-12  0.9836E-12
CALSDV   32    9  0.1047E-11  0.1046E-11
CALSDV   33    9  0.9967E-12  0.9957E-12
CALSDV   34    9  0.1049E-11  0.1049E-11
CALSDV   35    9  0.1018E-11  0.1017E-11
CALSDV   36    9  0.1063E-11  0.1063E-11
CALSDV   37    9  0.1046E-11  0.1045E-11
CALSDV   38    9  0.1088E-11  0.1087E-11
CALSDV   39    9  0.1084E-11  0.1083E-11
CALSDV   40    9  0.1123E-11  0.1122E-11
CALSDV   41    9  0.1129E-11  0.1128E-11
CALSDV   42    9  0.1169E-11  0.1168E-11
CALSDV   43    9  0.1184E-11  0.1184E-11
CALSDV   44    9  0.1225E-11  0.1224E-11
CALSDV   45    9  0.1249E-11  0.1249E-11
CALSDV   46    9  0.1294E-11  0.1293E-11
CALSDV   47    9  0.1326E-11  0.1325E-11
CALSDV   48    9  0.1374E-11  0.1373E-11
CALSDV   49    9  0.1415E-11  0.1414E-11
CALSDV   50    9  0.1469E-11  0.1468E-11
CALSDV   51    9  0.1518E-11  0.1517E-11
CALSDV   52    9  0.1578E-11  0.1577E-11
CALSDV   53    9  0.1636E-11  0.1634E-11
CALSDV   54    9  0.1704E-11  0.1703E-11
CALSDV   55    9  0.1773E-11  0.1772E-11
CALSDV   56    9  0.1850E-11  0.1849E-11
CALSDV   57    9  0.1932E-11  0.1931E-11
CALSDV   58    9  0.2019E-11  0.2018E-11
CALSDV   59    9  0.2080E-11  0.2078E-11
CALSDV   60    9  0.2144E-11  0.2143E-11
CALSDV   10   10  0.6613E-11  0.6612E-11
CALSDV   11   10  0.5749E-11  0.5769E-11
CALSDV   12   10  0.4056E-11  0.4047E-11
CALSDV   13   10  0.2909E-11  0.2934E-11
CALSDV   14   10  0.3221E-11  0.3223E-11
CALSDV   15   10  0.2290E-11  0.2313E-11
CALSDV   16   10  0.2470E-11  0.2472E-11
CALSDV   17   10  0.2041E-11  0.2058E-11
CALSDV   18   10  0.1968E-11  0.1968E-11
CALSDV   19   10  0.1838E-11  0.1853E-11
CALSDV   20   10  0.1650E-11  0.1649E-11
CALSDV   21   10  0.1663E-11  0.1675E-11
CALSDV   22   10  0.1453E-11  0.1452E-11
CALSDV   23   10  0.1519E-11  0.1530E-11
CALSDV   24   10  0.1326E-11  0.1326E-11
CALSDV   25   10  0.1405E-11  0.1414E-11
CALSDV   26   10  0.1247E-11  0.1246E-11
CALSDV   27   10  0.1318E-11  0.1326E-11
CALSDV   28   10  0.1195E-11  0.1194E-11
CALSDV   29   10  0.1256E-11  0.1263E-11
CALSDV   30   10  0.1164E-11  0.1164E-11
CALSDV   31   10  0.1213E-11  0.1219E-11
CALSDV   32   10  0.1150E-11  0.1150E-11
CALSDV   33   10  0.1188E-11  0.1194E-11
CALSDV   34   10  0.1148E-11  0.1148E-11
CALSDV   35   10  0.1178E-11  0.1183E-11
CALSDV   36   10  0.1157E-11  0.1158E-11
CALSDV   37   10  0.1183E-11  0.1188E-11
CALSDV   38   10  0.1177E-11  0.1178E-11
CALSDV   39   10  0.1201E-11  0.1204E-11
CALSDV   40   10  0.1208E-11  0.1209E-11
CALSDV   41   10  0.1231E-11  0.1234E-11
CALSDV   42   10  0.1248E-11  0.1250E-11
CALSDV   43   10  0.1273E-11  0.1276E-11
CALSDV   44   10  0.1300E-11  0.1302E-11
CALSDV   45   10  0.1327E-11  0.1330E-11
CALSDV   46   10  0.1363E-11  0.1365E-11
CALSDV   47   10  0.1395E-11  0.1397E-11
CALSDV   48   10  0.1439E-11  0.1440E-11
CALSDV   49   10  0.1474E-11  0.1477E-11
CALSDV   50   10  0.1528E-11  0.1530E-11
CALSDV   51   10  0.1571E-11  0.1573E-11
CALSDV   52   10  0.1632E-11  0.1634E-11
CALSDV   53   10  0.1682E-11  0.1684E-11
CALSDV   54   10  0.1753E-11  0.1755E-11
CALSDV   55   10  0.1814E-11  0.1816E-11
CALSDV   56   10  0.1894E-11  0.1897E-11
CALSDV   57   10  0.1969E-11  0.1971E-11
CALSDV   58   10  0.2060E-11  0.2063E-11
CALSDV   59   10  0.2131E-11  0.2134E-11
CALSDV   60   10  0.2203E-11  0.2205E-11
CALSDV   11   11  0.6318E-11  0.6294E-11
CALSDV   12   11  0.6644E-11  0.6653E-11
CALSDV   13   11  0.4277E-11  0.4285E-11
CALSDV   14   11  0.3507E-11  0.3511E-11
CALSDV   15   11  0.3202E-11  0.3208E-11
CALSDV   16   11  0.2403E-11  0.2406E-11
CALSDV   17   11  0.2286E-11  0.2289E-11
CALSDV   18   11  0.1930E-11  0.1935E-11
CALSDV   19   11  0.1707E-11  0.1708E-11
CALSDV   20   11  0.1658E-11  0.1660E-11
CALSDV   21   11  0.1384E-11  0.1387E-11
CALSDV   22   11  0.1476E-11  0.1477E-11
CALSDV   23   11  0.1225E-11  0.1227E-11
CALSDV   24   11  0.1349E-11  0.1351E-11
CALSDV   25   11  0.1152E-11  0.1154E-11
CALSDV   26   11  0.1261E-11  0.1263E-11
CALSDV   27   11  0.1124E-11  0.1125E-11
CALSDV   28   11  0.1202E-11  0.1203E-11
CALSDV   29   11  0.1117E-11  0.1117E-11
CALSDV   30   11  0.1167E-11  0.1168E-11
CALSDV   31   11  0.1122E-11  0.1122E-11
CALSDV   32   11  0.1148E-11  0.1149E-11
CALSDV   33   11  0.1135E-11  0.1135E-11
CALSDV   34   11  0.1147E-11  0.1148E-11
CALSDV   35   11  0.1154E-11  0.1154E-11
CALSDV   36   11  0.1157E-11  0.1157E-11
CALSDV   37   11  0.1181E-11  0.1181E-11
CALSDV   38   11  0.1180E-11  0.1180E-11
CALSDV   39   11  0.1214E-11  0.1214E-11
CALSDV   40   11  0.1212E-11  0.1213E-11
CALSDV   41   11  0.1255E-11  0.1255E-11
CALSDV   42   11  0.1257E-11  0.1257E-11
CALSDV   43   11  0.1304E-11  0.1304E-11
CALSDV   44   11  0.1312E-11  0.1312E-11
CALSDV   45   11  0.1363E-11  0.1363E-11
CALSDV   46   11  0.1377E-11  0.1377E-11
CALSDV   47   11  0.1433E-11  0.1433E-11
CALSDV   48   11  0.1456E-11  0.1456E-11
CALSDV   49   11  0.1514E-11  0.1514E-11
CALSDV   50   11  0.1546E-11  0.1546E-11
CALSDV   51   11  0.1610E-11  0.1610E-11
CALSDV   52   11  0.1653E-11  0.1653E-11
CALSDV   53   11  0.1720E-11  0.1720E-11
CALSDV   54   11  0.1773E-11  0.1773E-11
CALSDV   55   11  0.1850E-11  0.1850E-11
CALSDV   56   11  0.1916E-11  0.1916E-11
CALSDV   57   11  0.2002E-11  0.2002E-11
CALSDV   58   11  0.2081E-11  0.2081E-11
CALSDV   59   11  0.2172E-11  0.2172E-11
CALSDV   60   11  0.2227E-11  0.2228E-11
CALSDV   12   12  0.6034E-11  0.5984E-11
CALSDV   13   12  0.5647E-11  0.5638E-11
CALSDV   14   12  0.3882E-11  0.3884E-11
CALSDV   15   12  0.2792E-11  0.2785E-11
CALSDV   16   12  0.3114E-11  0.3110E-11
CALSDV   17   12  0.2182E-11  0.2180E-11
CALSDV   18   12  0.2392E-11  0.2385E-11
CALSDV   19   12  0.2015E-11  0.2015E-11
CALSDV   20   12  0.1933E-11  0.1928E-11
CALSDV   21   12  0.1878E-11  0.1878E-11
CALSDV   22   12  0.1671E-11  0.1667E-11
CALSDV   23   12  0.1743E-11  0.1744E-11
CALSDV   24   12  0.1533E-11  0.1530E-11
CALSDV   25   12  0.1624E-11  0.1625E-11
CALSDV   26   12  0.1453E-11  0.1450E-11
CALSDV   27   12  0.1525E-11  0.1526E-11
CALSDV   28   12  0.1408E-11  0.1406E-11
CALSDV   29   12  0.1448E-11  0.1449E-11
CALSDV   30   12  0.1380E-11  0.1378E-11
CALSDV   31   12  0.1394E-11  0.1395E-11
CALSDV   32   12  0.1365E-11  0.1362E-11
CALSDV   33   12  0.1358E-11  0.1358E-11
CALSDV   34   12  0.1360E-11  0.1358E-11
CALSDV   35   12  0.1339E-11  0.1339E-11
CALSDV   36   12  0.1362E-11  0.1360E-11
CALSDV   37   12  0.1334E-11  0.1334E-11
CALSDV   38   12  0.1375E-11  0.1373E-11
CALSDV   39   12  0.1344E-11  0.1343E-11
CALSDV   40   12  0.1396E-11  0.1393E-11
CALSDV   41   12  0.1367E-11  0.1366E-11
CALSDV   42   12  0.1426E-11  0.1424E-11
CALSDV   43   12  0.1401E-11  0.1400E-11
CALSDV   44   12  0.1466E-11  0.1463E-11
CALSDV   45   12  0.1449E-11  0.1448E-11
CALSDV   46   12  0.1519E-11  0.1516E-11
CALSDV   47   12  0.1508E-11  0.1507E-11
CALSDV   48   12  0.1582E-11  0.1579E-11
CALSDV   49   12  0.1582E-11  0.1580E-11
CALSDV   50   12  0.1659E-11  0.1656E-11
CALSDV   51   12  0.1669E-11  0.1667E-11
CALSDV   52   12  0.1752E-11  0.1749E-11
CALSDV   53   12  0.1774E-11  0.1771E-11
CALSDV   54   12  0.1860E-11  0.1857E-11
CALSDV   55   12  0.1897E-11  0.1894E-11
CALSDV   56   12  0.1991E-11  0.1988E-11
CALSDV   57   12  0.2044E-11  0.2041E-11
CALSDV   58   12  0.2146E-11  0.2143E-11
CALSDV   59   12  0.2222E-11  0.2218E-11
CALSDV   60   12  0.2307E-11  0.2304E-11
CALSDV   13   13  0.5263E-11  0.5276E-11
CALSDV   14   13  0.5641E-11  0.5650E-11
CALSDV   15   13  0.4115E-11  0.4118E-11
CALSDV   16   13  0.3157E-11  0.3161E-11
CALSDV   17   13  0.3344E-11  0.3344E-11
CALSDV   18   13  0.2438E-11  0.2440E-11
CALSDV   19   13  0.2468E-11  0.2466E-11
CALSDV   20   13  0.2091E-11  0.2091E-11
CALSDV   21   13  0.1861E-11  0.1858E-11
CALSDV   22   13  0.1825E-11  0.1825E-11
CALSDV   23   13  0.1509E-11  0.1507E-11
CALSDV   24   13  0.1615E-11  0.1617E-11
CALSDV   25   13  0.1339E-11  0.1337E-11
CALSDV   26   13  0.1460E-11  0.1462E-11
CALSDV   27   13  0.1269E-11  0.1268E-11
CALSDV   28   13  0.1354E-11  0.1355E-11
CALSDV   29   13  0.1250E-11  0.1250E-11
CALSDV   30   13  0.1286E-11  0.1286E-11
CALSDV   31   13  0.1255E-11  0.1255E-11
CALSDV   32   13  0.1253E-11  0.1252E-11
CALSDV   33   13  0.1271E-11  0.1270E-11
CALSDV   34   13  0.1239E-11  0.1239E-11
CALSDV   35   13  0.1294E-11  0.1293E-11
CALSDV   36   13  0.1248E-11  0.1248E-11
CALSDV   37   13  0.1321E-11  0.1320E-11
CALSDV   38   13  0.1269E-11  0.1269E-11
CALSDV   39   13  0.1353E-11  0.1353E-11
CALSDV   40   13  0.1305E-11  0.1304E-11
CALSDV   41   13  0.1392E-11  0.1391E-11
CALSDV   42   13  0.1351E-11  0.1350E-11
CALSDV   43   13  0.1437E-11  0.1437E-11
CALSDV   44   13  0.1406E-11  0.1405E-11
CALSDV   45   13  0.1491E-11  0.1491E-11
CALSDV   46   13  0.1474E-11  0.1473E-11
CALSDV   47   13  0.1555E-11  0.1554E-11
CALSDV   48   13  0.1550E-11  0.1549E-11
CALSDV   49   13  0.1629E-11  0.1628E-11
CALSDV   50   13  0.1641E-11  0.1639E-11
CALSDV   51   13  0.1717E-11  0.1716E-11
CALSDV   52   13  0.1742E-11  0.1741E-11
CALSDV   53   13  0.1818E-11  0.1817E-11
CALSDV   54   13  0.1860E-11  0.1858E-11
CALSDV   55   13  0.1938E-11  0.1937E-11
CALSDV   56   13  0.1995E-11  0.1994E-11
CALSDV   57   13  0.2081E-11  0.2079E-11
CALSDV   58   13  0.2156E-11  0.2154E-11
CALSDV   59   13  0.2263E-11  0.2262E-11
CALSDV   60   13  0.2316E-11  0.2314E-11
CALSDV   14   14  0.4570E-11  0.4565E-11
CALSDV   15   14  0.5899E-11  0.5887E-11
CALSDV   16   14  0.3883E-11  0.3872E-11
CALSDV   17   14  0.3004E-11  0.3002E-11
CALSDV   18   14  0.3184E-11  0.3182E-11
CALSDV   19   14  0.2272E-11  0.2275E-11
CALSDV   20   14  0.2371E-11  0.2371E-11
CALSDV   21   14  0.2087E-11  0.2087E-11
CALSDV   22   14  0.1854E-11  0.1849E-11
CALSDV   23   14  0.1962E-11  0.1960E-11
CALSDV   24   14  0.1598E-11  0.1592E-11
CALSDV   25   14  0.1837E-11  0.1839E-11
CALSDV   26   14  0.1508E-11  0.1499E-11
CALSDV   27   14  0.1731E-11  0.1729E-11
CALSDV   28   14  0.1487E-11  0.1478E-11
CALSDV   29   14  0.1644E-11  0.1639E-11
CALSDV   30   14  0.1495E-11  0.1486E-11
CALSDV   31   14  0.1577E-11  0.1570E-11
CALSDV   32   14  0.1507E-11  0.1502E-11
CALSDV   33   14  0.1530E-11  0.1529E-11
CALSDV   34   14  0.1523E-11  0.1518E-11
CALSDV   35   14  0.1502E-11  0.1500E-11
CALSDV   36   14  0.1540E-11  0.1536E-11
CALSDV   37   14  0.1494E-11  0.1490E-11
CALSDV   38   14  0.1558E-11  0.1555E-11
CALSDV   39   14  0.1497E-11  0.1493E-11
CALSDV   40   14  0.1581E-11  0.1578E-11
CALSDV   41   14  0.1514E-11  0.1511E-11
CALSDV   42   14  0.1610E-11  0.1606E-11
CALSDV   43   14  0.1544E-11  0.1540E-11
CALSDV   44   14  0.1646E-11  0.1642E-11
CALSDV   45   14  0.1585E-11  0.1581E-11
CALSDV   46   14  0.1690E-11  0.1685E-11
CALSDV   47   14  0.1640E-11  0.1636E-11
CALSDV   48   14  0.1744E-11  0.1739E-11
CALSDV   49   14  0.1705E-11  0.1700E-11
CALSDV   50   14  0.1810E-11  0.1805E-11
CALSDV   51   14  0.1786E-11  0.1781E-11
CALSDV   52   14  0.1890E-11  0.1884E-11
CALSDV   53   14  0.1879E-11  0.1873E-11
CALSDV   54   14  0.1984E-11  0.1979E-11
CALSDV   55   14  0.1994E-11  0.1988E-11
CALSDV   56   14  0.2101E-11  0.2095E-11
CALSDV   57   14  0.2129E-11  0.2122E-11
CALSDV   58   14  0.2242E-11  0.2236E-11
CALSDV   59   14  0.2316E-11  0.2308E-11
CALSDV   60   14  0.2411E-11  0.2405E-11
CALSDV   15   15  0.5283E-11  0.5247E-11
CALSDV   16   15  0.5454E-11  0.5474E-11
CALSDV   17   15  0.3967E-11  0.4024E-11
CALSDV   18   15  0.2861E-11  0.2877E-11
CALSDV   19   15  0.3439E-11  0.3476E-11
CALSDV   20   15  0.2252E-11  0.2282E-11
CALSDV   21   15  0.2679E-11  0.2706E-11
CALSDV   22   15  0.2045E-11  0.2071E-11
CALSDV   23   15  0.2123E-11  0.2146E-11
CALSDV   24   15  0.1867E-11  0.1883E-11
CALSDV   25   15  0.1790E-11  0.1809E-11
CALSDV   26   15  0.1700E-11  0.1710E-11
CALSDV   27   15  0.1621E-11  0.1639E-11
CALSDV   28   15  0.1566E-11  0.1573E-11
CALSDV   29   15  0.1544E-11  0.1558E-11
CALSDV   30   15  0.1470E-11  0.1477E-11
CALSDV   31   15  0.1515E-11  0.1529E-11
CALSDV   32   15  0.1409E-11  0.1417E-11
CALSDV   33   15  0.1511E-11  0.1523E-11
CALSDV   34   15  0.1383E-11  0.1390E-11
CALSDV   35   15  0.1518E-11  0.1530E-11
CALSDV   36   15  0.1379E-11  0.1386E-11
CALSDV   37   15  0.1533E-11  0.1546E-11
CALSDV   38   15  0.1396E-11  0.1405E-11
CALSDV   39   15  0.1554E-11  0.1567E-11
CALSDV   40   15  0.1426E-11  0.1436E-11
CALSDV   41   15  0.1582E-11  0.1596E-11
CALSDV   42   15  0.1470E-11  0.1482E-11
CALSDV   43   15  0.1615E-11  0.1631E-11
CALSDV   44   15  0.1524E-11  0.1538E-11
CALSDV   45   15  0.1658E-11  0.1675E-11
CALSDV   46   15  0.1587E-11  0.1604E-11
CALSDV   47   15  0.1709E-11  0.1728E-11
CALSDV   48   15  0.1662E-11  0.1681E-11
CALSDV   49   15  0.1770E-11  0.1791E-11
CALSDV   50   15  0.1745E-11  0.1766E-11
CALSDV   51   15  0.1844E-11  0.1867E-11
CALSDV   52   15  0.1843E-11  0.1866E-11
CALSDV   53   15  0.1930E-11  0.1955E-11
CALSDV   54   15  0.1950E-11  0.1975E-11
CALSDV   55   15  0.2035E-11  0.2062E-11
CALSDV   56   15  0.2078E-11  0.2106E-11
CALSDV   57   15  0.2162E-11  0.2190E-11
CALSDV   58   15  0.2226E-11  0.2256E-11
CALSDV   59   15  0.2347E-11  0.2378E-11
CALSDV   60   15  0.2393E-11  0.2425E-11
CALSDV   16   16  0.4037E-11  0.4047E-11
CALSDV   17   16  0.5699E-11  0.5706E-11
CALSDV   18   16  0.3956E-11  0.3960E-11
CALSDV   19   16  0.3046E-11  0.3058E-11
CALSDV   20   16  0.3386E-11  0.3388E-11
CALSDV   21   16  0.2408E-11  0.2413E-11
CALSDV   22   16  0.2540E-11  0.2538E-11
CALSDV   23   16  0.2221E-11  0.2220E-11
CALSDV   24   16  0.1959E-11  0.1957E-11
CALSDV   25   16  0.2069E-11  0.2067E-11
CALSDV   26   16  0.1673E-11  0.1673E-11
CALSDV   27   16  0.1925E-11  0.1923E-11
CALSDV   28   16  0.1590E-11  0.1589E-11
CALSDV   29   16  0.1806E-11  0.1804E-11
CALSDV   30   16  0.1595E-11  0.1595E-11
CALSDV   31   16  0.1719E-11  0.1718E-11
CALSDV   32   16  0.1631E-11  0.1631E-11
CALSDV   33   16  0.1661E-11  0.1660E-11
CALSDV   34   16  0.1673E-11  0.1672E-11
CALSDV   35   16  0.1631E-11  0.1632E-11
CALSDV   36   16  0.1708E-11  0.1707E-11
CALSDV   37   16  0.1620E-11  0.1621E-11
CALSDV   38   16  0.1742E-11  0.1741E-11
CALSDV   39   16  0.1628E-11  0.1629E-11
CALSDV   40   16  0.1772E-11  0.1771E-11
CALSDV   41   16  0.1648E-11  0.1649E-11
CALSDV   42   16  0.1803E-11  0.1803E-11
CALSDV   43   16  0.1680E-11  0.1682E-11
CALSDV   44   16  0.1836E-11  0.1835E-11
CALSDV   45   16  0.1724E-11  0.1725E-11
CALSDV   46   16  0.1875E-11  0.1875E-11
CALSDV   47   16  0.1775E-11  0.1776E-11
CALSDV   48   16  0.1921E-11  0.1921E-11
CALSDV   49   16  0.1839E-11  0.1840E-11
CALSDV   50   16  0.1976E-11  0.1976E-11
CALSDV   51   16  0.1911E-11  0.1912E-11
CALSDV   52   16  0.2043E-11  0.2042E-11
CALSDV   53   16  0.1998E-11  0.1998E-11
CALSDV   54   16  0.2121E-11  0.2122E-11
CALSDV   55   16  0.2099E-11  0.2099E-11
CALSDV   56   16  0.2221E-11  0.2221E-11
CALSDV   57   16  0.2222E-11  0.2222E-11
CALSDV   58   16  0.2344E-11  0.2345E-11
CALSDV   59   16  0.2408E-11  0.2409E-11
CALSDV   60   16  0.2511E-11  0.2512E-11
CALSDV   17   17  0.3935E-11  0.3932E-11
CALSDV   18   17  0.4767E-11  0.4769E-11
CALSDV   19   17  0.3831E-11  0.3841E-11
CALSDV   20   17  0.2644E-11  0.2654E-11
CALSDV   21   17  0.3360E-11  0.3365E-11
CALSDV   22   17  0.2454E-11  0.2462E-11
CALSDV   23   17  0.2594E-11  0.2596E-11
CALSDV   24   17  0.2344E-11  0.2350E-11
CALSDV   25   17  0.2041E-11  0.2039E-11
CALSDV   26   17  0.2134E-11  0.2136E-11
CALSDV   27   17  0.1728E-11  0.1728E-11
CALSDV   28   17  0.1903E-11  0.1903E-11
CALSDV   29   17  0.1594E-11  0.1593E-11
CALSDV   30   17  0.1710E-11  0.1708E-11
CALSDV   31   17  0.1553E-11  0.1554E-11
CALSDV   32   17  0.1577E-11  0.1574E-11
CALSDV   33   17  0.1556E-11  0.1557E-11
CALSDV   34   17  0.1499E-11  0.1496E-11
CALSDV   35   17  0.1578E-11  0.1579E-11
CALSDV   36   17  0.1475E-11  0.1474E-11
CALSDV   37   17  0.1607E-11  0.1609E-11
CALSDV   38   17  0.1484E-11  0.1483E-11
CALSDV   39   17  0.1641E-11  0.1643E-11
CALSDV   40   17  0.1522E-11  0.1522E-11
CALSDV   41   17  0.1680E-11  0.1682E-11
CALSDV   42   17  0.1574E-11  0.1575E-11
CALSDV   43   17  0.1722E-11  0.1724E-11
CALSDV   44   17  0.1639E-11  0.1640E-11
CALSDV   45   17  0.1770E-11  0.1773E-11
CALSDV   46   17  0.1714E-11  0.1716E-11
CALSDV   47   17  0.1825E-11  0.1828E-11
CALSDV   48   17  0.1793E-11  0.1796E-11
CALSDV   49   17  0.1889E-11  0.1892E-11
CALSDV   50   17  0.1884E-11  0.1886E-11
CALSDV   51   17  0.1962E-11  0.1965E-11
CALSDV   52   17  0.1978E-11  0.1981E-11
CALSDV   53   17  0.2045E-11  0.2048E-11
CALSDV   54   17  0.2085E-11  0.2088E-11
CALSDV   55   17  0.2143E-11  0.2148E-11
CALSDV   56   17  0.2202E-11  0.2207E-11
CALSDV   57   17  0.2260E-11  0.2265E-11
CALSDV   58   17  0.2340E-11  0.2345E-11
CALSDV   59   17  0.2445E-11  0.2450E-11
CALSDV   60   17  0.2510E-11  0.2515E-11
CALSDV   18   18  0.4398E-11  0.4409E-11
CALSDV   19   18  0.4938E-11  0.4950E-11
CALSDV   20   18  0.4159E-11  0.4152E-11
CALSDV   21   18  0.2601E-11  0.2614E-11
CALSDV   22   18  0.3540E-11  0.3541E-11
CALSDV   23   18  0.2352E-11  0.2359E-11
CALSDV   24   18  0.2629E-11  0.2630E-11
CALSDV   25   18  0.2300E-11  0.2304E-11
CALSDV   26   18  0.2017E-11  0.2015E-11
CALSDV   27   18  0.2164E-11  0.2165E-11
CALSDV   28   18  0.1751E-11  0.1749E-11
CALSDV   29   18  0.2000E-11  0.2000E-11
CALSDV   30   18  0.1719E-11  0.1718E-11
CALSDV   31   18  0.1865E-11  0.1864E-11
CALSDV   32   18  0.1776E-11  0.1775E-11
CALSDV   33   18  0.1776E-11  0.1776E-11
CALSDV   34   18  0.1851E-11  0.1849E-11
CALSDV   35   18  0.1728E-11  0.1727E-11
CALSDV   36   18  0.1917E-11  0.1917E-11
CALSDV   37   18  0.1721E-11  0.1720E-11
CALSDV   38   18  0.1969E-11  0.1969E-11
CALSDV   39   18  0.1733E-11  0.1734E-11
CALSDV   40   18  0.2010E-11  0.2010E-11
CALSDV   41   18  0.1768E-11  0.1768E-11
CALSDV   42   18  0.2044E-11  0.2043E-11
CALSDV   43   18  0.1811E-11  0.1811E-11
CALSDV   44   18  0.2074E-11  0.2074E-11
CALSDV   45   18  0.1862E-11  0.1862E-11
CALSDV   46   18  0.2104E-11  0.2104E-11
CALSDV   47   18  0.1922E-11  0.1922E-11
CALSDV   48   18  0.2138E-11  0.2138E-11
CALSDV   49   18  0.1984E-11  0.1984E-11
CALSDV   50   18  0.2178E-11  0.2178E-11
CALSDV   51   18  0.2058E-11  0.2057E-11
CALSDV   52   18  0.2227E-11  0.2227E-11
CALSDV   53   18  0.2133E-11  0.2132E-11
CALSDV   54   18  0.2286E-11  0.2286E-11
CALSDV   55   18  0.2225E-11  0.2226E-11
CALSDV   56   18  0.2364E-11  0.2363E-11
CALSDV   57   18  0.2330E-11  0.2329E-11
CALSDV   58   18  0.2463E-11  0.2462E-11
CALSDV   59   18  0.2512E-11  0.2512E-11
CALSDV   60   18  0.2619E-11  0.2618E-11
CALSDV   19   19  0.3669E-11  0.3685E-11
CALSDV   20   19  0.4606E-11  0.4604E-11
CALSDV   21   19  0.3834E-11  0.3833E-11
CALSDV   22   19  0.2575E-11  0.2567E-11
CALSDV   23   19  0.3350E-11  0.3350E-11
CALSDV   24   19  0.2637E-11  0.2632E-11
CALSDV   25   19  0.2602E-11  0.2605E-11
CALSDV   26   19  0.2643E-11  0.2642E-11
CALSDV   27   19  0.2087E-11  0.2091E-11
CALSDV   28   19  0.2467E-11  0.2467E-11
CALSDV   29   19  0.1814E-11  0.1817E-11
CALSDV   30   19  0.2230E-11  0.2229E-11
CALSDV   31   19  0.1708E-11  0.1709E-11
CALSDV   32   19  0.2017E-11  0.2016E-11
CALSDV   33   19  0.1681E-11  0.1681E-11
CALSDV   34   19  0.1863E-11  0.1862E-11
CALSDV   35   19  0.1690E-11  0.1689E-11
CALSDV   36   19  0.1770E-11  0.1769E-11
CALSDV   37   19  0.1716E-11  0.1714E-11
CALSDV   38   19  0.1737E-11  0.1736E-11
CALSDV   39   19  0.1749E-11  0.1747E-11
CALSDV   40   19  0.1743E-11  0.1743E-11
CALSDV   41   19  0.1788E-11  0.1786E-11
CALSDV   42   19  0.1781E-11  0.1781E-11
CALSDV   43   19  0.1835E-11  0.1832E-11
CALSDV   44   19  0.1836E-11  0.1836E-11
CALSDV   45   19  0.1885E-11  0.1883E-11
CALSDV   46   19  0.1903E-11  0.1903E-11
CALSDV   47   19  0.1944E-11  0.1942E-11
CALSDV   48   19  0.1980E-11  0.1980E-11
CALSDV   49   19  0.2008E-11  0.2007E-11
CALSDV   50   19  0.2060E-11  0.2060E-11
CALSDV   51   19  0.2082E-11  0.2080E-11
CALSDV   52   19  0.2149E-11  0.2149E-11
CALSDV   53   19  0.2161E-11  0.2161E-11
CALSDV   54   19  0.2240E-11  0.2240E-11
CALSDV   55   19  0.2254E-11  0.2253E-11
CALSDV   56   19  0.2346E-11  0.2346E-11
CALSDV   57   19  0.2359E-11  0.2359E-11
CALSDV   58   19  0.2462E-11  0.2462E-11
CALSDV   59   19  0.2538E-11  0.2537E-11
CALSDV   60   19  0.2625E-11  0.2625E-11
CALSDV   20   20  0.4258E-11  0.4302E-11
CALSDV   21   20  0.4767E-11  0.4758E-11
CALSDV   22   20  0.4285E-11  0.4283E-11
CALSDV   23   20  0.2536E-11  0.2528E-11
CALSDV   24   20  0.3700E-11  0.3693E-11
CALSDV   25   20  0.2471E-11  0.2463E-11
CALSDV   26   20  0.2774E-11  0.2769E-11
CALSDV   27   20  0.2461E-11  0.2456E-11
CALSDV   28   20  0.2139E-11  0.2135E-11
CALSDV   29   20  0.2303E-11  0.2301E-11
CALSDV   30   20  0.1862E-11  0.1859E-11
CALSDV   31   20  0.2106E-11  0.2104E-11
CALSDV   32   20  0.1834E-11  0.1831E-11
CALSDV   33   20  0.1946E-11  0.1945E-11
CALSDV   34   20  0.1903E-11  0.1900E-11
CALSDV   35   20  0.1854E-11  0.1854E-11
CALSDV   36   20  0.1990E-11  0.1988E-11
CALSDV   37   20  0.1819E-11  0.1819E-11
CALSDV   38   20  0.2070E-11  0.2068E-11
CALSDV   39   20  0.1837E-11  0.1836E-11
CALSDV   40   20  0.2133E-11  0.2131E-11
CALSDV   41   20  0.1879E-11  0.1877E-11
CALSDV   42   20  0.2184E-11  0.2183E-11
CALSDV   43   20  0.1939E-11  0.1938E-11
CALSDV   44   20  0.2226E-11  0.2225E-11
CALSDV   45   20  0.2006E-11  0.2004E-11
CALSDV   46   20  0.2264E-11  0.2263E-11
CALSDV   47   20  0.2074E-11  0.2073E-11
CALSDV   48   20  0.2301E-11  0.2300E-11
CALSDV   49   20  0.2146E-11  0.2145E-11
CALSDV   50   20  0.2339E-11  0.2338E-11
CALSDV   51   20  0.2215E-11  0.2214E-11
CALSDV   52   20  0.2383E-11  0.2382E-11
CALSDV   53   20  0.2289E-11  0.2288E-11
CALSDV   54   20  0.2433E-11  0.2431E-11
CALSDV   55   20  0.2366E-11  0.2365E-11
CALSDV   56   20  0.2496E-11  0.2495E-11
CALSDV   57   20  0.2454E-11  0.2452E-11
CALSDV   58   20  0.2577E-11  0.2575E-11
CALSDV   59   20  0.2621E-11  0.2619E-11
CALSDV   60   20  0.2718E-11  0.2716E-11
CALSDV   21   21  0.3705E-11  0.3690E-11
CALSDV   22   21  0.4601E-11  0.4602E-11
CALSDV   23   21  0.3861E-11  0.3858E-11
CALSDV   24   21  0.2470E-11  0.2478E-11
CALSDV   25   21  0.3344E-11  0.3339E-11
CALSDV   26   21  0.2703E-11  0.2708E-11
CALSDV   27   21  0.2620E-11  0.2619E-11
CALSDV   28   21  0.2817E-11  0.2820E-11
CALSDV   29   21  0.2172E-11  0.2171E-11
CALSDV   30   21  0.2685E-11  0.2685E-11
CALSDV   31   21  0.1964E-11  0.1963E-11
CALSDV   32   21  0.2459E-11  0.2460E-11
CALSDV   33   21  0.1896E-11  0.1895E-11
CALSDV   34   21  0.2246E-11  0.2248E-11
CALSDV   35   21  0.1886E-11  0.1883E-11
CALSDV   36   21  0.2093E-11  0.2095E-11
CALSDV   37   21  0.1896E-11  0.1892E-11
CALSDV   38   21  0.2002E-11  0.2004E-11
CALSDV   39   21  0.1918E-11  0.1914E-11
CALSDV   40   21  0.1977E-11  0.1978E-11
CALSDV   41   21  0.1948E-11  0.1944E-11
CALSDV   42   21  0.1990E-11  0.1993E-11
CALSDV   43   21  0.1986E-11  0.1982E-11
CALSDV   44   21  0.2039E-11  0.2034E-11
CALSDV   45   21  0.2034E-11  0.2030E-11
CALSDV   46   21  0.2098E-11  0.2100E-11
CALSDV   47   21  0.2088E-11  0.2085E-11
CALSDV   48   21  0.2170E-11  0.2169E-11
CALSDV   49   21  0.2153E-11  0.2147E-11
CALSDV   50   21  0.2249E-11  0.2246E-11
CALSDV   51   21  0.2222E-11  0.2218E-11
CALSDV   52   21  0.2326E-11  0.2325E-11
CALSDV   53   21  0.2296E-11  0.2294E-11
CALSDV   54   21  0.2410E-11  0.2408E-11
CALSDV   55   21  0.2380E-11  0.2378E-11
CALSDV   56   21  0.2496E-11  0.2494E-11
CALSDV   57   21  0.2472E-11  0.2469E-11
CALSDV   58   21  0.2593E-11  0.2591E-11
CALSDV   59   21  0.2638E-11  0.2635E-11
CALSDV   60   21  0.2738E-11  0.2737E-11
CALSDV   22   22  0.3769E-11  0.3769E-11
CALSDV   23   22  0.4706E-11  0.4704E-11
CALSDV   24   22  0.4297E-11  0.4305E-11
CALSDV   25   22  0.2507E-11  0.2511E-11
CALSDV   26   22  0.3758E-11  0.3765E-11
CALSDV   27   22  0.2598E-11  0.2603E-11
CALSDV   28   22  0.2850E-11  0.2855E-11
CALSDV   29   22  0.2624E-11  0.2630E-11
CALSDV   30   22  0.2234E-11  0.2239E-11
CALSDV   31   22  0.2442E-11  0.2449E-11
CALSDV   32   22  0.1974E-11  0.1976E-11
CALSDV   33   22  0.2204E-11  0.2210E-11
CALSDV   34   22  0.1950E-11  0.1953E-11
CALSDV   35   22  0.2017E-11  0.2022E-11
CALSDV   36   22  0.2020E-11  0.2023E-11
CALSDV   37   22  0.1921E-11  0.1926E-11
CALSDV   38   22  0.2110E-11  0.2112E-11
CALSDV   39   22  0.1904E-11  0.1907E-11
CALSDV   40   22  0.2192E-11  0.2195E-11
CALSDV   41   22  0.1952E-11  0.1955E-11
CALSDV   42   22  0.2263E-11  0.2264E-11
CALSDV   43   22  0.2026E-11  0.2028E-11
CALSDV   44   22  0.2322E-11  0.2323E-11
CALSDV   45   22  0.2116E-11  0.2118E-11
CALSDV   46   22  0.2375E-11  0.2376E-11
CALSDV   47   22  0.2207E-11  0.2210E-11
CALSDV   48   22  0.2422E-11  0.2424E-11
CALSDV   49   22  0.2291E-11  0.2295E-11
CALSDV   50   22  0.2470E-11  0.2472E-11
CALSDV   51   22  0.2373E-11  0.2376E-11
CALSDV   52   22  0.2517E-11  0.2519E-11
CALSDV   53   22  0.2443E-11  0.2446E-11
CALSDV   54   22  0.2566E-11  0.2568E-11
CALSDV   55   22  0.2515E-11  0.2519E-11
CALSDV   56   22  0.2623E-11  0.2626E-11
CALSDV   57   22  0.2582E-11  0.2585E-11
CALSDV   58   22  0.2688E-11  0.2691E-11
CALSDV   59   22  0.2731E-11  0.2734E-11
CALSDV   60   22  0.2813E-11  0.2815E-11
CALSDV   23   23  0.3649E-11  0.3634E-11
CALSDV   24   23  0.4660E-11  0.4687E-11
CALSDV   25   23  0.3886E-11  0.3904E-11
CALSDV   26   23  0.2405E-11  0.2431E-11
CALSDV   27   23  0.3339E-11  0.3339E-11
CALSDV   28   23  0.2736E-11  0.2751E-11
CALSDV   29   23  0.2628E-11  0.2633E-11
CALSDV   30   23  0.2904E-11  0.2913E-11
CALSDV   31   23  0.2243E-11  0.2251E-11
CALSDV   32   23  0.2780E-11  0.2788E-11
CALSDV   33   23  0.2101E-11  0.2109E-11
CALSDV   34   23  0.2542E-11  0.2554E-11
CALSDV   35   23  0.2073E-11  0.2080E-11
CALSDV   36   23  0.2319E-11  0.2332E-11
CALSDV   37   23  0.2077E-11  0.2083E-11
CALSDV   38   23  0.2165E-11  0.2183E-11
CALSDV   39   23  0.2089E-11  0.2095E-11
CALSDV   40   23  0.2088E-11  0.2108E-11
CALSDV   41   23  0.2107E-11  0.2113E-11
CALSDV   42   23  0.2086E-11  0.2107E-11
CALSDV   43   23  0.2136E-11  0.2141E-11
CALSDV   44   23  0.2128E-11  0.2148E-11
CALSDV   45   23  0.2174E-11  0.2180E-11
CALSDV   46   23  0.2201E-11  0.2219E-11
CALSDV   47   23  0.2228E-11  0.2232E-11
CALSDV   48   23  0.2287E-11  0.2302E-11
CALSDV   49   23  0.2288E-11  0.2291E-11
CALSDV   50   23  0.2375E-11  0.2388E-11
CALSDV   51   23  0.2358E-11  0.2362E-11
CALSDV   52   23  0.2466E-11  0.2476E-11
CALSDV   53   23  0.2431E-11  0.2434E-11
CALSDV   54   23  0.2548E-11  0.2555E-11
CALSDV   55   23  0.2509E-11  0.2512E-11
CALSDV   56   23  0.2633E-11  0.2640E-11
CALSDV   57   23  0.2589E-11  0.2589E-11
CALSDV   58   23  0.2715E-11  0.2716E-11
CALSDV   59   23  0.2736E-11  0.2741E-11
CALSDV   60   23  0.2836E-11  0.2853E-11
CALSDV   24   24  0.3696E-11  0.3684E-11
CALSDV   25   24  0.4768E-11  0.4762E-11
CALSDV   26   24  0.4364E-11  0.4365E-11
CALSDV   27   24  0.2569E-11  0.2568E-11
CALSDV   28   24  0.3811E-11  0.3813E-11
CALSDV   29   24  0.2781E-11  0.2781E-11
CALSDV   30   24  0.2925E-11  0.2925E-11
CALSDV   31   24  0.2830E-11  0.2829E-11
CALSDV   32   24  0.2356E-11  0.2354E-11
CALSDV   33   24  0.2618E-11  0.2618E-11
CALSDV   34   24  0.2128E-11  0.2127E-11
CALSDV   35   24  0.2338E-11  0.2342E-11
CALSDV   36   24  0.2113E-11  0.2114E-11
CALSDV   37   24  0.2120E-11  0.2124E-11
CALSDV   38   24  0.2176E-11  0.2178E-11
CALSDV   39   24  0.2022E-11  0.2028E-11
CALSDV   40   24  0.2255E-11  0.2257E-11
CALSDV   41   24  0.2022E-11  0.2028E-11
CALSDV   42   24  0.2332E-11  0.2333E-11
CALSDV   43   24  0.2102E-11  0.2106E-11
CALSDV   44   24  0.2402E-11  0.2403E-11
CALSDV   45   24  0.2208E-11  0.2211E-11
CALSDV   46   24  0.2466E-11  0.2467E-11
CALSDV   47   24  0.2324E-11  0.2326E-11
CALSDV   48   24  0.2528E-11  0.2529E-11
CALSDV   49   24  0.2433E-11  0.2436E-11
CALSDV   50   24  0.2586E-11  0.2586E-11
CALSDV   51   24  0.2527E-11  0.2529E-11
CALSDV   52   24  0.2643E-11  0.2645E-11
CALSDV   53   24  0.2606E-11  0.2609E-11
CALSDV   54   24  0.2697E-11  0.2699E-11
CALSDV   55   24  0.2669E-11  0.2672E-11
CALSDV   56   24  0.2752E-11  0.2754E-11
CALSDV   57   24  0.2723E-11  0.2725E-11
CALSDV   58   24  0.2808E-11  0.2810E-11
CALSDV   59   24  0.2846E-11  0.2848E-11
CALSDV   60   24  0.2913E-11  0.2914E-11
CALSDV   25   25  0.3677E-11  0.3675E-11
CALSDV   26   25  0.4865E-11  0.4862E-11
CALSDV   27   25  0.4128E-11  0.4116E-11
CALSDV   28   25  0.2519E-11  0.2516E-11
CALSDV   29   25  0.3480E-11  0.3474E-11
CALSDV   30   25  0.2874E-11  0.2871E-11
CALSDV   31   25  0.2703E-11  0.2700E-11
CALSDV   32   25  0.3058E-11  0.3056E-11
CALSDV   33   25  0.2357E-11  0.2355E-11
CALSDV   34   25  0.2940E-11  0.2939E-11
CALSDV   35   25  0.2313E-11  0.2308E-11
CALSDV   36   25  0.2716E-11  0.2717E-11
CALSDV   37   25  0.2375E-11  0.2369E-11
CALSDV   38   25  0.2517E-11  0.2518E-11
CALSDV   39   25  0.2440E-11  0.2437E-11
CALSDV   40   25  0.2404E-11  0.2406E-11
CALSDV   41   25  0.2487E-11  0.2484E-11
CALSDV   42   25  0.2367E-11  0.2370E-11
CALSDV   43   25  0.2521E-11  0.2520E-11
CALSDV   44   25  0.2402E-11  0.2403E-11
CALSDV   45   25  0.2549E-11  0.2549E-11
CALSDV   46   25  0.2467E-11  0.2469E-11
CALSDV   47   25  0.2577E-11  0.2577E-11
CALSDV   48   25  0.2551E-11  0.2551E-11
CALSDV   49   25  0.2612E-11  0.2611E-11
CALSDV   50   25  0.2637E-11  0.2636E-11
CALSDV   51   25  0.2649E-11  0.2648E-11
CALSDV   52   25  0.2713E-11  0.2713E-11
CALSDV   53   25  0.2690E-11  0.2688E-11
CALSDV   54   25  0.2783E-11  0.2782E-11
CALSDV   55   25  0.2729E-11  0.2730E-11
CALSDV   56   25  0.2838E-11  0.2839E-11
CALSDV   57   25  0.2767E-11  0.2767E-11
CALSDV   58   25  0.2889E-11  0.2888E-11
CALSDV   59   25  0.2879E-11  0.2878E-11
CALSDV   60   25  0.2981E-11  0.2979E-11
CALSDV   26   26  0.3755E-11  0.3776E-11
CALSDV   27   26  0.4922E-11  0.4933E-11
CALSDV   28   26  0.4462E-11  0.4465E-11
CALSDV   29   26  0.2736E-11  0.2748E-11
CALSDV   30   26  0.3865E-11  0.3872E-11
CALSDV   31   26  0.3047E-11  0.3050E-11
CALSDV   32   26  0.3001E-11  0.3009E-11
CALSDV   33   26  0.3100E-11  0.3102E-11
CALSDV   34   26  0.2499E-11  0.2504E-11
CALSDV   35   26  0.2855E-11  0.2855E-11
CALSDV   36   26  0.2322E-11  0.2325E-11
CALSDV   37   26  0.2533E-11  0.2532E-11
CALSDV   38   26  0.2316E-11  0.2317E-11
CALSDV   39   26  0.2291E-11  0.2289E-11
CALSDV   40   26  0.2368E-11  0.2369E-11
CALSDV   41   26  0.2190E-11  0.2188E-11
CALSDV   42   26  0.2428E-11  0.2430E-11
CALSDV   43   26  0.2209E-11  0.2207E-11
CALSDV   44   26  0.2493E-11  0.2495E-11
CALSDV   45   26  0.2313E-11  0.2311E-11
CALSDV   46   26  0.2560E-11  0.2562E-11
CALSDV   47   26  0.2441E-11  0.2442E-11
CALSDV   48   26  0.2626E-11  0.2630E-11
CALSDV   49   26  0.2571E-11  0.2572E-11
CALSDV   50   26  0.2698E-11  0.2700E-11
CALSDV   51   26  0.2686E-11  0.2687E-11
CALSDV   52   26  0.2764E-11  0.2767E-11
CALSDV   53   26  0.2772E-11  0.2773E-11
CALSDV   54   26  0.2828E-11  0.2831E-11
CALSDV   55   26  0.2837E-11  0.2839E-11
CALSDV   56   26  0.2885E-11  0.2888E-11
CALSDV   57   26  0.2869E-11  0.2871E-11
CALSDV   58   26  0.2932E-11  0.2934E-11
CALSDV   59   26  0.2968E-11  0.2969E-11
CALSDV   60   26  0.3018E-11  0.3019E-11
CALSDV   27   27  0.3616E-11  0.3649E-11
CALSDV   28   27  0.5078E-11  0.5082E-11
CALSDV   29   27  0.4550E-11  0.4542E-11
CALSDV   30   27  0.2692E-11  0.2690E-11
CALSDV   31   27  0.3803E-11  0.3802E-11
CALSDV   32   27  0.3055E-11  0.3056E-11
CALSDV   33   27  0.2868E-11  0.2873E-11
CALSDV   34   27  0.3206E-11  0.3209E-11
CALSDV   35   27  0.2473E-11  0.2479E-11
CALSDV   36   27  0.3045E-11  0.3046E-11
CALSDV   37   27  0.2497E-11  0.2499E-11
CALSDV   38   27  0.2791E-11  0.2792E-11
CALSDV   39   27  0.2659E-11  0.2659E-11
CALSDV   40   27  0.2592E-11  0.2590E-11
CALSDV   41   27  0.2810E-11  0.2808E-11
CALSDV   42   27  0.2508E-11  0.2504E-11
CALSDV   43   27  0.2913E-11  0.2910E-11
CALSDV   44   27  0.2518E-11  0.2512E-11
CALSDV   45   27  0.2977E-11  0.2975E-11
CALSDV   46   27  0.2597E-11  0.2592E-11
CALSDV   47   27  0.3011E-11  0.3010E-11
CALSDV   48   27  0.2701E-11  0.2695E-11
CALSDV   49   27  0.3026E-11  0.3025E-11
CALSDV   50   27  0.2806E-11  0.2802E-11
CALSDV   51   27  0.3031E-11  0.3031E-11
CALSDV   52   27  0.2901E-11  0.2898E-11
CALSDV   53   27  0.3025E-11  0.3025E-11
CALSDV   54   27  0.2972E-11  0.2969E-11
CALSDV   55   27  0.3016E-11  0.3015E-11
CALSDV   56   27  0.3026E-11  0.3023E-11
CALSDV   57   27  0.2992E-11  0.2992E-11
CALSDV   58   27  0.3049E-11  0.3048E-11
CALSDV   59   27  0.3044E-11  0.3043E-11
CALSDV   60   27  0.3109E-11  0.3110E-11
CALSDV   28   28  0.3797E-11  0.3830E-11
CALSDV   29   28  0.5082E-11  0.5079E-11
CALSDV   30   28  0.4596E-11  0.4602E-11
CALSDV   31   28  0.2863E-11  0.2861E-11
CALSDV   32   28  0.3938E-11  0.3947E-11
CALSDV   33   28  0.3271E-11  0.3269E-11
CALSDV   34   28  0.3092E-11  0.3097E-11
CALSDV   35   28  0.3341E-11  0.3334E-11
CALSDV   36   28  0.2661E-11  0.2661E-11
CALSDV   37   28  0.3068E-11  0.3058E-11
CALSDV   38   28  0.2537E-11  0.2536E-11
CALSDV   39   28  0.2719E-11  0.2707E-11
CALSDV   40   28  0.2543E-11  0.2540E-11
CALSDV   41   28  0.2463E-11  0.2450E-11
CALSDV   42   28  0.2582E-11  0.2578E-11
CALSDV   43   28  0.2379E-11  0.2366E-11
CALSDV   44   28  0.2627E-11  0.2624E-11
CALSDV   45   28  0.2424E-11  0.2414E-11
CALSDV   46   28  0.2679E-11  0.2677E-11
CALSDV   47   28  0.2555E-11  0.2545E-11
CALSDV   48   28  0.2744E-11  0.2743E-11
CALSDV   49   28  0.2702E-11  0.2696E-11
CALSDV   50   28  0.2814E-11  0.2813E-11
CALSDV   51   28  0.2838E-11  0.2830E-11
CALSDV   52   28  0.2893E-11  0.2892E-11
CALSDV   53   28  0.2942E-11  0.2937E-11
CALSDV   54   28  0.2963E-11  0.2962E-11
CALSDV   55   28  0.3007E-11  0.3001E-11
CALSDV   56   28  0.3027E-11  0.3024E-11
CALSDV   57   28  0.3030E-11  0.3026E-11
CALSDV   58   28  0.3067E-11  0.3063E-11
CALSDV   59   28  0.3091E-11  0.3089E-11
CALSDV   60   28  0.3128E-11  0.3128E-11
CALSDV   29   29  0.3478E-11  0.3488E-11
CALSDV   30   29  0.5316E-11  0.5326E-11
CALSDV   31   29  0.4820E-11  0.4841E-11
CALSDV   32   29  0.2939E-11  0.2948E-11
CALSDV   33   29  0.4044E-11  0.4057E-11
CALSDV   34   29  0.3315E-11  0.3323E-11
CALSDV   35   29  0.3061E-11  0.3069E-11
CALSDV   36   29  0.3427E-11  0.3428E-11
CALSDV   37   29  0.2634E-11  0.2639E-11
CALSDV   38   29  0.3220E-11  0.3219E-11
CALSDV   39   29  0.2636E-11  0.2640E-11
CALSDV   40   29  0.2956E-11  0.2951E-11
CALSDV   41   29  0.2780E-11  0.2785E-11
CALSDV   42   29  0.2780E-11  0.2776E-11
CALSDV   43   29  0.2922E-11  0.2927E-11
CALSDV   44   29  0.2752E-11  0.2747E-11
CALSDV   45   29  0.3023E-11  0.3028E-11
CALSDV   46   29  0.2819E-11  0.2813E-11
CALSDV   47   29  0.3091E-11  0.3096E-11
CALSDV   48   29  0.2940E-11  0.2938E-11
CALSDV   49   29  0.3136E-11  0.3141E-11
CALSDV   50   29  0.3067E-11  0.3063E-11
CALSDV   51   29  0.3161E-11  0.3165E-11
CALSDV   52   29  0.3170E-11  0.3167E-11
CALSDV   53   29  0.3172E-11  0.3176E-11
CALSDV   54   29  0.3242E-11  0.3238E-11
CALSDV   55   29  0.3166E-11  0.3168E-11
CALSDV   56   29  0.3271E-11  0.3268E-11
CALSDV   57   29  0.3136E-11  0.3136E-11
CALSDV   58   29  0.3261E-11  0.3259E-11
CALSDV   59   29  0.3158E-11  0.3161E-11
CALSDV   60   29  0.3267E-11  0.3267E-11
CALSDV   30   30  0.4178E-11  0.4186E-11
CALSDV   31   30  0.5388E-11  0.5376E-11
CALSDV   32   30  0.4866E-11  0.4868E-11
CALSDV   33   30  0.3026E-11  0.3025E-11
CALSDV   34   30  0.4101E-11  0.4100E-11
CALSDV   35   30  0.3455E-11  0.3456E-11
CALSDV   36   30  0.3256E-11  0.3255E-11
CALSDV   37   30  0.3524E-11  0.3527E-11
CALSDV   38   30  0.2906E-11  0.2903E-11
CALSDV   39   30  0.3241E-11  0.3244E-11
CALSDV   40   30  0.2854E-11  0.2852E-11
CALSDV   41   30  0.2894E-11  0.2897E-11
CALSDV   42   30  0.2885E-11  0.2882E-11
CALSDV   43   30  0.2669E-11  0.2671E-11
CALSDV   44   30  0.2924E-11  0.2920E-11
CALSDV   45   30  0.2629E-11  0.2630E-11
CALSDV   46   30  0.2955E-11  0.2950E-11
CALSDV   47   30  0.2714E-11  0.2715E-11
CALSDV   48   30  0.2992E-11  0.2987E-11
CALSDV   49   30  0.2866E-11  0.2866E-11
CALSDV   50   30  0.3044E-11  0.3041E-11
CALSDV   51   30  0.3018E-11  0.3018E-11
CALSDV   52   30  0.3101E-11  0.3100E-11
CALSDV   53   30  0.3131E-11  0.3132E-11
CALSDV   54   30  0.3162E-11  0.3163E-11
CALSDV   55   30  0.3200E-11  0.3202E-11
CALSDV   56   30  0.3209E-11  0.3211E-11
CALSDV   57   30  0.3201E-11  0.3203E-11
CALSDV   58   30  0.3229E-11  0.3231E-11
CALSDV   59   30  0.3227E-11  0.3230E-11
CALSDV   60   30  0.3258E-11  0.3260E-11
CALSDV   31   31  0.3713E-11  0.3700E-11
CALSDV   32   31  0.5598E-11  0.5602E-11
CALSDV   33   31  0.5002E-11  0.4997E-11
CALSDV   34   31  0.3269E-11  0.3266E-11
CALSDV   35   31  0.4270E-11  0.4271E-11
CALSDV   36   31  0.3670E-11  0.3669E-11
CALSDV   37   31  0.3339E-11  0.3343E-11
CALSDV   38   31  0.3709E-11  0.3709E-11
CALSDV   39   31  0.2909E-11  0.2906E-11
CALSDV   40   31  0.3427E-11  0.3424E-11
CALSDV   41   31  0.2824E-11  0.2822E-11
CALSDV   42   31  0.3121E-11  0.3115E-11
CALSDV   43   31  0.2865E-11  0.2864E-11
CALSDV   44   31  0.2965E-11  0.2954E-11
CALSDV   45   31  0.2930E-11  0.2929E-11
CALSDV   46   31  0.2990E-11  0.2980E-11
CALSDV   47   31  0.2992E-11  0.2993E-11
CALSDV   48   31  0.3114E-11  0.3106E-11
CALSDV   49   31  0.3054E-11  0.3057E-11
CALSDV   50   31  0.3275E-11  0.3269E-11
CALSDV   51   31  0.3123E-11  0.3126E-11
CALSDV   52   31  0.3413E-11  0.3411E-11
CALSDV   53   31  0.3179E-11  0.3184E-11
CALSDV   54   31  0.3497E-11  0.3499E-11
CALSDV   55   31  0.3223E-11  0.3227E-11
CALSDV   56   31  0.3526E-11  0.3529E-11
CALSDV   57   31  0.3221E-11  0.3226E-11
CALSDV   58   31  0.3479E-11  0.3483E-11
CALSDV   59   31  0.3246E-11  0.3247E-11
CALSDV   60   31  0.3437E-11  0.3438E-11
CALSDV   32   32  0.3727E-11  0.3743E-11
CALSDV   33   32  0.5473E-11  0.5468E-11
CALSDV   34   32  0.5002E-11  0.5016E-11
CALSDV   35   32  0.3174E-11  0.3170E-11
CALSDV   36   32  0.4183E-11  0.4195E-11
CALSDV   37   32  0.3731E-11  0.3726E-11
CALSDV   38   32  0.3321E-11  0.3323E-11
CALSDV   39   32  0.3782E-11  0.3773E-11
CALSDV   40   32  0.3008E-11  0.3011E-11
CALSDV   41   32  0.3434E-11  0.3426E-11
CALSDV   42   32  0.2993E-11  0.2989E-11
CALSDV   43   32  0.3039E-11  0.3037E-11
CALSDV   44   32  0.3034E-11  0.3034E-11
CALSDV   45   32  0.2803E-11  0.2804E-11
CALSDV   46   32  0.3072E-11  0.3074E-11
CALSDV   47   32  0.2796E-11  0.2793E-11
CALSDV   48   32  0.3108E-11  0.3111E-11
CALSDV   49   32  0.2919E-11  0.2921E-11
CALSDV   50   32  0.3157E-11  0.3157E-11
CALSDV   51   32  0.3099E-11  0.3098E-11
CALSDV   52   32  0.3229E-11  0.3227E-11
CALSDV   53   32  0.3258E-11  0.3253E-11
CALSDV   54   32  0.3300E-11  0.3297E-11
CALSDV   55   32  0.3351E-11  0.3348E-11
CALSDV   56   32  0.3362E-11  0.3360E-11
CALSDV   57   32  0.3363E-11  0.3361E-11
CALSDV   58   32  0.3379E-11  0.3377E-11
CALSDV   59   32  0.3357E-11  0.3356E-11
CALSDV   60   32  0.3382E-11  0.3382E-11
CALSDV   33   33  0.3901E-11  0.3906E-11
CALSDV   34   33  0.5625E-11  0.5614E-11
CALSDV   35   33  0.5431E-11  0.5420E-11
CALSDV   36   33  0.3241E-11  0.3237E-11
CALSDV   37   33  0.4526E-11  0.4517E-11
CALSDV   38   33  0.3790E-11  0.3787E-11
CALSDV   39   33  0.3406E-11  0.3405E-11
CALSDV   40   33  0.3827E-11  0.3824E-11
CALSDV   41   33  0.2988E-11  0.2985E-11
CALSDV   42   33  0.3483E-11  0.3482E-11
CALSDV   43   33  0.3087E-11  0.3083E-11
CALSDV   44   33  0.3127E-11  0.3123E-11
CALSDV   45   33  0.3325E-11  0.3315E-11
CALSDV   46   33  0.2954E-11  0.2947E-11
CALSDV   47   33  0.3531E-11  0.3517E-11
CALSDV   48   33  0.3008E-11  0.2999E-11
CALSDV   49   33  0.3662E-11  0.3648E-11
CALSDV   50   33  0.3175E-11  0.3167E-11
CALSDV   51   33  0.3727E-11  0.3715E-11
CALSDV   52   33  0.3372E-11  0.3365E-11
CALSDV   53   33  0.3736E-11  0.3728E-11
CALSDV   54   33  0.3529E-11  0.3525E-11
CALSDV   55   33  0.3692E-11  0.3685E-11
CALSDV   56   33  0.3611E-11  0.3606E-11
CALSDV   57   33  0.3584E-11  0.3582E-11
CALSDV   58   33  0.3600E-11  0.3598E-11
CALSDV   59   33  0.3487E-11  0.3485E-11
CALSDV   60   33  0.3541E-11  0.3538E-11
CALSDV   34   34  0.3687E-11  0.3667E-11
CALSDV   35   34  0.5591E-11  0.5595E-11
CALSDV   36   34  0.5236E-11  0.5230E-11
CALSDV   37   34  0.3308E-11  0.3311E-11
CALSDV   38   34  0.4326E-11  0.4326E-11
CALSDV   39   34  0.3989E-11  0.3991E-11
CALSDV   40   34  0.3446E-11  0.3444E-11
CALSDV   41   34  0.4037E-11  0.4043E-11
CALSDV   42   34  0.3164E-11  0.3161E-11
CALSDV   43   34  0.3677E-11  0.3682E-11
CALSDV   44   34  0.3165E-11  0.3158E-11
CALSDV   45   34  0.3293E-11  0.3300E-11
CALSDV   46   34  0.3201E-11  0.3192E-11
CALSDV   47   34  0.3104E-11  0.3106E-11
CALSDV   48   34  0.3234E-11  0.3225E-11
CALSDV   49   34  0.3141E-11  0.3138E-11
CALSDV   50   34  0.3273E-11  0.3267E-11
CALSDV   51   34  0.3288E-11  0.3282E-11
CALSDV   52   34  0.3335E-11  0.3331E-11
CALSDV   53   34  0.3450E-11  0.3444E-11
CALSDV   54   34  0.3423E-11  0.3419E-11
CALSDV   55   34  0.3560E-11  0.3551E-11
CALSDV   56   34  0.3497E-11  0.3493E-11
CALSDV   57   34  0.3560E-11  0.3552E-11
CALSDV   58   34  0.3527E-11  0.3522E-11
CALSDV   59   34  0.3517E-11  0.3510E-11
CALSDV   60   34  0.3510E-11  0.3506E-11
CALSDV   35   35  0.3892E-11  0.3893E-11
CALSDV   36   35  0.5797E-11  0.5798E-11
CALSDV   37   35  0.5779E-11  0.5771E-11
CALSDV   38   35  0.3427E-11  0.3431E-11
CALSDV   39   35  0.4786E-11  0.4781E-11
CALSDV   40   35  0.4055E-11  0.4052E-11
CALSDV   41   35  0.3612E-11  0.3610E-11
CALSDV   42   35  0.4050E-11  0.4042E-11
CALSDV   43   35  0.3192E-11  0.3191E-11
CALSDV   44   35  0.3661E-11  0.3654E-11
CALSDV   45   35  0.3298E-11  0.3294E-11
CALSDV   46   35  0.3307E-11  0.3301E-11
CALSDV   47   35  0.3531E-11  0.3527E-11
CALSDV   48   35  0.3194E-11  0.3192E-11
CALSDV   49   35  0.3729E-11  0.3723E-11
CALSDV   50   35  0.3322E-11  0.3322E-11
CALSDV   51   35  0.3849E-11  0.3846E-11
CALSDV   52   35  0.3534E-11  0.3537E-11
CALSDV   53   35  0.3896E-11  0.3894E-11
CALSDV   54   35  0.3730E-11  0.3730E-11
CALSDV   55   35  0.3878E-11  0.3875E-11
CALSDV   56   35  0.3841E-11  0.3841E-11
CALSDV   57   35  0.3768E-11  0.3765E-11
CALSDV   58   35  0.3820E-11  0.3819E-11
CALSDV   59   35  0.3635E-11  0.3634E-11
CALSDV   60   35  0.3717E-11  0.3717E-11
CALSDV   36   36  0.3864E-11  0.3864E-11
CALSDV   37   36  0.5776E-11  0.5777E-11
CALSDV   38   36  0.5515E-11  0.5531E-11
CALSDV   39   36  0.3499E-11  0.3497E-11
CALSDV   40   36  0.4507E-11  0.4518E-11
CALSDV   41   36  0.4256E-11  0.4259E-11
CALSDV   42   36  0.3608E-11  0.3612E-11
CALSDV   43   36  0.4303E-11  0.4310E-11
CALSDV   44   36  0.3377E-11  0.3375E-11
CALSDV   45   36  0.3942E-11  0.3950E-11
CALSDV   46   36  0.3414E-11  0.3410E-11
CALSDV   47   36  0.3612E-11  0.3623E-11
CALSDV   48   36  0.3466E-11  0.3466E-11
CALSDV   49   36  0.3491E-11  0.3503E-11
CALSDV   50   36  0.3506E-11  0.3511E-11
CALSDV   51   36  0.3572E-11  0.3585E-11
CALSDV   52   36  0.3558E-11  0.3564E-11
CALSDV   53   36  0.3711E-11  0.3722E-11
CALSDV   54   36  0.3624E-11  0.3630E-11
CALSDV   55   36  0.3811E-11  0.3819E-11
CALSDV   56   36  0.3695E-11  0.3700E-11
CALSDV   57   36  0.3795E-11  0.3800E-11
CALSDV   58   36  0.3708E-11  0.3713E-11
CALSDV   59   36  0.3691E-11  0.3695E-11
CALSDV   60   36  0.3657E-11  0.3661E-11
CALSDV   37   37  0.3733E-11  0.3720E-11
CALSDV   38   37  0.5982E-11  0.5982E-11
CALSDV   39   37  0.6109E-11  0.6110E-11
CALSDV   40   37  0.3658E-11  0.3658E-11
CALSDV   41   37  0.5015E-11  0.5019E-11
CALSDV   42   37  0.4332E-11  0.4331E-11
CALSDV   43   37  0.3801E-11  0.3801E-11
CALSDV   44   37  0.4259E-11  0.4260E-11
CALSDV   45   37  0.3388E-11  0.3385E-11
CALSDV   46   37  0.3804E-11  0.3800E-11
CALSDV   47   37  0.3493E-11  0.3490E-11
CALSDV   48   37  0.3457E-11  0.3451E-11
CALSDV   49   37  0.3708E-11  0.3706E-11
CALSDV   50   37  0.3406E-11  0.3400E-11
CALSDV   51   37  0.3886E-11  0.3885E-11
CALSDV   52   37  0.3602E-11  0.3597E-11
CALSDV   53   37  0.3990E-11  0.3990E-11
CALSDV   54   37  0.3840E-11  0.3835E-11
CALSDV   55   37  0.4010E-11  0.4009E-11
CALSDV   56   37  0.4002E-11  0.3997E-11
CALSDV   57   37  0.3927E-11  0.3927E-11
CALSDV   58   37  0.4011E-11  0.4008E-11
CALSDV   59   37  0.3771E-11  0.3770E-11
CALSDV   60   37  0.3877E-11  0.3875E-11
CALSDV   38   38  0.3953E-11  0.3996E-11
CALSDV   39   38  0.5972E-11  0.5958E-11
CALSDV   40   38  0.5811E-11  0.5798E-11
CALSDV   41   38  0.3733E-11  0.3702E-11
CALSDV   42   38  0.4688E-11  0.4704E-11
CALSDV   43   38  0.4538E-11  0.4518E-11
CALSDV   44   38  0.3788E-11  0.3789E-11
CALSDV   45   38  0.4552E-11  0.4534E-11
CALSDV   46   38  0.3595E-11  0.3590E-11
CALSDV   47   38  0.4203E-11  0.4175E-11
CALSDV   48   38  0.3658E-11  0.3648E-11
CALSDV   49   38  0.3948E-11  0.3906E-11
CALSDV   50   38  0.3718E-11  0.3705E-11
CALSDV   51   38  0.3904E-11  0.3863E-11
CALSDV   52   38  0.3766E-11  0.3752E-11
CALSDV   53   38  0.4013E-11  0.3979E-11
CALSDV   54   38  0.3829E-11  0.3814E-11
CALSDV   55   38  0.4102E-11  0.4080E-11
CALSDV   56   38  0.3885E-11  0.3874E-11
CALSDV   57   38  0.4058E-11  0.4054E-11
CALSDV   58   38  0.3896E-11  0.3894E-11
CALSDV   59   38  0.3900E-11  0.3891E-11
CALSDV   60   38  0.3818E-11  0.3802E-11
CALSDV   39   39  0.3835E-11  0.3827E-11
CALSDV   40   39  0.6167E-11  0.6174E-11
CALSDV   41   39  0.6481E-11  0.6470E-11
CALSDV   42   39  0.3940E-11  0.3937E-11
CALSDV   43   39  0.5271E-11  0.5247E-11
CALSDV   44   39  0.4632E-11  0.4647E-11
CALSDV   45   39  0.3984E-11  0.3979E-11
CALSDV   46   39  0.4454E-11  0.4474E-11
CALSDV   47   39  0.3597E-11  0.3599E-11
CALSDV   48   39  0.3928E-11  0.3951E-11
CALSDV   49   39  0.3746E-11  0.3741E-11
CALSDV   50   39  0.3612E-11  0.3613E-11
CALSDV   51   39  0.3979E-11  0.3969E-11
CALSDV   52   39  0.3650E-11  0.3638E-11
CALSDV   53   39  0.4147E-11  0.4140E-11
CALSDV   54   39  0.3903E-11  0.3897E-11
CALSDV   55   39  0.4211E-11  0.4211E-11
CALSDV   56   39  0.4126E-11  0.4130E-11
CALSDV   57   39  0.4135E-11  0.4139E-11
CALSDV   58   39  0.4182E-11  0.4191E-11
CALSDV   59   39  0.3946E-11  0.3951E-11
CALSDV   60   39  0.4043E-11  0.4049E-11
CALSDV   40   40  0.4208E-11  0.4206E-11
CALSDV   41   40  0.6246E-11  0.6246E-11
CALSDV   42   40  0.6345E-11  0.6340E-11
CALSDV   43   40  0.4037E-11  0.4034E-11
CALSDV   44   40  0.5053E-11  0.5051E-11
CALSDV   45   40  0.4847E-11  0.4844E-11
CALSDV   46   40  0.4010E-11  0.4010E-11
CALSDV   47   40  0.4853E-11  0.4852E-11
CALSDV   48   40  0.3888E-11  0.3889E-11
CALSDV   49   40  0.4550E-11  0.4552E-11
CALSDV   50   40  0.4095E-11  0.4099E-11
CALSDV   51   40  0.4392E-11  0.4397E-11
CALSDV   52   40  0.4270E-11  0.4279E-11
CALSDV   53   40  0.4404E-11  0.4410E-11
CALSDV   54   40  0.4364E-11  0.4374E-11
CALSDV   55   40  0.4470E-11  0.4473E-11
CALSDV   56   40  0.4381E-11  0.4392E-11
CALSDV   57   40  0.4393E-11  0.4398E-11
CALSDV   58   40  0.4293E-11  0.4300E-11
CALSDV   59   40  0.4142E-11  0.4143E-11
CALSDV   60   40  0.4082E-11  0.4088E-11
CALSDV   41   41  0.4128E-11  0.4106E-11
CALSDV   42   41  0.6417E-11  0.6416E-11
CALSDV   43   41  0.6880E-11  0.6883E-11
CALSDV   44   41  0.4332E-11  0.4341E-11
CALSDV   45   41  0.5486E-11  0.5485E-11
CALSDV   46   41  0.5030E-11  0.5039E-11
CALSDV   47   41  0.4165E-11  0.4166E-11
CALSDV   48   41  0.4752E-11  0.4757E-11
CALSDV   49   41  0.3864E-11  0.3866E-11
CALSDV   50   41  0.4164E-11  0.4165E-11
CALSDV   51   41  0.4082E-11  0.4085E-11
CALSDV   52   41  0.3886E-11  0.3884E-11
CALSDV   53   41  0.4327E-11  0.4326E-11
CALSDV   54   41  0.3989E-11  0.3987E-11
CALSDV   55   41  0.4448E-11  0.4444E-11
CALSDV   56   41  0.4245E-11  0.4244E-11
CALSDV   57   41  0.4392E-11  0.4388E-11
CALSDV   58   41  0.4361E-11  0.4360E-11
CALSDV   59   41  0.4148E-11  0.4150E-11
CALSDV   60   41  0.4217E-11  0.4222E-11
CALSDV   42   42  0.4434E-11  0.4423E-11
CALSDV   43   42  0.6565E-11  0.6567E-11
CALSDV   44   42  0.7113E-11  0.7105E-11
CALSDV   45   42  0.4421E-11  0.4437E-11
CALSDV   46   42  0.5534E-11  0.5523E-11
CALSDV   47   42  0.5166E-11  0.5171E-11
CALSDV   48   42  0.4250E-11  0.4253E-11
CALSDV   49   42  0.5080E-11  0.5081E-11
CALSDV   50   42  0.4249E-11  0.4243E-11
CALSDV   51   42  0.4772E-11  0.4770E-11
CALSDV   52   42  0.4697E-11  0.4685E-11
CALSDV   53   42  0.4666E-11  0.4667E-11
CALSDV   54   42  0.5009E-11  0.4992E-11
CALSDV   55   42  0.4688E-11  0.4689E-11
CALSDV   56   42  0.5079E-11  0.5059E-11
CALSDV   57   42  0.4639E-11  0.4637E-11
CALSDV   58   42  0.4890E-11  0.4873E-11
CALSDV   59   42  0.4356E-11  0.4357E-11
CALSDV   60   42  0.4476E-11  0.4466E-11
CALSDV   43   43  0.4368E-11  0.4368E-11
CALSDV   44   43  0.6619E-11  0.6639E-11
CALSDV   45   43  0.7328E-11  0.7305E-11
CALSDV   46   43  0.4712E-11  0.4710E-11
CALSDV   47   43  0.5701E-11  0.5689E-11
CALSDV   48   43  0.5384E-11  0.5375E-11
CALSDV   49   43  0.4354E-11  0.4351E-11
CALSDV   50   43  0.4979E-11  0.4972E-11
CALSDV   51   43  0.4204E-11  0.4201E-11
CALSDV   52   43  0.4370E-11  0.4365E-11
CALSDV   53   43  0.4515E-11  0.4511E-11
CALSDV   54   43  0.4183E-11  0.4185E-11
CALSDV   55   43  0.4728E-11  0.4728E-11
CALSDV   56   43  0.4349E-11  0.4352E-11
CALSDV   57   43  0.4698E-11  0.4699E-11
CALSDV   58   43  0.4520E-11  0.4521E-11
CALSDV   59   43  0.4403E-11  0.4402E-11
CALSDV   60   43  0.4401E-11  0.4399E-11
CALSDV   44   44  0.4547E-11  0.4536E-11
CALSDV   45   44  0.6958E-11  0.6961E-11
CALSDV   46   44  0.7686E-11  0.7693E-11
CALSDV   47   44  0.4873E-11  0.4883E-11
CALSDV   48   44  0.5852E-11  0.5850E-11
CALSDV   49   44  0.5542E-11  0.5537E-11
CALSDV   50   44  0.4473E-11  0.4475E-11
CALSDV   51   44  0.5398E-11  0.5394E-11
CALSDV   52   44  0.4596E-11  0.4602E-11
CALSDV   53   44  0.5110E-11  0.5106E-11
CALSDV   54   44  0.5129E-11  0.5137E-11
CALSDV   55   44  0.5021E-11  0.5022E-11
CALSDV   56   44  0.5394E-11  0.5401E-11
CALSDV   57   44  0.4925E-11  0.4924E-11
CALSDV   58   44  0.5273E-11  0.5278E-11
CALSDV   59   44  0.4600E-11  0.4601E-11
CALSDV   60   44  0.4783E-11  0.4785E-11
CALSDV   45   45  0.4910E-11  0.4905E-11
CALSDV   46   45  0.6968E-11  0.6942E-11
CALSDV   47   45  0.7865E-11  0.7846E-11
CALSDV   48   45  0.5110E-11  0.5103E-11
CALSDV   49   45  0.5913E-11  0.5913E-11
CALSDV   50   45  0.5711E-11  0.5690E-11
CALSDV   51   45  0.4681E-11  0.4667E-11
CALSDV   52   45  0.5279E-11  0.5238E-11
CALSDV   53   45  0.4817E-11  0.4801E-11
CALSDV   54   45  0.4766E-11  0.4706E-11
CALSDV   55   45  0.5185E-11  0.5177E-11
CALSDV   56   45  0.4689E-11  0.4637E-11
CALSDV   57   45  0.5194E-11  0.5193E-11
CALSDV   58   45  0.4772E-11  0.4747E-11
CALSDV   59   45  0.4779E-11  0.4777E-11
CALSDV   60   45  0.4625E-11  0.4613E-11
CALSDV   46   46  0.4932E-11  0.4918E-11
CALSDV   47   46  0.7568E-11  0.7537E-11
CALSDV   48   46  0.8145E-11  0.8185E-11
CALSDV   49   46  0.5495E-11  0.5485E-11
CALSDV   50   46  0.6206E-11  0.6218E-11
CALSDV   51   46  0.6098E-11  0.6059E-11
CALSDV   52   46  0.4867E-11  0.4858E-11
CALSDV   53   46  0.5901E-11  0.5864E-11
CALSDV   54   46  0.4956E-11  0.4931E-11
CALSDV   55   46  0.5563E-11  0.5544E-11
CALSDV   56   46  0.5345E-11  0.5320E-11
CALSDV   57   46  0.5326E-11  0.5311E-11
CALSDV   58   46  0.5393E-11  0.5374E-11
CALSDV   59   46  0.4884E-11  0.4880E-11
CALSDV   60   46  0.4972E-11  0.4961E-11
CALSDV   47   47  0.4838E-11  0.4766E-11
CALSDV   48   47  0.7230E-11  0.7192E-11
CALSDV   49   47  0.8231E-11  0.8208E-11
CALSDV   50   47  0.5541E-11  0.5540E-11
CALSDV   51   47  0.5969E-11  0.5962E-11
CALSDV   52   47  0.6021E-11  0.6011E-11
CALSDV   53   47  0.4881E-11  0.4862E-11
CALSDV   54   47  0.5519E-11  0.5490E-11
CALSDV   55   47  0.5224E-11  0.5210E-11
CALSDV   56   47  0.5096E-11  0.5052E-11
CALSDV   57   47  0.5486E-11  0.5475E-11
CALSDV   58   47  0.5051E-11  0.5016E-11
CALSDV   59   47  0.5111E-11  0.5103E-11
CALSDV   60   47  0.4863E-11  0.4842E-11
CALSDV   48   48  0.4754E-11  0.4741E-11
CALSDV   49   48  0.7605E-11  0.7594E-11
CALSDV   50   48  0.8586E-11  0.8577E-11
CALSDV   51   48  0.5609E-11  0.5609E-11
CALSDV   52   48  0.6079E-11  0.6070E-11
CALSDV   53   48  0.5925E-11  0.5915E-11
CALSDV   54   48  0.4944E-11  0.4931E-11
CALSDV   55   48  0.5582E-11  0.5559E-11
CALSDV   56   48  0.5496E-11  0.5489E-11
CALSDV   57   48  0.5313E-11  0.5294E-11
CALSDV   58   48  0.5876E-11  0.5868E-11
CALSDV   59   48  0.5009E-11  0.5003E-11
CALSDV   60   48  0.5445E-11  0.5444E-11
CALSDV   49   49  0.4411E-11  0.4397E-11
CALSDV   50   49  0.7475E-11  0.7484E-11
CALSDV   51   49  0.8468E-11  0.8475E-11
CALSDV   52   49  0.5926E-11  0.5921E-11
CALSDV   53   49  0.5813E-11  0.5797E-11
CALSDV   54   49  0.6378E-11  0.6391E-11
CALSDV   55   49  0.5019E-11  0.4986E-11
CALSDV   56   49  0.5910E-11  0.5934E-11
CALSDV   57   49  0.5472E-11  0.5446E-11
CALSDV   58   49  0.5535E-11  0.5547E-11
CALSDV   59   49  0.5361E-11  0.5350E-11
CALSDV   60   49  0.5188E-11  0.5200E-11
CALSDV   50   50  0.4650E-11  0.4624E-11
CALSDV   51   50  0.8205E-11  0.8219E-11
CALSDV   52   50  0.8920E-11  0.8921E-11
CALSDV   53   50  0.5985E-11  0.5997E-11
CALSDV   54   50  0.5996E-11  0.6005E-11
CALSDV   55   50  0.6444E-11  0.6461E-11
CALSDV   56   50  0.5259E-11  0.5268E-11
CALSDV   57   50  0.6202E-11  0.6214E-11
CALSDV   58   50  0.5875E-11  0.5885E-11
CALSDV   59   50  0.5560E-11  0.5569E-11
CALSDV   60   50  0.5738E-11  0.5745E-11
CALSDV   51   51  0.4194E-11  0.4175E-11
CALSDV   52   51  0.8154E-11  0.8128E-11
CALSDV   53   51  0.8550E-11  0.8528E-11
CALSDV   54   51  0.6406E-11  0.6395E-11
CALSDV   55   51  0.5721E-11  0.5699E-11
CALSDV   56   51  0.6991E-11  0.6942E-11
CALSDV   57   51  0.5420E-11  0.5408E-11
CALSDV   58   51  0.6610E-11  0.6559E-11
CALSDV   59   51  0.5620E-11  0.5619E-11
CALSDV   60   51  0.5816E-11  0.5791E-11
CALSDV   52   52  0.4330E-11  0.4323E-11
CALSDV   53   52  0.8568E-11  0.8563E-11
CALSDV   54   52  0.8893E-11  0.8897E-11
CALSDV   55   52  0.6368E-11  0.6353E-11
CALSDV   56   52  0.5814E-11  0.5818E-11
CALSDV   57   52  0.6945E-11  0.6944E-11
CALSDV   58   52  0.5639E-11  0.5642E-11
CALSDV   59   52  0.6273E-11  0.6266E-11
CALSDV   60   52  0.5929E-11  0.5931E-11
CALSDV   53   53  0.3747E-11  0.3800E-11
CALSDV   54   53  0.8480E-11  0.8619E-11
CALSDV   55   53  0.8329E-11  0.8332E-11
CALSDV   56   53  0.6821E-11  0.6855E-11
CALSDV   57   53  0.5712E-11  0.5707E-11
CALSDV   58   53  0.7379E-11  0.7524E-11
CALSDV   59   53  0.5796E-11  0.5790E-11
CALSDV   60   53  0.6543E-11  0.6644E-11
CALSDV   54   54  0.3966E-11  0.4021E-11
CALSDV   55   54  0.8265E-11  0.8274E-11
CALSDV   56   54  0.8525E-11  0.8522E-11
CALSDV   57   54  0.6871E-11  0.6863E-11
CALSDV   58   54  0.5674E-11  0.5659E-11
CALSDV   59   54  0.7081E-11  0.7079E-11
CALSDV   60   54  0.5992E-11  0.6002E-11
CALSDV   55   55  0.4118E-11  0.4140E-11
CALSDV   56   55  0.8509E-11  0.8516E-11
CALSDV   57   55  0.8246E-11  0.8253E-11
CALSDV   58   55  0.7567E-11  0.7572E-11
CALSDV   59   55  0.6395E-11  0.6403E-11
CALSDV   60   55  0.7759E-11  0.7769E-11
CALSDV   56   56  0.4229E-11  0.4289E-11
CALSDV   57   56  0.7160E-11  0.7183E-11
CALSDV   58   56  0.8264E-11  0.8236E-11
CALSDV   59   56  0.7644E-11  0.7644E-11
CALSDV   60   56  0.6356E-11  0.6332E-11
CALSDV   57   57  0.4860E-11  0.4855E-11
CALSDV   58   57  0.7394E-11  0.7383E-11
CALSDV   59   57  0.8992E-11  0.8976E-11
CALSDV   60   57  0.8130E-11  0.8136E-11
CALSDV   58   58  0.4890E-11  0.4898E-11
CALSDV   59   58  0.5666E-11  0.5721E-11
CALSDV   60   58  0.9099E-11  0.9101E-11
CALSDV   59   59  0.3948E-11  0.3922E-11
CALSDV   60   59  0.5929E-11  0.5944E-11
CALSDV   60   60  0.4998E-11  0.4924E-11
