  This file contains calibrated standard deviations 
       The relevant data lines start with key CALSDV 
       Each such line contains the following data 
           N   M   C_SIGMA   S_SIGMA 
                 FOR M=0 S_SIGMA=0.0 
     
CALSDV    0    0  0.0000E+00  0.0000E+00
CALSDV    1    0  0.0000E+00  0.0000E+00
CALSDV    2    0  0.1165E-09  0.0000E+00
CALSDV    3    0  0.9951E-11  0.0000E+00
CALSDV    4    0  0.3483E-11  0.0000E+00
CALSDV    5    0  0.2225E-11  0.0000E+00
CALSDV    6    0  0.1698E-11  0.0000E+00
CALSDV    7    0  0.1375E-11  0.0000E+00
CALSDV    8    0  0.1171E-11  0.0000E+00
CALSDV    9    0  0.1026E-11  0.0000E+00
CALSDV   10    0  0.9185E-12  0.0000E+00
CALSDV   11    0  0.8355E-12  0.0000E+00
CALSDV   12    0  0.7720E-12  0.0000E+00
CALSDV   13    0  0.7219E-12  0.0000E+00
CALSDV   14    0  0.6824E-12  0.0000E+00
CALSDV   15    0  0.6504E-12  0.0000E+00
CALSDV   16    0  0.6244E-12  0.0000E+00
CALSDV   17    0  0.6039E-12  0.0000E+00
CALSDV   18    0  0.5874E-12  0.0000E+00
CALSDV   19    0  0.5745E-12  0.0000E+00
CALSDV   20    0  0.5643E-12  0.0000E+00
CALSDV   21    0  0.5568E-12  0.0000E+00
CALSDV   22    0  0.5516E-12  0.0000E+00
CALSDV   23    0  0.5481E-12  0.0000E+00
CALSDV   24    0  0.5466E-12  0.0000E+00
CALSDV   25    0  0.5468E-12  0.0000E+00
CALSDV   26    0  0.5485E-12  0.0000E+00
CALSDV   27    0  0.5515E-12  0.0000E+00
CALSDV   28    0  0.5558E-12  0.0000E+00
CALSDV   29    0  0.5615E-12  0.0000E+00
CALSDV   30    0  0.5683E-12  0.0000E+00
CALSDV   31    0  0.5764E-12  0.0000E+00
CALSDV   32    0  0.5856E-12  0.0000E+00
CALSDV   33    0  0.5960E-12  0.0000E+00
CALSDV   34    0  0.6074E-12  0.0000E+00
CALSDV   35    0  0.6201E-12  0.0000E+00
CALSDV   36    0  0.6341E-12  0.0000E+00
CALSDV   37    0  0.6492E-12  0.0000E+00
CALSDV   38    0  0.6654E-12  0.0000E+00
CALSDV   39    0  0.6830E-12  0.0000E+00
CALSDV   40    0  0.7019E-12  0.0000E+00
CALSDV   41    0  0.7222E-12  0.0000E+00
CALSDV   42    0  0.7439E-12  0.0000E+00
CALSDV   43    0  0.7666E-12  0.0000E+00
CALSDV   44    0  0.7913E-12  0.0000E+00
CALSDV   45    0  0.8175E-12  0.0000E+00
CALSDV   46    0  0.8453E-12  0.0000E+00
CALSDV   47    0  0.8743E-12  0.0000E+00
CALSDV   48    0  0.9058E-12  0.0000E+00
CALSDV   49    0  0.9382E-12  0.0000E+00
CALSDV   50    0  0.9735E-12  0.0000E+00
CALSDV   51    0  0.1010E-11  0.0000E+00
CALSDV   52    0  0.1050E-11  0.0000E+00
CALSDV   53    0  0.1091E-11  0.0000E+00
CALSDV   54    0  0.1135E-11  0.0000E+00
CALSDV   55    0  0.1181E-11  0.0000E+00
CALSDV   56    0  0.1230E-11  0.0000E+00
CALSDV   57    0  0.1277E-11  0.0000E+00
CALSDV   58    0  0.1329E-11  0.0000E+00
CALSDV   59    0  0.1252E-11  0.0000E+00
CALSDV   60    0  0.1296E-11  0.0000E+00
CALSDV    1    1  0.0000E+00  0.0000E+00
CALSDV    2    1  0.3230E-10  0.2930E-10
CALSDV    3    1  0.7585E-11  0.7596E-11
CALSDV    4    1  0.3568E-11  0.3531E-11
CALSDV    5    1  0.2366E-11  0.2355E-11
CALSDV    6    1  0.1783E-11  0.1779E-11
CALSDV    7    1  0.1438E-11  0.1435E-11
CALSDV    8    1  0.1213E-11  0.1209E-11
CALSDV    9    1  0.1055E-11  0.1052E-11
CALSDV   10    1  0.9395E-12  0.9366E-12
CALSDV   11    1  0.8528E-12  0.8503E-12
CALSDV   12    1  0.7861E-12  0.7837E-12
CALSDV   13    1  0.7335E-12  0.7312E-12
CALSDV   14    1  0.6919E-12  0.6895E-12
CALSDV   15    1  0.6583E-12  0.6563E-12
CALSDV   16    1  0.6318E-12  0.6297E-12
CALSDV   17    1  0.6102E-12  0.6083E-12
CALSDV   18    1  0.5931E-12  0.5911E-12
CALSDV   19    1  0.5793E-12  0.5776E-12
CALSDV   20    1  0.5691E-12  0.5672E-12
CALSDV   21    1  0.5610E-12  0.5592E-12
CALSDV   22    1  0.5554E-12  0.5536E-12
CALSDV   23    1  0.5520E-12  0.5501E-12
CALSDV   24    1  0.5503E-12  0.5485E-12
CALSDV   25    1  0.5501E-12  0.5483E-12
CALSDV   26    1  0.5515E-12  0.5497E-12
CALSDV   27    1  0.5545E-12  0.5527E-12
CALSDV   28    1  0.5587E-12  0.5570E-12
CALSDV   29    1  0.5642E-12  0.5624E-12
CALSDV   30    1  0.5710E-12  0.5691E-12
CALSDV   31    1  0.5791E-12  0.5772E-12
CALSDV   32    1  0.5881E-12  0.5862E-12
CALSDV   33    1  0.5984E-12  0.5965E-12
CALSDV   34    1  0.6100E-12  0.6079E-12
CALSDV   35    1  0.6227E-12  0.6207E-12
CALSDV   36    1  0.6364E-12  0.6343E-12
CALSDV   37    1  0.6515E-12  0.6494E-12
CALSDV   38    1  0.6679E-12  0.6657E-12
CALSDV   39    1  0.6854E-12  0.6832E-12
CALSDV   40    1  0.7043E-12  0.7020E-12
CALSDV   41    1  0.7245E-12  0.7222E-12
CALSDV   42    1  0.7461E-12  0.7438E-12
CALSDV   43    1  0.7690E-12  0.7667E-12
CALSDV   44    1  0.7937E-12  0.7913E-12
CALSDV   45    1  0.8197E-12  0.8173E-12
CALSDV   46    1  0.8476E-12  0.8452E-12
CALSDV   47    1  0.8767E-12  0.8742E-12
CALSDV   48    1  0.9082E-12  0.9055E-12
CALSDV   49    1  0.9405E-12  0.9380E-12
CALSDV   50    1  0.9759E-12  0.9734E-12
CALSDV   51    1  0.1013E-11  0.1010E-11
CALSDV   52    1  0.1052E-11  0.1050E-11
CALSDV   53    1  0.1093E-11  0.1091E-11
CALSDV   54    1  0.1138E-11  0.1135E-11
CALSDV   55    1  0.1183E-11  0.1181E-11
CALSDV   56    1  0.1233E-11  0.1230E-11
CALSDV   57    1  0.1279E-11  0.1277E-11
CALSDV   58    1  0.1332E-11  0.1329E-11
CALSDV   59    1  0.1256E-11  0.1253E-11
CALSDV   60    1  0.1300E-11  0.1297E-11
CALSDV    2    2  0.2066E-10  0.2342E-10
CALSDV    3    2  0.1026E-10  0.1041E-10
CALSDV    4    2  0.4821E-11  0.4928E-11
CALSDV    5    2  0.2987E-11  0.3017E-11
CALSDV    6    2  0.2163E-11  0.2188E-11
CALSDV    7    2  0.1668E-11  0.1685E-11
CALSDV    8    2  0.1375E-11  0.1393E-11
CALSDV    9    2  0.1169E-11  0.1183E-11
CALSDV   10    2  0.1026E-11  0.1039E-11
CALSDV   11    2  0.9173E-12  0.9286E-12
CALSDV   12    2  0.8365E-12  0.8473E-12
CALSDV   13    2  0.7731E-12  0.7829E-12
CALSDV   14    2  0.7243E-12  0.7335E-12
CALSDV   15    2  0.6847E-12  0.6934E-12
CALSDV   16    2  0.6533E-12  0.6618E-12
CALSDV   17    2  0.6283E-12  0.6363E-12
CALSDV   18    2  0.6085E-12  0.6163E-12
CALSDV   19    2  0.5925E-12  0.6001E-12
CALSDV   20    2  0.5800E-12  0.5874E-12
CALSDV   21    2  0.5707E-12  0.5778E-12
CALSDV   22    2  0.5639E-12  0.5709E-12
CALSDV   23    2  0.5590E-12  0.5661E-12
CALSDV   24    2  0.5563E-12  0.5633E-12
CALSDV   25    2  0.5556E-12  0.5625E-12
CALSDV   26    2  0.5562E-12  0.5631E-12
CALSDV   27    2  0.5584E-12  0.5653E-12
CALSDV   28    2  0.5622E-12  0.5691E-12
CALSDV   29    2  0.5673E-12  0.5742E-12
CALSDV   30    2  0.5735E-12  0.5805E-12
CALSDV   31    2  0.5809E-12  0.5880E-12
CALSDV   32    2  0.5898E-12  0.5968E-12
CALSDV   33    2  0.5999E-12  0.6071E-12
CALSDV   34    2  0.6110E-12  0.6182E-12
CALSDV   35    2  0.6233E-12  0.6306E-12
CALSDV   36    2  0.6369E-12  0.6443E-12
CALSDV   37    2  0.6517E-12  0.6593E-12
CALSDV   38    2  0.6677E-12  0.6753E-12
CALSDV   39    2  0.6851E-12  0.6929E-12
CALSDV   40    2  0.7037E-12  0.7117E-12
CALSDV   41    2  0.7236E-12  0.7317E-12
CALSDV   42    2  0.7450E-12  0.7534E-12
CALSDV   43    2  0.7678E-12  0.7764E-12
CALSDV   44    2  0.7922E-12  0.8010E-12
CALSDV   45    2  0.8179E-12  0.8270E-12
CALSDV   46    2  0.8455E-12  0.8548E-12
CALSDV   47    2  0.8745E-12  0.8841E-12
CALSDV   48    2  0.9056E-12  0.9156E-12
CALSDV   49    2  0.9380E-12  0.9483E-12
CALSDV   50    2  0.9730E-12  0.9837E-12
CALSDV   51    2  0.1010E-11  0.1021E-11
CALSDV   52    2  0.1049E-11  0.1060E-11
CALSDV   53    2  0.1090E-11  0.1102E-11
CALSDV   54    2  0.1134E-11  0.1146E-11
CALSDV   55    2  0.1180E-11  0.1193E-11
CALSDV   56    2  0.1229E-11  0.1242E-11
CALSDV   57    2  0.1276E-11  0.1290E-11
CALSDV   58    2  0.1328E-11  0.1343E-11
CALSDV   59    2  0.1263E-11  0.1276E-11
CALSDV   60    2  0.1307E-11  0.1321E-11
CALSDV    3    3  0.2404E-10  0.2413E-10
CALSDV    4    3  0.9718E-11  0.9691E-11
CALSDV    5    3  0.6663E-11  0.6678E-11
CALSDV    6    3  0.3582E-11  0.3588E-11
CALSDV    7    3  0.3167E-11  0.3173E-11
CALSDV    8    3  0.1996E-11  0.1998E-11
CALSDV    9    3  0.1897E-11  0.1903E-11
CALSDV   10    3  0.1352E-11  0.1355E-11
CALSDV   11    3  0.1321E-11  0.1325E-11
CALSDV   12    3  0.1032E-11  0.1034E-11
CALSDV   13    3  0.1017E-11  0.1021E-11
CALSDV   14    3  0.8501E-12  0.8530E-12
CALSDV   15    3  0.8430E-12  0.8461E-12
CALSDV   16    3  0.7411E-12  0.7438E-12
CALSDV   17    3  0.7369E-12  0.7393E-12
CALSDV   18    3  0.6717E-12  0.6742E-12
CALSDV   19    3  0.6707E-12  0.6729E-12
CALSDV   20    3  0.6288E-12  0.6312E-12
CALSDV   21    3  0.6293E-12  0.6317E-12
CALSDV   22    3  0.6021E-12  0.6045E-12
CALSDV   23    3  0.6046E-12  0.6072E-12
CALSDV   24    3  0.5876E-12  0.5901E-12
CALSDV   25    3  0.5920E-12  0.5945E-12
CALSDV   26    3  0.5824E-12  0.5849E-12
CALSDV   27    3  0.5887E-12  0.5910E-12
CALSDV   28    3  0.5845E-12  0.5870E-12
CALSDV   29    3  0.5925E-12  0.5950E-12
CALSDV   30    3  0.5930E-12  0.5954E-12
CALSDV   31    3  0.6031E-12  0.6056E-12
CALSDV   32    3  0.6072E-12  0.6097E-12
CALSDV   33    3  0.6191E-12  0.6215E-12
CALSDV   34    3  0.6268E-12  0.6294E-12
CALSDV   35    3  0.6407E-12  0.6434E-12
CALSDV   36    3  0.6514E-12  0.6541E-12
CALSDV   37    3  0.6674E-12  0.6702E-12
CALSDV   38    3  0.6813E-12  0.6841E-12
CALSDV   39    3  0.6997E-12  0.7023E-12
CALSDV   40    3  0.7164E-12  0.7193E-12
CALSDV   41    3  0.7372E-12  0.7402E-12
CALSDV   42    3  0.7572E-12  0.7602E-12
CALSDV   43    3  0.7808E-12  0.7839E-12
CALSDV   44    3  0.8040E-12  0.8072E-12
CALSDV   45    3  0.8302E-12  0.8334E-12
CALSDV   46    3  0.8571E-12  0.8604E-12
CALSDV   47    3  0.8867E-12  0.8899E-12
CALSDV   48    3  0.9170E-12  0.9205E-12
CALSDV   49    3  0.9502E-12  0.9538E-12
CALSDV   50    3  0.9847E-12  0.9884E-12
CALSDV   51    3  0.1022E-11  0.1025E-11
CALSDV   52    3  0.1061E-11  0.1065E-11
CALSDV   53    3  0.1103E-11  0.1107E-11
CALSDV   54    3  0.1146E-11  0.1150E-11
CALSDV   55    3  0.1193E-11  0.1197E-11
CALSDV   56    3  0.1242E-11  0.1246E-11
CALSDV   57    3  0.1292E-11  0.1296E-11
CALSDV   58    3  0.1344E-11  0.1349E-11
CALSDV   59    3  0.1301E-11  0.1305E-11
CALSDV   60    3  0.1344E-11  0.1348E-11
CALSDV    4    4  0.1225E-10  0.1218E-10
CALSDV    5    4  0.9954E-11  0.9836E-11
CALSDV    6    4  0.4173E-11  0.4155E-11
CALSDV    7    4  0.3639E-11  0.3619E-11
CALSDV    8    4  0.2266E-11  0.2264E-11
CALSDV    9    4  0.1991E-11  0.1985E-11
CALSDV   10    4  0.1510E-11  0.1508E-11
CALSDV   11    4  0.1354E-11  0.1351E-11
CALSDV   12    4  0.1136E-11  0.1135E-11
CALSDV   13    4  0.1044E-11  0.1043E-11
CALSDV   14    4  0.9278E-12  0.9272E-12
CALSDV   15    4  0.8695E-12  0.8688E-12
CALSDV   16    4  0.8008E-12  0.8001E-12
CALSDV   17    4  0.7638E-12  0.7633E-12
CALSDV   18    4  0.7208E-12  0.7200E-12
CALSDV   19    4  0.6968E-12  0.6964E-12
CALSDV   20    4  0.6689E-12  0.6683E-12
CALSDV   21    4  0.6542E-12  0.6538E-12
CALSDV   22    4  0.6366E-12  0.6362E-12
CALSDV   23    4  0.6279E-12  0.6277E-12
CALSDV   24    4  0.6173E-12  0.6169E-12
CALSDV   25    4  0.6138E-12  0.6135E-12
CALSDV   26    4  0.6086E-12  0.6082E-12
CALSDV   27    4  0.6089E-12  0.6085E-12
CALSDV   28    4  0.6081E-12  0.6077E-12
CALSDV   29    4  0.6117E-12  0.6113E-12
CALSDV   30    4  0.6143E-12  0.6139E-12
CALSDV   31    4  0.6206E-12  0.6205E-12
CALSDV   32    4  0.6267E-12  0.6264E-12
CALSDV   33    4  0.6358E-12  0.6355E-12
CALSDV   34    4  0.6448E-12  0.6443E-12
CALSDV   35    4  0.6565E-12  0.6561E-12
CALSDV   36    4  0.6683E-12  0.6680E-12
CALSDV   37    4  0.6825E-12  0.6822E-12
CALSDV   38    4  0.6969E-12  0.6967E-12
CALSDV   39    4  0.7140E-12  0.7136E-12
CALSDV   40    4  0.7315E-12  0.7311E-12
CALSDV   41    4  0.7510E-12  0.7507E-12
CALSDV   42    4  0.7715E-12  0.7712E-12
CALSDV   43    4  0.7940E-12  0.7937E-12
CALSDV   44    4  0.8177E-12  0.8173E-12
CALSDV   45    4  0.8432E-12  0.8429E-12
CALSDV   46    4  0.8703E-12  0.8698E-12
CALSDV   47    4  0.8991E-12  0.8987E-12
CALSDV   48    4  0.9299E-12  0.9293E-12
CALSDV   49    4  0.9628E-12  0.9622E-12
CALSDV   50    4  0.9975E-12  0.9969E-12
CALSDV   51    4  0.1034E-11  0.1033E-11
CALSDV   52    4  0.1073E-11  0.1072E-11
CALSDV   53    4  0.1115E-11  0.1114E-11
CALSDV   54    4  0.1159E-11  0.1158E-11
CALSDV   55    4  0.1206E-11  0.1205E-11
CALSDV   56    4  0.1255E-11  0.1254E-11
CALSDV   57    4  0.1306E-11  0.1305E-11
CALSDV   58    4  0.1360E-11  0.1359E-11
CALSDV   59    4  0.1333E-11  0.1332E-11
CALSDV   60    4  0.1377E-11  0.1376E-11
CALSDV    5    5  0.1876E-10  0.1866E-10
CALSDV    6    5  0.7300E-11  0.7341E-11
CALSDV    7    5  0.4849E-11  0.4861E-11
CALSDV    8    5  0.3056E-11  0.3073E-11
CALSDV    9    5  0.2744E-11  0.2760E-11
CALSDV   10    5  0.1908E-11  0.1919E-11
CALSDV   11    5  0.1886E-11  0.1897E-11
CALSDV   12    5  0.1414E-11  0.1421E-11
CALSDV   13    5  0.1421E-11  0.1429E-11
CALSDV   14    5  0.1141E-11  0.1144E-11
CALSDV   15    5  0.1142E-11  0.1148E-11
CALSDV   16    5  0.9672E-12  0.9705E-12
CALSDV   17    5  0.9657E-12  0.9700E-12
CALSDV   18    5  0.8533E-12  0.8555E-12
CALSDV   19    5  0.8493E-12  0.8528E-12
CALSDV   20    5  0.7757E-12  0.7777E-12
CALSDV   21    5  0.7716E-12  0.7744E-12
CALSDV   22    5  0.7233E-12  0.7249E-12
CALSDV   23    5  0.7208E-12  0.7230E-12
CALSDV   24    5  0.6894E-12  0.6907E-12
CALSDV   25    5  0.6884E-12  0.6904E-12
CALSDV   26    5  0.6687E-12  0.6701E-12
CALSDV   27    5  0.6699E-12  0.6718E-12
CALSDV   28    5  0.6591E-12  0.6604E-12
CALSDV   29    5  0.6623E-12  0.6639E-12
CALSDV   30    5  0.6580E-12  0.6592E-12
CALSDV   31    5  0.6634E-12  0.6651E-12
CALSDV   32    5  0.6645E-12  0.6656E-12
CALSDV   33    5  0.6726E-12  0.6739E-12
CALSDV   34    5  0.6778E-12  0.6790E-12
CALSDV   35    5  0.6881E-12  0.6895E-12
CALSDV   36    5  0.6973E-12  0.6986E-12
CALSDV   37    5  0.7101E-12  0.7115E-12
CALSDV   38    5  0.7230E-12  0.7242E-12
CALSDV   39    5  0.7384E-12  0.7399E-12
CALSDV   40    5  0.7545E-12  0.7559E-12
CALSDV   41    5  0.7729E-12  0.7743E-12
CALSDV   42    5  0.7924E-12  0.7937E-12
CALSDV   43    5  0.8136E-12  0.8152E-12
CALSDV   44    5  0.8367E-12  0.8381E-12
CALSDV   45    5  0.8607E-12  0.8624E-12
CALSDV   46    5  0.8874E-12  0.8891E-12
CALSDV   47    5  0.9151E-12  0.9169E-12
CALSDV   48    5  0.9456E-12  0.9473E-12
CALSDV   49    5  0.9774E-12  0.9793E-12
CALSDV   50    5  0.1012E-11  0.1014E-11
CALSDV   51    5  0.1048E-11  0.1050E-11
CALSDV   52    5  0.1087E-11  0.1089E-11
CALSDV   53    5  0.1127E-11  0.1130E-11
CALSDV   54    5  0.1171E-11  0.1174E-11
CALSDV   55    5  0.1218E-11  0.1220E-11
CALSDV   56    5  0.1267E-11  0.1269E-11
CALSDV   57    5  0.1319E-11  0.1321E-11
CALSDV   58    5  0.1373E-11  0.1375E-11
CALSDV   59    5  0.1361E-11  0.1364E-11
CALSDV   60    5  0.1407E-11  0.1409E-11
CALSDV    6    6  0.8968E-11  0.9137E-11
CALSDV    7    6  0.9711E-11  0.9647E-11
CALSDV    8    6  0.4149E-11  0.4177E-11
CALSDV    9    6  0.4666E-11  0.4636E-11
CALSDV   10    6  0.2623E-11  0.2642E-11
CALSDV   11    6  0.2745E-11  0.2721E-11
CALSDV   12    6  0.1815E-11  0.1828E-11
CALSDV   13    6  0.1857E-11  0.1846E-11
CALSDV   14    6  0.1368E-11  0.1376E-11
CALSDV   15    6  0.1392E-11  0.1383E-11
CALSDV   16    6  0.1107E-11  0.1112E-11
CALSDV   17    6  0.1124E-11  0.1119E-11
CALSDV   18    6  0.9450E-12  0.9498E-12
CALSDV   19    6  0.9600E-12  0.9552E-12
CALSDV   20    6  0.8426E-12  0.8458E-12
CALSDV   21    6  0.8547E-12  0.8520E-12
CALSDV   22    6  0.7757E-12  0.7781E-12
CALSDV   23    6  0.7864E-12  0.7847E-12
CALSDV   24    6  0.7328E-12  0.7349E-12
CALSDV   25    6  0.7430E-12  0.7417E-12
CALSDV   26    6  0.7066E-12  0.7079E-12
CALSDV   27    6  0.7164E-12  0.7157E-12
CALSDV   28    6  0.6927E-12  0.6939E-12
CALSDV   29    6  0.7032E-12  0.7026E-12
CALSDV   30    6  0.6886E-12  0.6898E-12
CALSDV   31    6  0.7000E-12  0.6997E-12
CALSDV   32    6  0.6933E-12  0.6939E-12
CALSDV   33    6  0.7055E-12  0.7052E-12
CALSDV   34    6  0.7045E-12  0.7051E-12
CALSDV   35    6  0.7183E-12  0.7182E-12
CALSDV   36    6  0.7226E-12  0.7230E-12
CALSDV   37    6  0.7381E-12  0.7380E-12
CALSDV   38    6  0.7469E-12  0.7472E-12
CALSDV   39    6  0.7644E-12  0.7644E-12
CALSDV   40    6  0.7772E-12  0.7776E-12
CALSDV   41    6  0.7971E-12  0.7971E-12
CALSDV   42    6  0.8139E-12  0.8143E-12
CALSDV   43    6  0.8363E-12  0.8363E-12
CALSDV   44    6  0.8571E-12  0.8575E-12
CALSDV   45    6  0.8821E-12  0.8823E-12
CALSDV   46    6  0.9068E-12  0.9072E-12
CALSDV   47    6  0.9355E-12  0.9356E-12
CALSDV   48    6  0.9644E-12  0.9648E-12
CALSDV   49    6  0.9965E-12  0.9968E-12
CALSDV   50    6  0.1030E-11  0.1030E-11
CALSDV   51    6  0.1066E-11  0.1066E-11
CALSDV   52    6  0.1104E-11  0.1105E-11
CALSDV   53    6  0.1145E-11  0.1145E-11
CALSDV   54    6  0.1188E-11  0.1189E-11
CALSDV   55    6  0.1235E-11  0.1235E-11
CALSDV   56    6  0.1283E-11  0.1284E-11
CALSDV   57    6  0.1336E-11  0.1337E-11
CALSDV   58    6  0.1390E-11  0.1391E-11
CALSDV   59    6  0.1394E-11  0.1395E-11
CALSDV   60    6  0.1438E-11  0.1440E-11
CALSDV    7    7  0.1389E-10  0.1356E-10
CALSDV    8    7  0.6816E-11  0.6925E-11
CALSDV    9    7  0.4579E-11  0.4538E-11
CALSDV   10    7  0.2915E-11  0.2951E-11
CALSDV   11    7  0.2595E-11  0.2592E-11
CALSDV   12    7  0.1796E-11  0.1797E-11
CALSDV   13    7  0.1761E-11  0.1763E-11
CALSDV   14    7  0.1404E-11  0.1395E-11
CALSDV   15    7  0.1341E-11  0.1341E-11
CALSDV   16    7  0.1202E-11  0.1194E-11
CALSDV   17    7  0.1105E-11  0.1105E-11
CALSDV   18    7  0.1068E-11  0.1062E-11
CALSDV   19    7  0.9628E-12  0.9623E-12
CALSDV   20    7  0.9704E-12  0.9657E-12
CALSDV   21    7  0.8711E-12  0.8710E-12
CALSDV   22    7  0.8980E-12  0.8947E-12
CALSDV   23    7  0.8110E-12  0.8110E-12
CALSDV   24    7  0.8444E-12  0.8419E-12
CALSDV   25    7  0.7722E-12  0.7718E-12
CALSDV   26    7  0.8066E-12  0.8046E-12
CALSDV   27    7  0.7479E-12  0.7479E-12
CALSDV   28    7  0.7813E-12  0.7794E-12
CALSDV   29    7  0.7351E-12  0.7348E-12
CALSDV   30    7  0.7669E-12  0.7656E-12
CALSDV   31    7  0.7318E-12  0.7314E-12
CALSDV   32    7  0.7619E-12  0.7606E-12
CALSDV   33    7  0.7363E-12  0.7359E-12
CALSDV   34    7  0.7654E-12  0.7644E-12
CALSDV   35    7  0.7480E-12  0.7477E-12
CALSDV   36    7  0.7763E-12  0.7755E-12
CALSDV   37    7  0.7665E-12  0.7661E-12
CALSDV   38    7  0.7947E-12  0.7940E-12
CALSDV   39    7  0.7911E-12  0.7909E-12
CALSDV   40    7  0.8199E-12  0.8192E-12
CALSDV   41    7  0.8228E-12  0.8223E-12
CALSDV   42    7  0.8523E-12  0.8516E-12
CALSDV   43    7  0.8603E-12  0.8599E-12
CALSDV   44    7  0.8914E-12  0.8907E-12
CALSDV   45    7  0.9049E-12  0.9043E-12
CALSDV   46    7  0.9381E-12  0.9373E-12
CALSDV   47    7  0.9571E-12  0.9564E-12
CALSDV   48    7  0.9928E-12  0.9919E-12
CALSDV   49    7  0.1017E-11  0.1016E-11
CALSDV   50    7  0.1056E-11  0.1055E-11
CALSDV   51    7  0.1085E-11  0.1085E-11
CALSDV   52    7  0.1128E-11  0.1127E-11
CALSDV   53    7  0.1163E-11  0.1162E-11
CALSDV   54    7  0.1210E-11  0.1209E-11
CALSDV   55    7  0.1252E-11  0.1251E-11
CALSDV   56    7  0.1304E-11  0.1302E-11
CALSDV   57    7  0.1354E-11  0.1352E-11
CALSDV   58    7  0.1410E-11  0.1409E-11
CALSDV   59    7  0.1422E-11  0.1420E-11
CALSDV   60    7  0.1471E-11  0.1470E-11
CALSDV    8    8  0.6688E-11  0.6439E-11
CALSDV    9    8  0.6312E-11  0.6480E-11
CALSDV   10    8  0.4044E-11  0.4013E-11
CALSDV   11    8  0.3597E-11  0.3664E-11
CALSDV   12    8  0.2942E-11  0.2938E-11
CALSDV   13    8  0.2573E-11  0.2612E-11
CALSDV   14    8  0.2147E-11  0.2153E-11
CALSDV   15    8  0.2008E-11  0.2038E-11
CALSDV   16    8  0.1647E-11  0.1655E-11
CALSDV   17    8  0.1641E-11  0.1665E-11
CALSDV   18    8  0.1335E-11  0.1343E-11
CALSDV   19    8  0.1388E-11  0.1408E-11
CALSDV   20    8  0.1137E-11  0.1145E-11
CALSDV   21    8  0.1209E-11  0.1226E-11
CALSDV   22    8  0.1009E-11  0.1016E-11
CALSDV   23    8  0.1082E-11  0.1095E-11
CALSDV   24    8  0.9238E-12  0.9302E-12
CALSDV   25    8  0.9897E-12  0.1001E-11
CALSDV   26    8  0.8683E-12  0.8738E-12
CALSDV   27    8  0.9250E-12  0.9347E-12
CALSDV   28    8  0.8332E-12  0.8378E-12
CALSDV   29    8  0.8807E-12  0.8889E-12
CALSDV   30    8  0.8125E-12  0.8167E-12
CALSDV   31    8  0.8527E-12  0.8602E-12
CALSDV   32    8  0.8034E-12  0.8073E-12
CALSDV   33    8  0.8380E-12  0.8443E-12
CALSDV   34    8  0.8037E-12  0.8072E-12
CALSDV   35    8  0.8345E-12  0.8401E-12
CALSDV   36    8  0.8127E-12  0.8160E-12
CALSDV   37    8  0.8403E-12  0.8455E-12
CALSDV   38    8  0.8290E-12  0.8322E-12
CALSDV   39    8  0.8553E-12  0.8602E-12
CALSDV   40    8  0.8526E-12  0.8557E-12
CALSDV   41    8  0.8783E-12  0.8828E-12
CALSDV   42    8  0.8832E-12  0.8865E-12
CALSDV   43    8  0.9092E-12  0.9134E-12
CALSDV   44    8  0.9208E-12  0.9241E-12
CALSDV   45    8  0.9481E-12  0.9524E-12
CALSDV   46    8  0.9657E-12  0.9693E-12
CALSDV   47    8  0.9950E-12  0.9992E-12
CALSDV   48    8  0.1019E-11  0.1022E-11
CALSDV   49    8  0.1050E-11  0.1055E-11
CALSDV   50    8  0.1080E-11  0.1084E-11
CALSDV   51    8  0.1115E-11  0.1120E-11
CALSDV   52    8  0.1150E-11  0.1155E-11
CALSDV   53    8  0.1189E-11  0.1194E-11
CALSDV   54    8  0.1231E-11  0.1235E-11
CALSDV   55    8  0.1275E-11  0.1280E-11
CALSDV   56    8  0.1323E-11  0.1328E-11
CALSDV   57    8  0.1375E-11  0.1380E-11
CALSDV   58    8  0.1429E-11  0.1434E-11
CALSDV   59    8  0.1458E-11  0.1463E-11
CALSDV   60    8  0.1503E-11  0.1507E-11
CALSDV    9    9  0.9563E-11  0.9548E-11
CALSDV   10    9  0.6491E-11  0.6581E-11
CALSDV   11    9  0.4314E-11  0.4330E-11
CALSDV   12    9  0.3078E-11  0.3160E-11
CALSDV   13    9  0.2745E-11  0.2749E-11
CALSDV   14    9  0.1923E-11  0.1960E-11
CALSDV   15    9  0.1865E-11  0.1868E-11
CALSDV   16    9  0.1497E-11  0.1511E-11
CALSDV   17    9  0.1384E-11  0.1386E-11
CALSDV   18    9  0.1292E-11  0.1296E-11
CALSDV   19    9  0.1126E-11  0.1127E-11
CALSDV   20    9  0.1163E-11  0.1163E-11
CALSDV   21    9  0.9868E-12  0.9876E-12
CALSDV   22    9  0.1069E-11  0.1070E-11
CALSDV   23    9  0.9099E-12  0.9099E-12
CALSDV   24    9  0.9992E-12  0.9992E-12
CALSDV   25    9  0.8650E-12  0.8651E-12
CALSDV   26    9  0.9471E-12  0.9473E-12
CALSDV   27    9  0.8393E-12  0.8394E-12
CALSDV   28    9  0.9094E-12  0.9098E-12
CALSDV   29    9  0.8257E-12  0.8259E-12
CALSDV   30    9  0.8841E-12  0.8844E-12
CALSDV   31    9  0.8209E-12  0.8210E-12
CALSDV   32    9  0.8694E-12  0.8697E-12
CALSDV   33    9  0.8232E-12  0.8232E-12
CALSDV   34    9  0.8640E-12  0.8643E-12
CALSDV   35    9  0.8321E-12  0.8320E-12
CALSDV   36    9  0.8675E-12  0.8674E-12
CALSDV   37    9  0.8472E-12  0.8469E-12
CALSDV   38    9  0.8790E-12  0.8789E-12
CALSDV   39    9  0.8685E-12  0.8682E-12
CALSDV   40    9  0.8981E-12  0.8979E-12
CALSDV   41    9  0.8958E-12  0.8956E-12
CALSDV   42    9  0.9246E-12  0.9245E-12
CALSDV   43    9  0.9297E-12  0.9295E-12
CALSDV   44    9  0.9589E-12  0.9587E-12
CALSDV   45    9  0.9704E-12  0.9700E-12
CALSDV   46    9  0.1001E-11  0.1001E-11
CALSDV   47    9  0.1018E-11  0.1018E-11
CALSDV   48    9  0.1051E-11  0.1051E-11
CALSDV   49    9  0.1074E-11  0.1074E-11
CALSDV   50    9  0.1110E-11  0.1110E-11
CALSDV   51    9  0.1138E-11  0.1138E-11
CALSDV   52    9  0.1178E-11  0.1178E-11
CALSDV   53    9  0.1213E-11  0.1212E-11
CALSDV   54    9  0.1257E-11  0.1256E-11
CALSDV   55    9  0.1297E-11  0.1297E-11
CALSDV   56    9  0.1347E-11  0.1346E-11
CALSDV   57    9  0.1397E-11  0.1396E-11
CALSDV   58    9  0.1452E-11  0.1451E-11
CALSDV   59    9  0.1487E-11  0.1486E-11
CALSDV   60    9  0.1532E-11  0.1532E-11
CALSDV   10   10  0.6771E-11  0.6884E-11
CALSDV   11   10  0.5142E-11  0.5159E-11
CALSDV   12   10  0.3678E-11  0.3658E-11
CALSDV   13   10  0.2745E-11  0.2760E-11
CALSDV   14   10  0.2951E-11  0.2949E-11
CALSDV   15   10  0.2200E-11  0.2210E-11
CALSDV   16   10  0.2322E-11  0.2329E-11
CALSDV   17   10  0.1955E-11  0.1961E-11
CALSDV   18   10  0.1881E-11  0.1891E-11
CALSDV   19   10  0.1751E-11  0.1753E-11
CALSDV   20   10  0.1585E-11  0.1595E-11
CALSDV   21   10  0.1572E-11  0.1571E-11
CALSDV   22   10  0.1384E-11  0.1394E-11
CALSDV   23   10  0.1421E-11  0.1420E-11
CALSDV   24   10  0.1246E-11  0.1254E-11
CALSDV   25   10  0.1298E-11  0.1297E-11
CALSDV   26   10  0.1148E-11  0.1156E-11
CALSDV   27   10  0.1202E-11  0.1201E-11
CALSDV   28   10  0.1080E-11  0.1086E-11
CALSDV   29   10  0.1127E-11  0.1127E-11
CALSDV   30   10  0.1032E-11  0.1037E-11
CALSDV   31   10  0.1072E-11  0.1072E-11
CALSDV   32   10  0.9997E-12  0.1004E-11
CALSDV   33   10  0.1033E-11  0.1033E-11
CALSDV   34   10  0.9805E-12  0.9845E-12
CALSDV   35   10  0.1008E-11  0.1008E-11
CALSDV   36   10  0.9724E-12  0.9753E-12
CALSDV   37   10  0.9953E-12  0.9957E-12
CALSDV   38   10  0.9736E-12  0.9764E-12
CALSDV   39   10  0.9940E-12  0.9945E-12
CALSDV   40   10  0.9837E-12  0.9862E-12
CALSDV   41   10  0.1003E-11  0.1003E-11
CALSDV   42   10  0.1002E-11  0.1005E-11
CALSDV   43   10  0.1021E-11  0.1022E-11
CALSDV   44   10  0.1029E-11  0.1031E-11
CALSDV   45   10  0.1048E-11  0.1049E-11
CALSDV   46   10  0.1064E-11  0.1066E-11
CALSDV   47   10  0.1086E-11  0.1086E-11
CALSDV   48   10  0.1108E-11  0.1110E-11
CALSDV   49   10  0.1132E-11  0.1133E-11
CALSDV   50   10  0.1161E-11  0.1163E-11
CALSDV   51   10  0.1188E-11  0.1189E-11
CALSDV   52   10  0.1224E-11  0.1225E-11
CALSDV   53   10  0.1256E-11  0.1256E-11
CALSDV   54   10  0.1298E-11  0.1299E-11
CALSDV   55   10  0.1334E-11  0.1335E-11
CALSDV   56   10  0.1382E-11  0.1383E-11
CALSDV   57   10  0.1429E-11  0.1430E-11
CALSDV   58   10  0.1484E-11  0.1485E-11
CALSDV   59   10  0.1529E-11  0.1530E-11
CALSDV   60   10  0.1577E-11  0.1578E-11
CALSDV   11   11  0.6706E-11  0.6756E-11
CALSDV   12   11  0.6378E-11  0.6310E-11
CALSDV   13   11  0.3960E-11  0.3957E-11
CALSDV   14   11  0.3559E-11  0.3515E-11
CALSDV   15   11  0.2875E-11  0.2882E-11
CALSDV   16   11  0.2403E-11  0.2376E-11
CALSDV   17   11  0.2042E-11  0.2051E-11
CALSDV   18   11  0.1843E-11  0.1829E-11
CALSDV   19   11  0.1522E-11  0.1529E-11
CALSDV   20   11  0.1523E-11  0.1515E-11
CALSDV   21   11  0.1232E-11  0.1236E-11
CALSDV   22   11  0.1318E-11  0.1315E-11
CALSDV   23   11  0.1080E-11  0.1082E-11
CALSDV   24   11  0.1181E-11  0.1181E-11
CALSDV   25   11  0.1004E-11  0.1005E-11
CALSDV   26   11  0.1088E-11  0.1089E-11
CALSDV   27   11  0.9659E-12  0.9658E-12
CALSDV   28   11  0.1025E-11  0.1026E-11
CALSDV   29   11  0.9478E-12  0.9476E-12
CALSDV   30   11  0.9845E-12  0.9856E-12
CALSDV   31   11  0.9406E-12  0.9407E-12
CALSDV   32   11  0.9606E-12  0.9609E-12
CALSDV   33   11  0.9414E-12  0.9407E-12
CALSDV   34   11  0.9493E-12  0.9496E-12
CALSDV   35   11  0.9468E-12  0.9468E-12
CALSDV   36   11  0.9483E-12  0.9487E-12
CALSDV   37   11  0.9586E-12  0.9584E-12
CALSDV   38   11  0.9564E-12  0.9565E-12
CALSDV   39   11  0.9752E-12  0.9750E-12
CALSDV   40   11  0.9733E-12  0.9737E-12
CALSDV   41   11  0.9977E-12  0.9976E-12
CALSDV   42   11  0.9976E-12  0.9975E-12
CALSDV   43   11  0.1026E-11  0.1026E-11
CALSDV   44   11  0.1029E-11  0.1030E-11
CALSDV   45   11  0.1061E-11  0.1061E-11
CALSDV   46   11  0.1069E-11  0.1069E-11
CALSDV   47   11  0.1103E-11  0.1103E-11
CALSDV   48   11  0.1116E-11  0.1116E-11
CALSDV   49   11  0.1152E-11  0.1152E-11
CALSDV   50   11  0.1172E-11  0.1172E-11
CALSDV   51   11  0.1211E-11  0.1210E-11
CALSDV   52   11  0.1237E-11  0.1236E-11
CALSDV   53   11  0.1278E-11  0.1278E-11
CALSDV   54   11  0.1312E-11  0.1311E-11
CALSDV   55   11  0.1356E-11  0.1356E-11
CALSDV   56   11  0.1398E-11  0.1397E-11
CALSDV   57   11  0.1450E-11  0.1450E-11
CALSDV   58   11  0.1499E-11  0.1499E-11
CALSDV   59   11  0.1555E-11  0.1555E-11
CALSDV   60   11  0.1594E-11  0.1593E-11
CALSDV   12   12  0.6064E-11  0.6066E-11
CALSDV   13   12  0.5204E-11  0.5175E-11
CALSDV   14   12  0.3458E-11  0.3454E-11
CALSDV   15   12  0.2619E-11  0.2615E-11
CALSDV   16   12  0.2737E-11  0.2730E-11
CALSDV   17   12  0.2014E-11  0.2010E-11
CALSDV   18   12  0.2140E-11  0.2134E-11
CALSDV   19   12  0.1852E-11  0.1851E-11
CALSDV   20   12  0.1764E-11  0.1761E-11
CALSDV   21   12  0.1730E-11  0.1729E-11
CALSDV   22   12  0.1544E-11  0.1544E-11
CALSDV   23   12  0.1607E-11  0.1605E-11
CALSDV   24   12  0.1411E-11  0.1414E-11
CALSDV   25   12  0.1490E-11  0.1489E-11
CALSDV   26   12  0.1326E-11  0.1329E-11
CALSDV   27   12  0.1390E-11  0.1389E-11
CALSDV   28   12  0.1266E-11  0.1269E-11
CALSDV   29   12  0.1308E-11  0.1306E-11
CALSDV   30   12  0.1221E-11  0.1224E-11
CALSDV   31   12  0.1243E-11  0.1241E-11
CALSDV   32   12  0.1188E-11  0.1192E-11
CALSDV   33   12  0.1193E-11  0.1192E-11
CALSDV   34   12  0.1166E-11  0.1168E-11
CALSDV   35   12  0.1158E-11  0.1156E-11
CALSDV   36   12  0.1150E-11  0.1152E-11
CALSDV   37   12  0.1135E-11  0.1134E-11
CALSDV   38   12  0.1143E-11  0.1144E-11
CALSDV   39   12  0.1124E-11  0.1123E-11
CALSDV   40   12  0.1143E-11  0.1144E-11
CALSDV   41   12  0.1124E-11  0.1122E-11
CALSDV   42   12  0.1151E-11  0.1152E-11
CALSDV   43   12  0.1134E-11  0.1132E-11
CALSDV   44   12  0.1167E-11  0.1168E-11
CALSDV   45   12  0.1153E-11  0.1152E-11
CALSDV   46   12  0.1191E-11  0.1192E-11
CALSDV   47   12  0.1182E-11  0.1181E-11
CALSDV   48   12  0.1224E-11  0.1224E-11
CALSDV   49   12  0.1220E-11  0.1220E-11
CALSDV   50   12  0.1266E-11  0.1267E-11
CALSDV   51   12  0.1269E-11  0.1268E-11
CALSDV   52   12  0.1318E-11  0.1318E-11
CALSDV   53   12  0.1328E-11  0.1327E-11
CALSDV   54   12  0.1381E-11  0.1381E-11
CALSDV   55   12  0.1399E-11  0.1398E-11
CALSDV   56   12  0.1456E-11  0.1456E-11
CALSDV   57   12  0.1486E-11  0.1486E-11
CALSDV   58   12  0.1549E-11  0.1549E-11
CALSDV   59   12  0.1596E-11  0.1596E-11
CALSDV   60   12  0.1653E-11  0.1653E-11
CALSDV   13   13  0.5488E-11  0.5501E-11
CALSDV   14   13  0.5365E-11  0.5304E-11
CALSDV   15   13  0.3703E-11  0.3709E-11
CALSDV   16   13  0.3204E-11  0.3168E-11
CALSDV   17   13  0.2978E-11  0.2979E-11
CALSDV   18   13  0.2419E-11  0.2401E-11
CALSDV   19   13  0.2215E-11  0.2213E-11
CALSDV   20   13  0.1996E-11  0.1982E-11
CALSDV   21   13  0.1682E-11  0.1680E-11
CALSDV   22   13  0.1693E-11  0.1683E-11
CALSDV   23   13  0.1366E-11  0.1365E-11
CALSDV   24   13  0.1471E-11  0.1459E-11
CALSDV   25   13  0.1199E-11  0.1198E-11
CALSDV   26   13  0.1309E-11  0.1296E-11
CALSDV   27   13  0.1118E-11  0.1117E-11
CALSDV   28   13  0.1194E-11  0.1184E-11
CALSDV   29   13  0.1083E-11  0.1081E-11
CALSDV   30   13  0.1119E-11  0.1110E-11
CALSDV   31   13  0.1069E-11  0.1068E-11
CALSDV   32   13  0.1073E-11  0.1064E-11
CALSDV   33   13  0.1067E-11  0.1066E-11
CALSDV   34   13  0.1048E-11  0.1041E-11
CALSDV   35   13  0.1071E-11  0.1071E-11
CALSDV   36   13  0.1040E-11  0.1034E-11
CALSDV   37   13  0.1080E-11  0.1080E-11
CALSDV   38   13  0.1044E-11  0.1039E-11
CALSDV   39   13  0.1094E-11  0.1094E-11
CALSDV   40   13  0.1058E-11  0.1055E-11
CALSDV   41   13  0.1112E-11  0.1113E-11
CALSDV   42   13  0.1081E-11  0.1078E-11
CALSDV   43   13  0.1136E-11  0.1137E-11
CALSDV   44   13  0.1111E-11  0.1110E-11
CALSDV   45   13  0.1165E-11  0.1166E-11
CALSDV   46   13  0.1149E-11  0.1148E-11
CALSDV   47   13  0.1201E-11  0.1202E-11
CALSDV   48   13  0.1195E-11  0.1193E-11
CALSDV   49   13  0.1244E-11  0.1245E-11
CALSDV   50   13  0.1247E-11  0.1247E-11
CALSDV   51   13  0.1294E-11  0.1295E-11
CALSDV   52   13  0.1309E-11  0.1309E-11
CALSDV   53   13  0.1354E-11  0.1356E-11
CALSDV   54   13  0.1379E-11  0.1379E-11
CALSDV   55   13  0.1425E-11  0.1426E-11
CALSDV   56   13  0.1460E-11  0.1460E-11
CALSDV   57   13  0.1510E-11  0.1511E-11
CALSDV   58   13  0.1555E-11  0.1556E-11
CALSDV   59   13  0.1623E-11  0.1624E-11
CALSDV   60   13  0.1660E-11  0.1660E-11
CALSDV   14   14  0.4568E-11  0.4549E-11
CALSDV   15   14  0.5672E-11  0.5716E-11
CALSDV   16   14  0.3409E-11  0.3408E-11
CALSDV   17   14  0.3001E-11  0.3029E-11
CALSDV   18   14  0.2763E-11  0.2757E-11
CALSDV   19   14  0.2143E-11  0.2148E-11
CALSDV   20   14  0.2071E-11  0.2066E-11
CALSDV   21   14  0.1877E-11  0.1872E-11
CALSDV   22   14  0.1642E-11  0.1638E-11
CALSDV   23   14  0.1736E-11  0.1732E-11
CALSDV   24   14  0.1437E-11  0.1434E-11
CALSDV   25   14  0.1623E-11  0.1621E-11
CALSDV   26   14  0.1355E-11  0.1353E-11
CALSDV   27   14  0.1524E-11  0.1524E-11
CALSDV   28   14  0.1326E-11  0.1325E-11
CALSDV   29   14  0.1442E-11  0.1442E-11
CALSDV   30   14  0.1314E-11  0.1314E-11
CALSDV   31   14  0.1375E-11  0.1376E-11
CALSDV   32   14  0.1308E-11  0.1308E-11
CALSDV   33   14  0.1323E-11  0.1326E-11
CALSDV   34   14  0.1303E-11  0.1304E-11
CALSDV   35   14  0.1286E-11  0.1289E-11
CALSDV   36   14  0.1299E-11  0.1300E-11
CALSDV   37   14  0.1261E-11  0.1264E-11
CALSDV   38   14  0.1297E-11  0.1298E-11
CALSDV   39   14  0.1246E-11  0.1250E-11
CALSDV   40   14  0.1298E-11  0.1300E-11
CALSDV   41   14  0.1242E-11  0.1247E-11
CALSDV   42   14  0.1302E-11  0.1305E-11
CALSDV   43   14  0.1247E-11  0.1252E-11
CALSDV   44   14  0.1313E-11  0.1315E-11
CALSDV   45   14  0.1261E-11  0.1266E-11
CALSDV   46   14  0.1329E-11  0.1332E-11
CALSDV   47   14  0.1285E-11  0.1289E-11
CALSDV   48   14  0.1352E-11  0.1356E-11
CALSDV   49   14  0.1316E-11  0.1321E-11
CALSDV   50   14  0.1384E-11  0.1388E-11
CALSDV   51   14  0.1357E-11  0.1362E-11
CALSDV   52   14  0.1424E-11  0.1428E-11
CALSDV   53   14  0.1408E-11  0.1413E-11
CALSDV   54   14  0.1475E-11  0.1480E-11
CALSDV   55   14  0.1470E-11  0.1475E-11
CALSDV   56   14  0.1538E-11  0.1543E-11
CALSDV   57   14  0.1549E-11  0.1553E-11
CALSDV   58   14  0.1619E-11  0.1624E-11
CALSDV   59   14  0.1662E-11  0.1667E-11
CALSDV   60   14  0.1727E-11  0.1732E-11
CALSDV   15   15  0.6205E-11  0.6177E-11
CALSDV   16   15  0.4918E-11  0.4799E-11
CALSDV   17   15  0.3531E-11  0.3500E-11
CALSDV   18   15  0.2655E-11  0.2631E-11
CALSDV   19   15  0.3209E-11  0.3169E-11
CALSDV   20   15  0.2064E-11  0.2030E-11
CALSDV   21   15  0.2674E-11  0.2648E-11
CALSDV   22   15  0.1838E-11  0.1803E-11
CALSDV   23   15  0.2233E-11  0.2216E-11
CALSDV   24   15  0.1655E-11  0.1630E-11
CALSDV   25   15  0.1926E-11  0.1914E-11
CALSDV   26   15  0.1499E-11  0.1483E-11
CALSDV   27   15  0.1723E-11  0.1711E-11
CALSDV   28   15  0.1374E-11  0.1363E-11
CALSDV   29   15  0.1587E-11  0.1576E-11
CALSDV   30   15  0.1282E-11  0.1275E-11
CALSDV   31   15  0.1494E-11  0.1484E-11
CALSDV   32   15  0.1222E-11  0.1215E-11
CALSDV   33   15  0.1430E-11  0.1421E-11
CALSDV   34   15  0.1187E-11  0.1180E-11
CALSDV   35   15  0.1387E-11  0.1377E-11
CALSDV   36   15  0.1173E-11  0.1165E-11
CALSDV   37   15  0.1358E-11  0.1347E-11
CALSDV   38   15  0.1173E-11  0.1163E-11
CALSDV   39   15  0.1340E-11  0.1328E-11
CALSDV   40   15  0.1184E-11  0.1173E-11
CALSDV   41   15  0.1332E-11  0.1319E-11
CALSDV   42   15  0.1205E-11  0.1192E-11
CALSDV   43   15  0.1334E-11  0.1320E-11
CALSDV   44   15  0.1233E-11  0.1218E-11
CALSDV   45   15  0.1344E-11  0.1328E-11
CALSDV   46   15  0.1268E-11  0.1252E-11
CALSDV   47   15  0.1362E-11  0.1346E-11
CALSDV   48   15  0.1310E-11  0.1292E-11
CALSDV   49   15  0.1390E-11  0.1371E-11
CALSDV   50   15  0.1358E-11  0.1338E-11
CALSDV   51   15  0.1426E-11  0.1406E-11
CALSDV   52   15  0.1413E-11  0.1393E-11
CALSDV   53   15  0.1471E-11  0.1450E-11
CALSDV   54   15  0.1477E-11  0.1455E-11
CALSDV   55   15  0.1527E-11  0.1505E-11
CALSDV   56   15  0.1550E-11  0.1527E-11
CALSDV   57   15  0.1601E-11  0.1577E-11
CALSDV   58   15  0.1639E-11  0.1614E-11
CALSDV   59   15  0.1713E-11  0.1688E-11
CALSDV   60   15  0.1746E-11  0.1719E-11
CALSDV   16   16  0.4028E-11  0.4048E-11
CALSDV   17   16  0.5855E-11  0.5797E-11
CALSDV   18   16  0.3459E-11  0.3427E-11
CALSDV   19   16  0.3303E-11  0.3266E-11
CALSDV   20   16  0.3004E-11  0.2958E-11
CALSDV   21   16  0.2357E-11  0.2326E-11
CALSDV   22   16  0.2289E-11  0.2255E-11
CALSDV   23   16  0.1991E-11  0.1968E-11
CALSDV   24   16  0.1791E-11  0.1767E-11
CALSDV   25   16  0.1798E-11  0.1780E-11
CALSDV   26   16  0.1536E-11  0.1521E-11
CALSDV   27   16  0.1665E-11  0.1653E-11
CALSDV   28   16  0.1439E-11  0.1432E-11
CALSDV   29   16  0.1569E-11  0.1558E-11
CALSDV   30   16  0.1418E-11  0.1413E-11
CALSDV   31   16  0.1498E-11  0.1489E-11
CALSDV   32   16  0.1423E-11  0.1420E-11
CALSDV   33   16  0.1449E-11  0.1440E-11
CALSDV   34   16  0.1435E-11  0.1431E-11
CALSDV   35   16  0.1415E-11  0.1406E-11
CALSDV   36   16  0.1445E-11  0.1440E-11
CALSDV   37   16  0.1394E-11  0.1385E-11
CALSDV   38   16  0.1452E-11  0.1447E-11
CALSDV   39   16  0.1383E-11  0.1374E-11
CALSDV   40   16  0.1459E-11  0.1452E-11
CALSDV   41   16  0.1381E-11  0.1372E-11
CALSDV   42   16  0.1465E-11  0.1457E-11
CALSDV   43   16  0.1386E-11  0.1376E-11
CALSDV   44   16  0.1473E-11  0.1465E-11
CALSDV   45   16  0.1399E-11  0.1388E-11
CALSDV   46   16  0.1485E-11  0.1475E-11
CALSDV   47   16  0.1417E-11  0.1406E-11
CALSDV   48   16  0.1502E-11  0.1491E-11
CALSDV   49   16  0.1444E-11  0.1432E-11
CALSDV   50   16  0.1524E-11  0.1513E-11
CALSDV   51   16  0.1477E-11  0.1464E-11
CALSDV   52   16  0.1554E-11  0.1541E-11
CALSDV   53   16  0.1518E-11  0.1505E-11
CALSDV   54   16  0.1593E-11  0.1580E-11
CALSDV   55   16  0.1569E-11  0.1556E-11
CALSDV   56   16  0.1642E-11  0.1628E-11
CALSDV   57   16  0.1636E-11  0.1622E-11
CALSDV   58   16  0.1710E-11  0.1696E-11
CALSDV   59   16  0.1749E-11  0.1734E-11
CALSDV   60   16  0.1815E-11  0.1800E-11
CALSDV   17   17  0.4031E-11  0.3957E-11
CALSDV   18   17  0.4360E-11  0.4374E-11
CALSDV   19   17  0.3313E-11  0.3299E-11
CALSDV   20   17  0.2531E-11  0.2537E-11
CALSDV   21   17  0.2921E-11  0.2908E-11
CALSDV   22   17  0.2263E-11  0.2251E-11
CALSDV   23   17  0.2298E-11  0.2284E-11
CALSDV   24   17  0.2109E-11  0.2100E-11
CALSDV   25   17  0.1845E-11  0.1829E-11
CALSDV   26   17  0.1897E-11  0.1892E-11
CALSDV   27   17  0.1585E-11  0.1570E-11
CALSDV   28   17  0.1684E-11  0.1682E-11
CALSDV   29   17  0.1456E-11  0.1442E-11
CALSDV   30   17  0.1505E-11  0.1506E-11
CALSDV   31   17  0.1397E-11  0.1385E-11
CALSDV   32   17  0.1375E-11  0.1377E-11
CALSDV   33   17  0.1372E-11  0.1362E-11
CALSDV   34   17  0.1294E-11  0.1297E-11
CALSDV   35   17  0.1365E-11  0.1355E-11
CALSDV   36   17  0.1253E-11  0.1256E-11
CALSDV   37   17  0.1365E-11  0.1356E-11
CALSDV   38   17  0.1242E-11  0.1245E-11
CALSDV   39   17  0.1370E-11  0.1363E-11
CALSDV   40   17  0.1253E-11  0.1254E-11
CALSDV   41   17  0.1380E-11  0.1374E-11
CALSDV   42   17  0.1277E-11  0.1278E-11
CALSDV   43   17  0.1393E-11  0.1387E-11
CALSDV   44   17  0.1310E-11  0.1311E-11
CALSDV   45   17  0.1411E-11  0.1406E-11
CALSDV   46   17  0.1350E-11  0.1350E-11
CALSDV   47   17  0.1435E-11  0.1430E-11
CALSDV   48   17  0.1395E-11  0.1394E-11
CALSDV   49   17  0.1464E-11  0.1460E-11
CALSDV   50   17  0.1444E-11  0.1443E-11
CALSDV   51   17  0.1499E-11  0.1496E-11
CALSDV   52   17  0.1498E-11  0.1497E-11
CALSDV   53   17  0.1541E-11  0.1538E-11
CALSDV   54   17  0.1557E-11  0.1556E-11
CALSDV   55   17  0.1592E-11  0.1589E-11
CALSDV   56   17  0.1623E-11  0.1621E-11
CALSDV   57   17  0.1657E-11  0.1653E-11
CALSDV   58   17  0.1702E-11  0.1700E-11
CALSDV   59   17  0.1767E-11  0.1764E-11
CALSDV   60   17  0.1809E-11  0.1808E-11
CALSDV   18   18  0.4206E-11  0.4209E-11
CALSDV   19   18  0.4465E-11  0.4447E-11
CALSDV   20   18  0.3612E-11  0.3605E-11
CALSDV   21   18  0.2416E-11  0.2408E-11
CALSDV   22   18  0.3059E-11  0.3055E-11
CALSDV   23   18  0.2082E-11  0.2078E-11
CALSDV   24   18  0.2262E-11  0.2262E-11
CALSDV   25   18  0.1976E-11  0.1977E-11
CALSDV   26   18  0.1721E-11  0.1725E-11
CALSDV   27   18  0.1835E-11  0.1836E-11
CALSDV   28   18  0.1488E-11  0.1489E-11
CALSDV   29   18  0.1687E-11  0.1688E-11
CALSDV   30   18  0.1449E-11  0.1450E-11
CALSDV   31   18  0.1565E-11  0.1567E-11
CALSDV   32   18  0.1485E-11  0.1486E-11
CALSDV   33   18  0.1483E-11  0.1483E-11
CALSDV   34   18  0.1535E-11  0.1536E-11
CALSDV   35   18  0.1437E-11  0.1435E-11
CALSDV   36   18  0.1576E-11  0.1576E-11
CALSDV   37   18  0.1416E-11  0.1415E-11
CALSDV   38   18  0.1605E-11  0.1605E-11
CALSDV   39   18  0.1416E-11  0.1414E-11
CALSDV   40   18  0.1623E-11  0.1623E-11
CALSDV   41   18  0.1426E-11  0.1425E-11
CALSDV   42   18  0.1634E-11  0.1635E-11
CALSDV   43   18  0.1446E-11  0.1445E-11
CALSDV   44   18  0.1642E-11  0.1642E-11
CALSDV   45   18  0.1470E-11  0.1469E-11
CALSDV   46   18  0.1648E-11  0.1648E-11
CALSDV   47   18  0.1498E-11  0.1498E-11
CALSDV   48   18  0.1656E-11  0.1656E-11
CALSDV   49   18  0.1530E-11  0.1528E-11
CALSDV   50   18  0.1668E-11  0.1668E-11
CALSDV   51   18  0.1564E-11  0.1564E-11
CALSDV   52   18  0.1684E-11  0.1685E-11
CALSDV   53   18  0.1604E-11  0.1604E-11
CALSDV   54   18  0.1708E-11  0.1708E-11
CALSDV   55   18  0.1648E-11  0.1648E-11
CALSDV   56   18  0.1741E-11  0.1741E-11
CALSDV   57   18  0.1705E-11  0.1705E-11
CALSDV   58   18  0.1790E-11  0.1792E-11
CALSDV   59   18  0.1812E-11  0.1813E-11
CALSDV   60   18  0.1886E-11  0.1886E-11
CALSDV   19   19  0.3435E-11  0.3434E-11
CALSDV   20   19  0.4045E-11  0.4052E-11
CALSDV   21   19  0.3276E-11  0.3274E-11
CALSDV   22   19  0.2384E-11  0.2385E-11
CALSDV   23   19  0.2859E-11  0.2856E-11
CALSDV   24   19  0.2404E-11  0.2412E-11
CALSDV   25   19  0.2228E-11  0.2224E-11
CALSDV   26   19  0.2384E-11  0.2396E-11
CALSDV   27   19  0.1793E-11  0.1791E-11
CALSDV   28   19  0.2214E-11  0.2228E-11
CALSDV   29   19  0.1565E-11  0.1567E-11
CALSDV   30   19  0.2000E-11  0.2012E-11
CALSDV   31   19  0.1469E-11  0.1472E-11
CALSDV   32   19  0.1803E-11  0.1817E-11
CALSDV   33   19  0.1435E-11  0.1441E-11
CALSDV   34   19  0.1653E-11  0.1660E-11
CALSDV   35   19  0.1428E-11  0.1434E-11
CALSDV   36   19  0.1551E-11  0.1559E-11
CALSDV   37   19  0.1432E-11  0.1438E-11
CALSDV   38   19  0.1494E-11  0.1501E-11
CALSDV   39   19  0.1441E-11  0.1447E-11
CALSDV   40   19  0.1471E-11  0.1477E-11
CALSDV   41   19  0.1455E-11  0.1460E-11
CALSDV   42   19  0.1471E-11  0.1478E-11
CALSDV   43   19  0.1473E-11  0.1478E-11
CALSDV   44   19  0.1490E-11  0.1494E-11
CALSDV   45   19  0.1494E-11  0.1499E-11
CALSDV   46   19  0.1517E-11  0.1522E-11
CALSDV   47   19  0.1521E-11  0.1524E-11
CALSDV   48   19  0.1552E-11  0.1556E-11
CALSDV   49   19  0.1551E-11  0.1554E-11
CALSDV   50   19  0.1590E-11  0.1594E-11
CALSDV   51   19  0.1586E-11  0.1589E-11
CALSDV   52   19  0.1633E-11  0.1637E-11
CALSDV   53   19  0.1626E-11  0.1629E-11
CALSDV   54   19  0.1679E-11  0.1683E-11
CALSDV   55   19  0.1671E-11  0.1674E-11
CALSDV   56   19  0.1731E-11  0.1734E-11
CALSDV   57   19  0.1727E-11  0.1730E-11
CALSDV   58   19  0.1793E-11  0.1796E-11
CALSDV   59   19  0.1831E-11  0.1834E-11
CALSDV   60   19  0.1891E-11  0.1895E-11
CALSDV   20   20  0.4006E-11  0.4055E-11
CALSDV   21   20  0.4140E-11  0.4141E-11
CALSDV   22   20  0.3676E-11  0.3685E-11
CALSDV   23   20  0.2234E-11  0.2244E-11
CALSDV   24   20  0.3163E-11  0.3167E-11
CALSDV   25   20  0.2123E-11  0.2129E-11
CALSDV   26   20  0.2360E-11  0.2362E-11
CALSDV   27   20  0.2084E-11  0.2086E-11
CALSDV   28   20  0.1803E-11  0.1805E-11
CALSDV   29   20  0.1930E-11  0.1931E-11
CALSDV   30   20  0.1559E-11  0.1560E-11
CALSDV   31   20  0.1752E-11  0.1752E-11
CALSDV   32   20  0.1521E-11  0.1524E-11
CALSDV   33   20  0.1608E-11  0.1608E-11
CALSDV   34   20  0.1567E-11  0.1570E-11
CALSDV   35   20  0.1518E-11  0.1518E-11
CALSDV   36   20  0.1627E-11  0.1629E-11
CALSDV   37   20  0.1479E-11  0.1478E-11
CALSDV   38   20  0.1678E-11  0.1680E-11
CALSDV   39   20  0.1476E-11  0.1478E-11
CALSDV   40   20  0.1715E-11  0.1717E-11
CALSDV   41   20  0.1498E-11  0.1498E-11
CALSDV   42   20  0.1741E-11  0.1742E-11
CALSDV   43   20  0.1530E-11  0.1531E-11
CALSDV   44   20  0.1758E-11  0.1759E-11
CALSDV   45   20  0.1568E-11  0.1568E-11
CALSDV   46   20  0.1770E-11  0.1770E-11
CALSDV   47   20  0.1607E-11  0.1606E-11
CALSDV   48   20  0.1780E-11  0.1780E-11
CALSDV   49   20  0.1644E-11  0.1644E-11
CALSDV   50   20  0.1790E-11  0.1790E-11
CALSDV   51   20  0.1680E-11  0.1680E-11
CALSDV   52   20  0.1802E-11  0.1802E-11
CALSDV   53   20  0.1716E-11  0.1716E-11
CALSDV   54   20  0.1819E-11  0.1818E-11
CALSDV   55   20  0.1753E-11  0.1752E-11
CALSDV   56   20  0.1841E-11  0.1840E-11
CALSDV   57   20  0.1795E-11  0.1795E-11
CALSDV   58   20  0.1876E-11  0.1876E-11
CALSDV   59   20  0.1892E-11  0.1892E-11
CALSDV   60   20  0.1959E-11  0.1958E-11
CALSDV   21   21  0.3426E-11  0.3408E-11
CALSDV   22   21  0.3959E-11  0.3957E-11
CALSDV   23   21  0.3285E-11  0.3290E-11
CALSDV   24   21  0.2199E-11  0.2198E-11
CALSDV   25   21  0.2837E-11  0.2836E-11
CALSDV   26   21  0.2402E-11  0.2395E-11
CALSDV   27   21  0.2220E-11  0.2221E-11
CALSDV   28   21  0.2503E-11  0.2494E-11
CALSDV   29   21  0.1841E-11  0.1843E-11
CALSDV   30   21  0.2393E-11  0.2384E-11
CALSDV   31   21  0.1677E-11  0.1679E-11
CALSDV   32   21  0.2206E-11  0.2195E-11
CALSDV   33   21  0.1623E-11  0.1627E-11
CALSDV   34   21  0.2021E-11  0.2010E-11
CALSDV   35   21  0.1611E-11  0.1617E-11
CALSDV   36   21  0.1875E-11  0.1864E-11
CALSDV   37   21  0.1611E-11  0.1616E-11
CALSDV   38   21  0.1777E-11  0.1767E-11
CALSDV   39   21  0.1614E-11  0.1619E-11
CALSDV   40   21  0.1722E-11  0.1712E-11
CALSDV   41   21  0.1619E-11  0.1624E-11
CALSDV   42   21  0.1699E-11  0.1691E-11
CALSDV   43   21  0.1629E-11  0.1634E-11
CALSDV   44   21  0.1699E-11  0.1692E-11
CALSDV   45   21  0.1643E-11  0.1648E-11
CALSDV   46   21  0.1713E-11  0.1708E-11
CALSDV   47   21  0.1661E-11  0.1666E-11
CALSDV   48   21  0.1735E-11  0.1733E-11
CALSDV   49   21  0.1684E-11  0.1689E-11
CALSDV   50   21  0.1762E-11  0.1761E-11
CALSDV   51   21  0.1711E-11  0.1716E-11
CALSDV   52   21  0.1791E-11  0.1792E-11
CALSDV   53   21  0.1741E-11  0.1746E-11
CALSDV   54   21  0.1823E-11  0.1824E-11
CALSDV   55   21  0.1775E-11  0.1780E-11
CALSDV   56   21  0.1856E-11  0.1858E-11
CALSDV   57   21  0.1817E-11  0.1821E-11
CALSDV   58   21  0.1897E-11  0.1901E-11
CALSDV   59   21  0.1908E-11  0.1912E-11
CALSDV   60   21  0.1981E-11  0.1982E-11
CALSDV   22   22  0.3382E-11  0.3421E-11
CALSDV   23   22  0.4034E-11  0.4022E-11
CALSDV   24   22  0.3639E-11  0.3643E-11
CALSDV   25   22  0.2163E-11  0.2164E-11
CALSDV   26   22  0.3179E-11  0.3191E-11
CALSDV   27   22  0.2206E-11  0.2200E-11
CALSDV   28   22  0.2401E-11  0.2411E-11
CALSDV   29   22  0.2205E-11  0.2204E-11
CALSDV   30   22  0.1868E-11  0.1872E-11
CALSDV   31   22  0.2033E-11  0.2033E-11
CALSDV   32   22  0.1639E-11  0.1638E-11
CALSDV   33   22  0.1821E-11  0.1822E-11
CALSDV   34   22  0.1607E-11  0.1605E-11
CALSDV   35   22  0.1653E-11  0.1653E-11
CALSDV   36   22  0.1653E-11  0.1652E-11
CALSDV   37   22  0.1559E-11  0.1558E-11
CALSDV   38   22  0.1713E-11  0.1712E-11
CALSDV   39   22  0.1532E-11  0.1530E-11
CALSDV   40   22  0.1764E-11  0.1764E-11
CALSDV   41   22  0.1552E-11  0.1551E-11
CALSDV   42   22  0.1804E-11  0.1804E-11
CALSDV   43   22  0.1597E-11  0.1596E-11
CALSDV   44   22  0.1835E-11  0.1834E-11
CALSDV   45   22  0.1652E-11  0.1651E-11
CALSDV   46   22  0.1857E-11  0.1857E-11
CALSDV   47   22  0.1707E-11  0.1705E-11
CALSDV   48   22  0.1876E-11  0.1875E-11
CALSDV   49   22  0.1757E-11  0.1755E-11
CALSDV   50   22  0.1891E-11  0.1891E-11
CALSDV   51   22  0.1800E-11  0.1798E-11
CALSDV   52   22  0.1906E-11  0.1905E-11
CALSDV   53   22  0.1835E-11  0.1833E-11
CALSDV   54   22  0.1921E-11  0.1920E-11
CALSDV   55   22  0.1865E-11  0.1863E-11
CALSDV   56   22  0.1938E-11  0.1937E-11
CALSDV   57   22  0.1895E-11  0.1893E-11
CALSDV   58   22  0.1962E-11  0.1961E-11
CALSDV   59   22  0.1975E-11  0.1973E-11
CALSDV   60   22  0.2033E-11  0.2028E-11
CALSDV   23   23  0.3271E-11  0.3328E-11
CALSDV   24   23  0.3974E-11  0.3986E-11
CALSDV   25   23  0.3294E-11  0.3297E-11
CALSDV   26   23  0.2066E-11  0.2069E-11
CALSDV   27   23  0.2818E-11  0.2820E-11
CALSDV   28   23  0.2317E-11  0.2323E-11
CALSDV   29   23  0.2208E-11  0.2204E-11
CALSDV   30   23  0.2451E-11  0.2459E-11
CALSDV   31   23  0.1878E-11  0.1870E-11
CALSDV   32   23  0.2339E-11  0.2353E-11
CALSDV   33   23  0.1768E-11  0.1761E-11
CALSDV   34   23  0.2140E-11  0.2158E-11
CALSDV   35   23  0.1753E-11  0.1749E-11
CALSDV   36   23  0.1952E-11  0.1972E-11
CALSDV   37   23  0.1761E-11  0.1759E-11
CALSDV   38   23  0.1817E-11  0.1836E-11
CALSDV   39   23  0.1766E-11  0.1767E-11
CALSDV   40   23  0.1741E-11  0.1761E-11
CALSDV   41   23  0.1769E-11  0.1772E-11
CALSDV   42   23  0.1716E-11  0.1735E-11
CALSDV   43   23  0.1773E-11  0.1778E-11
CALSDV   44   23  0.1727E-11  0.1744E-11
CALSDV   45   23  0.1781E-11  0.1787E-11
CALSDV   46   23  0.1759E-11  0.1772E-11
CALSDV   47   23  0.1795E-11  0.1800E-11
CALSDV   48   23  0.1800E-11  0.1810E-11
CALSDV   49   23  0.1814E-11  0.1818E-11
CALSDV   50   23  0.1843E-11  0.1851E-11
CALSDV   51   23  0.1838E-11  0.1839E-11
CALSDV   52   23  0.1885E-11  0.1890E-11
CALSDV   53   23  0.1862E-11  0.1863E-11
CALSDV   54   23  0.1923E-11  0.1926E-11
CALSDV   55   23  0.1888E-11  0.1887E-11
CALSDV   56   23  0.1956E-11  0.1956E-11
CALSDV   57   23  0.1917E-11  0.1914E-11
CALSDV   58   23  0.1991E-11  0.1988E-11
CALSDV   59   23  0.1992E-11  0.1990E-11
CALSDV   60   23  0.2056E-11  0.2059E-11
CALSDV   24   24  0.3206E-11  0.3225E-11
CALSDV   25   24  0.4034E-11  0.4038E-11
CALSDV   26   24  0.3648E-11  0.3653E-11
CALSDV   27   24  0.2171E-11  0.2171E-11
CALSDV   28   24  0.3194E-11  0.3192E-11
CALSDV   29   24  0.2326E-11  0.2328E-11
CALSDV   30   24  0.2442E-11  0.2434E-11
CALSDV   31   24  0.2355E-11  0.2354E-11
CALSDV   32   24  0.1948E-11  0.1940E-11
CALSDV   33   24  0.2163E-11  0.2158E-11
CALSDV   34   24  0.1747E-11  0.1742E-11
CALSDV   35   24  0.1919E-11  0.1911E-11
CALSDV   36   24  0.1722E-11  0.1719E-11
CALSDV   37   24  0.1726E-11  0.1718E-11
CALSDV   38   24  0.1762E-11  0.1760E-11
CALSDV   39   24  0.1628E-11  0.1619E-11
CALSDV   40   24  0.1813E-11  0.1811E-11
CALSDV   41   24  0.1615E-11  0.1606E-11
CALSDV   42   24  0.1858E-11  0.1856E-11
CALSDV   43   24  0.1656E-11  0.1649E-11
CALSDV   44   24  0.1896E-11  0.1894E-11
CALSDV   45   24  0.1725E-11  0.1718E-11
CALSDV   46   24  0.1928E-11  0.1926E-11
CALSDV   47   24  0.1798E-11  0.1792E-11
CALSDV   48   24  0.1957E-11  0.1953E-11
CALSDV   49   24  0.1864E-11  0.1859E-11
CALSDV   50   24  0.1981E-11  0.1977E-11
CALSDV   51   24  0.1918E-11  0.1913E-11
CALSDV   52   24  0.2003E-11  0.1998E-11
CALSDV   53   24  0.1959E-11  0.1953E-11
CALSDV   54   24  0.2022E-11  0.2017E-11
CALSDV   55   24  0.1984E-11  0.1979E-11
CALSDV   56   24  0.2037E-11  0.2032E-11
CALSDV   57   24  0.2002E-11  0.1996E-11
CALSDV   58   24  0.2055E-11  0.2049E-11
CALSDV   59   24  0.2063E-11  0.2058E-11
CALSDV   60   24  0.2104E-11  0.2105E-11
CALSDV   25   25  0.3317E-11  0.3285E-11
CALSDV   26   25  0.4122E-11  0.4117E-11
CALSDV   27   25  0.3506E-11  0.3496E-11
CALSDV   28   25  0.2136E-11  0.2130E-11
CALSDV   29   25  0.2948E-11  0.2943E-11
CALSDV   30   25  0.2407E-11  0.2407E-11
CALSDV   31   25  0.2258E-11  0.2253E-11
CALSDV   32   25  0.2556E-11  0.2559E-11
CALSDV   33   25  0.1948E-11  0.1945E-11
CALSDV   34   25  0.2451E-11  0.2459E-11
CALSDV   35   25  0.1929E-11  0.1927E-11
CALSDV   36   25  0.2264E-11  0.2274E-11
CALSDV   37   25  0.2005E-11  0.2005E-11
CALSDV   38   25  0.2097E-11  0.2108E-11
CALSDV   39   25  0.2077E-11  0.2077E-11
CALSDV   40   25  0.1991E-11  0.2002E-11
CALSDV   41   25  0.2119E-11  0.2121E-11
CALSDV   42   25  0.1946E-11  0.1959E-11
CALSDV   43   25  0.2135E-11  0.2138E-11
CALSDV   44   25  0.1946E-11  0.1958E-11
CALSDV   45   25  0.2136E-11  0.2140E-11
CALSDV   46   25  0.1972E-11  0.1984E-11
CALSDV   47   25  0.2127E-11  0.2133E-11
CALSDV   48   25  0.2009E-11  0.2020E-11
CALSDV   49   25  0.2117E-11  0.2122E-11
CALSDV   50   25  0.2047E-11  0.2056E-11
CALSDV   51   25  0.2104E-11  0.2111E-11
CALSDV   52   25  0.2078E-11  0.2086E-11
CALSDV   53   25  0.2092E-11  0.2097E-11
CALSDV   54   25  0.2100E-11  0.2107E-11
CALSDV   55   25  0.2078E-11  0.2082E-11
CALSDV   56   25  0.2112E-11  0.2117E-11
CALSDV   57   25  0.2064E-11  0.2069E-11
CALSDV   58   25  0.2119E-11  0.2123E-11
CALSDV   59   25  0.2104E-11  0.2106E-11
CALSDV   60   25  0.2161E-11  0.2161E-11
CALSDV   26   26  0.3326E-11  0.3359E-11
CALSDV   27   26  0.4183E-11  0.4179E-11
CALSDV   28   26  0.3730E-11  0.3731E-11
CALSDV   29   26  0.2335E-11  0.2327E-11
CALSDV   30   26  0.3231E-11  0.3231E-11
CALSDV   31   26  0.2554E-11  0.2544E-11
CALSDV   32   26  0.2501E-11  0.2501E-11
CALSDV   33   26  0.2582E-11  0.2573E-11
CALSDV   34   26  0.2062E-11  0.2064E-11
CALSDV   35   26  0.2361E-11  0.2352E-11
CALSDV   36   26  0.1903E-11  0.1904E-11
CALSDV   37   26  0.2082E-11  0.2073E-11
CALSDV   38   26  0.1885E-11  0.1885E-11
CALSDV   39   26  0.1868E-11  0.1857E-11
CALSDV   40   26  0.1912E-11  0.1910E-11
CALSDV   41   26  0.1764E-11  0.1753E-11
CALSDV   42   26  0.1947E-11  0.1943E-11
CALSDV   43   26  0.1761E-11  0.1749E-11
CALSDV   44   26  0.1979E-11  0.1974E-11
CALSDV   45   26  0.1816E-11  0.1806E-11
CALSDV   46   26  0.2010E-11  0.2005E-11
CALSDV   47   26  0.1897E-11  0.1888E-11
CALSDV   48   26  0.2041E-11  0.2037E-11
CALSDV   49   26  0.1976E-11  0.1969E-11
CALSDV   50   26  0.2071E-11  0.2068E-11
CALSDV   51   26  0.2041E-11  0.2036E-11
CALSDV   52   26  0.2098E-11  0.2097E-11
CALSDV   53   26  0.2086E-11  0.2083E-11
CALSDV   54   26  0.2121E-11  0.2120E-11
CALSDV   55   26  0.2108E-11  0.2107E-11
CALSDV   56   26  0.2137E-11  0.2136E-11
CALSDV   57   26  0.2112E-11  0.2110E-11
CALSDV   58   26  0.2147E-11  0.2145E-11
CALSDV   59   26  0.2150E-11  0.2149E-11
CALSDV   60   26  0.2184E-11  0.2182E-11
CALSDV   27   27  0.3281E-11  0.3250E-11
CALSDV   28   27  0.4299E-11  0.4305E-11
CALSDV   29   27  0.3876E-11  0.3900E-11
CALSDV   30   27  0.2284E-11  0.2286E-11
CALSDV   31   27  0.3243E-11  0.3260E-11
CALSDV   32   27  0.2541E-11  0.2543E-11
CALSDV   33   27  0.2402E-11  0.2407E-11
CALSDV   34   27  0.2652E-11  0.2655E-11
CALSDV   35   27  0.2032E-11  0.2033E-11
CALSDV   36   27  0.2511E-11  0.2513E-11
CALSDV   37   27  0.2070E-11  0.2076E-11
CALSDV   38   27  0.2301E-11  0.2305E-11
CALSDV   39   27  0.2236E-11  0.2248E-11
CALSDV   40   27  0.2137E-11  0.2141E-11
CALSDV   41   27  0.2382E-11  0.2398E-11
CALSDV   42   27  0.2055E-11  0.2063E-11
CALSDV   43   27  0.2472E-11  0.2490E-11
CALSDV   44   27  0.2050E-11  0.2058E-11
CALSDV   45   27  0.2511E-11  0.2529E-11
CALSDV   46   27  0.2085E-11  0.2096E-11
CALSDV   47   27  0.2511E-11  0.2529E-11
CALSDV   48   27  0.2139E-11  0.2150E-11
CALSDV   49   27  0.2485E-11  0.2502E-11
CALSDV   50   27  0.2192E-11  0.2202E-11
CALSDV   51   27  0.2442E-11  0.2456E-11
CALSDV   52   27  0.2232E-11  0.2243E-11
CALSDV   53   27  0.2387E-11  0.2399E-11
CALSDV   54   27  0.2255E-11  0.2265E-11
CALSDV   55   27  0.2321E-11  0.2332E-11
CALSDV   56   27  0.2258E-11  0.2268E-11
CALSDV   57   27  0.2252E-11  0.2262E-11
CALSDV   58   27  0.2245E-11  0.2254E-11
CALSDV   59   27  0.2236E-11  0.2243E-11
CALSDV   60   27  0.2257E-11  0.2264E-11
CALSDV   28   28  0.3428E-11  0.3434E-11
CALSDV   29   28  0.4279E-11  0.4290E-11
CALSDV   30   28  0.3832E-11  0.3835E-11
CALSDV   31   28  0.2401E-11  0.2408E-11
CALSDV   32   28  0.3275E-11  0.3286E-11
CALSDV   33   28  0.2697E-11  0.2705E-11
CALSDV   34   28  0.2566E-11  0.2574E-11
CALSDV   35   28  0.2741E-11  0.2752E-11
CALSDV   36   28  0.2194E-11  0.2196E-11
CALSDV   37   28  0.2504E-11  0.2517E-11
CALSDV   38   28  0.2084E-11  0.2082E-11
CALSDV   39   28  0.2205E-11  0.2219E-11
CALSDV   40   28  0.2076E-11  0.2074E-11
CALSDV   41   28  0.1985E-11  0.1997E-11
CALSDV   42   28  0.2092E-11  0.2091E-11
CALSDV   43   28  0.1893E-11  0.1903E-11
CALSDV   44   28  0.2109E-11  0.2108E-11
CALSDV   45   28  0.1910E-11  0.1919E-11
CALSDV   46   28  0.2128E-11  0.2127E-11
CALSDV   47   28  0.1984E-11  0.1993E-11
CALSDV   48   28  0.2150E-11  0.2151E-11
CALSDV   49   28  0.2076E-11  0.2083E-11
CALSDV   50   28  0.2178E-11  0.2178E-11
CALSDV   51   28  0.2156E-11  0.2163E-11
CALSDV   52   28  0.2207E-11  0.2208E-11
CALSDV   53   28  0.2212E-11  0.2218E-11
CALSDV   54   28  0.2232E-11  0.2234E-11
CALSDV   55   28  0.2235E-11  0.2241E-11
CALSDV   56   28  0.2247E-11  0.2249E-11
CALSDV   57   28  0.2228E-11  0.2233E-11
CALSDV   58   28  0.2248E-11  0.2252E-11
CALSDV   59   28  0.2242E-11  0.2246E-11
CALSDV   60   28  0.2266E-11  0.2269E-11
CALSDV   29   29  0.3182E-11  0.3181E-11
CALSDV   30   29  0.4547E-11  0.4518E-11
CALSDV   31   29  0.4090E-11  0.4065E-11
CALSDV   32   29  0.2574E-11  0.2547E-11
CALSDV   33   29  0.3438E-11  0.3425E-11
CALSDV   34   29  0.2791E-11  0.2783E-11
CALSDV   35   29  0.2549E-11  0.2543E-11
CALSDV   36   29  0.2833E-11  0.2841E-11
CALSDV   37   29  0.2142E-11  0.2140E-11
CALSDV   38   29  0.2632E-11  0.2645E-11
CALSDV   39   29  0.2160E-11  0.2161E-11
CALSDV   40   29  0.2391E-11  0.2403E-11
CALSDV   41   29  0.2317E-11  0.2320E-11
CALSDV   42   29  0.2232E-11  0.2239E-11
CALSDV   43   29  0.2458E-11  0.2463E-11
CALSDV   44   29  0.2183E-11  0.2186E-11
CALSDV   45   29  0.2548E-11  0.2554E-11
CALSDV   46   29  0.2216E-11  0.2220E-11
CALSDV   47   29  0.2588E-11  0.2594E-11
CALSDV   48   29  0.2285E-11  0.2290E-11
CALSDV   49   29  0.2589E-11  0.2595E-11
CALSDV   50   29  0.2356E-11  0.2363E-11
CALSDV   51   29  0.2562E-11  0.2569E-11
CALSDV   52   29  0.2410E-11  0.2416E-11
CALSDV   53   29  0.2515E-11  0.2522E-11
CALSDV   54   29  0.2436E-11  0.2445E-11
CALSDV   55   29  0.2450E-11  0.2457E-11
CALSDV   56   29  0.2430E-11  0.2438E-11
CALSDV   57   29  0.2369E-11  0.2376E-11
CALSDV   58   29  0.2393E-11  0.2402E-11
CALSDV   59   29  0.2328E-11  0.2329E-11
CALSDV   60   29  0.2371E-11  0.2374E-11
CALSDV   30   30  0.4159E-11  0.4139E-11
CALSDV   31   30  0.4437E-11  0.4459E-11
CALSDV   32   30  0.4100E-11  0.4136E-11
CALSDV   33   30  0.2522E-11  0.2535E-11
CALSDV   34   30  0.3406E-11  0.3413E-11
CALSDV   35   30  0.2866E-11  0.2877E-11
CALSDV   36   30  0.2710E-11  0.2704E-11
CALSDV   37   30  0.2933E-11  0.2929E-11
CALSDV   38   30  0.2445E-11  0.2447E-11
CALSDV   39   30  0.2699E-11  0.2683E-11
CALSDV   40   30  0.2436E-11  0.2445E-11
CALSDV   41   30  0.2403E-11  0.2382E-11
CALSDV   42   30  0.2481E-11  0.2492E-11
CALSDV   43   30  0.2195E-11  0.2175E-11
CALSDV   44   30  0.2506E-11  0.2517E-11
CALSDV   45   30  0.2122E-11  0.2104E-11
CALSDV   46   30  0.2508E-11  0.2517E-11
CALSDV   47   30  0.2155E-11  0.2139E-11
CALSDV   48   30  0.2498E-11  0.2505E-11
CALSDV   49   30  0.2235E-11  0.2220E-11
CALSDV   50   30  0.2485E-11  0.2489E-11
CALSDV   51   30  0.2316E-11  0.2303E-11
CALSDV   52   30  0.2475E-11  0.2476E-11
CALSDV   53   30  0.2374E-11  0.2361E-11
CALSDV   54   30  0.2462E-11  0.2461E-11
CALSDV   55   30  0.2394E-11  0.2382E-11
CALSDV   56   30  0.2443E-11  0.2439E-11
CALSDV   57   30  0.2371E-11  0.2360E-11
CALSDV   58   30  0.2408E-11  0.2402E-11
CALSDV   59   30  0.2348E-11  0.2346E-11
CALSDV   60   30  0.2380E-11  0.2381E-11
CALSDV   31   31  0.3655E-11  0.3692E-11
CALSDV   32   31  0.5016E-11  0.5005E-11
CALSDV   33   31  0.4220E-11  0.4206E-11
CALSDV   34   31  0.3195E-11  0.3188E-11
CALSDV   35   31  0.3749E-11  0.3721E-11
CALSDV   36   31  0.3293E-11  0.3289E-11
CALSDV   37   31  0.2949E-11  0.2929E-11
CALSDV   38   31  0.3198E-11  0.3197E-11
CALSDV   39   31  0.2493E-11  0.2473E-11
CALSDV   40   31  0.2888E-11  0.2891E-11
CALSDV   41   31  0.2366E-11  0.2338E-11
CALSDV   42   31  0.2585E-11  0.2590E-11
CALSDV   43   31  0.2389E-11  0.2351E-11
CALSDV   44   31  0.2413E-11  0.2420E-11
CALSDV   45   31  0.2445E-11  0.2401E-11
CALSDV   46   31  0.2388E-11  0.2392E-11
CALSDV   47   31  0.2494E-11  0.2448E-11
CALSDV   48   31  0.2460E-11  0.2456E-11
CALSDV   49   31  0.2529E-11  0.2482E-11
CALSDV   50   31  0.2555E-11  0.2544E-11
CALSDV   51   31  0.2545E-11  0.2500E-11
CALSDV   52   31  0.2630E-11  0.2617E-11
CALSDV   53   31  0.2541E-11  0.2501E-11
CALSDV   54   31  0.2665E-11  0.2650E-11
CALSDV   55   31  0.2512E-11  0.2479E-11
CALSDV   56   31  0.2649E-11  0.2634E-11
CALSDV   57   31  0.2454E-11  0.2426E-11
CALSDV   58   31  0.2586E-11  0.2568E-11
CALSDV   59   31  0.2403E-11  0.2385E-11
CALSDV   60   31  0.2511E-11  0.2499E-11
CALSDV   32   32  0.3451E-11  0.3457E-11
CALSDV   33   32  0.4637E-11  0.4602E-11
CALSDV   34   32  0.4166E-11  0.4137E-11
CALSDV   35   32  0.2695E-11  0.2677E-11
CALSDV   36   32  0.3458E-11  0.3442E-11
CALSDV   37   32  0.3063E-11  0.3048E-11
CALSDV   38   32  0.2725E-11  0.2717E-11
CALSDV   39   32  0.3085E-11  0.3078E-11
CALSDV   40   32  0.2470E-11  0.2461E-11
CALSDV   41   32  0.2799E-11  0.2798E-11
CALSDV   42   32  0.2479E-11  0.2475E-11
CALSDV   43   32  0.2479E-11  0.2478E-11
CALSDV   44   32  0.2532E-11  0.2533E-11
CALSDV   45   32  0.2284E-11  0.2282E-11
CALSDV   46   32  0.2562E-11  0.2567E-11
CALSDV   47   32  0.2242E-11  0.2241E-11
CALSDV   48   32  0.2570E-11  0.2576E-11
CALSDV   49   32  0.2308E-11  0.2308E-11
CALSDV   50   32  0.2571E-11  0.2577E-11
CALSDV   51   32  0.2406E-11  0.2409E-11
CALSDV   52   32  0.2572E-11  0.2579E-11
CALSDV   53   32  0.2486E-11  0.2488E-11
CALSDV   54   32  0.2571E-11  0.2576E-11
CALSDV   55   32  0.2519E-11  0.2522E-11
CALSDV   56   32  0.2556E-11  0.2562E-11
CALSDV   57   32  0.2493E-11  0.2497E-11
CALSDV   58   32  0.2517E-11  0.2523E-11
CALSDV   59   32  0.2450E-11  0.2449E-11
CALSDV   60   32  0.2475E-11  0.2474E-11
CALSDV   33   33  0.3459E-11  0.3419E-11
CALSDV   34   33  0.4655E-11  0.4651E-11
CALSDV   35   33  0.4421E-11  0.4414E-11
CALSDV   36   33  0.2681E-11  0.2688E-11
CALSDV   37   33  0.3694E-11  0.3692E-11
CALSDV   38   33  0.3075E-11  0.3077E-11
CALSDV   39   33  0.2755E-11  0.2755E-11
CALSDV   40   33  0.3089E-11  0.3087E-11
CALSDV   41   33  0.2380E-11  0.2382E-11
CALSDV   42   33  0.2795E-11  0.2792E-11
CALSDV   43   33  0.2452E-11  0.2450E-11
CALSDV   44   33  0.2490E-11  0.2486E-11
CALSDV   45   33  0.2639E-11  0.2634E-11
CALSDV   46   33  0.2338E-11  0.2331E-11
CALSDV   47   33  0.2788E-11  0.2781E-11
CALSDV   48   33  0.2352E-11  0.2342E-11
CALSDV   49   33  0.2870E-11  0.2863E-11
CALSDV   50   33  0.2461E-11  0.2452E-11
CALSDV   51   33  0.2892E-11  0.2885E-11
CALSDV   52   33  0.2586E-11  0.2577E-11
CALSDV   53   33  0.2863E-11  0.2857E-11
CALSDV   54   33  0.2675E-11  0.2667E-11
CALSDV   55   33  0.2789E-11  0.2784E-11
CALSDV   56   33  0.2702E-11  0.2698E-11
CALSDV   57   33  0.2670E-11  0.2668E-11
CALSDV   58   33  0.2662E-11  0.2658E-11
CALSDV   59   33  0.2550E-11  0.2548E-11
CALSDV   60   33  0.2582E-11  0.2580E-11
CALSDV   34   34  0.3085E-11  0.3102E-11
CALSDV   35   34  0.4582E-11  0.4565E-11
CALSDV   36   34  0.4233E-11  0.4247E-11
CALSDV   37   34  0.2706E-11  0.2685E-11
CALSDV   38   34  0.3510E-11  0.3512E-11
CALSDV   39   34  0.3213E-11  0.3195E-11
CALSDV   40   34  0.2771E-11  0.2763E-11
CALSDV   41   34  0.3248E-11  0.3227E-11
CALSDV   42   34  0.2513E-11  0.2514E-11
CALSDV   43   34  0.2948E-11  0.2921E-11
CALSDV   44   34  0.2505E-11  0.2524E-11
CALSDV   45   34  0.2622E-11  0.2603E-11
CALSDV   46   34  0.2540E-11  0.2568E-11
CALSDV   47   34  0.2446E-11  0.2435E-11
CALSDV   48   34  0.2559E-11  0.2590E-11
CALSDV   49   34  0.2439E-11  0.2424E-11
CALSDV   50   34  0.2572E-11  0.2600E-11
CALSDV   51   34  0.2526E-11  0.2507E-11
CALSDV   52   34  0.2593E-11  0.2614E-11
CALSDV   53   34  0.2618E-11  0.2605E-11
CALSDV   54   34  0.2618E-11  0.2636E-11
CALSDV   55   34  0.2662E-11  0.2658E-11
CALSDV   56   34  0.2630E-11  0.2646E-11
CALSDV   57   34  0.2635E-11  0.2633E-11
CALSDV   58   34  0.2611E-11  0.2620E-11
CALSDV   59   34  0.2561E-11  0.2560E-11
CALSDV   60   34  0.2559E-11  0.2562E-11
CALSDV   35   35  0.3380E-11  0.3415E-11
CALSDV   36   35  0.4712E-11  0.4722E-11
CALSDV   37   35  0.4623E-11  0.4630E-11
CALSDV   38   35  0.2764E-11  0.2777E-11
CALSDV   39   35  0.3841E-11  0.3843E-11
CALSDV   40   35  0.3232E-11  0.3243E-11
CALSDV   41   35  0.2872E-11  0.2877E-11
CALSDV   42   35  0.3228E-11  0.3231E-11
CALSDV   43   35  0.2512E-11  0.2512E-11
CALSDV   44   35  0.2907E-11  0.2903E-11
CALSDV   45   35  0.2594E-11  0.2592E-11
CALSDV   46   35  0.2606E-11  0.2595E-11
CALSDV   47   35  0.2779E-11  0.2771E-11
CALSDV   48   35  0.2488E-11  0.2480E-11
CALSDV   49   35  0.2919E-11  0.2907E-11
CALSDV   50   35  0.2546E-11  0.2539E-11
CALSDV   51   35  0.2988E-11  0.2973E-11
CALSDV   52   35  0.2680E-11  0.2675E-11
CALSDV   53   35  0.2990E-11  0.2977E-11
CALSDV   54   35  0.2799E-11  0.2798E-11
CALSDV   55   35  0.2932E-11  0.2923E-11
CALSDV   56   35  0.2852E-11  0.2851E-11
CALSDV   57   35  0.2812E-11  0.2805E-11
CALSDV   58   35  0.2812E-11  0.2812E-11
CALSDV   59   35  0.2660E-11  0.2657E-11
CALSDV   60   35  0.2700E-11  0.2702E-11
CALSDV   36   36  0.3152E-11  0.3163E-11
CALSDV   37   36  0.4659E-11  0.4656E-11
CALSDV   38   36  0.4431E-11  0.4444E-11
CALSDV   39   36  0.2797E-11  0.2803E-11
CALSDV   40   36  0.3624E-11  0.3642E-11
CALSDV   41   36  0.3386E-11  0.3386E-11
CALSDV   42   36  0.2863E-11  0.2872E-11
CALSDV   43   36  0.3428E-11  0.3421E-11
CALSDV   44   36  0.2646E-11  0.2651E-11
CALSDV   45   36  0.3135E-11  0.3128E-11
CALSDV   46   36  0.2681E-11  0.2681E-11
CALSDV   47   36  0.2849E-11  0.2846E-11
CALSDV   48   36  0.2732E-11  0.2736E-11
CALSDV   49   36  0.2727E-11  0.2726E-11
CALSDV   50   36  0.2757E-11  0.2763E-11
CALSDV   51   36  0.2746E-11  0.2747E-11
CALSDV   52   36  0.2769E-11  0.2777E-11
CALSDV   53   36  0.2818E-11  0.2821E-11
CALSDV   54   36  0.2784E-11  0.2792E-11
CALSDV   55   36  0.2859E-11  0.2861E-11
CALSDV   56   36  0.2789E-11  0.2799E-11
CALSDV   57   36  0.2816E-11  0.2819E-11
CALSDV   58   36  0.2757E-11  0.2765E-11
CALSDV   59   36  0.2697E-11  0.2698E-11
CALSDV   60   36  0.2672E-11  0.2677E-11
CALSDV   37   37  0.3162E-11  0.3134E-11
CALSDV   38   37  0.4816E-11  0.4818E-11
CALSDV   39   37  0.4861E-11  0.4846E-11
CALSDV   40   37  0.2905E-11  0.2911E-11
CALSDV   41   37  0.3994E-11  0.3995E-11
CALSDV   42   37  0.3418E-11  0.3421E-11
CALSDV   43   37  0.2995E-11  0.2997E-11
CALSDV   44   37  0.3363E-11  0.3363E-11
CALSDV   45   37  0.2642E-11  0.2641E-11
CALSDV   46   37  0.2993E-11  0.2986E-11
CALSDV   47   37  0.2718E-11  0.2714E-11
CALSDV   48   37  0.2690E-11  0.2677E-11
CALSDV   49   37  0.2884E-11  0.2876E-11
CALSDV   50   37  0.2617E-11  0.2603E-11
CALSDV   51   37  0.3001E-11  0.2992E-11
CALSDV   52   37  0.2720E-11  0.2709E-11
CALSDV   53   37  0.3048E-11  0.3039E-11
CALSDV   54   37  0.2869E-11  0.2862E-11
CALSDV   55   37  0.3025E-11  0.3019E-11
CALSDV   56   37  0.2964E-11  0.2958E-11
CALSDV   57   37  0.2925E-11  0.2921E-11
CALSDV   58   37  0.2948E-11  0.2945E-11
CALSDV   59   37  0.2760E-11  0.2759E-11
CALSDV   60   37  0.2818E-11  0.2817E-11
CALSDV   38   38  0.3179E-11  0.3185E-11
CALSDV   39   38  0.4767E-11  0.4759E-11
CALSDV   40   38  0.4646E-11  0.4627E-11
CALSDV   41   38  0.2932E-11  0.2925E-11
CALSDV   42   38  0.3757E-11  0.3757E-11
CALSDV   43   38  0.3554E-11  0.3552E-11
CALSDV   44   38  0.2976E-11  0.2980E-11
CALSDV   45   38  0.3574E-11  0.3568E-11
CALSDV   46   38  0.2782E-11  0.2784E-11
CALSDV   47   38  0.3288E-11  0.3276E-11
CALSDV   48   38  0.2824E-11  0.2826E-11
CALSDV   49   38  0.3057E-11  0.3035E-11
CALSDV   50   38  0.2877E-11  0.2876E-11
CALSDV   51   38  0.2992E-11  0.2971E-11
CALSDV   52   38  0.2902E-11  0.2900E-11
CALSDV   53   38  0.3034E-11  0.3014E-11
CALSDV   54   38  0.2916E-11  0.2917E-11
CALSDV   55   38  0.3068E-11  0.3051E-11
CALSDV   56   38  0.2923E-11  0.2923E-11
CALSDV   57   38  0.3012E-11  0.3002E-11
CALSDV   58   38  0.2891E-11  0.2892E-11
CALSDV   59   38  0.2847E-11  0.2843E-11
CALSDV   60   38  0.2787E-11  0.2786E-11
CALSDV   39   39  0.3085E-11  0.3069E-11
CALSDV   40   39  0.4907E-11  0.4918E-11
CALSDV   41   39  0.5088E-11  0.5094E-11
CALSDV   42   39  0.3078E-11  0.3080E-11
CALSDV   43   39  0.4137E-11  0.4141E-11
CALSDV   44   39  0.3614E-11  0.3608E-11
CALSDV   45   39  0.3100E-11  0.3104E-11
CALSDV   46   39  0.3487E-11  0.3475E-11
CALSDV   47   39  0.2770E-11  0.2774E-11
CALSDV   48   39  0.3060E-11  0.3048E-11
CALSDV   49   39  0.2868E-11  0.2873E-11
CALSDV   50   39  0.2768E-11  0.2759E-11
CALSDV   51   39  0.3035E-11  0.3038E-11
CALSDV   52   39  0.2756E-11  0.2751E-11
CALSDV   53   39  0.3138E-11  0.3141E-11
CALSDV   54   39  0.2906E-11  0.2904E-11
CALSDV   55   39  0.3153E-11  0.3156E-11
CALSDV   56   39  0.3047E-11  0.3048E-11
CALSDV   57   39  0.3067E-11  0.3070E-11
CALSDV   58   39  0.3069E-11  0.3074E-11
CALSDV   59   39  0.2881E-11  0.2884E-11
CALSDV   60   39  0.2938E-11  0.2938E-11
CALSDV   40   40  0.3314E-11  0.3327E-11
CALSDV   41   40  0.4938E-11  0.4932E-11
CALSDV   42   40  0.5023E-11  0.5006E-11
CALSDV   43   40  0.3134E-11  0.3135E-11
CALSDV   44   40  0.4001E-11  0.4001E-11
CALSDV   45   40  0.3769E-11  0.3767E-11
CALSDV   46   40  0.3117E-11  0.3124E-11
CALSDV   47   40  0.3773E-11  0.3775E-11
CALSDV   48   40  0.2983E-11  0.2978E-11
CALSDV   49   40  0.3518E-11  0.3523E-11
CALSDV   50   40  0.3141E-11  0.3126E-11
CALSDV   51   40  0.3350E-11  0.3353E-11
CALSDV   52   40  0.3280E-11  0.3254E-11
CALSDV   53   40  0.3327E-11  0.3324E-11
CALSDV   54   40  0.3330E-11  0.3304E-11
CALSDV   55   40  0.3334E-11  0.3329E-11
CALSDV   56   40  0.3305E-11  0.3283E-11
CALSDV   57   40  0.3252E-11  0.3245E-11
CALSDV   58   40  0.3198E-11  0.3182E-11
CALSDV   59   40  0.3025E-11  0.3020E-11
CALSDV   60   40  0.2989E-11  0.2981E-11
CALSDV   41   41  0.3317E-11  0.3329E-11
CALSDV   42   41  0.5060E-11  0.5063E-11
CALSDV   43   41  0.5354E-11  0.5375E-11
CALSDV   44   41  0.3365E-11  0.3370E-11
CALSDV   45   41  0.4282E-11  0.4286E-11
CALSDV   46   41  0.3896E-11  0.3900E-11
CALSDV   47   41  0.3224E-11  0.3223E-11
CALSDV   48   41  0.3689E-11  0.3687E-11
CALSDV   49   41  0.2967E-11  0.2973E-11
CALSDV   50   41  0.3216E-11  0.3223E-11
CALSDV   51   41  0.3123E-11  0.3126E-11
CALSDV   52   41  0.2960E-11  0.2954E-11
CALSDV   53   41  0.3291E-11  0.3292E-11
CALSDV   54   41  0.2999E-11  0.2991E-11
CALSDV   55   41  0.3351E-11  0.3350E-11
CALSDV   56   41  0.3146E-11  0.3140E-11
CALSDV   57   41  0.3269E-11  0.3270E-11
CALSDV   58   41  0.3203E-11  0.3203E-11
CALSDV   59   41  0.3040E-11  0.3042E-11
CALSDV   60   41  0.3065E-11  0.3068E-11
CALSDV   42   42  0.3522E-11  0.3525E-11
CALSDV   43   42  0.5186E-11  0.5182E-11
CALSDV   44   42  0.5610E-11  0.5593E-11
CALSDV   45   42  0.3430E-11  0.3434E-11
CALSDV   46   42  0.4373E-11  0.4359E-11
CALSDV   47   42  0.4001E-11  0.4000E-11
CALSDV   48   42  0.3290E-11  0.3286E-11
CALSDV   49   42  0.3942E-11  0.3944E-11
CALSDV   50   42  0.3246E-11  0.3242E-11
CALSDV   51   42  0.3687E-11  0.3691E-11
CALSDV   52   42  0.3587E-11  0.3583E-11
CALSDV   53   42  0.3554E-11  0.3556E-11
CALSDV   54   42  0.3824E-11  0.3815E-11
CALSDV   55   42  0.3529E-11  0.3527E-11
CALSDV   56   42  0.3840E-11  0.3840E-11
CALSDV   57   42  0.3444E-11  0.3445E-11
CALSDV   58   42  0.3656E-11  0.3660E-11
CALSDV   59   42  0.3187E-11  0.3187E-11
CALSDV   60   42  0.3289E-11  0.3291E-11
CALSDV   43   43  0.3483E-11  0.3546E-11
CALSDV   44   43  0.5192E-11  0.5212E-11
CALSDV   45   43  0.5659E-11  0.5660E-11
CALSDV   46   43  0.3630E-11  0.3636E-11
CALSDV   47   43  0.4410E-11  0.4408E-11
CALSDV   48   43  0.4129E-11  0.4131E-11
CALSDV   49   43  0.3344E-11  0.3360E-11
CALSDV   50   43  0.3837E-11  0.3838E-11
CALSDV   51   43  0.3210E-11  0.3242E-11
CALSDV   52   43  0.3361E-11  0.3366E-11
CALSDV   53   43  0.3429E-11  0.3462E-11
CALSDV   54   43  0.3166E-11  0.3173E-11
CALSDV   55   43  0.3567E-11  0.3591E-11
CALSDV   56   43  0.3245E-11  0.3251E-11
CALSDV   57   43  0.3510E-11  0.3523E-11
CALSDV   58   43  0.3330E-11  0.3330E-11
CALSDV   59   43  0.3233E-11  0.3237E-11
CALSDV   60   43  0.3202E-11  0.3200E-11
CALSDV   44   44  0.3670E-11  0.3660E-11
CALSDV   45   44  0.5484E-11  0.5461E-11
CALSDV   46   44  0.5965E-11  0.5946E-11
CALSDV   47   44  0.3824E-11  0.3819E-11
CALSDV   48   44  0.4532E-11  0.4547E-11
CALSDV   49   44  0.4312E-11  0.4311E-11
CALSDV   50   44  0.3426E-11  0.3430E-11
CALSDV   51   44  0.4176E-11  0.4178E-11
CALSDV   52   44  0.3504E-11  0.3502E-11
CALSDV   53   44  0.3906E-11  0.3905E-11
CALSDV   54   44  0.3899E-11  0.3903E-11
CALSDV   55   44  0.3760E-11  0.3762E-11
CALSDV   56   44  0.4075E-11  0.4087E-11
CALSDV   57   44  0.3641E-11  0.3649E-11
CALSDV   58   44  0.3941E-11  0.3956E-11
CALSDV   59   44  0.3353E-11  0.3357E-11
CALSDV   60   44  0.3519E-11  0.3524E-11
CALSDV   45   45  0.4179E-11  0.4151E-11
CALSDV   46   45  0.5443E-11  0.5433E-11
CALSDV   47   45  0.6056E-11  0.6049E-11
CALSDV   48   45  0.3942E-11  0.3937E-11
CALSDV   49   45  0.4561E-11  0.4568E-11
CALSDV   50   45  0.4385E-11  0.4393E-11
CALSDV   51   45  0.3639E-11  0.3655E-11
CALSDV   52   45  0.4056E-11  0.4076E-11
CALSDV   53   45  0.3760E-11  0.3790E-11
CALSDV   54   45  0.3642E-11  0.3666E-11
CALSDV   55   45  0.4007E-11  0.4040E-11
CALSDV   56   45  0.3512E-11  0.3535E-11
CALSDV   57   45  0.3954E-11  0.3985E-11
CALSDV   58   45  0.3524E-11  0.3545E-11
CALSDV   59   45  0.3549E-11  0.3566E-11
CALSDV   60   45  0.3365E-11  0.3377E-11
CALSDV   46   46  0.4117E-11  0.4125E-11
CALSDV   47   46  0.6063E-11  0.6069E-11
CALSDV   48   46  0.6259E-11  0.6279E-11
CALSDV   49   46  0.4695E-11  0.4718E-11
CALSDV   50   46  0.4799E-11  0.4811E-11
CALSDV   51   46  0.5097E-11  0.5141E-11
CALSDV   52   46  0.3786E-11  0.3792E-11
CALSDV   53   46  0.4830E-11  0.4875E-11
CALSDV   54   46  0.3882E-11  0.3884E-11
CALSDV   55   46  0.4407E-11  0.4443E-11
CALSDV   56   46  0.4161E-11  0.4165E-11
CALSDV   57   46  0.4044E-11  0.4066E-11
CALSDV   58   46  0.4135E-11  0.4138E-11
CALSDV   59   46  0.3597E-11  0.3610E-11
CALSDV   60   46  0.3711E-11  0.3714E-11
CALSDV   47   47  0.4294E-11  0.4284E-11
CALSDV   48   47  0.5951E-11  0.5968E-11
CALSDV   49   47  0.6290E-11  0.6314E-11
CALSDV   50   47  0.4281E-11  0.4302E-11
CALSDV   51   47  0.4641E-11  0.4633E-11
CALSDV   52   47  0.4627E-11  0.4636E-11
CALSDV   53   47  0.3898E-11  0.3888E-11
CALSDV   54   47  0.4333E-11  0.4332E-11
CALSDV   55   47  0.4157E-11  0.4139E-11
CALSDV   56   47  0.4016E-11  0.4009E-11
CALSDV   57   47  0.4270E-11  0.4245E-11
CALSDV   58   47  0.3866E-11  0.3851E-11
CALSDV   59   47  0.3849E-11  0.3837E-11
CALSDV   60   47  0.3604E-11  0.3595E-11
CALSDV   48   48  0.3841E-11  0.3828E-11
CALSDV   49   48  0.6200E-11  0.6208E-11
CALSDV   50   48  0.6443E-11  0.6480E-11
CALSDV   51   48  0.4404E-11  0.4424E-11
CALSDV   52   48  0.4611E-11  0.4609E-11
CALSDV   53   48  0.4666E-11  0.4673E-11
CALSDV   54   48  0.3738E-11  0.3740E-11
CALSDV   55   48  0.4444E-11  0.4448E-11
CALSDV   56   48  0.4111E-11  0.4108E-11
CALSDV   57   48  0.4150E-11  0.4152E-11
CALSDV   58   48  0.4349E-11  0.4342E-11
CALSDV   59   48  0.3750E-11  0.3753E-11
CALSDV   60   48  0.3982E-11  0.3981E-11
CALSDV   49   49  0.3476E-11  0.3530E-11
CALSDV   50   49  0.5851E-11  0.5828E-11
CALSDV   51   49  0.6354E-11  0.6330E-11
CALSDV   52   49  0.4530E-11  0.4521E-11
CALSDV   53   49  0.4501E-11  0.4485E-11
CALSDV   54   49  0.4823E-11  0.4854E-11
CALSDV   55   49  0.3818E-11  0.3798E-11
CALSDV   56   49  0.4464E-11  0.4492E-11
CALSDV   57   49  0.4105E-11  0.4097E-11
CALSDV   58   49  0.4136E-11  0.4141E-11
CALSDV   59   49  0.3947E-11  0.3941E-11
CALSDV   60   49  0.3797E-11  0.3798E-11
CALSDV   50   50  0.3705E-11  0.3743E-11
CALSDV   51   50  0.6340E-11  0.6363E-11
CALSDV   52   50  0.6657E-11  0.6658E-11
CALSDV   53   50  0.4567E-11  0.4583E-11
CALSDV   54   50  0.4628E-11  0.4627E-11
CALSDV   55   50  0.5038E-11  0.5062E-11
CALSDV   56   50  0.3941E-11  0.3939E-11
CALSDV   57   50  0.4674E-11  0.4693E-11
CALSDV   58   50  0.4342E-11  0.4336E-11
CALSDV   59   50  0.4109E-11  0.4122E-11
CALSDV   60   50  0.4176E-11  0.4177E-11
CALSDV   51   51  0.3380E-11  0.3366E-11
CALSDV   52   51  0.6231E-11  0.6212E-11
CALSDV   53   51  0.6408E-11  0.6396E-11
CALSDV   54   51  0.4858E-11  0.4856E-11
CALSDV   55   51  0.4412E-11  0.4390E-11
CALSDV   56   51  0.5480E-11  0.5494E-11
CALSDV   57   51  0.4223E-11  0.4202E-11
CALSDV   58   51  0.4980E-11  0.5005E-11
CALSDV   59   51  0.4135E-11  0.4121E-11
CALSDV   60   51  0.4296E-11  0.4310E-11
CALSDV   52   52  0.3537E-11  0.3546E-11
CALSDV   53   52  0.6666E-11  0.6666E-11
CALSDV   54   52  0.6665E-11  0.6659E-11
CALSDV   55   52  0.4809E-11  0.4799E-11
CALSDV   56   52  0.4507E-11  0.4486E-11
CALSDV   57   52  0.5360E-11  0.5346E-11
CALSDV   58   52  0.4371E-11  0.4376E-11
CALSDV   59   52  0.4684E-11  0.4677E-11
CALSDV   60   52  0.4333E-11  0.4337E-11
CALSDV   53   53  0.3089E-11  0.3086E-11
CALSDV   54   53  0.6643E-11  0.6670E-11
CALSDV   55   53  0.6364E-11  0.6397E-11
CALSDV   56   53  0.5133E-11  0.5158E-11
CALSDV   57   53  0.4436E-11  0.4459E-11
CALSDV   58   53  0.5790E-11  0.5808E-11
CALSDV   59   53  0.4405E-11  0.4417E-11
CALSDV   60   53  0.4937E-11  0.4960E-11
CALSDV   54   54  0.3166E-11  0.3159E-11
CALSDV   55   54  0.6381E-11  0.6496E-11
CALSDV   56   54  0.6444E-11  0.6610E-11
CALSDV   57   54  0.5090E-11  0.5214E-11
CALSDV   58   54  0.4318E-11  0.4356E-11
CALSDV   59   54  0.5375E-11  0.5435E-11
CALSDV   60   54  0.4490E-11  0.4582E-11
CALSDV   55   55  0.3165E-11  0.3177E-11
CALSDV   56   55  0.6672E-11  0.6624E-11
CALSDV   57   55  0.6231E-11  0.6239E-11
CALSDV   58   55  0.5684E-11  0.5674E-11
CALSDV   59   55  0.4854E-11  0.4882E-11
CALSDV   60   55  0.5918E-11  0.5916E-11
CALSDV   56   56  0.3279E-11  0.3324E-11
CALSDV   57   56  0.5827E-11  0.5793E-11
CALSDV   58   56  0.6395E-11  0.6427E-11
CALSDV   59   56  0.5769E-11  0.5789E-11
CALSDV   60   56  0.4956E-11  0.4939E-11
CALSDV   57   57  0.3832E-11  0.3787E-11
CALSDV   58   57  0.5953E-11  0.5918E-11
CALSDV   59   57  0.6925E-11  0.6885E-11
CALSDV   60   57  0.6092E-11  0.6071E-11
CALSDV   58   58  0.3810E-11  0.3822E-11
CALSDV   59   58  0.5445E-11  0.5473E-11
CALSDV   60   58  0.7234E-11  0.7174E-11
CALSDV   59   59  0.3387E-11  0.3311E-11
CALSDV   60   59  0.5819E-11  0.5739E-11
CALSDV   60   60  0.4346E-11  0.4399E-11
