  This file contains calibrated standard deviations 
       The relevant data lines start with key CALSDV 
       Each such line contains the following data 
           N   M   C_SIGMA   S_SIGMA 
                 FOR M=0 S_SIGMA=0.0 
     
CALSDV    0    0  0.0000E+00  0.0000E+00
CALSDV    1    0  0.0000E+00  0.0000E+00
CALSDV    2    0  0.3480E-10  0.0000E+00
CALSDV    3    0  0.7830E-11  0.0000E+00
CALSDV    4    0  0.2613E-11  0.0000E+00
CALSDV    5    0  0.1748E-11  0.0000E+00
CALSDV    6    0  0.1335E-11  0.0000E+00
CALSDV    7    0  0.1079E-11  0.0000E+00
CALSDV    8    0  0.9143E-12  0.0000E+00
CALSDV    9    0  0.7958E-12  0.0000E+00
CALSDV   10    0  0.7099E-12  0.0000E+00
CALSDV   11    0  0.6449E-12  0.0000E+00
CALSDV   12    0  0.5953E-12  0.0000E+00
CALSDV   13    0  0.5571E-12  0.0000E+00
CALSDV   14    0  0.5264E-12  0.0000E+00
CALSDV   15    0  0.5021E-12  0.0000E+00
CALSDV   16    0  0.4831E-12  0.0000E+00
CALSDV   17    0  0.4679E-12  0.0000E+00
CALSDV   18    0  0.4562E-12  0.0000E+00
CALSDV   19    0  0.4471E-12  0.0000E+00
CALSDV   20    0  0.4404E-12  0.0000E+00
CALSDV   21    0  0.4359E-12  0.0000E+00
CALSDV   22    0  0.4332E-12  0.0000E+00
CALSDV   23    0  0.4321E-12  0.0000E+00
CALSDV   24    0  0.4323E-12  0.0000E+00
CALSDV   25    0  0.4342E-12  0.0000E+00
CALSDV   26    0  0.4371E-12  0.0000E+00
CALSDV   27    0  0.4414E-12  0.0000E+00
CALSDV   28    0  0.4467E-12  0.0000E+00
CALSDV   29    0  0.4531E-12  0.0000E+00
CALSDV   30    0  0.4608E-12  0.0000E+00
CALSDV   31    0  0.4695E-12  0.0000E+00
CALSDV   32    0  0.4792E-12  0.0000E+00
CALSDV   33    0  0.4902E-12  0.0000E+00
CALSDV   34    0  0.5020E-12  0.0000E+00
CALSDV   35    0  0.5151E-12  0.0000E+00
CALSDV   36    0  0.5293E-12  0.0000E+00
CALSDV   37    0  0.5446E-12  0.0000E+00
CALSDV   38    0  0.5613E-12  0.0000E+00
CALSDV   39    0  0.5792E-12  0.0000E+00
CALSDV   40    0  0.5984E-12  0.0000E+00
CALSDV   41    0  0.6190E-12  0.0000E+00
CALSDV   42    0  0.6410E-12  0.0000E+00
CALSDV   43    0  0.6645E-12  0.0000E+00
CALSDV   44    0  0.6897E-12  0.0000E+00
CALSDV   45    0  0.7164E-12  0.0000E+00
CALSDV   46    0  0.7450E-12  0.0000E+00
CALSDV   47    0  0.7754E-12  0.0000E+00
CALSDV   48    0  0.8077E-12  0.0000E+00
CALSDV   49    0  0.8421E-12  0.0000E+00
CALSDV   50    0  0.8787E-12  0.0000E+00
CALSDV   51    0  0.9176E-12  0.0000E+00
CALSDV   52    0  0.9590E-12  0.0000E+00
CALSDV   53    0  0.1003E-11  0.0000E+00
CALSDV   54    0  0.1050E-11  0.0000E+00
CALSDV   55    0  0.1098E-11  0.0000E+00
CALSDV   56    0  0.1151E-11  0.0000E+00
CALSDV   57    0  0.1202E-11  0.0000E+00
CALSDV   58    0  0.1260E-11  0.0000E+00
CALSDV   59    0  0.1191E-11  0.0000E+00
CALSDV   60    0  0.1249E-11  0.0000E+00
CALSDV    1    1  0.0000E+00  0.0000E+00
CALSDV    2    1  0.2017E-10  0.2002E-10
CALSDV    3    1  0.5443E-11  0.5394E-11
CALSDV    4    1  0.2737E-11  0.2747E-11
CALSDV    5    1  0.1849E-11  0.1857E-11
CALSDV    6    1  0.1394E-11  0.1398E-11
CALSDV    7    1  0.1120E-11  0.1123E-11
CALSDV    8    1  0.9403E-12  0.9424E-12
CALSDV    9    1  0.8154E-12  0.8178E-12
CALSDV   10    1  0.7238E-12  0.7255E-12
CALSDV   11    1  0.6560E-12  0.6581E-12
CALSDV   12    1  0.6050E-12  0.6057E-12
CALSDV   13    1  0.5636E-12  0.5654E-12
CALSDV   14    1  0.5324E-12  0.5337E-12
CALSDV   15    1  0.5074E-12  0.5088E-12
CALSDV   16    1  0.4873E-12  0.4886E-12
CALSDV   17    1  0.4716E-12  0.4727E-12
CALSDV   18    1  0.4587E-12  0.4610E-12
CALSDV   19    1  0.4503E-12  0.4506E-12
CALSDV   20    1  0.4428E-12  0.4441E-12
CALSDV   21    1  0.4379E-12  0.4392E-12
CALSDV   22    1  0.4351E-12  0.4360E-12
CALSDV   23    1  0.4336E-12  0.4349E-12
CALSDV   24    1  0.4340E-12  0.4351E-12
CALSDV   25    1  0.4355E-12  0.4365E-12
CALSDV   26    1  0.4384E-12  0.4395E-12
CALSDV   27    1  0.4424E-12  0.4437E-12
CALSDV   28    1  0.4478E-12  0.4489E-12
CALSDV   29    1  0.4542E-12  0.4554E-12
CALSDV   30    1  0.4615E-12  0.4629E-12
CALSDV   31    1  0.4703E-12  0.4715E-12
CALSDV   32    1  0.4799E-12  0.4812E-12
CALSDV   33    1  0.4907E-12  0.4920E-12
CALSDV   34    1  0.5026E-12  0.5040E-12
CALSDV   35    1  0.5157E-12  0.5170E-12
CALSDV   36    1  0.5296E-12  0.5311E-12
CALSDV   37    1  0.5451E-12  0.5466E-12
CALSDV   38    1  0.5616E-12  0.5631E-12
CALSDV   39    1  0.5795E-12  0.5810E-12
CALSDV   40    1  0.5986E-12  0.6002E-12
CALSDV   41    1  0.6192E-12  0.6209E-12
CALSDV   42    1  0.6411E-12  0.6429E-12
CALSDV   43    1  0.6647E-12  0.6665E-12
CALSDV   44    1  0.6896E-12  0.6915E-12
CALSDV   45    1  0.7164E-12  0.7183E-12
CALSDV   46    1  0.7450E-12  0.7469E-12
CALSDV   47    1  0.7752E-12  0.7773E-12
CALSDV   48    1  0.8077E-12  0.8098E-12
CALSDV   49    1  0.8419E-12  0.8441E-12
CALSDV   50    1  0.8785E-12  0.8809E-12
CALSDV   51    1  0.9173E-12  0.9197E-12
CALSDV   52    1  0.9587E-12  0.9612E-12
CALSDV   53    1  0.1002E-11  0.1005E-11
CALSDV   54    1  0.1049E-11  0.1052E-11
CALSDV   55    1  0.1098E-11  0.1101E-11
CALSDV   56    1  0.1151E-11  0.1154E-11
CALSDV   57    1  0.1201E-11  0.1205E-11
CALSDV   58    1  0.1260E-11  0.1263E-11
CALSDV   59    1  0.1192E-11  0.1195E-11
CALSDV   60    1  0.1250E-11  0.1252E-11
CALSDV    2    2  0.1785E-10  0.2122E-10
CALSDV    3    2  0.7909E-11  0.7947E-11
CALSDV    4    2  0.3812E-11  0.3833E-11
CALSDV    5    2  0.2364E-11  0.2372E-11
CALSDV    6    2  0.1705E-11  0.1712E-11
CALSDV    7    2  0.1309E-11  0.1314E-11
CALSDV    8    2  0.1075E-11  0.1079E-11
CALSDV    9    2  0.9079E-12  0.9113E-12
CALSDV   10    2  0.7956E-12  0.7990E-12
CALSDV   11    2  0.7099E-12  0.7126E-12
CALSDV   12    2  0.6477E-12  0.6496E-12
CALSDV   13    2  0.5985E-12  0.6011E-12
CALSDV   14    2  0.5610E-12  0.5633E-12
CALSDV   15    2  0.5311E-12  0.5330E-12
CALSDV   16    2  0.5078E-12  0.5098E-12
CALSDV   17    2  0.4891E-12  0.4909E-12
CALSDV   18    2  0.4747E-12  0.4765E-12
CALSDV   19    2  0.4633E-12  0.4651E-12
CALSDV   20    2  0.4551E-12  0.4564E-12
CALSDV   21    2  0.4489E-12  0.4505E-12
CALSDV   22    2  0.4447E-12  0.4466E-12
CALSDV   23    2  0.4426E-12  0.4443E-12
CALSDV   24    2  0.4419E-12  0.4436E-12
CALSDV   25    2  0.4432E-12  0.4447E-12
CALSDV   26    2  0.4452E-12  0.4470E-12
CALSDV   27    2  0.4491E-12  0.4506E-12
CALSDV   28    2  0.4537E-12  0.4556E-12
CALSDV   29    2  0.4598E-12  0.4615E-12
CALSDV   30    2  0.4670E-12  0.4688E-12
CALSDV   31    2  0.4754E-12  0.4771E-12
CALSDV   32    2  0.4848E-12  0.4865E-12
CALSDV   33    2  0.4954E-12  0.4972E-12
CALSDV   34    2  0.5070E-12  0.5088E-12
CALSDV   35    2  0.5199E-12  0.5218E-12
CALSDV   36    2  0.5339E-12  0.5358E-12
CALSDV   37    2  0.5490E-12  0.5510E-12
CALSDV   38    2  0.5655E-12  0.5675E-12
CALSDV   39    2  0.5831E-12  0.5852E-12
CALSDV   40    2  0.6022E-12  0.6044E-12
CALSDV   41    2  0.6226E-12  0.6249E-12
CALSDV   42    2  0.6445E-12  0.6468E-12
CALSDV   43    2  0.6679E-12  0.6703E-12
CALSDV   44    2  0.6930E-12  0.6954E-12
CALSDV   45    2  0.7196E-12  0.7222E-12
CALSDV   46    2  0.7480E-12  0.7507E-12
CALSDV   47    2  0.7783E-12  0.7812E-12
CALSDV   48    2  0.8105E-12  0.8134E-12
CALSDV   49    2  0.8449E-12  0.8480E-12
CALSDV   50    2  0.8814E-12  0.8846E-12
CALSDV   51    2  0.9203E-12  0.9235E-12
CALSDV   52    2  0.9616E-12  0.9650E-12
CALSDV   53    2  0.1005E-11  0.1009E-11
CALSDV   54    2  0.1052E-11  0.1056E-11
CALSDV   55    2  0.1101E-11  0.1105E-11
CALSDV   56    2  0.1154E-11  0.1158E-11
CALSDV   57    2  0.1206E-11  0.1210E-11
CALSDV   58    2  0.1264E-11  0.1268E-11
CALSDV   59    2  0.1206E-11  0.1210E-11
CALSDV   60    2  0.1264E-11  0.1268E-11
CALSDV    3    3  0.1887E-10  0.1881E-10
CALSDV    4    3  0.7829E-11  0.7835E-11
CALSDV    5    3  0.5211E-11  0.5210E-11
CALSDV    6    3  0.2806E-11  0.2803E-11
CALSDV    7    3  0.2458E-11  0.2456E-11
CALSDV    8    3  0.1544E-11  0.1546E-11
CALSDV    9    3  0.1464E-11  0.1464E-11
CALSDV   10    3  0.1040E-11  0.1040E-11
CALSDV   11    3  0.1016E-11  0.1016E-11
CALSDV   12    3  0.7919E-12  0.7923E-12
CALSDV   13    3  0.7825E-12  0.7832E-12
CALSDV   14    3  0.6544E-12  0.6547E-12
CALSDV   15    3  0.6508E-12  0.6508E-12
CALSDV   16    3  0.5721E-12  0.5723E-12
CALSDV   17    3  0.5710E-12  0.5714E-12
CALSDV   18    3  0.5214E-12  0.5215E-12
CALSDV   19    3  0.5222E-12  0.5227E-12
CALSDV   20    3  0.4906E-12  0.4909E-12
CALSDV   21    3  0.4931E-12  0.4933E-12
CALSDV   22    3  0.4730E-12  0.4732E-12
CALSDV   23    3  0.4771E-12  0.4774E-12
CALSDV   24    3  0.4651E-12  0.4652E-12
CALSDV   25    3  0.4705E-12  0.4709E-12
CALSDV   26    3  0.4647E-12  0.4648E-12
CALSDV   27    3  0.4717E-12  0.4721E-12
CALSDV   28    3  0.4704E-12  0.4706E-12
CALSDV   29    3  0.4792E-12  0.4794E-12
CALSDV   30    3  0.4815E-12  0.4816E-12
CALSDV   31    3  0.4920E-12  0.4923E-12
CALSDV   32    3  0.4976E-12  0.4979E-12
CALSDV   33    3  0.5100E-12  0.5102E-12
CALSDV   34    3  0.5188E-12  0.5189E-12
CALSDV   35    3  0.5330E-12  0.5332E-12
CALSDV   36    3  0.5447E-12  0.5447E-12
CALSDV   37    3  0.5612E-12  0.5613E-12
CALSDV   38    3  0.5755E-12  0.5757E-12
CALSDV   39    3  0.5943E-12  0.5944E-12
CALSDV   40    3  0.6118E-12  0.6119E-12
CALSDV   41    3  0.6331E-12  0.6332E-12
CALSDV   42    3  0.6537E-12  0.6538E-12
CALSDV   43    3  0.6779E-12  0.6780E-12
CALSDV   44    3  0.7017E-12  0.7018E-12
CALSDV   45    3  0.7291E-12  0.7292E-12
CALSDV   46    3  0.7567E-12  0.7568E-12
CALSDV   47    3  0.7876E-12  0.7877E-12
CALSDV   48    3  0.8192E-12  0.8193E-12
CALSDV   49    3  0.8541E-12  0.8541E-12
CALSDV   50    3  0.8901E-12  0.8902E-12
CALSDV   51    3  0.9295E-12  0.9295E-12
CALSDV   52    3  0.9704E-12  0.9705E-12
CALSDV   53    3  0.1015E-11  0.1015E-11
CALSDV   54    3  0.1061E-11  0.1061E-11
CALSDV   55    3  0.1111E-11  0.1111E-11
CALSDV   56    3  0.1164E-11  0.1164E-11
CALSDV   57    3  0.1218E-11  0.1218E-11
CALSDV   58    3  0.1276E-11  0.1276E-11
CALSDV   59    3  0.1239E-11  0.1239E-11
CALSDV   60    3  0.1296E-11  0.1296E-11
CALSDV    4    4  0.1031E-10  0.1032E-10
CALSDV    5    4  0.7591E-11  0.7611E-11
CALSDV    6    4  0.3301E-11  0.3304E-11
CALSDV    7    4  0.2798E-11  0.2798E-11
CALSDV    8    4  0.1764E-11  0.1766E-11
CALSDV    9    4  0.1526E-11  0.1529E-11
CALSDV   10    4  0.1160E-11  0.1162E-11
CALSDV   11    4  0.1036E-11  0.1037E-11
CALSDV   12    4  0.8696E-12  0.8692E-12
CALSDV   13    4  0.8011E-12  0.8020E-12
CALSDV   14    4  0.7100E-12  0.7097E-12
CALSDV   15    4  0.6698E-12  0.6696E-12
CALSDV   16    4  0.6149E-12  0.6147E-12
CALSDV   17    4  0.5908E-12  0.5912E-12
CALSDV   18    4  0.5566E-12  0.5560E-12
CALSDV   19    4  0.5422E-12  0.5419E-12
CALSDV   20    4  0.5194E-12  0.5196E-12
CALSDV   21    4  0.5120E-12  0.5122E-12
CALSDV   22    4  0.4980E-12  0.4979E-12
CALSDV   23    4  0.4948E-12  0.4949E-12
CALSDV   24    4  0.4866E-12  0.4866E-12
CALSDV   25    4  0.4873E-12  0.4874E-12
CALSDV   26    4  0.4840E-12  0.4839E-12
CALSDV   27    4  0.4874E-12  0.4875E-12
CALSDV   28    4  0.4876E-12  0.4877E-12
CALSDV   29    4  0.4937E-12  0.4937E-12
CALSDV   30    4  0.4972E-12  0.4975E-12
CALSDV   31    4  0.5056E-12  0.5058E-12
CALSDV   32    4  0.5122E-12  0.5123E-12
CALSDV   33    4  0.5229E-12  0.5231E-12
CALSDV   34    4  0.5321E-12  0.5323E-12
CALSDV   35    4  0.5451E-12  0.5453E-12
CALSDV   36    4  0.5572E-12  0.5575E-12
CALSDV   37    4  0.5724E-12  0.5727E-12
CALSDV   38    4  0.5874E-12  0.5876E-12
CALSDV   39    4  0.6051E-12  0.6055E-12
CALSDV   40    4  0.6229E-12  0.6232E-12
CALSDV   41    4  0.6435E-12  0.6438E-12
CALSDV   42    4  0.6642E-12  0.6647E-12
CALSDV   43    4  0.6878E-12  0.6882E-12
CALSDV   44    4  0.7120E-12  0.7124E-12
CALSDV   45    4  0.7387E-12  0.7392E-12
CALSDV   46    4  0.7664E-12  0.7669E-12
CALSDV   47    4  0.7969E-12  0.7975E-12
CALSDV   48    4  0.8285E-12  0.8292E-12
CALSDV   49    4  0.8632E-12  0.8637E-12
CALSDV   50    4  0.8992E-12  0.8998E-12
CALSDV   51    4  0.9384E-12  0.9391E-12
CALSDV   52    4  0.9795E-12  0.9801E-12
CALSDV   53    4  0.1024E-11  0.1025E-11
CALSDV   54    4  0.1070E-11  0.1071E-11
CALSDV   55    4  0.1121E-11  0.1121E-11
CALSDV   56    4  0.1173E-11  0.1174E-11
CALSDV   57    4  0.1229E-11  0.1230E-11
CALSDV   58    4  0.1287E-11  0.1288E-11
CALSDV   59    4  0.1268E-11  0.1269E-11
CALSDV   60    4  0.1326E-11  0.1327E-11
CALSDV    5    5  0.1404E-10  0.1399E-10
CALSDV    6    5  0.5601E-11  0.5581E-11
CALSDV    7    5  0.3726E-11  0.3723E-11
CALSDV    8    5  0.2268E-11  0.2264E-11
CALSDV    9    5  0.2138E-11  0.2143E-11
CALSDV   10    5  0.1410E-11  0.1413E-11
CALSDV   11    5  0.1469E-11  0.1470E-11
CALSDV   12    5  0.1053E-11  0.1056E-11
CALSDV   13    5  0.1103E-11  0.1104E-11
CALSDV   14    5  0.8569E-12  0.8577E-12
CALSDV   15    5  0.8870E-12  0.8865E-12
CALSDV   16    5  0.7341E-12  0.7344E-12
CALSDV   17    5  0.7501E-12  0.7505E-12
CALSDV   18    5  0.6534E-12  0.6536E-12
CALSDV   19    5  0.6624E-12  0.6622E-12
CALSDV   20    5  0.5991E-12  0.5996E-12
CALSDV   21    5  0.6052E-12  0.6049E-12
CALSDV   22    5  0.5638E-12  0.5642E-12
CALSDV   23    5  0.5686E-12  0.5686E-12
CALSDV   24    5  0.5422E-12  0.5424E-12
CALSDV   25    5  0.5466E-12  0.5465E-12
CALSDV   26    5  0.5305E-12  0.5310E-12
CALSDV   27    5  0.5362E-12  0.5363E-12
CALSDV   28    5  0.5276E-12  0.5282E-12
CALSDV   29    5  0.5345E-12  0.5347E-12
CALSDV   30    5  0.5318E-12  0.5324E-12
CALSDV   31    5  0.5403E-12  0.5405E-12
CALSDV   32    5  0.5426E-12  0.5431E-12
CALSDV   33    5  0.5529E-12  0.5531E-12
CALSDV   34    5  0.5591E-12  0.5597E-12
CALSDV   35    5  0.5714E-12  0.5717E-12
CALSDV   36    5  0.5813E-12  0.5818E-12
CALSDV   37    5  0.5958E-12  0.5962E-12
CALSDV   38    5  0.6091E-12  0.6097E-12
CALSDV   39    5  0.6260E-12  0.6265E-12
CALSDV   40    5  0.6427E-12  0.6433E-12
CALSDV   41    5  0.6623E-12  0.6628E-12
CALSDV   42    5  0.6824E-12  0.6831E-12
CALSDV   43    5  0.7050E-12  0.7056E-12
CALSDV   44    5  0.7287E-12  0.7294E-12
CALSDV   45    5  0.7545E-12  0.7552E-12
CALSDV   46    5  0.7821E-12  0.7828E-12
CALSDV   47    5  0.8115E-12  0.8123E-12
CALSDV   48    5  0.8432E-12  0.8441E-12
CALSDV   49    5  0.8768E-12  0.8776E-12
CALSDV   50    5  0.9129E-12  0.9138E-12
CALSDV   51    5  0.9513E-12  0.9523E-12
CALSDV   52    5  0.9925E-12  0.9935E-12
CALSDV   53    5  0.1036E-11  0.1037E-11
CALSDV   54    5  0.1083E-11  0.1084E-11
CALSDV   55    5  0.1133E-11  0.1134E-11
CALSDV   56    5  0.1185E-11  0.1186E-11
CALSDV   57    5  0.1241E-11  0.1243E-11
CALSDV   58    5  0.1301E-11  0.1302E-11
CALSDV   59    5  0.1295E-11  0.1297E-11
CALSDV   60    5  0.1355E-11  0.1356E-11
CALSDV    6    6  0.7141E-11  0.7145E-11
CALSDV    7    6  0.7321E-11  0.7229E-11
CALSDV    8    6  0.3298E-11  0.3315E-11
CALSDV    9    6  0.3458E-11  0.3418E-11
CALSDV   10    6  0.2047E-11  0.2053E-11
CALSDV   11    6  0.2031E-11  0.2008E-11
CALSDV   12    6  0.1394E-11  0.1398E-11
CALSDV   13    6  0.1382E-11  0.1369E-11
CALSDV   14    6  0.1043E-11  0.1044E-11
CALSDV   15    6  0.1046E-11  0.1038E-11
CALSDV   16    6  0.8441E-12  0.8442E-12
CALSDV   17    6  0.8528E-12  0.8486E-12
CALSDV   18    6  0.7233E-12  0.7234E-12
CALSDV   19    6  0.7355E-12  0.7328E-12
CALSDV   20    6  0.6494E-12  0.6490E-12
CALSDV   21    6  0.6618E-12  0.6603E-12
CALSDV   22    6  0.6025E-12  0.6024E-12
CALSDV   23    6  0.6152E-12  0.6144E-12
CALSDV   24    6  0.5748E-12  0.5742E-12
CALSDV   25    6  0.5870E-12  0.5860E-12
CALSDV   26    6  0.5588E-12  0.5593E-12
CALSDV   27    6  0.5716E-12  0.5710E-12
CALSDV   28    6  0.5540E-12  0.5535E-12
CALSDV   29    6  0.5664E-12  0.5659E-12
CALSDV   30    6  0.5563E-12  0.5559E-12
CALSDV   31    6  0.5695E-12  0.5689E-12
CALSDV   32    6  0.5651E-12  0.5652E-12
CALSDV   33    6  0.5797E-12  0.5792E-12
CALSDV   34    6  0.5808E-12  0.5804E-12
CALSDV   35    6  0.5964E-12  0.5960E-12
CALSDV   36    6  0.6021E-12  0.6017E-12
CALSDV   37    6  0.6191E-12  0.6187E-12
CALSDV   38    6  0.6291E-12  0.6287E-12
CALSDV   39    6  0.6480E-12  0.6477E-12
CALSDV   40    6  0.6620E-12  0.6616E-12
CALSDV   41    6  0.6834E-12  0.6828E-12
CALSDV   42    6  0.7009E-12  0.7005E-12
CALSDV   43    6  0.7248E-12  0.7245E-12
CALSDV   44    6  0.7466E-12  0.7462E-12
CALSDV   45    6  0.7734E-12  0.7729E-12
CALSDV   46    6  0.7992E-12  0.7988E-12
CALSDV   47    6  0.8297E-12  0.8291E-12
CALSDV   48    6  0.8598E-12  0.8593E-12
CALSDV   49    6  0.8941E-12  0.8938E-12
CALSDV   50    6  0.9291E-12  0.9286E-12
CALSDV   51    6  0.9680E-12  0.9675E-12
CALSDV   52    6  0.1008E-11  0.1008E-11
CALSDV   53    6  0.1052E-11  0.1052E-11
CALSDV   54    6  0.1098E-11  0.1098E-11
CALSDV   55    6  0.1148E-11  0.1148E-11
CALSDV   56    6  0.1201E-11  0.1200E-11
CALSDV   57    6  0.1258E-11  0.1257E-11
CALSDV   58    6  0.1317E-11  0.1316E-11
CALSDV   59    6  0.1327E-11  0.1327E-11
CALSDV   60    6  0.1386E-11  0.1386E-11
CALSDV    7    7  0.1035E-10  0.1036E-10
CALSDV    8    7  0.5250E-11  0.5244E-11
CALSDV    9    7  0.3467E-11  0.3457E-11
CALSDV   10    7  0.2197E-11  0.2199E-11
CALSDV   11    7  0.2011E-11  0.2008E-11
CALSDV   12    7  0.1346E-11  0.1348E-11
CALSDV   13    7  0.1377E-11  0.1374E-11
CALSDV   14    7  0.1063E-11  0.1065E-11
CALSDV   15    7  0.1051E-11  0.1049E-11
CALSDV   16    7  0.9187E-12  0.9212E-12
CALSDV   17    7  0.8668E-12  0.8673E-12
CALSDV   18    7  0.8236E-12  0.8248E-12
CALSDV   19    7  0.7570E-12  0.7565E-12
CALSDV   20    7  0.7544E-12  0.7551E-12
CALSDV   21    7  0.6869E-12  0.6870E-12
CALSDV   22    7  0.7036E-12  0.7038E-12
CALSDV   23    7  0.6426E-12  0.6432E-12
CALSDV   24    7  0.6667E-12  0.6672E-12
CALSDV   25    7  0.6163E-12  0.6156E-12
CALSDV   26    7  0.6415E-12  0.6430E-12
CALSDV   27    7  0.5996E-12  0.6015E-12
CALSDV   28    7  0.6273E-12  0.6276E-12
CALSDV   29    7  0.5958E-12  0.5942E-12
CALSDV   30    7  0.6210E-12  0.6215E-12
CALSDV   31    7  0.5973E-12  0.5970E-12
CALSDV   32    7  0.6225E-12  0.6234E-12
CALSDV   33    7  0.6058E-12  0.6062E-12
CALSDV   34    7  0.6314E-12  0.6322E-12
CALSDV   35    7  0.6213E-12  0.6217E-12
CALSDV   36    7  0.6469E-12  0.6477E-12
CALSDV   37    7  0.6431E-12  0.6435E-12
CALSDV   38    7  0.6692E-12  0.6697E-12
CALSDV   39    7  0.6708E-12  0.6711E-12
CALSDV   40    7  0.6979E-12  0.6984E-12
CALSDV   41    7  0.7049E-12  0.7052E-12
CALSDV   42    7  0.7333E-12  0.7338E-12
CALSDV   43    7  0.7453E-12  0.7456E-12
CALSDV   44    7  0.7758E-12  0.7763E-12
CALSDV   45    7  0.7928E-12  0.7931E-12
CALSDV   46    7  0.8259E-12  0.8264E-12
CALSDV   47    7  0.8479E-12  0.8483E-12
CALSDV   48    7  0.8841E-12  0.8846E-12
CALSDV   49    7  0.9114E-12  0.9116E-12
CALSDV   50    7  0.9513E-12  0.9517E-12
CALSDV   51    7  0.9844E-12  0.9846E-12
CALSDV   52    7  0.1028E-11  0.1029E-11
CALSDV   53    7  0.1068E-11  0.1068E-11
CALSDV   54    7  0.1117E-11  0.1117E-11
CALSDV   55    7  0.1163E-11  0.1163E-11
CALSDV   56    7  0.1218E-11  0.1218E-11
CALSDV   57    7  0.1273E-11  0.1273E-11
CALSDV   58    7  0.1334E-11  0.1335E-11
CALSDV   59    7  0.1352E-11  0.1352E-11
CALSDV   60    7  0.1416E-11  0.1417E-11
CALSDV    8    8  0.5127E-11  0.5256E-11
CALSDV    9    8  0.5001E-11  0.5009E-11
CALSDV   10    8  0.3196E-11  0.3199E-11
CALSDV   11    8  0.2779E-11  0.2753E-11
CALSDV   12    8  0.2304E-11  0.2305E-11
CALSDV   13    8  0.1955E-11  0.1952E-11
CALSDV   14    8  0.1666E-11  0.1672E-11
CALSDV   15    8  0.1528E-11  0.1523E-11
CALSDV   16    8  0.1271E-11  0.1280E-11
CALSDV   17    8  0.1260E-11  0.1245E-11
CALSDV   18    8  0.1033E-11  0.1036E-11
CALSDV   19    8  0.1069E-11  0.1065E-11
CALSDV   20    8  0.8799E-12  0.8878E-12
CALSDV   21    8  0.9368E-12  0.9368E-12
CALSDV   22    8  0.7847E-12  0.7926E-12
CALSDV   23    8  0.8437E-12  0.8455E-12
CALSDV   24    8  0.7248E-12  0.7310E-12
CALSDV   25    8  0.7790E-12  0.7813E-12
CALSDV   26    8  0.6875E-12  0.6926E-12
CALSDV   27    8  0.7353E-12  0.7373E-12
CALSDV   28    8  0.6665E-12  0.6695E-12
CALSDV   29    8  0.7074E-12  0.7089E-12
CALSDV   30    8  0.6570E-12  0.6592E-12
CALSDV   31    8  0.6925E-12  0.6930E-12
CALSDV   32    8  0.6564E-12  0.6580E-12
CALSDV   33    8  0.6878E-12  0.6881E-12
CALSDV   34    8  0.6636E-12  0.6648E-12
CALSDV   35    8  0.6921E-12  0.6924E-12
CALSDV   36    8  0.6781E-12  0.6788E-12
CALSDV   37    8  0.7047E-12  0.7049E-12
CALSDV   38    8  0.6994E-12  0.7001E-12
CALSDV   39    8  0.7251E-12  0.7252E-12
CALSDV   40    8  0.7272E-12  0.7276E-12
CALSDV   41    8  0.7530E-12  0.7532E-12
CALSDV   42    8  0.7619E-12  0.7622E-12
CALSDV   43    8  0.7885E-12  0.7885E-12
CALSDV   44    8  0.8034E-12  0.8035E-12
CALSDV   45    8  0.8315E-12  0.8315E-12
CALSDV   46    8  0.8523E-12  0.8524E-12
CALSDV   47    8  0.8830E-12  0.8831E-12
CALSDV   48    8  0.9095E-12  0.9095E-12
CALSDV   49    8  0.9431E-12  0.9433E-12
CALSDV   50    8  0.9755E-12  0.9756E-12
CALSDV   51    8  0.1013E-11  0.1013E-11
CALSDV   52    8  0.1052E-11  0.1052E-11
CALSDV   53    8  0.1094E-11  0.1094E-11
CALSDV   54    8  0.1139E-11  0.1139E-11
CALSDV   55    8  0.1187E-11  0.1187E-11
CALSDV   56    8  0.1239E-11  0.1239E-11
CALSDV   57    8  0.1296E-11  0.1296E-11
CALSDV   58    8  0.1355E-11  0.1355E-11
CALSDV   59    8  0.1389E-11  0.1390E-11
CALSDV   60    8  0.1450E-11  0.1451E-11
CALSDV    9    9  0.7498E-11  0.7444E-11
CALSDV   10    9  0.4856E-11  0.4881E-11
CALSDV   11    9  0.3350E-11  0.3334E-11
CALSDV   12    9  0.2239E-11  0.2248E-11
CALSDV   13    9  0.2147E-11  0.2135E-11
CALSDV   14    9  0.1401E-11  0.1405E-11
CALSDV   15    9  0.1466E-11  0.1458E-11
CALSDV   16    9  0.1122E-11  0.1123E-11
CALSDV   17    9  0.1093E-11  0.1088E-11
CALSDV   18    9  0.9894E-12  0.9919E-12
CALSDV   19    9  0.8905E-12  0.8893E-12
CALSDV   20    9  0.9038E-12  0.9058E-12
CALSDV   21    9  0.7841E-12  0.7837E-12
CALSDV   22    9  0.8404E-12  0.8413E-12
CALSDV   23    9  0.7258E-12  0.7252E-12
CALSDV   24    9  0.7922E-12  0.7932E-12
CALSDV   25    9  0.6938E-12  0.6931E-12
CALSDV   26    9  0.7574E-12  0.7579E-12
CALSDV   27    9  0.6776E-12  0.6777E-12
CALSDV   28    9  0.7330E-12  0.7336E-12
CALSDV   29    9  0.6712E-12  0.6715E-12
CALSDV   30    9  0.7184E-12  0.7194E-12
CALSDV   31    9  0.6727E-12  0.6733E-12
CALSDV   32    9  0.7129E-12  0.7132E-12
CALSDV   33    9  0.6804E-12  0.6809E-12
CALSDV   34    9  0.7151E-12  0.7157E-12
CALSDV   35    9  0.6939E-12  0.6942E-12
CALSDV   36    9  0.7249E-12  0.7251E-12
CALSDV   37    9  0.7135E-12  0.7130E-12
CALSDV   38    9  0.7416E-12  0.7419E-12
CALSDV   39    9  0.7384E-12  0.7384E-12
CALSDV   40    9  0.7656E-12  0.7658E-12
CALSDV   41    9  0.7695E-12  0.7691E-12
CALSDV   42    9  0.7968E-12  0.7967E-12
CALSDV   43    9  0.8069E-12  0.8071E-12
CALSDV   44    9  0.8353E-12  0.8354E-12
CALSDV   45    9  0.8515E-12  0.8511E-12
CALSDV   46    9  0.8817E-12  0.8817E-12
CALSDV   47    9  0.9032E-12  0.9031E-12
CALSDV   48    9  0.9364E-12  0.9365E-12
CALSDV   49    9  0.9633E-12  0.9636E-12
CALSDV   50    9  0.1001E-11  0.1000E-11
CALSDV   51    9  0.1033E-11  0.1033E-11
CALSDV   52    9  0.1075E-11  0.1074E-11
CALSDV   53    9  0.1113E-11  0.1113E-11
CALSDV   54    9  0.1160E-11  0.1160E-11
CALSDV   55    9  0.1206E-11  0.1205E-11
CALSDV   56    9  0.1259E-11  0.1258E-11
CALSDV   57    9  0.1314E-11  0.1313E-11
CALSDV   58    9  0.1374E-11  0.1373E-11
CALSDV   59    9  0.1415E-11  0.1414E-11
CALSDV   60    9  0.1476E-11  0.1475E-11
CALSDV   10   10  0.4580E-11  0.4531E-11
CALSDV   11   10  0.3944E-11  0.3926E-11
CALSDV   12   10  0.2900E-11  0.2892E-11
CALSDV   13   10  0.2072E-11  0.2068E-11
CALSDV   14   10  0.2280E-11  0.2282E-11
CALSDV   15   10  0.1673E-11  0.1674E-11
CALSDV   16   10  0.1739E-11  0.1744E-11
CALSDV   17   10  0.1502E-11  0.1506E-11
CALSDV   18   10  0.1379E-11  0.1382E-11
CALSDV   19   10  0.1355E-11  0.1360E-11
CALSDV   20   10  0.1151E-11  0.1154E-11
CALSDV   21   10  0.1226E-11  0.1229E-11
CALSDV   22   10  0.1009E-11  0.1011E-11
CALSDV   23   10  0.1116E-11  0.1118E-11
CALSDV   24   10  0.9178E-12  0.9191E-12
CALSDV   25   10  0.1027E-11  0.1030E-11
CALSDV   26   10  0.8589E-12  0.8596E-12
CALSDV   27   10  0.9588E-12  0.9605E-12
CALSDV   28   10  0.8220E-12  0.8226E-12
CALSDV   29   10  0.9074E-12  0.9087E-12
CALSDV   30   10  0.7992E-12  0.8000E-12
CALSDV   31   10  0.8711E-12  0.8722E-12
CALSDV   32   10  0.7882E-12  0.7888E-12
CALSDV   33   10  0.8476E-12  0.8486E-12
CALSDV   34   10  0.7863E-12  0.7872E-12
CALSDV   35   10  0.8358E-12  0.8367E-12
CALSDV   36   10  0.7925E-12  0.7929E-12
CALSDV   37   10  0.8340E-12  0.8349E-12
CALSDV   38   10  0.8059E-12  0.8063E-12
CALSDV   39   10  0.8416E-12  0.8426E-12
CALSDV   40   10  0.8262E-12  0.8269E-12
CALSDV   41   10  0.8583E-12  0.8593E-12
CALSDV   42   10  0.8537E-12  0.8548E-12
CALSDV   43   10  0.8838E-12  0.8847E-12
CALSDV   44   10  0.8889E-12  0.8901E-12
CALSDV   45   10  0.9177E-12  0.9190E-12
CALSDV   46   10  0.9316E-12  0.9328E-12
CALSDV   47   10  0.9611E-12  0.9625E-12
CALSDV   48   10  0.9827E-12  0.9841E-12
CALSDV   49   10  0.1014E-11  0.1015E-11
CALSDV   50   10  0.1043E-11  0.1044E-11
CALSDV   51   10  0.1077E-11  0.1078E-11
CALSDV   52   10  0.1113E-11  0.1115E-11
CALSDV   53   10  0.1152E-11  0.1153E-11
CALSDV   54   10  0.1195E-11  0.1197E-11
CALSDV   55   10  0.1239E-11  0.1240E-11
CALSDV   56   10  0.1290E-11  0.1292E-11
CALSDV   57   10  0.1343E-11  0.1345E-11
CALSDV   58   10  0.1403E-11  0.1405E-11
CALSDV   59   10  0.1455E-11  0.1457E-11
CALSDV   60   10  0.1518E-11  0.1520E-11
CALSDV   11   11  0.5164E-11  0.5193E-11
CALSDV   12   11  0.4296E-11  0.4323E-11
CALSDV   13   11  0.3080E-11  0.3080E-11
CALSDV   14   11  0.2200E-11  0.2213E-11
CALSDV   15   11  0.2248E-11  0.2246E-11
CALSDV   16   11  0.1506E-11  0.1519E-11
CALSDV   17   11  0.1597E-11  0.1594E-11
CALSDV   18   11  0.1235E-11  0.1243E-11
CALSDV   19   11  0.1191E-11  0.1188E-11
CALSDV   20   11  0.1083E-11  0.1088E-11
CALSDV   21   11  0.9630E-12  0.9624E-12
CALSDV   22   11  0.9791E-12  0.9819E-12
CALSDV   23   11  0.8479E-12  0.8483E-12
CALSDV   24   11  0.9047E-12  0.9065E-12
CALSDV   25   11  0.7944E-12  0.7950E-12
CALSDV   26   11  0.8521E-12  0.8516E-12
CALSDV   27   11  0.7718E-12  0.7714E-12
CALSDV   28   11  0.8164E-12  0.8155E-12
CALSDV   29   11  0.7653E-12  0.7649E-12
CALSDV   30   11  0.7950E-12  0.7934E-12
CALSDV   31   11  0.7677E-12  0.7669E-12
CALSDV   32   11  0.7845E-12  0.7828E-12
CALSDV   33   11  0.7760E-12  0.7753E-12
CALSDV   34   11  0.7839E-12  0.7823E-12
CALSDV   35   11  0.7893E-12  0.7885E-12
CALSDV   36   11  0.7917E-12  0.7904E-12
CALSDV   37   11  0.8075E-12  0.8061E-12
CALSDV   38   11  0.8073E-12  0.8057E-12
CALSDV   39   11  0.8299E-12  0.8287E-12
CALSDV   40   11  0.8303E-12  0.8285E-12
CALSDV   41   11  0.8582E-12  0.8568E-12
CALSDV   42   11  0.8604E-12  0.8588E-12
CALSDV   43   11  0.8920E-12  0.8903E-12
CALSDV   44   11  0.8976E-12  0.8957E-12
CALSDV   45   11  0.9324E-12  0.9307E-12
CALSDV   46   11  0.9423E-12  0.9406E-12
CALSDV   47   11  0.9798E-12  0.9780E-12
CALSDV   48   11  0.9958E-12  0.9936E-12
CALSDV   49   11  0.1035E-11  0.1033E-11
CALSDV   50   11  0.1057E-11  0.1055E-11
CALSDV   51   11  0.1100E-11  0.1098E-11
CALSDV   52   11  0.1129E-11  0.1127E-11
CALSDV   53   11  0.1175E-11  0.1173E-11
CALSDV   54   11  0.1211E-11  0.1209E-11
CALSDV   55   11  0.1262E-11  0.1259E-11
CALSDV   56   11  0.1306E-11  0.1304E-11
CALSDV   57   11  0.1365E-11  0.1363E-11
CALSDV   58   11  0.1419E-11  0.1417E-11
CALSDV   59   11  0.1482E-11  0.1479E-11
CALSDV   60   11  0.1537E-11  0.1534E-11
CALSDV   12   12  0.4159E-11  0.4091E-11
CALSDV   13   12  0.3809E-11  0.3823E-11
CALSDV   14   12  0.2684E-11  0.2679E-11
CALSDV   15   12  0.1862E-11  0.1874E-11
CALSDV   16   12  0.2149E-11  0.2147E-11
CALSDV   17   12  0.1508E-11  0.1512E-11
CALSDV   18   12  0.1644E-11  0.1643E-11
CALSDV   19   12  0.1445E-11  0.1445E-11
CALSDV   20   12  0.1318E-11  0.1318E-11
CALSDV   21   12  0.1374E-11  0.1373E-11
CALSDV   22   12  0.1134E-11  0.1133E-11
CALSDV   23   12  0.1289E-11  0.1288E-11
CALSDV   24   12  0.1035E-11  0.1034E-11
CALSDV   25   12  0.1205E-11  0.1204E-11
CALSDV   26   12  0.9810E-12  0.9802E-12
CALSDV   27   12  0.1132E-11  0.1130E-11
CALSDV   28   12  0.9494E-12  0.9493E-12
CALSDV   29   12  0.1071E-11  0.1070E-11
CALSDV   30   12  0.9325E-12  0.9326E-12
CALSDV   31   12  0.1024E-11  0.1024E-11
CALSDV   32   12  0.9236E-12  0.9240E-12
CALSDV   33   12  0.9906E-12  0.9899E-12
CALSDV   34   12  0.9212E-12  0.9221E-12
CALSDV   35   12  0.9688E-12  0.9687E-12
CALSDV   36   12  0.9250E-12  0.9261E-12
CALSDV   37   12  0.9583E-12  0.9581E-12
CALSDV   38   12  0.9347E-12  0.9363E-12
CALSDV   39   12  0.9576E-12  0.9577E-12
CALSDV   40   12  0.9502E-12  0.9518E-12
CALSDV   41   12  0.9663E-12  0.9669E-12
CALSDV   42   12  0.9720E-12  0.9737E-12
CALSDV   43   12  0.9848E-12  0.9853E-12
CALSDV   44   12  0.1000E-11  0.1002E-11
CALSDV   45   12  0.1012E-11  0.1013E-11
CALSDV   46   12  0.1036E-11  0.1038E-11
CALSDV   47   12  0.1048E-11  0.1049E-11
CALSDV   48   12  0.1080E-11  0.1082E-11
CALSDV   49   12  0.1094E-11  0.1095E-11
CALSDV   50   12  0.1133E-11  0.1134E-11
CALSDV   51   12  0.1151E-11  0.1152E-11
CALSDV   52   12  0.1195E-11  0.1197E-11
CALSDV   53   12  0.1218E-11  0.1220E-11
CALSDV   54   12  0.1269E-11  0.1271E-11
CALSDV   55   12  0.1298E-11  0.1300E-11
CALSDV   56   12  0.1356E-11  0.1358E-11
CALSDV   57   12  0.1396E-11  0.1398E-11
CALSDV   58   12  0.1461E-11  0.1464E-11
CALSDV   59   12  0.1518E-11  0.1520E-11
CALSDV   60   12  0.1589E-11  0.1591E-11
CALSDV   13   13  0.3934E-11  0.3941E-11
CALSDV   14   13  0.3767E-11  0.3772E-11
CALSDV   15   13  0.2865E-11  0.2884E-11
CALSDV   16   13  0.2063E-11  0.2069E-11
CALSDV   17   13  0.2305E-11  0.2320E-11
CALSDV   18   13  0.1588E-11  0.1590E-11
CALSDV   19   13  0.1701E-11  0.1713E-11
CALSDV   20   13  0.1372E-11  0.1372E-11
CALSDV   21   13  0.1283E-11  0.1291E-11
CALSDV   22   13  0.1209E-11  0.1210E-11
CALSDV   23   13  0.1041E-11  0.1047E-11
CALSDV   24   13  0.1080E-11  0.1081E-11
CALSDV   25   13  0.9217E-12  0.9259E-12
CALSDV   26   13  0.9836E-12  0.9841E-12
CALSDV   27   13  0.8731E-12  0.8760E-12
CALSDV   28   13  0.9165E-12  0.9180E-12
CALSDV   29   13  0.8590E-12  0.8619E-12
CALSDV   30   13  0.8749E-12  0.8758E-12
CALSDV   31   13  0.8625E-12  0.8647E-12
CALSDV   32   13  0.8536E-12  0.8545E-12
CALSDV   33   13  0.8730E-12  0.8747E-12
CALSDV   34   13  0.8477E-12  0.8482E-12
CALSDV   35   13  0.8884E-12  0.8897E-12
CALSDV   36   13  0.8536E-12  0.8546E-12
CALSDV   37   13  0.9076E-12  0.9086E-12
CALSDV   38   13  0.8699E-12  0.8703E-12
CALSDV   39   13  0.9299E-12  0.9311E-12
CALSDV   40   13  0.8940E-12  0.8944E-12
CALSDV   41   13  0.9563E-12  0.9574E-12
CALSDV   42   13  0.9259E-12  0.9257E-12
CALSDV   43   13  0.9875E-12  0.9887E-12
CALSDV   44   13  0.9641E-12  0.9646E-12
CALSDV   45   13  0.1024E-11  0.1025E-11
CALSDV   46   13  0.1009E-11  0.1010E-11
CALSDV   47   13  0.1067E-11  0.1069E-11
CALSDV   48   13  0.1062E-11  0.1063E-11
CALSDV   49   13  0.1117E-11  0.1119E-11
CALSDV   50   13  0.1122E-11  0.1124E-11
CALSDV   51   13  0.1176E-11  0.1178E-11
CALSDV   52   13  0.1192E-11  0.1193E-11
CALSDV   53   13  0.1244E-11  0.1246E-11
CALSDV   54   13  0.1271E-11  0.1273E-11
CALSDV   55   13  0.1324E-11  0.1326E-11
CALSDV   56   13  0.1362E-11  0.1364E-11
CALSDV   57   13  0.1420E-11  0.1422E-11
CALSDV   58   13  0.1470E-11  0.1472E-11
CALSDV   59   13  0.1545E-11  0.1547E-11
CALSDV   60   13  0.1598E-11  0.1600E-11
CALSDV   14   14  0.3328E-11  0.3327E-11
CALSDV   15   14  0.3847E-11  0.3882E-11
CALSDV   16   14  0.2625E-11  0.2636E-11
CALSDV   17   14  0.1926E-11  0.1949E-11
CALSDV   18   14  0.2160E-11  0.2164E-11
CALSDV   19   14  0.1511E-11  0.1519E-11
CALSDV   20   14  0.1622E-11  0.1621E-11
CALSDV   21   14  0.1442E-11  0.1441E-11
CALSDV   22   14  0.1273E-11  0.1274E-11
CALSDV   23   14  0.1381E-11  0.1379E-11
CALSDV   24   14  0.1102E-11  0.1105E-11
CALSDV   25   14  0.1309E-11  0.1307E-11
CALSDV   26   14  0.1037E-11  0.1043E-11
CALSDV   27   14  0.1237E-11  0.1236E-11
CALSDV   28   14  0.1023E-11  0.1029E-11
CALSDV   29   14  0.1175E-11  0.1175E-11
CALSDV   30   14  0.1027E-11  0.1032E-11
CALSDV   31   14  0.1125E-11  0.1126E-11
CALSDV   32   14  0.1036E-11  0.1041E-11
CALSDV   33   14  0.1090E-11  0.1091E-11
CALSDV   34   14  0.1046E-11  0.1052E-11
CALSDV   35   14  0.1066E-11  0.1068E-11
CALSDV   36   14  0.1058E-11  0.1063E-11
CALSDV   37   14  0.1054E-11  0.1056E-11
CALSDV   38   14  0.1071E-11  0.1075E-11
CALSDV   39   14  0.1051E-11  0.1054E-11
CALSDV   40   14  0.1087E-11  0.1091E-11
CALSDV   41   14  0.1059E-11  0.1062E-11
CALSDV   42   14  0.1106E-11  0.1111E-11
CALSDV   43   14  0.1074E-11  0.1079E-11
CALSDV   44   14  0.1130E-11  0.1135E-11
CALSDV   45   14  0.1099E-11  0.1104E-11
CALSDV   46   14  0.1159E-11  0.1164E-11
CALSDV   47   14  0.1133E-11  0.1138E-11
CALSDV   48   14  0.1195E-11  0.1201E-11
CALSDV   49   14  0.1174E-11  0.1180E-11
CALSDV   50   14  0.1240E-11  0.1245E-11
CALSDV   51   14  0.1226E-11  0.1232E-11
CALSDV   52   14  0.1293E-11  0.1299E-11
CALSDV   53   14  0.1288E-11  0.1294E-11
CALSDV   54   14  0.1356E-11  0.1363E-11
CALSDV   55   14  0.1362E-11  0.1368E-11
CALSDV   56   14  0.1432E-11  0.1439E-11
CALSDV   57   14  0.1452E-11  0.1459E-11
CALSDV   58   14  0.1528E-11  0.1535E-11
CALSDV   59   14  0.1579E-11  0.1586E-11
CALSDV   60   14  0.1660E-11  0.1667E-11
CALSDV   15   15  0.3692E-11  0.3721E-11
CALSDV   16   15  0.4007E-11  0.4040E-11
CALSDV   17   15  0.2747E-11  0.2750E-11
CALSDV   18   15  0.2148E-11  0.2161E-11
CALSDV   19   15  0.2377E-11  0.2378E-11
CALSDV   20   15  0.1604E-11  0.1615E-11
CALSDV   21   15  0.1851E-11  0.1860E-11
CALSDV   22   15  0.1416E-11  0.1423E-11
CALSDV   23   15  0.1468E-11  0.1468E-11
CALSDV   24   15  0.1292E-11  0.1300E-11
CALSDV   25   15  0.1237E-11  0.1237E-11
CALSDV   26   15  0.1191E-11  0.1196E-11
CALSDV   27   15  0.1116E-11  0.1117E-11
CALSDV   28   15  0.1113E-11  0.1116E-11
CALSDV   29   15  0.1062E-11  0.1064E-11
CALSDV   30   15  0.1057E-11  0.1059E-11
CALSDV   31   15  0.1042E-11  0.1043E-11
CALSDV   32   15  0.1022E-11  0.1024E-11
CALSDV   33   15  0.1039E-11  0.1040E-11
CALSDV   34   15  0.1004E-11  0.1006E-11
CALSDV   35   15  0.1045E-11  0.1047E-11
CALSDV   36   15  0.9998E-12  0.1004E-11
CALSDV   37   15  0.1055E-11  0.1058E-11
CALSDV   38   15  0.1007E-11  0.1011E-11
CALSDV   39   15  0.1071E-11  0.1074E-11
CALSDV   40   15  0.1024E-11  0.1029E-11
CALSDV   41   15  0.1090E-11  0.1094E-11
CALSDV   42   15  0.1050E-11  0.1054E-11
CALSDV   43   15  0.1114E-11  0.1118E-11
CALSDV   44   15  0.1082E-11  0.1087E-11
CALSDV   45   15  0.1144E-11  0.1148E-11
CALSDV   46   15  0.1122E-11  0.1126E-11
CALSDV   47   15  0.1179E-11  0.1184E-11
CALSDV   48   15  0.1169E-11  0.1173E-11
CALSDV   49   15  0.1221E-11  0.1226E-11
CALSDV   50   15  0.1223E-11  0.1227E-11
CALSDV   51   15  0.1272E-11  0.1276E-11
CALSDV   52   15  0.1285E-11  0.1289E-11
CALSDV   53   15  0.1331E-11  0.1335E-11
CALSDV   54   15  0.1356E-11  0.1361E-11
CALSDV   55   15  0.1400E-11  0.1405E-11
CALSDV   56   15  0.1438E-11  0.1443E-11
CALSDV   57   15  0.1487E-11  0.1491E-11
CALSDV   58   15  0.1537E-11  0.1542E-11
CALSDV   59   15  0.1613E-11  0.1619E-11
CALSDV   60   15  0.1670E-11  0.1675E-11
CALSDV   16   16  0.2916E-11  0.2911E-11
CALSDV   17   16  0.3715E-11  0.3667E-11
CALSDV   18   16  0.2695E-11  0.2681E-11
CALSDV   19   16  0.1937E-11  0.1923E-11
CALSDV   20   16  0.2308E-11  0.2294E-11
CALSDV   21   16  0.1586E-11  0.1576E-11
CALSDV   22   16  0.1740E-11  0.1727E-11
CALSDV   23   16  0.1514E-11  0.1501E-11
CALSDV   24   16  0.1351E-11  0.1344E-11
CALSDV   25   16  0.1436E-11  0.1427E-11
CALSDV   26   16  0.1167E-11  0.1164E-11
CALSDV   27   16  0.1352E-11  0.1343E-11
CALSDV   28   16  0.1116E-11  0.1110E-11
CALSDV   29   16  0.1274E-11  0.1268E-11
CALSDV   30   16  0.1122E-11  0.1119E-11
CALSDV   31   16  0.1214E-11  0.1210E-11
CALSDV   32   16  0.1148E-11  0.1146E-11
CALSDV   33   16  0.1175E-11  0.1170E-11
CALSDV   34   16  0.1175E-11  0.1173E-11
CALSDV   35   16  0.1151E-11  0.1147E-11
CALSDV   36   16  0.1201E-11  0.1195E-11
CALSDV   37   16  0.1142E-11  0.1137E-11
CALSDV   38   16  0.1222E-11  0.1216E-11
CALSDV   39   16  0.1143E-11  0.1139E-11
CALSDV   40   16  0.1242E-11  0.1235E-11
CALSDV   41   16  0.1155E-11  0.1150E-11
CALSDV   42   16  0.1261E-11  0.1254E-11
CALSDV   43   16  0.1174E-11  0.1169E-11
CALSDV   44   16  0.1283E-11  0.1275E-11
CALSDV   45   16  0.1201E-11  0.1195E-11
CALSDV   46   16  0.1308E-11  0.1300E-11
CALSDV   47   16  0.1235E-11  0.1228E-11
CALSDV   48   16  0.1337E-11  0.1328E-11
CALSDV   49   16  0.1276E-11  0.1268E-11
CALSDV   50   16  0.1373E-11  0.1363E-11
CALSDV   51   16  0.1325E-11  0.1316E-11
CALSDV   52   16  0.1416E-11  0.1406E-11
CALSDV   53   16  0.1381E-11  0.1371E-11
CALSDV   54   16  0.1468E-11  0.1457E-11
CALSDV   55   16  0.1447E-11  0.1437E-11
CALSDV   56   16  0.1532E-11  0.1520E-11
CALSDV   57   16  0.1529E-11  0.1518E-11
CALSDV   58   16  0.1614E-11  0.1601E-11
CALSDV   59   16  0.1657E-11  0.1645E-11
CALSDV   60   16  0.1745E-11  0.1732E-11
CALSDV   17   17  0.2717E-11  0.2714E-11
CALSDV   18   17  0.3231E-11  0.3252E-11
CALSDV   19   17  0.2604E-11  0.2611E-11
CALSDV   20   17  0.1799E-11  0.1824E-11
CALSDV   21   17  0.2294E-11  0.2298E-11
CALSDV   22   17  0.1673E-11  0.1691E-11
CALSDV   23   17  0.1773E-11  0.1775E-11
CALSDV   24   17  0.1605E-11  0.1613E-11
CALSDV   25   17  0.1389E-11  0.1387E-11
CALSDV   26   17  0.1467E-11  0.1470E-11
CALSDV   27   17  0.1175E-11  0.1174E-11
CALSDV   28   17  0.1314E-11  0.1313E-11
CALSDV   29   17  0.1081E-11  0.1080E-11
CALSDV   30   17  0.1183E-11  0.1181E-11
CALSDV   31   17  0.1054E-11  0.1055E-11
CALSDV   32   17  0.1091E-11  0.1088E-11
CALSDV   33   17  0.1060E-11  0.1061E-11
CALSDV   34   17  0.1039E-11  0.1036E-11
CALSDV   35   17  0.1078E-11  0.1079E-11
CALSDV   36   17  0.1020E-11  0.1018E-11
CALSDV   37   17  0.1102E-11  0.1103E-11
CALSDV   38   17  0.1027E-11  0.1025E-11
CALSDV   39   17  0.1127E-11  0.1130E-11
CALSDV   40   17  0.1050E-11  0.1049E-11
CALSDV   41   17  0.1155E-11  0.1158E-11
CALSDV   42   17  0.1087E-11  0.1086E-11
CALSDV   43   17  0.1186E-11  0.1189E-11
CALSDV   44   17  0.1131E-11  0.1132E-11
CALSDV   45   17  0.1221E-11  0.1224E-11
CALSDV   46   17  0.1181E-11  0.1182E-11
CALSDV   47   17  0.1259E-11  0.1262E-11
CALSDV   48   17  0.1236E-11  0.1238E-11
CALSDV   49   17  0.1302E-11  0.1305E-11
CALSDV   50   17  0.1297E-11  0.1299E-11
CALSDV   51   17  0.1351E-11  0.1354E-11
CALSDV   52   17  0.1362E-11  0.1364E-11
CALSDV   53   17  0.1407E-11  0.1411E-11
CALSDV   54   17  0.1433E-11  0.1436E-11
CALSDV   55   17  0.1471E-11  0.1475E-11
CALSDV   56   17  0.1512E-11  0.1515E-11
CALSDV   57   17  0.1550E-11  0.1554E-11
CALSDV   58   17  0.1604E-11  0.1608E-11
CALSDV   59   17  0.1675E-11  0.1679E-11
CALSDV   60   17  0.1738E-11  0.1742E-11
CALSDV   18   18  0.3260E-11  0.3244E-11
CALSDV   19   18  0.3344E-11  0.3344E-11
CALSDV   20   18  0.2854E-11  0.2842E-11
CALSDV   21   18  0.1747E-11  0.1741E-11
CALSDV   22   18  0.2429E-11  0.2426E-11
CALSDV   23   18  0.1591E-11  0.1581E-11
CALSDV   24   18  0.1817E-11  0.1816E-11
CALSDV   25   18  0.1574E-11  0.1568E-11
CALSDV   26   18  0.1398E-11  0.1399E-11
CALSDV   27   18  0.1494E-11  0.1491E-11
CALSDV   28   18  0.1215E-11  0.1217E-11
CALSDV   29   18  0.1395E-11  0.1395E-11
CALSDV   30   18  0.1188E-11  0.1190E-11
CALSDV   31   18  0.1310E-11  0.1310E-11
CALSDV   32   18  0.1225E-11  0.1227E-11
CALSDV   33   18  0.1252E-11  0.1253E-11
CALSDV   34   18  0.1276E-11  0.1276E-11
CALSDV   35   18  0.1222E-11  0.1223E-11
CALSDV   36   18  0.1322E-11  0.1321E-11
CALSDV   37   18  0.1215E-11  0.1215E-11
CALSDV   38   18  0.1359E-11  0.1358E-11
CALSDV   39   18  0.1224E-11  0.1223E-11
CALSDV   40   18  0.1388E-11  0.1387E-11
CALSDV   41   18  0.1243E-11  0.1242E-11
CALSDV   42   18  0.1412E-11  0.1411E-11
CALSDV   43   18  0.1270E-11  0.1269E-11
CALSDV   44   18  0.1433E-11  0.1432E-11
CALSDV   45   18  0.1303E-11  0.1301E-11
CALSDV   46   18  0.1455E-11  0.1453E-11
CALSDV   47   18  0.1340E-11  0.1338E-11
CALSDV   48   18  0.1478E-11  0.1477E-11
CALSDV   49   18  0.1381E-11  0.1379E-11
CALSDV   50   18  0.1506E-11  0.1503E-11
CALSDV   51   18  0.1428E-11  0.1424E-11
CALSDV   52   18  0.1538E-11  0.1536E-11
CALSDV   53   18  0.1478E-11  0.1474E-11
CALSDV   54   18  0.1578E-11  0.1575E-11
CALSDV   55   18  0.1535E-11  0.1531E-11
CALSDV   56   18  0.1627E-11  0.1624E-11
CALSDV   57   18  0.1605E-11  0.1601E-11
CALSDV   58   18  0.1693E-11  0.1690E-11
CALSDV   59   18  0.1727E-11  0.1723E-11
CALSDV   60   18  0.1816E-11  0.1812E-11
CALSDV   19   19  0.2673E-11  0.2683E-11
CALSDV   20   19  0.3156E-11  0.3149E-11
CALSDV   21   19  0.2628E-11  0.2635E-11
CALSDV   22   19  0.1753E-11  0.1752E-11
CALSDV   23   19  0.2313E-11  0.2314E-11
CALSDV   24   19  0.1779E-11  0.1782E-11
CALSDV   25   19  0.1806E-11  0.1808E-11
CALSDV   26   19  0.1786E-11  0.1789E-11
CALSDV   27   19  0.1448E-11  0.1451E-11
CALSDV   28   19  0.1667E-11  0.1672E-11
CALSDV   29   19  0.1260E-11  0.1264E-11
CALSDV   30   19  0.1510E-11  0.1515E-11
CALSDV   31   19  0.1184E-11  0.1188E-11
CALSDV   32   19  0.1365E-11  0.1372E-11
CALSDV   33   19  0.1167E-11  0.1169E-11
CALSDV   34   19  0.1260E-11  0.1268E-11
CALSDV   35   19  0.1175E-11  0.1177E-11
CALSDV   36   19  0.1198E-11  0.1206E-11
CALSDV   37   19  0.1195E-11  0.1196E-11
CALSDV   38   19  0.1176E-11  0.1185E-11
CALSDV   39   19  0.1219E-11  0.1220E-11
CALSDV   40   19  0.1185E-11  0.1191E-11
CALSDV   41   19  0.1247E-11  0.1248E-11
CALSDV   42   19  0.1212E-11  0.1218E-11
CALSDV   43   19  0.1278E-11  0.1279E-11
CALSDV   44   19  0.1253E-11  0.1259E-11
CALSDV   45   19  0.1313E-11  0.1314E-11
CALSDV   46   19  0.1302E-11  0.1307E-11
CALSDV   47   19  0.1353E-11  0.1353E-11
CALSDV   48   19  0.1357E-11  0.1360E-11
CALSDV   49   19  0.1395E-11  0.1396E-11
CALSDV   50   19  0.1415E-11  0.1418E-11
CALSDV   51   19  0.1443E-11  0.1443E-11
CALSDV   52   19  0.1476E-11  0.1478E-11
CALSDV   53   19  0.1496E-11  0.1496E-11
CALSDV   54   19  0.1540E-11  0.1542E-11
CALSDV   55   19  0.1554E-11  0.1555E-11
CALSDV   56   19  0.1609E-11  0.1611E-11
CALSDV   57   19  0.1624E-11  0.1625E-11
CALSDV   58   19  0.1690E-11  0.1691E-11
CALSDV   59   19  0.1743E-11  0.1744E-11
CALSDV   60   19  0.1817E-11  0.1819E-11
CALSDV   20   20  0.3072E-11  0.3103E-11
CALSDV   21   20  0.3235E-11  0.3242E-11
CALSDV   22   20  0.2918E-11  0.2931E-11
CALSDV   23   20  0.1715E-11  0.1714E-11
CALSDV   24   20  0.2531E-11  0.2540E-11
CALSDV   25   20  0.1671E-11  0.1675E-11
CALSDV   26   20  0.1911E-11  0.1915E-11
CALSDV   27   20  0.1676E-11  0.1681E-11
CALSDV   28   20  0.1478E-11  0.1480E-11
CALSDV   29   20  0.1577E-11  0.1581E-11
CALSDV   30   20  0.1290E-11  0.1290E-11
CALSDV   31   20  0.1453E-11  0.1457E-11
CALSDV   32   20  0.1266E-11  0.1267E-11
CALSDV   33   20  0.1350E-11  0.1355E-11
CALSDV   34   20  0.1313E-11  0.1313E-11
CALSDV   35   20  0.1290E-11  0.1294E-11
CALSDV   36   20  0.1375E-11  0.1375E-11
CALSDV   37   20  0.1270E-11  0.1274E-11
CALSDV   38   20  0.1430E-11  0.1431E-11
CALSDV   39   20  0.1281E-11  0.1284E-11
CALSDV   40   20  0.1476E-11  0.1477E-11
CALSDV   41   20  0.1311E-11  0.1313E-11
CALSDV   42   20  0.1513E-11  0.1515E-11
CALSDV   43   20  0.1350E-11  0.1353E-11
CALSDV   44   20  0.1543E-11  0.1545E-11
CALSDV   45   20  0.1395E-11  0.1397E-11
CALSDV   46   20  0.1569E-11  0.1571E-11
CALSDV   47   20  0.1441E-11  0.1444E-11
CALSDV   48   20  0.1594E-11  0.1597E-11
CALSDV   49   20  0.1488E-11  0.1491E-11
CALSDV   50   20  0.1620E-11  0.1623E-11
CALSDV   51   20  0.1535E-11  0.1538E-11
CALSDV   52   20  0.1649E-11  0.1652E-11
CALSDV   53   20  0.1582E-11  0.1586E-11
CALSDV   54   20  0.1681E-11  0.1685E-11
CALSDV   55   20  0.1631E-11  0.1634E-11
CALSDV   56   20  0.1720E-11  0.1723E-11
CALSDV   57   20  0.1688E-11  0.1692E-11
CALSDV   58   20  0.1773E-11  0.1776E-11
CALSDV   59   20  0.1800E-11  0.1803E-11
CALSDV   60   20  0.1885E-11  0.1887E-11
CALSDV   21   21  0.2800E-11  0.2812E-11
CALSDV   22   21  0.3162E-11  0.3161E-11
CALSDV   23   21  0.2668E-11  0.2675E-11
CALSDV   24   21  0.1713E-11  0.1710E-11
CALSDV   25   21  0.2320E-11  0.2331E-11
CALSDV   26   21  0.1854E-11  0.1858E-11
CALSDV   27   21  0.1834E-11  0.1840E-11
CALSDV   28   21  0.1932E-11  0.1940E-11
CALSDV   29   21  0.1525E-11  0.1527E-11
CALSDV   30   21  0.1843E-11  0.1853E-11
CALSDV   31   21  0.1386E-11  0.1386E-11
CALSDV   32   21  0.1695E-11  0.1706E-11
CALSDV   33   21  0.1339E-11  0.1340E-11
CALSDV   34   21  0.1552E-11  0.1563E-11
CALSDV   35   21  0.1333E-11  0.1335E-11
CALSDV   36   21  0.1448E-11  0.1458E-11
CALSDV   37   21  0.1343E-11  0.1345E-11
CALSDV   38   21  0.1387E-11  0.1397E-11
CALSDV   39   21  0.1360E-11  0.1363E-11
CALSDV   40   21  0.1367E-11  0.1375E-11
CALSDV   41   21  0.1381E-11  0.1385E-11
CALSDV   42   21  0.1378E-11  0.1385E-11
CALSDV   43   21  0.1407E-11  0.1410E-11
CALSDV   44   21  0.1409E-11  0.1415E-11
CALSDV   45   21  0.1436E-11  0.1440E-11
CALSDV   46   21  0.1451E-11  0.1458E-11
CALSDV   47   21  0.1471E-11  0.1474E-11
CALSDV   48   21  0.1501E-11  0.1507E-11
CALSDV   49   21  0.1510E-11  0.1514E-11
CALSDV   50   21  0.1554E-11  0.1559E-11
CALSDV   51   21  0.1552E-11  0.1556E-11
CALSDV   52   21  0.1608E-11  0.1613E-11
CALSDV   53   21  0.1599E-11  0.1603E-11
CALSDV   54   21  0.1663E-11  0.1668E-11
CALSDV   55   21  0.1648E-11  0.1653E-11
CALSDV   56   21  0.1720E-11  0.1724E-11
CALSDV   57   21  0.1707E-11  0.1712E-11
CALSDV   58   21  0.1784E-11  0.1788E-11
CALSDV   59   21  0.1815E-11  0.1820E-11
CALSDV   60   21  0.1899E-11  0.1903E-11
CALSDV   22   22  0.2826E-11  0.2840E-11
CALSDV   23   22  0.3219E-11  0.3215E-11
CALSDV   24   22  0.2956E-11  0.2954E-11
CALSDV   25   22  0.1722E-11  0.1717E-11
CALSDV   26   22  0.2596E-11  0.2589E-11
CALSDV   27   22  0.1780E-11  0.1776E-11
CALSDV   28   22  0.1980E-11  0.1977E-11
CALSDV   29   22  0.1805E-11  0.1801E-11
CALSDV   30   22  0.1556E-11  0.1555E-11
CALSDV   31   22  0.1684E-11  0.1681E-11
CALSDV   32   22  0.1377E-11  0.1377E-11
CALSDV   33   22  0.1530E-11  0.1526E-11
CALSDV   34   22  0.1358E-11  0.1359E-11
CALSDV   35   22  0.1406E-11  0.1403E-11
CALSDV   36   22  0.1407E-11  0.1407E-11
CALSDV   37   22  0.1342E-11  0.1339E-11
CALSDV   38   22  0.1470E-11  0.1470E-11
CALSDV   39   22  0.1333E-11  0.1330E-11
CALSDV   40   22  0.1530E-11  0.1528E-11
CALSDV   41   22  0.1363E-11  0.1361E-11
CALSDV   42   22  0.1580E-11  0.1579E-11
CALSDV   43   22  0.1415E-11  0.1414E-11
CALSDV   44   22  0.1622E-11  0.1622E-11
CALSDV   45   22  0.1476E-11  0.1475E-11
CALSDV   46   22  0.1659E-11  0.1659E-11
CALSDV   47   22  0.1537E-11  0.1537E-11
CALSDV   48   22  0.1692E-11  0.1692E-11
CALSDV   49   22  0.1595E-11  0.1595E-11
CALSDV   50   22  0.1722E-11  0.1722E-11
CALSDV   51   22  0.1648E-11  0.1648E-11
CALSDV   52   22  0.1753E-11  0.1753E-11
CALSDV   53   22  0.1696E-11  0.1695E-11
CALSDV   54   22  0.1784E-11  0.1784E-11
CALSDV   55   22  0.1739E-11  0.1739E-11
CALSDV   56   22  0.1817E-11  0.1817E-11
CALSDV   57   22  0.1785E-11  0.1784E-11
CALSDV   58   22  0.1859E-11  0.1858E-11
CALSDV   59   22  0.1881E-11  0.1881E-11
CALSDV   60   22  0.1958E-11  0.1957E-11
CALSDV   23   23  0.2943E-11  0.2669E-11
CALSDV   24   23  0.3224E-11  0.3243E-11
CALSDV   25   23  0.2720E-11  0.2688E-11
CALSDV   26   23  0.1707E-11  0.1688E-11
CALSDV   27   23  0.2330E-11  0.2334E-11
CALSDV   28   23  0.1919E-11  0.1910E-11
CALSDV   29   23  0.1847E-11  0.1854E-11
CALSDV   30   23  0.2039E-11  0.2051E-11
CALSDV   31   23  0.1580E-11  0.1594E-11
CALSDV   32   23  0.1961E-11  0.1994E-11
CALSDV   33   23  0.1487E-11  0.1516E-11
CALSDV   34   23  0.1814E-11  0.1866E-11
CALSDV   35   23  0.1472E-11  0.1516E-11
CALSDV   36   23  0.1673E-11  0.1739E-11
CALSDV   37   23  0.1480E-11  0.1534E-11
CALSDV   38   23  0.1574E-11  0.1651E-11
CALSDV   39   23  0.1493E-11  0.1554E-11
CALSDV   40   23  0.1525E-11  0.1605E-11
CALSDV   41   23  0.1509E-11  0.1572E-11
CALSDV   42   23  0.1518E-11  0.1597E-11
CALSDV   43   23  0.1532E-11  0.1591E-11
CALSDV   44   23  0.1542E-11  0.1615E-11
CALSDV   45   23  0.1558E-11  0.1612E-11
CALSDV   46   23  0.1585E-11  0.1648E-11
CALSDV   47   23  0.1592E-11  0.1638E-11
CALSDV   48   23  0.1636E-11  0.1687E-11
CALSDV   49   23  0.1628E-11  0.1665E-11
CALSDV   50   23  0.1690E-11  0.1730E-11
CALSDV   51   23  0.1669E-11  0.1697E-11
CALSDV   52   23  0.1743E-11  0.1774E-11
CALSDV   53   23  0.1711E-11  0.1731E-11
CALSDV   54   23  0.1794E-11  0.1814E-11
CALSDV   55   23  0.1755E-11  0.1767E-11
CALSDV   56   23  0.1841E-11  0.1854E-11
CALSDV   57   23  0.1802E-11  0.1807E-11
CALSDV   58   23  0.1891E-11  0.1895E-11
CALSDV   59   23  0.1897E-11  0.1898E-11
CALSDV   60   23  0.1986E-11  0.1992E-11
CALSDV   24   24  0.2720E-11  0.2750E-11
CALSDV   25   24  0.3270E-11  0.3264E-11
CALSDV   26   24  0.3009E-11  0.3010E-11
CALSDV   27   24  0.1770E-11  0.1761E-11
CALSDV   28   24  0.2639E-11  0.2638E-11
CALSDV   29   24  0.1911E-11  0.1905E-11
CALSDV   30   24  0.2037E-11  0.2035E-11
CALSDV   31   24  0.1949E-11  0.1948E-11
CALSDV   32   24  0.1643E-11  0.1640E-11
CALSDV   33   24  0.1806E-11  0.1805E-11
CALSDV   34   24  0.1487E-11  0.1486E-11
CALSDV   35   24  0.1621E-11  0.1620E-11
CALSDV   36   24  0.1476E-11  0.1475E-11
CALSDV   37   24  0.1478E-11  0.1477E-11
CALSDV   38   24  0.1521E-11  0.1520E-11
CALSDV   39   24  0.1412E-11  0.1410E-11
CALSDV   40   24  0.1578E-11  0.1577E-11
CALSDV   41   24  0.1417E-11  0.1415E-11
CALSDV   42   24  0.1633E-11  0.1633E-11
CALSDV   43   24  0.1468E-11  0.1468E-11
CALSDV   44   24  0.1684E-11  0.1684E-11
CALSDV   45   24  0.1544E-11  0.1542E-11
CALSDV   46   24  0.1731E-11  0.1730E-11
CALSDV   47   24  0.1623E-11  0.1622E-11
CALSDV   48   24  0.1772E-11  0.1773E-11
CALSDV   49   24  0.1695E-11  0.1696E-11
CALSDV   50   24  0.1811E-11  0.1812E-11
CALSDV   51   24  0.1759E-11  0.1760E-11
CALSDV   52   24  0.1848E-11  0.1849E-11
CALSDV   53   24  0.1810E-11  0.1813E-11
CALSDV   54   24  0.1881E-11  0.1883E-11
CALSDV   55   24  0.1850E-11  0.1852E-11
CALSDV   56   24  0.1912E-11  0.1915E-11
CALSDV   57   24  0.1883E-11  0.1886E-11
CALSDV   58   24  0.1946E-11  0.1948E-11
CALSDV   59   24  0.1963E-11  0.1965E-11
CALSDV   60   24  0.2030E-11  0.2032E-11
CALSDV   25   25  0.2788E-11  0.2754E-11
CALSDV   26   25  0.3351E-11  0.3355E-11
CALSDV   27   25  0.2813E-11  0.2813E-11
CALSDV   28   25  0.1741E-11  0.1756E-11
CALSDV   29   25  0.2395E-11  0.2400E-11
CALSDV   30   25  0.1990E-11  0.1997E-11
CALSDV   31   25  0.1890E-11  0.1891E-11
CALSDV   32   25  0.2140E-11  0.2140E-11
CALSDV   33   25  0.1652E-11  0.1652E-11
CALSDV   34   25  0.2077E-11  0.2076E-11
CALSDV   35   25  0.1610E-11  0.1612E-11
CALSDV   36   25  0.1944E-11  0.1942E-11
CALSDV   37   25  0.1640E-11  0.1643E-11
CALSDV   38   25  0.1825E-11  0.1824E-11
CALSDV   39   25  0.1677E-11  0.1681E-11
CALSDV   40   25  0.1755E-11  0.1755E-11
CALSDV   41   25  0.1704E-11  0.1710E-11
CALSDV   42   25  0.1735E-11  0.1735E-11
CALSDV   43   25  0.1727E-11  0.1733E-11
CALSDV   44   25  0.1751E-11  0.1753E-11
CALSDV   45   25  0.1749E-11  0.1756E-11
CALSDV   46   25  0.1790E-11  0.1791E-11
CALSDV   47   25  0.1774E-11  0.1780E-11
CALSDV   48   25  0.1839E-11  0.1840E-11
CALSDV   49   25  0.1802E-11  0.1807E-11
CALSDV   50   25  0.1887E-11  0.1886E-11
CALSDV   51   25  0.1830E-11  0.1833E-11
CALSDV   52   25  0.1930E-11  0.1928E-11
CALSDV   53   25  0.1860E-11  0.1861E-11
CALSDV   54   25  0.1967E-11  0.1963E-11
CALSDV   55   25  0.1887E-11  0.1887E-11
CALSDV   56   25  0.1993E-11  0.1990E-11
CALSDV   57   25  0.1913E-11  0.1912E-11
CALSDV   58   25  0.2017E-11  0.2013E-11
CALSDV   59   25  0.1985E-11  0.1983E-11
CALSDV   60   25  0.2088E-11  0.2085E-11
CALSDV   26   26  0.2715E-11  0.2710E-11
CALSDV   27   26  0.3373E-11  0.3365E-11
CALSDV   28   26  0.3084E-11  0.3079E-11
CALSDV   29   26  0.1859E-11  0.1856E-11
CALSDV   30   26  0.2689E-11  0.2689E-11
CALSDV   31   26  0.2070E-11  0.2072E-11
CALSDV   32   26  0.2098E-11  0.2100E-11
CALSDV   33   26  0.2120E-11  0.2122E-11
CALSDV   34   26  0.1743E-11  0.1742E-11
CALSDV   35   26  0.1957E-11  0.1956E-11
CALSDV   36   26  0.1618E-11  0.1618E-11
CALSDV   37   26  0.1743E-11  0.1743E-11
CALSDV   38   26  0.1614E-11  0.1614E-11
CALSDV   39   26  0.1584E-11  0.1583E-11
CALSDV   40   26  0.1651E-11  0.1655E-11
CALSDV   41   26  0.1518E-11  0.1519E-11
CALSDV   42   26  0.1698E-11  0.1703E-11
CALSDV   43   26  0.1538E-11  0.1539E-11
CALSDV   44   26  0.1747E-11  0.1752E-11
CALSDV   45   26  0.1611E-11  0.1609E-11
CALSDV   46   26  0.1797E-11  0.1801E-11
CALSDV   47   26  0.1703E-11  0.1701E-11
CALSDV   48   26  0.1846E-11  0.1850E-11
CALSDV   49   26  0.1793E-11  0.1793E-11
CALSDV   50   26  0.1894E-11  0.1898E-11
CALSDV   51   26  0.1871E-11  0.1871E-11
CALSDV   52   26  0.1940E-11  0.1943E-11
CALSDV   53   26  0.1929E-11  0.1929E-11
CALSDV   54   26  0.1978E-11  0.1981E-11
CALSDV   55   26  0.1969E-11  0.1969E-11
CALSDV   56   26  0.2011E-11  0.2014E-11
CALSDV   57   26  0.1991E-11  0.1991E-11
CALSDV   58   26  0.2039E-11  0.2040E-11
CALSDV   59   26  0.2050E-11  0.2049E-11
CALSDV   60   26  0.2108E-11  0.2108E-11
CALSDV   27   27  0.2730E-11  0.2683E-11
CALSDV   28   27  0.3489E-11  0.3486E-11
CALSDV   29   27  0.3009E-11  0.3013E-11
CALSDV   30   27  0.1846E-11  0.1846E-11
CALSDV   31   27  0.2544E-11  0.2546E-11
CALSDV   32   27  0.2103E-11  0.2104E-11
CALSDV   33   27  0.1981E-11  0.1980E-11
CALSDV   34   27  0.2231E-11  0.2236E-11
CALSDV   35   27  0.1738E-11  0.1734E-11
CALSDV   36   27  0.2142E-11  0.2145E-11
CALSDV   37   27  0.1725E-11  0.1719E-11
CALSDV   38   27  0.1992E-11  0.1993E-11
CALSDV   39   27  0.1789E-11  0.1780E-11
CALSDV   40   27  0.1878E-11  0.1877E-11
CALSDV   41   27  0.1852E-11  0.1839E-11
CALSDV   42   27  0.1832E-11  0.1830E-11
CALSDV   43   27  0.1898E-11  0.1883E-11
CALSDV   44   27  0.1846E-11  0.1843E-11
CALSDV   45   27  0.1930E-11  0.1916E-11
CALSDV   46   27  0.1894E-11  0.1894E-11
CALSDV   47   27  0.1957E-11  0.1944E-11
CALSDV   48   27  0.1959E-11  0.1959E-11
CALSDV   49   27  0.1981E-11  0.1968E-11
CALSDV   50   27  0.2023E-11  0.2023E-11
CALSDV   51   27  0.2003E-11  0.1994E-11
CALSDV   52   27  0.2076E-11  0.2077E-11
CALSDV   53   27  0.2021E-11  0.2014E-11
CALSDV   54   27  0.2114E-11  0.2114E-11
CALSDV   55   27  0.2031E-11  0.2026E-11
CALSDV   56   27  0.2132E-11  0.2133E-11
CALSDV   57   27  0.2036E-11  0.2033E-11
CALSDV   58   27  0.2137E-11  0.2139E-11
CALSDV   59   27  0.2080E-11  0.2077E-11
CALSDV   60   27  0.2182E-11  0.2182E-11
CALSDV   28   28  0.2716E-11  0.2706E-11
CALSDV   29   28  0.3496E-11  0.3490E-11
CALSDV   30   28  0.3179E-11  0.3181E-11
CALSDV   31   28  0.1959E-11  0.1959E-11
CALSDV   32   28  0.2744E-11  0.2754E-11
CALSDV   33   28  0.2241E-11  0.2240E-11
CALSDV   34   28  0.2163E-11  0.2170E-11
CALSDV   35   28  0.2302E-11  0.2300E-11
CALSDV   36   28  0.1854E-11  0.1855E-11
CALSDV   37   28  0.2121E-11  0.2116E-11
CALSDV   38   28  0.1765E-11  0.1762E-11
CALSDV   39   28  0.1887E-11  0.1881E-11
CALSDV   40   28  0.1770E-11  0.1765E-11
CALSDV   41   28  0.1719E-11  0.1713E-11
CALSDV   42   28  0.1803E-11  0.1797E-11
CALSDV   43   28  0.1663E-11  0.1657E-11
CALSDV   44   28  0.1840E-11  0.1836E-11
CALSDV   45   28  0.1700E-11  0.1695E-11
CALSDV   46   28  0.1883E-11  0.1879E-11
CALSDV   47   28  0.1789E-11  0.1783E-11
CALSDV   48   28  0.1930E-11  0.1927E-11
CALSDV   49   28  0.1892E-11  0.1887E-11
CALSDV   50   28  0.1982E-11  0.1980E-11
CALSDV   51   28  0.1985E-11  0.1982E-11
CALSDV   52   28  0.2035E-11  0.2034E-11
CALSDV   53   28  0.2054E-11  0.2053E-11
CALSDV   54   28  0.2081E-11  0.2081E-11
CALSDV   55   28  0.2094E-11  0.2094E-11
CALSDV   56   28  0.2117E-11  0.2117E-11
CALSDV   57   28  0.2105E-11  0.2106E-11
CALSDV   58   28  0.2137E-11  0.2139E-11
CALSDV   59   28  0.2140E-11  0.2140E-11
CALSDV   60   28  0.2189E-11  0.2190E-11
CALSDV   29   29  0.2552E-11  0.2580E-11
CALSDV   30   29  0.3648E-11  0.3651E-11
CALSDV   31   29  0.3273E-11  0.3291E-11
CALSDV   32   29  0.2006E-11  0.2009E-11
CALSDV   33   29  0.2770E-11  0.2782E-11
CALSDV   34   29  0.2274E-11  0.2278E-11
CALSDV   35   29  0.2130E-11  0.2138E-11
CALSDV   36   29  0.2376E-11  0.2376E-11
CALSDV   37   29  0.1849E-11  0.1852E-11
CALSDV   38   29  0.2250E-11  0.2249E-11
CALSDV   39   29  0.1838E-11  0.1843E-11
CALSDV   40   29  0.2083E-11  0.2080E-11
CALSDV   41   29  0.1920E-11  0.1924E-11
CALSDV   42   29  0.1983E-11  0.1975E-11
CALSDV   43   29  0.2006E-11  0.2007E-11
CALSDV   44   29  0.1969E-11  0.1963E-11
CALSDV   45   29  0.2070E-11  0.2070E-11
CALSDV   46   29  0.2023E-11  0.2016E-11
CALSDV   47   29  0.2115E-11  0.2116E-11
CALSDV   48   29  0.2105E-11  0.2099E-11
CALSDV   49   29  0.2148E-11  0.2150E-11
CALSDV   50   29  0.2187E-11  0.2183E-11
CALSDV   51   29  0.2170E-11  0.2173E-11
CALSDV   52   29  0.2254E-11  0.2251E-11
CALSDV   53   29  0.2185E-11  0.2187E-11
CALSDV   54   29  0.2296E-11  0.2292E-11
CALSDV   55   29  0.2185E-11  0.2188E-11
CALSDV   56   29  0.2305E-11  0.2303E-11
CALSDV   57   29  0.2168E-11  0.2171E-11
CALSDV   58   29  0.2286E-11  0.2285E-11
CALSDV   59   29  0.2181E-11  0.2183E-11
CALSDV   60   29  0.2294E-11  0.2293E-11
CALSDV   30   30  0.2962E-11  0.2938E-11
CALSDV   31   30  0.3843E-11  0.3849E-11
CALSDV   32   30  0.3352E-11  0.3372E-11
CALSDV   33   30  0.2185E-11  0.2190E-11
CALSDV   34   30  0.2860E-11  0.2866E-11
CALSDV   35   30  0.2420E-11  0.2419E-11
CALSDV   36   30  0.2283E-11  0.2285E-11
CALSDV   37   30  0.2486E-11  0.2468E-11
CALSDV   38   30  0.2026E-11  0.2032E-11
CALSDV   39   30  0.2312E-11  0.2290E-11
CALSDV   40   30  0.1981E-11  0.1988E-11
CALSDV   41   30  0.2100E-11  0.2073E-11
CALSDV   42   30  0.2006E-11  0.2009E-11
CALSDV   43   30  0.1966E-11  0.1935E-11
CALSDV   44   30  0.2039E-11  0.2038E-11
CALSDV   45   30  0.1941E-11  0.1911E-11
CALSDV   46   30  0.2069E-11  0.2066E-11
CALSDV   47   30  0.1996E-11  0.1969E-11
CALSDV   48   30  0.2102E-11  0.2098E-11
CALSDV   49   30  0.2086E-11  0.2063E-11
CALSDV   50   30  0.2141E-11  0.2136E-11
CALSDV   51   30  0.2173E-11  0.2155E-11
CALSDV   52   30  0.2186E-11  0.2179E-11
CALSDV   53   30  0.2239E-11  0.2222E-11
CALSDV   54   30  0.2229E-11  0.2219E-11
CALSDV   55   30  0.2269E-11  0.2254E-11
CALSDV   56   30  0.2258E-11  0.2248E-11
CALSDV   57   30  0.2261E-11  0.2248E-11
CALSDV   58   30  0.2269E-11  0.2259E-11
CALSDV   59   30  0.2253E-11  0.2248E-11
CALSDV   60   30  0.2287E-11  0.2284E-11
CALSDV   31   31  0.2734E-11  0.2712E-11
CALSDV   32   31  0.3834E-11  0.3832E-11
CALSDV   33   31  0.3527E-11  0.3505E-11
CALSDV   34   31  0.2206E-11  0.2208E-11
CALSDV   35   31  0.3032E-11  0.3025E-11
CALSDV   36   31  0.2497E-11  0.2502E-11
CALSDV   37   31  0.2371E-11  0.2357E-11
CALSDV   38   31  0.2562E-11  0.2562E-11
CALSDV   39   31  0.2055E-11  0.2048E-11
CALSDV   40   31  0.2389E-11  0.2388E-11
CALSDV   41   31  0.2011E-11  0.2012E-11
CALSDV   42   31  0.2197E-11  0.2193E-11
CALSDV   43   31  0.2072E-11  0.2075E-11
CALSDV   44   31  0.2104E-11  0.2096E-11
CALSDV   45   31  0.2145E-11  0.2149E-11
CALSDV   46   31  0.2124E-11  0.2117E-11
CALSDV   47   31  0.2206E-11  0.2213E-11
CALSDV   48   31  0.2214E-11  0.2208E-11
CALSDV   49   31  0.2254E-11  0.2261E-11
CALSDV   50   31  0.2321E-11  0.2317E-11
CALSDV   51   31  0.2291E-11  0.2297E-11
CALSDV   52   31  0.2411E-11  0.2409E-11
CALSDV   53   31  0.2313E-11  0.2319E-11
CALSDV   54   31  0.2465E-11  0.2466E-11
CALSDV   55   31  0.2316E-11  0.2323E-11
CALSDV   56   31  0.2476E-11  0.2478E-11
CALSDV   57   31  0.2295E-11  0.2300E-11
CALSDV   58   31  0.2442E-11  0.2447E-11
CALSDV   59   31  0.2282E-11  0.2284E-11
CALSDV   60   31  0.2413E-11  0.2414E-11
CALSDV   32   32  0.2698E-11  0.2684E-11
CALSDV   33   32  0.3781E-11  0.3789E-11
CALSDV   34   32  0.3457E-11  0.3467E-11
CALSDV   35   32  0.2203E-11  0.2203E-11
CALSDV   36   32  0.2929E-11  0.2929E-11
CALSDV   37   32  0.2596E-11  0.2596E-11
CALSDV   38   32  0.2337E-11  0.2334E-11
CALSDV   39   32  0.2652E-11  0.2651E-11
CALSDV   40   32  0.2106E-11  0.2101E-11
CALSDV   41   32  0.2428E-11  0.2421E-11
CALSDV   42   32  0.2079E-11  0.2078E-11
CALSDV   43   32  0.2164E-11  0.2160E-11
CALSDV   44   32  0.2105E-11  0.2106E-11
CALSDV   45   32  0.2010E-11  0.2005E-11
CALSDV   46   32  0.2135E-11  0.2134E-11
CALSDV   47   32  0.2000E-11  0.1994E-11
CALSDV   48   32  0.2167E-11  0.2166E-11
CALSDV   49   32  0.2085E-11  0.2084E-11
CALSDV   50   32  0.2208E-11  0.2208E-11
CALSDV   51   32  0.2199E-11  0.2200E-11
CALSDV   52   32  0.2259E-11  0.2260E-11
CALSDV   53   32  0.2299E-11  0.2300E-11
CALSDV   54   32  0.2313E-11  0.2313E-11
CALSDV   55   32  0.2358E-11  0.2357E-11
CALSDV   56   32  0.2355E-11  0.2354E-11
CALSDV   57   32  0.2361E-11  0.2360E-11
CALSDV   58   32  0.2369E-11  0.2368E-11
CALSDV   59   32  0.2343E-11  0.2344E-11
CALSDV   60   32  0.2379E-11  0.2380E-11
CALSDV   33   33  0.2680E-11  0.2703E-11
CALSDV   34   33  0.3890E-11  0.3890E-11
CALSDV   35   33  0.3740E-11  0.3741E-11
CALSDV   36   33  0.2222E-11  0.2225E-11
CALSDV   37   33  0.3127E-11  0.3133E-11
CALSDV   38   33  0.2610E-11  0.2611E-11
CALSDV   39   33  0.2385E-11  0.2391E-11
CALSDV   40   33  0.2666E-11  0.2666E-11
CALSDV   41   33  0.2106E-11  0.2108E-11
CALSDV   42   33  0.2451E-11  0.2451E-11
CALSDV   43   33  0.2152E-11  0.2154E-11
CALSDV   44   33  0.2224E-11  0.2227E-11
CALSDV   45   33  0.2285E-11  0.2292E-11
CALSDV   46   33  0.2129E-11  0.2130E-11
CALSDV   47   33  0.2403E-11  0.2413E-11
CALSDV   48   33  0.2174E-11  0.2175E-11
CALSDV   49   33  0.2485E-11  0.2495E-11
CALSDV   50   33  0.2295E-11  0.2297E-11
CALSDV   51   33  0.2531E-11  0.2543E-11
CALSDV   52   33  0.2426E-11  0.2430E-11
CALSDV   53   33  0.2547E-11  0.2558E-11
CALSDV   54   33  0.2524E-11  0.2528E-11
CALSDV   55   33  0.2528E-11  0.2537E-11
CALSDV   56   33  0.2567E-11  0.2571E-11
CALSDV   57   33  0.2473E-11  0.2479E-11
CALSDV   58   33  0.2549E-11  0.2550E-11
CALSDV   59   33  0.2411E-11  0.2413E-11
CALSDV   60   33  0.2505E-11  0.2504E-11
CALSDV   34   34  0.2713E-11  0.2711E-11
CALSDV   35   34  0.3884E-11  0.3889E-11
CALSDV   36   34  0.3634E-11  0.3636E-11
CALSDV   37   34  0.2308E-11  0.2306E-11
CALSDV   38   34  0.3039E-11  0.3043E-11
CALSDV   39   34  0.2781E-11  0.2786E-11
CALSDV   40   34  0.2436E-11  0.2436E-11
CALSDV   41   34  0.2836E-11  0.2847E-11
CALSDV   42   34  0.2233E-11  0.2233E-11
CALSDV   43   34  0.2595E-11  0.2610E-11
CALSDV   44   34  0.2227E-11  0.2230E-11
CALSDV   45   34  0.2339E-11  0.2355E-11
CALSDV   46   34  0.2257E-11  0.2258E-11
CALSDV   47   34  0.2215E-11  0.2229E-11
CALSDV   48   34  0.2281E-11  0.2288E-11
CALSDV   49   34  0.2237E-11  0.2251E-11
CALSDV   50   34  0.2316E-11  0.2322E-11
CALSDV   51   34  0.2341E-11  0.2349E-11
CALSDV   52   34  0.2366E-11  0.2371E-11
CALSDV   53   34  0.2448E-11  0.2454E-11
CALSDV   54   34  0.2423E-11  0.2428E-11
CALSDV   55   34  0.2510E-11  0.2515E-11
CALSDV   56   34  0.2469E-11  0.2474E-11
CALSDV   57   34  0.2506E-11  0.2509E-11
CALSDV   58   34  0.2485E-11  0.2488E-11
CALSDV   59   34  0.2458E-11  0.2458E-11
CALSDV   60   34  0.2476E-11  0.2477E-11
CALSDV   35   35  0.2653E-11  0.2670E-11
CALSDV   36   35  0.4035E-11  0.4032E-11
CALSDV   37   35  0.4013E-11  0.4005E-11
CALSDV   38   35  0.2374E-11  0.2372E-11
CALSDV   39   35  0.3346E-11  0.3342E-11
CALSDV   40   35  0.2811E-11  0.2807E-11
CALSDV   41   35  0.2546E-11  0.2540E-11
CALSDV   42   35  0.2832E-11  0.2829E-11
CALSDV   43   35  0.2249E-11  0.2245E-11
CALSDV   44   35  0.2578E-11  0.2574E-11
CALSDV   45   35  0.2308E-11  0.2303E-11
CALSDV   46   35  0.2349E-11  0.2345E-11
CALSDV   47   35  0.2459E-11  0.2452E-11
CALSDV   48   35  0.2290E-11  0.2288E-11
CALSDV   49   35  0.2588E-11  0.2582E-11
CALSDV   50   35  0.2384E-11  0.2381E-11
CALSDV   51   35  0.2673E-11  0.2668E-11
CALSDV   52   35  0.2537E-11  0.2534E-11
CALSDV   53   35  0.2711E-11  0.2706E-11
CALSDV   54   35  0.2668E-11  0.2666E-11
CALSDV   55   35  0.2701E-11  0.2697E-11
CALSDV   56   35  0.2732E-11  0.2730E-11
CALSDV   57   35  0.2633E-11  0.2631E-11
CALSDV   58   35  0.2708E-11  0.2708E-11
CALSDV   59   35  0.2532E-11  0.2529E-11
CALSDV   60   35  0.2629E-11  0.2627E-11
CALSDV   36   36  0.2873E-11  0.2887E-11
CALSDV   37   36  0.4023E-11  0.4030E-11
CALSDV   38   36  0.3853E-11  0.3838E-11
CALSDV   39   36  0.2447E-11  0.2455E-11
CALSDV   40   36  0.3186E-11  0.3175E-11
CALSDV   41   36  0.2984E-11  0.2994E-11
CALSDV   42   36  0.2562E-11  0.2565E-11
CALSDV   43   36  0.3036E-11  0.3051E-11
CALSDV   44   36  0.2398E-11  0.2403E-11
CALSDV   45   36  0.2799E-11  0.2818E-11
CALSDV   46   36  0.2430E-11  0.2431E-11
CALSDV   47   36  0.2576E-11  0.2598E-11
CALSDV   48   36  0.2474E-11  0.2477E-11
CALSDV   49   36  0.2501E-11  0.2521E-11
CALSDV   50   36  0.2510E-11  0.2510E-11
CALSDV   51   36  0.2553E-11  0.2568E-11
CALSDV   52   36  0.2547E-11  0.2549E-11
CALSDV   53   36  0.2648E-11  0.2661E-11
CALSDV   54   36  0.2593E-11  0.2596E-11
CALSDV   55   36  0.2708E-11  0.2718E-11
CALSDV   56   36  0.2632E-11  0.2634E-11
CALSDV   57   36  0.2687E-11  0.2692E-11
CALSDV   58   36  0.2634E-11  0.2634E-11
CALSDV   59   36  0.2591E-11  0.2596E-11
CALSDV   60   36  0.2591E-11  0.2594E-11
CALSDV   37   37  0.2635E-11  0.2649E-11
CALSDV   38   37  0.4184E-11  0.4184E-11
CALSDV   39   37  0.4274E-11  0.4271E-11
CALSDV   40   37  0.2554E-11  0.2547E-11
CALSDV   41   37  0.3540E-11  0.3535E-11
CALSDV   42   37  0.3025E-11  0.3023E-11
CALSDV   43   37  0.2688E-11  0.2683E-11
CALSDV   44   37  0.2993E-11  0.2993E-11
CALSDV   45   37  0.2392E-11  0.2392E-11
CALSDV   46   37  0.2692E-11  0.2687E-11
CALSDV   47   37  0.2470E-11  0.2470E-11
CALSDV   48   37  0.2464E-11  0.2453E-11
CALSDV   49   37  0.2630E-11  0.2633E-11
CALSDV   50   37  0.2445E-11  0.2437E-11
CALSDV   51   37  0.2761E-11  0.2764E-11
CALSDV   52   37  0.2583E-11  0.2576E-11
CALSDV   53   37  0.2838E-11  0.2838E-11
CALSDV   54   37  0.2750E-11  0.2745E-11
CALSDV   55   37  0.2850E-11  0.2849E-11
CALSDV   56   37  0.2855E-11  0.2853E-11
CALSDV   57   37  0.2785E-11  0.2787E-11
CALSDV   58   37  0.2851E-11  0.2852E-11
CALSDV   59   37  0.2653E-11  0.2653E-11
CALSDV   60   37  0.2749E-11  0.2749E-11
CALSDV   38   38  0.2972E-11  0.2955E-11
CALSDV   39   38  0.4190E-11  0.4185E-11
CALSDV   40   38  0.4077E-11  0.4088E-11
CALSDV   41   38  0.2617E-11  0.2627E-11
CALSDV   42   38  0.3331E-11  0.3349E-11
CALSDV   43   38  0.3200E-11  0.3218E-11
CALSDV   44   38  0.2696E-11  0.2704E-11
CALSDV   45   38  0.3252E-11  0.3282E-11
CALSDV   46   38  0.2565E-11  0.2578E-11
CALSDV   47   38  0.3036E-11  0.3084E-11
CALSDV   48   38  0.2623E-11  0.2650E-11
CALSDV   49   38  0.2866E-11  0.2931E-11
CALSDV   50   38  0.2684E-11  0.2719E-11
CALSDV   51   38  0.2840E-11  0.2909E-11
CALSDV   52   38  0.2727E-11  0.2767E-11
CALSDV   53   38  0.2899E-11  0.2961E-11
CALSDV   54   38  0.2766E-11  0.2806E-11
CALSDV   55   38  0.2946E-11  0.2992E-11
CALSDV   56   38  0.2797E-11  0.2830E-11
CALSDV   57   38  0.2903E-11  0.2933E-11
CALSDV   58   38  0.2789E-11  0.2812E-11
CALSDV   59   38  0.2749E-11  0.2768E-11
CALSDV   60   38  0.2715E-11  0.2727E-11
CALSDV   39   39  0.2728E-11  0.2747E-11
CALSDV   40   39  0.4334E-11  0.4353E-11
CALSDV   41   39  0.4545E-11  0.4555E-11
CALSDV   42   39  0.2758E-11  0.2768E-11
CALSDV   43   39  0.3722E-11  0.3721E-11
CALSDV   44   39  0.3250E-11  0.3259E-11
CALSDV   45   39  0.2821E-11  0.2819E-11
CALSDV   46   39  0.3150E-11  0.3160E-11
CALSDV   47   39  0.2551E-11  0.2549E-11
CALSDV   48   39  0.2797E-11  0.2805E-11
CALSDV   49   39  0.2667E-11  0.2662E-11
CALSDV   50   39  0.2577E-11  0.2586E-11
CALSDV   51   39  0.2845E-11  0.2837E-11
CALSDV   52   39  0.2615E-11  0.2622E-11
CALSDV   53   39  0.2971E-11  0.2962E-11
CALSDV   54   39  0.2793E-11  0.2795E-11
CALSDV   55   39  0.3014E-11  0.3004E-11
CALSDV   56   39  0.2951E-11  0.2948E-11
CALSDV   57   39  0.2955E-11  0.2946E-11
CALSDV   58   39  0.2989E-11  0.2982E-11
CALSDV   59   39  0.2790E-11  0.2785E-11
CALSDV   60   39  0.2874E-11  0.2871E-11
CALSDV   40   40  0.3076E-11  0.3075E-11
CALSDV   41   40  0.4417E-11  0.4407E-11
CALSDV   42   40  0.4423E-11  0.4412E-11
CALSDV   43   40  0.2842E-11  0.2839E-11
CALSDV   44   40  0.3576E-11  0.3559E-11
CALSDV   45   40  0.3442E-11  0.3441E-11
CALSDV   46   40  0.2864E-11  0.2858E-11
CALSDV   47   40  0.3499E-11  0.3496E-11
CALSDV   48   40  0.2764E-11  0.2764E-11
CALSDV   49   40  0.3331E-11  0.3329E-11
CALSDV   50   40  0.2889E-11  0.2889E-11
CALSDV   51   40  0.3234E-11  0.3233E-11
CALSDV   52   40  0.2999E-11  0.3002E-11
CALSDV   53   40  0.3241E-11  0.3239E-11
CALSDV   54   40  0.3061E-11  0.3063E-11
CALSDV   55   40  0.3253E-11  0.3254E-11
CALSDV   56   40  0.3076E-11  0.3079E-11
CALSDV   57   40  0.3170E-11  0.3171E-11
CALSDV   58   40  0.3026E-11  0.3028E-11
CALSDV   59   40  0.2943E-11  0.2943E-11
CALSDV   60   40  0.2887E-11  0.2887E-11
CALSDV   41   41  0.2896E-11  0.2893E-11
CALSDV   42   41  0.4523E-11  0.4515E-11
CALSDV   43   41  0.4849E-11  0.4844E-11
CALSDV   44   41  0.3025E-11  0.3019E-11
CALSDV   45   41  0.3901E-11  0.3893E-11
CALSDV   46   41  0.3519E-11  0.3510E-11
CALSDV   47   41  0.2956E-11  0.2950E-11
CALSDV   48   41  0.3341E-11  0.3335E-11
CALSDV   49   41  0.2733E-11  0.2732E-11
CALSDV   50   41  0.2950E-11  0.2948E-11
CALSDV   51   41  0.2896E-11  0.2900E-11
CALSDV   52   41  0.2770E-11  0.2768E-11
CALSDV   53   41  0.3083E-11  0.3084E-11
CALSDV   54   41  0.2865E-11  0.2858E-11
CALSDV   55   41  0.3175E-11  0.3174E-11
CALSDV   56   41  0.3042E-11  0.3035E-11
CALSDV   57   41  0.3133E-11  0.3131E-11
CALSDV   58   41  0.3118E-11  0.3113E-11
CALSDV   59   41  0.2938E-11  0.2933E-11
CALSDV   60   41  0.3005E-11  0.2999E-11
CALSDV   42   42  0.3186E-11  0.3174E-11
CALSDV   43   42  0.4661E-11  0.4670E-11
CALSDV   44   42  0.4861E-11  0.4853E-11
CALSDV   45   42  0.3103E-11  0.3106E-11
CALSDV   46   42  0.3847E-11  0.3853E-11
CALSDV   47   42  0.3663E-11  0.3668E-11
CALSDV   48   42  0.3031E-11  0.3034E-11
CALSDV   49   42  0.3670E-11  0.3668E-11
CALSDV   50   42  0.2981E-11  0.2979E-11
CALSDV   51   42  0.3502E-11  0.3501E-11
CALSDV   52   42  0.3200E-11  0.3197E-11
CALSDV   53   42  0.3437E-11  0.3433E-11
CALSDV   54   42  0.3365E-11  0.3361E-11
CALSDV   55   42  0.3437E-11  0.3434E-11
CALSDV   56   42  0.3409E-11  0.3410E-11
CALSDV   57   42  0.3361E-11  0.3361E-11
CALSDV   58   42  0.3324E-11  0.3328E-11
CALSDV   59   42  0.3102E-11  0.3106E-11
CALSDV   60   42  0.3094E-11  0.3099E-11
CALSDV   43   43  0.3059E-11  0.3050E-11
CALSDV   44   43  0.4700E-11  0.4687E-11
CALSDV   45   43  0.5165E-11  0.5158E-11
CALSDV   46   43  0.3304E-11  0.3295E-11
CALSDV   47   43  0.4051E-11  0.4051E-11
CALSDV   48   43  0.3785E-11  0.3769E-11
CALSDV   49   43  0.3079E-11  0.3075E-11
CALSDV   50   43  0.3537E-11  0.3515E-11
CALSDV   51   43  0.2951E-11  0.2950E-11
CALSDV   52   43  0.3146E-11  0.3119E-11
CALSDV   53   43  0.3177E-11  0.3180E-11
CALSDV   54   43  0.3031E-11  0.3007E-11
CALSDV   55   43  0.3344E-11  0.3350E-11
CALSDV   56   43  0.3150E-11  0.3137E-11
CALSDV   57   43  0.3332E-11  0.3343E-11
CALSDV   58   43  0.3249E-11  0.3249E-11
CALSDV   59   43  0.3107E-11  0.3112E-11
CALSDV   60   43  0.3140E-11  0.3141E-11
CALSDV   44   44  0.3260E-11  0.3279E-11
CALSDV   45   44  0.4974E-11  0.4976E-11
CALSDV   46   44  0.5351E-11  0.5343E-11
CALSDV   47   44  0.3423E-11  0.3409E-11
CALSDV   48   44  0.4133E-11  0.4135E-11
CALSDV   49   44  0.3926E-11  0.3916E-11
CALSDV   50   44  0.3203E-11  0.3201E-11
CALSDV   51   44  0.3878E-11  0.3880E-11
CALSDV   52   44  0.3240E-11  0.3233E-11
CALSDV   53   44  0.3718E-11  0.3724E-11
CALSDV   54   44  0.3556E-11  0.3558E-11
CALSDV   55   44  0.3654E-11  0.3661E-11
CALSDV   56   44  0.3725E-11  0.3729E-11
CALSDV   57   44  0.3568E-11  0.3573E-11
CALSDV   58   44  0.3657E-11  0.3664E-11
CALSDV   59   44  0.3283E-11  0.3280E-11
CALSDV   60   44  0.3345E-11  0.3345E-11
CALSDV   45   45  0.3352E-11  0.3352E-11
CALSDV   46   45  0.5037E-11  0.5053E-11
CALSDV   47   45  0.5518E-11  0.5533E-11
CALSDV   48   45  0.3648E-11  0.3644E-11
CALSDV   49   45  0.4207E-11  0.4204E-11
CALSDV   50   45  0.4082E-11  0.4067E-11
CALSDV   51   45  0.3273E-11  0.3280E-11
CALSDV   52   45  0.3807E-11  0.3797E-11
CALSDV   53   45  0.3336E-11  0.3325E-11
CALSDV   54   45  0.3477E-11  0.3461E-11
CALSDV   55   45  0.3606E-11  0.3590E-11
CALSDV   56   45  0.3420E-11  0.3408E-11
CALSDV   57   45  0.3647E-11  0.3632E-11
CALSDV   58   45  0.3466E-11  0.3455E-11
CALSDV   59   45  0.3356E-11  0.3348E-11
CALSDV   60   45  0.3318E-11  0.3315E-11
CALSDV   46   46  0.3736E-11  0.3776E-11
CALSDV   47   46  0.5401E-11  0.5381E-11
CALSDV   48   46  0.5828E-11  0.5798E-11
CALSDV   49   46  0.3895E-11  0.3892E-11
CALSDV   50   46  0.4507E-11  0.4476E-11
CALSDV   51   46  0.4355E-11  0.4350E-11
CALSDV   52   46  0.3578E-11  0.3577E-11
CALSDV   53   46  0.4264E-11  0.4258E-11
CALSDV   54   46  0.3673E-11  0.3696E-11
CALSDV   55   46  0.4054E-11  0.4050E-11
CALSDV   56   46  0.3961E-11  0.3977E-11
CALSDV   57   46  0.3864E-11  0.3857E-11
CALSDV   58   46  0.3973E-11  0.3973E-11
CALSDV   59   46  0.3497E-11  0.3491E-11
CALSDV   60   46  0.3607E-11  0.3600E-11
CALSDV   47   47  0.3262E-11  0.3301E-11
CALSDV   48   47  0.5206E-11  0.5187E-11
CALSDV   49   47  0.5800E-11  0.5806E-11
CALSDV   50   47  0.3937E-11  0.3961E-11
CALSDV   51   47  0.4245E-11  0.4253E-11
CALSDV   52   47  0.4323E-11  0.4328E-11
CALSDV   53   47  0.3403E-11  0.3416E-11
CALSDV   54   47  0.4010E-11  0.3988E-11
CALSDV   55   47  0.3613E-11  0.3627E-11
CALSDV   56   47  0.3727E-11  0.3694E-11
CALSDV   57   47  0.3819E-11  0.3835E-11
CALSDV   58   47  0.3669E-11  0.3647E-11
CALSDV   59   47  0.3573E-11  0.3585E-11
CALSDV   60   47  0.3495E-11  0.3488E-11
CALSDV   48   48  0.3389E-11  0.3379E-11
CALSDV   49   48  0.5505E-11  0.5543E-11
CALSDV   50   48  0.6085E-11  0.6100E-11
CALSDV   51   48  0.3948E-11  0.3971E-11
CALSDV   52   48  0.4358E-11  0.4358E-11
CALSDV   53   48  0.4313E-11  0.4310E-11
CALSDV   54   48  0.3524E-11  0.3531E-11
CALSDV   55   48  0.4174E-11  0.4159E-11
CALSDV   56   48  0.3895E-11  0.3893E-11
CALSDV   57   48  0.3972E-11  0.3959E-11
CALSDV   58   48  0.4167E-11  0.4156E-11
CALSDV   59   48  0.3640E-11  0.3637E-11
CALSDV   60   48  0.3858E-11  0.3857E-11
CALSDV   49   49  0.3132E-11  0.3103E-11
CALSDV   50   49  0.5451E-11  0.5438E-11
CALSDV   51   49  0.6003E-11  0.5992E-11
CALSDV   52   49  0.4225E-11  0.4228E-11
CALSDV   53   49  0.4172E-11  0.4174E-11
CALSDV   54   49  0.4608E-11  0.4583E-11
CALSDV   55   49  0.3561E-11  0.3545E-11
CALSDV   56   49  0.4322E-11  0.4284E-11
CALSDV   57   49  0.3886E-11  0.3870E-11
CALSDV   58   49  0.4044E-11  0.4020E-11
CALSDV   59   49  0.3793E-11  0.3781E-11
CALSDV   60   49  0.3748E-11  0.3735E-11
CALSDV   50   50  0.3297E-11  0.3287E-11
CALSDV   51   50  0.5947E-11  0.5936E-11
CALSDV   52   50  0.6302E-11  0.6293E-11
CALSDV   53   50  0.4224E-11  0.4220E-11
CALSDV   54   50  0.4289E-11  0.4288E-11
CALSDV   55   50  0.4672E-11  0.4686E-11
CALSDV   56   50  0.3742E-11  0.3732E-11
CALSDV   57   50  0.4527E-11  0.4542E-11
CALSDV   58   50  0.4189E-11  0.4185E-11
CALSDV   59   50  0.4020E-11  0.4024E-11
CALSDV   60   50  0.4079E-11  0.4074E-11
CALSDV   51   51  0.2957E-11  0.2939E-11
CALSDV   52   51  0.5898E-11  0.5860E-11
CALSDV   53   51  0.6086E-11  0.6098E-11
CALSDV   54   51  0.4538E-11  0.4551E-11
CALSDV   55   51  0.4109E-11  0.4124E-11
CALSDV   56   51  0.4988E-11  0.4984E-11
CALSDV   57   51  0.3899E-11  0.3902E-11
CALSDV   58   51  0.4715E-11  0.4703E-11
CALSDV   59   51  0.4001E-11  0.4002E-11
CALSDV   60   51  0.4157E-11  0.4152E-11
CALSDV   52   52  0.3148E-11  0.3181E-11
CALSDV   53   52  0.6177E-11  0.6174E-11
CALSDV   54   52  0.6317E-11  0.6293E-11
CALSDV   55   52  0.4516E-11  0.4490E-11
CALSDV   56   52  0.4155E-11  0.4116E-11
CALSDV   57   52  0.5035E-11  0.5016E-11
CALSDV   58   52  0.4062E-11  0.4033E-11
CALSDV   59   52  0.4519E-11  0.4508E-11
CALSDV   60   52  0.4246E-11  0.4234E-11
CALSDV   53   53  0.2750E-11  0.2757E-11
CALSDV   54   53  0.6295E-11  0.6232E-11
CALSDV   55   53  0.6011E-11  0.6040E-11
CALSDV   56   53  0.4901E-11  0.4931E-11
CALSDV   57   53  0.4177E-11  0.4240E-11
CALSDV   58   53  0.5452E-11  0.5481E-11
CALSDV   59   53  0.4180E-11  0.4193E-11
CALSDV   60   53  0.4806E-11  0.4814E-11
CALSDV   54   54  0.3119E-11  0.3096E-11
CALSDV   55   54  0.5971E-11  0.5965E-11
CALSDV   56   54  0.6095E-11  0.6100E-11
CALSDV   57   54  0.4883E-11  0.4907E-11
CALSDV   58   54  0.4124E-11  0.4118E-11
CALSDV   59   54  0.5082E-11  0.5088E-11
CALSDV   60   54  0.4328E-11  0.4323E-11
CALSDV   55   55  0.2915E-11  0.2953E-11
CALSDV   56   55  0.6204E-11  0.6220E-11
CALSDV   57   55  0.6079E-11  0.6052E-11
CALSDV   58   55  0.5436E-11  0.5411E-11
CALSDV   59   55  0.4667E-11  0.4639E-11
CALSDV   60   55  0.5570E-11  0.5551E-11
CALSDV   56   56  0.3233E-11  0.3237E-11
CALSDV   57   56  0.5106E-11  0.5088E-11
CALSDV   58   56  0.5878E-11  0.5869E-11
CALSDV   59   56  0.5367E-11  0.5367E-11
CALSDV   60   56  0.4539E-11  0.4530E-11
CALSDV   57   57  0.3394E-11  0.3409E-11
CALSDV   58   57  0.5380E-11  0.5379E-11
CALSDV   59   57  0.6606E-11  0.6638E-11
CALSDV   60   57  0.5786E-11  0.5777E-11
CALSDV   58   58  0.3527E-11  0.3474E-11
CALSDV   59   58  0.4112E-11  0.4098E-11
CALSDV   60   58  0.6378E-11  0.6378E-11
CALSDV   59   59  0.2982E-11  0.2960E-11
CALSDV   60   59  0.4412E-11  0.4358E-11
CALSDV   60   60  0.3077E-11  0.3150E-11
