  This file contains calibrated standard deviations 
       The relevant data lines start with key CALSDV 
       Each such line contains the following data 
           N   M   C_SIGMA   S_SIGMA 
                 FOR M=0 S_SIGMA=0.0 
     
CALSDV    0    0  0.0000E+00  0.0000E+00
CALSDV    1    0  0.0000E+00  0.0000E+00
CALSDV    2    0  0.1687E-09  0.0000E+00
CALSDV    3    0  0.2213E-10  0.0000E+00
CALSDV    4    0  0.8407E-11  0.0000E+00
CALSDV    5    0  0.3516E-11  0.0000E+00
CALSDV    6    0  0.1883E-11  0.0000E+00
CALSDV    7    0  0.1669E-11  0.0000E+00
CALSDV    8    0  0.1671E-11  0.0000E+00
CALSDV    9    0  0.1613E-11  0.0000E+00
CALSDV   10    0  0.1615E-11  0.0000E+00
CALSDV   11    0  0.1631E-11  0.0000E+00
CALSDV   12    0  0.1412E-11  0.0000E+00
CALSDV   13    0  0.1675E-11  0.0000E+00
CALSDV   14    0  0.1528E-11  0.0000E+00
CALSDV   15    0  0.1410E-11  0.0000E+00
CALSDV   16    0  0.1392E-11  0.0000E+00
CALSDV   17    0  0.1467E-11  0.0000E+00
CALSDV   18    0  0.1204E-11  0.0000E+00
CALSDV   19    0  0.1278E-11  0.0000E+00
CALSDV   20    0  0.1321E-11  0.0000E+00
CALSDV   21    0  0.1291E-11  0.0000E+00
CALSDV   22    0  0.1131E-11  0.0000E+00
CALSDV   23    0  0.1260E-11  0.0000E+00
CALSDV   24    0  0.1114E-11  0.0000E+00
CALSDV   25    0  0.1116E-11  0.0000E+00
CALSDV   26    0  0.1169E-11  0.0000E+00
CALSDV   27    0  0.1220E-11  0.0000E+00
CALSDV   28    0  0.9831E-12  0.0000E+00
CALSDV   29    0  0.1093E-11  0.0000E+00
CALSDV   30    0  0.1005E-11  0.0000E+00
CALSDV   31    0  0.1016E-11  0.0000E+00
CALSDV   32    0  0.1049E-11  0.0000E+00
CALSDV   33    0  0.1107E-11  0.0000E+00
CALSDV   34    0  0.8848E-12  0.0000E+00
CALSDV   35    0  0.9889E-12  0.0000E+00
CALSDV   36    0  0.7750E-12  0.0000E+00
CALSDV   37    0  0.8253E-12  0.0000E+00
CALSDV   38    0  0.8197E-12  0.0000E+00
CALSDV   39    0  0.8423E-12  0.0000E+00
CALSDV   40    0  0.8638E-12  0.0000E+00
CALSDV   41    0  0.9000E-12  0.0000E+00
CALSDV   42    0  0.8858E-12  0.0000E+00
CALSDV   43    0  0.9261E-12  0.0000E+00
CALSDV   44    0  0.9231E-12  0.0000E+00
CALSDV   45    0  0.9601E-12  0.0000E+00
CALSDV   46    0  0.9823E-12  0.0000E+00
CALSDV   47    0  0.1020E-11  0.0000E+00
CALSDV   48    0  0.1056E-11  0.0000E+00
CALSDV   49    0  0.1097E-11  0.0000E+00
CALSDV   50    0  0.1140E-11  0.0000E+00
CALSDV   51    0  0.1185E-11  0.0000E+00
CALSDV   52    0  0.1234E-11  0.0000E+00
CALSDV   53    0  0.1285E-11  0.0000E+00
CALSDV   54    0  0.1340E-11  0.0000E+00
CALSDV   55    0  0.1396E-11  0.0000E+00
CALSDV   56    0  0.1457E-11  0.0000E+00
CALSDV   57    0  0.1514E-11  0.0000E+00
CALSDV   58    0  0.1581E-11  0.0000E+00
CALSDV   59    0  0.1490E-11  0.0000E+00
CALSDV   60    0  0.1550E-11  0.0000E+00
CALSDV    1    1  0.0000E+00  0.0000E+00
CALSDV    2    1  0.3727E-10  0.3650E-10
CALSDV    3    1  0.1777E-10  0.1815E-10
CALSDV    4    1  0.6366E-11  0.6457E-11
CALSDV    5    1  0.3215E-11  0.3247E-11
CALSDV    6    1  0.1887E-11  0.1886E-11
CALSDV    7    1  0.1646E-11  0.1646E-11
CALSDV    8    1  0.1755E-11  0.1758E-11
CALSDV    9    1  0.1678E-11  0.1679E-11
CALSDV   10    1  0.1470E-11  0.1471E-11
CALSDV   11    1  0.1425E-11  0.1429E-11
CALSDV   12    1  0.1548E-11  0.1551E-11
CALSDV   13    1  0.1446E-11  0.1448E-11
CALSDV   14    1  0.1563E-11  0.1566E-11
CALSDV   15    1  0.1499E-11  0.1500E-11
CALSDV   16    1  0.1255E-11  0.1255E-11
CALSDV   17    1  0.1234E-11  0.1235E-11
CALSDV   18    1  0.1323E-11  0.1326E-11
CALSDV   19    1  0.1283E-11  0.1283E-11
CALSDV   20    1  0.1208E-11  0.1209E-11
CALSDV   21    1  0.1241E-11  0.1242E-11
CALSDV   22    1  0.1098E-11  0.1098E-11
CALSDV   23    1  0.1098E-11  0.1099E-11
CALSDV   24    1  0.1154E-11  0.1155E-11
CALSDV   25    1  0.1167E-11  0.1168E-11
CALSDV   26    1  0.1038E-11  0.1038E-11
CALSDV   27    1  0.1098E-11  0.1099E-11
CALSDV   28    1  0.9732E-12  0.9738E-12
CALSDV   29    1  0.9969E-12  0.9971E-12
CALSDV   30    1  0.1016E-11  0.1017E-11
CALSDV   31    1  0.1045E-11  0.1045E-11
CALSDV   32    1  0.9455E-12  0.9455E-12
CALSDV   33    1  0.1012E-11  0.1012E-11
CALSDV   34    1  0.8154E-12  0.8148E-12
CALSDV   35    1  0.8738E-12  0.8733E-12
CALSDV   36    1  0.7820E-12  0.7814E-12
CALSDV   37    1  0.8112E-12  0.8104E-12
CALSDV   38    1  0.8189E-12  0.8182E-12
CALSDV   39    1  0.8461E-12  0.8454E-12
CALSDV   40    1  0.8504E-12  0.8495E-12
CALSDV   41    1  0.8842E-12  0.8834E-12
CALSDV   42    1  0.8785E-12  0.8773E-12
CALSDV   43    1  0.9132E-12  0.9123E-12
CALSDV   44    1  0.9224E-12  0.9212E-12
CALSDV   45    1  0.9569E-12  0.9557E-12
CALSDV   46    1  0.9839E-12  0.9826E-12
CALSDV   47    1  0.1021E-11  0.1019E-11
CALSDV   48    1  0.1058E-11  0.1056E-11
CALSDV   49    1  0.1099E-11  0.1097E-11
CALSDV   50    1  0.1142E-11  0.1140E-11
CALSDV   51    1  0.1187E-11  0.1186E-11
CALSDV   52    1  0.1236E-11  0.1235E-11
CALSDV   53    1  0.1287E-11  0.1286E-11
CALSDV   54    1  0.1342E-11  0.1340E-11
CALSDV   55    1  0.1398E-11  0.1396E-11
CALSDV   56    1  0.1459E-11  0.1457E-11
CALSDV   57    1  0.1517E-11  0.1515E-11
CALSDV   58    1  0.1583E-11  0.1581E-11
CALSDV   59    1  0.1495E-11  0.1493E-11
CALSDV   60    1  0.1555E-11  0.1553E-11
CALSDV    2    2  0.2772E-10  0.2490E-10
CALSDV    3    2  0.1692E-10  0.1659E-10
CALSDV    4    2  0.7938E-11  0.7825E-11
CALSDV    5    2  0.4026E-11  0.4002E-11
CALSDV    6    2  0.2363E-11  0.2358E-11
CALSDV    7    2  0.1845E-11  0.1840E-11
CALSDV    8    2  0.1723E-11  0.1718E-11
CALSDV    9    2  0.1769E-11  0.1760E-11
CALSDV   10    2  0.1579E-11  0.1569E-11
CALSDV   11    2  0.1494E-11  0.1489E-11
CALSDV   12    2  0.1440E-11  0.1431E-11
CALSDV   13    2  0.1640E-11  0.1630E-11
CALSDV   14    2  0.1332E-11  0.1330E-11
CALSDV   15    2  0.1453E-11  0.1443E-11
CALSDV   16    2  0.1314E-11  0.1307E-11
CALSDV   17    2  0.1282E-11  0.1275E-11
CALSDV   18    2  0.1212E-11  0.1207E-11
CALSDV   19    2  0.1332E-11  0.1323E-11
CALSDV   20    2  0.1081E-11  0.1077E-11
CALSDV   21    2  0.1170E-11  0.1163E-11
CALSDV   22    2  0.1137E-11  0.1131E-11
CALSDV   23    2  0.1131E-11  0.1125E-11
CALSDV   24    2  0.1050E-11  0.1047E-11
CALSDV   25    2  0.1176E-11  0.1169E-11
CALSDV   26    2  0.9334E-12  0.9300E-12
CALSDV   27    2  0.1006E-11  0.1001E-11
CALSDV   28    2  0.1016E-11  0.1011E-11
CALSDV   29    2  0.1023E-11  0.1019E-11
CALSDV   30    2  0.9530E-12  0.9494E-12
CALSDV   31    2  0.1058E-11  0.1053E-11
CALSDV   32    2  0.8149E-12  0.8130E-12
CALSDV   33    2  0.9094E-12  0.9061E-12
CALSDV   34    2  0.8075E-12  0.8062E-12
CALSDV   35    2  0.8414E-12  0.8399E-12
CALSDV   36    2  0.8175E-12  0.8160E-12
CALSDV   37    2  0.8570E-12  0.8553E-12
CALSDV   38    2  0.8145E-12  0.8126E-12
CALSDV   39    2  0.8558E-12  0.8537E-12
CALSDV   40    2  0.8395E-12  0.8377E-12
CALSDV   41    2  0.8739E-12  0.8719E-12
CALSDV   42    2  0.8804E-12  0.8786E-12
CALSDV   43    2  0.9143E-12  0.9124E-12
CALSDV   44    2  0.9288E-12  0.9270E-12
CALSDV   45    2  0.9639E-12  0.9620E-12
CALSDV   46    2  0.9899E-12  0.9878E-12
CALSDV   47    2  0.1027E-11  0.1025E-11
CALSDV   48    2  0.1063E-11  0.1061E-11
CALSDV   49    2  0.1104E-11  0.1102E-11
CALSDV   50    2  0.1147E-11  0.1145E-11
CALSDV   51    2  0.1193E-11  0.1190E-11
CALSDV   52    2  0.1241E-11  0.1239E-11
CALSDV   53    2  0.1292E-11  0.1290E-11
CALSDV   54    2  0.1347E-11  0.1344E-11
CALSDV   55    2  0.1404E-11  0.1401E-11
CALSDV   56    2  0.1465E-11  0.1462E-11
CALSDV   57    2  0.1524E-11  0.1520E-11
CALSDV   58    2  0.1590E-11  0.1587E-11
CALSDV   59    2  0.1515E-11  0.1512E-11
CALSDV   60    2  0.1575E-11  0.1571E-11
CALSDV    3    3  0.3417E-10  0.3409E-10
CALSDV    4    3  0.1128E-10  0.1131E-10
CALSDV    5    3  0.8584E-11  0.8581E-11
CALSDV    6    3  0.4146E-11  0.4118E-11
CALSDV    7    3  0.3444E-11  0.3459E-11
CALSDV    8    3  0.2387E-11  0.2380E-11
CALSDV    9    3  0.2375E-11  0.2383E-11
CALSDV   10    3  0.1888E-11  0.1877E-11
CALSDV   11    3  0.1826E-11  0.1830E-11
CALSDV   12    3  0.1443E-11  0.1443E-11
CALSDV   13    3  0.1537E-11  0.1539E-11
CALSDV   14    3  0.1482E-11  0.1482E-11
CALSDV   15    3  0.1415E-11  0.1418E-11
CALSDV   16    3  0.1382E-11  0.1375E-11
CALSDV   17    3  0.1402E-11  0.1403E-11
CALSDV   18    3  0.1119E-11  0.1119E-11
CALSDV   19    3  0.1162E-11  0.1162E-11
CALSDV   20    3  0.1171E-11  0.1172E-11
CALSDV   21    3  0.1158E-11  0.1160E-11
CALSDV   22    3  0.1109E-11  0.1105E-11
CALSDV   23    3  0.1179E-11  0.1179E-11
CALSDV   24    3  0.9770E-12  0.9775E-12
CALSDV   25    3  0.1008E-11  0.1008E-11
CALSDV   26    3  0.9924E-12  0.9934E-12
CALSDV   27    3  0.1019E-11  0.1020E-11
CALSDV   28    3  0.9854E-12  0.9846E-12
CALSDV   29    3  0.1032E-11  0.1033E-11
CALSDV   30    3  0.8984E-12  0.8985E-12
CALSDV   31    3  0.9598E-12  0.9595E-12
CALSDV   32    3  0.7944E-12  0.7948E-12
CALSDV   33    3  0.8450E-12  0.8453E-12
CALSDV   34    3  0.8238E-12  0.8241E-12
CALSDV   35    3  0.8422E-12  0.8425E-12
CALSDV   36    3  0.8598E-12  0.8601E-12
CALSDV   37    3  0.8960E-12  0.8961E-12
CALSDV   38    3  0.8304E-12  0.8309E-12
CALSDV   39    3  0.8749E-12  0.8754E-12
CALSDV   40    3  0.8433E-12  0.8436E-12
CALSDV   41    3  0.8737E-12  0.8740E-12
CALSDV   42    3  0.8924E-12  0.8926E-12
CALSDV   43    3  0.9229E-12  0.9232E-12
CALSDV   44    3  0.9425E-12  0.9429E-12
CALSDV   45    3  0.9781E-12  0.9785E-12
CALSDV   46    3  0.1002E-11  0.1003E-11
CALSDV   47    3  0.1040E-11  0.1041E-11
CALSDV   48    3  0.1072E-11  0.1073E-11
CALSDV   49    3  0.1114E-11  0.1115E-11
CALSDV   50    3  0.1156E-11  0.1156E-11
CALSDV   51    3  0.1202E-11  0.1203E-11
CALSDV   52    3  0.1250E-11  0.1250E-11
CALSDV   53    3  0.1302E-11  0.1302E-11
CALSDV   54    3  0.1356E-11  0.1356E-11
CALSDV   55    3  0.1413E-11  0.1414E-11
CALSDV   56    3  0.1474E-11  0.1475E-11
CALSDV   57    3  0.1536E-11  0.1537E-11
CALSDV   58    3  0.1602E-11  0.1603E-11
CALSDV   59    3  0.1554E-11  0.1555E-11
CALSDV   60    3  0.1613E-11  0.1613E-11
CALSDV    4    4  0.1406E-10  0.1436E-10
CALSDV    5    4  0.1470E-10  0.1460E-10
CALSDV    6    4  0.5381E-11  0.5459E-11
CALSDV    7    4  0.3938E-11  0.3964E-11
CALSDV    8    4  0.2505E-11  0.2528E-11
CALSDV    9    4  0.2398E-11  0.2408E-11
CALSDV   10    4  0.1838E-11  0.1849E-11
CALSDV   11    4  0.1795E-11  0.1800E-11
CALSDV   12    4  0.1614E-11  0.1619E-11
CALSDV   13    4  0.1584E-11  0.1584E-11
CALSDV   14    4  0.1503E-11  0.1503E-11
CALSDV   15    4  0.1540E-11  0.1541E-11
CALSDV   16    4  0.1233E-11  0.1237E-11
CALSDV   17    4  0.1320E-11  0.1320E-11
CALSDV   18    4  0.1251E-11  0.1254E-11
CALSDV   19    4  0.1192E-11  0.1194E-11
CALSDV   20    4  0.1144E-11  0.1144E-11
CALSDV   21    4  0.1221E-11  0.1223E-11
CALSDV   22    4  0.1047E-11  0.1049E-11
CALSDV   23    4  0.1121E-11  0.1122E-11
CALSDV   24    4  0.1002E-11  0.1004E-11
CALSDV   25    4  0.1011E-11  0.1012E-11
CALSDV   26    4  0.1027E-11  0.1028E-11
CALSDV   27    4  0.1061E-11  0.1062E-11
CALSDV   28    4  0.9249E-12  0.9257E-12
CALSDV   29    4  0.1027E-11  0.1029E-11
CALSDV   30    4  0.8486E-12  0.8490E-12
CALSDV   31    4  0.8935E-12  0.8945E-12
CALSDV   32    4  0.8554E-12  0.8564E-12
CALSDV   33    4  0.8857E-12  0.8865E-12
CALSDV   34    4  0.8412E-12  0.8421E-12
CALSDV   35    4  0.8745E-12  0.8755E-12
CALSDV   36    4  0.8811E-12  0.8818E-12
CALSDV   37    4  0.9092E-12  0.9100E-12
CALSDV   38    4  0.8779E-12  0.8786E-12
CALSDV   39    4  0.9217E-12  0.9225E-12
CALSDV   40    4  0.8642E-12  0.8648E-12
CALSDV   41    4  0.9008E-12  0.9013E-12
CALSDV   42    4  0.9060E-12  0.9066E-12
CALSDV   43    4  0.9342E-12  0.9348E-12
CALSDV   44    4  0.9637E-12  0.9642E-12
CALSDV   45    4  0.9972E-12  0.9979E-12
CALSDV   46    4  0.1021E-11  0.1021E-11
CALSDV   47    4  0.1058E-11  0.1059E-11
CALSDV   48    4  0.1087E-11  0.1088E-11
CALSDV   49    4  0.1129E-11  0.1129E-11
CALSDV   50    4  0.1169E-11  0.1170E-11
CALSDV   51    4  0.1215E-11  0.1215E-11
CALSDV   52    4  0.1263E-11  0.1263E-11
CALSDV   53    4  0.1314E-11  0.1315E-11
CALSDV   54    4  0.1368E-11  0.1369E-11
CALSDV   55    4  0.1426E-11  0.1427E-11
CALSDV   56    4  0.1487E-11  0.1488E-11
CALSDV   57    4  0.1551E-11  0.1552E-11
CALSDV   58    4  0.1618E-11  0.1619E-11
CALSDV   59    4  0.1591E-11  0.1592E-11
CALSDV   60    4  0.1652E-11  0.1652E-11
CALSDV    5    5  0.2277E-10  0.2293E-10
CALSDV    6    5  0.9230E-11  0.9185E-11
CALSDV    7    5  0.5170E-11  0.5208E-11
CALSDV    8    5  0.3432E-11  0.3433E-11
CALSDV    9    5  0.3044E-11  0.3053E-11
CALSDV   10    5  0.2446E-11  0.2445E-11
CALSDV   11    5  0.2313E-11  0.2314E-11
CALSDV   12    5  0.2113E-11  0.2111E-11
CALSDV   13    5  0.2023E-11  0.2023E-11
CALSDV   14    5  0.1547E-11  0.1547E-11
CALSDV   15    5  0.1566E-11  0.1567E-11
CALSDV   16    5  0.1428E-11  0.1427E-11
CALSDV   17    5  0.1454E-11  0.1454E-11
CALSDV   18    5  0.1394E-11  0.1393E-11
CALSDV   19    5  0.1376E-11  0.1376E-11
CALSDV   20    5  0.1204E-11  0.1203E-11
CALSDV   21    5  0.1246E-11  0.1246E-11
CALSDV   22    5  0.1093E-11  0.1092E-11
CALSDV   23    5  0.1103E-11  0.1103E-11
CALSDV   24    5  0.1114E-11  0.1113E-11
CALSDV   25    5  0.1130E-11  0.1129E-11
CALSDV   26    5  0.1014E-11  0.1013E-11
CALSDV   27    5  0.1069E-11  0.1068E-11
CALSDV   28    5  0.9573E-12  0.9567E-12
CALSDV   29    5  0.1005E-11  0.1004E-11
CALSDV   30    5  0.8724E-12  0.8721E-12
CALSDV   31    5  0.9098E-12  0.9095E-12
CALSDV   32    5  0.9167E-12  0.9164E-12
CALSDV   33    5  0.9361E-12  0.9358E-12
CALSDV   34    5  0.9170E-12  0.9166E-12
CALSDV   35    5  0.9593E-12  0.9593E-12
CALSDV   36    5  0.8991E-12  0.8988E-12
CALSDV   37    5  0.9248E-12  0.9248E-12
CALSDV   38    5  0.9362E-12  0.9361E-12
CALSDV   39    5  0.9740E-12  0.9739E-12
CALSDV   40    5  0.9280E-12  0.9279E-12
CALSDV   41    5  0.9695E-12  0.9695E-12
CALSDV   42    5  0.9327E-12  0.9328E-12
CALSDV   43    5  0.9636E-12  0.9637E-12
CALSDV   44    5  0.9921E-12  0.9921E-12
CALSDV   45    5  0.1024E-11  0.1024E-11
CALSDV   46    5  0.1053E-11  0.1053E-11
CALSDV   47    5  0.1090E-11  0.1090E-11
CALSDV   48    5  0.1111E-11  0.1111E-11
CALSDV   49    5  0.1153E-11  0.1153E-11
CALSDV   50    5  0.1191E-11  0.1191E-11
CALSDV   51    5  0.1237E-11  0.1236E-11
CALSDV   52    5  0.1283E-11  0.1282E-11
CALSDV   53    5  0.1333E-11  0.1333E-11
CALSDV   54    5  0.1388E-11  0.1388E-11
CALSDV   55    5  0.1445E-11  0.1445E-11
CALSDV   56    5  0.1506E-11  0.1506E-11
CALSDV   57    5  0.1571E-11  0.1571E-11
CALSDV   58    5  0.1638E-11  0.1638E-11
CALSDV   59    5  0.1632E-11  0.1632E-11
CALSDV   60    5  0.1693E-11  0.1693E-11
CALSDV    6    6  0.1076E-10  0.1064E-10
CALSDV    7    6  0.1162E-10  0.1148E-10
CALSDV    8    6  0.4660E-11  0.4675E-11
CALSDV    9    6  0.5172E-11  0.5113E-11
CALSDV   10    6  0.3051E-11  0.3054E-11
CALSDV   11    6  0.3213E-11  0.3187E-11
CALSDV   12    6  0.2137E-11  0.2137E-11
CALSDV   13    6  0.2239E-11  0.2221E-11
CALSDV   14    6  0.1790E-11  0.1792E-11
CALSDV   15    6  0.1773E-11  0.1763E-11
CALSDV   16    6  0.1570E-11  0.1569E-11
CALSDV   17    6  0.1621E-11  0.1617E-11
CALSDV   18    6  0.1417E-11  0.1415E-11
CALSDV   19    6  0.1465E-11  0.1464E-11
CALSDV   20    6  0.1228E-11  0.1228E-11
CALSDV   21    6  0.1217E-11  0.1215E-11
CALSDV   22    6  0.1196E-11  0.1196E-11
CALSDV   23    6  0.1196E-11  0.1194E-11
CALSDV   24    6  0.1106E-11  0.1106E-11
CALSDV   25    6  0.1159E-11  0.1159E-11
CALSDV   26    6  0.1035E-11  0.1034E-11
CALSDV   27    6  0.1081E-11  0.1080E-11
CALSDV   28    6  0.9518E-12  0.9515E-12
CALSDV   29    6  0.9659E-12  0.9647E-12
CALSDV   30    6  0.9677E-12  0.9677E-12
CALSDV   31    6  0.9895E-12  0.9890E-12
CALSDV   32    6  0.9447E-12  0.9444E-12
CALSDV   33    6  0.9699E-12  0.9693E-12
CALSDV   34    6  0.9850E-12  0.9847E-12
CALSDV   35    6  0.1013E-11  0.1012E-11
CALSDV   36    6  0.9401E-12  0.9400E-12
CALSDV   37    6  0.9745E-12  0.9742E-12
CALSDV   38    6  0.9757E-12  0.9756E-12
CALSDV   39    6  0.9999E-12  0.9997E-12
CALSDV   40    6  0.1002E-11  0.1002E-11
CALSDV   41    6  0.1041E-11  0.1040E-11
CALSDV   42    6  0.9740E-12  0.9744E-12
CALSDV   43    6  0.1009E-11  0.1009E-11
CALSDV   44    6  0.1018E-11  0.1018E-11
CALSDV   45    6  0.1049E-11  0.1049E-11
CALSDV   46    6  0.1083E-11  0.1083E-11
CALSDV   47    6  0.1119E-11  0.1119E-11
CALSDV   48    6  0.1141E-11  0.1141E-11
CALSDV   49    6  0.1181E-11  0.1182E-11
CALSDV   50    6  0.1214E-11  0.1215E-11
CALSDV   51    6  0.1259E-11  0.1260E-11
CALSDV   52    6  0.1304E-11  0.1304E-11
CALSDV   53    6  0.1354E-11  0.1354E-11
CALSDV   54    6  0.1407E-11  0.1408E-11
CALSDV   55    6  0.1465E-11  0.1465E-11
CALSDV   56    6  0.1525E-11  0.1526E-11
CALSDV   57    6  0.1591E-11  0.1591E-11
CALSDV   58    6  0.1659E-11  0.1659E-11
CALSDV   59    6  0.1670E-11  0.1670E-11
CALSDV   60    6  0.1732E-11  0.1732E-11
CALSDV    7    7  0.1494E-10  0.1482E-10
CALSDV    8    7  0.8801E-11  0.8884E-11
CALSDV    9    7  0.4756E-11  0.4754E-11
CALSDV   10    7  0.3715E-11  0.3733E-11
CALSDV   11    7  0.2955E-11  0.2956E-11
CALSDV   12    7  0.2421E-11  0.2421E-11
CALSDV   13    7  0.2253E-11  0.2253E-11
CALSDV   14    7  0.2131E-11  0.2134E-11
CALSDV   15    7  0.1940E-11  0.1941E-11
CALSDV   16    7  0.1738E-11  0.1739E-11
CALSDV   17    7  0.1719E-11  0.1719E-11
CALSDV   18    7  0.1468E-11  0.1468E-11
CALSDV   19    7  0.1439E-11  0.1440E-11
CALSDV   20    7  0.1379E-11  0.1378E-11
CALSDV   21    7  0.1349E-11  0.1348E-11
CALSDV   22    7  0.1287E-11  0.1287E-11
CALSDV   23    7  0.1281E-11  0.1281E-11
CALSDV   24    7  0.1197E-11  0.1197E-11
CALSDV   25    7  0.1223E-11  0.1223E-11
CALSDV   26    7  0.1107E-11  0.1106E-11
CALSDV   27    7  0.1095E-11  0.1095E-11
CALSDV   28    7  0.1040E-11  0.1039E-11
CALSDV   29    7  0.1059E-11  0.1060E-11
CALSDV   30    7  0.1064E-11  0.1064E-11
CALSDV   31    7  0.1059E-11  0.1059E-11
CALSDV   32    7  0.1057E-11  0.1057E-11
CALSDV   33    7  0.1081E-11  0.1081E-11
CALSDV   34    7  0.1039E-11  0.1039E-11
CALSDV   35    7  0.1044E-11  0.1044E-11
CALSDV   36    7  0.1035E-11  0.1035E-11
CALSDV   37    7  0.1074E-11  0.1074E-11
CALSDV   38    7  0.1031E-11  0.1031E-11
CALSDV   39    7  0.1051E-11  0.1051E-11
CALSDV   40    7  0.1086E-11  0.1086E-11
CALSDV   41    7  0.1109E-11  0.1109E-11
CALSDV   42    7  0.1051E-11  0.1051E-11
CALSDV   43    7  0.1096E-11  0.1096E-11
CALSDV   44    7  0.1066E-11  0.1066E-11
CALSDV   45    7  0.1094E-11  0.1094E-11
CALSDV   46    7  0.1127E-11  0.1127E-11
CALSDV   47    7  0.1156E-11  0.1156E-11
CALSDV   48    7  0.1182E-11  0.1182E-11
CALSDV   49    7  0.1220E-11  0.1220E-11
CALSDV   50    7  0.1252E-11  0.1252E-11
CALSDV   51    7  0.1293E-11  0.1293E-11
CALSDV   52    7  0.1334E-11  0.1334E-11
CALSDV   53    7  0.1381E-11  0.1381E-11
CALSDV   54    7  0.1436E-11  0.1436E-11
CALSDV   55    7  0.1490E-11  0.1490E-11
CALSDV   56    7  0.1552E-11  0.1551E-11
CALSDV   57    7  0.1615E-11  0.1615E-11
CALSDV   58    7  0.1684E-11  0.1684E-11
CALSDV   59    7  0.1709E-11  0.1709E-11
CALSDV   60    7  0.1774E-11  0.1773E-11
CALSDV    8    8  0.8554E-11  0.8451E-11
CALSDV    9    8  0.8005E-11  0.7848E-11
CALSDV   10    8  0.4335E-11  0.4305E-11
CALSDV   11    8  0.4633E-11  0.4548E-11
CALSDV   12    8  0.3306E-11  0.3272E-11
CALSDV   13    8  0.3311E-11  0.3257E-11
CALSDV   14    8  0.2703E-11  0.2670E-11
CALSDV   15    8  0.2642E-11  0.2604E-11
CALSDV   16    8  0.2050E-11  0.2027E-11
CALSDV   17    8  0.2028E-11  0.2001E-11
CALSDV   18    8  0.1797E-11  0.1777E-11
CALSDV   19    8  0.1794E-11  0.1774E-11
CALSDV   20    8  0.1588E-11  0.1573E-11
CALSDV   21    8  0.1613E-11  0.1599E-11
CALSDV   22    8  0.1446E-11  0.1440E-11
CALSDV   23    8  0.1450E-11  0.1440E-11
CALSDV   24    8  0.1289E-11  0.1283E-11
CALSDV   25    8  0.1307E-11  0.1299E-11
CALSDV   26    8  0.1190E-11  0.1182E-11
CALSDV   27    8  0.1213E-11  0.1207E-11
CALSDV   28    8  0.1183E-11  0.1178E-11
CALSDV   29    8  0.1202E-11  0.1198E-11
CALSDV   30    8  0.1141E-11  0.1138E-11
CALSDV   31    8  0.1167E-11  0.1164E-11
CALSDV   32    8  0.1157E-11  0.1155E-11
CALSDV   33    8  0.1176E-11  0.1173E-11
CALSDV   34    8  0.1095E-11  0.1091E-11
CALSDV   35    8  0.1124E-11  0.1122E-11
CALSDV   36    8  0.1135E-11  0.1133E-11
CALSDV   37    8  0.1160E-11  0.1159E-11
CALSDV   38    8  0.1119E-11  0.1119E-11
CALSDV   39    8  0.1157E-11  0.1155E-11
CALSDV   40    8  0.1128E-11  0.1127E-11
CALSDV   41    8  0.1153E-11  0.1152E-11
CALSDV   42    8  0.1159E-11  0.1157E-11
CALSDV   43    8  0.1197E-11  0.1197E-11
CALSDV   44    8  0.1130E-11  0.1129E-11
CALSDV   45    8  0.1169E-11  0.1168E-11
CALSDV   46    8  0.1165E-11  0.1164E-11
CALSDV   47    8  0.1198E-11  0.1196E-11
CALSDV   48    8  0.1231E-11  0.1229E-11
CALSDV   49    8  0.1269E-11  0.1268E-11
CALSDV   50    8  0.1294E-11  0.1292E-11
CALSDV   51    8  0.1337E-11  0.1335E-11
CALSDV   52    8  0.1369E-11  0.1367E-11
CALSDV   53    8  0.1416E-11  0.1415E-11
CALSDV   54    8  0.1467E-11  0.1465E-11
CALSDV   55    8  0.1522E-11  0.1520E-11
CALSDV   56    8  0.1581E-11  0.1579E-11
CALSDV   57    8  0.1645E-11  0.1643E-11
CALSDV   58    8  0.1713E-11  0.1711E-11
CALSDV   59    8  0.1755E-11  0.1753E-11
CALSDV   60    8  0.1818E-11  0.1815E-11
CALSDV    9    9  0.1045E-10  0.1042E-10
CALSDV   10    9  0.8667E-11  0.8741E-11
CALSDV   11    9  0.4546E-11  0.4552E-11
CALSDV   12    9  0.4390E-11  0.4433E-11
CALSDV   13    9  0.3063E-11  0.3075E-11
CALSDV   14    9  0.2806E-11  0.2823E-11
CALSDV   15    9  0.2436E-11  0.2445E-11
CALSDV   16    9  0.2172E-11  0.2175E-11
CALSDV   17    9  0.1907E-11  0.1909E-11
CALSDV   18    9  0.1880E-11  0.1879E-11
CALSDV   19    9  0.1764E-11  0.1764E-11
CALSDV   20    9  0.1634E-11  0.1634E-11
CALSDV   21    9  0.1589E-11  0.1591E-11
CALSDV   22    9  0.1439E-11  0.1441E-11
CALSDV   23    9  0.1386E-11  0.1386E-11
CALSDV   24    9  0.1296E-11  0.1298E-11
CALSDV   25    9  0.1266E-11  0.1267E-11
CALSDV   26    9  0.1291E-11  0.1292E-11
CALSDV   27    9  0.1252E-11  0.1252E-11
CALSDV   28    9  0.1257E-11  0.1258E-11
CALSDV   29    9  0.1239E-11  0.1239E-11
CALSDV   30    9  0.1256E-11  0.1257E-11
CALSDV   31    9  0.1248E-11  0.1248E-11
CALSDV   32    9  0.1188E-11  0.1190E-11
CALSDV   33    9  0.1183E-11  0.1184E-11
CALSDV   34    9  0.1202E-11  0.1203E-11
CALSDV   35    9  0.1219E-11  0.1219E-11
CALSDV   36    9  0.1191E-11  0.1192E-11
CALSDV   37    9  0.1200E-11  0.1201E-11
CALSDV   38    9  0.1238E-11  0.1239E-11
CALSDV   39    9  0.1261E-11  0.1262E-11
CALSDV   40    9  0.1173E-11  0.1174E-11
CALSDV   41    9  0.1200E-11  0.1201E-11
CALSDV   42    9  0.1236E-11  0.1238E-11
CALSDV   43    9  0.1261E-11  0.1262E-11
CALSDV   44    9  0.1232E-11  0.1233E-11
CALSDV   45    9  0.1276E-11  0.1277E-11
CALSDV   46    9  0.1207E-11  0.1208E-11
CALSDV   47    9  0.1236E-11  0.1237E-11
CALSDV   48    9  0.1276E-11  0.1278E-11
CALSDV   49    9  0.1308E-11  0.1309E-11
CALSDV   50    9  0.1342E-11  0.1343E-11
CALSDV   51    9  0.1382E-11  0.1382E-11
CALSDV   52    9  0.1406E-11  0.1406E-11
CALSDV   53    9  0.1449E-11  0.1450E-11
CALSDV   54    9  0.1499E-11  0.1500E-11
CALSDV   55    9  0.1550E-11  0.1550E-11
CALSDV   56    9  0.1610E-11  0.1610E-11
CALSDV   57    9  0.1670E-11  0.1671E-11
CALSDV   58    9  0.1740E-11  0.1741E-11
CALSDV   59    9  0.1789E-11  0.1790E-11
CALSDV   60    9  0.1854E-11  0.1855E-11
CALSDV   10   10  0.8549E-11  0.8551E-11
CALSDV   11   10  0.6588E-11  0.6575E-11
CALSDV   12   10  0.3998E-11  0.3988E-11
CALSDV   13   10  0.3836E-11  0.3824E-11
CALSDV   14   10  0.3232E-11  0.3218E-11
CALSDV   15   10  0.2969E-11  0.2961E-11
CALSDV   16   10  0.3038E-11  0.3036E-11
CALSDV   17   10  0.2515E-11  0.2514E-11
CALSDV   18   10  0.2552E-11  0.2547E-11
CALSDV   19   10  0.2199E-11  0.2200E-11
CALSDV   20   10  0.2039E-11  0.2035E-11
CALSDV   21   10  0.1919E-11  0.1919E-11
CALSDV   22   10  0.1851E-11  0.1848E-11
CALSDV   23   10  0.1744E-11  0.1745E-11
CALSDV   24   10  0.1704E-11  0.1703E-11
CALSDV   25   10  0.1611E-11  0.1611E-11
CALSDV   26   10  0.1602E-11  0.1604E-11
CALSDV   27   10  0.1519E-11  0.1519E-11
CALSDV   28   10  0.1550E-11  0.1553E-11
CALSDV   29   10  0.1486E-11  0.1486E-11
CALSDV   30   10  0.1435E-11  0.1437E-11
CALSDV   31   10  0.1402E-11  0.1403E-11
CALSDV   32   10  0.1396E-11  0.1397E-11
CALSDV   33   10  0.1393E-11  0.1394E-11
CALSDV   34   10  0.1381E-11  0.1383E-11
CALSDV   35   10  0.1369E-11  0.1371E-11
CALSDV   36   10  0.1377E-11  0.1379E-11
CALSDV   37   10  0.1376E-11  0.1377E-11
CALSDV   38   10  0.1361E-11  0.1363E-11
CALSDV   39   10  0.1359E-11  0.1361E-11
CALSDV   40   10  0.1339E-11  0.1340E-11
CALSDV   41   10  0.1365E-11  0.1366E-11
CALSDV   42   10  0.1336E-11  0.1337E-11
CALSDV   43   10  0.1349E-11  0.1349E-11
CALSDV   44   10  0.1387E-11  0.1388E-11
CALSDV   45   10  0.1410E-11  0.1410E-11
CALSDV   46   10  0.1313E-11  0.1314E-11
CALSDV   47   10  0.1342E-11  0.1343E-11
CALSDV   48   10  0.1352E-11  0.1353E-11
CALSDV   49   10  0.1375E-11  0.1376E-11
CALSDV   50   10  0.1420E-11  0.1421E-11
CALSDV   51   10  0.1450E-11  0.1451E-11
CALSDV   52   10  0.1471E-11  0.1472E-11
CALSDV   53   10  0.1508E-11  0.1509E-11
CALSDV   54   10  0.1553E-11  0.1554E-11
CALSDV   55   10  0.1597E-11  0.1597E-11
CALSDV   56   10  0.1656E-11  0.1656E-11
CALSDV   57   10  0.1711E-11  0.1711E-11
CALSDV   58   10  0.1781E-11  0.1782E-11
CALSDV   59   10  0.1841E-11  0.1842E-11
CALSDV   60   10  0.1909E-11  0.1909E-11
CALSDV   11   11  0.7538E-11  0.7467E-11
CALSDV   12   11  0.8552E-11  0.8525E-11
CALSDV   13   11  0.4263E-11  0.4260E-11
CALSDV   14   11  0.5049E-11  0.5027E-11
CALSDV   15   11  0.3154E-11  0.3151E-11
CALSDV   16   11  0.3598E-11  0.3580E-11
CALSDV   17   11  0.2594E-11  0.2593E-11
CALSDV   18   11  0.2593E-11  0.2577E-11
CALSDV   19   11  0.2161E-11  0.2155E-11
CALSDV   20   11  0.2068E-11  0.2055E-11
CALSDV   21   11  0.1708E-11  0.1705E-11
CALSDV   22   11  0.1789E-11  0.1783E-11
CALSDV   23   11  0.1606E-11  0.1604E-11
CALSDV   24   11  0.1660E-11  0.1656E-11
CALSDV   25   11  0.1558E-11  0.1555E-11
CALSDV   26   11  0.1532E-11  0.1528E-11
CALSDV   27   11  0.1461E-11  0.1460E-11
CALSDV   28   11  0.1428E-11  0.1423E-11
CALSDV   29   11  0.1383E-11  0.1382E-11
CALSDV   30   11  0.1386E-11  0.1381E-11
CALSDV   31   11  0.1382E-11  0.1380E-11
CALSDV   32   11  0.1390E-11  0.1387E-11
CALSDV   33   11  0.1383E-11  0.1381E-11
CALSDV   34   11  0.1371E-11  0.1369E-11
CALSDV   35   11  0.1399E-11  0.1397E-11
CALSDV   36   11  0.1403E-11  0.1401E-11
CALSDV   37   11  0.1422E-11  0.1420E-11
CALSDV   38   11  0.1340E-11  0.1338E-11
CALSDV   39   11  0.1375E-11  0.1374E-11
CALSDV   40   11  0.1404E-11  0.1401E-11
CALSDV   41   11  0.1437E-11  0.1435E-11
CALSDV   42   11  0.1366E-11  0.1365E-11
CALSDV   43   11  0.1416E-11  0.1415E-11
CALSDV   44   11  0.1420E-11  0.1420E-11
CALSDV   45   11  0.1456E-11  0.1455E-11
CALSDV   46   11  0.1393E-11  0.1392E-11
CALSDV   47   11  0.1448E-11  0.1448E-11
CALSDV   48   11  0.1375E-11  0.1374E-11
CALSDV   49   11  0.1415E-11  0.1415E-11
CALSDV   50   11  0.1449E-11  0.1448E-11
CALSDV   51   11  0.1489E-11  0.1489E-11
CALSDV   52   11  0.1505E-11  0.1505E-11
CALSDV   53   11  0.1551E-11  0.1551E-11
CALSDV   54   11  0.1580E-11  0.1580E-11
CALSDV   55   11  0.1630E-11  0.1630E-11
CALSDV   56   11  0.1679E-11  0.1679E-11
CALSDV   57   11  0.1738E-11  0.1738E-11
CALSDV   58   11  0.1804E-11  0.1804E-11
CALSDV   59   11  0.1873E-11  0.1873E-11
CALSDV   60   11  0.1935E-11  0.1935E-11
CALSDV   12   12  0.7678E-11  0.7658E-11
CALSDV   13   12  0.6530E-11  0.6525E-11
CALSDV   14   12  0.3930E-11  0.3921E-11
CALSDV   15   12  0.3612E-11  0.3624E-11
CALSDV   16   12  0.3013E-11  0.3016E-11
CALSDV   17   12  0.2887E-11  0.2892E-11
CALSDV   18   12  0.2750E-11  0.2767E-11
CALSDV   19   12  0.2272E-11  0.2269E-11
CALSDV   20   12  0.2576E-11  0.2587E-11
CALSDV   21   12  0.2169E-11  0.2162E-11
CALSDV   22   12  0.2242E-11  0.2249E-11
CALSDV   23   12  0.2048E-11  0.2043E-11
CALSDV   24   12  0.2019E-11  0.2025E-11
CALSDV   25   12  0.1898E-11  0.1894E-11
CALSDV   26   12  0.1875E-11  0.1880E-11
CALSDV   27   12  0.1797E-11  0.1795E-11
CALSDV   28   12  0.1823E-11  0.1827E-11
CALSDV   29   12  0.1750E-11  0.1746E-11
CALSDV   30   12  0.1742E-11  0.1745E-11
CALSDV   31   12  0.1668E-11  0.1665E-11
CALSDV   32   12  0.1700E-11  0.1702E-11
CALSDV   33   12  0.1640E-11  0.1637E-11
CALSDV   34   12  0.1687E-11  0.1689E-11
CALSDV   35   12  0.1638E-11  0.1635E-11
CALSDV   36   12  0.1611E-11  0.1613E-11
CALSDV   37   12  0.1580E-11  0.1578E-11
CALSDV   38   12  0.1626E-11  0.1627E-11
CALSDV   39   12  0.1614E-11  0.1612E-11
CALSDV   40   12  0.1596E-11  0.1597E-11
CALSDV   41   12  0.1576E-11  0.1574E-11
CALSDV   42   12  0.1625E-11  0.1626E-11
CALSDV   43   12  0.1622E-11  0.1621E-11
CALSDV   44   12  0.1561E-11  0.1562E-11
CALSDV   45   12  0.1555E-11  0.1554E-11
CALSDV   46   12  0.1609E-11  0.1610E-11
CALSDV   47   12  0.1622E-11  0.1621E-11
CALSDV   48   12  0.1539E-11  0.1540E-11
CALSDV   49   12  0.1548E-11  0.1548E-11
CALSDV   50   12  0.1560E-11  0.1560E-11
CALSDV   51   12  0.1566E-11  0.1566E-11
CALSDV   52   12  0.1618E-11  0.1619E-11
CALSDV   53   12  0.1636E-11  0.1636E-11
CALSDV   54   12  0.1671E-11  0.1672E-11
CALSDV   55   12  0.1697E-11  0.1697E-11
CALSDV   56   12  0.1750E-11  0.1751E-11
CALSDV   57   12  0.1789E-11  0.1789E-11
CALSDV   58   12  0.1864E-11  0.1865E-11
CALSDV   59   12  0.1930E-11  0.1930E-11
CALSDV   60   12  0.2003E-11  0.2004E-11
CALSDV   13   13  0.6117E-11  0.6062E-11
CALSDV   14   13  0.6444E-11  0.6434E-11
CALSDV   15   13  0.4062E-11  0.4059E-11
CALSDV   16   13  0.3981E-11  0.3973E-11
CALSDV   17   13  0.3321E-11  0.3325E-11
CALSDV   18   13  0.3323E-11  0.3319E-11
CALSDV   19   13  0.2670E-11  0.2671E-11
CALSDV   20   13  0.2702E-11  0.2698E-11
CALSDV   21   13  0.2350E-11  0.2348E-11
CALSDV   22   13  0.2226E-11  0.2222E-11
CALSDV   23   13  0.2002E-11  0.2003E-11
CALSDV   24   13  0.1952E-11  0.1946E-11
CALSDV   25   13  0.1769E-11  0.1772E-11
CALSDV   26   13  0.1760E-11  0.1754E-11
CALSDV   27   13  0.1645E-11  0.1647E-11
CALSDV   28   13  0.1655E-11  0.1652E-11
CALSDV   29   13  0.1635E-11  0.1638E-11
CALSDV   30   13  0.1619E-11  0.1614E-11
CALSDV   31   13  0.1633E-11  0.1636E-11
CALSDV   32   13  0.1563E-11  0.1559E-11
CALSDV   33   13  0.1590E-11  0.1592E-11
CALSDV   34   13  0.1491E-11  0.1487E-11
CALSDV   35   13  0.1548E-11  0.1549E-11
CALSDV   36   13  0.1518E-11  0.1515E-11
CALSDV   37   13  0.1594E-11  0.1594E-11
CALSDV   38   13  0.1531E-11  0.1528E-11
CALSDV   39   13  0.1598E-11  0.1598E-11
CALSDV   40   13  0.1546E-11  0.1543E-11
CALSDV   41   13  0.1636E-11  0.1637E-11
CALSDV   42   13  0.1588E-11  0.1586E-11
CALSDV   43   13  0.1657E-11  0.1657E-11
CALSDV   44   13  0.1535E-11  0.1532E-11
CALSDV   45   13  0.1623E-11  0.1622E-11
CALSDV   46   13  0.1595E-11  0.1592E-11
CALSDV   47   13  0.1661E-11  0.1660E-11
CALSDV   48   13  0.1592E-11  0.1590E-11
CALSDV   49   13  0.1675E-11  0.1675E-11
CALSDV   50   13  0.1535E-11  0.1533E-11
CALSDV   51   13  0.1595E-11  0.1593E-11
CALSDV   52   13  0.1622E-11  0.1620E-11
CALSDV   53   13  0.1679E-11  0.1677E-11
CALSDV   54   13  0.1685E-11  0.1682E-11
CALSDV   55   13  0.1743E-11  0.1741E-11
CALSDV   56   13  0.1760E-11  0.1757E-11
CALSDV   57   13  0.1820E-11  0.1818E-11
CALSDV   58   13  0.1876E-11  0.1873E-11
CALSDV   59   13  0.1961E-11  0.1958E-11
CALSDV   60   13  0.2016E-11  0.2013E-11
CALSDV   14   14  0.4869E-11  0.4874E-11
CALSDV   15   14  0.7552E-11  0.7563E-11
CALSDV   16   14  0.3782E-11  0.3766E-11
CALSDV   17   14  0.4457E-11  0.4460E-11
CALSDV   18   14  0.3242E-11  0.3232E-11
CALSDV   19   14  0.3199E-11  0.3203E-11
CALSDV   20   14  0.2447E-11  0.2447E-11
CALSDV   21   14  0.2523E-11  0.2524E-11
CALSDV   22   14  0.2166E-11  0.2169E-11
CALSDV   23   14  0.2205E-11  0.2201E-11
CALSDV   24   14  0.2014E-11  0.2020E-11
CALSDV   25   14  0.2137E-11  0.2135E-11
CALSDV   26   14  0.1877E-11  0.1879E-11
CALSDV   27   14  0.2082E-11  0.2082E-11
CALSDV   28   14  0.1797E-11  0.1795E-11
CALSDV   29   14  0.2001E-11  0.1999E-11
CALSDV   30   14  0.1774E-11  0.1771E-11
CALSDV   31   14  0.1939E-11  0.1934E-11
CALSDV   32   14  0.1799E-11  0.1797E-11
CALSDV   33   14  0.1916E-11  0.1912E-11
CALSDV   34   14  0.1824E-11  0.1822E-11
CALSDV   35   14  0.1894E-11  0.1891E-11
CALSDV   36   14  0.1794E-11  0.1792E-11
CALSDV   37   14  0.1835E-11  0.1832E-11
CALSDV   38   14  0.1791E-11  0.1790E-11
CALSDV   39   14  0.1828E-11  0.1826E-11
CALSDV   40   14  0.1840E-11  0.1839E-11
CALSDV   41   14  0.1866E-11  0.1864E-11
CALSDV   42   14  0.1790E-11  0.1788E-11
CALSDV   43   14  0.1816E-11  0.1813E-11
CALSDV   44   14  0.1858E-11  0.1856E-11
CALSDV   45   14  0.1885E-11  0.1882E-11
CALSDV   46   14  0.1780E-11  0.1777E-11
CALSDV   47   14  0.1791E-11  0.1788E-11
CALSDV   48   14  0.1853E-11  0.1850E-11
CALSDV   49   14  0.1873E-11  0.1870E-11
CALSDV   50   14  0.1733E-11  0.1730E-11
CALSDV   51   14  0.1752E-11  0.1748E-11
CALSDV   52   14  0.1765E-11  0.1762E-11
CALSDV   53   14  0.1773E-11  0.1770E-11
CALSDV   54   14  0.1822E-11  0.1818E-11
CALSDV   55   14  0.1839E-11  0.1835E-11
CALSDV   56   14  0.1864E-11  0.1861E-11
CALSDV   57   14  0.1891E-11  0.1887E-11
CALSDV   58   14  0.1956E-11  0.1952E-11
CALSDV   59   14  0.2024E-11  0.2020E-11
CALSDV   60   14  0.2098E-11  0.2094E-11
CALSDV   15   15  0.6629E-11  0.6526E-11
CALSDV   16   15  0.5544E-11  0.5562E-11
CALSDV   17   15  0.4056E-11  0.4082E-11
CALSDV   18   15  0.3052E-11  0.3080E-11
CALSDV   19   15  0.3917E-11  0.3962E-11
CALSDV   20   15  0.2727E-11  0.2759E-11
CALSDV   21   15  0.3256E-11  0.3296E-11
CALSDV   22   15  0.2591E-11  0.2610E-11
CALSDV   23   15  0.2874E-11  0.2911E-11
CALSDV   24   15  0.2310E-11  0.2320E-11
CALSDV   25   15  0.2629E-11  0.2653E-11
CALSDV   26   15  0.2114E-11  0.2123E-11
CALSDV   27   15  0.2385E-11  0.2401E-11
CALSDV   28   15  0.1985E-11  0.1992E-11
CALSDV   29   15  0.2191E-11  0.2203E-11
CALSDV   30   15  0.1872E-11  0.1877E-11
CALSDV   31   15  0.2068E-11  0.2080E-11
CALSDV   32   15  0.1785E-11  0.1790E-11
CALSDV   33   15  0.2011E-11  0.2023E-11
CALSDV   34   15  0.1756E-11  0.1763E-11
CALSDV   35   15  0.2009E-11  0.2022E-11
CALSDV   36   15  0.1785E-11  0.1792E-11
CALSDV   37   15  0.2017E-11  0.2029E-11
CALSDV   38   15  0.1789E-11  0.1799E-11
CALSDV   39   15  0.1963E-11  0.1978E-11
CALSDV   40   15  0.1746E-11  0.1759E-11
CALSDV   41   15  0.1891E-11  0.1907E-11
CALSDV   42   15  0.1807E-11  0.1821E-11
CALSDV   43   15  0.1941E-11  0.1957E-11
CALSDV   44   15  0.1807E-11  0.1825E-11
CALSDV   45   15  0.1931E-11  0.1951E-11
CALSDV   46   15  0.1806E-11  0.1820E-11
CALSDV   47   15  0.1968E-11  0.1986E-11
CALSDV   48   15  0.1833E-11  0.1851E-11
CALSDV   49   15  0.1934E-11  0.1954E-11
CALSDV   50   15  0.1811E-11  0.1825E-11
CALSDV   51   15  0.1905E-11  0.1922E-11
CALSDV   52   15  0.1738E-11  0.1747E-11
CALSDV   53   15  0.1816E-11  0.1828E-11
CALSDV   54   15  0.1828E-11  0.1840E-11
CALSDV   55   15  0.1901E-11  0.1914E-11
CALSDV   56   15  0.1875E-11  0.1886E-11
CALSDV   57   15  0.1934E-11  0.1946E-11
CALSDV   58   15  0.1958E-11  0.1969E-11
CALSDV   59   15  0.2054E-11  0.2066E-11
CALSDV   60   15  0.2099E-11  0.2111E-11
CALSDV   16   16  0.4874E-11  0.4790E-11
CALSDV   17   16  0.7111E-11  0.7116E-11
CALSDV   18   16  0.3943E-11  0.3951E-11
CALSDV   19   16  0.4324E-11  0.4337E-11
CALSDV   20   16  0.3723E-11  0.3723E-11
CALSDV   21   16  0.3236E-11  0.3243E-11
CALSDV   22   16  0.2780E-11  0.2775E-11
CALSDV   23   16  0.2773E-11  0.2769E-11
CALSDV   24   16  0.2274E-11  0.2269E-11
CALSDV   25   16  0.2407E-11  0.2397E-11
CALSDV   26   16  0.2187E-11  0.2178E-11
CALSDV   27   16  0.2235E-11  0.2227E-11
CALSDV   28   16  0.2148E-11  0.2141E-11
CALSDV   29   16  0.2204E-11  0.2194E-11
CALSDV   30   16  0.2102E-11  0.2096E-11
CALSDV   31   16  0.2197E-11  0.2187E-11
CALSDV   32   16  0.2064E-11  0.2059E-11
CALSDV   33   16  0.2177E-11  0.2166E-11
CALSDV   34   16  0.2037E-11  0.2032E-11
CALSDV   35   16  0.2146E-11  0.2135E-11
CALSDV   36   16  0.2036E-11  0.2031E-11
CALSDV   37   16  0.2127E-11  0.2116E-11
CALSDV   38   16  0.2080E-11  0.2075E-11
CALSDV   39   16  0.2140E-11  0.2130E-11
CALSDV   40   16  0.2136E-11  0.2131E-11
CALSDV   41   16  0.2155E-11  0.2147E-11
CALSDV   42   16  0.2116E-11  0.2112E-11
CALSDV   43   16  0.2093E-11  0.2087E-11
CALSDV   44   16  0.2090E-11  0.2087E-11
CALSDV   45   16  0.2058E-11  0.2055E-11
CALSDV   46   16  0.2164E-11  0.2161E-11
CALSDV   47   16  0.2145E-11  0.2141E-11
CALSDV   48   16  0.2051E-11  0.2048E-11
CALSDV   49   16  0.2053E-11  0.2048E-11
CALSDV   50   16  0.2139E-11  0.2136E-11
CALSDV   51   16  0.2143E-11  0.2139E-11
CALSDV   52   16  0.1963E-11  0.1962E-11
CALSDV   53   16  0.1942E-11  0.1941E-11
CALSDV   54   16  0.1991E-11  0.1990E-11
CALSDV   55   16  0.1979E-11  0.1978E-11
CALSDV   56   16  0.2026E-11  0.2026E-11
CALSDV   57   16  0.2031E-11  0.2030E-11
CALSDV   58   16  0.2065E-11  0.2065E-11
CALSDV   59   16  0.2118E-11  0.2117E-11
CALSDV   60   16  0.2195E-11  0.2194E-11
CALSDV   17   17  0.4460E-11  0.4460E-11
CALSDV   18   17  0.4921E-11  0.4898E-11
CALSDV   19   17  0.3833E-11  0.3830E-11
CALSDV   20   17  0.2814E-11  0.2803E-11
CALSDV   21   17  0.3805E-11  0.3811E-11
CALSDV   22   17  0.2903E-11  0.2906E-11
CALSDV   23   17  0.3004E-11  0.3011E-11
CALSDV   24   17  0.3061E-11  0.3068E-11
CALSDV   25   17  0.2435E-11  0.2441E-11
CALSDV   26   17  0.2815E-11  0.2820E-11
CALSDV   27   17  0.2260E-11  0.2263E-11
CALSDV   28   17  0.2482E-11  0.2486E-11
CALSDV   29   17  0.2189E-11  0.2193E-11
CALSDV   30   17  0.2250E-11  0.2253E-11
CALSDV   31   17  0.2131E-11  0.2132E-11
CALSDV   32   17  0.2115E-11  0.2117E-11
CALSDV   33   17  0.2091E-11  0.2095E-11
CALSDV   34   17  0.2035E-11  0.2036E-11
CALSDV   35   17  0.2073E-11  0.2078E-11
CALSDV   36   17  0.1985E-11  0.1986E-11
CALSDV   37   17  0.2074E-11  0.2078E-11
CALSDV   38   17  0.1963E-11  0.1965E-11
CALSDV   39   17  0.2100E-11  0.2106E-11
CALSDV   40   17  0.1986E-11  0.1987E-11
CALSDV   41   17  0.2162E-11  0.2169E-11
CALSDV   42   17  0.2065E-11  0.2067E-11
CALSDV   43   17  0.2247E-11  0.2255E-11
CALSDV   44   17  0.2127E-11  0.2130E-11
CALSDV   45   17  0.2271E-11  0.2278E-11
CALSDV   46   17  0.2046E-11  0.2049E-11
CALSDV   47   17  0.2150E-11  0.2155E-11
CALSDV   48   17  0.2101E-11  0.2104E-11
CALSDV   49   17  0.2194E-11  0.2198E-11
CALSDV   50   17  0.2099E-11  0.2100E-11
CALSDV   51   17  0.2175E-11  0.2178E-11
CALSDV   52   17  0.2082E-11  0.2083E-11
CALSDV   53   17  0.2198E-11  0.2200E-11
CALSDV   54   17  0.1957E-11  0.1956E-11
CALSDV   55   17  0.2005E-11  0.2005E-11
CALSDV   56   17  0.2050E-11  0.2050E-11
CALSDV   57   17  0.2088E-11  0.2089E-11
CALSDV   58   17  0.2081E-11  0.2080E-11
CALSDV   59   17  0.2169E-11  0.2169E-11
CALSDV   60   17  0.2199E-11  0.2198E-11
CALSDV   18   18  0.4829E-11  0.4780E-11
CALSDV   19   18  0.5576E-11  0.5558E-11
CALSDV   20   18  0.4280E-11  0.4274E-11
CALSDV   21   18  0.3290E-11  0.3288E-11
CALSDV   22   18  0.4176E-11  0.4175E-11
CALSDV   23   18  0.2904E-11  0.2902E-11
CALSDV   24   18  0.3186E-11  0.3186E-11
CALSDV   25   18  0.2907E-11  0.2903E-11
CALSDV   26   18  0.2429E-11  0.2428E-11
CALSDV   27   18  0.2670E-11  0.2664E-11
CALSDV   28   18  0.2281E-11  0.2277E-11
CALSDV   29   18  0.2396E-11  0.2390E-11
CALSDV   30   18  0.2361E-11  0.2359E-11
CALSDV   31   18  0.2252E-11  0.2248E-11
CALSDV   32   18  0.2427E-11  0.2426E-11
CALSDV   33   18  0.2221E-11  0.2217E-11
CALSDV   34   18  0.2460E-11  0.2459E-11
CALSDV   35   18  0.2242E-11  0.2240E-11
CALSDV   36   18  0.2471E-11  0.2470E-11
CALSDV   37   18  0.2276E-11  0.2276E-11
CALSDV   38   18  0.2462E-11  0.2462E-11
CALSDV   39   18  0.2300E-11  0.2300E-11
CALSDV   40   18  0.2443E-11  0.2442E-11
CALSDV   41   18  0.2308E-11  0.2308E-11
CALSDV   42   18  0.2432E-11  0.2430E-11
CALSDV   43   18  0.2313E-11  0.2314E-11
CALSDV   44   18  0.2453E-11  0.2452E-11
CALSDV   45   18  0.2348E-11  0.2349E-11
CALSDV   46   18  0.2535E-11  0.2534E-11
CALSDV   47   18  0.2440E-11  0.2441E-11
CALSDV   48   18  0.2532E-11  0.2531E-11
CALSDV   49   18  0.2440E-11  0.2440E-11
CALSDV   50   18  0.2368E-11  0.2367E-11
CALSDV   51   18  0.2299E-11  0.2298E-11
CALSDV   52   18  0.2460E-11  0.2460E-11
CALSDV   53   18  0.2432E-11  0.2432E-11
CALSDV   54   18  0.2200E-11  0.2199E-11
CALSDV   55   18  0.2150E-11  0.2149E-11
CALSDV   56   18  0.2233E-11  0.2232E-11
CALSDV   57   18  0.2190E-11  0.2189E-11
CALSDV   58   18  0.2222E-11  0.2221E-11
CALSDV   59   18  0.2257E-11  0.2256E-11
CALSDV   60   18  0.2299E-11  0.2298E-11
CALSDV   19   19  0.4206E-11  0.4254E-11
CALSDV   20   19  0.4868E-11  0.4869E-11
CALSDV   21   19  0.3819E-11  0.3818E-11
CALSDV   22   19  0.2845E-11  0.2858E-11
CALSDV   23   19  0.3799E-11  0.3804E-11
CALSDV   24   19  0.3060E-11  0.3063E-11
CALSDV   25   19  0.3106E-11  0.3118E-11
CALSDV   26   19  0.3410E-11  0.3409E-11
CALSDV   27   19  0.2530E-11  0.2541E-11
CALSDV   28   19  0.3321E-11  0.3313E-11
CALSDV   29   19  0.2347E-11  0.2351E-11
CALSDV   30   19  0.3008E-11  0.2997E-11
CALSDV   31   19  0.2344E-11  0.2342E-11
CALSDV   32   19  0.2717E-11  0.2705E-11
CALSDV   33   19  0.2351E-11  0.2347E-11
CALSDV   34   19  0.2531E-11  0.2522E-11
CALSDV   35   19  0.2352E-11  0.2347E-11
CALSDV   36   19  0.2443E-11  0.2436E-11
CALSDV   37   19  0.2359E-11  0.2355E-11
CALSDV   38   19  0.2417E-11  0.2414E-11
CALSDV   39   19  0.2377E-11  0.2374E-11
CALSDV   40   19  0.2424E-11  0.2425E-11
CALSDV   41   19  0.2404E-11  0.2401E-11
CALSDV   42   19  0.2444E-11  0.2445E-11
CALSDV   43   19  0.2436E-11  0.2435E-11
CALSDV   44   19  0.2466E-11  0.2469E-11
CALSDV   45   19  0.2476E-11  0.2477E-11
CALSDV   46   19  0.2488E-11  0.2490E-11
CALSDV   47   19  0.2525E-11  0.2526E-11
CALSDV   48   19  0.2538E-11  0.2540E-11
CALSDV   49   19  0.2614E-11  0.2616E-11
CALSDV   50   19  0.2661E-11  0.2662E-11
CALSDV   51   19  0.2752E-11  0.2753E-11
CALSDV   52   19  0.2474E-11  0.2476E-11
CALSDV   53   19  0.2517E-11  0.2519E-11
CALSDV   54   19  0.2382E-11  0.2384E-11
CALSDV   55   19  0.2376E-11  0.2377E-11
CALSDV   56   19  0.2231E-11  0.2233E-11
CALSDV   57   19  0.2227E-11  0.2228E-11
CALSDV   58   19  0.2302E-11  0.2303E-11
CALSDV   59   19  0.2376E-11  0.2377E-11
CALSDV   60   19  0.2319E-11  0.2321E-11
CALSDV   20   20  0.4979E-11  0.5241E-11
CALSDV   21   20  0.5322E-11  0.5319E-11
CALSDV   22   20  0.4498E-11  0.4590E-11
CALSDV   23   20  0.3201E-11  0.3183E-11
CALSDV   24   20  0.4469E-11  0.4516E-11
CALSDV   25   20  0.3066E-11  0.3043E-11
CALSDV   26   20  0.3610E-11  0.3650E-11
CALSDV   27   20  0.3203E-11  0.3187E-11
CALSDV   28   20  0.2805E-11  0.2841E-11
CALSDV   29   20  0.3037E-11  0.3026E-11
CALSDV   30   20  0.2509E-11  0.2538E-11
CALSDV   31   20  0.2730E-11  0.2720E-11
CALSDV   32   20  0.2566E-11  0.2583E-11
CALSDV   33   20  0.2493E-11  0.2484E-11
CALSDV   34   20  0.2683E-11  0.2693E-11
CALSDV   35   20  0.2395E-11  0.2390E-11
CALSDV   36   20  0.2771E-11  0.2779E-11
CALSDV   37   20  0.2406E-11  0.2403E-11
CALSDV   38   20  0.2833E-11  0.2838E-11
CALSDV   39   20  0.2482E-11  0.2478E-11
CALSDV   40   20  0.2876E-11  0.2881E-11
CALSDV   41   20  0.2585E-11  0.2582E-11
CALSDV   42   20  0.2904E-11  0.2909E-11
CALSDV   43   20  0.2691E-11  0.2690E-11
CALSDV   44   20  0.2919E-11  0.2922E-11
CALSDV   45   20  0.2781E-11  0.2779E-11
CALSDV   46   20  0.2926E-11  0.2929E-11
CALSDV   47   20  0.2849E-11  0.2847E-11
CALSDV   48   20  0.2920E-11  0.2923E-11
CALSDV   49   20  0.2887E-11  0.2887E-11
CALSDV   50   20  0.2858E-11  0.2862E-11
CALSDV   51   20  0.2844E-11  0.2844E-11
CALSDV   52   20  0.2853E-11  0.2857E-11
CALSDV   53   20  0.2806E-11  0.2805E-11
CALSDV   54   20  0.2930E-11  0.2933E-11
CALSDV   55   20  0.2814E-11  0.2814E-11
CALSDV   56   20  0.2390E-11  0.2391E-11
CALSDV   57   20  0.2373E-11  0.2374E-11
CALSDV   58   20  0.2449E-11  0.2450E-11
CALSDV   59   20  0.2510E-11  0.2511E-11
CALSDV   60   20  0.2444E-11  0.2445E-11
CALSDV   21   21  0.4337E-11  0.4332E-11
CALSDV   22   21  0.4957E-11  0.4971E-11
CALSDV   23   21  0.3970E-11  0.3970E-11
CALSDV   24   21  0.2835E-11  0.2837E-11
CALSDV   25   21  0.3802E-11  0.3788E-11
CALSDV   26   21  0.3119E-11  0.3111E-11
CALSDV   27   21  0.3204E-11  0.3188E-11
CALSDV   28   21  0.3523E-11  0.3514E-11
CALSDV   29   21  0.2782E-11  0.2775E-11
CALSDV   30   21  0.3504E-11  0.3499E-11
CALSDV   31   21  0.2645E-11  0.2646E-11
CALSDV   32   21  0.3247E-11  0.3246E-11
CALSDV   33   21  0.2646E-11  0.2651E-11
CALSDV   34   21  0.2974E-11  0.2976E-11
CALSDV   35   21  0.2664E-11  0.2671E-11
CALSDV   36   21  0.2795E-11  0.2796E-11
CALSDV   37   21  0.2674E-11  0.2681E-11
CALSDV   38   21  0.2722E-11  0.2720E-11
CALSDV   39   21  0.2689E-11  0.2695E-11
CALSDV   40   21  0.2730E-11  0.2728E-11
CALSDV   41   21  0.2720E-11  0.2725E-11
CALSDV   42   21  0.2793E-11  0.2791E-11
CALSDV   43   21  0.2772E-11  0.2776E-11
CALSDV   44   21  0.2889E-11  0.2886E-11
CALSDV   45   21  0.2844E-11  0.2846E-11
CALSDV   46   21  0.2993E-11  0.2992E-11
CALSDV   47   21  0.2929E-11  0.2930E-11
CALSDV   48   21  0.3094E-11  0.3093E-11
CALSDV   49   21  0.3023E-11  0.3024E-11
CALSDV   50   21  0.3194E-11  0.3193E-11
CALSDV   51   21  0.3119E-11  0.3119E-11
CALSDV   52   21  0.3227E-11  0.3226E-11
CALSDV   53   21  0.3115E-11  0.3116E-11
CALSDV   54   21  0.2983E-11  0.2982E-11
CALSDV   55   21  0.2910E-11  0.2910E-11
CALSDV   56   21  0.2924E-11  0.2923E-11
CALSDV   57   21  0.3058E-11  0.3059E-11
CALSDV   58   21  0.2550E-11  0.2551E-11
CALSDV   59   21  0.2612E-11  0.2613E-11
CALSDV   60   21  0.2542E-11  0.2542E-11
CALSDV   22   22  0.4728E-11  0.4780E-11
CALSDV   23   22  0.5400E-11  0.5392E-11
CALSDV   24   22  0.4563E-11  0.4571E-11
CALSDV   25   22  0.3156E-11  0.3173E-11
CALSDV   26   22  0.4435E-11  0.4436E-11
CALSDV   27   22  0.3330E-11  0.3343E-11
CALSDV   28   22  0.3710E-11  0.3718E-11
CALSDV   29   22  0.3579E-11  0.3575E-11
CALSDV   30   22  0.3112E-11  0.3117E-11
CALSDV   31   22  0.3436E-11  0.3432E-11
CALSDV   32   22  0.2853E-11  0.2849E-11
CALSDV   33   22  0.3115E-11  0.3110E-11
CALSDV   34   22  0.2832E-11  0.2831E-11
CALSDV   35   22  0.2835E-11  0.2824E-11
CALSDV   36   22  0.2898E-11  0.2898E-11
CALSDV   37   22  0.2687E-11  0.2675E-11
CALSDV   38   22  0.2974E-11  0.2972E-11
CALSDV   39   22  0.2666E-11  0.2659E-11
CALSDV   40   22  0.3047E-11  0.3044E-11
CALSDV   41   22  0.2738E-11  0.2735E-11
CALSDV   42   22  0.3120E-11  0.3118E-11
CALSDV   43   22  0.2863E-11  0.2861E-11
CALSDV   44   22  0.3197E-11  0.3197E-11
CALSDV   45   22  0.3017E-11  0.3014E-11
CALSDV   46   22  0.3284E-11  0.3284E-11
CALSDV   47   22  0.3185E-11  0.3181E-11
CALSDV   48   22  0.3376E-11  0.3375E-11
CALSDV   49   22  0.3351E-11  0.3347E-11
CALSDV   50   22  0.3469E-11  0.3468E-11
CALSDV   51   22  0.3500E-11  0.3497E-11
CALSDV   52   22  0.3580E-11  0.3579E-11
CALSDV   53   22  0.3649E-11  0.3645E-11
CALSDV   54   22  0.3687E-11  0.3685E-11
CALSDV   55   22  0.3803E-11  0.3799E-11
CALSDV   56   22  0.3507E-11  0.3506E-11
CALSDV   57   22  0.3596E-11  0.3595E-11
CALSDV   58   22  0.2717E-11  0.2718E-11
CALSDV   59   22  0.2752E-11  0.2752E-11
CALSDV   60   22  0.2855E-11  0.2855E-11
CALSDV   23   23  0.4084E-11  0.4085E-11
CALSDV   24   23  0.5146E-11  0.5213E-11
CALSDV   25   23  0.4222E-11  0.4336E-11
CALSDV   26   23  0.2798E-11  0.2859E-11
CALSDV   27   23  0.3874E-11  0.3907E-11
CALSDV   28   23  0.3200E-11  0.3250E-11
CALSDV   29   23  0.3184E-11  0.3171E-11
CALSDV   30   23  0.3679E-11  0.3659E-11
CALSDV   31   23  0.2966E-11  0.2932E-11
CALSDV   32   23  0.3719E-11  0.3650E-11
CALSDV   33   23  0.3030E-11  0.2981E-11
CALSDV   34   23  0.3524E-11  0.3428E-11
CALSDV   35   23  0.3104E-11  0.3036E-11
CALSDV   36   23  0.3297E-11  0.3194E-11
CALSDV   37   23  0.3120E-11  0.3038E-11
CALSDV   38   23  0.3142E-11  0.3037E-11
CALSDV   39   23  0.3105E-11  0.3012E-11
CALSDV   40   23  0.3082E-11  0.2969E-11
CALSDV   41   23  0.3093E-11  0.2991E-11
CALSDV   42   23  0.3102E-11  0.2978E-11
CALSDV   43   23  0.3109E-11  0.2994E-11
CALSDV   44   23  0.3179E-11  0.3040E-11
CALSDV   45   23  0.3159E-11  0.3031E-11
CALSDV   46   23  0.3297E-11  0.3140E-11
CALSDV   47   23  0.3249E-11  0.3102E-11
CALSDV   48   23  0.3445E-11  0.3265E-11
CALSDV   49   23  0.3378E-11  0.3209E-11
CALSDV   50   23  0.3617E-11  0.3413E-11
CALSDV   51   23  0.3540E-11  0.3347E-11
CALSDV   52   23  0.3795E-11  0.3570E-11
CALSDV   53   23  0.3720E-11  0.3501E-11
CALSDV   54   23  0.3971E-11  0.3722E-11
CALSDV   55   23  0.3950E-11  0.3697E-11
CALSDV   56   23  0.4197E-11  0.3902E-11
CALSDV   57   23  0.4208E-11  0.3921E-11
CALSDV   58   23  0.4438E-11  0.4129E-11
CALSDV   59   23  0.3937E-11  0.3845E-11
CALSDV   60   23  0.3313E-11  0.3246E-11
CALSDV   24   24  0.4677E-11  0.4711E-11
CALSDV   25   24  0.5757E-11  0.5755E-11
CALSDV   26   24  0.4774E-11  0.4785E-11
CALSDV   27   24  0.3094E-11  0.3084E-11
CALSDV   28   24  0.4451E-11  0.4468E-11
CALSDV   29   24  0.3688E-11  0.3685E-11
CALSDV   30   24  0.3652E-11  0.3666E-11
CALSDV   31   24  0.4076E-11  0.4067E-11
CALSDV   32   24  0.3266E-11  0.3276E-11
CALSDV   33   24  0.3872E-11  0.3855E-11
CALSDV   34   24  0.3214E-11  0.3220E-11
CALSDV   35   24  0.3456E-11  0.3442E-11
CALSDV   36   24  0.3240E-11  0.3245E-11
CALSDV   37   24  0.3120E-11  0.3111E-11
CALSDV   38   24  0.3255E-11  0.3261E-11
CALSDV   39   24  0.2968E-11  0.2965E-11
CALSDV   40   24  0.3264E-11  0.3271E-11
CALSDV   41   24  0.2975E-11  0.2976E-11
CALSDV   42   24  0.3289E-11  0.3297E-11
CALSDV   43   24  0.3085E-11  0.3088E-11
CALSDV   44   24  0.3342E-11  0.3349E-11
CALSDV   45   24  0.3249E-11  0.3251E-11
CALSDV   46   24  0.3425E-11  0.3432E-11
CALSDV   47   24  0.3436E-11  0.3438E-11
CALSDV   48   24  0.3538E-11  0.3545E-11
CALSDV   49   24  0.3632E-11  0.3634E-11
CALSDV   50   24  0.3677E-11  0.3683E-11
CALSDV   51   24  0.3816E-11  0.3819E-11
CALSDV   52   24  0.3828E-11  0.3833E-11
CALSDV   53   24  0.3975E-11  0.3977E-11
CALSDV   54   24  0.3991E-11  0.3996E-11
CALSDV   55   24  0.4171E-11  0.4173E-11
CALSDV   56   24  0.4211E-11  0.4216E-11
CALSDV   57   24  0.4411E-11  0.4413E-11
CALSDV   58   24  0.4417E-11  0.4421E-11
CALSDV   59   24  0.4150E-11  0.4151E-11
CALSDV   60   24  0.3734E-11  0.3734E-11
CALSDV   25   25  0.4114E-11  0.4121E-11
CALSDV   26   25  0.5681E-11  0.5705E-11
CALSDV   27   25  0.4696E-11  0.4711E-11
CALSDV   28   25  0.2874E-11  0.2877E-11
CALSDV   29   25  0.4265E-11  0.4283E-11
CALSDV   30   25  0.3472E-11  0.3478E-11
CALSDV   31   25  0.3312E-11  0.3324E-11
CALSDV   32   25  0.3966E-11  0.3973E-11
CALSDV   33   25  0.3078E-11  0.3083E-11
CALSDV   34   25  0.3907E-11  0.3912E-11
CALSDV   35   25  0.3308E-11  0.3308E-11
CALSDV   36   25  0.3660E-11  0.3661E-11
CALSDV   37   25  0.3522E-11  0.3519E-11
CALSDV   38   25  0.3474E-11  0.3475E-11
CALSDV   39   25  0.3617E-11  0.3611E-11
CALSDV   40   25  0.3422E-11  0.3425E-11
CALSDV   41   25  0.3638E-11  0.3633E-11
CALSDV   42   25  0.3473E-11  0.3475E-11
CALSDV   43   25  0.3643E-11  0.3640E-11
CALSDV   44   25  0.3583E-11  0.3586E-11
CALSDV   45   25  0.3664E-11  0.3665E-11
CALSDV   46   25  0.3724E-11  0.3726E-11
CALSDV   47   25  0.3715E-11  0.3718E-11
CALSDV   48   25  0.3880E-11  0.3881E-11
CALSDV   49   25  0.3803E-11  0.3807E-11
CALSDV   50   25  0.4042E-11  0.4043E-11
CALSDV   51   25  0.3916E-11  0.3921E-11
CALSDV   52   25  0.4192E-11  0.4193E-11
CALSDV   53   25  0.4041E-11  0.4045E-11
CALSDV   54   25  0.4321E-11  0.4321E-11
CALSDV   55   25  0.4220E-11  0.4221E-11
CALSDV   56   25  0.4494E-11  0.4493E-11
CALSDV   57   25  0.4440E-11  0.4441E-11
CALSDV   58   25  0.4707E-11  0.4707E-11
CALSDV   59   25  0.4181E-11  0.4184E-11
CALSDV   60   25  0.4223E-11  0.4225E-11
CALSDV   26   26  0.4736E-11  0.4740E-11
CALSDV   27   26  0.6294E-11  0.6252E-11
CALSDV   28   26  0.4951E-11  0.4958E-11
CALSDV   29   26  0.3272E-11  0.3218E-11
CALSDV   30   26  0.4565E-11  0.4571E-11
CALSDV   31   26  0.4111E-11  0.4082E-11
CALSDV   32   26  0.3661E-11  0.3666E-11
CALSDV   33   26  0.4619E-11  0.4595E-11
CALSDV   34   26  0.3372E-11  0.3380E-11
CALSDV   35   26  0.4354E-11  0.4334E-11
CALSDV   36   26  0.3485E-11  0.3494E-11
CALSDV   37   26  0.3828E-11  0.3811E-11
CALSDV   38   26  0.3591E-11  0.3600E-11
CALSDV   39   26  0.3431E-11  0.3414E-11
CALSDV   40   26  0.3601E-11  0.3612E-11
CALSDV   41   26  0.3292E-11  0.3279E-11
CALSDV   42   26  0.3572E-11  0.3584E-11
CALSDV   43   26  0.3358E-11  0.3346E-11
CALSDV   44   26  0.3564E-11  0.3575E-11
CALSDV   45   26  0.3530E-11  0.3518E-11
CALSDV   46   26  0.3604E-11  0.3615E-11
CALSDV   47   26  0.3740E-11  0.3734E-11
CALSDV   48   26  0.3696E-11  0.3708E-11
CALSDV   49   26  0.3958E-11  0.3955E-11
CALSDV   50   26  0.3837E-11  0.3847E-11
CALSDV   51   26  0.4156E-11  0.4152E-11
CALSDV   52   26  0.4009E-11  0.4018E-11
CALSDV   53   26  0.4320E-11  0.4318E-11
CALSDV   54   26  0.4193E-11  0.4201E-11
CALSDV   55   26  0.4511E-11  0.4512E-11
CALSDV   56   26  0.4421E-11  0.4428E-11
CALSDV   57   26  0.4725E-11  0.4726E-11
CALSDV   58   26  0.4663E-11  0.4670E-11
CALSDV   59   26  0.4356E-11  0.4355E-11
CALSDV   60   26  0.4308E-11  0.4312E-11
CALSDV   27   27  0.4104E-11  0.4120E-11
CALSDV   28   27  0.6137E-11  0.6137E-11
CALSDV   29   27  0.5428E-11  0.5414E-11
CALSDV   30   27  0.2996E-11  0.3007E-11
CALSDV   31   27  0.5068E-11  0.5057E-11
CALSDV   32   27  0.3792E-11  0.3796E-11
CALSDV   33   27  0.3764E-11  0.3759E-11
CALSDV   34   27  0.4362E-11  0.4364E-11
CALSDV   35   27  0.3262E-11  0.3261E-11
CALSDV   36   27  0.4212E-11  0.4213E-11
CALSDV   37   27  0.3589E-11  0.3590E-11
CALSDV   38   27  0.3839E-11  0.3841E-11
CALSDV   39   27  0.4014E-11  0.4016E-11
CALSDV   40   27  0.3609E-11  0.3610E-11
CALSDV   41   27  0.4279E-11  0.4277E-11
CALSDV   42   27  0.3609E-11  0.3609E-11
CALSDV   43   27  0.4409E-11  0.4402E-11
CALSDV   44   27  0.3758E-11  0.3756E-11
CALSDV   45   27  0.4473E-11  0.4464E-11
CALSDV   46   27  0.3965E-11  0.3962E-11
CALSDV   47   27  0.4518E-11  0.4508E-11
CALSDV   48   27  0.4183E-11  0.4181E-11
CALSDV   49   27  0.4567E-11  0.4558E-11
CALSDV   50   27  0.4390E-11  0.4390E-11
CALSDV   51   27  0.4620E-11  0.4610E-11
CALSDV   52   27  0.4566E-11  0.4566E-11
CALSDV   53   27  0.4672E-11  0.4663E-11
CALSDV   54   27  0.4705E-11  0.4706E-11
CALSDV   55   27  0.4782E-11  0.4777E-11
CALSDV   56   27  0.4877E-11  0.4879E-11
CALSDV   57   27  0.4929E-11  0.4924E-11
CALSDV   58   27  0.5064E-11  0.5069E-11
CALSDV   59   27  0.4462E-11  0.4459E-11
CALSDV   60   27  0.4584E-11  0.4587E-11
CALSDV   28   28  0.4895E-11  0.4902E-11
CALSDV   29   28  0.6412E-11  0.6414E-11
CALSDV   30   28  0.5134E-11  0.5124E-11
CALSDV   31   28  0.3165E-11  0.3162E-11
CALSDV   32   28  0.4675E-11  0.4669E-11
CALSDV   33   28  0.4201E-11  0.4200E-11
CALSDV   34   28  0.3722E-11  0.3723E-11
CALSDV   35   28  0.4846E-11  0.4843E-11
CALSDV   36   28  0.3526E-11  0.3535E-11
CALSDV   37   28  0.4601E-11  0.4600E-11
CALSDV   38   28  0.3776E-11  0.3784E-11
CALSDV   39   28  0.4042E-11  0.4040E-11
CALSDV   40   28  0.3953E-11  0.3955E-11
CALSDV   41   28  0.3630E-11  0.3631E-11
CALSDV   42   28  0.3969E-11  0.3968E-11
CALSDV   43   28  0.3536E-11  0.3540E-11
CALSDV   44   28  0.3916E-11  0.3914E-11
CALSDV   45   28  0.3677E-11  0.3682E-11
CALSDV   46   28  0.3886E-11  0.3880E-11
CALSDV   47   28  0.3921E-11  0.3922E-11
CALSDV   48   28  0.3924E-11  0.3916E-11
CALSDV   49   28  0.4186E-11  0.4183E-11
CALSDV   50   28  0.4037E-11  0.4028E-11
CALSDV   51   28  0.4423E-11  0.4421E-11
CALSDV   52   28  0.4208E-11  0.4201E-11
CALSDV   53   28  0.4619E-11  0.4617E-11
CALSDV   54   28  0.4409E-11  0.4402E-11
CALSDV   55   28  0.4821E-11  0.4819E-11
CALSDV   56   28  0.4651E-11  0.4644E-11
CALSDV   57   28  0.5013E-11  0.5009E-11
CALSDV   58   28  0.4907E-11  0.4901E-11
CALSDV   59   28  0.4530E-11  0.4526E-11
CALSDV   60   28  0.4546E-11  0.4541E-11
CALSDV   29   29  0.4050E-11  0.4056E-11
CALSDV   30   29  0.6501E-11  0.6512E-11
CALSDV   31   29  0.5605E-11  0.5584E-11
CALSDV   32   29  0.3343E-11  0.3349E-11
CALSDV   33   29  0.5310E-11  0.5301E-11
CALSDV   34   29  0.4214E-11  0.4208E-11
CALSDV   35   29  0.4009E-11  0.4005E-11
CALSDV   36   29  0.4799E-11  0.4795E-11
CALSDV   37   29  0.3487E-11  0.3489E-11
CALSDV   38   29  0.4574E-11  0.4575E-11
CALSDV   39   29  0.3821E-11  0.3823E-11
CALSDV   40   29  0.4103E-11  0.4105E-11
CALSDV   41   29  0.4271E-11  0.4270E-11
CALSDV   42   29  0.3839E-11  0.3836E-11
CALSDV   43   29  0.4548E-11  0.4547E-11
CALSDV   44   29  0.3897E-11  0.3891E-11
CALSDV   45   29  0.4683E-11  0.4682E-11
CALSDV   46   29  0.4146E-11  0.4139E-11
CALSDV   47   29  0.4755E-11  0.4754E-11
CALSDV   48   29  0.4448E-11  0.4441E-11
CALSDV   49   29  0.4815E-11  0.4815E-11
CALSDV   50   29  0.4732E-11  0.4726E-11
CALSDV   51   29  0.4878E-11  0.4879E-11
CALSDV   52   29  0.4961E-11  0.4956E-11
CALSDV   53   29  0.4949E-11  0.4950E-11
CALSDV   54   29  0.5130E-11  0.5126E-11
CALSDV   55   29  0.5067E-11  0.5068E-11
CALSDV   56   29  0.5305E-11  0.5301E-11
CALSDV   57   29  0.5195E-11  0.5196E-11
CALSDV   58   29  0.5452E-11  0.5449E-11
CALSDV   59   29  0.4627E-11  0.4625E-11
CALSDV   60   29  0.4826E-11  0.4821E-11
CALSDV   30   30  0.5506E-11  0.5465E-11
CALSDV   31   30  0.6550E-11  0.6554E-11
CALSDV   32   30  0.5474E-11  0.5502E-11
CALSDV   33   30  0.3314E-11  0.3330E-11
CALSDV   34   30  0.4844E-11  0.4876E-11
CALSDV   35   30  0.4353E-11  0.4373E-11
CALSDV   36   30  0.3901E-11  0.3937E-11
CALSDV   37   30  0.5031E-11  0.5059E-11
CALSDV   38   30  0.3957E-11  0.3983E-11
CALSDV   39   30  0.4817E-11  0.4849E-11
CALSDV   40   30  0.4470E-11  0.4491E-11
CALSDV   41   30  0.4278E-11  0.4311E-11
CALSDV   42   30  0.4812E-11  0.4833E-11
CALSDV   43   30  0.3905E-11  0.3941E-11
CALSDV   44   30  0.4895E-11  0.4917E-11
CALSDV   45   30  0.3872E-11  0.3910E-11
CALSDV   46   30  0.4841E-11  0.4861E-11
CALSDV   47   30  0.4079E-11  0.4115E-11
CALSDV   48   30  0.4773E-11  0.4787E-11
CALSDV   49   30  0.4371E-11  0.4401E-11
CALSDV   50   30  0.4754E-11  0.4770E-11
CALSDV   51   30  0.4654E-11  0.4679E-11
CALSDV   52   30  0.4807E-11  0.4821E-11
CALSDV   53   30  0.4893E-11  0.4913E-11
CALSDV   54   30  0.4918E-11  0.4931E-11
CALSDV   55   30  0.5114E-11  0.5131E-11
CALSDV   56   30  0.5090E-11  0.5104E-11
CALSDV   57   30  0.5283E-11  0.5301E-11
CALSDV   58   30  0.5274E-11  0.5290E-11
CALSDV   59   30  0.4685E-11  0.4710E-11
CALSDV   60   30  0.4753E-11  0.4777E-11
CALSDV   31   31  0.4693E-11  0.4701E-11
CALSDV   32   31  0.6958E-11  0.6980E-11
CALSDV   33   31  0.5598E-11  0.5589E-11
CALSDV   34   31  0.4212E-11  0.4231E-11
CALSDV   35   31  0.5441E-11  0.5433E-11
CALSDV   36   31  0.5097E-11  0.5080E-11
CALSDV   37   31  0.4382E-11  0.4376E-11
CALSDV   38   31  0.5562E-11  0.5542E-11
CALSDV   39   31  0.3987E-11  0.3974E-11
CALSDV   40   31  0.5184E-11  0.5171E-11
CALSDV   41   31  0.4228E-11  0.4222E-11
CALSDV   42   31  0.4554E-11  0.4546E-11
CALSDV   43   31  0.4538E-11  0.4545E-11
CALSDV   44   31  0.4204E-11  0.4200E-11
CALSDV   45   31  0.4707E-11  0.4727E-11
CALSDV   46   31  0.4287E-11  0.4289E-11
CALSDV   47   31  0.4785E-11  0.4806E-11
CALSDV   48   31  0.4622E-11  0.4630E-11
CALSDV   49   31  0.4850E-11  0.4872E-11
CALSDV   50   31  0.5004E-11  0.5018E-11
CALSDV   51   31  0.4940E-11  0.4961E-11
CALSDV   52   31  0.5325E-11  0.5345E-11
CALSDV   53   31  0.5059E-11  0.5079E-11
CALSDV   54   31  0.5560E-11  0.5586E-11
CALSDV   55   31  0.5217E-11  0.5241E-11
CALSDV   56   31  0.5758E-11  0.5789E-11
CALSDV   57   31  0.5363E-11  0.5386E-11
CALSDV   58   31  0.5863E-11  0.5891E-11
CALSDV   59   31  0.4753E-11  0.4759E-11
CALSDV   60   31  0.5062E-11  0.5072E-11
CALSDV   32   32  0.5120E-11  0.5127E-11
CALSDV   33   32  0.6574E-11  0.6578E-11
CALSDV   34   32  0.5509E-11  0.5514E-11
CALSDV   35   32  0.3443E-11  0.3449E-11
CALSDV   36   32  0.5038E-11  0.5024E-11
CALSDV   37   32  0.4586E-11  0.4594E-11
CALSDV   38   32  0.4071E-11  0.4060E-11
CALSDV   39   32  0.5276E-11  0.5275E-11
CALSDV   40   32  0.4038E-11  0.4037E-11
CALSDV   41   32  0.5041E-11  0.5032E-11
CALSDV   42   32  0.4481E-11  0.4481E-11
CALSDV   43   32  0.4476E-11  0.4464E-11
CALSDV   44   32  0.4784E-11  0.4783E-11
CALSDV   45   32  0.4111E-11  0.4102E-11
CALSDV   46   32  0.4850E-11  0.4842E-11
CALSDV   47   32  0.4137E-11  0.4132E-11
CALSDV   48   32  0.4806E-11  0.4796E-11
CALSDV   49   32  0.4422E-11  0.4420E-11
CALSDV   50   32  0.4791E-11  0.4784E-11
CALSDV   51   32  0.4776E-11  0.4773E-11
CALSDV   52   32  0.4869E-11  0.4860E-11
CALSDV   53   32  0.5095E-11  0.5087E-11
CALSDV   54   32  0.5032E-11  0.5017E-11
CALSDV   55   32  0.5370E-11  0.5358E-11
CALSDV   56   32  0.5257E-11  0.5242E-11
CALSDV   57   32  0.5547E-11  0.5534E-11
CALSDV   58   32  0.5478E-11  0.5463E-11
CALSDV   59   32  0.4862E-11  0.4857E-11
CALSDV   60   32  0.4910E-11  0.4904E-11
CALSDV   33   33  0.4854E-11  0.4866E-11
CALSDV   34   33  0.6636E-11  0.6635E-11
CALSDV   35   33  0.5997E-11  0.5985E-11
CALSDV   36   33  0.3530E-11  0.3526E-11
CALSDV   37   33  0.5736E-11  0.5737E-11
CALSDV   38   33  0.4761E-11  0.4768E-11
CALSDV   39   33  0.4492E-11  0.4491E-11
CALSDV   40   33  0.5432E-11  0.5438E-11
CALSDV   41   33  0.4022E-11  0.4023E-11
CALSDV   42   33  0.5148E-11  0.5155E-11
CALSDV   43   33  0.4360E-11  0.4366E-11
CALSDV   44   33  0.4556E-11  0.4560E-11
CALSDV   45   33  0.4821E-11  0.4828E-11
CALSDV   46   33  0.4259E-11  0.4256E-11
CALSDV   47   33  0.5118E-11  0.5128E-11
CALSDV   48   33  0.4419E-11  0.4418E-11
CALSDV   49   33  0.5285E-11  0.5299E-11
CALSDV   50   33  0.4832E-11  0.4834E-11
CALSDV   51   33  0.5407E-11  0.5421E-11
CALSDV   52   33  0.5267E-11  0.5271E-11
CALSDV   53   33  0.5528E-11  0.5538E-11
CALSDV   54   33  0.5623E-11  0.5622E-11
CALSDV   55   33  0.5669E-11  0.5678E-11
CALSDV   56   33  0.5901E-11  0.5898E-11
CALSDV   57   33  0.5756E-11  0.5762E-11
CALSDV   58   33  0.6032E-11  0.6027E-11
CALSDV   59   33  0.4974E-11  0.4975E-11
CALSDV   60   33  0.5185E-11  0.5181E-11
CALSDV   34   34  0.4225E-11  0.4198E-11
CALSDV   35   34  0.6687E-11  0.6689E-11
CALSDV   36   34  0.5635E-11  0.5640E-11
CALSDV   37   34  0.3546E-11  0.3554E-11
CALSDV   38   34  0.5173E-11  0.5166E-11
CALSDV   39   34  0.4880E-11  0.4891E-11
CALSDV   40   34  0.4214E-11  0.4192E-11
CALSDV   41   34  0.5598E-11  0.5604E-11
CALSDV   42   34  0.4251E-11  0.4226E-11
CALSDV   43   34  0.5329E-11  0.5334E-11
CALSDV   44   34  0.4714E-11  0.4687E-11
CALSDV   45   34  0.4722E-11  0.4727E-11
CALSDV   46   34  0.4915E-11  0.4896E-11
CALSDV   47   34  0.4389E-11  0.4391E-11
CALSDV   48   34  0.4875E-11  0.4860E-11
CALSDV   49   34  0.4516E-11  0.4517E-11
CALSDV   50   34  0.4786E-11  0.4777E-11
CALSDV   51   34  0.4905E-11  0.4905E-11
CALSDV   52   34  0.4818E-11  0.4812E-11
CALSDV   53   34  0.5322E-11  0.5319E-11
CALSDV   54   34  0.5003E-11  0.4998E-11
CALSDV   55   34  0.5669E-11  0.5667E-11
CALSDV   56   34  0.5291E-11  0.5292E-11
CALSDV   57   34  0.5847E-11  0.5852E-11
CALSDV   58   34  0.5580E-11  0.5585E-11
CALSDV   59   34  0.5051E-11  0.5058E-11
CALSDV   60   34  0.5020E-11  0.5027E-11
CALSDV   35   35  0.4960E-11  0.4945E-11
CALSDV   36   35  0.6852E-11  0.6850E-11
CALSDV   37   35  0.6477E-11  0.6477E-11
CALSDV   38   35  0.3969E-11  0.3969E-11
CALSDV   39   35  0.6041E-11  0.6036E-11
CALSDV   40   35  0.5265E-11  0.5256E-11
CALSDV   41   35  0.4792E-11  0.4798E-11
CALSDV   42   35  0.5732E-11  0.5729E-11
CALSDV   43   35  0.4346E-11  0.4348E-11
CALSDV   44   35  0.5385E-11  0.5387E-11
CALSDV   45   35  0.4710E-11  0.4706E-11
CALSDV   46   35  0.4779E-11  0.4783E-11
CALSDV   47   35  0.5132E-11  0.5126E-11
CALSDV   48   35  0.4549E-11  0.4549E-11
CALSDV   49   35  0.5401E-11  0.5393E-11
CALSDV   50   35  0.4846E-11  0.4841E-11
CALSDV   51   35  0.5569E-11  0.5559E-11
CALSDV   52   35  0.5378E-11  0.5370E-11
CALSDV   53   35  0.5720E-11  0.5709E-11
CALSDV   54   35  0.5878E-11  0.5870E-11
CALSDV   55   35  0.5889E-11  0.5881E-11
CALSDV   56   35  0.6254E-11  0.6247E-11
CALSDV   57   35  0.5981E-11  0.5975E-11
CALSDV   58   35  0.6388E-11  0.6382E-11
CALSDV   59   35  0.5129E-11  0.5129E-11
CALSDV   60   35  0.5404E-11  0.5401E-11
CALSDV   36   36  0.4337E-11  0.4365E-11
CALSDV   37   36  0.6915E-11  0.6908E-11
CALSDV   38   36  0.5990E-11  0.5992E-11
CALSDV   39   36  0.4115E-11  0.4125E-11
CALSDV   40   36  0.5546E-11  0.5555E-11
CALSDV   41   36  0.5357E-11  0.5357E-11
CALSDV   42   36  0.4488E-11  0.4496E-11
CALSDV   43   36  0.5883E-11  0.5880E-11
CALSDV   44   36  0.4543E-11  0.4539E-11
CALSDV   45   36  0.5549E-11  0.5551E-11
CALSDV   46   36  0.5023E-11  0.5011E-11
CALSDV   47   36  0.4970E-11  0.4982E-11
CALSDV   48   36  0.5262E-11  0.5244E-11
CALSDV   49   36  0.4770E-11  0.4779E-11
CALSDV   50   36  0.5224E-11  0.5205E-11
CALSDV   51   36  0.5065E-11  0.5075E-11
CALSDV   52   36  0.5161E-11  0.5147E-11
CALSDV   53   36  0.5568E-11  0.5574E-11
CALSDV   54   36  0.5249E-11  0.5236E-11
CALSDV   55   36  0.6021E-11  0.6025E-11
CALSDV   56   36  0.5508E-11  0.5499E-11
CALSDV   57   36  0.6222E-11  0.6224E-11
CALSDV   58   36  0.5801E-11  0.5795E-11
CALSDV   59   36  0.5287E-11  0.5286E-11
CALSDV   60   36  0.5184E-11  0.5180E-11
CALSDV   37   37  0.4656E-11  0.4658E-11
CALSDV   38   37  0.7180E-11  0.7185E-11
CALSDV   39   37  0.6864E-11  0.6869E-11
CALSDV   40   37  0.4556E-11  0.4535E-11
CALSDV   41   37  0.6463E-11  0.6475E-11
CALSDV   42   37  0.5616E-11  0.5619E-11
CALSDV   43   37  0.5032E-11  0.5042E-11
CALSDV   44   37  0.6272E-11  0.6277E-11
CALSDV   45   37  0.4672E-11  0.4665E-11
CALSDV   46   37  0.5658E-11  0.5659E-11
CALSDV   47   37  0.4989E-11  0.4984E-11
CALSDV   48   37  0.4984E-11  0.4986E-11
CALSDV   49   37  0.5363E-11  0.5363E-11
CALSDV   50   37  0.4872E-11  0.4874E-11
CALSDV   51   37  0.5586E-11  0.5592E-11
CALSDV   52   37  0.5299E-11  0.5303E-11
CALSDV   53   37  0.5751E-11  0.5762E-11
CALSDV   54   37  0.5919E-11  0.5922E-11
CALSDV   55   37  0.5948E-11  0.5957E-11
CALSDV   56   37  0.6444E-11  0.6447E-11
CALSDV   57   37  0.6085E-11  0.6092E-11
CALSDV   58   37  0.6645E-11  0.6648E-11
CALSDV   59   37  0.5243E-11  0.5246E-11
CALSDV   60   37  0.5590E-11  0.5591E-11
CALSDV   38   38  0.4446E-11  0.4323E-11
CALSDV   39   38  0.7268E-11  0.7214E-11
CALSDV   40   38  0.6540E-11  0.6536E-11
CALSDV   41   38  0.4684E-11  0.4729E-11
CALSDV   42   38  0.5995E-11  0.6016E-11
CALSDV   43   38  0.5767E-11  0.5760E-11
CALSDV   44   38  0.4920E-11  0.4949E-11
CALSDV   45   38  0.6289E-11  0.6265E-11
CALSDV   46   38  0.5090E-11  0.5094E-11
CALSDV   47   38  0.5757E-11  0.5734E-11
CALSDV   48   38  0.5278E-11  0.5276E-11
CALSDV   49   38  0.5204E-11  0.5190E-11
CALSDV   50   38  0.5456E-11  0.5452E-11
CALSDV   51   38  0.5225E-11  0.5238E-11
CALSDV   52   38  0.5416E-11  0.5415E-11
CALSDV   53   38  0.5700E-11  0.5727E-11
CALSDV   54   38  0.5414E-11  0.5415E-11
CALSDV   55   38  0.6266E-11  0.6295E-11
CALSDV   56   38  0.5623E-11  0.5620E-11
CALSDV   57   38  0.6530E-11  0.6546E-11
CALSDV   58   38  0.5940E-11  0.5930E-11
CALSDV   59   38  0.5508E-11  0.5505E-11
CALSDV   60   38  0.5320E-11  0.5306E-11
CALSDV   39   39  0.4762E-11  0.4791E-11
CALSDV   40   39  0.7711E-11  0.7710E-11
CALSDV   41   39  0.7549E-11  0.7552E-11
CALSDV   42   39  0.4993E-11  0.4990E-11
CALSDV   43   39  0.7083E-11  0.7085E-11
CALSDV   44   39  0.6371E-11  0.6387E-11
CALSDV   45   39  0.5586E-11  0.5587E-11
CALSDV   46   39  0.6639E-11  0.6639E-11
CALSDV   47   39  0.5138E-11  0.5143E-11
CALSDV   48   39  0.5968E-11  0.5961E-11
CALSDV   49   39  0.5255E-11  0.5252E-11
CALSDV   50   39  0.5238E-11  0.5240E-11
CALSDV   51   39  0.5647E-11  0.5638E-11
CALSDV   52   39  0.5167E-11  0.5164E-11
CALSDV   53   39  0.5915E-11  0.5906E-11
CALSDV   54   39  0.5765E-11  0.5769E-11
CALSDV   55   39  0.6143E-11  0.6139E-11
CALSDV   56   39  0.6448E-11  0.6458E-11
CALSDV   57   39  0.6279E-11  0.6279E-11
CALSDV   58   39  0.6790E-11  0.6799E-11
CALSDV   59   39  0.5395E-11  0.5397E-11
CALSDV   60   39  0.5748E-11  0.5749E-11
CALSDV   40   40  0.5052E-11  0.5075E-11
CALSDV   41   40  0.7922E-11  0.7948E-11
CALSDV   42   40  0.7784E-11  0.7777E-11
CALSDV   43   40  0.5175E-11  0.5185E-11
CALSDV   44   40  0.6805E-11  0.6791E-11
CALSDV   45   40  0.6694E-11  0.6713E-11
CALSDV   46   40  0.5959E-11  0.5955E-11
CALSDV   47   40  0.6744E-11  0.6752E-11
CALSDV   48   40  0.5531E-11  0.5534E-11
CALSDV   49   40  0.5990E-11  0.5991E-11
CALSDV   50   40  0.6050E-11  0.6046E-11
CALSDV   51   40  0.5631E-11  0.5629E-11
CALSDV   52   40  0.6189E-11  0.6179E-11
CALSDV   53   40  0.5858E-11  0.5861E-11
CALSDV   54   40  0.6379E-11  0.6356E-11
CALSDV   55   40  0.6502E-11  0.6511E-11
CALSDV   56   40  0.6532E-11  0.6511E-11
CALSDV   57   40  0.6843E-11  0.6851E-11
CALSDV   58   40  0.6610E-11  0.6594E-11
CALSDV   59   40  0.5738E-11  0.5746E-11
CALSDV   60   40  0.5650E-11  0.5645E-11
CALSDV   41   41  0.5432E-11  0.5460E-11
CALSDV   42   41  0.8592E-11  0.8583E-11
CALSDV   43   41  0.8577E-11  0.8557E-11
CALSDV   44   41  0.5723E-11  0.5716E-11
CALSDV   45   41  0.7589E-11  0.7574E-11
CALSDV   46   41  0.7232E-11  0.7218E-11
CALSDV   47   41  0.6471E-11  0.6458E-11
CALSDV   48   41  0.7720E-11  0.7703E-11
CALSDV   49   41  0.5685E-11  0.5678E-11
CALSDV   50   41  0.6486E-11  0.6467E-11
CALSDV   51   41  0.5841E-11  0.5846E-11
CALSDV   52   41  0.5537E-11  0.5525E-11
CALSDV   53   41  0.6013E-11  0.6019E-11
CALSDV   54   41  0.5580E-11  0.5564E-11
CALSDV   55   41  0.6339E-11  0.6344E-11
CALSDV   56   41  0.6288E-11  0.6276E-11
CALSDV   57   41  0.6488E-11  0.6494E-11
CALSDV   58   41  0.6826E-11  0.6817E-11
CALSDV   59   41  0.5559E-11  0.5558E-11
CALSDV   60   41  0.5875E-11  0.5870E-11
CALSDV   42   42  0.6203E-11  0.6227E-11
CALSDV   43   42  0.8958E-11  0.8962E-11
CALSDV   44   42  0.9553E-11  0.9490E-11
CALSDV   45   42  0.5878E-11  0.5868E-11
CALSDV   46   42  0.8244E-11  0.8202E-11
CALSDV   47   42  0.7519E-11  0.7486E-11
CALSDV   48   42  0.6832E-11  0.6814E-11
CALSDV   49   42  0.7972E-11  0.7933E-11
CALSDV   50   42  0.6938E-11  0.6912E-11
CALSDV   51   42  0.6767E-11  0.6743E-11
CALSDV   52   42  0.6970E-11  0.6930E-11
CALSDV   53   42  0.5973E-11  0.5963E-11
CALSDV   54   42  0.7453E-11  0.7421E-11
CALSDV   55   42  0.6350E-11  0.6346E-11
CALSDV   56   42  0.7667E-11  0.7626E-11
CALSDV   57   42  0.6818E-11  0.6812E-11
CALSDV   58   42  0.7582E-11  0.7551E-11
CALSDV   59   42  0.5848E-11  0.5844E-11
CALSDV   60   42  0.6141E-11  0.6127E-11
CALSDV   43   43  0.6351E-11  0.6327E-11
CALSDV   44   43  0.9515E-11  0.9564E-11
CALSDV   45   43  0.9896E-11  0.9923E-11
CALSDV   46   43  0.6626E-11  0.6648E-11
CALSDV   47   43  0.8409E-11  0.8415E-11
CALSDV   48   43  0.8034E-11  0.8017E-11
CALSDV   49   43  0.6939E-11  0.6931E-11
CALSDV   50   43  0.8207E-11  0.8185E-11
CALSDV   51   43  0.7166E-11  0.7165E-11
CALSDV   52   43  0.7652E-11  0.7638E-11
CALSDV   53   43  0.6948E-11  0.6935E-11
CALSDV   54   43  0.6425E-11  0.6428E-11
CALSDV   55   43  0.6714E-11  0.6680E-11
CALSDV   56   43  0.6145E-11  0.6149E-11
CALSDV   57   43  0.6763E-11  0.6731E-11
CALSDV   58   43  0.6653E-11  0.6647E-11
CALSDV   59   43  0.5761E-11  0.5747E-11
CALSDV   60   43  0.5930E-11  0.5928E-11
CALSDV   44   44  0.7142E-11  0.7167E-11
CALSDV   45   44  0.1007E-10  0.1010E-10
CALSDV   46   44  0.1110E-10  0.1112E-10
CALSDV   47   44  0.6849E-11  0.6876E-11
CALSDV   48   44  0.9649E-11  0.9669E-11
CALSDV   49   44  0.8315E-11  0.8365E-11
CALSDV   50   44  0.7427E-11  0.7413E-11
CALSDV   51   44  0.8534E-11  0.8565E-11
CALSDV   52   44  0.7892E-11  0.7884E-11
CALSDV   53   44  0.8209E-11  0.8243E-11
CALSDV   54   44  0.9182E-11  0.9183E-11
CALSDV   55   44  0.7444E-11  0.7466E-11
CALSDV   56   44  0.8920E-11  0.8916E-11
CALSDV   57   44  0.6811E-11  0.6791E-11
CALSDV   58   44  0.8052E-11  0.8034E-11
CALSDV   59   44  0.5900E-11  0.5886E-11
CALSDV   60   44  0.6403E-11  0.6389E-11
CALSDV   45   45  0.9015E-11  0.8878E-11
CALSDV   46   45  0.1110E-10  0.1101E-10
CALSDV   47   45  0.1162E-10  0.1155E-10
CALSDV   48   45  0.7717E-11  0.7743E-11
CALSDV   49   45  0.9884E-11  0.9814E-11
CALSDV   50   45  0.9209E-11  0.9316E-11
CALSDV   51   45  0.7974E-11  0.7836E-11
CALSDV   52   45  0.8811E-11  0.8947E-11
CALSDV   53   45  0.8987E-11  0.8783E-11
CALSDV   54   45  0.7864E-11  0.7999E-11
CALSDV   55   45  0.1042E-10  0.1024E-10
CALSDV   56   45  0.8243E-11  0.8306E-11
CALSDV   57   45  0.9645E-11  0.9581E-11
CALSDV   58   45  0.8275E-11  0.8295E-11
CALSDV   59   45  0.6346E-11  0.6421E-11
CALSDV   60   45  0.6010E-11  0.6046E-11
CALSDV   46   46  0.7698E-11  0.1083E-10
CALSDV   47   46  0.1018E-10  0.1532E-10
CALSDV   48   46  0.9911E-11  0.1456E-10
CALSDV   49   46  0.7470E-11  0.1114E-10
CALSDV   50   46  0.8905E-11  0.1370E-10
CALSDV   51   46  0.8129E-11  0.1217E-10
CALSDV   52   46  0.7302E-11  0.1128E-10
CALSDV   53   46  0.7817E-11  0.1171E-10
CALSDV   54   46  0.7365E-11  0.1082E-10
CALSDV   55   46  0.7358E-11  0.1101E-10
CALSDV   56   46  0.8229E-11  0.1188E-10
CALSDV   57   46  0.7538E-11  0.1155E-10
CALSDV   58   46  0.8621E-11  0.1272E-10
CALSDV   59   46  0.6693E-11  0.1029E-10
CALSDV   60   46  0.7190E-11  0.1080E-10
CALSDV   47   47  0.8516E-11  0.8675E-11
CALSDV   48   47  0.1168E-10  0.1180E-10
CALSDV   49   47  0.1231E-10  0.1244E-10
CALSDV   50   47  0.8461E-11  0.8463E-11
CALSDV   51   47  0.1033E-10  0.1042E-10
CALSDV   52   47  0.1002E-10  0.9939E-11
CALSDV   53   47  0.8204E-11  0.8298E-11
CALSDV   54   47  0.9434E-11  0.9250E-11
CALSDV   55   47  0.9262E-11  0.9356E-11
CALSDV   56   47  0.8463E-11  0.8213E-11
CALSDV   57   47  0.1073E-10  0.1081E-10
CALSDV   58   47  0.9090E-11  0.8961E-11
CALSDV   59   47  0.9237E-11  0.9314E-11
CALSDV   60   47  0.8637E-11  0.8650E-11
CALSDV   48   48  0.7955E-11  0.8020E-11
CALSDV   49   48  0.1155E-10  0.1159E-10
CALSDV   50   48  0.1286E-10  0.1292E-10
CALSDV   51   48  0.8232E-11  0.8219E-11
CALSDV   52   48  0.1070E-10  0.1071E-10
CALSDV   53   48  0.9479E-11  0.9447E-11
CALSDV   54   48  0.8117E-11  0.8139E-11
CALSDV   55   48  0.9311E-11  0.9295E-11
CALSDV   56   48  0.9186E-11  0.9206E-11
CALSDV   57   48  0.9322E-11  0.9328E-11
CALSDV   58   48  0.1097E-10  0.1098E-10
CALSDV   59   48  0.8526E-11  0.8535E-11
CALSDV   60   48  0.9636E-11  0.9652E-11
CALSDV   49   49  0.6953E-11  0.6815E-11
CALSDV   50   49  0.1117E-10  0.1114E-10
CALSDV   51   49  0.1241E-10  0.1236E-10
CALSDV   52   49  0.8580E-11  0.8555E-11
CALSDV   53   49  0.9496E-11  0.9478E-11
CALSDV   54   49  0.9920E-11  0.9920E-11
CALSDV   55   49  0.7693E-11  0.7760E-11
CALSDV   56   49  0.9236E-11  0.9276E-11
CALSDV   57   49  0.9163E-11  0.9241E-11
CALSDV   58   49  0.9022E-11  0.9091E-11
CALSDV   59   49  0.8894E-11  0.8919E-11
CALSDV   60   49  0.8602E-11  0.8609E-11
CALSDV   50   50  0.7135E-11  0.7172E-11
CALSDV   51   50  0.1184E-10  0.1187E-10
CALSDV   52   50  0.1301E-10  0.1301E-10
CALSDV   53   50  0.8461E-11  0.8482E-11
CALSDV   54   50  0.9709E-11  0.9720E-11
CALSDV   55   50  0.9735E-11  0.9771E-11
CALSDV   56   50  0.7949E-11  0.7982E-11
CALSDV   57   50  0.9915E-11  0.9968E-11
CALSDV   58   50  0.9824E-11  0.9857E-11
CALSDV   59   50  0.8861E-11  0.8881E-11
CALSDV   60   50  0.9508E-11  0.9525E-11
CALSDV   51   51  0.6172E-11  0.6245E-11
CALSDV   52   51  0.1147E-10  0.1145E-10
CALSDV   53   51  0.1219E-10  0.1220E-10
CALSDV   54   51  0.8906E-11  0.8906E-11
CALSDV   55   51  0.8373E-11  0.8391E-11
CALSDV   56   51  0.1027E-10  0.1025E-10
CALSDV   57   51  0.8098E-11  0.8128E-11
CALSDV   58   51  0.1013E-10  0.1011E-10
CALSDV   59   51  0.8732E-11  0.8738E-11
CALSDV   60   51  0.9081E-11  0.9055E-11
CALSDV   52   52  0.6134E-11  0.6167E-11
CALSDV   53   52  0.1195E-10  0.1194E-10
CALSDV   54   52  0.1276E-10  0.1275E-10
CALSDV   55   52  0.8790E-11  0.8787E-11
CALSDV   56   52  0.8459E-11  0.8455E-11
CALSDV   57   52  0.1049E-10  0.1048E-10
CALSDV   58   52  0.8371E-11  0.8316E-11
CALSDV   59   52  0.9542E-11  0.9520E-11
CALSDV   60   52  0.9201E-11  0.9178E-11
CALSDV   53   53  0.5584E-11  0.5598E-11
CALSDV   54   53  0.1176E-10  0.1164E-10
CALSDV   55   53  0.1143E-10  0.1143E-10
CALSDV   56   53  0.9362E-11  0.9360E-11
CALSDV   57   53  0.7595E-11  0.7613E-11
CALSDV   58   53  0.1093E-10  0.1083E-10
CALSDV   59   53  0.8397E-11  0.8397E-11
CALSDV   60   53  0.9807E-11  0.9735E-11
CALSDV   54   54  0.5374E-11  0.5358E-11
CALSDV   55   54  0.1116E-10  0.1115E-10
CALSDV   56   54  0.1182E-10  0.1180E-10
CALSDV   57   54  0.9596E-11  0.9614E-11
CALSDV   58   54  0.7469E-11  0.7445E-11
CALSDV   59   54  0.1037E-10  0.1037E-10
CALSDV   60   54  0.8656E-11  0.8657E-11
CALSDV   55   55  0.5497E-11  0.5516E-11
CALSDV   56   55  0.1152E-10  0.1152E-10
CALSDV   57   55  0.1028E-10  0.1028E-10
CALSDV   58   55  0.1035E-10  0.1036E-10
CALSDV   59   55  0.8187E-11  0.8205E-11
CALSDV   60   55  0.1107E-10  0.1107E-10
CALSDV   56   56  0.5571E-11  0.5570E-11
CALSDV   57   56  0.9195E-11  0.9170E-11
CALSDV   58   56  0.1059E-10  0.1063E-10
CALSDV   59   56  0.1041E-10  0.1039E-10
CALSDV   60   56  0.8367E-11  0.8397E-11
CALSDV   57   57  0.6295E-11  0.6293E-11
CALSDV   58   57  0.9689E-11  0.9678E-11
CALSDV   59   57  0.1075E-10  0.1071E-10
CALSDV   60   57  0.1109E-10  0.1107E-10
CALSDV   58   58  0.6362E-11  0.6447E-11
CALSDV   59   58  0.7784E-11  0.7693E-11
CALSDV   60   58  0.1126E-10  0.1153E-10
CALSDV   59   59  0.5145E-11  0.5052E-11
CALSDV   60   59  0.8334E-11  0.8324E-11
CALSDV   60   60  0.8085E-11  0.7955E-11
