  This file contains calibrated standard deviations 
       The relevant data lines start with key CALSDV 
       Each such line contains the following data 
           N   M   C_SIGMA   S_SIGMA 
                 FOR M=0 S_SIGMA=0.0 
     
CALSDV    0    0  0.0000E+00  0.0000E+00
CALSDV    1    0  0.0000E+00  0.0000E+00
CALSDV    2    0  0.9318E-10  0.0000E+00
CALSDV    3    0  0.1186E-10  0.0000E+00
CALSDV    4    0  0.4740E-11  0.0000E+00
CALSDV    5    0  0.3045E-11  0.0000E+00
CALSDV    6    0  0.2259E-11  0.0000E+00
CALSDV    7    0  0.1816E-11  0.0000E+00
CALSDV    8    0  0.1539E-11  0.0000E+00
CALSDV    9    0  0.1334E-11  0.0000E+00
CALSDV   10    0  0.1186E-11  0.0000E+00
CALSDV   11    0  0.1077E-11  0.0000E+00
CALSDV   12    0  0.9926E-12  0.0000E+00
CALSDV   13    0  0.9247E-12  0.0000E+00
CALSDV   14    0  0.8740E-12  0.0000E+00
CALSDV   15    0  0.8325E-12  0.0000E+00
CALSDV   16    0  0.7985E-12  0.0000E+00
CALSDV   17    0  0.7725E-12  0.0000E+00
CALSDV   18    0  0.7520E-12  0.0000E+00
CALSDV   19    0  0.7354E-12  0.0000E+00
CALSDV   20    0  0.7235E-12  0.0000E+00
CALSDV   21    0  0.7148E-12  0.0000E+00
CALSDV   22    0  0.7089E-12  0.0000E+00
CALSDV   23    0  0.7059E-12  0.0000E+00
CALSDV   24    0  0.7057E-12  0.0000E+00
CALSDV   25    0  0.7069E-12  0.0000E+00
CALSDV   26    0  0.7106E-12  0.0000E+00
CALSDV   27    0  0.7167E-12  0.0000E+00
CALSDV   28    0  0.7240E-12  0.0000E+00
CALSDV   29    0  0.7331E-12  0.0000E+00
CALSDV   30    0  0.7444E-12  0.0000E+00
CALSDV   31    0  0.7574E-12  0.0000E+00
CALSDV   32    0  0.7716E-12  0.0000E+00
CALSDV   33    0  0.7878E-12  0.0000E+00
CALSDV   34    0  0.8059E-12  0.0000E+00
CALSDV   35    0  0.8256E-12  0.0000E+00
CALSDV   36    0  0.8469E-12  0.0000E+00
CALSDV   37    0  0.8703E-12  0.0000E+00
CALSDV   38    0  0.8955E-12  0.0000E+00
CALSDV   39    0  0.9224E-12  0.0000E+00
CALSDV   40    0  0.9517E-12  0.0000E+00
CALSDV   41    0  0.9830E-12  0.0000E+00
CALSDV   42    0  0.1016E-11  0.0000E+00
CALSDV   43    0  0.1052E-11  0.0000E+00
CALSDV   44    0  0.1090E-11  0.0000E+00
CALSDV   45    0  0.1131E-11  0.0000E+00
CALSDV   46    0  0.1174E-11  0.0000E+00
CALSDV   47    0  0.1220E-11  0.0000E+00
CALSDV   48    0  0.1269E-11  0.0000E+00
CALSDV   49    0  0.1321E-11  0.0000E+00
CALSDV   50    0  0.1377E-11  0.0000E+00
CALSDV   51    0  0.1436E-11  0.0000E+00
CALSDV   52    0  0.1498E-11  0.0000E+00
CALSDV   53    0  0.1564E-11  0.0000E+00
CALSDV   54    0  0.1635E-11  0.0000E+00
CALSDV   55    0  0.1709E-11  0.0000E+00
CALSDV   56    0  0.1788E-11  0.0000E+00
CALSDV   57    0  0.1865E-11  0.0000E+00
CALSDV   58    0  0.1954E-11  0.0000E+00
CALSDV   59    0  0.1840E-11  0.0000E+00
CALSDV   60    0  0.1931E-11  0.0000E+00
CALSDV    1    1  0.0000E+00  0.0000E+00
CALSDV    2    1  0.3415E-10  0.3762E-10
CALSDV    3    1  0.9469E-11  0.9406E-11
CALSDV    4    1  0.4707E-11  0.4721E-11
CALSDV    5    1  0.3141E-11  0.3136E-11
CALSDV    6    1  0.2355E-11  0.2368E-11
CALSDV    7    1  0.1891E-11  0.1889E-11
CALSDV    8    1  0.1575E-11  0.1584E-11
CALSDV    9    1  0.1373E-11  0.1365E-11
CALSDV   10    1  0.1214E-11  0.1216E-11
CALSDV   11    1  0.1097E-11  0.1096E-11
CALSDV   12    1  0.1008E-11  0.1010E-11
CALSDV   13    1  0.9402E-12  0.9407E-12
CALSDV   14    1  0.8840E-12  0.8847E-12
CALSDV   15    1  0.8410E-12  0.8415E-12
CALSDV   16    1  0.8073E-12  0.8077E-12
CALSDV   17    1  0.7794E-12  0.7797E-12
CALSDV   18    1  0.7576E-12  0.7580E-12
CALSDV   19    1  0.7408E-12  0.7415E-12
CALSDV   20    1  0.7281E-12  0.7285E-12
CALSDV   21    1  0.7188E-12  0.7193E-12
CALSDV   22    1  0.7128E-12  0.7134E-12
CALSDV   23    1  0.7094E-12  0.7099E-12
CALSDV   24    1  0.7084E-12  0.7088E-12
CALSDV   25    1  0.7100E-12  0.7106E-12
CALSDV   26    1  0.7135E-12  0.7142E-12
CALSDV   27    1  0.7188E-12  0.7192E-12
CALSDV   28    1  0.7262E-12  0.7268E-12
CALSDV   29    1  0.7357E-12  0.7363E-12
CALSDV   30    1  0.7464E-12  0.7470E-12
CALSDV   31    1  0.7589E-12  0.7596E-12
CALSDV   32    1  0.7736E-12  0.7743E-12
CALSDV   33    1  0.7898E-12  0.7904E-12
CALSDV   34    1  0.8074E-12  0.8081E-12
CALSDV   35    1  0.8270E-12  0.8278E-12
CALSDV   36    1  0.8486E-12  0.8493E-12
CALSDV   37    1  0.8716E-12  0.8724E-12
CALSDV   38    1  0.8967E-12  0.8976E-12
CALSDV   39    1  0.9240E-12  0.9248E-12
CALSDV   40    1  0.9528E-12  0.9537E-12
CALSDV   41    1  0.9840E-12  0.9848E-12
CALSDV   42    1  0.1018E-11  0.1019E-11
CALSDV   43    1  0.1053E-11  0.1054E-11
CALSDV   44    1  0.1091E-11  0.1092E-11
CALSDV   45    1  0.1132E-11  0.1133E-11
CALSDV   46    1  0.1175E-11  0.1176E-11
CALSDV   47    1  0.1221E-11  0.1222E-11
CALSDV   48    1  0.1270E-11  0.1271E-11
CALSDV   49    1  0.1322E-11  0.1324E-11
CALSDV   50    1  0.1377E-11  0.1379E-11
CALSDV   51    1  0.1436E-11  0.1438E-11
CALSDV   52    1  0.1499E-11  0.1501E-11
CALSDV   53    1  0.1565E-11  0.1567E-11
CALSDV   54    1  0.1635E-11  0.1637E-11
CALSDV   55    1  0.1709E-11  0.1711E-11
CALSDV   56    1  0.1789E-11  0.1791E-11
CALSDV   57    1  0.1865E-11  0.1867E-11
CALSDV   58    1  0.1955E-11  0.1957E-11
CALSDV   59    1  0.1843E-11  0.1845E-11
CALSDV   60    1  0.1934E-11  0.1936E-11
CALSDV    2    2  0.2372E-10  0.2932E-10
CALSDV    3    2  0.1381E-10  0.1354E-10
CALSDV    4    2  0.6486E-11  0.6496E-11
CALSDV    5    2  0.3994E-11  0.3996E-11
CALSDV    6    2  0.2871E-11  0.2877E-11
CALSDV    7    2  0.2199E-11  0.2205E-11
CALSDV    8    2  0.1804E-11  0.1810E-11
CALSDV    9    2  0.1522E-11  0.1528E-11
CALSDV   10    2  0.1330E-11  0.1335E-11
CALSDV   11    2  0.1186E-11  0.1190E-11
CALSDV   12    2  0.1080E-11  0.1085E-11
CALSDV   13    2  0.9948E-12  0.9979E-12
CALSDV   14    2  0.9327E-12  0.9355E-12
CALSDV   15    2  0.8802E-12  0.8838E-12
CALSDV   16    2  0.8399E-12  0.8426E-12
CALSDV   17    2  0.8076E-12  0.8106E-12
CALSDV   18    2  0.7833E-12  0.7850E-12
CALSDV   19    2  0.7625E-12  0.7649E-12
CALSDV   20    2  0.7476E-12  0.7500E-12
CALSDV   21    2  0.7363E-12  0.7387E-12
CALSDV   22    2  0.7284E-12  0.7306E-12
CALSDV   23    2  0.7235E-12  0.7258E-12
CALSDV   24    2  0.7216E-12  0.7240E-12
CALSDV   25    2  0.7217E-12  0.7237E-12
CALSDV   26    2  0.7242E-12  0.7265E-12
CALSDV   27    2  0.7291E-12  0.7316E-12
CALSDV   28    2  0.7358E-12  0.7379E-12
CALSDV   29    2  0.7440E-12  0.7463E-12
CALSDV   30    2  0.7546E-12  0.7571E-12
CALSDV   31    2  0.7670E-12  0.7694E-12
CALSDV   32    2  0.7806E-12  0.7831E-12
CALSDV   33    2  0.7964E-12  0.7989E-12
CALSDV   34    2  0.8141E-12  0.8166E-12
CALSDV   35    2  0.8333E-12  0.8359E-12
CALSDV   36    2  0.8543E-12  0.8569E-12
CALSDV   37    2  0.8775E-12  0.8801E-12
CALSDV   38    2  0.9022E-12  0.9050E-12
CALSDV   39    2  0.9289E-12  0.9318E-12
CALSDV   40    2  0.9580E-12  0.9609E-12
CALSDV   41    2  0.9890E-12  0.9921E-12
CALSDV   42    2  0.1022E-11  0.1025E-11
CALSDV   43    2  0.1058E-11  0.1061E-11
CALSDV   44    2  0.1096E-11  0.1099E-11
CALSDV   45    2  0.1136E-11  0.1139E-11
CALSDV   46    2  0.1179E-11  0.1183E-11
CALSDV   47    2  0.1225E-11  0.1229E-11
CALSDV   48    2  0.1274E-11  0.1278E-11
CALSDV   49    2  0.1326E-11  0.1330E-11
CALSDV   50    2  0.1381E-11  0.1386E-11
CALSDV   51    2  0.1440E-11  0.1444E-11
CALSDV   52    2  0.1503E-11  0.1507E-11
CALSDV   53    2  0.1569E-11  0.1573E-11
CALSDV   54    2  0.1639E-11  0.1644E-11
CALSDV   55    2  0.1713E-11  0.1719E-11
CALSDV   56    2  0.1793E-11  0.1798E-11
CALSDV   57    2  0.1871E-11  0.1877E-11
CALSDV   58    2  0.1960E-11  0.1966E-11
CALSDV   59    2  0.1864E-11  0.1870E-11
CALSDV   60    2  0.1955E-11  0.1961E-11
CALSDV    3    3  0.3061E-10  0.3015E-10
CALSDV    4    3  0.1229E-10  0.1241E-10
CALSDV    5    3  0.8548E-11  0.8507E-11
CALSDV    6    3  0.4399E-11  0.4427E-11
CALSDV    7    3  0.4058E-11  0.4056E-11
CALSDV    8    3  0.2465E-11  0.2473E-11
CALSDV    9    3  0.2418E-11  0.2416E-11
CALSDV   10    3  0.1687E-11  0.1695E-11
CALSDV   11    3  0.1675E-11  0.1676E-11
CALSDV   12    3  0.1292E-11  0.1297E-11
CALSDV   13    3  0.1292E-11  0.1293E-11
CALSDV   14    3  0.1070E-11  0.1073E-11
CALSDV   15    3  0.1071E-11  0.1072E-11
CALSDV   16    3  0.9377E-12  0.9392E-12
CALSDV   17    3  0.9387E-12  0.9397E-12
CALSDV   18    3  0.8539E-12  0.8552E-12
CALSDV   19    3  0.8567E-12  0.8579E-12
CALSDV   20    3  0.8020E-12  0.8032E-12
CALSDV   21    3  0.8064E-12  0.8078E-12
CALSDV   22    3  0.7717E-12  0.7731E-12
CALSDV   23    3  0.7780E-12  0.7794E-12
CALSDV   24    3  0.7566E-12  0.7579E-12
CALSDV   25    3  0.7656E-12  0.7669E-12
CALSDV   26    3  0.7540E-12  0.7553E-12
CALSDV   27    3  0.7646E-12  0.7660E-12
CALSDV   28    3  0.7610E-12  0.7623E-12
CALSDV   29    3  0.7744E-12  0.7759E-12
CALSDV   30    3  0.7766E-12  0.7780E-12
CALSDV   31    3  0.7924E-12  0.7940E-12
CALSDV   32    3  0.8006E-12  0.8019E-12
CALSDV   33    3  0.8191E-12  0.8207E-12
CALSDV   34    3  0.8315E-12  0.8332E-12
CALSDV   35    3  0.8533E-12  0.8549E-12
CALSDV   36    3  0.8706E-12  0.8722E-12
CALSDV   37    3  0.8952E-12  0.8970E-12
CALSDV   38    3  0.9171E-12  0.9189E-12
CALSDV   39    3  0.9456E-12  0.9475E-12
CALSDV   40    3  0.9717E-12  0.9736E-12
CALSDV   41    3  0.1004E-11  0.1006E-11
CALSDV   42    3  0.1035E-11  0.1037E-11
CALSDV   43    3  0.1072E-11  0.1074E-11
CALSDV   44    3  0.1108E-11  0.1110E-11
CALSDV   45    3  0.1149E-11  0.1152E-11
CALSDV   46    3  0.1191E-11  0.1194E-11
CALSDV   47    3  0.1238E-11  0.1240E-11
CALSDV   48    3  0.1286E-11  0.1288E-11
CALSDV   49    3  0.1339E-11  0.1341E-11
CALSDV   50    3  0.1393E-11  0.1396E-11
CALSDV   51    3  0.1453E-11  0.1455E-11
CALSDV   52    3  0.1514E-11  0.1517E-11
CALSDV   53    3  0.1581E-11  0.1585E-11
CALSDV   54    3  0.1651E-11  0.1655E-11
CALSDV   55    3  0.1727E-11  0.1730E-11
CALSDV   56    3  0.1806E-11  0.1810E-11
CALSDV   57    3  0.1888E-11  0.1891E-11
CALSDV   58    3  0.1976E-11  0.1980E-11
CALSDV   59    3  0.1913E-11  0.1917E-11
CALSDV   60    3  0.2003E-11  0.2007E-11
CALSDV    4    4  0.1457E-10  0.1462E-10
CALSDV    5    4  0.1244E-10  0.1258E-10
CALSDV    6    4  0.5281E-11  0.5292E-11
CALSDV    7    4  0.4583E-11  0.4606E-11
CALSDV    8    4  0.2900E-11  0.2923E-11
CALSDV    9    4  0.2529E-11  0.2534E-11
CALSDV   10    4  0.1910E-11  0.1929E-11
CALSDV   11    4  0.1708E-11  0.1714E-11
CALSDV   12    4  0.1432E-11  0.1444E-11
CALSDV   13    4  0.1320E-11  0.1323E-11
CALSDV   14    4  0.1171E-11  0.1179E-11
CALSDV   15    4  0.1103E-11  0.1106E-11
CALSDV   16    4  0.1012E-11  0.1018E-11
CALSDV   17    4  0.9717E-12  0.9735E-12
CALSDV   18    4  0.9142E-12  0.9184E-12
CALSDV   19    4  0.8883E-12  0.8904E-12
CALSDV   20    4  0.8509E-12  0.8547E-12
CALSDV   21    4  0.8370E-12  0.8387E-12
CALSDV   22    4  0.8129E-12  0.8159E-12
CALSDV   23    4  0.8067E-12  0.8085E-12
CALSDV   24    4  0.7927E-12  0.7954E-12
CALSDV   25    4  0.7918E-12  0.7934E-12
CALSDV   26    4  0.7853E-12  0.7878E-12
CALSDV   27    4  0.7897E-12  0.7916E-12
CALSDV   28    4  0.7890E-12  0.7914E-12
CALSDV   29    4  0.7971E-12  0.7989E-12
CALSDV   30    4  0.8022E-12  0.8046E-12
CALSDV   31    4  0.8143E-12  0.8161E-12
CALSDV   32    4  0.8235E-12  0.8256E-12
CALSDV   33    4  0.8392E-12  0.8410E-12
CALSDV   34    4  0.8532E-12  0.8553E-12
CALSDV   35    4  0.8724E-12  0.8743E-12
CALSDV   36    4  0.8903E-12  0.8926E-12
CALSDV   37    4  0.9135E-12  0.9155E-12
CALSDV   38    4  0.9357E-12  0.9381E-12
CALSDV   39    4  0.9627E-12  0.9646E-12
CALSDV   40    4  0.9896E-12  0.9919E-12
CALSDV   41    4  0.1021E-11  0.1023E-11
CALSDV   42    4  0.1052E-11  0.1054E-11
CALSDV   43    4  0.1088E-11  0.1090E-11
CALSDV   44    4  0.1124E-11  0.1127E-11
CALSDV   45    4  0.1165E-11  0.1167E-11
CALSDV   46    4  0.1206E-11  0.1209E-11
CALSDV   47    4  0.1253E-11  0.1255E-11
CALSDV   48    4  0.1301E-11  0.1304E-11
CALSDV   49    4  0.1353E-11  0.1356E-11
CALSDV   50    4  0.1407E-11  0.1410E-11
CALSDV   51    4  0.1467E-11  0.1470E-11
CALSDV   52    4  0.1528E-11  0.1532E-11
CALSDV   53    4  0.1596E-11  0.1599E-11
CALSDV   54    4  0.1666E-11  0.1669E-11
CALSDV   55    4  0.1741E-11  0.1745E-11
CALSDV   56    4  0.1821E-11  0.1825E-11
CALSDV   57    4  0.1904E-11  0.1908E-11
CALSDV   58    4  0.1994E-11  0.1998E-11
CALSDV   59    4  0.1957E-11  0.1961E-11
CALSDV   60    4  0.2048E-11  0.2053E-11
CALSDV    5    5  0.2215E-10  0.2193E-10
CALSDV    6    5  0.9470E-11  0.9475E-11
CALSDV    7    5  0.6099E-11  0.6069E-11
CALSDV    8    5  0.3802E-11  0.3802E-11
CALSDV    9    5  0.3534E-11  0.3534E-11
CALSDV   10    5  0.2343E-11  0.2339E-11
CALSDV   11    5  0.2401E-11  0.2404E-11
CALSDV   12    5  0.1758E-11  0.1758E-11
CALSDV   13    5  0.1800E-11  0.1802E-11
CALSDV   14    5  0.1426E-11  0.1427E-11
CALSDV   15    5  0.1444E-11  0.1446E-11
CALSDV   16    5  0.1217E-11  0.1218E-11
CALSDV   17    5  0.1221E-11  0.1221E-11
CALSDV   18    5  0.1078E-11  0.1078E-11
CALSDV   19    5  0.1077E-11  0.1078E-11
CALSDV   20    5  0.9856E-12  0.9853E-12
CALSDV   21    5  0.9825E-12  0.9828E-12
CALSDV   22    5  0.9244E-12  0.9238E-12
CALSDV   23    5  0.9214E-12  0.9219E-12
CALSDV   24    5  0.8852E-12  0.8849E-12
CALSDV   25    5  0.8854E-12  0.8855E-12
CALSDV   26    5  0.8634E-12  0.8634E-12
CALSDV   27    5  0.8662E-12  0.8663E-12
CALSDV   28    5  0.8560E-12  0.8559E-12
CALSDV   29    5  0.8617E-12  0.8621E-12
CALSDV   30    5  0.8597E-12  0.8599E-12
CALSDV   31    5  0.8690E-12  0.8691E-12
CALSDV   32    5  0.8743E-12  0.8742E-12
CALSDV   33    5  0.8871E-12  0.8870E-12
CALSDV   34    5  0.8978E-12  0.8978E-12
CALSDV   35    5  0.9143E-12  0.9140E-12
CALSDV   36    5  0.9306E-12  0.9306E-12
CALSDV   37    5  0.9507E-12  0.9504E-12
CALSDV   38    5  0.9720E-12  0.9719E-12
CALSDV   39    5  0.9963E-12  0.9963E-12
CALSDV   40    5  0.1022E-11  0.1022E-11
CALSDV   41    5  0.1051E-11  0.1051E-11
CALSDV   42    5  0.1082E-11  0.1082E-11
CALSDV   43    5  0.1115E-11  0.1115E-11
CALSDV   44    5  0.1152E-11  0.1152E-11
CALSDV   45    5  0.1191E-11  0.1191E-11
CALSDV   46    5  0.1233E-11  0.1233E-11
CALSDV   47    5  0.1277E-11  0.1277E-11
CALSDV   48    5  0.1325E-11  0.1325E-11
CALSDV   49    5  0.1376E-11  0.1376E-11
CALSDV   50    5  0.1431E-11  0.1431E-11
CALSDV   51    5  0.1488E-11  0.1488E-11
CALSDV   52    5  0.1551E-11  0.1551E-11
CALSDV   53    5  0.1616E-11  0.1616E-11
CALSDV   54    5  0.1687E-11  0.1687E-11
CALSDV   55    5  0.1762E-11  0.1762E-11
CALSDV   56    5  0.1842E-11  0.1842E-11
CALSDV   57    5  0.1926E-11  0.1926E-11
CALSDV   58    5  0.2016E-11  0.2016E-11
CALSDV   59    5  0.2001E-11  0.2001E-11
CALSDV   60    5  0.2096E-11  0.2096E-11
CALSDV    6    6  0.1087E-10  0.1054E-10
CALSDV    7    6  0.1137E-10  0.1144E-10
CALSDV    8    6  0.5093E-11  0.5020E-11
CALSDV    9    6  0.5350E-11  0.5369E-11
CALSDV   10    6  0.3271E-11  0.3218E-11
CALSDV   11    6  0.3182E-11  0.3191E-11
CALSDV   12    6  0.2248E-11  0.2214E-11
CALSDV   13    6  0.2191E-11  0.2192E-11
CALSDV   14    6  0.1689E-11  0.1666E-11
CALSDV   15    6  0.1671E-11  0.1673E-11
CALSDV   16    6  0.1369E-11  0.1352E-11
CALSDV   17    6  0.1373E-11  0.1373E-11
CALSDV   18    6  0.1175E-11  0.1162E-11
CALSDV   19    6  0.1188E-11  0.1188E-11
CALSDV   20    6  0.1055E-11  0.1045E-11
CALSDV   21    6  0.1070E-11  0.1071E-11
CALSDV   22    6  0.9779E-12  0.9714E-12
CALSDV   23    6  0.9948E-12  0.9948E-12
CALSDV   24    6  0.9310E-12  0.9257E-12
CALSDV   25    6  0.9482E-12  0.9475E-12
CALSDV   26    6  0.9048E-12  0.9007E-12
CALSDV   27    6  0.9223E-12  0.9219E-12
CALSDV   28    6  0.8937E-12  0.8903E-12
CALSDV   29    6  0.9118E-12  0.9113E-12
CALSDV   30    6  0.8955E-12  0.8926E-12
CALSDV   31    6  0.9149E-12  0.9144E-12
CALSDV   32    6  0.9078E-12  0.9052E-12
CALSDV   33    6  0.9292E-12  0.9281E-12
CALSDV   34    6  0.9303E-12  0.9282E-12
CALSDV   35    6  0.9532E-12  0.9525E-12
CALSDV   36    6  0.9615E-12  0.9591E-12
CALSDV   37    6  0.9872E-12  0.9861E-12
CALSDV   38    6  0.1001E-11  0.9999E-12
CALSDV   39    6  0.1030E-11  0.1029E-11
CALSDV   40    6  0.1051E-11  0.1049E-11
CALSDV   41    6  0.1083E-11  0.1082E-11
CALSDV   42    6  0.1110E-11  0.1108E-11
CALSDV   43    6  0.1146E-11  0.1145E-11
CALSDV   44    6  0.1179E-11  0.1177E-11
CALSDV   45    6  0.1219E-11  0.1218E-11
CALSDV   46    6  0.1258E-11  0.1257E-11
CALSDV   47    6  0.1304E-11  0.1303E-11
CALSDV   48    6  0.1350E-11  0.1348E-11
CALSDV   49    6  0.1402E-11  0.1400E-11
CALSDV   50    6  0.1455E-11  0.1453E-11
CALSDV   51    6  0.1513E-11  0.1512E-11
CALSDV   52    6  0.1574E-11  0.1572E-11
CALSDV   53    6  0.1641E-11  0.1639E-11
CALSDV   54    6  0.1710E-11  0.1708E-11
CALSDV   55    6  0.1786E-11  0.1783E-11
CALSDV   56    6  0.1864E-11  0.1862E-11
CALSDV   57    6  0.1951E-11  0.1949E-11
CALSDV   58    6  0.2040E-11  0.2038E-11
CALSDV   59    6  0.2050E-11  0.2048E-11
CALSDV   60    6  0.2143E-11  0.2140E-11
CALSDV    7    7  0.1493E-10  0.1498E-10
CALSDV    8    7  0.8830E-11  0.8839E-11
CALSDV    9    7  0.5378E-11  0.5383E-11
CALSDV   10    7  0.3694E-11  0.3706E-11
CALSDV   11    7  0.3256E-11  0.3262E-11
CALSDV   12    7  0.2224E-11  0.2228E-11
CALSDV   13    7  0.2228E-11  0.2232E-11
CALSDV   14    7  0.1743E-11  0.1748E-11
CALSDV   15    7  0.1691E-11  0.1695E-11
CALSDV   16    7  0.1507E-11  0.1509E-11
CALSDV   17    7  0.1392E-11  0.1392E-11
CALSDV   18    7  0.1348E-11  0.1351E-11
CALSDV   19    7  0.1211E-11  0.1214E-11
CALSDV   20    7  0.1231E-11  0.1232E-11
CALSDV   21    7  0.1102E-11  0.1102E-11
CALSDV   22    7  0.1144E-11  0.1145E-11
CALSDV   23    7  0.1030E-11  0.1032E-11
CALSDV   24    7  0.1082E-11  0.1082E-11
CALSDV   25    7  0.9861E-12  0.9866E-12
CALSDV   26    7  0.1039E-11  0.1039E-11
CALSDV   27    7  0.9625E-12  0.9623E-12
CALSDV   28    7  0.1012E-11  0.1012E-11
CALSDV   29    7  0.9529E-12  0.9526E-12
CALSDV   30    7  0.9995E-12  0.9992E-12
CALSDV   31    7  0.9547E-12  0.9544E-12
CALSDV   32    7  0.1000E-11  0.9997E-12
CALSDV   33    7  0.9680E-12  0.9675E-12
CALSDV   34    7  0.1011E-11  0.1011E-11
CALSDV   35    7  0.9911E-12  0.9906E-12
CALSDV   36    7  0.1033E-11  0.1033E-11
CALSDV   37    7  0.1023E-11  0.1023E-11
CALSDV   38    7  0.1066E-11  0.1065E-11
CALSDV   39    7  0.1065E-11  0.1064E-11
CALSDV   40    7  0.1108E-11  0.1107E-11
CALSDV   41    7  0.1116E-11  0.1115E-11
CALSDV   42    7  0.1161E-11  0.1160E-11
CALSDV   43    7  0.1177E-11  0.1176E-11
CALSDV   44    7  0.1225E-11  0.1224E-11
CALSDV   45    7  0.1249E-11  0.1248E-11
CALSDV   46    7  0.1300E-11  0.1299E-11
CALSDV   47    7  0.1333E-11  0.1331E-11
CALSDV   48    7  0.1388E-11  0.1387E-11
CALSDV   49    7  0.1428E-11  0.1427E-11
CALSDV   50    7  0.1489E-11  0.1488E-11
CALSDV   51    7  0.1539E-11  0.1537E-11
CALSDV   52    7  0.1606E-11  0.1605E-11
CALSDV   53    7  0.1664E-11  0.1663E-11
CALSDV   54    7  0.1739E-11  0.1737E-11
CALSDV   55    7  0.1808E-11  0.1807E-11
CALSDV   56    7  0.1891E-11  0.1890E-11
CALSDV   57    7  0.1973E-11  0.1971E-11
CALSDV   58    7  0.2067E-11  0.2065E-11
CALSDV   59    7  0.2088E-11  0.2087E-11
CALSDV   60    7  0.2189E-11  0.2187E-11
CALSDV    8    8  0.7849E-11  0.8420E-11
CALSDV    9    8  0.7775E-11  0.7851E-11
CALSDV   10    8  0.4868E-11  0.4864E-11
CALSDV   11    8  0.4157E-11  0.4201E-11
CALSDV   12    8  0.3543E-11  0.3556E-11
CALSDV   13    8  0.2950E-11  0.2974E-11
CALSDV   14    8  0.2552E-11  0.2587E-11
CALSDV   15    8  0.2337E-11  0.2349E-11
CALSDV   16    8  0.1943E-11  0.1977E-11
CALSDV   17    8  0.1940E-11  0.1949E-11
CALSDV   18    8  0.1575E-11  0.1609E-11
CALSDV   19    8  0.1663E-11  0.1669E-11
CALSDV   20    8  0.1353E-11  0.1384E-11
CALSDV   21    8  0.1466E-11  0.1471E-11
CALSDV   22    8  0.1216E-11  0.1241E-11
CALSDV   23    8  0.1326E-11  0.1330E-11
CALSDV   24    8  0.1130E-11  0.1151E-11
CALSDV   25    8  0.1228E-11  0.1231E-11
CALSDV   26    8  0.1077E-11  0.1093E-11
CALSDV   27    8  0.1161E-11  0.1164E-11
CALSDV   28    8  0.1047E-11  0.1060E-11
CALSDV   29    8  0.1117E-11  0.1120E-11
CALSDV   30    8  0.1036E-11  0.1045E-11
CALSDV   31    8  0.1094E-11  0.1096E-11
CALSDV   32    8  0.1035E-11  0.1043E-11
CALSDV   33    8  0.1087E-11  0.1088E-11
CALSDV   34    8  0.1048E-11  0.1054E-11
CALSDV   35    8  0.1093E-11  0.1094E-11
CALSDV   36    8  0.1071E-11  0.1076E-11
CALSDV   37    8  0.1112E-11  0.1114E-11
CALSDV   38    8  0.1104E-11  0.1107E-11
CALSDV   39    8  0.1143E-11  0.1144E-11
CALSDV   40    8  0.1147E-11  0.1149E-11
CALSDV   41    8  0.1185E-11  0.1186E-11
CALSDV   42    8  0.1199E-11  0.1201E-11
CALSDV   43    8  0.1239E-11  0.1240E-11
CALSDV   44    8  0.1262E-11  0.1264E-11
CALSDV   45    8  0.1305E-11  0.1305E-11
CALSDV   46    8  0.1337E-11  0.1338E-11
CALSDV   47    8  0.1383E-11  0.1383E-11
CALSDV   48    8  0.1424E-11  0.1424E-11
CALSDV   49    8  0.1474E-11  0.1474E-11
CALSDV   50    8  0.1523E-11  0.1524E-11
CALSDV   51    8  0.1580E-11  0.1580E-11
CALSDV   52    8  0.1638E-11  0.1639E-11
CALSDV   53    8  0.1702E-11  0.1702E-11
CALSDV   54    8  0.1770E-11  0.1770E-11
CALSDV   55    8  0.1842E-11  0.1843E-11
CALSDV   56    8  0.1921E-11  0.1921E-11
CALSDV   57    8  0.2006E-11  0.2006E-11
CALSDV   58    8  0.2096E-11  0.2096E-11
CALSDV   59    8  0.2142E-11  0.2142E-11
CALSDV   60    8  0.2238E-11  0.2238E-11
CALSDV    9    9  0.1028E-10  0.1025E-10
CALSDV   10    9  0.8181E-11  0.8190E-11
CALSDV   11    9  0.5091E-11  0.5100E-11
CALSDV   12    9  0.3807E-11  0.3818E-11
CALSDV   13    9  0.3415E-11  0.3415E-11
CALSDV   14    9  0.2368E-11  0.2374E-11
CALSDV   15    9  0.2354E-11  0.2352E-11
CALSDV   16    9  0.1868E-11  0.1871E-11
CALSDV   17    9  0.1746E-11  0.1743E-11
CALSDV   18    9  0.1632E-11  0.1634E-11
CALSDV   19    9  0.1423E-11  0.1419E-11
CALSDV   20    9  0.1479E-11  0.1480E-11
CALSDV   21    9  0.1249E-11  0.1247E-11
CALSDV   22    9  0.1367E-11  0.1367E-11
CALSDV   23    9  0.1158E-11  0.1155E-11
CALSDV   24    9  0.1282E-11  0.1283E-11
CALSDV   25    9  0.1109E-11  0.1107E-11
CALSDV   26    9  0.1220E-11  0.1221E-11
CALSDV   27    9  0.1082E-11  0.1080E-11
CALSDV   28    9  0.1177E-11  0.1178E-11
CALSDV   29    9  0.1071E-11  0.1070E-11
CALSDV   30    9  0.1151E-11  0.1151E-11
CALSDV   31    9  0.1074E-11  0.1073E-11
CALSDV   32    9  0.1138E-11  0.1139E-11
CALSDV   33    9  0.1084E-11  0.1083E-11
CALSDV   34    9  0.1139E-11  0.1140E-11
CALSDV   35    9  0.1103E-11  0.1103E-11
CALSDV   36    9  0.1152E-11  0.1152E-11
CALSDV   37    9  0.1132E-11  0.1132E-11
CALSDV   38    9  0.1176E-11  0.1176E-11
CALSDV   39    9  0.1169E-11  0.1169E-11
CALSDV   40    9  0.1210E-11  0.1211E-11
CALSDV   41    9  0.1215E-11  0.1216E-11
CALSDV   42    9  0.1257E-11  0.1257E-11
CALSDV   43    9  0.1271E-11  0.1272E-11
CALSDV   44    9  0.1314E-11  0.1315E-11
CALSDV   45    9  0.1339E-11  0.1339E-11
CALSDV   46    9  0.1384E-11  0.1385E-11
CALSDV   47    9  0.1416E-11  0.1417E-11
CALSDV   48    9  0.1466E-11  0.1467E-11
CALSDV   49    9  0.1507E-11  0.1508E-11
CALSDV   50    9  0.1562E-11  0.1563E-11
CALSDV   51    9  0.1612E-11  0.1613E-11
CALSDV   52    9  0.1674E-11  0.1675E-11
CALSDV   53    9  0.1732E-11  0.1734E-11
CALSDV   54    9  0.1802E-11  0.1804E-11
CALSDV   55    9  0.1871E-11  0.1872E-11
CALSDV   56    9  0.1950E-11  0.1952E-11
CALSDV   57    9  0.2033E-11  0.2035E-11
CALSDV   58    9  0.2123E-11  0.2125E-11
CALSDV   59    9  0.2182E-11  0.2183E-11
CALSDV   60    9  0.2277E-11  0.2278E-11
CALSDV   10   10  0.8056E-11  0.8067E-11
CALSDV   11   10  0.6557E-11  0.6503E-11
CALSDV   12   10  0.4555E-11  0.4537E-11
CALSDV   13   10  0.3348E-11  0.3327E-11
CALSDV   14   10  0.3624E-11  0.3618E-11
CALSDV   15   10  0.2595E-11  0.2589E-11
CALSDV   16   10  0.2807E-11  0.2803E-11
CALSDV   17   10  0.2306E-11  0.2306E-11
CALSDV   18   10  0.2241E-11  0.2239E-11
CALSDV   19   10  0.2076E-11  0.2077E-11
CALSDV   20   10  0.1880E-11  0.1877E-11
CALSDV   21   10  0.1875E-11  0.1875E-11
CALSDV   22   10  0.1648E-11  0.1646E-11
CALSDV   23   10  0.1708E-11  0.1708E-11
CALSDV   24   10  0.1498E-11  0.1496E-11
CALSDV   25   10  0.1575E-11  0.1574E-11
CALSDV   26   10  0.1400E-11  0.1398E-11
CALSDV   27   10  0.1473E-11  0.1471E-11
CALSDV   28   10  0.1332E-11  0.1332E-11
CALSDV   29   10  0.1397E-11  0.1396E-11
CALSDV   30   10  0.1291E-11  0.1290E-11
CALSDV   31   10  0.1344E-11  0.1343E-11
CALSDV   32   10  0.1268E-11  0.1268E-11
CALSDV   33   10  0.1311E-11  0.1310E-11
CALSDV   34   10  0.1260E-11  0.1260E-11
CALSDV   35   10  0.1295E-11  0.1294E-11
CALSDV   36   10  0.1265E-11  0.1264E-11
CALSDV   37   10  0.1295E-11  0.1294E-11
CALSDV   38   10  0.1282E-11  0.1282E-11
CALSDV   39   10  0.1309E-11  0.1308E-11
CALSDV   40   10  0.1311E-11  0.1310E-11
CALSDV   41   10  0.1336E-11  0.1335E-11
CALSDV   42   10  0.1350E-11  0.1349E-11
CALSDV   43   10  0.1376E-11  0.1376E-11
CALSDV   44   10  0.1400E-11  0.1400E-11
CALSDV   45   10  0.1430E-11  0.1429E-11
CALSDV   46   10  0.1464E-11  0.1465E-11
CALSDV   47   10  0.1497E-11  0.1496E-11
CALSDV   48   10  0.1540E-11  0.1540E-11
CALSDV   49   10  0.1577E-11  0.1577E-11
CALSDV   50   10  0.1630E-11  0.1630E-11
CALSDV   51   10  0.1674E-11  0.1674E-11
CALSDV   52   10  0.1736E-11  0.1736E-11
CALSDV   53   10  0.1787E-11  0.1787E-11
CALSDV   54   10  0.1858E-11  0.1859E-11
CALSDV   55   10  0.1919E-11  0.1919E-11
CALSDV   56   10  0.2000E-11  0.2001E-11
CALSDV   57   10  0.2077E-11  0.2077E-11
CALSDV   58   10  0.2170E-11  0.2170E-11
CALSDV   59   10  0.2240E-11  0.2241E-11
CALSDV   60   10  0.2343E-11  0.2344E-11
CALSDV   11   11  0.7430E-11  0.7441E-11
CALSDV   12   11  0.7710E-11  0.7720E-11
CALSDV   13   11  0.4784E-11  0.4777E-11
CALSDV   14   11  0.4121E-11  0.4132E-11
CALSDV   15   11  0.3606E-11  0.3603E-11
CALSDV   16   11  0.2810E-11  0.2811E-11
CALSDV   17   11  0.2582E-11  0.2579E-11
CALSDV   18   11  0.2220E-11  0.2217E-11
CALSDV   19   11  0.1914E-11  0.1912E-11
CALSDV   20   11  0.1880E-11  0.1878E-11
CALSDV   21   11  0.1546E-11  0.1543E-11
CALSDV   22   11  0.1655E-11  0.1653E-11
CALSDV   23   11  0.1356E-11  0.1355E-11
CALSDV   24   11  0.1499E-11  0.1498E-11
CALSDV   25   11  0.1269E-11  0.1269E-11
CALSDV   26   11  0.1392E-11  0.1392E-11
CALSDV   27   11  0.1234E-11  0.1233E-11
CALSDV   28   11  0.1321E-11  0.1321E-11
CALSDV   29   11  0.1221E-11  0.1221E-11
CALSDV   30   11  0.1277E-11  0.1276E-11
CALSDV   31   11  0.1223E-11  0.1222E-11
CALSDV   32   11  0.1253E-11  0.1253E-11
CALSDV   33   11  0.1235E-11  0.1234E-11
CALSDV   34   11  0.1248E-11  0.1247E-11
CALSDV   35   11  0.1253E-11  0.1252E-11
CALSDV   36   11  0.1256E-11  0.1255E-11
CALSDV   37   11  0.1278E-11  0.1277E-11
CALSDV   38   11  0.1277E-11  0.1276E-11
CALSDV   39   11  0.1312E-11  0.1311E-11
CALSDV   40   11  0.1310E-11  0.1309E-11
CALSDV   41   11  0.1353E-11  0.1352E-11
CALSDV   42   11  0.1354E-11  0.1353E-11
CALSDV   43   11  0.1403E-11  0.1401E-11
CALSDV   44   11  0.1409E-11  0.1408E-11
CALSDV   45   11  0.1463E-11  0.1462E-11
CALSDV   46   11  0.1476E-11  0.1475E-11
CALSDV   47   11  0.1534E-11  0.1532E-11
CALSDV   48   11  0.1556E-11  0.1555E-11
CALSDV   49   11  0.1617E-11  0.1615E-11
CALSDV   50   11  0.1648E-11  0.1647E-11
CALSDV   51   11  0.1713E-11  0.1712E-11
CALSDV   52   11  0.1756E-11  0.1755E-11
CALSDV   53   11  0.1826E-11  0.1824E-11
CALSDV   54   11  0.1880E-11  0.1878E-11
CALSDV   55   11  0.1956E-11  0.1954E-11
CALSDV   56   11  0.2023E-11  0.2021E-11
CALSDV   57   11  0.2111E-11  0.2109E-11
CALSDV   58   11  0.2192E-11  0.2190E-11
CALSDV   59   11  0.2284E-11  0.2282E-11
CALSDV   60   11  0.2369E-11  0.2367E-11
CALSDV   12   12  0.7093E-11  0.7247E-11
CALSDV   13   12  0.6484E-11  0.6489E-11
CALSDV   14   12  0.4359E-11  0.4369E-11
CALSDV   15   12  0.3203E-11  0.3198E-11
CALSDV   16   12  0.3461E-11  0.3460E-11
CALSDV   17   12  0.2435E-11  0.2435E-11
CALSDV   18   12  0.2670E-11  0.2672E-11
CALSDV   19   12  0.2251E-11  0.2250E-11
CALSDV   20   12  0.2159E-11  0.2166E-11
CALSDV   21   12  0.2106E-11  0.2104E-11
CALSDV   22   12  0.1877E-11  0.1887E-11
CALSDV   23   12  0.1958E-11  0.1956E-11
CALSDV   24   12  0.1719E-11  0.1729E-11
CALSDV   25   12  0.1823E-11  0.1821E-11
CALSDV   26   12  0.1626E-11  0.1637E-11
CALSDV   27   12  0.1709E-11  0.1708E-11
CALSDV   28   12  0.1571E-11  0.1581E-11
CALSDV   29   12  0.1620E-11  0.1618E-11
CALSDV   30   12  0.1533E-11  0.1542E-11
CALSDV   31   12  0.1553E-11  0.1551E-11
CALSDV   32   12  0.1509E-11  0.1517E-11
CALSDV   33   12  0.1507E-11  0.1505E-11
CALSDV   34   12  0.1496E-11  0.1503E-11
CALSDV   35   12  0.1479E-11  0.1477E-11
CALSDV   36   12  0.1494E-11  0.1500E-11
CALSDV   37   12  0.1467E-11  0.1466E-11
CALSDV   38   12  0.1500E-11  0.1505E-11
CALSDV   39   12  0.1471E-11  0.1469E-11
CALSDV   40   12  0.1517E-11  0.1522E-11
CALSDV   41   12  0.1488E-11  0.1487E-11
CALSDV   42   12  0.1545E-11  0.1549E-11
CALSDV   43   12  0.1520E-11  0.1519E-11
CALSDV   44   12  0.1583E-11  0.1586E-11
CALSDV   45   12  0.1564E-11  0.1563E-11
CALSDV   46   12  0.1633E-11  0.1636E-11
CALSDV   47   12  0.1622E-11  0.1622E-11
CALSDV   48   12  0.1695E-11  0.1698E-11
CALSDV   49   12  0.1693E-11  0.1694E-11
CALSDV   50   12  0.1771E-11  0.1774E-11
CALSDV   51   12  0.1781E-11  0.1781E-11
CALSDV   52   12  0.1864E-11  0.1866E-11
CALSDV   53   12  0.1884E-11  0.1885E-11
CALSDV   54   12  0.1973E-11  0.1975E-11
CALSDV   55   12  0.2007E-11  0.2007E-11
CALSDV   56   12  0.2102E-11  0.2104E-11
CALSDV   57   12  0.2155E-11  0.2156E-11
CALSDV   58   12  0.2259E-11  0.2261E-11
CALSDV   59   12  0.2336E-11  0.2337E-11
CALSDV   60   12  0.2453E-11  0.2455E-11
CALSDV   13   13  0.6219E-11  0.6234E-11
CALSDV   14   13  0.6501E-11  0.6513E-11
CALSDV   15   13  0.4570E-11  0.4573E-11
CALSDV   16   13  0.3682E-11  0.3667E-11
CALSDV   17   13  0.3743E-11  0.3748E-11
CALSDV   18   13  0.2815E-11  0.2803E-11
CALSDV   19   13  0.2779E-11  0.2786E-11
CALSDV   20   13  0.2388E-11  0.2376E-11
CALSDV   21   13  0.2090E-11  0.2096E-11
CALSDV   22   13  0.2070E-11  0.2060E-11
CALSDV   23   13  0.1689E-11  0.1694E-11
CALSDV   24   13  0.1820E-11  0.1813E-11
CALSDV   25   13  0.1487E-11  0.1490E-11
CALSDV   26   13  0.1634E-11  0.1629E-11
CALSDV   27   13  0.1401E-11  0.1404E-11
CALSDV   28   13  0.1505E-11  0.1500E-11
CALSDV   29   13  0.1375E-11  0.1377E-11
CALSDV   30   13  0.1423E-11  0.1419E-11
CALSDV   31   13  0.1374E-11  0.1376E-11
CALSDV   32   13  0.1376E-11  0.1373E-11
CALSDV   33   13  0.1387E-11  0.1387E-11
CALSDV   34   13  0.1357E-11  0.1355E-11
CALSDV   35   13  0.1407E-11  0.1408E-11
CALSDV   36   13  0.1360E-11  0.1358E-11
CALSDV   37   13  0.1433E-11  0.1434E-11
CALSDV   38   13  0.1380E-11  0.1378E-11
CALSDV   39   13  0.1464E-11  0.1465E-11
CALSDV   40   13  0.1412E-11  0.1411E-11
CALSDV   41   13  0.1502E-11  0.1503E-11
CALSDV   42   13  0.1457E-11  0.1457E-11
CALSDV   43   13  0.1548E-11  0.1549E-11
CALSDV   44   13  0.1514E-11  0.1514E-11
CALSDV   45   13  0.1602E-11  0.1603E-11
CALSDV   46   13  0.1580E-11  0.1581E-11
CALSDV   47   13  0.1666E-11  0.1667E-11
CALSDV   48   13  0.1659E-11  0.1659E-11
CALSDV   49   13  0.1740E-11  0.1742E-11
CALSDV   50   13  0.1749E-11  0.1750E-11
CALSDV   51   13  0.1828E-11  0.1830E-11
CALSDV   52   13  0.1853E-11  0.1854E-11
CALSDV   53   13  0.1930E-11  0.1932E-11
CALSDV   54   13  0.1971E-11  0.1973E-11
CALSDV   55   13  0.2050E-11  0.2051E-11
CALSDV   56   13  0.2108E-11  0.2109E-11
CALSDV   57   13  0.2194E-11  0.2196E-11
CALSDV   58   13  0.2269E-11  0.2272E-11
CALSDV   59   13  0.2380E-11  0.2382E-11
CALSDV   60   13  0.2463E-11  0.2465E-11
CALSDV   14   14  0.5344E-11  0.5344E-11
CALSDV   15   14  0.6913E-11  0.6942E-11
CALSDV   16   14  0.4311E-11  0.4323E-11
CALSDV   17   14  0.3552E-11  0.3555E-11
CALSDV   18   14  0.3538E-11  0.3543E-11
CALSDV   19   14  0.2578E-11  0.2579E-11
CALSDV   20   14  0.2643E-11  0.2645E-11
CALSDV   21   14  0.2327E-11  0.2329E-11
CALSDV   22   14  0.2057E-11  0.2059E-11
CALSDV   23   14  0.2180E-11  0.2183E-11
CALSDV   24   14  0.1777E-11  0.1778E-11
CALSDV   25   14  0.2045E-11  0.2052E-11
CALSDV   26   14  0.1673E-11  0.1676E-11
CALSDV   27   14  0.1925E-11  0.1934E-11
CALSDV   28   14  0.1647E-11  0.1650E-11
CALSDV   29   14  0.1826E-11  0.1836E-11
CALSDV   30   14  0.1652E-11  0.1655E-11
CALSDV   31   14  0.1749E-11  0.1761E-11
CALSDV   32   14  0.1663E-11  0.1666E-11
CALSDV   33   14  0.1694E-11  0.1706E-11
CALSDV   34   14  0.1674E-11  0.1678E-11
CALSDV   35   14  0.1659E-11  0.1670E-11
CALSDV   36   14  0.1687E-11  0.1690E-11
CALSDV   37   14  0.1641E-11  0.1652E-11
CALSDV   38   14  0.1703E-11  0.1705E-11
CALSDV   39   14  0.1640E-11  0.1649E-11
CALSDV   40   14  0.1722E-11  0.1725E-11
CALSDV   41   14  0.1650E-11  0.1659E-11
CALSDV   42   14  0.1746E-11  0.1749E-11
CALSDV   43   14  0.1675E-11  0.1684E-11
CALSDV   44   14  0.1778E-11  0.1782E-11
CALSDV   45   14  0.1714E-11  0.1721E-11
CALSDV   46   14  0.1820E-11  0.1824E-11
CALSDV   47   14  0.1763E-11  0.1771E-11
CALSDV   48   14  0.1871E-11  0.1875E-11
CALSDV   49   14  0.1827E-11  0.1834E-11
CALSDV   50   14  0.1934E-11  0.1939E-11
CALSDV   51   14  0.1905E-11  0.1911E-11
CALSDV   52   14  0.2012E-11  0.2017E-11
CALSDV   53   14  0.1998E-11  0.2004E-11
CALSDV   54   14  0.2106E-11  0.2111E-11
CALSDV   55   14  0.2108E-11  0.2114E-11
CALSDV   56   14  0.2218E-11  0.2224E-11
CALSDV   57   14  0.2245E-11  0.2251E-11
CALSDV   58   14  0.2360E-11  0.2366E-11
CALSDV   59   14  0.2433E-11  0.2440E-11
CALSDV   60   14  0.2562E-11  0.2568E-11
CALSDV   15   15  0.6516E-11  0.6419E-11
CALSDV   16   15  0.6285E-11  0.6327E-11
CALSDV   17   15  0.4423E-11  0.4436E-11
CALSDV   18   15  0.3302E-11  0.3308E-11
CALSDV   19   15  0.3912E-11  0.3921E-11
CALSDV   20   15  0.2520E-11  0.2529E-11
CALSDV   21   15  0.3127E-11  0.3125E-11
CALSDV   22   15  0.2275E-11  0.2285E-11
CALSDV   23   15  0.2518E-11  0.2513E-11
CALSDV   24   15  0.2075E-11  0.2085E-11
CALSDV   25   15  0.2138E-11  0.2130E-11
CALSDV   26   15  0.1894E-11  0.1902E-11
CALSDV   27   15  0.1923E-11  0.1916E-11
CALSDV   28   15  0.1744E-11  0.1751E-11
CALSDV   29   15  0.1807E-11  0.1801E-11
CALSDV   30   15  0.1635E-11  0.1641E-11
CALSDV   31   15  0.1746E-11  0.1744E-11
CALSDV   32   15  0.1565E-11  0.1572E-11
CALSDV   33   15  0.1716E-11  0.1717E-11
CALSDV   34   15  0.1530E-11  0.1537E-11
CALSDV   35   15  0.1704E-11  0.1706E-11
CALSDV   36   15  0.1521E-11  0.1528E-11
CALSDV   37   15  0.1705E-11  0.1708E-11
CALSDV   38   15  0.1532E-11  0.1540E-11
CALSDV   39   15  0.1715E-11  0.1719E-11
CALSDV   40   15  0.1561E-11  0.1569E-11
CALSDV   41   15  0.1734E-11  0.1739E-11
CALSDV   42   15  0.1602E-11  0.1610E-11
CALSDV   43   15  0.1762E-11  0.1768E-11
CALSDV   44   15  0.1655E-11  0.1664E-11
CALSDV   45   15  0.1800E-11  0.1807E-11
CALSDV   46   15  0.1719E-11  0.1728E-11
CALSDV   47   15  0.1848E-11  0.1856E-11
CALSDV   48   15  0.1793E-11  0.1802E-11
CALSDV   49   15  0.1906E-11  0.1915E-11
CALSDV   50   15  0.1877E-11  0.1888E-11
CALSDV   51   15  0.1978E-11  0.1989E-11
CALSDV   52   15  0.1974E-11  0.1986E-11
CALSDV   53   15  0.2064E-11  0.2075E-11
CALSDV   54   15  0.2084E-11  0.2096E-11
CALSDV   55   15  0.2166E-11  0.2178E-11
CALSDV   56   15  0.2209E-11  0.2222E-11
CALSDV   57   15  0.2294E-11  0.2307E-11
CALSDV   58   15  0.2359E-11  0.2374E-11
CALSDV   59   15  0.2482E-11  0.2497E-11
CALSDV   60   15  0.2561E-11  0.2577E-11
CALSDV   16   16  0.4643E-11  0.4626E-11
CALSDV   17   16  0.6786E-11  0.6779E-11
CALSDV   18   16  0.4394E-11  0.4388E-11
CALSDV   19   16  0.3683E-11  0.3674E-11
CALSDV   20   16  0.3799E-11  0.3788E-11
CALSDV   21   16  0.2762E-11  0.2761E-11
CALSDV   22   16  0.2864E-11  0.2853E-11
CALSDV   23   16  0.2483E-11  0.2485E-11
CALSDV   24   16  0.2200E-11  0.2192E-11
CALSDV   25   16  0.2294E-11  0.2296E-11
CALSDV   26   16  0.1871E-11  0.1866E-11
CALSDV   27   16  0.2134E-11  0.2136E-11
CALSDV   28   16  0.1770E-11  0.1768E-11
CALSDV   29   16  0.2004E-11  0.2004E-11
CALSDV   30   16  0.1770E-11  0.1770E-11
CALSDV   31   16  0.1908E-11  0.1907E-11
CALSDV   32   16  0.1805E-11  0.1807E-11
CALSDV   33   16  0.1846E-11  0.1844E-11
CALSDV   34   16  0.1845E-11  0.1847E-11
CALSDV   35   16  0.1811E-11  0.1808E-11
CALSDV   36   16  0.1879E-11  0.1881E-11
CALSDV   37   16  0.1795E-11  0.1793E-11
CALSDV   38   16  0.1910E-11  0.1911E-11
CALSDV   39   16  0.1797E-11  0.1795E-11
CALSDV   40   16  0.1938E-11  0.1938E-11
CALSDV   41   16  0.1813E-11  0.1811E-11
CALSDV   42   16  0.1964E-11  0.1965E-11
CALSDV   43   16  0.1840E-11  0.1837E-11
CALSDV   44   16  0.1994E-11  0.1994E-11
CALSDV   45   16  0.1878E-11  0.1875E-11
CALSDV   46   16  0.2029E-11  0.2030E-11
CALSDV   47   16  0.1926E-11  0.1924E-11
CALSDV   48   16  0.2071E-11  0.2071E-11
CALSDV   49   16  0.1984E-11  0.1982E-11
CALSDV   50   16  0.2122E-11  0.2122E-11
CALSDV   51   16  0.2054E-11  0.2052E-11
CALSDV   52   16  0.2186E-11  0.2185E-11
CALSDV   53   16  0.2136E-11  0.2135E-11
CALSDV   54   16  0.2262E-11  0.2262E-11
CALSDV   55   16  0.2233E-11  0.2232E-11
CALSDV   56   16  0.2356E-11  0.2355E-11
CALSDV   57   16  0.2354E-11  0.2353E-11
CALSDV   58   16  0.2478E-11  0.2477E-11
CALSDV   59   16  0.2544E-11  0.2542E-11
CALSDV   60   16  0.2679E-11  0.2678E-11
CALSDV   17   17  0.4636E-11  0.4654E-11
CALSDV   18   17  0.5396E-11  0.5392E-11
CALSDV   19   17  0.4230E-11  0.4234E-11
CALSDV   20   17  0.3010E-11  0.3000E-11
CALSDV   21   17  0.3727E-11  0.3736E-11
CALSDV   22   17  0.2745E-11  0.2743E-11
CALSDV   23   17  0.2893E-11  0.2899E-11
CALSDV   24   17  0.2627E-11  0.2629E-11
CALSDV   25   17  0.2277E-11  0.2281E-11
CALSDV   26   17  0.2391E-11  0.2395E-11
CALSDV   27   17  0.1936E-11  0.1939E-11
CALSDV   28   17  0.2131E-11  0.2135E-11
CALSDV   29   17  0.1787E-11  0.1788E-11
CALSDV   30   17  0.1908E-11  0.1912E-11
CALSDV   31   17  0.1736E-11  0.1737E-11
CALSDV   32   17  0.1746E-11  0.1749E-11
CALSDV   33   17  0.1732E-11  0.1732E-11
CALSDV   34   17  0.1653E-11  0.1656E-11
CALSDV   35   17  0.1748E-11  0.1749E-11
CALSDV   36   17  0.1616E-11  0.1618E-11
CALSDV   37   17  0.1772E-11  0.1773E-11
CALSDV   38   17  0.1618E-11  0.1621E-11
CALSDV   39   17  0.1800E-11  0.1802E-11
CALSDV   40   17  0.1651E-11  0.1653E-11
CALSDV   41   17  0.1834E-11  0.1835E-11
CALSDV   42   17  0.1704E-11  0.1706E-11
CALSDV   43   17  0.1872E-11  0.1875E-11
CALSDV   44   17  0.1768E-11  0.1771E-11
CALSDV   45   17  0.1918E-11  0.1920E-11
CALSDV   46   17  0.1842E-11  0.1845E-11
CALSDV   47   17  0.1969E-11  0.1972E-11
CALSDV   48   17  0.1924E-11  0.1927E-11
CALSDV   49   17  0.2030E-11  0.2032E-11
CALSDV   50   17  0.2014E-11  0.2016E-11
CALSDV   51   17  0.2101E-11  0.2103E-11
CALSDV   52   17  0.2111E-11  0.2113E-11
CALSDV   53   17  0.2182E-11  0.2185E-11
CALSDV   54   17  0.2217E-11  0.2220E-11
CALSDV   55   17  0.2277E-11  0.2279E-11
CALSDV   56   17  0.2335E-11  0.2338E-11
CALSDV   57   17  0.2394E-11  0.2397E-11
CALSDV   58   17  0.2473E-11  0.2476E-11
CALSDV   59   17  0.2580E-11  0.2583E-11
CALSDV   60   17  0.2677E-11  0.2680E-11
CALSDV   18   18  0.5003E-11  0.5090E-11
CALSDV   19   18  0.5605E-11  0.5599E-11
CALSDV   20   18  0.4571E-11  0.4570E-11
CALSDV   21   18  0.2970E-11  0.2971E-11
CALSDV   22   18  0.3925E-11  0.3923E-11
CALSDV   23   18  0.2609E-11  0.2615E-11
CALSDV   24   18  0.2920E-11  0.2920E-11
CALSDV   25   18  0.2544E-11  0.2548E-11
CALSDV   26   18  0.2224E-11  0.2226E-11
CALSDV   27   18  0.2385E-11  0.2389E-11
CALSDV   28   18  0.1922E-11  0.1923E-11
CALSDV   29   18  0.2201E-11  0.2204E-11
CALSDV   30   18  0.1882E-11  0.1884E-11
CALSDV   31   18  0.2049E-11  0.2050E-11
CALSDV   32   18  0.1945E-11  0.1946E-11
CALSDV   33   18  0.1945E-11  0.1945E-11
CALSDV   34   18  0.2025E-11  0.2027E-11
CALSDV   35   18  0.1892E-11  0.1891E-11
CALSDV   36   18  0.2095E-11  0.2097E-11
CALSDV   37   18  0.1879E-11  0.1878E-11
CALSDV   38   18  0.2149E-11  0.2150E-11
CALSDV   39   18  0.1889E-11  0.1889E-11
CALSDV   40   18  0.2189E-11  0.2191E-11
CALSDV   41   18  0.1919E-11  0.1919E-11
CALSDV   42   18  0.2220E-11  0.2222E-11
CALSDV   43   18  0.1962E-11  0.1963E-11
CALSDV   44   18  0.2247E-11  0.2249E-11
CALSDV   45   18  0.2012E-11  0.2013E-11
CALSDV   46   18  0.2273E-11  0.2275E-11
CALSDV   47   18  0.2068E-11  0.2068E-11
CALSDV   48   18  0.2303E-11  0.2304E-11
CALSDV   49   18  0.2130E-11  0.2131E-11
CALSDV   50   18  0.2338E-11  0.2340E-11
CALSDV   51   18  0.2199E-11  0.2201E-11
CALSDV   52   18  0.2383E-11  0.2384E-11
CALSDV   53   18  0.2275E-11  0.2277E-11
CALSDV   54   18  0.2438E-11  0.2439E-11
CALSDV   55   18  0.2361E-11  0.2363E-11
CALSDV   56   18  0.2507E-11  0.2510E-11
CALSDV   57   18  0.2467E-11  0.2470E-11
CALSDV   58   18  0.2604E-11  0.2607E-11
CALSDV   59   18  0.2650E-11  0.2652E-11
CALSDV   60   18  0.2793E-11  0.2795E-11
CALSDV   19   19  0.4215E-11  0.4231E-11
CALSDV   20   19  0.5145E-11  0.5147E-11
CALSDV   21   19  0.4227E-11  0.4238E-11
CALSDV   22   19  0.2893E-11  0.2890E-11
CALSDV   23   19  0.3704E-11  0.3711E-11
CALSDV   24   19  0.2947E-11  0.2939E-11
CALSDV   25   19  0.2879E-11  0.2883E-11
CALSDV   26   19  0.2977E-11  0.2972E-11
CALSDV   27   19  0.2306E-11  0.2305E-11
CALSDV   28   19  0.2789E-11  0.2784E-11
CALSDV   29   19  0.2010E-11  0.2008E-11
CALSDV   30   19  0.2528E-11  0.2524E-11
CALSDV   31   19  0.1895E-11  0.1894E-11
CALSDV   32   19  0.2284E-11  0.2281E-11
CALSDV   33   19  0.1866E-11  0.1865E-11
CALSDV   34   19  0.2099E-11  0.2098E-11
CALSDV   35   19  0.1872E-11  0.1872E-11
CALSDV   36   19  0.1983E-11  0.1984E-11
CALSDV   37   19  0.1893E-11  0.1893E-11
CALSDV   38   19  0.1932E-11  0.1934E-11
CALSDV   39   19  0.1922E-11  0.1923E-11
CALSDV   40   19  0.1927E-11  0.1929E-11
CALSDV   41   19  0.1957E-11  0.1957E-11
CALSDV   42   19  0.1954E-11  0.1956E-11
CALSDV   43   19  0.1998E-11  0.1999E-11
CALSDV   44   19  0.2004E-11  0.2007E-11
CALSDV   45   19  0.2045E-11  0.2046E-11
CALSDV   46   19  0.2068E-11  0.2070E-11
CALSDV   47   19  0.2099E-11  0.2100E-11
CALSDV   48   19  0.2139E-11  0.2141E-11
CALSDV   49   19  0.2161E-11  0.2162E-11
CALSDV   50   19  0.2218E-11  0.2219E-11
CALSDV   51   19  0.2230E-11  0.2231E-11
CALSDV   52   19  0.2302E-11  0.2305E-11
CALSDV   53   19  0.2308E-11  0.2310E-11
CALSDV   54   19  0.2392E-11  0.2395E-11
CALSDV   55   19  0.2394E-11  0.2397E-11
CALSDV   56   19  0.2491E-11  0.2494E-11
CALSDV   57   19  0.2499E-11  0.2502E-11
CALSDV   58   19  0.2607E-11  0.2610E-11
CALSDV   59   19  0.2678E-11  0.2681E-11
CALSDV   60   19  0.2802E-11  0.2806E-11
CALSDV   20   20  0.5002E-11  0.4947E-11
CALSDV   21   20  0.5309E-11  0.5304E-11
CALSDV   22   20  0.4672E-11  0.4670E-11
CALSDV   23   20  0.2846E-11  0.2842E-11
CALSDV   24   20  0.4073E-11  0.4075E-11
CALSDV   25   20  0.2723E-11  0.2726E-11
CALSDV   26   20  0.3064E-11  0.3066E-11
CALSDV   27   20  0.2714E-11  0.2716E-11
CALSDV   28   20  0.2356E-11  0.2358E-11
CALSDV   29   20  0.2537E-11  0.2536E-11
CALSDV   30   20  0.2046E-11  0.2048E-11
CALSDV   31   20  0.2313E-11  0.2312E-11
CALSDV   32   20  0.2010E-11  0.2013E-11
CALSDV   33   20  0.2133E-11  0.2133E-11
CALSDV   34   20  0.2084E-11  0.2087E-11
CALSDV   35   20  0.2024E-11  0.2024E-11
CALSDV   36   20  0.2178E-11  0.2181E-11
CALSDV   37   20  0.1983E-11  0.1984E-11
CALSDV   38   20  0.2260E-11  0.2263E-11
CALSDV   39   20  0.1997E-11  0.1997E-11
CALSDV   40   20  0.2325E-11  0.2328E-11
CALSDV   41   20  0.2039E-11  0.2039E-11
CALSDV   42   20  0.2374E-11  0.2377E-11
CALSDV   43   20  0.2096E-11  0.2097E-11
CALSDV   44   20  0.2415E-11  0.2417E-11
CALSDV   45   20  0.2164E-11  0.2165E-11
CALSDV   46   20  0.2448E-11  0.2451E-11
CALSDV   47   20  0.2233E-11  0.2235E-11
CALSDV   48   20  0.2480E-11  0.2482E-11
CALSDV   49   20  0.2301E-11  0.2303E-11
CALSDV   50   20  0.2513E-11  0.2515E-11
CALSDV   51   20  0.2372E-11  0.2373E-11
CALSDV   52   20  0.2552E-11  0.2554E-11
CALSDV   53   20  0.2441E-11  0.2444E-11
CALSDV   54   20  0.2596E-11  0.2600E-11
CALSDV   55   20  0.2514E-11  0.2517E-11
CALSDV   56   20  0.2651E-11  0.2654E-11
CALSDV   57   20  0.2599E-11  0.2603E-11
CALSDV   58   20  0.2728E-11  0.2731E-11
CALSDV   59   20  0.2768E-11  0.2771E-11
CALSDV   60   20  0.2900E-11  0.2904E-11
CALSDV   21   21  0.4189E-11  0.4186E-11
CALSDV   22   21  0.5112E-11  0.5101E-11
CALSDV   23   21  0.4285E-11  0.4273E-11
CALSDV   24   21  0.2762E-11  0.2757E-11
CALSDV   25   21  0.3718E-11  0.3703E-11
CALSDV   26   21  0.2997E-11  0.2996E-11
CALSDV   27   21  0.2904E-11  0.2893E-11
CALSDV   28   21  0.3147E-11  0.3150E-11
CALSDV   29   21  0.2396E-11  0.2386E-11
CALSDV   30   21  0.3015E-11  0.3022E-11
CALSDV   31   21  0.2169E-11  0.2163E-11
CALSDV   32   21  0.2775E-11  0.2785E-11
CALSDV   33   21  0.2099E-11  0.2097E-11
CALSDV   34   21  0.2541E-11  0.2554E-11
CALSDV   35   21  0.2090E-11  0.2091E-11
CALSDV   36   21  0.2363E-11  0.2375E-11
CALSDV   37   21  0.2102E-11  0.2105E-11
CALSDV   38   21  0.2254E-11  0.2265E-11
CALSDV   39   21  0.2121E-11  0.2125E-11
CALSDV   40   21  0.2209E-11  0.2219E-11
CALSDV   41   21  0.2147E-11  0.2150E-11
CALSDV   42   21  0.2211E-11  0.2220E-11
CALSDV   43   21  0.2180E-11  0.2183E-11
CALSDV   44   21  0.2244E-11  0.2250E-11
CALSDV   45   21  0.2221E-11  0.2223E-11
CALSDV   46   21  0.2299E-11  0.2303E-11
CALSDV   47   21  0.2270E-11  0.2271E-11
CALSDV   48   21  0.2363E-11  0.2366E-11
CALSDV   49   21  0.2327E-11  0.2327E-11
CALSDV   50   21  0.2433E-11  0.2434E-11
CALSDV   51   21  0.2392E-11  0.2390E-11
CALSDV   52   21  0.2507E-11  0.2507E-11
CALSDV   53   21  0.2461E-11  0.2461E-11
CALSDV   54   21  0.2583E-11  0.2583E-11
CALSDV   55   21  0.2537E-11  0.2536E-11
CALSDV   56   21  0.2662E-11  0.2661E-11
CALSDV   57   21  0.2626E-11  0.2624E-11
CALSDV   58   21  0.2754E-11  0.2752E-11
CALSDV   59   21  0.2791E-11  0.2788E-11
CALSDV   60   21  0.2931E-11  0.2928E-11
CALSDV   22   22  0.4352E-11  0.4386E-11
CALSDV   23   22  0.5185E-11  0.5181E-11
CALSDV   24   22  0.4673E-11  0.4664E-11
CALSDV   25   22  0.2784E-11  0.2779E-11
CALSDV   26   22  0.4125E-11  0.4115E-11
CALSDV   27   22  0.2868E-11  0.2861E-11
CALSDV   28   22  0.3134E-11  0.3125E-11
CALSDV   29   22  0.2903E-11  0.2896E-11
CALSDV   30   22  0.2455E-11  0.2448E-11
CALSDV   31   22  0.2698E-11  0.2695E-11
CALSDV   32   22  0.2170E-11  0.2164E-11
CALSDV   33   22  0.2427E-11  0.2425E-11
CALSDV   34   22  0.2144E-11  0.2141E-11
CALSDV   35   22  0.2212E-11  0.2212E-11
CALSDV   36   22  0.2221E-11  0.2218E-11
CALSDV   37   22  0.2095E-11  0.2095E-11
CALSDV   38   22  0.2317E-11  0.2314E-11
CALSDV   39   22  0.2072E-11  0.2071E-11
CALSDV   40   22  0.2402E-11  0.2398E-11
CALSDV   41   22  0.2115E-11  0.2114E-11
CALSDV   42   22  0.2472E-11  0.2468E-11
CALSDV   43   22  0.2194E-11  0.2193E-11
CALSDV   44   22  0.2529E-11  0.2525E-11
CALSDV   45   22  0.2284E-11  0.2282E-11
CALSDV   46   22  0.2578E-11  0.2573E-11
CALSDV   47   22  0.2378E-11  0.2374E-11
CALSDV   48   22  0.2621E-11  0.2616E-11
CALSDV   49   22  0.2466E-11  0.2461E-11
CALSDV   50   22  0.2663E-11  0.2657E-11
CALSDV   51   22  0.2545E-11  0.2540E-11
CALSDV   52   22  0.2705E-11  0.2699E-11
CALSDV   53   22  0.2615E-11  0.2609E-11
CALSDV   54   22  0.2749E-11  0.2742E-11
CALSDV   55   22  0.2679E-11  0.2673E-11
CALSDV   56   22  0.2796E-11  0.2790E-11
CALSDV   57   22  0.2746E-11  0.2741E-11
CALSDV   58   22  0.2857E-11  0.2852E-11
CALSDV   59   22  0.2893E-11  0.2887E-11
CALSDV   60   22  0.3010E-11  0.3005E-11
CALSDV   23   23  0.4097E-11  0.4093E-11
CALSDV   24   23  0.5146E-11  0.5147E-11
CALSDV   25   23  0.4317E-11  0.4327E-11
CALSDV   26   23  0.2665E-11  0.2663E-11
CALSDV   27   23  0.3702E-11  0.3711E-11
CALSDV   28   23  0.3004E-11  0.3002E-11
CALSDV   29   23  0.2896E-11  0.2908E-11
CALSDV   30   23  0.3202E-11  0.3194E-11
CALSDV   31   23  0.2459E-11  0.2468E-11
CALSDV   32   23  0.3072E-11  0.3068E-11
CALSDV   33   23  0.2307E-11  0.2316E-11
CALSDV   34   23  0.2816E-11  0.2819E-11
CALSDV   35   23  0.2282E-11  0.2289E-11
CALSDV   36   23  0.2579E-11  0.2582E-11
CALSDV   37   23  0.2292E-11  0.2300E-11
CALSDV   38   23  0.2410E-11  0.2416E-11
CALSDV   39   23  0.2310E-11  0.2317E-11
CALSDV   40   23  0.2325E-11  0.2332E-11
CALSDV   41   23  0.2329E-11  0.2337E-11
CALSDV   42   23  0.2313E-11  0.2321E-11
CALSDV   43   23  0.2351E-11  0.2363E-11
CALSDV   44   23  0.2351E-11  0.2360E-11
CALSDV   45   23  0.2386E-11  0.2398E-11
CALSDV   46   23  0.2414E-11  0.2424E-11
CALSDV   47   23  0.2431E-11  0.2442E-11
CALSDV   48   23  0.2495E-11  0.2503E-11
CALSDV   49   23  0.2485E-11  0.2496E-11
CALSDV   50   23  0.2579E-11  0.2587E-11
CALSDV   51   23  0.2547E-11  0.2557E-11
CALSDV   52   23  0.2661E-11  0.2669E-11
CALSDV   53   23  0.2612E-11  0.2622E-11
CALSDV   54   23  0.2737E-11  0.2745E-11
CALSDV   55   23  0.2679E-11  0.2688E-11
CALSDV   56   23  0.2810E-11  0.2818E-11
CALSDV   57   23  0.2752E-11  0.2761E-11
CALSDV   58   23  0.2885E-11  0.2893E-11
CALSDV   59   23  0.2898E-11  0.2907E-11
CALSDV   60   23  0.3041E-11  0.3049E-11
CALSDV   24   24  0.4218E-11  0.4218E-11
CALSDV   25   24  0.5242E-11  0.5225E-11
CALSDV   26   24  0.4746E-11  0.4747E-11
CALSDV   27   24  0.2837E-11  0.2828E-11
CALSDV   28   24  0.4174E-11  0.4171E-11
CALSDV   29   24  0.3058E-11  0.3059E-11
CALSDV   30   24  0.3203E-11  0.3198E-11
CALSDV   31   24  0.3115E-11  0.3120E-11
CALSDV   32   24  0.2576E-11  0.2570E-11
CALSDV   33   24  0.2881E-11  0.2887E-11
CALSDV   34   24  0.2333E-11  0.2331E-11
CALSDV   35   24  0.2566E-11  0.2571E-11
CALSDV   36   24  0.2318E-11  0.2315E-11
CALSDV   37   24  0.2322E-11  0.2327E-11
CALSDV   38   24  0.2386E-11  0.2386E-11
CALSDV   39   24  0.2204E-11  0.2207E-11
CALSDV   40   24  0.2470E-11  0.2471E-11
CALSDV   41   24  0.2202E-11  0.2203E-11
CALSDV   42   24  0.2547E-11  0.2549E-11
CALSDV   43   24  0.2277E-11  0.2278E-11
CALSDV   44   24  0.2614E-11  0.2617E-11
CALSDV   45   24  0.2389E-11  0.2390E-11
CALSDV   46   24  0.2676E-11  0.2679E-11
CALSDV   47   24  0.2506E-11  0.2507E-11
CALSDV   48   24  0.2732E-11  0.2735E-11
CALSDV   49   24  0.2616E-11  0.2618E-11
CALSDV   50   24  0.2785E-11  0.2789E-11
CALSDV   51   24  0.2712E-11  0.2714E-11
CALSDV   52   24  0.2837E-11  0.2841E-11
CALSDV   53   24  0.2789E-11  0.2790E-11
CALSDV   54   24  0.2886E-11  0.2889E-11
CALSDV   55   24  0.2845E-11  0.2847E-11
CALSDV   56   24  0.2932E-11  0.2934E-11
CALSDV   57   24  0.2895E-11  0.2896E-11
CALSDV   58   24  0.2982E-11  0.2984E-11
CALSDV   59   24  0.3015E-11  0.3016E-11
CALSDV   60   24  0.3116E-11  0.3117E-11
CALSDV   25   25  0.4185E-11  0.4145E-11
CALSDV   26   25  0.5346E-11  0.5351E-11
CALSDV   27   25  0.4605E-11  0.4589E-11
CALSDV   28   25  0.2788E-11  0.2792E-11
CALSDV   29   25  0.3890E-11  0.3872E-11
CALSDV   30   25  0.3154E-11  0.3163E-11
CALSDV   31   25  0.2988E-11  0.2980E-11
CALSDV   32   25  0.3363E-11  0.3372E-11
CALSDV   33   25  0.2577E-11  0.2580E-11
CALSDV   34   25  0.3240E-11  0.3247E-11
CALSDV   35   25  0.2546E-11  0.2547E-11
CALSDV   36   25  0.2997E-11  0.3002E-11
CALSDV   37   25  0.2638E-11  0.2632E-11
CALSDV   38   25  0.2783E-11  0.2789E-11
CALSDV   39   25  0.2732E-11  0.2720E-11
CALSDV   40   25  0.2653E-11  0.2659E-11
CALSDV   41   25  0.2798E-11  0.2782E-11
CALSDV   42   25  0.2610E-11  0.2618E-11
CALSDV   43   25  0.2839E-11  0.2820E-11
CALSDV   44   25  0.2634E-11  0.2644E-11
CALSDV   45   25  0.2862E-11  0.2843E-11
CALSDV   46   25  0.2698E-11  0.2707E-11
CALSDV   47   25  0.2881E-11  0.2862E-11
CALSDV   48   25  0.2775E-11  0.2784E-11
CALSDV   49   25  0.2896E-11  0.2881E-11
CALSDV   50   25  0.2855E-11  0.2863E-11
CALSDV   51   25  0.2916E-11  0.2901E-11
CALSDV   52   25  0.2929E-11  0.2936E-11
CALSDV   53   25  0.2933E-11  0.2922E-11
CALSDV   54   25  0.2989E-11  0.2995E-11
CALSDV   55   25  0.2949E-11  0.2943E-11
CALSDV   56   25  0.3034E-11  0.3040E-11
CALSDV   57   25  0.2968E-11  0.2964E-11
CALSDV   58   25  0.3075E-11  0.3080E-11
CALSDV   59   25  0.3064E-11  0.3063E-11
CALSDV   60   25  0.3192E-11  0.3197E-11
CALSDV   26   26  0.4318E-11  0.4285E-11
CALSDV   27   26  0.5459E-11  0.5473E-11
CALSDV   28   26  0.4875E-11  0.4883E-11
CALSDV   29   26  0.3063E-11  0.3063E-11
CALSDV   30   26  0.4241E-11  0.4248E-11
CALSDV   31   26  0.3366E-11  0.3365E-11
CALSDV   32   26  0.3295E-11  0.3298E-11
CALSDV   33   26  0.3426E-11  0.3423E-11
CALSDV   34   26  0.2738E-11  0.2742E-11
CALSDV   35   26  0.3154E-11  0.3153E-11
CALSDV   36   26  0.2554E-11  0.2557E-11
CALSDV   37   26  0.2796E-11  0.2797E-11
CALSDV   38   26  0.2548E-11  0.2549E-11
CALSDV   39   26  0.2523E-11  0.2525E-11
CALSDV   40   26  0.2600E-11  0.2602E-11
CALSDV   41   26  0.2402E-11  0.2404E-11
CALSDV   42   26  0.2664E-11  0.2664E-11
CALSDV   43   26  0.2415E-11  0.2418E-11
CALSDV   44   26  0.2725E-11  0.2727E-11
CALSDV   45   26  0.2514E-11  0.2518E-11
CALSDV   46   26  0.2784E-11  0.2787E-11
CALSDV   47   26  0.2646E-11  0.2650E-11
CALSDV   48   26  0.2847E-11  0.2851E-11
CALSDV   49   26  0.2777E-11  0.2780E-11
CALSDV   50   26  0.2910E-11  0.2914E-11
CALSDV   51   26  0.2890E-11  0.2892E-11
CALSDV   52   26  0.2973E-11  0.2977E-11
CALSDV   53   26  0.2975E-11  0.2976E-11
CALSDV   54   26  0.3029E-11  0.3033E-11
CALSDV   55   26  0.3030E-11  0.3032E-11
CALSDV   56   26  0.3078E-11  0.3080E-11
CALSDV   57   26  0.3059E-11  0.3061E-11
CALSDV   58   26  0.3119E-11  0.3121E-11
CALSDV   59   26  0.3146E-11  0.3149E-11
CALSDV   60   26  0.3230E-11  0.3233E-11
CALSDV   27   27  0.4137E-11  0.4156E-11
CALSDV   28   27  0.5585E-11  0.5591E-11
CALSDV   29   27  0.5066E-11  0.5068E-11
CALSDV   30   27  0.2987E-11  0.2989E-11
CALSDV   31   27  0.4256E-11  0.4259E-11
CALSDV   32   27  0.3363E-11  0.3363E-11
CALSDV   33   27  0.3176E-11  0.3179E-11
CALSDV   34   27  0.3529E-11  0.3528E-11
CALSDV   35   27  0.2709E-11  0.2709E-11
CALSDV   36   27  0.3349E-11  0.3349E-11
CALSDV   37   27  0.2760E-11  0.2754E-11
CALSDV   38   27  0.3066E-11  0.3065E-11
CALSDV   39   27  0.2965E-11  0.2955E-11
CALSDV   40   27  0.2846E-11  0.2845E-11
CALSDV   41   27  0.3150E-11  0.3140E-11
CALSDV   42   27  0.2746E-11  0.2743E-11
CALSDV   43   27  0.3276E-11  0.3266E-11
CALSDV   44   27  0.2754E-11  0.2750E-11
CALSDV   45   27  0.3347E-11  0.3335E-11
CALSDV   46   27  0.2833E-11  0.2828E-11
CALSDV   47   27  0.3372E-11  0.3362E-11
CALSDV   48   27  0.2939E-11  0.2935E-11
CALSDV   49   27  0.3371E-11  0.3363E-11
CALSDV   50   27  0.3044E-11  0.3040E-11
CALSDV   51   27  0.3352E-11  0.3344E-11
CALSDV   52   27  0.3135E-11  0.3131E-11
CALSDV   53   27  0.3319E-11  0.3312E-11
CALSDV   54   27  0.3202E-11  0.3199E-11
CALSDV   55   27  0.3273E-11  0.3269E-11
CALSDV   56   27  0.3242E-11  0.3239E-11
CALSDV   57   27  0.3225E-11  0.3221E-11
CALSDV   58   27  0.3259E-11  0.3256E-11
CALSDV   59   27  0.3250E-11  0.3248E-11
CALSDV   60   27  0.3337E-11  0.3335E-11
CALSDV   28   28  0.4339E-11  0.4354E-11
CALSDV   29   28  0.5635E-11  0.5629E-11
CALSDV   30   28  0.5053E-11  0.5056E-11
CALSDV   31   28  0.3169E-11  0.3180E-11
CALSDV   32   28  0.4338E-11  0.4338E-11
CALSDV   33   28  0.3582E-11  0.3589E-11
CALSDV   34   28  0.3399E-11  0.3400E-11
CALSDV   35   28  0.3660E-11  0.3664E-11
CALSDV   36   28  0.2916E-11  0.2914E-11
CALSDV   37   28  0.3364E-11  0.3368E-11
CALSDV   38   28  0.2796E-11  0.2790E-11
CALSDV   39   28  0.2980E-11  0.2982E-11
CALSDV   40   28  0.2806E-11  0.2798E-11
CALSDV   41   28  0.2698E-11  0.2700E-11
CALSDV   42   28  0.2846E-11  0.2835E-11
CALSDV   43   28  0.2596E-11  0.2596E-11
CALSDV   44   28  0.2890E-11  0.2879E-11
CALSDV   45   28  0.2643E-11  0.2644E-11
CALSDV   46   28  0.2938E-11  0.2929E-11
CALSDV   47   28  0.2774E-11  0.2776E-11
CALSDV   48   28  0.2993E-11  0.2985E-11
CALSDV   49   28  0.2926E-11  0.2930E-11
CALSDV   50   28  0.3057E-11  0.3051E-11
CALSDV   51   28  0.3062E-11  0.3066E-11
CALSDV   52   28  0.3124E-11  0.3121E-11
CALSDV   53   28  0.3161E-11  0.3165E-11
CALSDV   54   28  0.3187E-11  0.3185E-11
CALSDV   55   28  0.3219E-11  0.3221E-11
CALSDV   56   28  0.3236E-11  0.3235E-11
CALSDV   57   28  0.3234E-11  0.3234E-11
CALSDV   58   28  0.3270E-11  0.3269E-11
CALSDV   59   28  0.3286E-11  0.3287E-11
CALSDV   60   28  0.3354E-11  0.3354E-11
CALSDV   29   29  0.3969E-11  0.3959E-11
CALSDV   30   29  0.5892E-11  0.5881E-11
CALSDV   31   29  0.5334E-11  0.5321E-11
CALSDV   32   29  0.3309E-11  0.3299E-11
CALSDV   33   29  0.4499E-11  0.4493E-11
CALSDV   34   29  0.3682E-11  0.3676E-11
CALSDV   35   29  0.3379E-11  0.3378E-11
CALSDV   36   29  0.3789E-11  0.3787E-11
CALSDV   37   29  0.2879E-11  0.2877E-11
CALSDV   38   29  0.3551E-11  0.3550E-11
CALSDV   39   29  0.2901E-11  0.2896E-11
CALSDV   40   29  0.3242E-11  0.3242E-11
CALSDV   41   29  0.3079E-11  0.3075E-11
CALSDV   42   29  0.3041E-11  0.3040E-11
CALSDV   43   29  0.3246E-11  0.3242E-11
CALSDV   44   29  0.2996E-11  0.2995E-11
CALSDV   45   29  0.3363E-11  0.3358E-11
CALSDV   46   29  0.3067E-11  0.3064E-11
CALSDV   47   29  0.3433E-11  0.3427E-11
CALSDV   48   29  0.3197E-11  0.3191E-11
CALSDV   49   29  0.3467E-11  0.3461E-11
CALSDV   50   29  0.3331E-11  0.3324E-11
CALSDV   51   29  0.3475E-11  0.3469E-11
CALSDV   52   29  0.3436E-11  0.3430E-11
CALSDV   53   29  0.3462E-11  0.3457E-11
CALSDV   54   29  0.3498E-11  0.3494E-11
CALSDV   55   29  0.3427E-11  0.3424E-11
CALSDV   56   29  0.3517E-11  0.3512E-11
CALSDV   57   29  0.3374E-11  0.3368E-11
CALSDV   58   29  0.3494E-11  0.3488E-11
CALSDV   59   29  0.3373E-11  0.3368E-11
CALSDV   60   29  0.3516E-11  0.3510E-11
CALSDV   30   30  0.4963E-11  0.4961E-11
CALSDV   31   30  0.5955E-11  0.5970E-11
CALSDV   32   30  0.5389E-11  0.5382E-11
CALSDV   33   30  0.3361E-11  0.3360E-11
CALSDV   34   30  0.4537E-11  0.4525E-11
CALSDV   35   30  0.3787E-11  0.3786E-11
CALSDV   36   30  0.3606E-11  0.3599E-11
CALSDV   37   30  0.3878E-11  0.3873E-11
CALSDV   38   30  0.3228E-11  0.3226E-11
CALSDV   39   30  0.3585E-11  0.3580E-11
CALSDV   40   30  0.3204E-11  0.3206E-11
CALSDV   41   30  0.3217E-11  0.3213E-11
CALSDV   42   30  0.3259E-11  0.3260E-11
CALSDV   43   30  0.2970E-11  0.2969E-11
CALSDV   44   30  0.3300E-11  0.3300E-11
CALSDV   45   30  0.2913E-11  0.2911E-11
CALSDV   46   30  0.3327E-11  0.3326E-11
CALSDV   47   30  0.2993E-11  0.2989E-11
CALSDV   48   30  0.3349E-11  0.3347E-11
CALSDV   49   30  0.3140E-11  0.3133E-11
CALSDV   50   30  0.3378E-11  0.3373E-11
CALSDV   51   30  0.3287E-11  0.3278E-11
CALSDV   52   30  0.3415E-11  0.3407E-11
CALSDV   53   30  0.3394E-11  0.3383E-11
CALSDV   54   30  0.3450E-11  0.3441E-11
CALSDV   55   30  0.3445E-11  0.3434E-11
CALSDV   56   30  0.3472E-11  0.3463E-11
CALSDV   57   30  0.3439E-11  0.3426E-11
CALSDV   58   30  0.3474E-11  0.3462E-11
CALSDV   59   30  0.3442E-11  0.3433E-11
CALSDV   60   30  0.3509E-11  0.3501E-11
CALSDV   31   31  0.4213E-11  0.4211E-11
CALSDV   32   31  0.6263E-11  0.6266E-11
CALSDV   33   31  0.5511E-11  0.5501E-11
CALSDV   34   31  0.3783E-11  0.3791E-11
CALSDV   35   31  0.4768E-11  0.4751E-11
CALSDV   36   31  0.4114E-11  0.4118E-11
CALSDV   37   31  0.3732E-11  0.3716E-11
CALSDV   38   31  0.4122E-11  0.4128E-11
CALSDV   39   31  0.3205E-11  0.3199E-11
CALSDV   40   31  0.3793E-11  0.3801E-11
CALSDV   41   31  0.3107E-11  0.3112E-11
CALSDV   42   31  0.3444E-11  0.3451E-11
CALSDV   43   31  0.3165E-11  0.3167E-11
CALSDV   44   31  0.3260E-11  0.3264E-11
CALSDV   45   31  0.3244E-11  0.3244E-11
CALSDV   46   31  0.3270E-11  0.3272E-11
CALSDV   47   31  0.3319E-11  0.3316E-11
CALSDV   48   31  0.3398E-11  0.3397E-11
CALSDV   49   31  0.3385E-11  0.3379E-11
CALSDV   50   31  0.3564E-11  0.3561E-11
CALSDV   51   31  0.3443E-11  0.3435E-11
CALSDV   52   31  0.3705E-11  0.3703E-11
CALSDV   53   31  0.3484E-11  0.3474E-11
CALSDV   54   31  0.3787E-11  0.3783E-11
CALSDV   55   31  0.3500E-11  0.3489E-11
CALSDV   56   31  0.3798E-11  0.3792E-11
CALSDV   57   31  0.3477E-11  0.3469E-11
CALSDV   58   31  0.3740E-11  0.3736E-11
CALSDV   59   31  0.3473E-11  0.3466E-11
CALSDV   60   31  0.3699E-11  0.3695E-11
CALSDV   32   32  0.4249E-11  0.4248E-11
CALSDV   33   32  0.6003E-11  0.6002E-11
CALSDV   34   32  0.5477E-11  0.5484E-11
CALSDV   35   32  0.3492E-11  0.3497E-11
CALSDV   36   32  0.4604E-11  0.4604E-11
CALSDV   37   32  0.4075E-11  0.4072E-11
CALSDV   38   32  0.3648E-11  0.3641E-11
CALSDV   39   32  0.4134E-11  0.4124E-11
CALSDV   40   32  0.3287E-11  0.3281E-11
CALSDV   41   32  0.3762E-11  0.3754E-11
CALSDV   42   32  0.3293E-11  0.3288E-11
CALSDV   43   32  0.3336E-11  0.3334E-11
CALSDV   44   32  0.3367E-11  0.3362E-11
CALSDV   45   32  0.3088E-11  0.3087E-11
CALSDV   46   32  0.3420E-11  0.3412E-11
CALSDV   47   32  0.3068E-11  0.3067E-11
CALSDV   48   32  0.3460E-11  0.3450E-11
CALSDV   49   32  0.3198E-11  0.3195E-11
CALSDV   50   32  0.3502E-11  0.3491E-11
CALSDV   51   32  0.3377E-11  0.3373E-11
CALSDV   52   32  0.3552E-11  0.3543E-11
CALSDV   53   32  0.3531E-11  0.3527E-11
CALSDV   54   32  0.3603E-11  0.3596E-11
CALSDV   55   32  0.3614E-11  0.3610E-11
CALSDV   56   32  0.3639E-11  0.3631E-11
CALSDV   57   32  0.3612E-11  0.3607E-11
CALSDV   58   32  0.3637E-11  0.3630E-11
CALSDV   59   32  0.3584E-11  0.3581E-11
CALSDV   60   32  0.3645E-11  0.3641E-11
CALSDV   33   33  0.4428E-11  0.4432E-11
CALSDV   34   33  0.6137E-11  0.6154E-11
CALSDV   35   33  0.5903E-11  0.5910E-11
CALSDV   36   33  0.3556E-11  0.3570E-11
CALSDV   37   33  0.4944E-11  0.4947E-11
CALSDV   38   33  0.4146E-11  0.4151E-11
CALSDV   39   33  0.3718E-11  0.3719E-11
CALSDV   40   33  0.4200E-11  0.4199E-11
CALSDV   41   33  0.3248E-11  0.3251E-11
CALSDV   42   33  0.3824E-11  0.3822E-11
CALSDV   43   33  0.3382E-11  0.3383E-11
CALSDV   44   33  0.3422E-11  0.3424E-11
CALSDV   45   33  0.3657E-11  0.3657E-11
CALSDV   46   33  0.3223E-11  0.3227E-11
CALSDV   47   33  0.3877E-11  0.3872E-11
CALSDV   48   33  0.3263E-11  0.3265E-11
CALSDV   49   33  0.4014E-11  0.4008E-11
CALSDV   50   33  0.3440E-11  0.3441E-11
CALSDV   51   33  0.4073E-11  0.4066E-11
CALSDV   52   33  0.3645E-11  0.3647E-11
CALSDV   53   33  0.4065E-11  0.4057E-11
CALSDV   54   33  0.3808E-11  0.3809E-11
CALSDV   55   33  0.3993E-11  0.3989E-11
CALSDV   56   33  0.3885E-11  0.3886E-11
CALSDV   57   33  0.3860E-11  0.3858E-11
CALSDV   58   33  0.3864E-11  0.3864E-11
CALSDV   59   33  0.3725E-11  0.3727E-11
CALSDV   60   33  0.3810E-11  0.3812E-11
CALSDV   34   34  0.4080E-11  0.4076E-11
CALSDV   35   34  0.6103E-11  0.6091E-11
CALSDV   36   34  0.5694E-11  0.5685E-11
CALSDV   37   34  0.3613E-11  0.3610E-11
CALSDV   38   34  0.4741E-11  0.4726E-11
CALSDV   39   34  0.4327E-11  0.4333E-11
CALSDV   40   34  0.3764E-11  0.3753E-11
CALSDV   41   34  0.4385E-11  0.4400E-11
CALSDV   42   34  0.3436E-11  0.3432E-11
CALSDV   43   34  0.3993E-11  0.4015E-11
CALSDV   44   34  0.3460E-11  0.3458E-11
CALSDV   45   34  0.3587E-11  0.3612E-11
CALSDV   46   34  0.3528E-11  0.3527E-11
CALSDV   47   34  0.3389E-11  0.3415E-11
CALSDV   48   34  0.3567E-11  0.3565E-11
CALSDV   49   34  0.3421E-11  0.3445E-11
CALSDV   50   34  0.3607E-11  0.3603E-11
CALSDV   51   34  0.3576E-11  0.3595E-11
CALSDV   52   34  0.3661E-11  0.3659E-11
CALSDV   53   34  0.3740E-11  0.3753E-11
CALSDV   54   34  0.3728E-11  0.3726E-11
CALSDV   55   34  0.3839E-11  0.3848E-11
CALSDV   56   34  0.3785E-11  0.3785E-11
CALSDV   57   34  0.3829E-11  0.3836E-11
CALSDV   58   34  0.3795E-11  0.3796E-11
CALSDV   59   34  0.3754E-11  0.3757E-11
CALSDV   60   34  0.3782E-11  0.3781E-11
CALSDV   35   35  0.4406E-11  0.4456E-11
CALSDV   36   35  0.6313E-11  0.6316E-11
CALSDV   37   35  0.6256E-11  0.6259E-11
CALSDV   38   35  0.3740E-11  0.3742E-11
CALSDV   39   35  0.5209E-11  0.5211E-11
CALSDV   40   35  0.4420E-11  0.4415E-11
CALSDV   41   35  0.3933E-11  0.3935E-11
CALSDV   42   35  0.4432E-11  0.4429E-11
CALSDV   43   35  0.3470E-11  0.3472E-11
CALSDV   44   35  0.4008E-11  0.4008E-11
CALSDV   45   35  0.3612E-11  0.3615E-11
CALSDV   46   35  0.3618E-11  0.3620E-11
CALSDV   47   35  0.3885E-11  0.3889E-11
CALSDV   48   35  0.3489E-11  0.3491E-11
CALSDV   49   35  0.4091E-11  0.4095E-11
CALSDV   50   35  0.3606E-11  0.3607E-11
CALSDV   51   35  0.4210E-11  0.4213E-11
CALSDV   52   35  0.3826E-11  0.3827E-11
CALSDV   53   35  0.4242E-11  0.4246E-11
CALSDV   54   35  0.4022E-11  0.4025E-11
CALSDV   55   35  0.4195E-11  0.4199E-11
CALSDV   56   35  0.4129E-11  0.4134E-11
CALSDV   57   35  0.4062E-11  0.4066E-11
CALSDV   58   35  0.4104E-11  0.4108E-11
CALSDV   59   35  0.3888E-11  0.3890E-11
CALSDV   60   35  0.4000E-11  0.4002E-11
CALSDV   36   36  0.4260E-11  0.4226E-11
CALSDV   37   36  0.6262E-11  0.6257E-11
CALSDV   38   36  0.6005E-11  0.5999E-11
CALSDV   39   36  0.3805E-11  0.3807E-11
CALSDV   40   36  0.4942E-11  0.4929E-11
CALSDV   41   36  0.4624E-11  0.4631E-11
CALSDV   42   36  0.3941E-11  0.3936E-11
CALSDV   43   36  0.4676E-11  0.4691E-11
CALSDV   44   36  0.3660E-11  0.3667E-11
CALSDV   45   36  0.4287E-11  0.4307E-11
CALSDV   46   36  0.3725E-11  0.3734E-11
CALSDV   47   36  0.3935E-11  0.3961E-11
CALSDV   48   36  0.3809E-11  0.3821E-11
CALSDV   49   36  0.3821E-11  0.3846E-11
CALSDV   50   36  0.3855E-11  0.3866E-11
CALSDV   51   36  0.3906E-11  0.3923E-11
CALSDV   52   36  0.3898E-11  0.3908E-11
CALSDV   53   36  0.4046E-11  0.4060E-11
CALSDV   54   36  0.3953E-11  0.3961E-11
CALSDV   55   36  0.4134E-11  0.4141E-11
CALSDV   56   36  0.4000E-11  0.4004E-11
CALSDV   57   36  0.4103E-11  0.4104E-11
CALSDV   58   36  0.4001E-11  0.4003E-11
CALSDV   59   36  0.3961E-11  0.3961E-11
CALSDV   60   36  0.3948E-11  0.3949E-11
CALSDV   37   37  0.4123E-11  0.4132E-11
CALSDV   38   37  0.6512E-11  0.6499E-11
CALSDV   39   37  0.6610E-11  0.6609E-11
CALSDV   40   37  0.3976E-11  0.3964E-11
CALSDV   41   37  0.5453E-11  0.5458E-11
CALSDV   42   37  0.4720E-11  0.4716E-11
CALSDV   43   37  0.4132E-11  0.4131E-11
CALSDV   44   37  0.4662E-11  0.4654E-11
CALSDV   45   37  0.3674E-11  0.3672E-11
CALSDV   46   37  0.4162E-11  0.4152E-11
CALSDV   47   37  0.3808E-11  0.3801E-11
CALSDV   48   37  0.3768E-11  0.3756E-11
CALSDV   49   37  0.4061E-11  0.4056E-11
CALSDV   50   37  0.3706E-11  0.3695E-11
CALSDV   51   37  0.4245E-11  0.4242E-11
CALSDV   52   37  0.3892E-11  0.3883E-11
CALSDV   53   37  0.4341E-11  0.4338E-11
CALSDV   54   37  0.4137E-11  0.4131E-11
CALSDV   55   37  0.4343E-11  0.4342E-11
CALSDV   56   37  0.4298E-11  0.4296E-11
CALSDV   57   37  0.4233E-11  0.4233E-11
CALSDV   58   37  0.4307E-11  0.4305E-11
CALSDV   59   37  0.4040E-11  0.4038E-11
CALSDV   60   37  0.4177E-11  0.4174E-11
CALSDV   38   38  0.4308E-11  0.4313E-11
CALSDV   39   38  0.6447E-11  0.6444E-11
CALSDV   40   38  0.6315E-11  0.6314E-11
CALSDV   41   38  0.4020E-11  0.4023E-11
CALSDV   42   38  0.5132E-11  0.5134E-11
CALSDV   43   38  0.4919E-11  0.4922E-11
CALSDV   44   38  0.4120E-11  0.4127E-11
CALSDV   45   38  0.4952E-11  0.4948E-11
CALSDV   46   38  0.3884E-11  0.3892E-11
CALSDV   47   38  0.4564E-11  0.4559E-11
CALSDV   48   38  0.3958E-11  0.3971E-11
CALSDV   49   38  0.4274E-11  0.4270E-11
CALSDV   50   38  0.4041E-11  0.4057E-11
CALSDV   51   38  0.4236E-11  0.4229E-11
CALSDV   52   38  0.4086E-11  0.4106E-11
CALSDV   53   38  0.4339E-11  0.4334E-11
CALSDV   54   38  0.4135E-11  0.4154E-11
CALSDV   55   38  0.4427E-11  0.4422E-11
CALSDV   56   38  0.4186E-11  0.4202E-11
CALSDV   57   38  0.4376E-11  0.4375E-11
CALSDV   58   38  0.4185E-11  0.4195E-11
CALSDV   59   38  0.4172E-11  0.4172E-11
CALSDV   60   38  0.4108E-11  0.4112E-11
CALSDV   39   39  0.4178E-11  0.4187E-11
CALSDV   40   39  0.6695E-11  0.6701E-11
CALSDV   41   39  0.7013E-11  0.6994E-11
CALSDV   42   39  0.4260E-11  0.4257E-11
CALSDV   43   39  0.5711E-11  0.5705E-11
CALSDV   44   39  0.5041E-11  0.5044E-11
CALSDV   45   39  0.4313E-11  0.4320E-11
CALSDV   46   39  0.4867E-11  0.4876E-11
CALSDV   47   39  0.3886E-11  0.3898E-11
CALSDV   48   39  0.4279E-11  0.4292E-11
CALSDV   49   39  0.4062E-11  0.4071E-11
CALSDV   50   39  0.3906E-11  0.3919E-11
CALSDV   51   39  0.4334E-11  0.4336E-11
CALSDV   52   39  0.3943E-11  0.3954E-11
CALSDV   53   39  0.4508E-11  0.4508E-11
CALSDV   54   39  0.4200E-11  0.4210E-11
CALSDV   55   39  0.4559E-11  0.4559E-11
CALSDV   56   39  0.4438E-11  0.4447E-11
CALSDV   57   39  0.4469E-11  0.4469E-11
CALSDV   58   39  0.4499E-11  0.4507E-11
CALSDV   59   39  0.4228E-11  0.4230E-11
CALSDV   60   39  0.4353E-11  0.4358E-11
CALSDV   40   40  0.4596E-11  0.4581E-11
CALSDV   41   40  0.6746E-11  0.6749E-11
CALSDV   42   40  0.6923E-11  0.6895E-11
CALSDV   43   40  0.4361E-11  0.4368E-11
CALSDV   44   40  0.5530E-11  0.5512E-11
CALSDV   45   40  0.5272E-11  0.5277E-11
CALSDV   46   40  0.4360E-11  0.4353E-11
CALSDV   47   40  0.5290E-11  0.5292E-11
CALSDV   48   40  0.4215E-11  0.4209E-11
CALSDV   49   40  0.4954E-11  0.4956E-11
CALSDV   50   40  0.4478E-11  0.4471E-11
CALSDV   51   40  0.4764E-11  0.4764E-11
CALSDV   52   40  0.4709E-11  0.4697E-11
CALSDV   53   40  0.4780E-11  0.4779E-11
CALSDV   54   40  0.4812E-11  0.4792E-11
CALSDV   55   40  0.4828E-11  0.4829E-11
CALSDV   56   40  0.4803E-11  0.4784E-11
CALSDV   57   40  0.4741E-11  0.4740E-11
CALSDV   58   40  0.4681E-11  0.4667E-11
CALSDV   59   40  0.4442E-11  0.4441E-11
CALSDV   60   40  0.4428E-11  0.4421E-11
CALSDV   41   41  0.4483E-11  0.4500E-11
CALSDV   42   41  0.6957E-11  0.6958E-11
CALSDV   43   41  0.7449E-11  0.7450E-11
CALSDV   44   41  0.4702E-11  0.4707E-11
CALSDV   45   41  0.5949E-11  0.5946E-11
CALSDV   46   41  0.5478E-11  0.5478E-11
CALSDV   47   41  0.4515E-11  0.4513E-11
CALSDV   48   41  0.5193E-11  0.5192E-11
CALSDV   49   41  0.4198E-11  0.4199E-11
CALSDV   50   41  0.4550E-11  0.4550E-11
CALSDV   51   41  0.4451E-11  0.4456E-11
CALSDV   52   41  0.4227E-11  0.4225E-11
CALSDV   53   41  0.4727E-11  0.4729E-11
CALSDV   54   41  0.4335E-11  0.4335E-11
CALSDV   55   41  0.4840E-11  0.4841E-11
CALSDV   56   41  0.4590E-11  0.4589E-11
CALSDV   57   41  0.4753E-11  0.4755E-11
CALSDV   58   41  0.4705E-11  0.4705E-11
CALSDV   59   41  0.4458E-11  0.4462E-11
CALSDV   60   41  0.4553E-11  0.4553E-11
CALSDV   42   42  0.4858E-11  0.4856E-11
CALSDV   43   42  0.7110E-11  0.7118E-11
CALSDV   44   42  0.7702E-11  0.7719E-11
CALSDV   45   42  0.4794E-11  0.4807E-11
CALSDV   46   42  0.6024E-11  0.6029E-11
CALSDV   47   42  0.5637E-11  0.5630E-11
CALSDV   48   42  0.4618E-11  0.4614E-11
CALSDV   49   42  0.5559E-11  0.5548E-11
CALSDV   50   42  0.4619E-11  0.4614E-11
CALSDV   51   42  0.5207E-11  0.5203E-11
CALSDV   52   42  0.5135E-11  0.5130E-11
CALSDV   53   42  0.5057E-11  0.5058E-11
CALSDV   54   42  0.5500E-11  0.5490E-11
CALSDV   55   42  0.5080E-11  0.5081E-11
CALSDV   56   42  0.5564E-11  0.5550E-11
CALSDV   57   42  0.5012E-11  0.5009E-11
CALSDV   58   42  0.5334E-11  0.5321E-11
CALSDV   59   42  0.4674E-11  0.4673E-11
CALSDV   60   42  0.4859E-11  0.4853E-11
CALSDV   43   43  0.4783E-11  0.4784E-11
CALSDV   44   43  0.7173E-11  0.7202E-11
CALSDV   45   43  0.7925E-11  0.7932E-11
CALSDV   46   43  0.5101E-11  0.5103E-11
CALSDV   47   43  0.6166E-11  0.6163E-11
CALSDV   48   43  0.5825E-11  0.5823E-11
CALSDV   49   43  0.4717E-11  0.4712E-11
CALSDV   50   43  0.5407E-11  0.5411E-11
CALSDV   51   43  0.4581E-11  0.4576E-11
CALSDV   52   43  0.4738E-11  0.4755E-11
CALSDV   53   43  0.4938E-11  0.4932E-11
CALSDV   54   43  0.4517E-11  0.4536E-11
CALSDV   55   43  0.5181E-11  0.5172E-11
CALSDV   56   43  0.4711E-11  0.4721E-11
CALSDV   57   43  0.5130E-11  0.5118E-11
CALSDV   58   43  0.4890E-11  0.4891E-11
CALSDV   59   43  0.4749E-11  0.4743E-11
CALSDV   60   43  0.4752E-11  0.4749E-11
CALSDV   44   44  0.5015E-11  0.5033E-11
CALSDV   45   44  0.7544E-11  0.7541E-11
CALSDV   46   44  0.8272E-11  0.8298E-11
CALSDV   47   44  0.5318E-11  0.5326E-11
CALSDV   48   44  0.6318E-11  0.6330E-11
CALSDV   49   44  0.6073E-11  0.6069E-11
CALSDV   50   44  0.4848E-11  0.4854E-11
CALSDV   51   44  0.5927E-11  0.5912E-11
CALSDV   52   44  0.5003E-11  0.5005E-11
CALSDV   53   44  0.5586E-11  0.5575E-11
CALSDV   54   44  0.5592E-11  0.5590E-11
CALSDV   55   44  0.5440E-11  0.5431E-11
CALSDV   56   44  0.5887E-11  0.5883E-11
CALSDV   57   44  0.5331E-11  0.5320E-11
CALSDV   58   44  0.5744E-11  0.5737E-11
CALSDV   59   44  0.4944E-11  0.4940E-11
CALSDV   60   44  0.5184E-11  0.5183E-11
CALSDV   45   45  0.5717E-11  0.5672E-11
CALSDV   46   45  0.7572E-11  0.7562E-11
CALSDV   47   45  0.8537E-11  0.8528E-11
CALSDV   48   45  0.5559E-11  0.5554E-11
CALSDV   49   45  0.6433E-11  0.6420E-11
CALSDV   50   45  0.6268E-11  0.6255E-11
CALSDV   51   45  0.5159E-11  0.5148E-11
CALSDV   52   45  0.5858E-11  0.5846E-11
CALSDV   53   45  0.5378E-11  0.5363E-11
CALSDV   54   45  0.5309E-11  0.5299E-11
CALSDV   55   45  0.5787E-11  0.5766E-11
CALSDV   56   45  0.5177E-11  0.5167E-11
CALSDV   57   45  0.5767E-11  0.5745E-11
CALSDV   58   45  0.5241E-11  0.5226E-11
CALSDV   59   45  0.5217E-11  0.5203E-11
CALSDV   60   45  0.5036E-11  0.5026E-11
CALSDV   46   46  0.5520E-11  0.5513E-11
CALSDV   47   46  0.8302E-11  0.8276E-11
CALSDV   48   46  0.8826E-11  0.8803E-11
CALSDV   49   46  0.6186E-11  0.6170E-11
CALSDV   50   46  0.6750E-11  0.6749E-11
CALSDV   51   46  0.6755E-11  0.6756E-11
CALSDV   52   46  0.5311E-11  0.5315E-11
CALSDV   53   46  0.6503E-11  0.6506E-11
CALSDV   54   46  0.5415E-11  0.5423E-11
CALSDV   55   46  0.6103E-11  0.6105E-11
CALSDV   56   46  0.5840E-11  0.5846E-11
CALSDV   57   46  0.5777E-11  0.5779E-11
CALSDV   58   46  0.5888E-11  0.5891E-11
CALSDV   59   46  0.5262E-11  0.5258E-11
CALSDV   60   46  0.5404E-11  0.5403E-11
CALSDV   47   47  0.9187E-11  0.9086E-11
CALSDV   48   47  0.7843E-11  0.7825E-11
CALSDV   49   47  0.9282E-11  0.9255E-11
CALSDV   50   47  0.6031E-11  0.6023E-11
CALSDV   51   47  0.6454E-11  0.6451E-11
CALSDV   52   47  0.6587E-11  0.6606E-11
CALSDV   53   47  0.5371E-11  0.5354E-11
CALSDV   54   47  0.6110E-11  0.6128E-11
CALSDV   55   47  0.5775E-11  0.5751E-11
CALSDV   56   47  0.5664E-11  0.5670E-11
CALSDV   57   47  0.6010E-11  0.5995E-11
CALSDV   58   47  0.5543E-11  0.5548E-11
CALSDV   59   47  0.5535E-11  0.5525E-11
CALSDV   60   47  0.5292E-11  0.5293E-11
CALSDV   48   48  0.6656E-11  0.6706E-11
CALSDV   49   48  0.8321E-11  0.8315E-11
CALSDV   50   48  0.9323E-11  0.9343E-11
CALSDV   51   48  0.6124E-11  0.6143E-11
CALSDV   52   48  0.6520E-11  0.6528E-11
CALSDV   53   48  0.6513E-11  0.6523E-11
CALSDV   54   48  0.5335E-11  0.5350E-11
CALSDV   55   48  0.6212E-11  0.6215E-11
CALSDV   56   48  0.5960E-11  0.5974E-11
CALSDV   57   48  0.5896E-11  0.5893E-11
CALSDV   58   48  0.6365E-11  0.6370E-11
CALSDV   59   48  0.5445E-11  0.5444E-11
CALSDV   60   48  0.5893E-11  0.5892E-11
CALSDV   49   49  0.7181E-11  0.7062E-11
CALSDV   50   49  0.8004E-11  0.7990E-11
CALSDV   51   49  0.1067E-10  0.1064E-10
CALSDV   52   49  0.6447E-11  0.6462E-11
CALSDV   53   49  0.6297E-11  0.6283E-11
CALSDV   54   49  0.6909E-11  0.6921E-11
CALSDV   55   49  0.5859E-11  0.5833E-11
CALSDV   56   49  0.6425E-11  0.6433E-11
CALSDV   57   49  0.5969E-11  0.5963E-11
CALSDV   58   49  0.6040E-11  0.6045E-11
CALSDV   59   49  0.5779E-11  0.5783E-11
CALSDV   60   49  0.5630E-11  0.5633E-11
CALSDV   50   50  0.8268E-11  0.8152E-11
CALSDV   51   50  0.9998E-11  0.1001E-10
CALSDV   52   50  0.1119E-10  0.1114E-10
CALSDV   53   50  0.8079E-11  0.8105E-11
CALSDV   54   50  0.6465E-11  0.6446E-11
CALSDV   55   50  0.7031E-11  0.7020E-11
CALSDV   56   50  0.5846E-11  0.5818E-11
CALSDV   57   50  0.7070E-11  0.7072E-11
CALSDV   58   50  0.6380E-11  0.6369E-11
CALSDV   59   50  0.6037E-11  0.6028E-11
CALSDV   60   50  0.6200E-11  0.6190E-11
CALSDV   51   51  0.7752E-11  0.7762E-11
CALSDV   52   51  0.1021E-10  0.1023E-10
CALSDV   53   51  0.1123E-10  0.1121E-10
CALSDV   54   51  0.8794E-11  0.8792E-11
CALSDV   55   51  0.7383E-11  0.7359E-11
CALSDV   56   51  0.7683E-11  0.7679E-11
CALSDV   57   51  0.6332E-11  0.6302E-11
CALSDV   58   51  0.7758E-11  0.7777E-11
CALSDV   59   51  0.6692E-11  0.6680E-11
CALSDV   60   51  0.6401E-11  0.6412E-11
CALSDV   52   52  0.8061E-11  0.7954E-11
CALSDV   53   52  0.1048E-10  0.1049E-10
CALSDV   54   52  0.1158E-10  0.1163E-10
CALSDV   55   52  0.8737E-11  0.8726E-11
CALSDV   56   52  0.7215E-11  0.7236E-11
CALSDV   57   52  0.7927E-11  0.7926E-11
CALSDV   58   52  0.6200E-11  0.6210E-11
CALSDV   59   52  0.7101E-11  0.7123E-11
CALSDV   60   52  0.6803E-11  0.6801E-11
CALSDV   53   53  0.7776E-11  0.7471E-11
CALSDV   54   53  0.1083E-10  0.1082E-10
CALSDV   55   53  0.1130E-10  0.1126E-10
CALSDV   56   53  0.9524E-11  0.9497E-11
CALSDV   57   53  0.7829E-11  0.7843E-11
CALSDV   58   53  0.8830E-11  0.8801E-11
CALSDV   59   53  0.7181E-11  0.7159E-11
CALSDV   60   53  0.7775E-11  0.7736E-11
CALSDV   54   54  0.7531E-11  0.7796E-11
CALSDV   55   54  0.9964E-11  0.9933E-11
CALSDV   56   54  0.1154E-10  0.1154E-10
CALSDV   57   54  0.1000E-10  0.1000E-10
CALSDV   58   54  0.7727E-11  0.7688E-11
CALSDV   59   54  0.8297E-11  0.8296E-11
CALSDV   60   54  0.7190E-11  0.7178E-11
CALSDV   55   55  0.8664E-11  0.8675E-11
CALSDV   56   55  0.1037E-10  0.1038E-10
CALSDV   57   55  0.1212E-10  0.1202E-10
CALSDV   58   55  0.1065E-10  0.1066E-10
CALSDV   59   55  0.9065E-11  0.8976E-11
CALSDV   60   55  0.9146E-11  0.9134E-11
CALSDV   56   56  0.8327E-11  0.8270E-11
CALSDV   57   56  0.9643E-11  0.9668E-11
CALSDV   58   56  0.1303E-10  0.1300E-10
CALSDV   59   56  0.1141E-10  0.1139E-10
CALSDV   60   56  0.9528E-11  0.9513E-11
CALSDV   57   57  0.9609E-11  0.9470E-11
CALSDV   58   57  0.1002E-10  0.9991E-11
CALSDV   59   57  0.1267E-10  0.1303E-10
CALSDV   60   57  0.1182E-10  0.1180E-10
CALSDV   58   58  0.7984E-11  0.8244E-11
CALSDV   59   58  0.6748E-11  0.6750E-11
CALSDV   60   58  0.1466E-10  0.1475E-10
CALSDV   59   59  0.7244E-11  0.7236E-11
CALSDV   60   59  0.7096E-11  0.7021E-11
CALSDV   60   60  0.1373E-10  0.1407E-10
