  This file contains calibrated standard deviations 
       The relevant data lines start with key CALSDV 
       Each such line contains the following data 
           N   M   C_SIGMA   S_SIGMA 
                 FOR M=0 S_SIGMA=0.0 
     
CALSDV    0    0  0.0000E+00  0.0000E+00
CALSDV    1    0  0.0000E+00  0.0000E+00
CALSDV    2    0  0.2042E-09  0.0000E+00
CALSDV    3    0  0.5252E-10  0.0000E+00
CALSDV    4    0  0.2005E-10  0.0000E+00
CALSDV    5    0  0.6173E-11  0.0000E+00
CALSDV    6    0  0.3446E-11  0.0000E+00
CALSDV    7    0  0.4364E-11  0.0000E+00
CALSDV    8    0  0.4434E-11  0.0000E+00
CALSDV    9    0  0.4673E-11  0.0000E+00
CALSDV   10    0  0.5950E-11  0.0000E+00
CALSDV   11    0  0.4965E-11  0.0000E+00
CALSDV   12    0  0.4409E-11  0.0000E+00
CALSDV   13    0  0.4007E-11  0.0000E+00
CALSDV   14    0  0.4446E-11  0.0000E+00
CALSDV   15    0  0.4039E-11  0.0000E+00
CALSDV   16    0  0.4045E-11  0.0000E+00
CALSDV   17    0  0.3655E-11  0.0000E+00
CALSDV   18    0  0.3565E-11  0.0000E+00
CALSDV   19    0  0.3380E-11  0.0000E+00
CALSDV   20    0  0.3641E-11  0.0000E+00
CALSDV   21    0  0.3488E-11  0.0000E+00
CALSDV   22    0  0.3456E-11  0.0000E+00
CALSDV   23    0  0.3180E-11  0.0000E+00
CALSDV   24    0  0.3259E-11  0.0000E+00
CALSDV   25    0  0.3234E-11  0.0000E+00
CALSDV   26    0  0.3427E-11  0.0000E+00
CALSDV   27    0  0.3263E-11  0.0000E+00
CALSDV   28    0  0.3253E-11  0.0000E+00
CALSDV   29    0  0.3060E-11  0.0000E+00
CALSDV   30    0  0.3260E-11  0.0000E+00
CALSDV   31    0  0.3296E-11  0.0000E+00
CALSDV   32    0  0.3406E-11  0.0000E+00
CALSDV   33    0  0.3085E-11  0.0000E+00
CALSDV   34    0  0.3180E-11  0.0000E+00
CALSDV   35    0  0.3218E-11  0.0000E+00
CALSDV   36    0  0.3441E-11  0.0000E+00
CALSDV   37    0  0.3176E-11  0.0000E+00
CALSDV   38    0  0.3237E-11  0.0000E+00
CALSDV   39    0  0.3088E-11  0.0000E+00
CALSDV   40    0  0.3358E-11  0.0000E+00
CALSDV   41    0  0.3163E-11  0.0000E+00
CALSDV   42    0  0.3240E-11  0.0000E+00
CALSDV   43    0  0.2898E-11  0.0000E+00
CALSDV   44    0  0.3190E-11  0.0000E+00
CALSDV   45    0  0.2839E-11  0.0000E+00
CALSDV   46    0  0.2922E-11  0.0000E+00
CALSDV   47    0  0.2644E-11  0.0000E+00
CALSDV   48    0  0.2934E-11  0.0000E+00
CALSDV   49    0  0.1528E-11  0.0000E+00
CALSDV   50    0  0.1707E-11  0.0000E+00
CALSDV   51    0  0.1625E-11  0.0000E+00
CALSDV   52    0  0.1702E-11  0.0000E+00
CALSDV   53    0  0.1453E-11  0.0000E+00
CALSDV   54    0  0.1582E-11  0.0000E+00
CALSDV   55    0  0.1159E-11  0.0000E+00
CALSDV   56    0  0.1236E-11  0.0000E+00
CALSDV   57    0  0.1145E-11  0.0000E+00
CALSDV   58    0  0.1195E-11  0.0000E+00
CALSDV   59    0  0.1109E-11  0.0000E+00
CALSDV   60    0  0.1156E-11  0.0000E+00
CALSDV    1    1  0.0000E+00  0.0000E+00
CALSDV    2    1  0.6077E-10  0.5718E-10
CALSDV    3    1  0.4152E-10  0.4223E-10
CALSDV    4    1  0.1762E-10  0.1742E-10
CALSDV    5    1  0.4374E-11  0.4347E-11
CALSDV    6    1  0.3413E-11  0.3401E-11
CALSDV    7    1  0.4145E-11  0.4135E-11
CALSDV    8    1  0.4534E-11  0.4530E-11
CALSDV    9    1  0.4643E-11  0.4611E-11
CALSDV   10    1  0.4737E-11  0.4698E-11
CALSDV   11    1  0.4808E-11  0.4776E-11
CALSDV   12    1  0.4564E-11  0.4541E-11
CALSDV   13    1  0.4341E-11  0.4302E-11
CALSDV   14    1  0.4067E-11  0.4029E-11
CALSDV   15    1  0.3726E-11  0.3702E-11
CALSDV   16    1  0.3676E-11  0.3649E-11
CALSDV   17    1  0.3788E-11  0.3750E-11
CALSDV   18    1  0.3704E-11  0.3670E-11
CALSDV   19    1  0.3389E-11  0.3359E-11
CALSDV   20    1  0.3303E-11  0.3271E-11
CALSDV   21    1  0.3280E-11  0.3249E-11
CALSDV   22    1  0.3335E-11  0.3305E-11
CALSDV   23    1  0.3333E-11  0.3299E-11
CALSDV   24    1  0.3303E-11  0.3267E-11
CALSDV   25    1  0.3050E-11  0.3021E-11
CALSDV   26    1  0.3088E-11  0.3060E-11
CALSDV   27    1  0.3211E-11  0.3180E-11
CALSDV   28    1  0.3290E-11  0.3255E-11
CALSDV   29    1  0.3087E-11  0.3060E-11
CALSDV   30    1  0.3098E-11  0.3071E-11
CALSDV   31    1  0.3053E-11  0.3027E-11
CALSDV   32    1  0.3185E-11  0.3154E-11
CALSDV   33    1  0.3177E-11  0.3151E-11
CALSDV   34    1  0.3219E-11  0.3195E-11
CALSDV   35    1  0.2945E-11  0.2924E-11
CALSDV   36    1  0.3075E-11  0.3052E-11
CALSDV   37    1  0.3196E-11  0.3172E-11
CALSDV   38    1  0.3290E-11  0.3266E-11
CALSDV   39    1  0.2841E-11  0.2823E-11
CALSDV   40    1  0.2970E-11  0.2951E-11
CALSDV   41    1  0.3119E-11  0.3098E-11
CALSDV   42    1  0.3243E-11  0.3222E-11
CALSDV   43    1  0.2593E-11  0.2579E-11
CALSDV   44    1  0.2743E-11  0.2729E-11
CALSDV   45    1  0.2832E-11  0.2820E-11
CALSDV   46    1  0.2941E-11  0.2929E-11
CALSDV   47    1  0.2182E-11  0.2165E-11
CALSDV   48    1  0.2387E-11  0.2370E-11
CALSDV   49    1  0.1420E-11  0.1416E-11
CALSDV   50    1  0.1494E-11  0.1490E-11
CALSDV   51    1  0.1570E-11  0.1564E-11
CALSDV   52    1  0.1653E-11  0.1648E-11
CALSDV   53    1  0.1318E-11  0.1311E-11
CALSDV   54    1  0.1407E-11  0.1400E-11
CALSDV   55    1  0.1117E-11  0.1110E-11
CALSDV   56    1  0.1173E-11  0.1166E-11
CALSDV   57    1  0.1145E-11  0.1139E-11
CALSDV   58    1  0.1194E-11  0.1187E-11
CALSDV   59    1  0.1114E-11  0.1108E-11
CALSDV   60    1  0.1161E-11  0.1154E-11
CALSDV    2    2  0.5760E-10  0.5501E-10
CALSDV    3    2  0.3529E-10  0.3505E-10
CALSDV    4    2  0.1690E-10  0.1652E-10
CALSDV    5    2  0.7138E-11  0.7134E-11
CALSDV    6    2  0.2967E-11  0.2939E-11
CALSDV    7    2  0.3865E-11  0.3819E-11
CALSDV    8    2  0.4269E-11  0.4212E-11
CALSDV    9    2  0.4384E-11  0.4342E-11
CALSDV   10    2  0.4942E-11  0.4877E-11
CALSDV   11    2  0.4375E-11  0.4311E-11
CALSDV   12    2  0.4271E-11  0.4212E-11
CALSDV   13    2  0.4041E-11  0.3985E-11
CALSDV   14    2  0.4273E-11  0.4200E-11
CALSDV   15    2  0.3910E-11  0.3847E-11
CALSDV   16    2  0.3692E-11  0.3634E-11
CALSDV   17    2  0.3363E-11  0.3311E-11
CALSDV   18    2  0.3516E-11  0.3459E-11
CALSDV   19    2  0.3493E-11  0.3436E-11
CALSDV   20    2  0.3478E-11  0.3419E-11
CALSDV   21    2  0.3157E-11  0.3109E-11
CALSDV   22    2  0.3160E-11  0.3111E-11
CALSDV   23    2  0.3129E-11  0.3079E-11
CALSDV   24    2  0.3273E-11  0.3220E-11
CALSDV   25    2  0.3151E-11  0.3101E-11
CALSDV   26    2  0.3128E-11  0.3078E-11
CALSDV   27    2  0.2917E-11  0.2871E-11
CALSDV   28    2  0.3070E-11  0.3020E-11
CALSDV   29    2  0.3129E-11  0.3079E-11
CALSDV   30    2  0.3193E-11  0.3143E-11
CALSDV   31    2  0.2874E-11  0.2830E-11
CALSDV   32    2  0.2968E-11  0.2920E-11
CALSDV   33    2  0.3055E-11  0.3008E-11
CALSDV   34    2  0.3209E-11  0.3160E-11
CALSDV   35    2  0.2892E-11  0.2848E-11
CALSDV   36    2  0.2953E-11  0.2907E-11
CALSDV   37    2  0.2954E-11  0.2909E-11
CALSDV   38    2  0.3156E-11  0.3110E-11
CALSDV   39    2  0.2831E-11  0.2790E-11
CALSDV   40    2  0.2895E-11  0.2853E-11
CALSDV   41    2  0.2830E-11  0.2789E-11
CALSDV   42    2  0.3052E-11  0.3010E-11
CALSDV   43    2  0.2505E-11  0.2474E-11
CALSDV   44    2  0.2594E-11  0.2562E-11
CALSDV   45    2  0.2645E-11  0.2610E-11
CALSDV   46    2  0.2832E-11  0.2797E-11
CALSDV   47    2  0.1700E-11  0.1681E-11
CALSDV   48    2  0.1912E-11  0.1889E-11
CALSDV   49    2  0.1442E-11  0.1431E-11
CALSDV   50    2  0.1500E-11  0.1489E-11
CALSDV   51    2  0.1463E-11  0.1450E-11
CALSDV   52    2  0.1564E-11  0.1551E-11
CALSDV   53    2  0.1200E-11  0.1192E-11
CALSDV   54    2  0.1285E-11  0.1277E-11
CALSDV   55    2  0.1094E-11  0.1090E-11
CALSDV   56    2  0.1146E-11  0.1142E-11
CALSDV   57    2  0.1147E-11  0.1143E-11
CALSDV   58    2  0.1195E-11  0.1191E-11
CALSDV   59    2  0.1126E-11  0.1122E-11
CALSDV   60    2  0.1172E-11  0.1169E-11
CALSDV    3    3  0.6701E-10  0.6692E-10
CALSDV    4    3  0.2232E-10  0.2274E-10
CALSDV    5    3  0.1067E-10  0.1078E-10
CALSDV    6    3  0.5450E-11  0.5441E-11
CALSDV    7    3  0.4588E-11  0.4589E-11
CALSDV    8    3  0.4615E-11  0.4618E-11
CALSDV    9    3  0.4335E-11  0.4347E-11
CALSDV   10    3  0.4379E-11  0.4357E-11
CALSDV   11    3  0.4640E-11  0.4672E-11
CALSDV   12    3  0.4674E-11  0.4678E-11
CALSDV   13    3  0.4008E-11  0.4011E-11
CALSDV   14    3  0.3860E-11  0.3849E-11
CALSDV   15    3  0.3908E-11  0.3937E-11
CALSDV   16    3  0.3870E-11  0.3867E-11
CALSDV   17    3  0.3524E-11  0.3524E-11
CALSDV   18    3  0.3339E-11  0.3336E-11
CALSDV   19    3  0.3214E-11  0.3229E-11
CALSDV   20    3  0.3291E-11  0.3290E-11
CALSDV   21    3  0.3285E-11  0.3287E-11
CALSDV   22    3  0.3276E-11  0.3273E-11
CALSDV   23    3  0.2957E-11  0.2961E-11
CALSDV   24    3  0.2950E-11  0.2948E-11
CALSDV   25    3  0.3079E-11  0.3080E-11
CALSDV   26    3  0.3145E-11  0.3142E-11
CALSDV   27    3  0.2918E-11  0.2918E-11
CALSDV   28    3  0.2908E-11  0.2907E-11
CALSDV   29    3  0.2872E-11  0.2874E-11
CALSDV   30    3  0.3008E-11  0.3006E-11
CALSDV   31    3  0.2943E-11  0.2944E-11
CALSDV   32    3  0.2965E-11  0.2966E-11
CALSDV   33    3  0.2750E-11  0.2755E-11
CALSDV   34    3  0.2879E-11  0.2879E-11
CALSDV   35    3  0.2934E-11  0.2935E-11
CALSDV   36    3  0.2993E-11  0.2996E-11
CALSDV   37    3  0.2636E-11  0.2641E-11
CALSDV   38    3  0.2784E-11  0.2784E-11
CALSDV   39    3  0.2841E-11  0.2843E-11
CALSDV   40    3  0.2922E-11  0.2926E-11
CALSDV   41    3  0.2466E-11  0.2470E-11
CALSDV   42    3  0.2637E-11  0.2638E-11
CALSDV   43    3  0.2526E-11  0.2531E-11
CALSDV   44    3  0.2593E-11  0.2600E-11
CALSDV   45    3  0.2284E-11  0.2287E-11
CALSDV   46    3  0.2482E-11  0.2486E-11
CALSDV   47    3  0.1414E-11  0.1418E-11
CALSDV   48    3  0.1524E-11  0.1525E-11
CALSDV   49    3  0.1468E-11  0.1472E-11
CALSDV   50    3  0.1531E-11  0.1535E-11
CALSDV   51    3  0.1338E-11  0.1341E-11
CALSDV   52    3  0.1432E-11  0.1435E-11
CALSDV   53    3  0.1128E-11  0.1131E-11
CALSDV   54    3  0.1191E-11  0.1193E-11
CALSDV   55    3  0.1090E-11  0.1093E-11
CALSDV   56    3  0.1139E-11  0.1142E-11
CALSDV   57    3  0.1154E-11  0.1157E-11
CALSDV   58    3  0.1202E-11  0.1205E-11
CALSDV   59    3  0.1153E-11  0.1155E-11
CALSDV   60    3  0.1200E-11  0.1202E-11
CALSDV    4    4  0.2700E-10  0.2712E-10
CALSDV    5    4  0.2350E-10  0.2341E-10
CALSDV    6    4  0.8897E-11  0.8706E-11
CALSDV    7    4  0.5908E-11  0.5882E-11
CALSDV    8    4  0.4380E-11  0.4304E-11
CALSDV    9    4  0.5061E-11  0.5003E-11
CALSDV   10    4  0.4307E-11  0.4240E-11
CALSDV   11    4  0.4380E-11  0.4340E-11
CALSDV   12    4  0.4913E-11  0.4895E-11
CALSDV   13    4  0.4574E-11  0.4511E-11
CALSDV   14    4  0.4327E-11  0.4283E-11
CALSDV   15    4  0.3640E-11  0.3596E-11
CALSDV   16    4  0.4055E-11  0.4013E-11
CALSDV   17    4  0.3662E-11  0.3611E-11
CALSDV   18    4  0.3562E-11  0.3533E-11
CALSDV   19    4  0.3239E-11  0.3195E-11
CALSDV   20    4  0.3202E-11  0.3170E-11
CALSDV   21    4  0.3163E-11  0.3123E-11
CALSDV   22    4  0.3397E-11  0.3355E-11
CALSDV   23    4  0.3136E-11  0.3095E-11
CALSDV   24    4  0.3056E-11  0.3016E-11
CALSDV   25    4  0.2815E-11  0.2777E-11
CALSDV   26    4  0.2969E-11  0.2933E-11
CALSDV   27    4  0.3017E-11  0.2977E-11
CALSDV   28    4  0.3050E-11  0.3009E-11
CALSDV   29    4  0.2725E-11  0.2687E-11
CALSDV   30    4  0.2819E-11  0.2783E-11
CALSDV   31    4  0.2921E-11  0.2881E-11
CALSDV   32    4  0.3033E-11  0.2992E-11
CALSDV   33    4  0.2663E-11  0.2626E-11
CALSDV   34    4  0.2730E-11  0.2692E-11
CALSDV   35    4  0.2825E-11  0.2785E-11
CALSDV   36    4  0.2976E-11  0.2936E-11
CALSDV   37    4  0.2558E-11  0.2524E-11
CALSDV   38    4  0.2637E-11  0.2601E-11
CALSDV   39    4  0.2732E-11  0.2694E-11
CALSDV   40    4  0.2885E-11  0.2848E-11
CALSDV   41    4  0.2276E-11  0.2250E-11
CALSDV   42    4  0.2407E-11  0.2379E-11
CALSDV   43    4  0.2505E-11  0.2475E-11
CALSDV   44    4  0.2617E-11  0.2587E-11
CALSDV   45    4  0.1898E-11  0.1878E-11
CALSDV   46    4  0.2134E-11  0.2113E-11
CALSDV   47    4  0.1322E-11  0.1314E-11
CALSDV   48    4  0.1399E-11  0.1390E-11
CALSDV   49    4  0.1469E-11  0.1460E-11
CALSDV   50    4  0.1550E-11  0.1540E-11
CALSDV   51    4  0.1248E-11  0.1242E-11
CALSDV   52    4  0.1350E-11  0.1343E-11
CALSDV   53    4  0.1087E-11  0.1084E-11
CALSDV   54    4  0.1145E-11  0.1142E-11
CALSDV   55    4  0.1104E-11  0.1102E-11
CALSDV   56    4  0.1151E-11  0.1149E-11
CALSDV   57    4  0.1167E-11  0.1165E-11
CALSDV   58    4  0.1215E-11  0.1213E-11
CALSDV   59    4  0.1179E-11  0.1177E-11
CALSDV   60    4  0.1226E-11  0.1224E-11
CALSDV    5    5  0.3796E-10  0.3809E-10
CALSDV    6    5  0.1611E-10  0.1613E-10
CALSDV    7    5  0.6358E-11  0.6362E-11
CALSDV    8    5  0.4115E-11  0.4098E-11
CALSDV    9    5  0.5109E-11  0.5114E-11
CALSDV   10    5  0.4640E-11  0.4653E-11
CALSDV   11    5  0.4139E-11  0.4149E-11
CALSDV   12    5  0.4132E-11  0.4158E-11
CALSDV   13    5  0.4536E-11  0.4542E-11
CALSDV   14    5  0.4604E-11  0.4607E-11
CALSDV   15    5  0.4278E-11  0.4279E-11
CALSDV   16    5  0.4049E-11  0.4040E-11
CALSDV   17    5  0.3804E-11  0.3800E-11
CALSDV   18    5  0.3720E-11  0.3713E-11
CALSDV   19    5  0.3500E-11  0.3491E-11
CALSDV   20    5  0.3566E-11  0.3558E-11
CALSDV   21    5  0.3013E-11  0.3007E-11
CALSDV   22    5  0.3083E-11  0.3073E-11
CALSDV   23    5  0.3159E-11  0.3155E-11
CALSDV   24    5  0.3196E-11  0.3191E-11
CALSDV   25    5  0.2858E-11  0.2848E-11
CALSDV   26    5  0.2839E-11  0.2830E-11
CALSDV   27    5  0.2860E-11  0.2855E-11
CALSDV   28    5  0.2949E-11  0.2944E-11
CALSDV   29    5  0.2801E-11  0.2792E-11
CALSDV   30    5  0.2792E-11  0.2783E-11
CALSDV   31    5  0.2669E-11  0.2664E-11
CALSDV   32    5  0.2806E-11  0.2800E-11
CALSDV   33    5  0.2745E-11  0.2737E-11
CALSDV   34    5  0.2773E-11  0.2765E-11
CALSDV   35    5  0.2554E-11  0.2549E-11
CALSDV   36    5  0.2691E-11  0.2686E-11
CALSDV   37    5  0.2614E-11  0.2606E-11
CALSDV   38    5  0.2656E-11  0.2649E-11
CALSDV   39    5  0.2438E-11  0.2435E-11
CALSDV   40    5  0.2608E-11  0.2604E-11
CALSDV   41    5  0.2267E-11  0.2265E-11
CALSDV   42    5  0.2320E-11  0.2319E-11
CALSDV   43    5  0.2332E-11  0.2330E-11
CALSDV   44    5  0.2478E-11  0.2477E-11
CALSDV   45    5  0.1547E-11  0.1547E-11
CALSDV   46    5  0.1700E-11  0.1700E-11
CALSDV   47    5  0.1349E-11  0.1351E-11
CALSDV   48    5  0.1400E-11  0.1402E-11
CALSDV   49    5  0.1418E-11  0.1419E-11
CALSDV   50    5  0.1493E-11  0.1495E-11
CALSDV   51    5  0.1195E-11  0.1196E-11
CALSDV   52    5  0.1277E-11  0.1278E-11
CALSDV   53    5  0.1071E-11  0.1071E-11
CALSDV   54    5  0.1118E-11  0.1118E-11
CALSDV   55    5  0.1121E-11  0.1121E-11
CALSDV   56    5  0.1168E-11  0.1167E-11
CALSDV   57    5  0.1184E-11  0.1183E-11
CALSDV   58    5  0.1233E-11  0.1232E-11
CALSDV   59    5  0.1207E-11  0.1206E-11
CALSDV   60    5  0.1256E-11  0.1255E-11
CALSDV    6    6  0.1952E-10  0.1982E-10
CALSDV    7    6  0.1628E-10  0.1639E-10
CALSDV    8    6  0.6122E-11  0.6135E-11
CALSDV    9    6  0.6377E-11  0.6412E-11
CALSDV   10    6  0.5400E-11  0.5383E-11
CALSDV   11    6  0.5386E-11  0.5371E-11
CALSDV   12    6  0.4281E-11  0.4266E-11
CALSDV   13    6  0.4729E-11  0.4710E-11
CALSDV   14    6  0.5047E-11  0.5034E-11
CALSDV   15    6  0.4913E-11  0.4895E-11
CALSDV   16    6  0.4767E-11  0.4739E-11
CALSDV   17    6  0.3952E-11  0.3928E-11
CALSDV   18    6  0.3658E-11  0.3635E-11
CALSDV   19    6  0.3433E-11  0.3407E-11
CALSDV   20    6  0.3758E-11  0.3733E-11
CALSDV   21    6  0.3406E-11  0.3378E-11
CALSDV   22    6  0.3303E-11  0.3280E-11
CALSDV   23    6  0.3006E-11  0.2989E-11
CALSDV   24    6  0.3158E-11  0.3134E-11
CALSDV   25    6  0.3071E-11  0.3044E-11
CALSDV   26    6  0.3067E-11  0.3042E-11
CALSDV   27    6  0.2623E-11  0.2605E-11
CALSDV   28    6  0.2767E-11  0.2744E-11
CALSDV   29    6  0.2833E-11  0.2808E-11
CALSDV   30    6  0.2891E-11  0.2868E-11
CALSDV   31    6  0.2537E-11  0.2518E-11
CALSDV   32    6  0.2645E-11  0.2624E-11
CALSDV   33    6  0.2739E-11  0.2717E-11
CALSDV   34    6  0.2842E-11  0.2820E-11
CALSDV   35    6  0.2369E-11  0.2352E-11
CALSDV   36    6  0.2493E-11  0.2473E-11
CALSDV   37    6  0.2599E-11  0.2579E-11
CALSDV   38    6  0.2708E-11  0.2688E-11
CALSDV   39    6  0.2177E-11  0.2164E-11
CALSDV   40    6  0.2360E-11  0.2345E-11
CALSDV   41    6  0.2327E-11  0.2314E-11
CALSDV   42    6  0.2390E-11  0.2376E-11
CALSDV   43    6  0.2017E-11  0.2005E-11
CALSDV   44    6  0.2234E-11  0.2221E-11
CALSDV   45    6  0.1346E-11  0.1343E-11
CALSDV   46    6  0.1466E-11  0.1461E-11
CALSDV   47    6  0.1416E-11  0.1413E-11
CALSDV   48    6  0.1468E-11  0.1465E-11
CALSDV   49    6  0.1334E-11  0.1331E-11
CALSDV   50    6  0.1420E-11  0.1417E-11
CALSDV   51    6  0.1192E-11  0.1192E-11
CALSDV   52    6  0.1276E-11  0.1276E-11
CALSDV   53    6  0.1072E-11  0.1072E-11
CALSDV   54    6  0.1118E-11  0.1118E-11
CALSDV   55    6  0.1144E-11  0.1144E-11
CALSDV   56    6  0.1189E-11  0.1189E-11
CALSDV   57    6  0.1202E-11  0.1202E-11
CALSDV   58    6  0.1252E-11  0.1252E-11
CALSDV   59    6  0.1234E-11  0.1234E-11
CALSDV   60    6  0.1281E-11  0.1280E-11
CALSDV    7    7  0.2419E-10  0.2404E-10
CALSDV    8    7  0.1437E-10  0.1430E-10
CALSDV    9    7  0.5380E-11  0.5348E-11
CALSDV   10    7  0.5140E-11  0.5111E-11
CALSDV   11    7  0.5719E-11  0.5656E-11
CALSDV   12    7  0.4474E-11  0.4465E-11
CALSDV   13    7  0.4147E-11  0.4111E-11
CALSDV   14    7  0.4424E-11  0.4433E-11
CALSDV   15    7  0.4464E-11  0.4408E-11
CALSDV   16    7  0.4779E-11  0.4767E-11
CALSDV   17    7  0.4386E-11  0.4343E-11
CALSDV   18    7  0.4116E-11  0.4096E-11
CALSDV   19    7  0.3598E-11  0.3578E-11
CALSDV   20    7  0.3484E-11  0.3467E-11
CALSDV   21    7  0.3712E-11  0.3677E-11
CALSDV   22    7  0.3614E-11  0.3595E-11
CALSDV   23    7  0.3097E-11  0.3076E-11
CALSDV   24    7  0.3129E-11  0.3116E-11
CALSDV   25    7  0.2998E-11  0.2971E-11
CALSDV   26    7  0.3201E-11  0.3182E-11
CALSDV   27    7  0.2784E-11  0.2766E-11
CALSDV   28    7  0.2809E-11  0.2792E-11
CALSDV   29    7  0.2726E-11  0.2705E-11
CALSDV   30    7  0.2807E-11  0.2792E-11
CALSDV   31    7  0.2608E-11  0.2593E-11
CALSDV   32    7  0.2603E-11  0.2590E-11
CALSDV   33    7  0.2539E-11  0.2519E-11
CALSDV   34    7  0.2664E-11  0.2652E-11
CALSDV   35    7  0.2437E-11  0.2426E-11
CALSDV   36    7  0.2464E-11  0.2453E-11
CALSDV   37    7  0.2450E-11  0.2436E-11
CALSDV   38    7  0.2571E-11  0.2560E-11
CALSDV   39    7  0.2100E-11  0.2093E-11
CALSDV   40    7  0.2170E-11  0.2164E-11
CALSDV   41    7  0.2293E-11  0.2283E-11
CALSDV   42    7  0.2387E-11  0.2382E-11
CALSDV   43    7  0.1725E-11  0.1717E-11
CALSDV   44    7  0.1874E-11  0.1869E-11
CALSDV   45    7  0.1315E-11  0.1312E-11
CALSDV   46    7  0.1373E-11  0.1371E-11
CALSDV   47    7  0.1432E-11  0.1429E-11
CALSDV   48    7  0.1491E-11  0.1489E-11
CALSDV   49    7  0.1296E-11  0.1292E-11
CALSDV   50    7  0.1367E-11  0.1364E-11
CALSDV   51    7  0.1217E-11  0.1214E-11
CALSDV   52    7  0.1275E-11  0.1273E-11
CALSDV   53    7  0.1107E-11  0.1106E-11
CALSDV   54    7  0.1155E-11  0.1153E-11
CALSDV   55    7  0.1165E-11  0.1163E-11
CALSDV   56    7  0.1210E-11  0.1209E-11
CALSDV   57    7  0.1231E-11  0.1229E-11
CALSDV   58    7  0.1282E-11  0.1280E-11
CALSDV   59    7  0.1262E-11  0.1260E-11
CALSDV   60    7  0.1312E-11  0.1310E-11
CALSDV    8    8  0.1652E-10  0.1658E-10
CALSDV    9    8  0.1353E-10  0.1338E-10
CALSDV   10    8  0.4835E-11  0.4801E-11
CALSDV   11    8  0.6175E-11  0.6150E-11
CALSDV   12    8  0.6065E-11  0.6047E-11
CALSDV   13    8  0.4888E-11  0.4873E-11
CALSDV   14    8  0.4698E-11  0.4689E-11
CALSDV   15    8  0.4841E-11  0.4890E-11
CALSDV   16    8  0.5368E-11  0.5324E-11
CALSDV   17    8  0.5185E-11  0.5167E-11
CALSDV   18    8  0.5073E-11  0.5055E-11
CALSDV   19    8  0.4076E-11  0.4092E-11
CALSDV   20    8  0.3770E-11  0.3763E-11
CALSDV   21    8  0.3451E-11  0.3451E-11
CALSDV   22    8  0.3609E-11  0.3608E-11
CALSDV   23    8  0.3476E-11  0.3479E-11
CALSDV   24    8  0.3386E-11  0.3389E-11
CALSDV   25    8  0.3027E-11  0.3055E-11
CALSDV   26    8  0.3348E-11  0.3344E-11
CALSDV   27    8  0.3056E-11  0.3058E-11
CALSDV   28    8  0.3078E-11  0.3080E-11
CALSDV   29    8  0.2536E-11  0.2541E-11
CALSDV   30    8  0.2667E-11  0.2670E-11
CALSDV   31    8  0.2666E-11  0.2668E-11
CALSDV   32    8  0.2734E-11  0.2737E-11
CALSDV   33    8  0.2354E-11  0.2359E-11
CALSDV   34    8  0.2523E-11  0.2522E-11
CALSDV   35    8  0.2518E-11  0.2522E-11
CALSDV   36    8  0.2560E-11  0.2562E-11
CALSDV   37    8  0.2140E-11  0.2143E-11
CALSDV   38    8  0.2339E-11  0.2344E-11
CALSDV   39    8  0.2165E-11  0.2171E-11
CALSDV   40    8  0.2202E-11  0.2207E-11
CALSDV   41    8  0.2115E-11  0.2122E-11
CALSDV   42    8  0.2290E-11  0.2295E-11
CALSDV   43    8  0.1436E-11  0.1437E-11
CALSDV   44    8  0.1607E-11  0.1609E-11
CALSDV   45    8  0.1389E-11  0.1393E-11
CALSDV   46    8  0.1428E-11  0.1430E-11
CALSDV   47    8  0.1410E-11  0.1413E-11
CALSDV   48    8  0.1483E-11  0.1485E-11
CALSDV   49    8  0.1283E-11  0.1284E-11
CALSDV   50    8  0.1362E-11  0.1363E-11
CALSDV   51    8  0.1232E-11  0.1233E-11
CALSDV   52    8  0.1282E-11  0.1282E-11
CALSDV   53    8  0.1183E-11  0.1186E-11
CALSDV   54    8  0.1233E-11  0.1235E-11
CALSDV   55    8  0.1185E-11  0.1188E-11
CALSDV   56    8  0.1228E-11  0.1230E-11
CALSDV   57    8  0.1262E-11  0.1265E-11
CALSDV   58    8  0.1313E-11  0.1315E-11
CALSDV   59    8  0.1295E-11  0.1298E-11
CALSDV   60    8  0.1342E-11  0.1345E-11
CALSDV    9    9  0.1769E-10  0.1754E-10
CALSDV   10    9  0.1443E-10  0.1440E-10
CALSDV   11    9  0.4863E-11  0.4866E-11
CALSDV   12    9  0.6736E-11  0.6711E-11
CALSDV   13    9  0.6001E-11  0.6014E-11
CALSDV   14    9  0.4422E-11  0.4407E-11
CALSDV   15    9  0.4794E-11  0.4774E-11
CALSDV   16    9  0.4936E-11  0.4863E-11
CALSDV   17    9  0.5023E-11  0.4977E-11
CALSDV   18    9  0.4580E-11  0.4532E-11
CALSDV   19    9  0.4629E-11  0.4585E-11
CALSDV   20    9  0.4388E-11  0.4355E-11
CALSDV   21    9  0.3476E-11  0.3449E-11
CALSDV   22    9  0.3700E-11  0.3668E-11
CALSDV   23    9  0.3633E-11  0.3600E-11
CALSDV   24    9  0.3529E-11  0.3498E-11
CALSDV   25    9  0.3205E-11  0.3180E-11
CALSDV   26    9  0.3196E-11  0.3165E-11
CALSDV   27    9  0.3215E-11  0.3186E-11
CALSDV   28    9  0.3232E-11  0.3201E-11
CALSDV   29    9  0.2712E-11  0.2689E-11
CALSDV   30    9  0.2762E-11  0.2738E-11
CALSDV   31    9  0.2676E-11  0.2653E-11
CALSDV   32    9  0.2830E-11  0.2805E-11
CALSDV   33    9  0.2354E-11  0.2335E-11
CALSDV   34    9  0.2403E-11  0.2384E-11
CALSDV   35    9  0.2489E-11  0.2469E-11
CALSDV   36    9  0.2554E-11  0.2533E-11
CALSDV   37    9  0.2051E-11  0.2039E-11
CALSDV   38    9  0.2140E-11  0.2126E-11
CALSDV   39    9  0.2207E-11  0.2195E-11
CALSDV   40    9  0.2259E-11  0.2247E-11
CALSDV   41    9  0.1895E-11  0.1883E-11
CALSDV   42    9  0.2025E-11  0.2013E-11
CALSDV   43    9  0.1392E-11  0.1388E-11
CALSDV   44    9  0.1473E-11  0.1469E-11
CALSDV   45    9  0.1424E-11  0.1421E-11
CALSDV   46    9  0.1465E-11  0.1462E-11
CALSDV   47    9  0.1402E-11  0.1398E-11
CALSDV   48    9  0.1468E-11  0.1464E-11
CALSDV   49    9  0.1338E-11  0.1335E-11
CALSDV   50    9  0.1397E-11  0.1395E-11
CALSDV   51    9  0.1234E-11  0.1232E-11
CALSDV   52    9  0.1278E-11  0.1276E-11
CALSDV   53    9  0.1285E-11  0.1284E-11
CALSDV   54    9  0.1339E-11  0.1338E-11
CALSDV   55    9  0.1209E-11  0.1209E-11
CALSDV   56    9  0.1254E-11  0.1254E-11
CALSDV   57    9  0.1300E-11  0.1300E-11
CALSDV   58    9  0.1352E-11  0.1352E-11
CALSDV   59    9  0.1324E-11  0.1324E-11
CALSDV   60    9  0.1375E-11  0.1375E-11
CALSDV   10   10  0.1463E-10  0.1463E-10
CALSDV   11   10  0.1262E-10  0.1269E-10
CALSDV   12   10  0.4368E-11  0.4391E-11
CALSDV   13   10  0.6999E-11  0.7045E-11
CALSDV   14   10  0.6166E-11  0.6172E-11
CALSDV   15   10  0.4644E-11  0.4669E-11
CALSDV   16   10  0.6064E-11  0.6049E-11
CALSDV   17   10  0.5050E-11  0.5052E-11
CALSDV   18   10  0.5468E-11  0.5482E-11
CALSDV   19   10  0.4967E-11  0.4961E-11
CALSDV   20   10  0.5056E-11  0.5045E-11
CALSDV   21   10  0.4480E-11  0.4485E-11
CALSDV   22   10  0.4257E-11  0.4257E-11
CALSDV   23   10  0.3491E-11  0.3494E-11
CALSDV   24   10  0.3965E-11  0.3967E-11
CALSDV   25   10  0.3497E-11  0.3503E-11
CALSDV   26   10  0.3434E-11  0.3431E-11
CALSDV   27   10  0.3348E-11  0.3346E-11
CALSDV   28   10  0.3400E-11  0.3400E-11
CALSDV   29   10  0.3153E-11  0.3150E-11
CALSDV   30   10  0.3255E-11  0.3256E-11
CALSDV   31   10  0.2508E-11  0.2513E-11
CALSDV   32   10  0.2857E-11  0.2857E-11
CALSDV   33   10  0.2546E-11  0.2544E-11
CALSDV   34   10  0.2600E-11  0.2601E-11
CALSDV   35   10  0.2359E-11  0.2355E-11
CALSDV   36   10  0.2505E-11  0.2501E-11
CALSDV   37   10  0.2095E-11  0.2097E-11
CALSDV   38   10  0.2117E-11  0.2118E-11
CALSDV   39   10  0.2140E-11  0.2141E-11
CALSDV   40   10  0.2277E-11  0.2278E-11
CALSDV   41   10  0.1706E-11  0.1705E-11
CALSDV   42   10  0.1865E-11  0.1865E-11
CALSDV   43   10  0.1398E-11  0.1401E-11
CALSDV   44   10  0.1444E-11  0.1446E-11
CALSDV   45   10  0.1463E-11  0.1466E-11
CALSDV   46   10  0.1528E-11  0.1531E-11
CALSDV   47   10  0.1454E-11  0.1456E-11
CALSDV   48   10  0.1525E-11  0.1528E-11
CALSDV   49   10  0.1344E-11  0.1348E-11
CALSDV   50   10  0.1397E-11  0.1400E-11
CALSDV   51   10  0.1321E-11  0.1324E-11
CALSDV   52   10  0.1361E-11  0.1364E-11
CALSDV   53   10  0.1389E-11  0.1393E-11
CALSDV   54   10  0.1434E-11  0.1438E-11
CALSDV   55   10  0.1269E-11  0.1271E-11
CALSDV   56   10  0.1320E-11  0.1323E-11
CALSDV   57   10  0.1341E-11  0.1343E-11
CALSDV   58   10  0.1393E-11  0.1395E-11
CALSDV   59   10  0.1375E-11  0.1376E-11
CALSDV   60   10  0.1423E-11  0.1424E-11
CALSDV   11   11  0.1489E-10  0.1482E-10
CALSDV   12   11  0.1414E-10  0.1428E-10
CALSDV   13   11  0.4525E-11  0.4525E-11
CALSDV   14   11  0.8510E-11  0.8594E-11
CALSDV   15   11  0.6138E-11  0.6097E-11
CALSDV   16   11  0.4754E-11  0.4757E-11
CALSDV   17   11  0.6240E-11  0.6195E-11
CALSDV   18   11  0.5900E-11  0.5946E-11
CALSDV   19   11  0.5288E-11  0.5299E-11
CALSDV   20   11  0.4993E-11  0.5079E-11
CALSDV   21   11  0.4848E-11  0.4828E-11
CALSDV   22   11  0.4445E-11  0.4432E-11
CALSDV   23   11  0.3978E-11  0.3959E-11
CALSDV   24   11  0.3928E-11  0.3919E-11
CALSDV   25   11  0.3676E-11  0.3658E-11
CALSDV   26   11  0.3782E-11  0.3764E-11
CALSDV   27   11  0.3177E-11  0.3161E-11
CALSDV   28   11  0.3240E-11  0.3241E-11
CALSDV   29   11  0.3340E-11  0.3318E-11
CALSDV   30   11  0.3359E-11  0.3349E-11
CALSDV   31   11  0.2802E-11  0.2790E-11
CALSDV   32   11  0.2973E-11  0.2961E-11
CALSDV   33   11  0.2733E-11  0.2712E-11
CALSDV   34   11  0.2818E-11  0.2799E-11
CALSDV   35   11  0.2240E-11  0.2226E-11
CALSDV   36   11  0.2336E-11  0.2330E-11
CALSDV   37   11  0.2178E-11  0.2164E-11
CALSDV   38   11  0.2196E-11  0.2183E-11
CALSDV   39   11  0.2031E-11  0.2018E-11
CALSDV   40   11  0.2169E-11  0.2156E-11
CALSDV   41   11  0.1542E-11  0.1538E-11
CALSDV   42   11  0.1641E-11  0.1641E-11
CALSDV   43   11  0.1478E-11  0.1477E-11
CALSDV   44   11  0.1505E-11  0.1504E-11
CALSDV   45   11  0.1519E-11  0.1516E-11
CALSDV   46   11  0.1573E-11  0.1570E-11
CALSDV   47   11  0.1433E-11  0.1433E-11
CALSDV   48   11  0.1484E-11  0.1485E-11
CALSDV   49   11  0.1368E-11  0.1368E-11
CALSDV   50   11  0.1420E-11  0.1420E-11
CALSDV   51   11  0.1437E-11  0.1438E-11
CALSDV   52   11  0.1486E-11  0.1488E-11
CALSDV   53   11  0.1420E-11  0.1421E-11
CALSDV   54   11  0.1467E-11  0.1468E-11
CALSDV   55   11  0.1385E-11  0.1384E-11
CALSDV   56   11  0.1441E-11  0.1441E-11
CALSDV   57   11  0.1365E-11  0.1364E-11
CALSDV   58   11  0.1415E-11  0.1414E-11
CALSDV   59   11  0.1413E-11  0.1412E-11
CALSDV   60   11  0.1466E-11  0.1465E-11
CALSDV   12   12  0.1250E-10  0.1236E-10
CALSDV   13   12  0.1197E-10  0.1204E-10
CALSDV   14   12  0.4609E-11  0.4575E-11
CALSDV   15   12  0.7859E-11  0.7914E-11
CALSDV   16   12  0.6103E-11  0.6116E-11
CALSDV   17   12  0.5081E-11  0.5100E-11
CALSDV   18   12  0.7122E-11  0.7122E-11
CALSDV   19   12  0.5653E-11  0.5672E-11
CALSDV   20   12  0.4899E-11  0.4909E-11
CALSDV   21   12  0.4819E-11  0.4816E-11
CALSDV   22   12  0.5770E-11  0.5783E-11
CALSDV   23   12  0.4373E-11  0.4393E-11
CALSDV   24   12  0.4371E-11  0.4378E-11
CALSDV   25   12  0.4049E-11  0.4053E-11
CALSDV   26   12  0.4384E-11  0.4392E-11
CALSDV   27   12  0.3515E-11  0.3522E-11
CALSDV   28   12  0.3950E-11  0.3960E-11
CALSDV   29   12  0.3415E-11  0.3425E-11
CALSDV   30   12  0.3482E-11  0.3481E-11
CALSDV   31   12  0.3260E-11  0.3265E-11
CALSDV   32   12  0.3260E-11  0.3261E-11
CALSDV   33   12  0.2863E-11  0.2870E-11
CALSDV   34   12  0.3253E-11  0.3257E-11
CALSDV   35   12  0.2439E-11  0.2448E-11
CALSDV   36   12  0.2562E-11  0.2562E-11
CALSDV   37   12  0.2368E-11  0.2374E-11
CALSDV   38   12  0.2473E-11  0.2479E-11
CALSDV   39   12  0.1845E-11  0.1851E-11
CALSDV   40   12  0.2082E-11  0.2085E-11
CALSDV   41   12  0.1591E-11  0.1596E-11
CALSDV   42   12  0.1622E-11  0.1626E-11
CALSDV   43   12  0.1594E-11  0.1600E-11
CALSDV   44   12  0.1601E-11  0.1605E-11
CALSDV   45   12  0.1537E-11  0.1542E-11
CALSDV   46   12  0.1597E-11  0.1601E-11
CALSDV   47   12  0.1528E-11  0.1532E-11
CALSDV   48   12  0.1558E-11  0.1562E-11
CALSDV   49   12  0.1529E-11  0.1533E-11
CALSDV   50   12  0.1567E-11  0.1570E-11
CALSDV   51   12  0.1542E-11  0.1546E-11
CALSDV   52   12  0.1582E-11  0.1586E-11
CALSDV   53   12  0.1485E-11  0.1488E-11
CALSDV   54   12  0.1542E-11  0.1545E-11
CALSDV   55   12  0.1561E-11  0.1564E-11
CALSDV   56   12  0.1627E-11  0.1630E-11
CALSDV   57   12  0.1400E-11  0.1401E-11
CALSDV   58   12  0.1449E-11  0.1449E-11
CALSDV   59   12  0.1491E-11  0.1492E-11
CALSDV   60   12  0.1543E-11  0.1543E-11
CALSDV   13   13  0.1390E-10  0.1344E-10
CALSDV   14   13  0.1276E-10  0.1271E-10
CALSDV   15   13  0.4415E-11  0.4336E-11
CALSDV   16   13  0.9261E-11  0.9207E-11
CALSDV   17   13  0.6680E-11  0.6678E-11
CALSDV   18   13  0.6267E-11  0.6235E-11
CALSDV   19   13  0.7012E-11  0.6917E-11
CALSDV   20   13  0.6318E-11  0.6345E-11
CALSDV   21   13  0.5472E-11  0.5412E-11
CALSDV   22   13  0.5856E-11  0.5900E-11
CALSDV   23   13  0.5589E-11  0.5579E-11
CALSDV   24   13  0.5096E-11  0.5122E-11
CALSDV   25   13  0.4000E-11  0.3976E-11
CALSDV   26   13  0.3859E-11  0.3859E-11
CALSDV   27   13  0.4207E-11  0.4175E-11
CALSDV   28   13  0.4168E-11  0.4172E-11
CALSDV   29   13  0.3639E-11  0.3637E-11
CALSDV   30   13  0.3734E-11  0.3761E-11
CALSDV   31   13  0.3321E-11  0.3302E-11
CALSDV   32   13  0.3271E-11  0.3274E-11
CALSDV   33   13  0.3118E-11  0.3108E-11
CALSDV   34   13  0.3229E-11  0.3228E-11
CALSDV   35   13  0.2819E-11  0.2822E-11
CALSDV   36   13  0.2911E-11  0.2922E-11
CALSDV   37   13  0.2418E-11  0.2399E-11
CALSDV   38   13  0.2626E-11  0.2628E-11
CALSDV   39   13  0.1779E-11  0.1774E-11
CALSDV   40   13  0.1947E-11  0.1942E-11
CALSDV   41   13  0.1607E-11  0.1600E-11
CALSDV   42   13  0.1628E-11  0.1632E-11
CALSDV   43   13  0.1650E-11  0.1644E-11
CALSDV   44   13  0.1667E-11  0.1669E-11
CALSDV   45   13  0.1591E-11  0.1588E-11
CALSDV   46   13  0.1633E-11  0.1632E-11
CALSDV   47   13  0.1569E-11  0.1567E-11
CALSDV   48   13  0.1603E-11  0.1606E-11
CALSDV   49   13  0.1564E-11  0.1564E-11
CALSDV   50   13  0.1600E-11  0.1601E-11
CALSDV   51   13  0.1590E-11  0.1589E-11
CALSDV   52   13  0.1633E-11  0.1634E-11
CALSDV   53   13  0.1656E-11  0.1656E-11
CALSDV   54   13  0.1708E-11  0.1708E-11
CALSDV   55   13  0.1664E-11  0.1663E-11
CALSDV   56   13  0.1719E-11  0.1719E-11
CALSDV   57   13  0.1472E-11  0.1469E-11
CALSDV   58   13  0.1528E-11  0.1526E-11
CALSDV   59   13  0.1559E-11  0.1557E-11
CALSDV   60   13  0.1615E-11  0.1614E-11
CALSDV   14   14  0.1048E-10  0.1016E-10
CALSDV   15   14  0.1221E-10  0.1242E-10
CALSDV   16   14  0.4967E-11  0.4883E-11
CALSDV   17   14  0.8719E-11  0.8933E-11
CALSDV   18   14  0.7400E-11  0.7411E-11
CALSDV   19   14  0.6429E-11  0.6567E-11
CALSDV   20   14  0.6873E-11  0.6889E-11
CALSDV   21   14  0.5688E-11  0.5690E-11
CALSDV   22   14  0.5732E-11  0.5721E-11
CALSDV   23   14  0.5504E-11  0.5524E-11
CALSDV   24   14  0.5477E-11  0.5477E-11
CALSDV   25   14  0.4527E-11  0.4543E-11
CALSDV   26   14  0.4967E-11  0.4967E-11
CALSDV   27   14  0.4117E-11  0.4126E-11
CALSDV   28   14  0.4611E-11  0.4607E-11
CALSDV   29   14  0.4189E-11  0.4191E-11
CALSDV   30   14  0.4125E-11  0.4122E-11
CALSDV   31   14  0.3659E-11  0.3662E-11
CALSDV   32   14  0.4106E-11  0.4102E-11
CALSDV   33   14  0.3157E-11  0.3156E-11
CALSDV   34   14  0.3379E-11  0.3373E-11
CALSDV   35   14  0.3330E-11  0.3324E-11
CALSDV   36   14  0.3405E-11  0.3399E-11
CALSDV   37   14  0.2837E-11  0.2836E-11
CALSDV   38   14  0.3192E-11  0.3187E-11
CALSDV   39   14  0.2083E-11  0.2077E-11
CALSDV   40   14  0.2346E-11  0.2339E-11
CALSDV   41   14  0.1831E-11  0.1827E-11
CALSDV   42   14  0.1916E-11  0.1910E-11
CALSDV   43   14  0.1817E-11  0.1812E-11
CALSDV   44   14  0.1844E-11  0.1838E-11
CALSDV   45   14  0.1722E-11  0.1717E-11
CALSDV   46   14  0.1782E-11  0.1776E-11
CALSDV   47   14  0.1718E-11  0.1712E-11
CALSDV   48   14  0.1749E-11  0.1742E-11
CALSDV   49   14  0.1724E-11  0.1717E-11
CALSDV   50   14  0.1764E-11  0.1756E-11
CALSDV   51   14  0.1756E-11  0.1748E-11
CALSDV   52   14  0.1798E-11  0.1790E-11
CALSDV   53   14  0.1764E-11  0.1757E-11
CALSDV   54   14  0.1812E-11  0.1804E-11
CALSDV   55   14  0.1721E-11  0.1715E-11
CALSDV   56   14  0.1767E-11  0.1761E-11
CALSDV   57   14  0.1784E-11  0.1778E-11
CALSDV   58   14  0.1831E-11  0.1826E-11
CALSDV   59   14  0.1653E-11  0.1650E-11
CALSDV   60   14  0.1708E-11  0.1704E-11
CALSDV   15   15  0.1527E-10  0.1546E-10
CALSDV   16   15  0.1136E-10  0.1194E-10
CALSDV   17   15  0.4994E-11  0.5022E-11
CALSDV   18   15  0.9067E-11  0.9323E-11
CALSDV   19   15  0.7576E-11  0.7668E-11
CALSDV   20   15  0.8237E-11  0.8420E-11
CALSDV   21   15  0.8091E-11  0.8110E-11
CALSDV   22   15  0.6134E-11  0.6161E-11
CALSDV   23   15  0.7140E-11  0.7213E-11
CALSDV   24   15  0.7070E-11  0.7160E-11
CALSDV   25   15  0.6017E-11  0.6068E-11
CALSDV   26   15  0.5092E-11  0.5145E-11
CALSDV   27   15  0.4793E-11  0.4858E-11
CALSDV   28   15  0.4936E-11  0.5035E-11
CALSDV   29   15  0.4628E-11  0.4668E-11
CALSDV   30   15  0.4111E-11  0.4161E-11
CALSDV   31   15  0.4502E-11  0.4550E-11
CALSDV   32   15  0.4427E-11  0.4489E-11
CALSDV   33   15  0.3476E-11  0.3513E-11
CALSDV   34   15  0.3521E-11  0.3577E-11
CALSDV   35   15  0.3475E-11  0.3501E-11
CALSDV   36   15  0.3305E-11  0.3335E-11
CALSDV   37   15  0.3238E-11  0.3278E-11
CALSDV   38   15  0.3283E-11  0.3332E-11
CALSDV   39   15  0.2465E-11  0.2495E-11
CALSDV   40   15  0.2575E-11  0.2622E-11
CALSDV   41   15  0.2175E-11  0.2180E-11
CALSDV   42   15  0.2095E-11  0.2107E-11
CALSDV   43   15  0.1982E-11  0.1974E-11
CALSDV   44   15  0.1916E-11  0.1911E-11
CALSDV   45   15  0.1870E-11  0.1863E-11
CALSDV   46   15  0.1805E-11  0.1798E-11
CALSDV   47   15  0.1858E-11  0.1851E-11
CALSDV   48   15  0.1810E-11  0.1805E-11
CALSDV   49   15  0.1858E-11  0.1851E-11
CALSDV   50   15  0.1834E-11  0.1828E-11
CALSDV   51   15  0.1893E-11  0.1888E-11
CALSDV   52   15  0.1890E-11  0.1885E-11
CALSDV   53   15  0.1954E-11  0.1949E-11
CALSDV   54   15  0.1969E-11  0.1964E-11
CALSDV   55   15  0.2041E-11  0.2037E-11
CALSDV   56   15  0.2069E-11  0.2065E-11
CALSDV   57   15  0.2071E-11  0.2067E-11
CALSDV   58   15  0.2110E-11  0.2106E-11
CALSDV   59   15  0.1689E-11  0.1688E-11
CALSDV   60   15  0.1733E-11  0.1733E-11
CALSDV   16   16  0.1015E-10  0.1194E-10
CALSDV   17   16  0.1281E-10  0.1268E-10
CALSDV   18   16  0.5341E-11  0.5871E-11
CALSDV   19   16  0.1006E-10  0.9975E-11
CALSDV   20   16  0.9048E-11  0.9430E-11
CALSDV   21   16  0.7802E-11  0.7824E-11
CALSDV   22   16  0.8081E-11  0.8284E-11
CALSDV   23   16  0.6192E-11  0.6362E-11
CALSDV   24   16  0.5705E-11  0.5909E-11
CALSDV   25   16  0.6074E-11  0.6286E-11
CALSDV   26   16  0.6182E-11  0.6385E-11
CALSDV   27   16  0.4621E-11  0.4677E-11
CALSDV   28   16  0.4747E-11  0.4837E-11
CALSDV   29   16  0.4635E-11  0.4689E-11
CALSDV   30   16  0.4893E-11  0.4983E-11
CALSDV   31   16  0.3990E-11  0.4084E-11
CALSDV   32   16  0.4140E-11  0.4265E-11
CALSDV   33   16  0.3889E-11  0.3955E-11
CALSDV   34   16  0.3911E-11  0.3995E-11
CALSDV   35   16  0.3467E-11  0.3498E-11
CALSDV   36   16  0.3850E-11  0.3910E-11
CALSDV   37   16  0.3021E-11  0.3070E-11
CALSDV   38   16  0.3116E-11  0.3179E-11
CALSDV   39   16  0.2770E-11  0.2799E-11
CALSDV   40   16  0.2865E-11  0.2917E-11
CALSDV   41   16  0.2482E-11  0.2495E-11
CALSDV   42   16  0.2654E-11  0.2679E-11
CALSDV   43   16  0.2198E-11  0.2203E-11
CALSDV   44   16  0.2288E-11  0.2313E-11
CALSDV   45   16  0.2012E-11  0.2004E-11
CALSDV   46   16  0.2085E-11  0.2084E-11
CALSDV   47   16  0.1983E-11  0.1977E-11
CALSDV   48   16  0.2011E-11  0.2011E-11
CALSDV   49   16  0.1982E-11  0.1975E-11
CALSDV   50   16  0.2018E-11  0.2014E-11
CALSDV   51   16  0.2008E-11  0.2001E-11
CALSDV   52   16  0.2047E-11  0.2043E-11
CALSDV   53   16  0.2061E-11  0.2055E-11
CALSDV   54   16  0.2108E-11  0.2104E-11
CALSDV   55   16  0.2142E-11  0.2136E-11
CALSDV   56   16  0.2198E-11  0.2193E-11
CALSDV   57   16  0.2210E-11  0.2204E-11
CALSDV   58   16  0.2271E-11  0.2267E-11
CALSDV   59   16  0.2078E-11  0.2075E-11
CALSDV   60   16  0.2139E-11  0.2135E-11
CALSDV   17   17  0.1570E-10  0.1582E-10
CALSDV   18   17  0.9785E-11  0.9740E-11
CALSDV   19   17  0.5727E-11  0.5729E-11
CALSDV   20   17  0.9343E-11  0.9281E-11
CALSDV   21   17  0.8380E-11  0.8340E-11
CALSDV   22   17  0.7892E-11  0.7828E-11
CALSDV   23   17  0.8089E-11  0.8121E-11
CALSDV   24   17  0.7232E-11  0.7176E-11
CALSDV   25   17  0.7040E-11  0.7050E-11
CALSDV   26   17  0.6886E-11  0.6824E-11
CALSDV   27   17  0.5524E-11  0.5491E-11
CALSDV   28   17  0.5119E-11  0.5083E-11
CALSDV   29   17  0.5084E-11  0.5059E-11
CALSDV   30   17  0.4981E-11  0.4947E-11
CALSDV   31   17  0.4699E-11  0.4712E-11
CALSDV   32   17  0.4671E-11  0.4631E-11
CALSDV   33   17  0.4479E-11  0.4467E-11
CALSDV   34   17  0.4141E-11  0.4107E-11
CALSDV   35   17  0.3617E-11  0.3588E-11
CALSDV   36   17  0.3852E-11  0.3823E-11
CALSDV   37   17  0.3289E-11  0.3288E-11
CALSDV   38   17  0.3289E-11  0.3258E-11
CALSDV   39   17  0.3163E-11  0.3150E-11
CALSDV   40   17  0.3028E-11  0.3001E-11
CALSDV   41   17  0.2874E-11  0.2851E-11
CALSDV   42   17  0.2925E-11  0.2901E-11
CALSDV   43   17  0.2608E-11  0.2603E-11
CALSDV   44   17  0.2658E-11  0.2635E-11
CALSDV   45   17  0.2191E-11  0.2180E-11
CALSDV   46   17  0.2179E-11  0.2166E-11
CALSDV   47   17  0.2157E-11  0.2152E-11
CALSDV   48   17  0.2123E-11  0.2112E-11
CALSDV   49   17  0.2116E-11  0.2111E-11
CALSDV   50   17  0.2096E-11  0.2087E-11
CALSDV   51   17  0.2133E-11  0.2128E-11
CALSDV   52   17  0.2131E-11  0.2123E-11
CALSDV   53   17  0.2173E-11  0.2167E-11
CALSDV   54   17  0.2189E-11  0.2180E-11
CALSDV   55   17  0.2248E-11  0.2242E-11
CALSDV   56   17  0.2277E-11  0.2269E-11
CALSDV   57   17  0.2339E-11  0.2332E-11
CALSDV   58   17  0.2378E-11  0.2371E-11
CALSDV   59   17  0.2288E-11  0.2285E-11
CALSDV   60   17  0.2344E-11  0.2342E-11
CALSDV   18   18  0.1132E-10  0.1113E-10
CALSDV   19   18  0.9391E-11  0.9281E-11
CALSDV   20   18  0.5955E-11  0.5953E-11
CALSDV   21   18  0.9204E-11  0.9145E-11
CALSDV   22   18  0.9805E-11  0.9890E-11
CALSDV   23   18  0.6699E-11  0.6712E-11
CALSDV   24   18  0.7995E-11  0.8054E-11
CALSDV   25   18  0.6903E-11  0.6962E-11
CALSDV   26   18  0.6049E-11  0.6086E-11
CALSDV   27   18  0.5451E-11  0.5503E-11
CALSDV   28   18  0.5406E-11  0.5452E-11
CALSDV   29   18  0.5046E-11  0.5088E-11
CALSDV   30   18  0.5079E-11  0.5123E-11
CALSDV   31   18  0.4156E-11  0.4181E-11
CALSDV   32   18  0.4016E-11  0.4037E-11
CALSDV   33   18  0.4223E-11  0.4246E-11
CALSDV   34   18  0.4275E-11  0.4302E-11
CALSDV   35   18  0.3407E-11  0.3427E-11
CALSDV   36   18  0.3637E-11  0.3655E-11
CALSDV   37   18  0.3156E-11  0.3162E-11
CALSDV   38   18  0.3287E-11  0.3299E-11
CALSDV   39   18  0.3061E-11  0.3068E-11
CALSDV   40   18  0.3137E-11  0.3147E-11
CALSDV   41   18  0.3056E-11  0.3064E-11
CALSDV   42   18  0.3190E-11  0.3197E-11
CALSDV   43   18  0.2795E-11  0.2799E-11
CALSDV   44   18  0.2957E-11  0.2964E-11
CALSDV   45   18  0.2423E-11  0.2429E-11
CALSDV   46   18  0.2559E-11  0.2564E-11
CALSDV   47   18  0.2254E-11  0.2259E-11
CALSDV   48   18  0.2323E-11  0.2330E-11
CALSDV   49   18  0.2225E-11  0.2230E-11
CALSDV   50   18  0.2280E-11  0.2285E-11
CALSDV   51   18  0.2239E-11  0.2245E-11
CALSDV   52   18  0.2291E-11  0.2296E-11
CALSDV   53   18  0.2280E-11  0.2285E-11
CALSDV   54   18  0.2336E-11  0.2341E-11
CALSDV   55   18  0.2352E-11  0.2357E-11
CALSDV   56   18  0.2414E-11  0.2420E-11
CALSDV   57   18  0.2440E-11  0.2446E-11
CALSDV   58   18  0.2511E-11  0.2517E-11
CALSDV   59   18  0.2381E-11  0.2387E-11
CALSDV   60   18  0.2462E-11  0.2468E-11
CALSDV   19   19  0.1449E-10  0.1453E-10
CALSDV   20   19  0.8478E-11  0.8444E-11
CALSDV   21   19  0.6107E-11  0.6211E-11
CALSDV   22   19  0.9903E-11  0.9846E-11
CALSDV   23   19  0.8510E-11  0.8552E-11
CALSDV   24   19  0.6921E-11  0.6893E-11
CALSDV   25   19  0.7680E-11  0.7700E-11
CALSDV   26   19  0.8045E-11  0.8076E-11
CALSDV   27   19  0.7007E-11  0.7004E-11
CALSDV   28   19  0.6810E-11  0.6854E-11
CALSDV   29   19  0.4930E-11  0.4918E-11
CALSDV   30   19  0.5080E-11  0.5072E-11
CALSDV   31   19  0.5070E-11  0.5086E-11
CALSDV   32   19  0.4729E-11  0.4747E-11
CALSDV   33   19  0.4870E-11  0.4897E-11
CALSDV   34   19  0.4779E-11  0.4831E-11
CALSDV   35   19  0.3713E-11  0.3729E-11
CALSDV   36   19  0.3810E-11  0.3850E-11
CALSDV   37   19  0.3730E-11  0.3751E-11
CALSDV   38   19  0.3579E-11  0.3620E-11
CALSDV   39   19  0.3576E-11  0.3600E-11
CALSDV   40   19  0.3530E-11  0.3562E-11
CALSDV   41   19  0.3258E-11  0.3270E-11
CALSDV   42   19  0.3304E-11  0.3330E-11
CALSDV   43   19  0.3328E-11  0.3339E-11
CALSDV   44   19  0.3388E-11  0.3417E-11
CALSDV   45   19  0.2853E-11  0.2863E-11
CALSDV   46   19  0.2972E-11  0.2985E-11
CALSDV   47   19  0.2565E-11  0.2569E-11
CALSDV   48   19  0.2645E-11  0.2663E-11
CALSDV   49   19  0.2408E-11  0.2410E-11
CALSDV   50   19  0.2443E-11  0.2451E-11
CALSDV   51   19  0.2400E-11  0.2400E-11
CALSDV   52   19  0.2440E-11  0.2447E-11
CALSDV   53   19  0.2422E-11  0.2420E-11
CALSDV   54   19  0.2469E-11  0.2472E-11
CALSDV   55   19  0.2480E-11  0.2477E-11
CALSDV   56   19  0.2537E-11  0.2538E-11
CALSDV   57   19  0.2554E-11  0.2550E-11
CALSDV   58   19  0.2622E-11  0.2621E-11
CALSDV   59   19  0.2463E-11  0.2457E-11
CALSDV   60   19  0.2543E-11  0.2537E-11
CALSDV   20   20  0.1154E-10  0.1172E-10
CALSDV   21   20  0.8272E-11  0.8128E-11
CALSDV   22   20  0.6548E-11  0.6547E-11
CALSDV   23   20  0.9566E-11  0.9480E-11
CALSDV   24   20  0.9265E-11  0.9384E-11
CALSDV   25   20  0.5915E-11  0.5898E-11
CALSDV   26   20  0.7267E-11  0.7484E-11
CALSDV   27   20  0.7547E-11  0.7594E-11
CALSDV   28   20  0.6521E-11  0.6632E-11
CALSDV   29   20  0.5600E-11  0.5595E-11
CALSDV   30   20  0.5401E-11  0.5411E-11
CALSDV   31   20  0.4948E-11  0.4964E-11
CALSDV   32   20  0.4806E-11  0.4820E-11
CALSDV   33   20  0.4155E-11  0.4138E-11
CALSDV   34   20  0.4396E-11  0.4410E-11
CALSDV   35   20  0.3719E-11  0.3711E-11
CALSDV   36   20  0.3731E-11  0.3722E-11
CALSDV   37   20  0.3485E-11  0.3480E-11
CALSDV   38   20  0.3587E-11  0.3586E-11
CALSDV   39   20  0.3551E-11  0.3544E-11
CALSDV   40   20  0.3622E-11  0.3617E-11
CALSDV   41   20  0.3334E-11  0.3327E-11
CALSDV   42   20  0.3430E-11  0.3426E-11
CALSDV   43   20  0.3317E-11  0.3310E-11
CALSDV   44   20  0.3386E-11  0.3380E-11
CALSDV   45   20  0.3281E-11  0.3275E-11
CALSDV   46   20  0.3409E-11  0.3402E-11
CALSDV   47   20  0.2858E-11  0.2853E-11
CALSDV   48   20  0.2965E-11  0.2964E-11
CALSDV   49   20  0.2568E-11  0.2567E-11
CALSDV   50   20  0.2647E-11  0.2645E-11
CALSDV   51   20  0.2512E-11  0.2512E-11
CALSDV   52   20  0.2561E-11  0.2560E-11
CALSDV   53   20  0.2538E-11  0.2539E-11
CALSDV   54   20  0.2591E-11  0.2591E-11
CALSDV   55   20  0.2594E-11  0.2595E-11
CALSDV   56   20  0.2653E-11  0.2654E-11
CALSDV   57   20  0.2657E-11  0.2658E-11
CALSDV   58   20  0.2727E-11  0.2728E-11
CALSDV   59   20  0.2527E-11  0.2528E-11
CALSDV   60   20  0.2610E-11  0.2611E-11
CALSDV   21   21  0.1294E-10  0.1294E-10
CALSDV   22   21  0.7547E-11  0.7524E-11
CALSDV   23   21  0.6699E-11  0.6677E-11
CALSDV   24   21  0.1006E-10  0.1007E-10
CALSDV   25   21  0.7721E-11  0.7738E-11
CALSDV   26   21  0.6074E-11  0.6072E-11
CALSDV   27   21  0.7078E-11  0.7077E-11
CALSDV   28   21  0.7786E-11  0.7805E-11
CALSDV   29   21  0.6695E-11  0.6713E-11
CALSDV   30   21  0.6554E-11  0.6580E-11
CALSDV   31   21  0.6049E-11  0.6081E-11
CALSDV   32   21  0.5888E-11  0.5903E-11
CALSDV   33   21  0.4974E-11  0.4976E-11
CALSDV   34   21  0.4585E-11  0.4585E-11
CALSDV   35   21  0.4362E-11  0.4370E-11
CALSDV   36   21  0.4191E-11  0.4196E-11
CALSDV   37   21  0.4286E-11  0.4297E-11
CALSDV   38   21  0.4101E-11  0.4102E-11
CALSDV   39   21  0.4068E-11  0.4074E-11
CALSDV   40   21  0.3856E-11  0.3857E-11
CALSDV   41   21  0.3930E-11  0.3939E-11
CALSDV   42   21  0.3855E-11  0.3859E-11
CALSDV   43   21  0.3623E-11  0.3626E-11
CALSDV   44   21  0.3574E-11  0.3575E-11
CALSDV   45   21  0.3660E-11  0.3668E-11
CALSDV   46   21  0.3641E-11  0.3645E-11
CALSDV   47   21  0.3434E-11  0.3438E-11
CALSDV   48   21  0.3498E-11  0.3503E-11
CALSDV   49   21  0.2889E-11  0.2889E-11
CALSDV   50   21  0.2963E-11  0.2962E-11
CALSDV   51   21  0.2705E-11  0.2705E-11
CALSDV   52   21  0.2718E-11  0.2719E-11
CALSDV   53   21  0.2677E-11  0.2677E-11
CALSDV   54   21  0.2704E-11  0.2705E-11
CALSDV   55   21  0.2716E-11  0.2717E-11
CALSDV   56   21  0.2759E-11  0.2761E-11
CALSDV   57   21  0.2759E-11  0.2760E-11
CALSDV   58   21  0.2821E-11  0.2822E-11
CALSDV   59   21  0.2589E-11  0.2587E-11
CALSDV   60   21  0.2669E-11  0.2668E-11
CALSDV   22   22  0.1078E-10  0.1069E-10
CALSDV   23   22  0.7078E-11  0.7189E-11
CALSDV   24   22  0.7136E-11  0.7128E-11
CALSDV   25   22  0.9220E-11  0.9350E-11
CALSDV   26   22  0.7886E-11  0.7886E-11
CALSDV   27   22  0.5613E-11  0.5631E-11
CALSDV   28   22  0.6852E-11  0.6836E-11
CALSDV   29   22  0.6810E-11  0.6814E-11
CALSDV   30   22  0.6457E-11  0.6466E-11
CALSDV   31   22  0.6387E-11  0.6365E-11
CALSDV   32   22  0.6503E-11  0.6523E-11
CALSDV   33   22  0.5553E-11  0.5545E-11
CALSDV   34   22  0.5051E-11  0.5041E-11
CALSDV   35   22  0.4400E-11  0.4396E-11
CALSDV   36   22  0.4338E-11  0.4330E-11
CALSDV   37   22  0.4117E-11  0.4109E-11
CALSDV   38   22  0.4107E-11  0.4098E-11
CALSDV   39   22  0.4172E-11  0.4166E-11
CALSDV   40   22  0.4200E-11  0.4195E-11
CALSDV   41   22  0.3726E-11  0.3729E-11
CALSDV   42   22  0.3828E-11  0.3825E-11
CALSDV   43   22  0.3883E-11  0.3887E-11
CALSDV   44   22  0.3998E-11  0.3994E-11
CALSDV   45   22  0.3626E-11  0.3627E-11
CALSDV   46   22  0.3695E-11  0.3692E-11
CALSDV   47   22  0.3809E-11  0.3808E-11
CALSDV   48   22  0.3881E-11  0.3878E-11
CALSDV   49   22  0.3359E-11  0.3363E-11
CALSDV   50   22  0.3488E-11  0.3486E-11
CALSDV   51   22  0.2914E-11  0.2918E-11
CALSDV   52   22  0.2966E-11  0.2968E-11
CALSDV   53   22  0.2808E-11  0.2815E-11
CALSDV   54   22  0.2856E-11  0.2861E-11
CALSDV   55   22  0.2840E-11  0.2848E-11
CALSDV   56   22  0.2889E-11  0.2896E-11
CALSDV   57   22  0.2868E-11  0.2876E-11
CALSDV   58   22  0.2933E-11  0.2940E-11
CALSDV   59   22  0.2652E-11  0.2658E-11
CALSDV   60   22  0.2733E-11  0.2738E-11
CALSDV   23   23  0.1043E-10  0.1068E-10
CALSDV   24   23  0.6978E-11  0.6897E-11
CALSDV   25   23  0.7057E-11  0.7146E-11
CALSDV   26   23  0.9770E-11  0.9680E-11
CALSDV   27   23  0.6536E-11  0.6529E-11
CALSDV   28   23  0.6031E-11  0.6014E-11
CALSDV   29   23  0.6504E-11  0.6575E-11
CALSDV   30   23  0.6881E-11  0.6893E-11
CALSDV   31   23  0.6738E-11  0.6760E-11
CALSDV   32   23  0.6554E-11  0.6560E-11
CALSDV   33   23  0.6102E-11  0.6208E-11
CALSDV   34   23  0.6645E-11  0.6667E-11
CALSDV   35   23  0.5776E-11  0.5854E-11
CALSDV   36   23  0.5905E-11  0.5916E-11
CALSDV   37   23  0.4974E-11  0.4991E-11
CALSDV   38   23  0.4833E-11  0.4799E-11
CALSDV   39   23  0.4325E-11  0.4326E-11
CALSDV   40   23  0.4457E-11  0.4397E-11
CALSDV   41   23  0.4365E-11  0.4358E-11
CALSDV   42   23  0.4596E-11  0.4528E-11
CALSDV   43   23  0.4112E-11  0.4116E-11
CALSDV   44   23  0.4187E-11  0.4112E-11
CALSDV   45   23  0.4051E-11  0.4066E-11
CALSDV   46   23  0.4230E-11  0.4165E-11
CALSDV   47   23  0.3851E-11  0.3850E-11
CALSDV   48   23  0.4021E-11  0.3955E-11
CALSDV   49   23  0.3831E-11  0.3826E-11
CALSDV   50   23  0.4120E-11  0.4066E-11
CALSDV   51   23  0.3233E-11  0.3234E-11
CALSDV   52   23  0.3429E-11  0.3374E-11
CALSDV   53   23  0.2863E-11  0.2852E-11
CALSDV   54   23  0.3047E-11  0.2994E-11
CALSDV   55   23  0.2876E-11  0.2870E-11
CALSDV   56   23  0.3006E-11  0.2967E-11
CALSDV   57   23  0.2905E-11  0.2900E-11
CALSDV   58   23  0.3029E-11  0.3004E-11
CALSDV   59   23  0.2680E-11  0.2678E-11
CALSDV   60   23  0.2790E-11  0.2779E-11
CALSDV   24   24  0.9355E-11  0.9301E-11
CALSDV   25   24  0.6620E-11  0.6642E-11
CALSDV   26   24  0.7860E-11  0.7856E-11
CALSDV   27   24  0.8553E-11  0.8555E-11
CALSDV   28   24  0.7243E-11  0.7258E-11
CALSDV   29   24  0.6446E-11  0.6435E-11
CALSDV   30   24  0.7586E-11  0.7605E-11
CALSDV   31   24  0.6221E-11  0.6193E-11
CALSDV   32   24  0.7005E-11  0.6976E-11
CALSDV   33   24  0.6372E-11  0.6334E-11
CALSDV   34   24  0.6166E-11  0.6153E-11
CALSDV   35   24  0.6663E-11  0.6623E-11
CALSDV   36   24  0.6046E-11  0.6041E-11
CALSDV   37   24  0.6148E-11  0.6124E-11
CALSDV   38   24  0.5940E-11  0.5930E-11
CALSDV   39   24  0.5202E-11  0.5193E-11
CALSDV   40   24  0.5155E-11  0.5146E-11
CALSDV   41   24  0.4444E-11  0.4436E-11
CALSDV   42   24  0.4467E-11  0.4461E-11
CALSDV   43   24  0.4638E-11  0.4628E-11
CALSDV   44   24  0.4655E-11  0.4645E-11
CALSDV   45   24  0.4469E-11  0.4466E-11
CALSDV   46   24  0.4518E-11  0.4515E-11
CALSDV   47   24  0.4157E-11  0.4158E-11
CALSDV   48   24  0.4309E-11  0.4308E-11
CALSDV   49   24  0.4269E-11  0.4271E-11
CALSDV   50   24  0.4350E-11  0.4350E-11
CALSDV   51   24  0.4022E-11  0.4022E-11
CALSDV   52   24  0.4094E-11  0.4095E-11
CALSDV   53   24  0.3261E-11  0.3270E-11
CALSDV   54   24  0.3345E-11  0.3351E-11
CALSDV   55   24  0.3096E-11  0.3105E-11
CALSDV   56   24  0.3128E-11  0.3136E-11
CALSDV   57   24  0.3068E-11  0.3077E-11
CALSDV   58   24  0.3122E-11  0.3131E-11
CALSDV   59   24  0.2767E-11  0.2774E-11
CALSDV   60   24  0.2843E-11  0.2850E-11
CALSDV   25   25  0.9240E-11  0.9322E-11
CALSDV   26   25  0.6842E-11  0.6855E-11
CALSDV   27   25  0.8347E-11  0.8358E-11
CALSDV   28   25  0.8892E-11  0.8902E-11
CALSDV   29   25  0.7137E-11  0.7133E-11
CALSDV   30   25  0.7070E-11  0.7072E-11
CALSDV   31   25  0.6668E-11  0.6658E-11
CALSDV   32   25  0.6654E-11  0.6652E-11
CALSDV   33   25  0.6697E-11  0.6695E-11
CALSDV   34   25  0.6556E-11  0.6540E-11
CALSDV   35   25  0.6496E-11  0.6502E-11
CALSDV   36   25  0.7151E-11  0.7130E-11
CALSDV   37   25  0.6692E-11  0.6697E-11
CALSDV   38   25  0.7209E-11  0.7188E-11
CALSDV   39   25  0.6725E-11  0.6723E-11
CALSDV   40   25  0.6924E-11  0.6902E-11
CALSDV   41   25  0.6124E-11  0.6110E-11
CALSDV   42   25  0.6009E-11  0.5999E-11
CALSDV   43   25  0.5093E-11  0.5080E-11
CALSDV   44   25  0.5242E-11  0.5245E-11
CALSDV   45   25  0.4809E-11  0.4792E-11
CALSDV   46   25  0.5334E-11  0.5340E-11
CALSDV   47   25  0.4985E-11  0.4967E-11
CALSDV   48   25  0.5310E-11  0.5319E-11
CALSDV   49   25  0.4484E-11  0.4476E-11
CALSDV   50   25  0.4650E-11  0.4655E-11
CALSDV   51   25  0.4675E-11  0.4671E-11
CALSDV   52   25  0.4855E-11  0.4860E-11
CALSDV   53   25  0.3821E-11  0.3812E-11
CALSDV   54   25  0.4248E-11  0.4258E-11
CALSDV   55   25  0.3271E-11  0.3272E-11
CALSDV   56   25  0.3438E-11  0.3447E-11
CALSDV   57   25  0.3138E-11  0.3140E-11
CALSDV   58   25  0.3318E-11  0.3327E-11
CALSDV   59   25  0.2807E-11  0.2810E-11
CALSDV   60   25  0.2939E-11  0.2944E-11
CALSDV   26   26  0.8041E-11  0.8217E-11
CALSDV   27   26  0.7055E-11  0.7039E-11
CALSDV   28   26  0.8808E-11  0.8860E-11
CALSDV   29   26  0.7748E-11  0.7709E-11
CALSDV   30   26  0.7866E-11  0.7836E-11
CALSDV   31   26  0.7779E-11  0.7758E-11
CALSDV   32   26  0.7554E-11  0.7546E-11
CALSDV   33   26  0.7189E-11  0.7207E-11
CALSDV   34   26  0.7745E-11  0.7756E-11
CALSDV   35   26  0.6793E-11  0.6787E-11
CALSDV   36   26  0.7371E-11  0.7379E-11
CALSDV   37   26  0.7144E-11  0.7100E-11
CALSDV   38   26  0.7062E-11  0.7070E-11
CALSDV   39   26  0.7414E-11  0.7350E-11
CALSDV   40   26  0.7098E-11  0.7110E-11
CALSDV   41   26  0.7267E-11  0.7207E-11
CALSDV   42   26  0.7097E-11  0.7107E-11
CALSDV   43   26  0.6617E-11  0.6588E-11
CALSDV   44   26  0.6624E-11  0.6625E-11
CALSDV   45   26  0.5563E-11  0.5557E-11
CALSDV   46   26  0.5618E-11  0.5621E-11
CALSDV   47   26  0.5037E-11  0.5032E-11
CALSDV   48   26  0.5072E-11  0.5075E-11
CALSDV   49   26  0.5358E-11  0.5354E-11
CALSDV   50   26  0.5410E-11  0.5416E-11
CALSDV   51   26  0.4762E-11  0.4758E-11
CALSDV   52   26  0.4852E-11  0.4852E-11
CALSDV   53   26  0.4758E-11  0.4750E-11
CALSDV   54   26  0.4912E-11  0.4913E-11
CALSDV   55   26  0.3708E-11  0.3701E-11
CALSDV   56   26  0.3770E-11  0.3769E-11
CALSDV   57   26  0.3274E-11  0.3265E-11
CALSDV   58   26  0.3333E-11  0.3327E-11
CALSDV   59   26  0.2878E-11  0.2872E-11
CALSDV   60   26  0.2954E-11  0.2949E-11
CALSDV   27   27  0.7813E-11  0.7761E-11
CALSDV   28   27  0.7971E-11  0.7989E-11
CALSDV   29   27  0.9403E-11  0.9370E-11
CALSDV   30   27  0.7829E-11  0.7990E-11
CALSDV   31   27  0.8058E-11  0.8024E-11
CALSDV   32   27  0.8599E-11  0.8629E-11
CALSDV   33   27  0.7727E-11  0.7677E-11
CALSDV   34   27  0.8102E-11  0.8093E-11
CALSDV   35   27  0.7690E-11  0.7633E-11
CALSDV   36   27  0.7222E-11  0.7210E-11
CALSDV   37   27  0.7330E-11  0.7307E-11
CALSDV   38   27  0.7275E-11  0.7261E-11
CALSDV   39   27  0.7277E-11  0.7270E-11
CALSDV   40   27  0.7636E-11  0.7634E-11
CALSDV   41   27  0.7542E-11  0.7514E-11
CALSDV   42   27  0.7915E-11  0.7932E-11
CALSDV   43   27  0.7883E-11  0.7842E-11
CALSDV   44   27  0.7986E-11  0.8003E-11
CALSDV   45   27  0.7800E-11  0.7749E-11
CALSDV   46   27  0.7622E-11  0.7624E-11
CALSDV   47   27  0.6983E-11  0.6926E-11
CALSDV   48   27  0.6778E-11  0.6769E-11
CALSDV   49   27  0.5853E-11  0.5799E-11
CALSDV   50   27  0.5991E-11  0.5981E-11
CALSDV   51   27  0.5785E-11  0.5730E-11
CALSDV   52   27  0.6175E-11  0.6158E-11
CALSDV   53   27  0.5604E-11  0.5563E-11
CALSDV   54   27  0.5745E-11  0.5739E-11
CALSDV   55   27  0.4783E-11  0.4757E-11
CALSDV   56   27  0.4847E-11  0.4854E-11
CALSDV   57   27  0.3599E-11  0.3584E-11
CALSDV   58   27  0.3759E-11  0.3768E-11
CALSDV   59   27  0.2979E-11  0.2978E-11
CALSDV   60   27  0.3066E-11  0.3075E-11
CALSDV   28   28  0.7918E-11  0.7749E-11
CALSDV   29   28  0.9492E-11  0.9521E-11
CALSDV   30   28  0.1024E-10  0.1021E-10
CALSDV   31   28  0.8314E-11  0.8343E-11
CALSDV   32   28  0.8783E-11  0.8781E-11
CALSDV   33   28  0.8636E-11  0.8706E-11
CALSDV   34   28  0.8339E-11  0.8387E-11
CALSDV   35   28  0.8227E-11  0.8297E-11
CALSDV   36   28  0.8667E-11  0.8715E-11
CALSDV   37   28  0.7816E-11  0.7866E-11
CALSDV   38   28  0.8523E-11  0.8520E-11
CALSDV   39   28  0.7734E-11  0.7782E-11
CALSDV   40   28  0.8215E-11  0.8173E-11
CALSDV   41   28  0.7880E-11  0.7959E-11
CALSDV   42   28  0.7959E-11  0.7917E-11
CALSDV   43   28  0.8102E-11  0.8234E-11
CALSDV   44   28  0.8030E-11  0.8021E-11
CALSDV   45   28  0.8317E-11  0.8459E-11
CALSDV   46   28  0.8305E-11  0.8323E-11
CALSDV   47   28  0.8289E-11  0.8404E-11
CALSDV   48   28  0.8406E-11  0.8441E-11
CALSDV   49   28  0.7725E-11  0.7786E-11
CALSDV   50   28  0.7883E-11  0.7922E-11
CALSDV   51   28  0.6466E-11  0.6496E-11
CALSDV   52   28  0.6578E-11  0.6612E-11
CALSDV   53   28  0.5613E-11  0.5636E-11
CALSDV   54   28  0.5714E-11  0.5729E-11
CALSDV   55   28  0.5913E-11  0.5938E-11
CALSDV   56   28  0.6047E-11  0.6068E-11
CALSDV   57   28  0.4050E-11  0.4059E-11
CALSDV   58   28  0.4195E-11  0.4201E-11
CALSDV   59   28  0.2987E-11  0.2985E-11
CALSDV   60   28  0.3071E-11  0.3068E-11
CALSDV   29   29  0.7967E-11  0.7946E-11
CALSDV   30   29  0.1200E-10  0.1194E-10
CALSDV   31   29  0.1109E-10  0.1098E-10
CALSDV   32   29  0.8708E-11  0.8679E-11
CALSDV   33   29  0.1013E-10  0.1005E-10
CALSDV   34   29  0.9890E-11  0.9877E-11
CALSDV   35   29  0.9177E-11  0.9099E-11
CALSDV   36   29  0.9997E-11  0.9953E-11
CALSDV   37   29  0.8614E-11  0.8519E-11
CALSDV   38   29  0.9309E-11  0.9220E-11
CALSDV   39   29  0.8157E-11  0.8071E-11
CALSDV   40   29  0.8644E-11  0.8514E-11
CALSDV   41   29  0.7868E-11  0.7792E-11
CALSDV   42   29  0.8395E-11  0.8222E-11
CALSDV   43   29  0.7898E-11  0.7843E-11
CALSDV   44   29  0.8551E-11  0.8380E-11
CALSDV   45   29  0.8279E-11  0.8238E-11
CALSDV   46   29  0.8965E-11  0.8811E-11
CALSDV   47   29  0.8841E-11  0.8789E-11
CALSDV   48   29  0.9409E-11  0.9279E-11
CALSDV   49   29  0.9286E-11  0.9218E-11
CALSDV   50   29  0.9661E-11  0.9551E-11
CALSDV   51   29  0.9241E-11  0.9161E-11
CALSDV   52   29  0.9423E-11  0.9329E-11
CALSDV   53   29  0.8232E-11  0.8159E-11
CALSDV   54   29  0.8329E-11  0.8254E-11
CALSDV   55   29  0.6292E-11  0.6258E-11
CALSDV   56   29  0.6552E-11  0.6518E-11
CALSDV   57   29  0.5949E-11  0.5917E-11
CALSDV   58   29  0.6371E-11  0.6344E-11
CALSDV   59   29  0.3199E-11  0.3207E-11
CALSDV   60   29  0.3328E-11  0.3336E-11
CALSDV   30   30  0.1217E-10  0.1226E-10
CALSDV   31   30  0.1517E-10  0.1558E-10
CALSDV   32   30  0.1351E-10  0.1368E-10
CALSDV   33   30  0.8823E-11  0.9148E-11
CALSDV   34   30  0.1245E-10  0.1272E-10
CALSDV   35   30  0.1006E-10  0.1022E-10
CALSDV   36   30  0.1056E-10  0.1084E-10
CALSDV   37   30  0.1084E-10  0.1097E-10
CALSDV   38   30  0.9629E-11  0.9853E-11
CALSDV   39   30  0.1036E-10  0.1050E-10
CALSDV   40   30  0.9422E-11  0.9587E-11
CALSDV   41   30  0.9380E-11  0.9528E-11
CALSDV   42   30  0.9422E-11  0.9564E-11
CALSDV   43   30  0.8653E-11  0.8825E-11
CALSDV   44   30  0.9458E-11  0.9616E-11
CALSDV   45   30  0.8553E-11  0.8726E-11
CALSDV   46   30  0.9567E-11  0.9759E-11
CALSDV   47   30  0.9030E-11  0.9205E-11
CALSDV   48   30  0.9816E-11  0.1005E-10
CALSDV   49   30  0.9766E-11  0.9939E-11
CALSDV   50   30  0.1020E-10  0.1044E-10
CALSDV   51   30  0.1042E-10  0.1060E-10
CALSDV   52   30  0.1060E-10  0.1084E-10
CALSDV   53   30  0.1067E-10  0.1085E-10
CALSDV   54   30  0.1076E-10  0.1099E-10
CALSDV   55   30  0.1008E-10  0.1025E-10
CALSDV   56   30  0.1019E-10  0.1039E-10
CALSDV   57   30  0.7778E-11  0.7913E-11
CALSDV   58   30  0.7926E-11  0.8069E-11
CALSDV   59   30  0.4445E-11  0.4486E-11
CALSDV   60   30  0.4555E-11  0.4592E-11
CALSDV   31   31  0.1571E-10  0.9768E-11
CALSDV   32   31  0.2231E-10  0.1391E-10
CALSDV   33   31  0.1681E-10  0.1038E-10
CALSDV   34   31  0.1299E-10  0.8377E-11
CALSDV   35   31  0.1677E-10  0.1032E-10
CALSDV   36   31  0.1456E-10  0.9158E-11
CALSDV   37   31  0.1467E-10  0.8982E-11
CALSDV   38   31  0.1595E-10  0.9902E-11
CALSDV   39   31  0.1336E-10  0.8164E-11
CALSDV   40   31  0.1539E-10  0.9500E-11
CALSDV   41   31  0.1284E-10  0.7873E-11
CALSDV   42   31  0.1393E-10  0.8570E-11
CALSDV   43   31  0.1248E-10  0.7709E-11
CALSDV   44   31  0.1276E-10  0.7841E-11
CALSDV   45   31  0.1205E-10  0.7507E-11
CALSDV   46   31  0.1256E-10  0.7705E-11
CALSDV   47   31  0.1164E-10  0.7302E-11
CALSDV   48   31  0.1331E-10  0.8140E-11
CALSDV   49   31  0.1154E-10  0.7250E-11
CALSDV   50   31  0.1450E-10  0.8849E-11
CALSDV   51   31  0.1187E-10  0.7430E-11
CALSDV   52   31  0.1566E-10  0.9544E-11
CALSDV   53   31  0.1259E-10  0.7818E-11
CALSDV   54   31  0.1649E-10  0.1003E-10
CALSDV   55   31  0.1341E-10  0.8261E-11
CALSDV   56   31  0.1682E-10  0.1022E-10
CALSDV   57   31  0.1385E-10  0.8481E-11
CALSDV   58   31  0.1633E-10  0.9919E-11
CALSDV   59   31  0.1249E-10  0.7624E-11
CALSDV   60   31  0.1376E-10  0.8372E-11
CALSDV   32   32  0.1356E-10  0.1311E-10
CALSDV   33   32  0.1715E-10  0.1665E-10
CALSDV   34   32  0.1387E-10  0.1353E-10
CALSDV   35   32  0.9679E-11  0.9392E-11
CALSDV   36   32  0.1297E-10  0.1260E-10
CALSDV   37   32  0.1111E-10  0.1089E-10
CALSDV   38   32  0.1118E-10  0.1084E-10
CALSDV   39   32  0.1226E-10  0.1202E-10
CALSDV   40   32  0.1054E-10  0.1025E-10
CALSDV   41   32  0.1189E-10  0.1163E-10
CALSDV   42   32  0.1062E-10  0.1035E-10
CALSDV   43   32  0.1080E-10  0.1055E-10
CALSDV   44   32  0.1069E-10  0.1043E-10
CALSDV   45   32  0.9851E-11  0.9621E-11
CALSDV   46   32  0.1061E-10  0.1035E-10
CALSDV   47   32  0.9567E-11  0.9341E-11
CALSDV   48   32  0.1051E-10  0.1025E-10
CALSDV   49   32  0.1001E-10  0.9758E-11
CALSDV   50   32  0.1061E-10  0.1033E-10
CALSDV   51   32  0.1087E-10  0.1059E-10
CALSDV   52   32  0.1100E-10  0.1070E-10
CALSDV   53   32  0.1178E-10  0.1147E-10
CALSDV   54   32  0.1160E-10  0.1129E-10
CALSDV   55   32  0.1245E-10  0.1212E-10
CALSDV   56   32  0.1222E-10  0.1188E-10
CALSDV   57   32  0.1253E-10  0.1219E-10
CALSDV   58   32  0.1244E-10  0.1210E-10
CALSDV   59   32  0.1091E-10  0.1064E-10
CALSDV   60   32  0.1105E-10  0.1077E-10
CALSDV   33   33  0.9027E-11  0.9172E-11
CALSDV   34   33  0.1689E-10  0.1691E-10
CALSDV   35   33  0.1291E-10  0.1295E-10
CALSDV   36   33  0.9302E-11  0.9377E-11
CALSDV   37   33  0.1118E-10  0.1123E-10
CALSDV   38   33  0.1073E-10  0.1074E-10
CALSDV   39   33  0.9860E-11  0.9888E-11
CALSDV   40   33  0.1182E-10  0.1183E-10
CALSDV   41   33  0.9949E-11  0.9970E-11
CALSDV   42   33  0.1148E-10  0.1149E-10
CALSDV   43   33  0.1025E-10  0.1026E-10
CALSDV   44   33  0.1060E-10  0.1061E-10
CALSDV   45   33  0.1019E-10  0.1020E-10
CALSDV   46   33  0.9966E-11  0.9993E-11
CALSDV   47   33  0.9923E-11  0.9925E-11
CALSDV   48   33  0.9971E-11  0.9995E-11
CALSDV   49   33  0.9791E-11  0.9786E-11
CALSDV   50   33  0.1056E-10  0.1057E-10
CALSDV   51   33  0.1006E-10  0.1005E-10
CALSDV   52   33  0.1143E-10  0.1141E-10
CALSDV   53   33  0.1070E-10  0.1068E-10
CALSDV   54   33  0.1229E-10  0.1225E-10
CALSDV   55   33  0.1144E-10  0.1144E-10
CALSDV   56   33  0.1289E-10  0.1284E-10
CALSDV   57   33  0.1181E-10  0.1181E-10
CALSDV   58   33  0.1289E-10  0.1286E-10
CALSDV   59   33  0.1058E-10  0.1060E-10
CALSDV   60   33  0.1120E-10  0.1120E-10
CALSDV   34   34  0.9762E-11  0.9521E-11
CALSDV   35   34  0.1531E-10  0.1521E-10
CALSDV   36   34  0.1374E-10  0.1369E-10
CALSDV   37   34  0.9135E-11  0.9129E-11
CALSDV   38   34  0.1192E-10  0.1188E-10
CALSDV   39   34  0.1054E-10  0.1049E-10
CALSDV   40   34  0.1004E-10  0.1003E-10
CALSDV   41   34  0.1113E-10  0.1106E-10
CALSDV   42   34  0.9997E-11  0.9969E-11
CALSDV   43   34  0.1065E-10  0.1058E-10
CALSDV   44   34  0.1067E-10  0.1062E-10
CALSDV   45   34  0.1003E-10  0.9970E-11
CALSDV   46   34  0.1095E-10  0.1090E-10
CALSDV   47   34  0.9840E-11  0.9798E-11
CALSDV   48   34  0.1079E-10  0.1074E-10
CALSDV   49   34  0.1016E-10  0.1013E-10
CALSDV   50   34  0.1053E-10  0.1048E-10
CALSDV   51   34  0.1083E-10  0.1079E-10
CALSDV   52   34  0.1056E-10  0.1051E-10
CALSDV   53   34  0.1161E-10  0.1154E-10
CALSDV   54   34  0.1101E-10  0.1095E-10
CALSDV   55   34  0.1224E-10  0.1214E-10
CALSDV   56   34  0.1171E-10  0.1164E-10
CALSDV   57   34  0.1236E-10  0.1225E-10
CALSDV   58   34  0.1213E-10  0.1206E-10
CALSDV   59   34  0.1086E-10  0.1079E-10
CALSDV   60   34  0.1096E-10  0.1091E-10
CALSDV   35   35  0.9592E-11  0.9505E-11
CALSDV   36   35  0.1598E-10  0.1591E-10
CALSDV   37   35  0.1375E-10  0.1368E-10
CALSDV   38   35  0.9501E-11  0.9421E-11
CALSDV   39   35  0.1179E-10  0.1170E-10
CALSDV   40   35  0.1132E-10  0.1128E-10
CALSDV   41   35  0.1025E-10  0.1020E-10
CALSDV   42   35  0.1243E-10  0.1239E-10
CALSDV   43   35  0.1021E-10  0.1016E-10
CALSDV   44   35  0.1164E-10  0.1161E-10
CALSDV   45   35  0.1056E-10  0.1052E-10
CALSDV   46   35  0.1059E-10  0.1055E-10
CALSDV   47   35  0.1056E-10  0.1051E-10
CALSDV   48   35  0.1004E-10  0.9984E-11
CALSDV   49   35  0.1039E-10  0.1032E-10
CALSDV   50   35  0.1034E-10  0.1029E-10
CALSDV   51   35  0.1044E-10  0.1038E-10
CALSDV   52   35  0.1123E-10  0.1118E-10
CALSDV   53   35  0.1093E-10  0.1088E-10
CALSDV   54   35  0.1227E-10  0.1222E-10
CALSDV   55   35  0.1167E-10  0.1163E-10
CALSDV   56   35  0.1304E-10  0.1300E-10
CALSDV   57   35  0.1209E-10  0.1205E-10
CALSDV   58   35  0.1314E-10  0.1311E-10
CALSDV   59   35  0.1084E-10  0.1081E-10
CALSDV   60   35  0.1144E-10  0.1141E-10
CALSDV   36   36  0.9229E-11  0.9200E-11
CALSDV   37   36  0.1550E-10  0.1564E-10
CALSDV   38   36  0.1426E-10  0.1427E-10
CALSDV   39   36  0.9413E-11  0.9449E-11
CALSDV   40   36  0.1151E-10  0.1152E-10
CALSDV   41   36  0.1117E-10  0.1119E-10
CALSDV   42   36  0.9849E-11  0.9876E-11
CALSDV   43   36  0.1201E-10  0.1203E-10
CALSDV   44   36  0.1020E-10  0.1018E-10
CALSDV   45   36  0.1120E-10  0.1118E-10
CALSDV   46   36  0.1098E-10  0.1095E-10
CALSDV   47   36  0.1033E-10  0.1031E-10
CALSDV   48   36  0.1118E-10  0.1119E-10
CALSDV   49   36  0.1011E-10  0.1012E-10
CALSDV   50   36  0.1100E-10  0.1104E-10
CALSDV   51   36  0.1068E-10  0.1071E-10
CALSDV   52   36  0.1089E-10  0.1093E-10
CALSDV   53   36  0.1158E-10  0.1168E-10
CALSDV   54   36  0.1119E-10  0.1122E-10
CALSDV   55   36  0.1240E-10  0.1251E-10
CALSDV   56   36  0.1184E-10  0.1186E-10
CALSDV   57   36  0.1262E-10  0.1271E-10
CALSDV   58   36  0.1229E-10  0.1229E-10
CALSDV   59   36  0.1108E-10  0.1112E-10
CALSDV   60   36  0.1113E-10  0.1112E-10
CALSDV   37   37  0.9765E-11  0.9759E-11
CALSDV   38   37  0.1649E-10  0.1645E-10
CALSDV   39   37  0.1435E-10  0.1432E-10
CALSDV   40   37  0.9865E-11  0.9882E-11
CALSDV   41   37  0.1164E-10  0.1164E-10
CALSDV   42   37  0.1202E-10  0.1199E-10
CALSDV   43   37  0.1036E-10  0.1033E-10
CALSDV   44   37  0.1295E-10  0.1291E-10
CALSDV   45   37  0.1051E-10  0.1048E-10
CALSDV   46   37  0.1210E-10  0.1207E-10
CALSDV   47   37  0.1080E-10  0.1078E-10
CALSDV   48   37  0.1067E-10  0.1064E-10
CALSDV   49   37  0.1066E-10  0.1062E-10
CALSDV   50   37  0.1015E-10  0.1014E-10
CALSDV   51   37  0.1047E-10  0.1044E-10
CALSDV   52   37  0.1076E-10  0.1075E-10
CALSDV   53   37  0.1073E-10  0.1070E-10
CALSDV   54   37  0.1196E-10  0.1193E-10
CALSDV   55   37  0.1144E-10  0.1141E-10
CALSDV   56   37  0.1304E-10  0.1300E-10
CALSDV   57   37  0.1201E-10  0.1196E-10
CALSDV   58   37  0.1335E-10  0.1332E-10
CALSDV   59   37  0.1094E-10  0.1090E-10
CALSDV   60   37  0.1168E-10  0.1166E-10
CALSDV   38   38  0.8653E-11  0.8696E-11
CALSDV   39   38  0.1638E-10  0.1617E-10
CALSDV   40   38  0.1476E-10  0.1482E-10
CALSDV   41   38  0.9950E-11  0.9970E-11
CALSDV   42   38  0.1144E-10  0.1152E-10
CALSDV   43   38  0.1209E-10  0.1206E-10
CALSDV   44   38  0.1022E-10  0.1026E-10
CALSDV   45   38  0.1267E-10  0.1260E-10
CALSDV   46   38  0.1072E-10  0.1071E-10
CALSDV   47   38  0.1166E-10  0.1162E-10
CALSDV   48   38  0.1134E-10  0.1132E-10
CALSDV   49   38  0.1043E-10  0.1044E-10
CALSDV   50   38  0.1130E-10  0.1132E-10
CALSDV   51   38  0.1036E-10  0.1038E-10
CALSDV   52   38  0.1101E-10  0.1108E-10
CALSDV   53   38  0.1131E-10  0.1129E-10
CALSDV   54   38  0.1103E-10  0.1112E-10
CALSDV   55   38  0.1245E-10  0.1240E-10
CALSDV   56   38  0.1158E-10  0.1167E-10
CALSDV   57   38  0.1292E-10  0.1287E-10
CALSDV   58   38  0.1215E-10  0.1221E-10
CALSDV   59   38  0.1141E-10  0.1139E-10
CALSDV   60   38  0.1118E-10  0.1122E-10
CALSDV   39   39  0.9442E-11  0.9548E-11
CALSDV   40   39  0.1701E-10  0.1710E-10
CALSDV   41   39  0.1503E-10  0.1508E-10
CALSDV   42   39  0.1032E-10  0.1036E-10
CALSDV   43   39  0.1184E-10  0.1189E-10
CALSDV   44   39  0.1342E-10  0.1340E-10
CALSDV   45   39  0.1079E-10  0.1077E-10
CALSDV   46   39  0.1335E-10  0.1335E-10
CALSDV   47   39  0.1096E-10  0.1091E-10
CALSDV   48   39  0.1216E-10  0.1212E-10
CALSDV   49   39  0.1116E-10  0.1112E-10
CALSDV   50   39  0.1063E-10  0.1057E-10
CALSDV   51   39  0.1103E-10  0.1098E-10
CALSDV   52   39  0.1033E-10  0.1028E-10
CALSDV   53   39  0.1106E-10  0.1098E-10
CALSDV   54   39  0.1131E-10  0.1125E-10
CALSDV   55   39  0.1151E-10  0.1143E-10
CALSDV   56   39  0.1264E-10  0.1258E-10
CALSDV   57   39  0.1203E-10  0.1193E-10
CALSDV   58   39  0.1329E-10  0.1323E-10
CALSDV   59   39  0.1106E-10  0.1100E-10
CALSDV   60   39  0.1183E-10  0.1181E-10
CALSDV   40   40  0.8552E-11  0.8518E-11
CALSDV   41   40  0.1670E-10  0.1666E-10
CALSDV   42   40  0.1595E-10  0.1595E-10
CALSDV   43   40  0.1059E-10  0.1063E-10
CALSDV   44   40  0.1206E-10  0.1203E-10
CALSDV   45   40  0.1377E-10  0.1373E-10
CALSDV   46   40  0.1073E-10  0.1071E-10
CALSDV   47   40  0.1316E-10  0.1312E-10
CALSDV   48   40  0.1132E-10  0.1130E-10
CALSDV   49   40  0.1173E-10  0.1169E-10
CALSDV   50   40  0.1176E-10  0.1172E-10
CALSDV   51   40  0.1067E-10  0.1064E-10
CALSDV   52   40  0.1190E-10  0.1185E-10
CALSDV   53   40  0.1127E-10  0.1126E-10
CALSDV   54   40  0.1180E-10  0.1173E-10
CALSDV   55   40  0.1263E-10  0.1261E-10
CALSDV   56   40  0.1217E-10  0.1207E-10
CALSDV   57   40  0.1336E-10  0.1335E-10
CALSDV   58   40  0.1255E-10  0.1249E-10
CALSDV   59   40  0.1183E-10  0.1183E-10
CALSDV   60   40  0.1148E-10  0.1146E-10
CALSDV   41   41  0.1001E-10  0.9923E-11
CALSDV   42   41  0.1755E-10  0.1747E-10
CALSDV   43   41  0.1650E-10  0.1646E-10
CALSDV   44   41  0.1120E-10  0.1115E-10
CALSDV   45   41  0.1257E-10  0.1255E-10
CALSDV   46   41  0.1509E-10  0.1501E-10
CALSDV   47   41  0.1113E-10  0.1110E-10
CALSDV   48   41  0.1462E-10  0.1453E-10
CALSDV   49   41  0.1141E-10  0.1135E-10
CALSDV   50   41  0.1214E-10  0.1208E-10
CALSDV   51   41  0.1169E-10  0.1166E-10
CALSDV   52   41  0.1080E-10  0.1075E-10
CALSDV   53   41  0.1180E-10  0.1176E-10
CALSDV   54   41  0.1084E-10  0.1078E-10
CALSDV   55   41  0.1196E-10  0.1191E-10
CALSDV   56   41  0.1233E-10  0.1227E-10
CALSDV   57   41  0.1226E-10  0.1221E-10
CALSDV   58   41  0.1332E-10  0.1326E-10
CALSDV   59   41  0.1126E-10  0.1121E-10
CALSDV   60   41  0.1208E-10  0.1204E-10
CALSDV   42   42  0.8892E-11  0.8868E-11
CALSDV   43   42  0.1660E-10  0.1655E-10
CALSDV   44   42  0.1811E-10  0.1801E-10
CALSDV   45   42  0.1148E-10  0.1145E-10
CALSDV   46   42  0.1388E-10  0.1380E-10
CALSDV   47   42  0.1509E-10  0.1501E-10
CALSDV   48   42  0.1161E-10  0.1152E-10
CALSDV   49   42  0.1417E-10  0.1410E-10
CALSDV   50   42  0.1273E-10  0.1265E-10
CALSDV   51   42  0.1174E-10  0.1174E-10
CALSDV   52   42  0.1271E-10  0.1266E-10
CALSDV   53   42  0.1159E-10  0.1158E-10
CALSDV   54   42  0.1336E-10  0.1333E-10
CALSDV   55   42  0.1239E-10  0.1236E-10
CALSDV   56   42  0.1387E-10  0.1385E-10
CALSDV   57   42  0.1344E-10  0.1339E-10
CALSDV   58   42  0.1383E-10  0.1378E-10
CALSDV   59   42  0.1213E-10  0.1208E-10
CALSDV   60   42  0.1220E-10  0.1215E-10
CALSDV   43   43  0.9774E-11  0.9775E-11
CALSDV   44   43  0.1706E-10  0.1705E-10
CALSDV   45   43  0.1758E-10  0.1753E-10
CALSDV   46   43  0.1222E-10  0.1226E-10
CALSDV   47   43  0.1330E-10  0.1325E-10
CALSDV   48   43  0.1605E-10  0.1603E-10
CALSDV   49   43  0.1166E-10  0.1160E-10
CALSDV   50   43  0.1554E-10  0.1554E-10
CALSDV   51   43  0.1287E-10  0.1283E-10
CALSDV   52   43  0.1259E-10  0.1257E-10
CALSDV   53   43  0.1247E-10  0.1243E-10
CALSDV   54   43  0.1134E-10  0.1132E-10
CALSDV   55   43  0.1255E-10  0.1249E-10
CALSDV   56   43  0.1273E-10  0.1271E-10
CALSDV   57   43  0.1247E-10  0.1241E-10
CALSDV   58   43  0.1344E-10  0.1339E-10
CALSDV   59   43  0.1143E-10  0.1140E-10
CALSDV   60   43  0.1240E-10  0.1237E-10
CALSDV   44   44  0.8843E-11  0.8819E-11
CALSDV   45   44  0.1589E-10  0.1571E-10
CALSDV   46   44  0.1990E-10  0.1973E-10
CALSDV   47   44  0.1275E-10  0.1263E-10
CALSDV   48   44  0.1573E-10  0.1559E-10
CALSDV   49   44  0.1590E-10  0.1569E-10
CALSDV   50   44  0.1236E-10  0.1226E-10
CALSDV   51   44  0.1453E-10  0.1432E-10
CALSDV   52   44  0.1436E-10  0.1419E-10
CALSDV   53   44  0.1234E-10  0.1217E-10
CALSDV   54   44  0.1623E-10  0.1602E-10
CALSDV   55   44  0.1247E-10  0.1234E-10
CALSDV   56   44  0.1540E-10  0.1528E-10
CALSDV   57   44  0.1392E-10  0.1376E-10
CALSDV   58   44  0.1516E-10  0.1504E-10
CALSDV   59   44  0.1238E-10  0.1224E-10
CALSDV   60   44  0.1295E-10  0.1285E-10
CALSDV   45   45  0.1066E-10  0.1087E-10
CALSDV   46   45  0.1606E-10  0.1614E-10
CALSDV   47   45  0.1834E-10  0.1856E-10
CALSDV   48   45  0.1341E-10  0.1355E-10
CALSDV   49   45  0.1392E-10  0.1408E-10
CALSDV   50   45  0.1676E-10  0.1688E-10
CALSDV   51   45  0.1233E-10  0.1240E-10
CALSDV   52   45  0.1518E-10  0.1523E-10
CALSDV   53   45  0.1386E-10  0.1412E-10
CALSDV   54   45  0.1280E-10  0.1283E-10
CALSDV   55   45  0.1493E-10  0.1535E-10
CALSDV   56   45  0.1300E-10  0.1306E-10
CALSDV   57   45  0.1386E-10  0.1418E-10
CALSDV   58   45  0.1372E-10  0.1380E-10
CALSDV   59   45  0.1231E-10  0.1249E-10
CALSDV   60   45  0.1307E-10  0.1316E-10
CALSDV   46   46  0.8492E-11  0.8153E-11
CALSDV   47   46  0.1599E-10  0.1538E-10
CALSDV   48   46  0.2121E-10  0.2025E-10
CALSDV   49   46  0.1484E-10  0.1436E-10
CALSDV   50   46  0.1666E-10  0.1596E-10
CALSDV   51   46  0.1836E-10  0.1770E-10
CALSDV   52   46  0.1391E-10  0.1332E-10
CALSDV   53   46  0.1648E-10  0.1592E-10
CALSDV   54   46  0.1585E-10  0.1514E-10
CALSDV   55   46  0.1422E-10  0.1378E-10
CALSDV   56   46  0.1859E-10  0.1775E-10
CALSDV   57   46  0.1490E-10  0.1441E-10
CALSDV   58   46  0.1932E-10  0.1845E-10
CALSDV   59   46  0.1342E-10  0.1292E-10
CALSDV   60   46  0.1496E-10  0.1430E-10
CALSDV   47   47  0.1054E-10  0.1067E-10
CALSDV   48   47  0.1591E-10  0.1552E-10
CALSDV   49   47  0.2065E-10  0.1993E-10
CALSDV   50   47  0.1517E-10  0.1476E-10
CALSDV   51   47  0.1523E-10  0.1474E-10
CALSDV   52   47  0.1825E-10  0.1787E-10
CALSDV   53   47  0.1382E-10  0.1338E-10
CALSDV   54   47  0.1553E-10  0.1531E-10
CALSDV   55   47  0.1600E-10  0.1553E-10
CALSDV   56   47  0.1323E-10  0.1305E-10
CALSDV   57   47  0.1721E-10  0.1676E-10
CALSDV   58   47  0.1509E-10  0.1475E-10
CALSDV   59   47  0.1495E-10  0.1453E-10
CALSDV   60   47  0.1485E-10  0.1442E-10
CALSDV   48   48  0.8372E-11  0.8501E-11
CALSDV   49   48  0.1499E-10  0.1495E-10
CALSDV   50   48  0.2221E-10  0.2213E-10
CALSDV   51   48  0.1530E-10  0.1533E-10
CALSDV   52   48  0.1628E-10  0.1619E-10
CALSDV   53   48  0.1751E-10  0.1763E-10
CALSDV   54   48  0.1385E-10  0.1383E-10
CALSDV   55   48  0.1501E-10  0.1520E-10
CALSDV   56   48  0.1705E-10  0.1704E-10
CALSDV   57   48  0.1431E-10  0.1438E-10
CALSDV   58   48  0.1924E-10  0.1923E-10
CALSDV   59   48  0.1395E-10  0.1395E-10
CALSDV   60   48  0.1640E-10  0.1640E-10
CALSDV   49   49  0.1018E-10  0.1024E-10
CALSDV   50   49  0.1510E-10  0.1505E-10
CALSDV   51   49  0.2111E-10  0.2110E-10
CALSDV   52   49  0.1596E-10  0.1594E-10
CALSDV   53   49  0.1475E-10  0.1473E-10
CALSDV   54   49  0.1741E-10  0.1727E-10
CALSDV   55   49  0.1349E-10  0.1349E-10
CALSDV   56   49  0.1413E-10  0.1402E-10
CALSDV   57   49  0.1615E-10  0.1617E-10
CALSDV   58   49  0.1410E-10  0.1403E-10
CALSDV   59   49  0.1517E-10  0.1516E-10
CALSDV   60   49  0.1448E-10  0.1443E-10
CALSDV   50   50  0.8620E-11  0.8537E-11
CALSDV   51   50  0.1451E-10  0.1448E-10
CALSDV   52   50  0.2256E-10  0.2250E-10
CALSDV   53   50  0.1629E-10  0.1633E-10
CALSDV   54   50  0.1528E-10  0.1524E-10
CALSDV   55   50  0.1669E-10  0.1680E-10
CALSDV   56   50  0.1455E-10  0.1444E-10
CALSDV   57   50  0.1461E-10  0.1474E-10
CALSDV   58   50  0.1824E-10  0.1812E-10
CALSDV   59   50  0.1396E-10  0.1398E-10
CALSDV   60   50  0.1675E-10  0.1667E-10
CALSDV   51   51  0.1017E-10  0.1005E-10
CALSDV   52   51  0.1612E-10  0.1610E-10
CALSDV   53   51  0.2110E-10  0.2107E-10
CALSDV   54   51  0.1667E-10  0.1671E-10
CALSDV   55   51  0.1355E-10  0.1354E-10
CALSDV   56   51  0.1681E-10  0.1693E-10
CALSDV   57   51  0.1464E-10  0.1468E-10
CALSDV   58   51  0.1509E-10  0.1523E-10
CALSDV   59   51  0.1557E-10  0.1561E-10
CALSDV   60   51  0.1462E-10  0.1467E-10
CALSDV   52   52  0.9049E-11  0.9085E-11
CALSDV   53   52  0.1663E-10  0.1660E-10
CALSDV   54   52  0.2187E-10  0.2174E-10
CALSDV   55   52  0.1680E-10  0.1670E-10
CALSDV   56   52  0.1404E-10  0.1395E-10
CALSDV   57   52  0.1642E-10  0.1621E-10
CALSDV   58   52  0.1567E-10  0.1558E-10
CALSDV   59   52  0.1466E-10  0.1451E-10
CALSDV   60   52  0.1650E-10  0.1641E-10
CALSDV   53   53  0.9537E-11  0.9674E-11
CALSDV   54   53  0.1847E-10  0.1864E-10
CALSDV   55   53  0.1930E-10  0.1940E-10
CALSDV   56   53  0.1711E-10  0.1722E-10
CALSDV   57   53  0.1303E-10  0.1317E-10
CALSDV   58   53  0.1792E-10  0.1809E-10
CALSDV   59   53  0.1495E-10  0.1510E-10
CALSDV   60   53  0.1602E-10  0.1615E-10
CALSDV   54   54  0.9938E-11  0.9484E-11
CALSDV   55   54  0.1910E-10  0.1898E-10
CALSDV   56   54  0.2001E-10  0.1994E-10
CALSDV   57   54  0.1668E-10  0.1627E-10
CALSDV   58   54  0.1340E-10  0.1338E-10
CALSDV   59   54  0.1630E-10  0.1590E-10
CALSDV   60   54  0.1558E-10  0.1561E-10
CALSDV   55   55  0.9863E-11  0.9965E-11
CALSDV   56   55  0.1976E-10  0.1974E-10
CALSDV   57   55  0.1731E-10  0.1730E-10
CALSDV   58   55  0.1829E-10  0.1836E-10
CALSDV   59   55  0.1442E-10  0.1448E-10
CALSDV   60   55  0.1854E-10  0.1869E-10
CALSDV   56   56  0.1078E-10  0.1088E-10
CALSDV   57   56  0.1745E-10  0.1744E-10
CALSDV   58   56  0.1796E-10  0.1780E-10
CALSDV   59   56  0.1809E-10  0.1813E-10
CALSDV   60   56  0.1491E-10  0.1485E-10
CALSDV   57   57  0.1074E-10  0.1069E-10
CALSDV   58   57  0.1774E-10  0.1769E-10
CALSDV   59   57  0.1839E-10  0.1842E-10
CALSDV   60   57  0.1956E-10  0.1954E-10
CALSDV   58   58  0.1162E-10  0.1152E-10
CALSDV   59   58  0.1420E-10  0.1435E-10
CALSDV   60   58  0.1886E-10  0.1907E-10
CALSDV   59   59  0.6330E-11  0.6298E-11
CALSDV   60   59  0.1511E-10  0.1497E-10
CALSDV   60   60  0.8411E-11  0.8279E-11
