  This file contains calibrated standard deviations 
       The relevant data lines start with key CALSDV 
       Each such line contains the following data 
           N   M   C_SIGMA   S_SIGMA 
                 FOR M=0 S_SIGMA=0.0 
     
CALSDV    0    0  0.0000E+00  0.0000E+00
CALSDV    1    0  0.0000E+00  0.0000E+00
CALSDV    2    0  0.1169E-09  0.0000E+00
CALSDV    3    0  0.9577E-11  0.0000E+00
CALSDV    4    0  0.3247E-11  0.0000E+00
CALSDV    5    0  0.2159E-11  0.0000E+00
CALSDV    6    0  0.1639E-11  0.0000E+00
CALSDV    7    0  0.1324E-11  0.0000E+00
CALSDV    8    0  0.1123E-11  0.0000E+00
CALSDV    9    0  0.9802E-12  0.0000E+00
CALSDV   10    0  0.8770E-12  0.0000E+00
CALSDV   11    0  0.7962E-12  0.0000E+00
CALSDV   12    0  0.7353E-12  0.0000E+00
CALSDV   13    0  0.6870E-12  0.0000E+00
CALSDV   14    0  0.6482E-12  0.0000E+00
CALSDV   15    0  0.6172E-12  0.0000E+00
CALSDV   16    0  0.5920E-12  0.0000E+00
CALSDV   17    0  0.5719E-12  0.0000E+00
CALSDV   18    0  0.5555E-12  0.0000E+00
CALSDV   19    0  0.5426E-12  0.0000E+00
CALSDV   20    0  0.5326E-12  0.0000E+00
CALSDV   21    0  0.5248E-12  0.0000E+00
CALSDV   22    0  0.5192E-12  0.0000E+00
CALSDV   23    0  0.5155E-12  0.0000E+00
CALSDV   24    0  0.5135E-12  0.0000E+00
CALSDV   25    0  0.5131E-12  0.0000E+00
CALSDV   26    0  0.5140E-12  0.0000E+00
CALSDV   27    0  0.5162E-12  0.0000E+00
CALSDV   28    0  0.5197E-12  0.0000E+00
CALSDV   29    0  0.5244E-12  0.0000E+00
CALSDV   30    0  0.5303E-12  0.0000E+00
CALSDV   31    0  0.5372E-12  0.0000E+00
CALSDV   32    0  0.5452E-12  0.0000E+00
CALSDV   33    0  0.5543E-12  0.0000E+00
CALSDV   34    0  0.5643E-12  0.0000E+00
CALSDV   35    0  0.5755E-12  0.0000E+00
CALSDV   36    0  0.5876E-12  0.0000E+00
CALSDV   37    0  0.6010E-12  0.0000E+00
CALSDV   38    0  0.6154E-12  0.0000E+00
CALSDV   39    0  0.6310E-12  0.0000E+00
CALSDV   40    0  0.6478E-12  0.0000E+00
CALSDV   41    0  0.6657E-12  0.0000E+00
CALSDV   42    0  0.6848E-12  0.0000E+00
CALSDV   43    0  0.7052E-12  0.0000E+00
CALSDV   44    0  0.7271E-12  0.0000E+00
CALSDV   45    0  0.7502E-12  0.0000E+00
CALSDV   46    0  0.7748E-12  0.0000E+00
CALSDV   47    0  0.8009E-12  0.0000E+00
CALSDV   48    0  0.8286E-12  0.0000E+00
CALSDV   49    0  0.8579E-12  0.0000E+00
CALSDV   50    0  0.8890E-12  0.0000E+00
CALSDV   51    0  0.9218E-12  0.0000E+00
CALSDV   52    0  0.9567E-12  0.0000E+00
CALSDV   53    0  0.9932E-12  0.0000E+00
CALSDV   54    0  0.1032E-11  0.0000E+00
CALSDV   55    0  0.1072E-11  0.0000E+00
CALSDV   56    0  0.1116E-11  0.0000E+00
CALSDV   57    0  0.1157E-11  0.0000E+00
CALSDV   58    0  0.1203E-11  0.0000E+00
CALSDV   59    0  0.1130E-11  0.0000E+00
CALSDV   60    0  0.1172E-11  0.0000E+00
CALSDV    1    1  0.0000E+00  0.0000E+00
CALSDV    2    1  0.3023E-10  0.2777E-10
CALSDV    3    1  0.7624E-11  0.7111E-11
CALSDV    4    1  0.3417E-11  0.3375E-11
CALSDV    5    1  0.2315E-11  0.2268E-11
CALSDV    6    1  0.1729E-11  0.1707E-11
CALSDV    7    1  0.1386E-11  0.1374E-11
CALSDV    8    1  0.1165E-11  0.1155E-11
CALSDV    9    1  0.1012E-11  0.1003E-11
CALSDV   10    1  0.8988E-12  0.8907E-12
CALSDV   11    1  0.8161E-12  0.8090E-12
CALSDV   12    1  0.7505E-12  0.7442E-12
CALSDV   13    1  0.6995E-12  0.6937E-12
CALSDV   14    1  0.6591E-12  0.6539E-12
CALSDV   15    1  0.6265E-12  0.6215E-12
CALSDV   16    1  0.6006E-12  0.5956E-12
CALSDV   17    1  0.5792E-12  0.5745E-12
CALSDV   18    1  0.5625E-12  0.5579E-12
CALSDV   19    1  0.5489E-12  0.5445E-12
CALSDV   20    1  0.5383E-12  0.5340E-12
CALSDV   21    1  0.5302E-12  0.5259E-12
CALSDV   22    1  0.5242E-12  0.5200E-12
CALSDV   23    1  0.5204E-12  0.5161E-12
CALSDV   24    1  0.5180E-12  0.5139E-12
CALSDV   25    1  0.5173E-12  0.5133E-12
CALSDV   26    1  0.5181E-12  0.5141E-12
CALSDV   27    1  0.5204E-12  0.5163E-12
CALSDV   28    1  0.5237E-12  0.5196E-12
CALSDV   29    1  0.5283E-12  0.5241E-12
CALSDV   30    1  0.5340E-12  0.5298E-12
CALSDV   31    1  0.5410E-12  0.5366E-12
CALSDV   32    1  0.5488E-12  0.5445E-12
CALSDV   33    1  0.5579E-12  0.5535E-12
CALSDV   34    1  0.5679E-12  0.5635E-12
CALSDV   35    1  0.5791E-12  0.5745E-12
CALSDV   36    1  0.5913E-12  0.5867E-12
CALSDV   37    1  0.6046E-12  0.5999E-12
CALSDV   38    1  0.6191E-12  0.6142E-12
CALSDV   39    1  0.6347E-12  0.6297E-12
CALSDV   40    1  0.6513E-12  0.6463E-12
CALSDV   41    1  0.6694E-12  0.6642E-12
CALSDV   42    1  0.6885E-12  0.6833E-12
CALSDV   43    1  0.7091E-12  0.7036E-12
CALSDV   44    1  0.7308E-12  0.7253E-12
CALSDV   45    1  0.7541E-12  0.7483E-12
CALSDV   46    1  0.7789E-12  0.7729E-12
CALSDV   47    1  0.8049E-12  0.7988E-12
CALSDV   48    1  0.8328E-12  0.8265E-12
CALSDV   49    1  0.8621E-12  0.8556E-12
CALSDV   50    1  0.8933E-12  0.8866E-12
CALSDV   51    1  0.9262E-12  0.9193E-12
CALSDV   52    1  0.9613E-12  0.9540E-12
CALSDV   53    1  0.9978E-12  0.9904E-12
CALSDV   54    1  0.1037E-11  0.1029E-11
CALSDV   55    1  0.1077E-11  0.1069E-11
CALSDV   56    1  0.1121E-11  0.1113E-11
CALSDV   57    1  0.1162E-11  0.1153E-11
CALSDV   58    1  0.1209E-11  0.1200E-11
CALSDV   59    1  0.1137E-11  0.1129E-11
CALSDV   60    1  0.1178E-11  0.1171E-11
CALSDV    2    2  0.2283E-10  0.2265E-10
CALSDV    3    2  0.9624E-11  0.9590E-11
CALSDV    4    2  0.4717E-11  0.4665E-11
CALSDV    5    2  0.2895E-11  0.2890E-11
CALSDV    6    2  0.2085E-11  0.2094E-11
CALSDV    7    2  0.1623E-11  0.1617E-11
CALSDV    8    2  0.1330E-11  0.1327E-11
CALSDV    9    2  0.1125E-11  0.1124E-11
CALSDV   10    2  0.9871E-12  0.9873E-12
CALSDV   11    2  0.8804E-12  0.8788E-12
CALSDV   12    2  0.8026E-12  0.8025E-12
CALSDV   13    2  0.7405E-12  0.7403E-12
CALSDV   14    2  0.6931E-12  0.6925E-12
CALSDV   15    2  0.6545E-12  0.6537E-12
CALSDV   16    2  0.6240E-12  0.6236E-12
CALSDV   17    2  0.5992E-12  0.5988E-12
CALSDV   18    2  0.5797E-12  0.5791E-12
CALSDV   19    2  0.5638E-12  0.5632E-12
CALSDV   20    2  0.5514E-12  0.5510E-12
CALSDV   21    2  0.5417E-12  0.5411E-12
CALSDV   22    2  0.5346E-12  0.5341E-12
CALSDV   23    2  0.5294E-12  0.5289E-12
CALSDV   24    2  0.5263E-12  0.5258E-12
CALSDV   25    2  0.5248E-12  0.5244E-12
CALSDV   26    2  0.5249E-12  0.5243E-12
CALSDV   27    2  0.5263E-12  0.5258E-12
CALSDV   28    2  0.5293E-12  0.5288E-12
CALSDV   29    2  0.5335E-12  0.5329E-12
CALSDV   30    2  0.5387E-12  0.5382E-12
CALSDV   31    2  0.5452E-12  0.5446E-12
CALSDV   32    2  0.5527E-12  0.5522E-12
CALSDV   33    2  0.5614E-12  0.5609E-12
CALSDV   34    2  0.5712E-12  0.5706E-12
CALSDV   35    2  0.5821E-12  0.5817E-12
CALSDV   36    2  0.5941E-12  0.5934E-12
CALSDV   37    2  0.6073E-12  0.6067E-12
CALSDV   38    2  0.6214E-12  0.6207E-12
CALSDV   39    2  0.6368E-12  0.6361E-12
CALSDV   40    2  0.6534E-12  0.6527E-12
CALSDV   41    2  0.6712E-12  0.6704E-12
CALSDV   42    2  0.6902E-12  0.6894E-12
CALSDV   43    2  0.7105E-12  0.7098E-12
CALSDV   44    2  0.7322E-12  0.7315E-12
CALSDV   45    2  0.7553E-12  0.7544E-12
CALSDV   46    2  0.7798E-12  0.7790E-12
CALSDV   47    2  0.8059E-12  0.8050E-12
CALSDV   48    2  0.8335E-12  0.8327E-12
CALSDV   49    2  0.8628E-12  0.8619E-12
CALSDV   50    2  0.8939E-12  0.8929E-12
CALSDV   51    2  0.9267E-12  0.9256E-12
CALSDV   52    2  0.9615E-12  0.9604E-12
CALSDV   53    2  0.9981E-12  0.9970E-12
CALSDV   54    2  0.1037E-11  0.1036E-11
CALSDV   55    2  0.1078E-11  0.1076E-11
CALSDV   56    2  0.1121E-11  0.1120E-11
CALSDV   57    2  0.1163E-11  0.1162E-11
CALSDV   58    2  0.1210E-11  0.1208E-11
CALSDV   59    2  0.1147E-11  0.1146E-11
CALSDV   60    2  0.1189E-11  0.1188E-11
CALSDV    3    3  0.2283E-10  0.2323E-10
CALSDV    4    3  0.9498E-11  0.9551E-11
CALSDV    5    3  0.6428E-11  0.6428E-11
CALSDV    6    3  0.3538E-11  0.3534E-11
CALSDV    7    3  0.3029E-11  0.3029E-11
CALSDV    8    3  0.1959E-11  0.1951E-11
CALSDV    9    3  0.1811E-11  0.1811E-11
CALSDV   10    3  0.1315E-11  0.1310E-11
CALSDV   11    3  0.1257E-11  0.1259E-11
CALSDV   12    3  0.9966E-12  0.9940E-12
CALSDV   13    3  0.9665E-12  0.9663E-12
CALSDV   14    3  0.8169E-12  0.8148E-12
CALSDV   15    3  0.7991E-12  0.7999E-12
CALSDV   16    3  0.7082E-12  0.7077E-12
CALSDV   17    3  0.6978E-12  0.6974E-12
CALSDV   18    3  0.6398E-12  0.6391E-12
CALSDV   19    3  0.6334E-12  0.6344E-12
CALSDV   20    3  0.5962E-12  0.5962E-12
CALSDV   21    3  0.5937E-12  0.5937E-12
CALSDV   22    3  0.5692E-12  0.5691E-12
CALSDV   23    3  0.5694E-12  0.5694E-12
CALSDV   24    3  0.5540E-12  0.5539E-12
CALSDV   25    3  0.5559E-12  0.5566E-12
CALSDV   26    3  0.5476E-12  0.5477E-12
CALSDV   27    3  0.5518E-12  0.5522E-12
CALSDV   28    3  0.5481E-12  0.5484E-12
CALSDV   29    3  0.5542E-12  0.5547E-12
CALSDV   30    3  0.5548E-12  0.5550E-12
CALSDV   31    3  0.5629E-12  0.5632E-12
CALSDV   32    3  0.5666E-12  0.5669E-12
CALSDV   33    3  0.5766E-12  0.5770E-12
CALSDV   34    3  0.5836E-12  0.5839E-12
CALSDV   35    3  0.5952E-12  0.5958E-12
CALSDV   36    3  0.6051E-12  0.6055E-12
CALSDV   37    3  0.6190E-12  0.6193E-12
CALSDV   38    3  0.6314E-12  0.6318E-12
CALSDV   39    3  0.6472E-12  0.6478E-12
CALSDV   40    3  0.6623E-12  0.6628E-12
CALSDV   41    3  0.6806E-12  0.6811E-12
CALSDV   42    3  0.6985E-12  0.6990E-12
CALSDV   43    3  0.7192E-12  0.7198E-12
CALSDV   44    3  0.7399E-12  0.7404E-12
CALSDV   45    3  0.7633E-12  0.7638E-12
CALSDV   46    3  0.7870E-12  0.7876E-12
CALSDV   47    3  0.8133E-12  0.8139E-12
CALSDV   48    3  0.8403E-12  0.8409E-12
CALSDV   49    3  0.8698E-12  0.8704E-12
CALSDV   50    3  0.9004E-12  0.9009E-12
CALSDV   51    3  0.9334E-12  0.9341E-12
CALSDV   52    3  0.9678E-12  0.9685E-12
CALSDV   53    3  0.1005E-11  0.1006E-11
CALSDV   54    3  0.1043E-11  0.1044E-11
CALSDV   55    3  0.1085E-11  0.1085E-11
CALSDV   56    3  0.1128E-11  0.1129E-11
CALSDV   57    3  0.1172E-11  0.1172E-11
CALSDV   58    3  0.1219E-11  0.1220E-11
CALSDV   59    3  0.1176E-11  0.1176E-11
CALSDV   60    3  0.1217E-11  0.1218E-11
CALSDV    4    4  0.1192E-10  0.1184E-10
CALSDV    5    4  0.9359E-11  0.9469E-11
CALSDV    6    4  0.4048E-11  0.4043E-11
CALSDV    7    4  0.3394E-11  0.3454E-11
CALSDV    8    4  0.2183E-11  0.2170E-11
CALSDV    9    4  0.1876E-11  0.1895E-11
CALSDV   10    4  0.1451E-11  0.1443E-11
CALSDV   11    4  0.1279E-11  0.1284E-11
CALSDV   12    4  0.1091E-11  0.1085E-11
CALSDV   13    4  0.9876E-12  0.9894E-12
CALSDV   14    4  0.8878E-12  0.8851E-12
CALSDV   15    4  0.8249E-12  0.8239E-12
CALSDV   16    4  0.7646E-12  0.7617E-12
CALSDV   17    4  0.7232E-12  0.7231E-12
CALSDV   18    4  0.6857E-12  0.6833E-12
CALSDV   19    4  0.6586E-12  0.6588E-12
CALSDV   20    4  0.6347E-12  0.6324E-12
CALSDV   21    4  0.6175E-12  0.6165E-12
CALSDV   22    4  0.6017E-12  0.6002E-12
CALSDV   23    4  0.5911E-12  0.5910E-12
CALSDV   24    4  0.5823E-12  0.5806E-12
CALSDV   25    4  0.5770E-12  0.5759E-12
CALSDV   26    4  0.5722E-12  0.5710E-12
CALSDV   27    4  0.5709E-12  0.5701E-12
CALSDV   28    4  0.5704E-12  0.5690E-12
CALSDV   29    4  0.5722E-12  0.5713E-12
CALSDV   30    4  0.5747E-12  0.5732E-12
CALSDV   31    4  0.5794E-12  0.5785E-12
CALSDV   32    4  0.5846E-12  0.5837E-12
CALSDV   33    4  0.5921E-12  0.5912E-12
CALSDV   34    4  0.6000E-12  0.5988E-12
CALSDV   35    4  0.6099E-12  0.6089E-12
CALSDV   36    4  0.6203E-12  0.6192E-12
CALSDV   37    4  0.6327E-12  0.6317E-12
CALSDV   38    4  0.6456E-12  0.6444E-12
CALSDV   39    4  0.6602E-12  0.6593E-12
CALSDV   40    4  0.6758E-12  0.6746E-12
CALSDV   41    4  0.6929E-12  0.6919E-12
CALSDV   42    4  0.7112E-12  0.7099E-12
CALSDV   43    4  0.7309E-12  0.7299E-12
CALSDV   44    4  0.7520E-12  0.7507E-12
CALSDV   45    4  0.7745E-12  0.7734E-12
CALSDV   46    4  0.7985E-12  0.7972E-12
CALSDV   47    4  0.8242E-12  0.8230E-12
CALSDV   48    4  0.8513E-12  0.8500E-12
CALSDV   49    4  0.8804E-12  0.8791E-12
CALSDV   50    4  0.9112E-12  0.9097E-12
CALSDV   51    4  0.9438E-12  0.9424E-12
CALSDV   52    4  0.9784E-12  0.9769E-12
CALSDV   53    4  0.1015E-11  0.1014E-11
CALSDV   54    4  0.1054E-11  0.1052E-11
CALSDV   55    4  0.1095E-11  0.1094E-11
CALSDV   56    4  0.1139E-11  0.1137E-11
CALSDV   57    4  0.1184E-11  0.1182E-11
CALSDV   58    4  0.1231E-11  0.1230E-11
CALSDV   59    4  0.1205E-11  0.1203E-11
CALSDV   60    4  0.1247E-11  0.1245E-11
CALSDV    5    5  0.1737E-10  0.1732E-10
CALSDV    6    5  0.6923E-11  0.6935E-11
CALSDV    7    5  0.4673E-11  0.4662E-11
CALSDV    8    5  0.2928E-11  0.2926E-11
CALSDV    9    5  0.2666E-11  0.2657E-11
CALSDV   10    5  0.1842E-11  0.1839E-11
CALSDV   11    5  0.1827E-11  0.1819E-11
CALSDV   12    5  0.1363E-11  0.1363E-11
CALSDV   13    5  0.1369E-11  0.1368E-11
CALSDV   14    5  0.1097E-11  0.1098E-11
CALSDV   15    5  0.1097E-11  0.1097E-11
CALSDV   16    5  0.9276E-12  0.9266E-12
CALSDV   17    5  0.9233E-12  0.9227E-12
CALSDV   18    5  0.8157E-12  0.8139E-12
CALSDV   19    5  0.8089E-12  0.8093E-12
CALSDV   20    5  0.7384E-12  0.7373E-12
CALSDV   21    5  0.7335E-12  0.7321E-12
CALSDV   22    5  0.6854E-12  0.6857E-12
CALSDV   23    5  0.6809E-12  0.6832E-12
CALSDV   24    5  0.6515E-12  0.6504E-12
CALSDV   25    5  0.6498E-12  0.6486E-12
CALSDV   26    5  0.6298E-12  0.6292E-12
CALSDV   27    5  0.6301E-12  0.6297E-12
CALSDV   28    5  0.6187E-12  0.6182E-12
CALSDV   29    5  0.6208E-12  0.6208E-12
CALSDV   30    5  0.6161E-12  0.6156E-12
CALSDV   31    5  0.6204E-12  0.6201E-12
CALSDV   32    5  0.6204E-12  0.6201E-12
CALSDV   33    5  0.6268E-12  0.6270E-12
CALSDV   34    5  0.6311E-12  0.6308E-12
CALSDV   35    5  0.6403E-12  0.6396E-12
CALSDV   36    5  0.6479E-12  0.6474E-12
CALSDV   37    5  0.6588E-12  0.6587E-12
CALSDV   38    5  0.6699E-12  0.6697E-12
CALSDV   39    5  0.6834E-12  0.6833E-12
CALSDV   40    5  0.6976E-12  0.6971E-12
CALSDV   41    5  0.7137E-12  0.7133E-12
CALSDV   42    5  0.7308E-12  0.7303E-12
CALSDV   43    5  0.7495E-12  0.7491E-12
CALSDV   44    5  0.7697E-12  0.7692E-12
CALSDV   45    5  0.7913E-12  0.7909E-12
CALSDV   46    5  0.8148E-12  0.8143E-12
CALSDV   47    5  0.8395E-12  0.8390E-12
CALSDV   48    5  0.8664E-12  0.8659E-12
CALSDV   49    5  0.8944E-12  0.8940E-12
CALSDV   50    5  0.9250E-12  0.9244E-12
CALSDV   51    5  0.9568E-12  0.9563E-12
CALSDV   52    5  0.9912E-12  0.9908E-12
CALSDV   53    5  0.1027E-11  0.1027E-11
CALSDV   54    5  0.1066E-11  0.1066E-11
CALSDV   55    5  0.1107E-11  0.1106E-11
CALSDV   56    5  0.1151E-11  0.1150E-11
CALSDV   57    5  0.1196E-11  0.1195E-11
CALSDV   58    5  0.1244E-11  0.1243E-11
CALSDV   59    5  0.1231E-11  0.1230E-11
CALSDV   60    5  0.1274E-11  0.1273E-11
CALSDV    6    6  0.9117E-11  0.9121E-11
CALSDV    7    6  0.8602E-11  0.8597E-11
CALSDV    8    6  0.4038E-11  0.4017E-11
CALSDV    9    6  0.4038E-11  0.4045E-11
CALSDV   10    6  0.2525E-11  0.2517E-11
CALSDV   11    6  0.2381E-11  0.2399E-11
CALSDV   12    6  0.1744E-11  0.1743E-11
CALSDV   13    6  0.1636E-11  0.1650E-11
CALSDV   14    6  0.1317E-11  0.1311E-11
CALSDV   15    6  0.1250E-11  0.1251E-11
CALSDV   16    6  0.1064E-11  0.1062E-11
CALSDV   17    6  0.1023E-11  0.1025E-11
CALSDV   18    6  0.9074E-12  0.9049E-12
CALSDV   19    6  0.8824E-12  0.8843E-12
CALSDV   20    6  0.8061E-12  0.8049E-12
CALSDV   21    6  0.7909E-12  0.7925E-12
CALSDV   22    6  0.7394E-12  0.7382E-12
CALSDV   23    6  0.7314E-12  0.7323E-12
CALSDV   24    6  0.6959E-12  0.6951E-12
CALSDV   25    6  0.6922E-12  0.6927E-12
CALSDV   26    6  0.6682E-12  0.6674E-12
CALSDV   27    6  0.6680E-12  0.6685E-12
CALSDV   28    6  0.6530E-12  0.6521E-12
CALSDV   29    6  0.6557E-12  0.6555E-12
CALSDV   30    6  0.6467E-12  0.6460E-12
CALSDV   31    6  0.6523E-12  0.6519E-12
CALSDV   32    6  0.6490E-12  0.6479E-12
CALSDV   33    6  0.6565E-12  0.6560E-12
CALSDV   34    6  0.6578E-12  0.6567E-12
CALSDV   35    6  0.6674E-12  0.6665E-12
CALSDV   36    6  0.6725E-12  0.6712E-12
CALSDV   37    6  0.6844E-12  0.6836E-12
CALSDV   38    6  0.6932E-12  0.6920E-12
CALSDV   39    6  0.7073E-12  0.7063E-12
CALSDV   40    6  0.7195E-12  0.7181E-12
CALSDV   41    6  0.7359E-12  0.7348E-12
CALSDV   42    6  0.7512E-12  0.7501E-12
CALSDV   43    6  0.7705E-12  0.7691E-12
CALSDV   44    6  0.7893E-12  0.7880E-12
CALSDV   45    6  0.8109E-12  0.8098E-12
CALSDV   46    6  0.8332E-12  0.8318E-12
CALSDV   47    6  0.8580E-12  0.8568E-12
CALSDV   48    6  0.8841E-12  0.8823E-12
CALSDV   49    6  0.9121E-12  0.9106E-12
CALSDV   50    6  0.9416E-12  0.9401E-12
CALSDV   51    6  0.9733E-12  0.9718E-12
CALSDV   52    6  0.1007E-11  0.1005E-11
CALSDV   53    6  0.1043E-11  0.1042E-11
CALSDV   54    6  0.1082E-11  0.1080E-11
CALSDV   55    6  0.1122E-11  0.1121E-11
CALSDV   56    6  0.1165E-11  0.1163E-11
CALSDV   57    6  0.1212E-11  0.1210E-11
CALSDV   58    6  0.1260E-11  0.1258E-11
CALSDV   59    6  0.1261E-11  0.1260E-11
CALSDV   60    6  0.1304E-11  0.1301E-11
CALSDV    7    7  0.1203E-10  0.1205E-10
CALSDV    8    7  0.6435E-11  0.6427E-11
CALSDV    9    7  0.4226E-11  0.4204E-11
CALSDV   10    7  0.2774E-11  0.2792E-11
CALSDV   11    7  0.2479E-11  0.2483E-11
CALSDV   12    7  0.1745E-11  0.1744E-11
CALSDV   13    7  0.1714E-11  0.1715E-11
CALSDV   14    7  0.1361E-11  0.1366E-11
CALSDV   15    7  0.1308E-11  0.1309E-11
CALSDV   16    7  0.1161E-11  0.1166E-11
CALSDV   17    7  0.1078E-11  0.1079E-11
CALSDV   18    7  0.1025E-11  0.1030E-11
CALSDV   19    7  0.9357E-12  0.9357E-12
CALSDV   20    7  0.9262E-12  0.9298E-12
CALSDV   21    7  0.8414E-12  0.8422E-12
CALSDV   22    7  0.8527E-12  0.8555E-12
CALSDV   23    7  0.7797E-12  0.7804E-12
CALSDV   24    7  0.7982E-12  0.8000E-12
CALSDV   25    7  0.7381E-12  0.7378E-12
CALSDV   26    7  0.7592E-12  0.7608E-12
CALSDV   27    7  0.7110E-12  0.7111E-12
CALSDV   28    7  0.7327E-12  0.7338E-12
CALSDV   29    7  0.6955E-12  0.6954E-12
CALSDV   30    7  0.7170E-12  0.7178E-12
CALSDV   31    7  0.6888E-12  0.6889E-12
CALSDV   32    7  0.7102E-12  0.7107E-12
CALSDV   33    7  0.6902E-12  0.6903E-12
CALSDV   34    7  0.7110E-12  0.7120E-12
CALSDV   35    7  0.6984E-12  0.6982E-12
CALSDV   36    7  0.7196E-12  0.7200E-12
CALSDV   37    7  0.7129E-12  0.7130E-12
CALSDV   38    7  0.7346E-12  0.7351E-12
CALSDV   39    7  0.7337E-12  0.7339E-12
CALSDV   40    7  0.7561E-12  0.7566E-12
CALSDV   41    7  0.7605E-12  0.7605E-12
CALSDV   42    7  0.7840E-12  0.7844E-12
CALSDV   43    7  0.7931E-12  0.7932E-12
CALSDV   44    7  0.8183E-12  0.8188E-12
CALSDV   45    7  0.8320E-12  0.8321E-12
CALSDV   46    7  0.8595E-12  0.8597E-12
CALSDV   47    7  0.8776E-12  0.8774E-12
CALSDV   48    7  0.9073E-12  0.9077E-12
CALSDV   49    7  0.9300E-12  0.9300E-12
CALSDV   50    7  0.9629E-12  0.9631E-12
CALSDV   51    7  0.9902E-12  0.9902E-12
CALSDV   52    7  0.1026E-11  0.1026E-11
CALSDV   53    7  0.1059E-11  0.1059E-11
CALSDV   54    7  0.1099E-11  0.1099E-11
CALSDV   55    7  0.1137E-11  0.1137E-11
CALSDV   56    7  0.1181E-11  0.1181E-11
CALSDV   57    7  0.1226E-11  0.1226E-11
CALSDV   58    7  0.1275E-11  0.1275E-11
CALSDV   59    7  0.1285E-11  0.1285E-11
CALSDV   60    7  0.1330E-11  0.1330E-11
CALSDV    8    8  0.6657E-11  0.7253E-11
CALSDV    9    8  0.6037E-11  0.5884E-11
CALSDV   10    8  0.3869E-11  0.3896E-11
CALSDV   11    8  0.3205E-11  0.3122E-11
CALSDV   12    8  0.2768E-11  0.2791E-11
CALSDV   13    8  0.2208E-11  0.2166E-11
CALSDV   14    8  0.2005E-11  0.2037E-11
CALSDV   15    8  0.1714E-11  0.1692E-11
CALSDV   16    8  0.1533E-11  0.1560E-11
CALSDV   17    8  0.1412E-11  0.1402E-11
CALSDV   18    8  0.1244E-11  0.1264E-11
CALSDV   19    8  0.1207E-11  0.1201E-11
CALSDV   20    8  0.1062E-11  0.1076E-11
CALSDV   21    8  0.1063E-11  0.1060E-11
CALSDV   22    8  0.9428E-12  0.9522E-12
CALSDV   23    8  0.9598E-12  0.9588E-12
CALSDV   24    8  0.8649E-12  0.8712E-12
CALSDV   25    8  0.8862E-12  0.8847E-12
CALSDV   26    8  0.8130E-12  0.8168E-12
CALSDV   27    8  0.8344E-12  0.8338E-12
CALSDV   28    8  0.7797E-12  0.7816E-12
CALSDV   29    8  0.7989E-12  0.7989E-12
CALSDV   30    8  0.7593E-12  0.7604E-12
CALSDV   31    8  0.7769E-12  0.7771E-12
CALSDV   32    8  0.7496E-12  0.7503E-12
CALSDV   33    8  0.7663E-12  0.7663E-12
CALSDV   34    8  0.7487E-12  0.7490E-12
CALSDV   35    8  0.7648E-12  0.7647E-12
CALSDV   36    8  0.7555E-12  0.7553E-12
CALSDV   37    8  0.7713E-12  0.7712E-12
CALSDV   38    8  0.7689E-12  0.7686E-12
CALSDV   39    8  0.7854E-12  0.7851E-12
CALSDV   40    8  0.7893E-12  0.7887E-12
CALSDV   41    8  0.8065E-12  0.8061E-12
CALSDV   42    8  0.8156E-12  0.8151E-12
CALSDV   43    8  0.8345E-12  0.8340E-12
CALSDV   44    8  0.8486E-12  0.8478E-12
CALSDV   45    8  0.8693E-12  0.8687E-12
CALSDV   46    8  0.8880E-12  0.8873E-12
CALSDV   47    8  0.9113E-12  0.9107E-12
CALSDV   48    8  0.9344E-12  0.9337E-12
CALSDV   49    8  0.9605E-12  0.9600E-12
CALSDV   50    8  0.9885E-12  0.9875E-12
CALSDV   51    8  0.1018E-11  0.1017E-11
CALSDV   52    8  0.1050E-11  0.1050E-11
CALSDV   53    8  0.1084E-11  0.1083E-11
CALSDV   54    8  0.1121E-11  0.1120E-11
CALSDV   55    8  0.1160E-11  0.1159E-11
CALSDV   56    8  0.1202E-11  0.1201E-11
CALSDV   57    8  0.1248E-11  0.1247E-11
CALSDV   58    8  0.1296E-11  0.1295E-11
CALSDV   59    8  0.1320E-11  0.1318E-11
CALSDV   60    8  0.1363E-11  0.1362E-11
CALSDV    9    9  0.8716E-11  0.8760E-11
CALSDV   10    9  0.6097E-11  0.6100E-11
CALSDV   11    9  0.4003E-11  0.4001E-11
CALSDV   12    9  0.2902E-11  0.2873E-11
CALSDV   13    9  0.2591E-11  0.2587E-11
CALSDV   14    9  0.1837E-11  0.1819E-11
CALSDV   15    9  0.1787E-11  0.1783E-11
CALSDV   16    9  0.1445E-11  0.1436E-11
CALSDV   17    9  0.1335E-11  0.1333E-11
CALSDV   18    9  0.1251E-11  0.1248E-11
CALSDV   19    9  0.1092E-11  0.1089E-11
CALSDV   20    9  0.1122E-11  0.1123E-11
CALSDV   21    9  0.9573E-12  0.9571E-12
CALSDV   22    9  0.1028E-11  0.1029E-11
CALSDV   23    9  0.8797E-12  0.8802E-12
CALSDV   24    9  0.9560E-12  0.9577E-12
CALSDV   25    9  0.8330E-12  0.8333E-12
CALSDV   26    9  0.9018E-12  0.9037E-12
CALSDV   27    9  0.8046E-12  0.8051E-12
CALSDV   28    9  0.8616E-12  0.8638E-12
CALSDV   29    9  0.7868E-12  0.7872E-12
CALSDV   30    9  0.8334E-12  0.8359E-12
CALSDV   31    9  0.7782E-12  0.7793E-12
CALSDV   32    9  0.8160E-12  0.8183E-12
CALSDV   33    9  0.7765E-12  0.7776E-12
CALSDV   34    9  0.8077E-12  0.8102E-12
CALSDV   35    9  0.7811E-12  0.7824E-12
CALSDV   36    9  0.8081E-12  0.8104E-12
CALSDV   37    9  0.7918E-12  0.7933E-12
CALSDV   38    9  0.8157E-12  0.8182E-12
CALSDV   39    9  0.8081E-12  0.8097E-12
CALSDV   40    9  0.8305E-12  0.8330E-12
CALSDV   41    9  0.8304E-12  0.8325E-12
CALSDV   42    9  0.8528E-12  0.8550E-12
CALSDV   43    9  0.8589E-12  0.8606E-12
CALSDV   44    9  0.8815E-12  0.8842E-12
CALSDV   45    9  0.8933E-12  0.8954E-12
CALSDV   46    9  0.9177E-12  0.9201E-12
CALSDV   47    9  0.9344E-12  0.9365E-12
CALSDV   48    9  0.9612E-12  0.9638E-12
CALSDV   49    9  0.9823E-12  0.9853E-12
CALSDV   50    9  0.1012E-11  0.1015E-11
CALSDV   51    9  0.1039E-11  0.1041E-11
CALSDV   52    9  0.1072E-11  0.1075E-11
CALSDV   53    9  0.1103E-11  0.1106E-11
CALSDV   54    9  0.1140E-11  0.1144E-11
CALSDV   55    9  0.1177E-11  0.1180E-11
CALSDV   56    9  0.1219E-11  0.1223E-11
CALSDV   57    9  0.1264E-11  0.1267E-11
CALSDV   58    9  0.1312E-11  0.1315E-11
CALSDV   59    9  0.1343E-11  0.1346E-11
CALSDV   60    9  0.1385E-11  0.1388E-11
CALSDV   10   10  0.6885E-11  0.6813E-11
CALSDV   11   10  0.5059E-11  0.5061E-11
CALSDV   12   10  0.3613E-11  0.3624E-11
CALSDV   13   10  0.2621E-11  0.2628E-11
CALSDV   14   10  0.2786E-11  0.2790E-11
CALSDV   15   10  0.2003E-11  0.2002E-11
CALSDV   16   10  0.2147E-11  0.2150E-11
CALSDV   17   10  0.1747E-11  0.1747E-11
CALSDV   18   10  0.1715E-11  0.1714E-11
CALSDV   19   10  0.1564E-11  0.1561E-11
CALSDV   20   10  0.1431E-11  0.1433E-11
CALSDV   21   10  0.1407E-11  0.1404E-11
CALSDV   22   10  0.1249E-11  0.1247E-11
CALSDV   23   10  0.1277E-11  0.1274E-11
CALSDV   24   10  0.1122E-11  0.1124E-11
CALSDV   25   10  0.1172E-11  0.1170E-11
CALSDV   26   10  0.1037E-11  0.1038E-11
CALSDV   27   10  0.1089E-11  0.1087E-11
CALSDV   28   10  0.9785E-12  0.9793E-12
CALSDV   29   10  0.1025E-11  0.1024E-11
CALSDV   30   10  0.9368E-12  0.9381E-12
CALSDV   31   10  0.9780E-12  0.9769E-12
CALSDV   32   10  0.9105E-12  0.9111E-12
CALSDV   33   10  0.9445E-12  0.9435E-12
CALSDV   34   10  0.8945E-12  0.8953E-12
CALSDV   35   10  0.9234E-12  0.9222E-12
CALSDV   36   10  0.8887E-12  0.8890E-12
CALSDV   37   10  0.9131E-12  0.9120E-12
CALSDV   38   10  0.8910E-12  0.8907E-12
CALSDV   39   10  0.9123E-12  0.9111E-12
CALSDV   40   10  0.8998E-12  0.9003E-12
CALSDV   41   10  0.9203E-12  0.9186E-12
CALSDV   42   10  0.9174E-12  0.9168E-12
CALSDV   43   10  0.9368E-12  0.9349E-12
CALSDV   44   10  0.9417E-12  0.9407E-12
CALSDV   45   10  0.9609E-12  0.9595E-12
CALSDV   46   10  0.9729E-12  0.9717E-12
CALSDV   47   10  0.9936E-12  0.9916E-12
CALSDV   48   10  0.1012E-11  0.1011E-11
CALSDV   49   10  0.1035E-11  0.1033E-11
CALSDV   50   10  0.1059E-11  0.1057E-11
CALSDV   51   10  0.1084E-11  0.1082E-11
CALSDV   52   10  0.1114E-11  0.1112E-11
CALSDV   53   10  0.1143E-11  0.1141E-11
CALSDV   54   10  0.1179E-11  0.1177E-11
CALSDV   55   10  0.1212E-11  0.1210E-11
CALSDV   56   10  0.1254E-11  0.1252E-11
CALSDV   57   10  0.1296E-11  0.1293E-11
CALSDV   58   10  0.1344E-11  0.1342E-11
CALSDV   59   10  0.1383E-11  0.1381E-11
CALSDV   60   10  0.1428E-11  0.1426E-11
CALSDV   11   11  0.6305E-11  0.6274E-11
CALSDV   12   11  0.5873E-11  0.5925E-11
CALSDV   13   11  0.3710E-11  0.3718E-11
CALSDV   14   11  0.3164E-11  0.3199E-11
CALSDV   15   11  0.2714E-11  0.2717E-11
CALSDV   16   11  0.2148E-11  0.2175E-11
CALSDV   17   11  0.1944E-11  0.1943E-11
CALSDV   18   11  0.1691E-11  0.1710E-11
CALSDV   19   11  0.1458E-11  0.1456E-11
CALSDV   20   11  0.1431E-11  0.1445E-11
CALSDV   21   11  0.1183E-11  0.1182E-11
CALSDV   22   11  0.1261E-11  0.1270E-11
CALSDV   23   11  0.1040E-11  0.1038E-11
CALSDV   24   11  0.1139E-11  0.1146E-11
CALSDV   25   11  0.9647E-12  0.9652E-12
CALSDV   26   11  0.1052E-11  0.1058E-11
CALSDV   27   11  0.9264E-12  0.9262E-12
CALSDV   28   11  0.9901E-12  0.9951E-12
CALSDV   29   11  0.9061E-12  0.9060E-12
CALSDV   30   11  0.9474E-12  0.9517E-12
CALSDV   31   11  0.8952E-12  0.8955E-12
CALSDV   32   11  0.9191E-12  0.9238E-12
CALSDV   33   11  0.8916E-12  0.8918E-12
CALSDV   34   11  0.9039E-12  0.9063E-12
CALSDV   35   11  0.8936E-12  0.8932E-12
CALSDV   36   11  0.8984E-12  0.8999E-12
CALSDV   37   11  0.8995E-12  0.9009E-12
CALSDV   38   11  0.9002E-12  0.9034E-12
CALSDV   39   11  0.9119E-12  0.9125E-12
CALSDV   40   11  0.9118E-12  0.9138E-12
CALSDV   41   11  0.9288E-12  0.9296E-12
CALSDV   42   11  0.9295E-12  0.9315E-12
CALSDV   43   11  0.9517E-12  0.9524E-12
CALSDV   44   11  0.9551E-12  0.9567E-12
CALSDV   45   11  0.9800E-12  0.9812E-12
CALSDV   46   11  0.9873E-12  0.9889E-12
CALSDV   47   11  0.1015E-11  0.1016E-11
CALSDV   48   11  0.1027E-11  0.1028E-11
CALSDV   49   11  0.1057E-11  0.1058E-11
CALSDV   50   11  0.1074E-11  0.1076E-11
CALSDV   51   11  0.1106E-11  0.1108E-11
CALSDV   52   11  0.1129E-11  0.1131E-11
CALSDV   53   11  0.1165E-11  0.1166E-11
CALSDV   54   11  0.1194E-11  0.1195E-11
CALSDV   55   11  0.1232E-11  0.1234E-11
CALSDV   56   11  0.1269E-11  0.1270E-11
CALSDV   57   11  0.1314E-11  0.1315E-11
CALSDV   58   11  0.1357E-11  0.1359E-11
CALSDV   59   11  0.1406E-11  0.1408E-11
CALSDV   60   11  0.1444E-11  0.1445E-11
CALSDV   12   12  0.5961E-11  0.6008E-11
CALSDV   13   12  0.5130E-11  0.5083E-11
CALSDV   14   12  0.3415E-11  0.3417E-11
CALSDV   15   12  0.2605E-11  0.2577E-11
CALSDV   16   12  0.2671E-11  0.2674E-11
CALSDV   17   12  0.1924E-11  0.1913E-11
CALSDV   18   12  0.2053E-11  0.2057E-11
CALSDV   19   12  0.1728E-11  0.1724E-11
CALSDV   20   12  0.1653E-11  0.1655E-11
CALSDV   21   12  0.1607E-11  0.1606E-11
CALSDV   22   12  0.1415E-11  0.1415E-11
CALSDV   23   12  0.1494E-11  0.1492E-11
CALSDV   24   12  0.1275E-11  0.1277E-11
CALSDV   25   12  0.1390E-11  0.1389E-11
CALSDV   26   12  0.1190E-11  0.1189E-11
CALSDV   27   12  0.1299E-11  0.1297E-11
CALSDV   28   12  0.1132E-11  0.1133E-11
CALSDV   29   12  0.1223E-11  0.1221E-11
CALSDV   30   12  0.1095E-11  0.1094E-11
CALSDV   31   12  0.1163E-11  0.1160E-11
CALSDV   32   12  0.1066E-11  0.1066E-11
CALSDV   33   12  0.1117E-11  0.1115E-11
CALSDV   34   12  0.1048E-11  0.1047E-11
CALSDV   35   12  0.1083E-11  0.1081E-11
CALSDV   36   12  0.1036E-11  0.1036E-11
CALSDV   37   12  0.1060E-11  0.1058E-11
CALSDV   38   12  0.1032E-11  0.1031E-11
CALSDV   39   12  0.1047E-11  0.1046E-11
CALSDV   40   12  0.1034E-11  0.1034E-11
CALSDV   41   12  0.1045E-11  0.1043E-11
CALSDV   42   12  0.1043E-11  0.1043E-11
CALSDV   43   12  0.1051E-11  0.1049E-11
CALSDV   44   12  0.1058E-11  0.1058E-11
CALSDV   45   12  0.1065E-11  0.1064E-11
CALSDV   46   12  0.1081E-11  0.1081E-11
CALSDV   47   12  0.1088E-11  0.1087E-11
CALSDV   48   12  0.1111E-11  0.1110E-11
CALSDV   49   12  0.1120E-11  0.1119E-11
CALSDV   50   12  0.1149E-11  0.1148E-11
CALSDV   51   12  0.1161E-11  0.1160E-11
CALSDV   52   12  0.1195E-11  0.1194E-11
CALSDV   53   12  0.1211E-11  0.1210E-11
CALSDV   54   12  0.1251E-11  0.1250E-11
CALSDV   55   12  0.1272E-11  0.1271E-11
CALSDV   56   12  0.1317E-11  0.1317E-11
CALSDV   57   12  0.1348E-11  0.1348E-11
CALSDV   58   12  0.1399E-11  0.1399E-11
CALSDV   59   12  0.1445E-11  0.1445E-11
CALSDV   60   12  0.1494E-11  0.1493E-11
CALSDV   13   13  0.5132E-11  0.5071E-11
CALSDV   14   13  0.5145E-11  0.5164E-11
CALSDV   15   13  0.3475E-11  0.3476E-11
CALSDV   16   13  0.2948E-11  0.2964E-11
CALSDV   17   13  0.2812E-11  0.2814E-11
CALSDV   18   13  0.2205E-11  0.2224E-11
CALSDV   19   13  0.2105E-11  0.2103E-11
CALSDV   20   13  0.1839E-11  0.1855E-11
CALSDV   21   13  0.1606E-11  0.1601E-11
CALSDV   22   13  0.1586E-11  0.1598E-11
CALSDV   23   13  0.1308E-11  0.1300E-11
CALSDV   24   13  0.1395E-11  0.1403E-11
CALSDV   25   13  0.1148E-11  0.1141E-11
CALSDV   26   13  0.1250E-11  0.1257E-11
CALSDV   27   13  0.1069E-11  0.1064E-11
CALSDV   28   13  0.1148E-11  0.1154E-11
CALSDV   29   13  0.1033E-11  0.1028E-11
CALSDV   30   13  0.1076E-11  0.1081E-11
CALSDV   31   13  0.1017E-11  0.1014E-11
CALSDV   32   13  0.1030E-11  0.1034E-11
CALSDV   33   13  0.1012E-11  0.1009E-11
CALSDV   34   13  0.1003E-11  0.1006E-11
CALSDV   35   13  0.1013E-11  0.1011E-11
CALSDV   36   13  0.9902E-12  0.9929E-12
CALSDV   37   13  0.1017E-11  0.1016E-11
CALSDV   38   13  0.9899E-12  0.9906E-12
CALSDV   39   13  0.1026E-11  0.1025E-11
CALSDV   40   13  0.9975E-12  0.9982E-12
CALSDV   41   13  0.1040E-11  0.1039E-11
CALSDV   42   13  0.1014E-11  0.1015E-11
CALSDV   43   13  0.1058E-11  0.1057E-11
CALSDV   44   13  0.1037E-11  0.1037E-11
CALSDV   45   13  0.1081E-11  0.1080E-11
CALSDV   46   13  0.1067E-11  0.1067E-11
CALSDV   47   13  0.1110E-11  0.1109E-11
CALSDV   48   13  0.1104E-11  0.1104E-11
CALSDV   49   13  0.1145E-11  0.1145E-11
CALSDV   50   13  0.1148E-11  0.1147E-11
CALSDV   51   13  0.1187E-11  0.1186E-11
CALSDV   52   13  0.1199E-11  0.1199E-11
CALSDV   53   13  0.1238E-11  0.1237E-11
CALSDV   54   13  0.1258E-11  0.1258E-11
CALSDV   55   13  0.1297E-11  0.1297E-11
CALSDV   56   13  0.1327E-11  0.1327E-11
CALSDV   57   13  0.1371E-11  0.1371E-11
CALSDV   58   13  0.1411E-11  0.1411E-11
CALSDV   59   13  0.1470E-11  0.1470E-11
CALSDV   60   13  0.1505E-11  0.1505E-11
CALSDV   14   14  0.4548E-11  0.4508E-11
CALSDV   15   14  0.5572E-11  0.5570E-11
CALSDV   16   14  0.3280E-11  0.3258E-11
CALSDV   17   14  0.2955E-11  0.2963E-11
CALSDV   18   14  0.2688E-11  0.2676E-11
CALSDV   19   14  0.2069E-11  0.2074E-11
CALSDV   20   14  0.2037E-11  0.2032E-11
CALSDV   21   14  0.1793E-11  0.1793E-11
CALSDV   22   14  0.1608E-11  0.1603E-11
CALSDV   23   14  0.1662E-11  0.1661E-11
CALSDV   24   14  0.1378E-11  0.1376E-11
CALSDV   25   14  0.1559E-11  0.1558E-11
CALSDV   26   14  0.1274E-11  0.1273E-11
CALSDV   27   14  0.1469E-11  0.1467E-11
CALSDV   28   14  0.1227E-11  0.1227E-11
CALSDV   29   14  0.1391E-11  0.1389E-11
CALSDV   30   14  0.1205E-11  0.1206E-11
CALSDV   31   14  0.1326E-11  0.1323E-11
CALSDV   32   14  0.1195E-11  0.1196E-11
CALSDV   33   14  0.1273E-11  0.1271E-11
CALSDV   34   14  0.1187E-11  0.1187E-11
CALSDV   35   14  0.1233E-11  0.1230E-11
CALSDV   36   14  0.1182E-11  0.1182E-11
CALSDV   37   14  0.1204E-11  0.1201E-11
CALSDV   38   14  0.1180E-11  0.1179E-11
CALSDV   39   14  0.1184E-11  0.1182E-11
CALSDV   40   14  0.1181E-11  0.1179E-11
CALSDV   41   14  0.1174E-11  0.1172E-11
CALSDV   42   14  0.1186E-11  0.1184E-11
CALSDV   43   14  0.1174E-11  0.1170E-11
CALSDV   44   14  0.1195E-11  0.1193E-11
CALSDV   45   14  0.1180E-11  0.1177E-11
CALSDV   46   14  0.1210E-11  0.1207E-11
CALSDV   47   14  0.1196E-11  0.1192E-11
CALSDV   48   14  0.1231E-11  0.1228E-11
CALSDV   49   14  0.1220E-11  0.1216E-11
CALSDV   50   14  0.1259E-11  0.1256E-11
CALSDV   51   14  0.1251E-11  0.1248E-11
CALSDV   52   14  0.1295E-11  0.1291E-11
CALSDV   53   14  0.1293E-11  0.1289E-11
CALSDV   54   14  0.1340E-11  0.1336E-11
CALSDV   55   14  0.1344E-11  0.1340E-11
CALSDV   56   14  0.1395E-11  0.1391E-11
CALSDV   57   14  0.1410E-11  0.1407E-11
CALSDV   58   14  0.1467E-11  0.1463E-11
CALSDV   59   14  0.1511E-11  0.1507E-11
CALSDV   60   14  0.1565E-11  0.1561E-11
CALSDV   15   15  0.5720E-11  0.5677E-11
CALSDV   16   15  0.4794E-11  0.4806E-11
CALSDV   17   15  0.3399E-11  0.3424E-11
CALSDV   18   15  0.2594E-11  0.2605E-11
CALSDV   19   15  0.3055E-11  0.3054E-11
CALSDV   20   15  0.1969E-11  0.1972E-11
CALSDV   21   15  0.2540E-11  0.2532E-11
CALSDV   22   15  0.1732E-11  0.1733E-11
CALSDV   23   15  0.2126E-11  0.2117E-11
CALSDV   24   15  0.1565E-11  0.1566E-11
CALSDV   25   15  0.1836E-11  0.1829E-11
CALSDV   26   15  0.1423E-11  0.1422E-11
CALSDV   27   15  0.1646E-11  0.1639E-11
CALSDV   28   15  0.1308E-11  0.1308E-11
CALSDV   29   15  0.1518E-11  0.1513E-11
CALSDV   30   15  0.1223E-11  0.1223E-11
CALSDV   31   15  0.1432E-11  0.1428E-11
CALSDV   32   15  0.1164E-11  0.1165E-11
CALSDV   33   15  0.1370E-11  0.1367E-11
CALSDV   34   15  0.1128E-11  0.1130E-11
CALSDV   35   15  0.1327E-11  0.1323E-11
CALSDV   36   15  0.1109E-11  0.1111E-11
CALSDV   37   15  0.1296E-11  0.1292E-11
CALSDV   38   15  0.1104E-11  0.1106E-11
CALSDV   39   15  0.1273E-11  0.1271E-11
CALSDV   40   15  0.1109E-11  0.1111E-11
CALSDV   41   15  0.1260E-11  0.1258E-11
CALSDV   42   15  0.1121E-11  0.1124E-11
CALSDV   43   15  0.1254E-11  0.1253E-11
CALSDV   44   15  0.1142E-11  0.1145E-11
CALSDV   45   15  0.1255E-11  0.1255E-11
CALSDV   46   15  0.1168E-11  0.1171E-11
CALSDV   47   15  0.1265E-11  0.1265E-11
CALSDV   48   15  0.1200E-11  0.1203E-11
CALSDV   49   15  0.1282E-11  0.1282E-11
CALSDV   50   15  0.1239E-11  0.1242E-11
CALSDV   51   15  0.1307E-11  0.1308E-11
CALSDV   52   15  0.1284E-11  0.1286E-11
CALSDV   53   15  0.1342E-11  0.1342E-11
CALSDV   54   15  0.1337E-11  0.1339E-11
CALSDV   55   15  0.1385E-11  0.1386E-11
CALSDV   56   15  0.1398E-11  0.1400E-11
CALSDV   57   15  0.1445E-11  0.1446E-11
CALSDV   58   15  0.1472E-11  0.1475E-11
CALSDV   59   15  0.1543E-11  0.1545E-11
CALSDV   60   15  0.1570E-11  0.1574E-11
CALSDV   16   16  0.3988E-11  0.3982E-11
CALSDV   17   16  0.5934E-11  0.5901E-11
CALSDV   18   16  0.3298E-11  0.3267E-11
CALSDV   19   16  0.3501E-11  0.3504E-11
CALSDV   20   16  0.2894E-11  0.2876E-11
CALSDV   21   16  0.2488E-11  0.2496E-11
CALSDV   22   16  0.2242E-11  0.2234E-11
CALSDV   23   16  0.2035E-11  0.2039E-11
CALSDV   24   16  0.1763E-11  0.1761E-11
CALSDV   25   16  0.1786E-11  0.1787E-11
CALSDV   26   16  0.1493E-11  0.1493E-11
CALSDV   27   16  0.1625E-11  0.1623E-11
CALSDV   28   16  0.1376E-11  0.1374E-11
CALSDV   29   16  0.1512E-11  0.1509E-11
CALSDV   30   16  0.1335E-11  0.1332E-11
CALSDV   31   16  0.1432E-11  0.1428E-11
CALSDV   32   16  0.1327E-11  0.1323E-11
CALSDV   33   16  0.1377E-11  0.1371E-11
CALSDV   34   16  0.1330E-11  0.1325E-11
CALSDV   35   16  0.1337E-11  0.1331E-11
CALSDV   36   16  0.1334E-11  0.1329E-11
CALSDV   37   16  0.1312E-11  0.1305E-11
CALSDV   38   16  0.1338E-11  0.1332E-11
CALSDV   39   16  0.1297E-11  0.1289E-11
CALSDV   40   16  0.1341E-11  0.1335E-11
CALSDV   41   16  0.1289E-11  0.1281E-11
CALSDV   42   16  0.1345E-11  0.1338E-11
CALSDV   43   16  0.1288E-11  0.1280E-11
CALSDV   44   16  0.1351E-11  0.1343E-11
CALSDV   45   16  0.1295E-11  0.1287E-11
CALSDV   46   16  0.1359E-11  0.1351E-11
CALSDV   47   16  0.1308E-11  0.1298E-11
CALSDV   48   16  0.1372E-11  0.1363E-11
CALSDV   49   16  0.1326E-11  0.1317E-11
CALSDV   50   16  0.1389E-11  0.1381E-11
CALSDV   51   16  0.1352E-11  0.1342E-11
CALSDV   52   16  0.1413E-11  0.1404E-11
CALSDV   53   16  0.1385E-11  0.1375E-11
CALSDV   54   16  0.1446E-11  0.1436E-11
CALSDV   55   16  0.1427E-11  0.1416E-11
CALSDV   56   16  0.1487E-11  0.1477E-11
CALSDV   57   16  0.1482E-11  0.1472E-11
CALSDV   58   16  0.1545E-11  0.1534E-11
CALSDV   59   16  0.1581E-11  0.1570E-11
CALSDV   60   16  0.1641E-11  0.1629E-11
CALSDV   17   17  0.4462E-11  0.4426E-11
CALSDV   18   17  0.4387E-11  0.4399E-11
CALSDV   19   17  0.3255E-11  0.3257E-11
CALSDV   20   17  0.2511E-11  0.2518E-11
CALSDV   21   17  0.2860E-11  0.2865E-11
CALSDV   22   17  0.2149E-11  0.2146E-11
CALSDV   23   17  0.2285E-11  0.2285E-11
CALSDV   24   17  0.1972E-11  0.1969E-11
CALSDV   25   17  0.1862E-11  0.1858E-11
CALSDV   26   17  0.1778E-11  0.1775E-11
CALSDV   27   17  0.1612E-11  0.1605E-11
CALSDV   28   17  0.1587E-11  0.1585E-11
CALSDV   29   17  0.1481E-11  0.1473E-11
CALSDV   30   17  0.1428E-11  0.1427E-11
CALSDV   31   17  0.1414E-11  0.1408E-11
CALSDV   32   17  0.1312E-11  0.1311E-11
CALSDV   33   17  0.1382E-11  0.1376E-11
CALSDV   34   17  0.1239E-11  0.1238E-11
CALSDV   35   17  0.1364E-11  0.1358E-11
CALSDV   36   17  0.1200E-11  0.1199E-11
CALSDV   37   17  0.1354E-11  0.1349E-11
CALSDV   38   17  0.1187E-11  0.1185E-11
CALSDV   39   17  0.1347E-11  0.1343E-11
CALSDV   40   17  0.1192E-11  0.1190E-11
CALSDV   41   17  0.1344E-11  0.1341E-11
CALSDV   42   17  0.1209E-11  0.1207E-11
CALSDV   43   17  0.1346E-11  0.1343E-11
CALSDV   44   17  0.1233E-11  0.1230E-11
CALSDV   45   17  0.1352E-11  0.1349E-11
CALSDV   46   17  0.1263E-11  0.1260E-11
CALSDV   47   17  0.1362E-11  0.1359E-11
CALSDV   48   17  0.1297E-11  0.1295E-11
CALSDV   49   17  0.1377E-11  0.1375E-11
CALSDV   50   17  0.1336E-11  0.1333E-11
CALSDV   51   17  0.1399E-11  0.1396E-11
CALSDV   52   17  0.1379E-11  0.1375E-11
CALSDV   53   17  0.1427E-11  0.1424E-11
CALSDV   54   17  0.1426E-11  0.1423E-11
CALSDV   55   17  0.1463E-11  0.1460E-11
CALSDV   56   17  0.1480E-11  0.1476E-11
CALSDV   57   17  0.1512E-11  0.1510E-11
CALSDV   58   17  0.1545E-11  0.1542E-11
CALSDV   59   17  0.1607E-11  0.1604E-11
CALSDV   60   17  0.1642E-11  0.1638E-11
CALSDV   18   18  0.4734E-11  0.4686E-11
CALSDV   19   18  0.4544E-11  0.4558E-11
CALSDV   20   18  0.3549E-11  0.3551E-11
CALSDV   21   18  0.2554E-11  0.2572E-11
CALSDV   22   18  0.2966E-11  0.2970E-11
CALSDV   23   18  0.2120E-11  0.2127E-11
CALSDV   24   18  0.2237E-11  0.2240E-11
CALSDV   25   18  0.1964E-11  0.1966E-11
CALSDV   26   18  0.1736E-11  0.1737E-11
CALSDV   27   18  0.1814E-11  0.1814E-11
CALSDV   28   18  0.1494E-11  0.1495E-11
CALSDV   29   18  0.1667E-11  0.1668E-11
CALSDV   30   18  0.1424E-11  0.1424E-11
CALSDV   31   18  0.1547E-11  0.1549E-11
CALSDV   32   18  0.1429E-11  0.1430E-11
CALSDV   33   18  0.1461E-11  0.1464E-11
CALSDV   34   18  0.1455E-11  0.1454E-11
CALSDV   35   18  0.1407E-11  0.1409E-11
CALSDV   36   18  0.1480E-11  0.1480E-11
CALSDV   37   18  0.1376E-11  0.1379E-11
CALSDV   38   18  0.1497E-11  0.1497E-11
CALSDV   39   18  0.1364E-11  0.1367E-11
CALSDV   40   18  0.1507E-11  0.1507E-11
CALSDV   41   18  0.1364E-11  0.1366E-11
CALSDV   42   18  0.1512E-11  0.1512E-11
CALSDV   43   18  0.1371E-11  0.1373E-11
CALSDV   44   18  0.1515E-11  0.1514E-11
CALSDV   45   18  0.1383E-11  0.1384E-11
CALSDV   46   18  0.1516E-11  0.1516E-11
CALSDV   47   18  0.1399E-11  0.1401E-11
CALSDV   48   18  0.1519E-11  0.1520E-11
CALSDV   49   18  0.1419E-11  0.1421E-11
CALSDV   50   18  0.1526E-11  0.1526E-11
CALSDV   51   18  0.1443E-11  0.1444E-11
CALSDV   52   18  0.1537E-11  0.1538E-11
CALSDV   53   18  0.1471E-11  0.1473E-11
CALSDV   54   18  0.1554E-11  0.1555E-11
CALSDV   55   18  0.1504E-11  0.1506E-11
CALSDV   56   18  0.1579E-11  0.1580E-11
CALSDV   57   18  0.1549E-11  0.1550E-11
CALSDV   58   18  0.1620E-11  0.1621E-11
CALSDV   59   18  0.1641E-11  0.1643E-11
CALSDV   60   18  0.1706E-11  0.1707E-11
CALSDV   19   19  0.3693E-11  0.3649E-11
CALSDV   20   19  0.4097E-11  0.4096E-11
CALSDV   21   19  0.3268E-11  0.3267E-11
CALSDV   22   19  0.2418E-11  0.2413E-11
CALSDV   23   19  0.2855E-11  0.2856E-11
CALSDV   24   19  0.2326E-11  0.2325E-11
CALSDV   25   19  0.2241E-11  0.2240E-11
CALSDV   26   19  0.2277E-11  0.2275E-11
CALSDV   27   19  0.1803E-11  0.1797E-11
CALSDV   28   19  0.2120E-11  0.2118E-11
CALSDV   29   19  0.1562E-11  0.1557E-11
CALSDV   30   19  0.1927E-11  0.1923E-11
CALSDV   31   19  0.1456E-11  0.1450E-11
CALSDV   32   19  0.1749E-11  0.1745E-11
CALSDV   33   19  0.1417E-11  0.1413E-11
CALSDV   34   19  0.1609E-11  0.1605E-11
CALSDV   35   19  0.1410E-11  0.1405E-11
CALSDV   36   19  0.1514E-11  0.1509E-11
CALSDV   37   19  0.1413E-11  0.1409E-11
CALSDV   38   19  0.1455E-11  0.1453E-11
CALSDV   39   19  0.1421E-11  0.1416E-11
CALSDV   40   19  0.1428E-11  0.1424E-11
CALSDV   41   19  0.1429E-11  0.1425E-11
CALSDV   42   19  0.1419E-11  0.1417E-11
CALSDV   43   19  0.1438E-11  0.1435E-11
CALSDV   44   19  0.1425E-11  0.1424E-11
CALSDV   45   19  0.1449E-11  0.1446E-11
CALSDV   46   19  0.1439E-11  0.1439E-11
CALSDV   47   19  0.1461E-11  0.1459E-11
CALSDV   48   19  0.1461E-11  0.1460E-11
CALSDV   49   19  0.1476E-11  0.1475E-11
CALSDV   50   19  0.1487E-11  0.1486E-11
CALSDV   51   19  0.1495E-11  0.1494E-11
CALSDV   52   19  0.1515E-11  0.1515E-11
CALSDV   53   19  0.1518E-11  0.1517E-11
CALSDV   54   19  0.1548E-11  0.1549E-11
CALSDV   55   19  0.1545E-11  0.1545E-11
CALSDV   56   19  0.1585E-11  0.1585E-11
CALSDV   57   19  0.1583E-11  0.1584E-11
CALSDV   58   19  0.1632E-11  0.1633E-11
CALSDV   59   19  0.1670E-11  0.1671E-11
CALSDV   60   19  0.1720E-11  0.1721E-11
CALSDV   20   20  0.4918E-11  0.5016E-11
CALSDV   21   20  0.4260E-11  0.4226E-11
CALSDV   22   20  0.3752E-11  0.3777E-11
CALSDV   23   20  0.2391E-11  0.2371E-11
CALSDV   24   20  0.3153E-11  0.3163E-11
CALSDV   25   20  0.2151E-11  0.2141E-11
CALSDV   26   20  0.2397E-11  0.2405E-11
CALSDV   27   20  0.2065E-11  0.2056E-11
CALSDV   28   20  0.1867E-11  0.1872E-11
CALSDV   29   20  0.1915E-11  0.1909E-11
CALSDV   30   20  0.1606E-11  0.1609E-11
CALSDV   31   20  0.1751E-11  0.1747E-11
CALSDV   32   20  0.1530E-11  0.1534E-11
CALSDV   33   20  0.1615E-11  0.1614E-11
CALSDV   34   20  0.1541E-11  0.1542E-11
CALSDV   35   20  0.1526E-11  0.1523E-11
CALSDV   36   20  0.1574E-11  0.1574E-11
CALSDV   37   20  0.1477E-11  0.1477E-11
CALSDV   38   20  0.1606E-11  0.1608E-11
CALSDV   39   20  0.1461E-11  0.1460E-11
CALSDV   40   20  0.1631E-11  0.1631E-11
CALSDV   41   20  0.1464E-11  0.1463E-11
CALSDV   42   20  0.1645E-11  0.1646E-11
CALSDV   43   20  0.1478E-11  0.1477E-11
CALSDV   44   20  0.1653E-11  0.1653E-11
CALSDV   45   20  0.1498E-11  0.1497E-11
CALSDV   46   20  0.1656E-11  0.1656E-11
CALSDV   47   20  0.1519E-11  0.1518E-11
CALSDV   48   20  0.1658E-11  0.1657E-11
CALSDV   49   20  0.1540E-11  0.1539E-11
CALSDV   50   20  0.1659E-11  0.1658E-11
CALSDV   51   20  0.1562E-11  0.1560E-11
CALSDV   52   20  0.1663E-11  0.1662E-11
CALSDV   53   20  0.1583E-11  0.1582E-11
CALSDV   54   20  0.1670E-11  0.1668E-11
CALSDV   55   20  0.1606E-11  0.1605E-11
CALSDV   56   20  0.1681E-11  0.1680E-11
CALSDV   57   20  0.1636E-11  0.1634E-11
CALSDV   58   20  0.1706E-11  0.1704E-11
CALSDV   59   20  0.1717E-11  0.1715E-11
CALSDV   60   20  0.1779E-11  0.1777E-11
CALSDV   21   21  0.3626E-11  0.3637E-11
CALSDV   22   21  0.3992E-11  0.3997E-11
CALSDV   23   21  0.3349E-11  0.3365E-11
CALSDV   24   21  0.2277E-11  0.2284E-11
CALSDV   25   21  0.2900E-11  0.2914E-11
CALSDV   26   21  0.2364E-11  0.2371E-11
CALSDV   27   21  0.2281E-11  0.2290E-11
CALSDV   28   21  0.2432E-11  0.2437E-11
CALSDV   29   21  0.1866E-11  0.1871E-11
CALSDV   30   21  0.2338E-11  0.2340E-11
CALSDV   31   21  0.1664E-11  0.1666E-11
CALSDV   32   21  0.2175E-11  0.2177E-11
CALSDV   33   21  0.1591E-11  0.1593E-11
CALSDV   34   21  0.2013E-11  0.2014E-11
CALSDV   35   21  0.1574E-11  0.1576E-11
CALSDV   36   21  0.1880E-11  0.1881E-11
CALSDV   37   21  0.1576E-11  0.1579E-11
CALSDV   38   21  0.1786E-11  0.1785E-11
CALSDV   39   21  0.1583E-11  0.1586E-11
CALSDV   40   21  0.1726E-11  0.1724E-11
CALSDV   41   21  0.1590E-11  0.1594E-11
CALSDV   42   21  0.1690E-11  0.1690E-11
CALSDV   43   21  0.1596E-11  0.1601E-11
CALSDV   44   21  0.1675E-11  0.1673E-11
CALSDV   45   21  0.1602E-11  0.1607E-11
CALSDV   46   21  0.1670E-11  0.1669E-11
CALSDV   47   21  0.1609E-11  0.1613E-11
CALSDV   48   21  0.1672E-11  0.1670E-11
CALSDV   49   21  0.1617E-11  0.1621E-11
CALSDV   50   21  0.1678E-11  0.1677E-11
CALSDV   51   21  0.1626E-11  0.1630E-11
CALSDV   52   21  0.1688E-11  0.1688E-11
CALSDV   53   21  0.1638E-11  0.1641E-11
CALSDV   54   21  0.1700E-11  0.1699E-11
CALSDV   55   21  0.1652E-11  0.1654E-11
CALSDV   56   21  0.1715E-11  0.1715E-11
CALSDV   57   21  0.1674E-11  0.1675E-11
CALSDV   58   21  0.1739E-11  0.1738E-11
CALSDV   59   21  0.1746E-11  0.1746E-11
CALSDV   60   21  0.1808E-11  0.1807E-11
CALSDV   22   22  0.4457E-11  0.4420E-11
CALSDV   23   22  0.4113E-11  0.4115E-11
CALSDV   24   22  0.3772E-11  0.3762E-11
CALSDV   25   22  0.2304E-11  0.2307E-11
CALSDV   26   22  0.3243E-11  0.3242E-11
CALSDV   27   22  0.2221E-11  0.2214E-11
CALSDV   28   22  0.2503E-11  0.2504E-11
CALSDV   29   22  0.2176E-11  0.2171E-11
CALSDV   30   22  0.1974E-11  0.1977E-11
CALSDV   31   22  0.2015E-11  0.2012E-11
CALSDV   32   22  0.1710E-11  0.1714E-11
CALSDV   33   22  0.1827E-11  0.1826E-11
CALSDV   34   22  0.1632E-11  0.1636E-11
CALSDV   35   22  0.1675E-11  0.1675E-11
CALSDV   36   22  0.1641E-11  0.1645E-11
CALSDV   37   22  0.1582E-11  0.1582E-11
CALSDV   38   22  0.1674E-11  0.1679E-11
CALSDV   39   22  0.1543E-11  0.1544E-11
CALSDV   40   22  0.1709E-11  0.1714E-11
CALSDV   41   22  0.1544E-11  0.1545E-11
CALSDV   42   22  0.1737E-11  0.1742E-11
CALSDV   43   22  0.1566E-11  0.1567E-11
CALSDV   44   22  0.1755E-11  0.1760E-11
CALSDV   45   22  0.1598E-11  0.1598E-11
CALSDV   46   22  0.1767E-11  0.1772E-11
CALSDV   47   22  0.1629E-11  0.1631E-11
CALSDV   48   22  0.1773E-11  0.1778E-11
CALSDV   49   22  0.1658E-11  0.1660E-11
CALSDV   50   22  0.1776E-11  0.1780E-11
CALSDV   51   22  0.1681E-11  0.1683E-11
CALSDV   52   22  0.1777E-11  0.1781E-11
CALSDV   53   22  0.1700E-11  0.1701E-11
CALSDV   54   22  0.1779E-11  0.1782E-11
CALSDV   55   22  0.1713E-11  0.1714E-11
CALSDV   56   22  0.1781E-11  0.1784E-11
CALSDV   57   22  0.1728E-11  0.1730E-11
CALSDV   58   22  0.1791E-11  0.1793E-11
CALSDV   59   22  0.1792E-11  0.1794E-11
CALSDV   60   22  0.1848E-11  0.1850E-11
CALSDV   23   23  0.3586E-11  0.3583E-11
CALSDV   24   23  0.3985E-11  0.4003E-11
CALSDV   25   23  0.3367E-11  0.3357E-11
CALSDV   26   23  0.2155E-11  0.2152E-11
CALSDV   27   23  0.2923E-11  0.2921E-11
CALSDV   28   23  0.2324E-11  0.2314E-11
CALSDV   29   23  0.2318E-11  0.2320E-11
CALSDV   30   23  0.2454E-11  0.2451E-11
CALSDV   31   23  0.1944E-11  0.1947E-11
CALSDV   32   23  0.2392E-11  0.2396E-11
CALSDV   33   23  0.1786E-11  0.1788E-11
CALSDV   34   23  0.2253E-11  0.2260E-11
CALSDV   35   23  0.1744E-11  0.1745E-11
CALSDV   36   23  0.2115E-11  0.2122E-11
CALSDV   37   23  0.1742E-11  0.1743E-11
CALSDV   38   23  0.2006E-11  0.2014E-11
CALSDV   39   23  0.1749E-11  0.1749E-11
CALSDV   40   23  0.1934E-11  0.1941E-11
CALSDV   41   23  0.1755E-11  0.1755E-11
CALSDV   42   23  0.1894E-11  0.1900E-11
CALSDV   43   23  0.1759E-11  0.1759E-11
CALSDV   44   23  0.1873E-11  0.1879E-11
CALSDV   45   23  0.1761E-11  0.1761E-11
CALSDV   46   23  0.1865E-11  0.1871E-11
CALSDV   47   23  0.1762E-11  0.1763E-11
CALSDV   48   23  0.1862E-11  0.1868E-11
CALSDV   49   23  0.1763E-11  0.1765E-11
CALSDV   50   23  0.1860E-11  0.1866E-11
CALSDV   51   23  0.1764E-11  0.1766E-11
CALSDV   52   23  0.1857E-11  0.1863E-11
CALSDV   53   23  0.1765E-11  0.1767E-11
CALSDV   54   23  0.1854E-11  0.1860E-11
CALSDV   55   23  0.1764E-11  0.1768E-11
CALSDV   56   23  0.1849E-11  0.1853E-11
CALSDV   57   23  0.1769E-11  0.1773E-11
CALSDV   58   23  0.1847E-11  0.1854E-11
CALSDV   59   23  0.1823E-11  0.1826E-11
CALSDV   60   23  0.1898E-11  0.1896E-11
CALSDV   24   24  0.4207E-11  0.4149E-11
CALSDV   25   24  0.4105E-11  0.4088E-11
CALSDV   26   24  0.3817E-11  0.3814E-11
CALSDV   27   24  0.2295E-11  0.2281E-11
CALSDV   28   24  0.3303E-11  0.3306E-11
CALSDV   29   24  0.2310E-11  0.2310E-11
CALSDV   30   24  0.2575E-11  0.2576E-11
CALSDV   31   24  0.2295E-11  0.2296E-11
CALSDV   32   24  0.2069E-11  0.2067E-11
CALSDV   33   24  0.2115E-11  0.2119E-11
CALSDV   34   24  0.1825E-11  0.1822E-11
CALSDV   35   24  0.1900E-11  0.1904E-11
CALSDV   36   24  0.1755E-11  0.1751E-11
CALSDV   37   24  0.1731E-11  0.1734E-11
CALSDV   38   24  0.1763E-11  0.1760E-11
CALSDV   39   24  0.1640E-11  0.1641E-11
CALSDV   40   24  0.1793E-11  0.1791E-11
CALSDV   41   24  0.1616E-11  0.1616E-11
CALSDV   42   24  0.1825E-11  0.1823E-11
CALSDV   43   24  0.1638E-11  0.1638E-11
CALSDV   44   24  0.1852E-11  0.1851E-11
CALSDV   45   24  0.1681E-11  0.1681E-11
CALSDV   46   24  0.1871E-11  0.1870E-11
CALSDV   47   24  0.1729E-11  0.1728E-11
CALSDV   48   24  0.1884E-11  0.1883E-11
CALSDV   49   24  0.1771E-11  0.1771E-11
CALSDV   50   24  0.1891E-11  0.1891E-11
CALSDV   51   24  0.1802E-11  0.1802E-11
CALSDV   52   24  0.1894E-11  0.1893E-11
CALSDV   53   24  0.1821E-11  0.1821E-11
CALSDV   54   24  0.1892E-11  0.1892E-11
CALSDV   55   24  0.1829E-11  0.1828E-11
CALSDV   56   24  0.1887E-11  0.1887E-11
CALSDV   57   24  0.1830E-11  0.1828E-11
CALSDV   58   24  0.1884E-11  0.1883E-11
CALSDV   59   24  0.1875E-11  0.1873E-11
CALSDV   60   24  0.1925E-11  0.1922E-11
CALSDV   25   25  0.3722E-11  0.3736E-11
CALSDV   26   25  0.4126E-11  0.4129E-11
CALSDV   27   25  0.3596E-11  0.3625E-11
CALSDV   28   25  0.2201E-11  0.2192E-11
CALSDV   29   25  0.3049E-11  0.3068E-11
CALSDV   30   25  0.2374E-11  0.2365E-11
CALSDV   31   25  0.2367E-11  0.2374E-11
CALSDV   32   25  0.2513E-11  0.2506E-11
CALSDV   33   25  0.2008E-11  0.2010E-11
CALSDV   34   25  0.2449E-11  0.2447E-11
CALSDV   35   25  0.1933E-11  0.1934E-11
CALSDV   36   25  0.2314E-11  0.2312E-11
CALSDV   37   25  0.1979E-11  0.1982E-11
CALSDV   38   25  0.2189E-11  0.2187E-11
CALSDV   39   25  0.2041E-11  0.2048E-11
CALSDV   40   25  0.2105E-11  0.2103E-11
CALSDV   41   25  0.2083E-11  0.2092E-11
CALSDV   42   25  0.2060E-11  0.2059E-11
CALSDV   43   25  0.2101E-11  0.2113E-11
CALSDV   44   25  0.2044E-11  0.2043E-11
CALSDV   45   25  0.2099E-11  0.2112E-11
CALSDV   46   25  0.2042E-11  0.2042E-11
CALSDV   47   25  0.2084E-11  0.2097E-11
CALSDV   48   25  0.2044E-11  0.2045E-11
CALSDV   49   25  0.2060E-11  0.2072E-11
CALSDV   50   25  0.2044E-11  0.2045E-11
CALSDV   51   25  0.2029E-11  0.2040E-11
CALSDV   52   25  0.2036E-11  0.2038E-11
CALSDV   53   25  0.1994E-11  0.2003E-11
CALSDV   54   25  0.2020E-11  0.2022E-11
CALSDV   55   25  0.1954E-11  0.1961E-11
CALSDV   56   25  0.1997E-11  0.1998E-11
CALSDV   57   25  0.1917E-11  0.1921E-11
CALSDV   58   25  0.1971E-11  0.1971E-11
CALSDV   59   25  0.1932E-11  0.1934E-11
CALSDV   60   25  0.1990E-11  0.1988E-11
CALSDV   26   26  0.4157E-11  0.4158E-11
CALSDV   27   26  0.4236E-11  0.4239E-11
CALSDV   28   26  0.3904E-11  0.3906E-11
CALSDV   29   26  0.2527E-11  0.2529E-11
CALSDV   30   26  0.3412E-11  0.3415E-11
CALSDV   31   26  0.2636E-11  0.2637E-11
CALSDV   32   26  0.2719E-11  0.2721E-11
CALSDV   33   26  0.2627E-11  0.2628E-11
CALSDV   34   26  0.2250E-11  0.2250E-11
CALSDV   35   26  0.2418E-11  0.2419E-11
CALSDV   36   26  0.2021E-11  0.2020E-11
CALSDV   37   26  0.2166E-11  0.2168E-11
CALSDV   38   26  0.1942E-11  0.1941E-11
CALSDV   39   26  0.1966E-11  0.1966E-11
CALSDV   40   26  0.1933E-11  0.1930E-11
CALSDV   41   26  0.1852E-11  0.1852E-11
CALSDV   42   26  0.1945E-11  0.1943E-11
CALSDV   43   26  0.1818E-11  0.1818E-11
CALSDV   44   26  0.1963E-11  0.1961E-11
CALSDV   45   26  0.1834E-11  0.1834E-11
CALSDV   46   26  0.1981E-11  0.1980E-11
CALSDV   47   26  0.1874E-11  0.1875E-11
CALSDV   48   26  0.1996E-11  0.1995E-11
CALSDV   49   26  0.1915E-11  0.1915E-11
CALSDV   50   26  0.2007E-11  0.2006E-11
CALSDV   51   26  0.1947E-11  0.1946E-11
CALSDV   52   26  0.2011E-11  0.2010E-11
CALSDV   53   26  0.1963E-11  0.1962E-11
CALSDV   54   26  0.2009E-11  0.2008E-11
CALSDV   55   26  0.1960E-11  0.1958E-11
CALSDV   56   26  0.1999E-11  0.1997E-11
CALSDV   57   26  0.1943E-11  0.1941E-11
CALSDV   58   26  0.1983E-11  0.1981E-11
CALSDV   59   26  0.1962E-11  0.1960E-11
CALSDV   60   26  0.2002E-11  0.2000E-11
CALSDV   27   27  0.3785E-11  0.3790E-11
CALSDV   28   27  0.4354E-11  0.4343E-11
CALSDV   29   27  0.3984E-11  0.3983E-11
CALSDV   30   27  0.2408E-11  0.2391E-11
CALSDV   31   27  0.3343E-11  0.3335E-11
CALSDV   32   27  0.2509E-11  0.2507E-11
CALSDV   33   27  0.2516E-11  0.2509E-11
CALSDV   34   27  0.2585E-11  0.2586E-11
CALSDV   35   27  0.2085E-11  0.2081E-11
CALSDV   36   27  0.2475E-11  0.2476E-11
CALSDV   37   27  0.2040E-11  0.2036E-11
CALSDV   38   27  0.2315E-11  0.2315E-11
CALSDV   39   27  0.2153E-11  0.2152E-11
CALSDV   40   27  0.2191E-11  0.2190E-11
CALSDV   41   27  0.2279E-11  0.2279E-11
CALSDV   42   27  0.2130E-11  0.2127E-11
CALSDV   43   27  0.2362E-11  0.2363E-11
CALSDV   44   27  0.2118E-11  0.2115E-11
CALSDV   45   27  0.2401E-11  0.2401E-11
CALSDV   46   27  0.2134E-11  0.2131E-11
CALSDV   47   27  0.2402E-11  0.2401E-11
CALSDV   48   27  0.2158E-11  0.2156E-11
CALSDV   49   27  0.2372E-11  0.2370E-11
CALSDV   50   27  0.2174E-11  0.2173E-11
CALSDV   51   27  0.2320E-11  0.2319E-11
CALSDV   52   27  0.2179E-11  0.2178E-11
CALSDV   53   27  0.2253E-11  0.2252E-11
CALSDV   54   27  0.2166E-11  0.2166E-11
CALSDV   55   27  0.2171E-11  0.2171E-11
CALSDV   56   27  0.2133E-11  0.2134E-11
CALSDV   57   27  0.2085E-11  0.2085E-11
CALSDV   58   27  0.2089E-11  0.2090E-11
CALSDV   59   27  0.2049E-11  0.2050E-11
CALSDV   60   27  0.2079E-11  0.2079E-11
CALSDV   28   28  0.3947E-11  0.3977E-11
CALSDV   29   28  0.4329E-11  0.4311E-11
CALSDV   30   28  0.3894E-11  0.3903E-11
CALSDV   31   28  0.2626E-11  0.2590E-11
CALSDV   32   28  0.3411E-11  0.3411E-11
CALSDV   33   28  0.2835E-11  0.2801E-11
CALSDV   34   28  0.2748E-11  0.2746E-11
CALSDV   35   28  0.2859E-11  0.2837E-11
CALSDV   36   28  0.2334E-11  0.2333E-11
CALSDV   37   28  0.2654E-11  0.2634E-11
CALSDV   38   28  0.2149E-11  0.2147E-11
CALSDV   39   28  0.2399E-11  0.2380E-11
CALSDV   40   28  0.2087E-11  0.2088E-11
CALSDV   41   28  0.2194E-11  0.2178E-11
CALSDV   42   28  0.2075E-11  0.2076E-11
CALSDV   43   28  0.2080E-11  0.2067E-11
CALSDV   44   28  0.2080E-11  0.2081E-11
CALSDV   45   28  0.2047E-11  0.2036E-11
CALSDV   46   28  0.2092E-11  0.2092E-11
CALSDV   47   28  0.2060E-11  0.2052E-11
CALSDV   48   28  0.2106E-11  0.2107E-11
CALSDV   49   28  0.2090E-11  0.2086E-11
CALSDV   50   28  0.2119E-11  0.2119E-11
CALSDV   51   28  0.2115E-11  0.2112E-11
CALSDV   52   28  0.2126E-11  0.2127E-11
CALSDV   53   28  0.2122E-11  0.2121E-11
CALSDV   54   28  0.2126E-11  0.2127E-11
CALSDV   55   28  0.2106E-11  0.2106E-11
CALSDV   56   28  0.2112E-11  0.2113E-11
CALSDV   57   28  0.2066E-11  0.2067E-11
CALSDV   58   28  0.2085E-11  0.2087E-11
CALSDV   59   28  0.2055E-11  0.2055E-11
CALSDV   60   28  0.2083E-11  0.2083E-11
CALSDV   29   29  0.3420E-11  0.3497E-11
CALSDV   30   29  0.4605E-11  0.4615E-11
CALSDV   31   29  0.4068E-11  0.4082E-11
CALSDV   32   29  0.2703E-11  0.2703E-11
CALSDV   33   29  0.3463E-11  0.3471E-11
CALSDV   34   29  0.2753E-11  0.2755E-11
CALSDV   35   29  0.2624E-11  0.2635E-11
CALSDV   36   29  0.2750E-11  0.2753E-11
CALSDV   37   29  0.2173E-11  0.2183E-11
CALSDV   38   29  0.2575E-11  0.2579E-11
CALSDV   39   29  0.2106E-11  0.2116E-11
CALSDV   40   29  0.2382E-11  0.2386E-11
CALSDV   41   29  0.2206E-11  0.2214E-11
CALSDV   42   29  0.2259E-11  0.2263E-11
CALSDV   43   29  0.2326E-11  0.2333E-11
CALSDV   44   29  0.2223E-11  0.2227E-11
CALSDV   45   29  0.2410E-11  0.2416E-11
CALSDV   46   29  0.2243E-11  0.2249E-11
CALSDV   47   29  0.2450E-11  0.2455E-11
CALSDV   48   29  0.2286E-11  0.2292E-11
CALSDV   49   29  0.2451E-11  0.2456E-11
CALSDV   50   29  0.2325E-11  0.2330E-11
CALSDV   51   29  0.2422E-11  0.2426E-11
CALSDV   52   29  0.2342E-11  0.2348E-11
CALSDV   53   29  0.2365E-11  0.2370E-11
CALSDV   54   29  0.2332E-11  0.2338E-11
CALSDV   55   29  0.2287E-11  0.2292E-11
CALSDV   56   29  0.2291E-11  0.2297E-11
CALSDV   57   29  0.2191E-11  0.2196E-11
CALSDV   58   29  0.2224E-11  0.2229E-11
CALSDV   59   29  0.2130E-11  0.2136E-11
CALSDV   60   29  0.2178E-11  0.2184E-11
CALSDV   30   30  0.4299E-11  0.4295E-11
CALSDV   31   30  0.4454E-11  0.4451E-11
CALSDV   32   30  0.4056E-11  0.4046E-11
CALSDV   33   30  0.2598E-11  0.2610E-11
CALSDV   34   30  0.3465E-11  0.3468E-11
CALSDV   35   30  0.2816E-11  0.2835E-11
CALSDV   36   30  0.2837E-11  0.2848E-11
CALSDV   37   30  0.2852E-11  0.2872E-11
CALSDV   38   30  0.2545E-11  0.2551E-11
CALSDV   39   30  0.2644E-11  0.2663E-11
CALSDV   40   30  0.2472E-11  0.2469E-11
CALSDV   41   30  0.2391E-11  0.2410E-11
CALSDV   42   30  0.2466E-11  0.2461E-11
CALSDV   43   30  0.2210E-11  0.2227E-11
CALSDV   44   30  0.2467E-11  0.2457E-11
CALSDV   45   30  0.2134E-11  0.2149E-11
CALSDV   46   30  0.2454E-11  0.2443E-11
CALSDV   47   30  0.2138E-11  0.2152E-11
CALSDV   48   30  0.2433E-11  0.2425E-11
CALSDV   49   30  0.2179E-11  0.2192E-11
CALSDV   50   30  0.2409E-11  0.2403E-11
CALSDV   51   30  0.2222E-11  0.2235E-11
CALSDV   52   30  0.2379E-11  0.2375E-11
CALSDV   53   30  0.2244E-11  0.2255E-11
CALSDV   54   30  0.2342E-11  0.2342E-11
CALSDV   55   30  0.2232E-11  0.2242E-11
CALSDV   56   30  0.2294E-11  0.2295E-11
CALSDV   57   30  0.2184E-11  0.2193E-11
CALSDV   58   30  0.2229E-11  0.2233E-11
CALSDV   59   30  0.2143E-11  0.2150E-11
CALSDV   60   30  0.2186E-11  0.2190E-11
CALSDV   31   31  0.3854E-11  0.3873E-11
CALSDV   32   31  0.5194E-11  0.5219E-11
CALSDV   33   31  0.4108E-11  0.4122E-11
CALSDV   34   31  0.3544E-11  0.3559E-11
CALSDV   35   31  0.3715E-11  0.3728E-11
CALSDV   36   31  0.3459E-11  0.3473E-11
CALSDV   37   31  0.2992E-11  0.2995E-11
CALSDV   38   31  0.3279E-11  0.3290E-11
CALSDV   39   31  0.2507E-11  0.2507E-11
CALSDV   40   31  0.2959E-11  0.2965E-11
CALSDV   41   31  0.2302E-11  0.2299E-11
CALSDV   42   31  0.2665E-11  0.2669E-11
CALSDV   43   31  0.2266E-11  0.2260E-11
CALSDV   44   31  0.2488E-11  0.2489E-11
CALSDV   45   31  0.2299E-11  0.2292E-11
CALSDV   46   31  0.2433E-11  0.2433E-11
CALSDV   47   31  0.2344E-11  0.2338E-11
CALSDV   48   31  0.2454E-11  0.2454E-11
CALSDV   49   31  0.2378E-11  0.2373E-11
CALSDV   50   31  0.2496E-11  0.2497E-11
CALSDV   51   31  0.2393E-11  0.2388E-11
CALSDV   52   31  0.2525E-11  0.2526E-11
CALSDV   53   31  0.2381E-11  0.2378E-11
CALSDV   54   31  0.2519E-11  0.2521E-11
CALSDV   55   31  0.2337E-11  0.2336E-11
CALSDV   56   31  0.2470E-11  0.2472E-11
CALSDV   57   31  0.2263E-11  0.2262E-11
CALSDV   58   31  0.2380E-11  0.2382E-11
CALSDV   59   31  0.2197E-11  0.2197E-11
CALSDV   60   31  0.2292E-11  0.2294E-11
CALSDV   32   32  0.4352E-11  0.4350E-11
CALSDV   33   32  0.4690E-11  0.4687E-11
CALSDV   34   32  0.4317E-11  0.4327E-11
CALSDV   35   32  0.2822E-11  0.2816E-11
CALSDV   36   32  0.3570E-11  0.3574E-11
CALSDV   37   32  0.3018E-11  0.3014E-11
CALSDV   38   32  0.2852E-11  0.2853E-11
CALSDV   39   32  0.3015E-11  0.3014E-11
CALSDV   40   32  0.2591E-11  0.2588E-11
CALSDV   41   32  0.2776E-11  0.2775E-11
CALSDV   42   32  0.2605E-11  0.2600E-11
CALSDV   43   32  0.2509E-11  0.2512E-11
CALSDV   44   32  0.2682E-11  0.2672E-11
CALSDV   45   32  0.2338E-11  0.2343E-11
CALSDV   46   32  0.2731E-11  0.2721E-11
CALSDV   47   32  0.2287E-11  0.2290E-11
CALSDV   48   32  0.2744E-11  0.2733E-11
CALSDV   49   32  0.2311E-11  0.2314E-11
CALSDV   50   32  0.2721E-11  0.2711E-11
CALSDV   51   32  0.2360E-11  0.2360E-11
CALSDV   52   32  0.2676E-11  0.2667E-11
CALSDV   53   32  0.2392E-11  0.2391E-11
CALSDV   54   32  0.2611E-11  0.2603E-11
CALSDV   55   32  0.2381E-11  0.2380E-11
CALSDV   56   32  0.2523E-11  0.2518E-11
CALSDV   57   32  0.2322E-11  0.2320E-11
CALSDV   58   32  0.2414E-11  0.2408E-11
CALSDV   59   32  0.2248E-11  0.2249E-11
CALSDV   60   32  0.2312E-11  0.2312E-11
CALSDV   33   33  0.3993E-11  0.3981E-11
CALSDV   34   33  0.4688E-11  0.4700E-11
CALSDV   35   33  0.4419E-11  0.4429E-11
CALSDV   36   33  0.2868E-11  0.2873E-11
CALSDV   37   33  0.3708E-11  0.3711E-11
CALSDV   38   33  0.3092E-11  0.3098E-11
CALSDV   39   33  0.2825E-11  0.2823E-11
CALSDV   40   33  0.3054E-11  0.3062E-11
CALSDV   41   33  0.2415E-11  0.2413E-11
CALSDV   42   33  0.2782E-11  0.2789E-11
CALSDV   43   33  0.2415E-11  0.2414E-11
CALSDV   44   33  0.2513E-11  0.2519E-11
CALSDV   45   33  0.2557E-11  0.2558E-11
CALSDV   46   33  0.2373E-11  0.2377E-11
CALSDV   47   33  0.2692E-11  0.2691E-11
CALSDV   48   33  0.2371E-11  0.2373E-11
CALSDV   49   33  0.2767E-11  0.2768E-11
CALSDV   50   33  0.2441E-11  0.2444E-11
CALSDV   51   33  0.2780E-11  0.2781E-11
CALSDV   52   33  0.2519E-11  0.2521E-11
CALSDV   53   33  0.2736E-11  0.2737E-11
CALSDV   54   33  0.2563E-11  0.2565E-11
CALSDV   55   33  0.2640E-11  0.2641E-11
CALSDV   56   33  0.2550E-11  0.2552E-11
CALSDV   57   33  0.2495E-11  0.2497E-11
CALSDV   58   33  0.2475E-11  0.2478E-11
CALSDV   59   33  0.2349E-11  0.2351E-11
CALSDV   60   33  0.2375E-11  0.2377E-11
CALSDV   34   34  0.3472E-11  0.3471E-11
CALSDV   35   34  0.4591E-11  0.4619E-11
CALSDV   36   34  0.4278E-11  0.4278E-11
CALSDV   37   34  0.2825E-11  0.2848E-11
CALSDV   38   34  0.3607E-11  0.3603E-11
CALSDV   39   34  0.3253E-11  0.3255E-11
CALSDV   40   34  0.2870E-11  0.2870E-11
CALSDV   41   34  0.3330E-11  0.3323E-11
CALSDV   42   34  0.2562E-11  0.2562E-11
CALSDV   43   34  0.3125E-11  0.3116E-11
CALSDV   44   34  0.2527E-11  0.2527E-11
CALSDV   45   34  0.2884E-11  0.2874E-11
CALSDV   46   34  0.2573E-11  0.2570E-11
CALSDV   47   34  0.2727E-11  0.2718E-11
CALSDV   48   34  0.2615E-11  0.2608E-11
CALSDV   49   34  0.2669E-11  0.2661E-11
CALSDV   50   34  0.2638E-11  0.2631E-11
CALSDV   51   34  0.2661E-11  0.2655E-11
CALSDV   52   34  0.2643E-11  0.2635E-11
CALSDV   53   34  0.2653E-11  0.2650E-11
CALSDV   54   34  0.2625E-11  0.2619E-11
CALSDV   55   34  0.2608E-11  0.2608E-11
CALSDV   56   34  0.2580E-11  0.2575E-11
CALSDV   57   34  0.2507E-11  0.2506E-11
CALSDV   58   34  0.2494E-11  0.2490E-11
CALSDV   59   34  0.2377E-11  0.2378E-11
CALSDV   60   34  0.2388E-11  0.2387E-11
CALSDV   35   35  0.4128E-11  0.4071E-11
CALSDV   36   35  0.4742E-11  0.4741E-11
CALSDV   37   35  0.4732E-11  0.4722E-11
CALSDV   38   35  0.2897E-11  0.2886E-11
CALSDV   39   35  0.3940E-11  0.3935E-11
CALSDV   40   35  0.3215E-11  0.3203E-11
CALSDV   41   35  0.3007E-11  0.3002E-11
CALSDV   42   35  0.3191E-11  0.3184E-11
CALSDV   43   35  0.2597E-11  0.2590E-11
CALSDV   44   35  0.2919E-11  0.2918E-11
CALSDV   45   35  0.2607E-11  0.2604E-11
CALSDV   46   35  0.2675E-11  0.2675E-11
CALSDV   47   35  0.2751E-11  0.2749E-11
CALSDV   48   35  0.2575E-11  0.2579E-11
CALSDV   49   35  0.2874E-11  0.2874E-11
CALSDV   50   35  0.2607E-11  0.2611E-11
CALSDV   51   35  0.2928E-11  0.2930E-11
CALSDV   52   35  0.2685E-11  0.2691E-11
CALSDV   53   35  0.2908E-11  0.2913E-11
CALSDV   54   35  0.2740E-11  0.2747E-11
CALSDV   55   35  0.2815E-11  0.2821E-11
CALSDV   56   35  0.2731E-11  0.2739E-11
CALSDV   57   35  0.2655E-11  0.2661E-11
CALSDV   58   35  0.2639E-11  0.2647E-11
CALSDV   59   35  0.2466E-11  0.2470E-11
CALSDV   60   35  0.2496E-11  0.2501E-11
CALSDV   36   36  0.3774E-11  0.3770E-11
CALSDV   37   36  0.4711E-11  0.4701E-11
CALSDV   38   36  0.4519E-11  0.4513E-11
CALSDV   39   36  0.2901E-11  0.2891E-11
CALSDV   40   36  0.3765E-11  0.3761E-11
CALSDV   41   36  0.3427E-11  0.3429E-11
CALSDV   42   36  0.3002E-11  0.3002E-11
CALSDV   43   36  0.3562E-11  0.3577E-11
CALSDV   44   36  0.2747E-11  0.2751E-11
CALSDV   45   36  0.3419E-11  0.3440E-11
CALSDV   46   36  0.2783E-11  0.2786E-11
CALSDV   47   36  0.3242E-11  0.3266E-11
CALSDV   48   36  0.2873E-11  0.2873E-11
CALSDV   49   36  0.3124E-11  0.3150E-11
CALSDV   50   36  0.2929E-11  0.2926E-11
CALSDV   51   36  0.3063E-11  0.3086E-11
CALSDV   52   36  0.2939E-11  0.2935E-11
CALSDV   53   36  0.3006E-11  0.3026E-11
CALSDV   54   36  0.2906E-11  0.2902E-11
CALSDV   55   36  0.2910E-11  0.2926E-11
CALSDV   56   36  0.2825E-11  0.2824E-11
CALSDV   57   36  0.2746E-11  0.2758E-11
CALSDV   58   36  0.2694E-11  0.2695E-11
CALSDV   59   36  0.2535E-11  0.2543E-11
CALSDV   60   36  0.2525E-11  0.2528E-11
CALSDV   37   37  0.3674E-11  0.3653E-11
CALSDV   38   37  0.4861E-11  0.4861E-11
CALSDV   39   37  0.4915E-11  0.4913E-11
CALSDV   40   37  0.3011E-11  0.3017E-11
CALSDV   41   37  0.4097E-11  0.4096E-11
CALSDV   42   37  0.3373E-11  0.3388E-11
CALSDV   43   37  0.3126E-11  0.3126E-11
CALSDV   44   37  0.3322E-11  0.3335E-11
CALSDV   45   37  0.2712E-11  0.2712E-11
CALSDV   46   37  0.3026E-11  0.3037E-11
CALSDV   47   37  0.2727E-11  0.2727E-11
CALSDV   48   37  0.2793E-11  0.2802E-11
CALSDV   49   37  0.2867E-11  0.2864E-11
CALSDV   50   37  0.2733E-11  0.2739E-11
CALSDV   51   37  0.2976E-11  0.2974E-11
CALSDV   52   37  0.2794E-11  0.2798E-11
CALSDV   53   37  0.3007E-11  0.3004E-11
CALSDV   54   37  0.2872E-11  0.2874E-11
CALSDV   55   37  0.2947E-11  0.2947E-11
CALSDV   56   37  0.2885E-11  0.2889E-11
CALSDV   57   37  0.2795E-11  0.2797E-11
CALSDV   58   37  0.2798E-11  0.2801E-11
CALSDV   59   37  0.2578E-11  0.2581E-11
CALSDV   60   37  0.2620E-11  0.2623E-11
CALSDV   38   38  0.3936E-11  0.3959E-11
CALSDV   39   38  0.4875E-11  0.4864E-11
CALSDV   40   38  0.4717E-11  0.4726E-11
CALSDV   41   38  0.3002E-11  0.2998E-11
CALSDV   42   38  0.3896E-11  0.3906E-11
CALSDV   43   38  0.3546E-11  0.3540E-11
CALSDV   44   38  0.3122E-11  0.3127E-11
CALSDV   45   38  0.3675E-11  0.3662E-11
CALSDV   46   38  0.2922E-11  0.2920E-11
CALSDV   47   38  0.3545E-11  0.3527E-11
CALSDV   48   38  0.3007E-11  0.3004E-11
CALSDV   49   38  0.3401E-11  0.3386E-11
CALSDV   50   38  0.3113E-11  0.3113E-11
CALSDV   51   38  0.3314E-11  0.3300E-11
CALSDV   52   38  0.3161E-11  0.3165E-11
CALSDV   53   38  0.3251E-11  0.3240E-11
CALSDV   54   38  0.3140E-11  0.3145E-11
CALSDV   55   38  0.3147E-11  0.3139E-11
CALSDV   56   38  0.3052E-11  0.3056E-11
CALSDV   57   38  0.2958E-11  0.2953E-11
CALSDV   58   38  0.2892E-11  0.2894E-11
CALSDV   59   38  0.2688E-11  0.2686E-11
CALSDV   60   38  0.2667E-11  0.2670E-11
CALSDV   39   39  0.3470E-11  0.3508E-11
CALSDV   40   39  0.5002E-11  0.4991E-11
CALSDV   41   39  0.5099E-11  0.5094E-11
CALSDV   42   39  0.3162E-11  0.3152E-11
CALSDV   43   39  0.4188E-11  0.4191E-11
CALSDV   44   39  0.3523E-11  0.3526E-11
CALSDV   45   39  0.3171E-11  0.3168E-11
CALSDV   46   39  0.3397E-11  0.3402E-11
CALSDV   47   39  0.2788E-11  0.2778E-11
CALSDV   48   39  0.3053E-11  0.3057E-11
CALSDV   49   39  0.2848E-11  0.2835E-11
CALSDV   50   39  0.2836E-11  0.2836E-11
CALSDV   51   39  0.3003E-11  0.2992E-11
CALSDV   52   39  0.2828E-11  0.2826E-11
CALSDV   53   39  0.3098E-11  0.3089E-11
CALSDV   54   39  0.2923E-11  0.2923E-11
CALSDV   55   39  0.3084E-11  0.3079E-11
CALSDV   56   39  0.2986E-11  0.2985E-11
CALSDV   57   39  0.2947E-11  0.2945E-11
CALSDV   58   39  0.2929E-11  0.2932E-11
CALSDV   59   39  0.2702E-11  0.2702E-11
CALSDV   60   39  0.2739E-11  0.2739E-11
CALSDV   40   40  0.4047E-11  0.4032E-11
CALSDV   41   40  0.5090E-11  0.5089E-11
CALSDV   42   40  0.5077E-11  0.5062E-11
CALSDV   43   40  0.3183E-11  0.3184E-11
CALSDV   44   40  0.4108E-11  0.4092E-11
CALSDV   45   40  0.3721E-11  0.3727E-11
CALSDV   46   40  0.3255E-11  0.3241E-11
CALSDV   47   40  0.3832E-11  0.3842E-11
CALSDV   48   40  0.3144E-11  0.3142E-11
CALSDV   49   40  0.3716E-11  0.3725E-11
CALSDV   50   40  0.3356E-11  0.3361E-11
CALSDV   51   40  0.3602E-11  0.3612E-11
CALSDV   52   40  0.3529E-11  0.3538E-11
CALSDV   53   40  0.3521E-11  0.3530E-11
CALSDV   54   40  0.3564E-11  0.3574E-11
CALSDV   55   40  0.3408E-11  0.3415E-11
CALSDV   56   40  0.3457E-11  0.3466E-11
CALSDV   57   40  0.3191E-11  0.3199E-11
CALSDV   58   40  0.3220E-11  0.3229E-11
CALSDV   59   40  0.2855E-11  0.2860E-11
CALSDV   60   40  0.2880E-11  0.2885E-11
CALSDV   41   41  0.3804E-11  0.3801E-11
CALSDV   42   41  0.5167E-11  0.5180E-11
CALSDV   43   41  0.5428E-11  0.5440E-11
CALSDV   44   41  0.3474E-11  0.3479E-11
CALSDV   45   41  0.4435E-11  0.4435E-11
CALSDV   46   41  0.3907E-11  0.3894E-11
CALSDV   47   41  0.3441E-11  0.3439E-11
CALSDV   48   41  0.3759E-11  0.3738E-11
CALSDV   49   41  0.3141E-11  0.3141E-11
CALSDV   50   41  0.3395E-11  0.3368E-11
CALSDV   51   41  0.3224E-11  0.3223E-11
CALSDV   52   41  0.3175E-11  0.3149E-11
CALSDV   53   41  0.3334E-11  0.3331E-11
CALSDV   54   41  0.3148E-11  0.3125E-11
CALSDV   55   41  0.3332E-11  0.3326E-11
CALSDV   56   41  0.3174E-11  0.3157E-11
CALSDV   57   41  0.3178E-11  0.3172E-11
CALSDV   58   41  0.3111E-11  0.3097E-11
CALSDV   59   41  0.2871E-11  0.2866E-11
CALSDV   60   41  0.2884E-11  0.2875E-11
CALSDV   42   42  0.4289E-11  0.4322E-11
CALSDV   43   42  0.5456E-11  0.5468E-11
CALSDV   44   42  0.5615E-11  0.5638E-11
CALSDV   45   42  0.3509E-11  0.3518E-11
CALSDV   46   42  0.4413E-11  0.4422E-11
CALSDV   47   42  0.3950E-11  0.3949E-11
CALSDV   48   42  0.3412E-11  0.3409E-11
CALSDV   49   42  0.3985E-11  0.3980E-11
CALSDV   50   42  0.3371E-11  0.3370E-11
CALSDV   51   42  0.3838E-11  0.3832E-11
CALSDV   52   42  0.3691E-11  0.3694E-11
CALSDV   53   42  0.3717E-11  0.3712E-11
CALSDV   54   42  0.3890E-11  0.3895E-11
CALSDV   55   42  0.3598E-11  0.3595E-11
CALSDV   56   42  0.3851E-11  0.3857E-11
CALSDV   57   42  0.3386E-11  0.3387E-11
CALSDV   58   42  0.3582E-11  0.3588E-11
CALSDV   59   42  0.3012E-11  0.3014E-11
CALSDV   60   42  0.3126E-11  0.3130E-11
CALSDV   43   43  0.4072E-11  0.4040E-11
CALSDV   44   43  0.5367E-11  0.5375E-11
CALSDV   45   43  0.5714E-11  0.5704E-11
CALSDV   46   43  0.3755E-11  0.3745E-11
CALSDV   47   43  0.4586E-11  0.4573E-11
CALSDV   48   43  0.4201E-11  0.4201E-11
CALSDV   49   43  0.3641E-11  0.3623E-11
CALSDV   50   43  0.4020E-11  0.4027E-11
CALSDV   51   43  0.3479E-11  0.3462E-11
CALSDV   52   43  0.3653E-11  0.3666E-11
CALSDV   53   43  0.3596E-11  0.3586E-11
CALSDV   54   43  0.3447E-11  0.3463E-11
CALSDV   55   43  0.3629E-11  0.3623E-11
CALSDV   56   43  0.3389E-11  0.3402E-11
CALSDV   57   43  0.3458E-11  0.3456E-11
CALSDV   58   43  0.3299E-11  0.3310E-11
CALSDV   59   43  0.3074E-11  0.3074E-11
CALSDV   60   43  0.3035E-11  0.3041E-11
CALSDV   44   44  0.4211E-11  0.4203E-11
CALSDV   45   44  0.5831E-11  0.5837E-11
CALSDV   46   44  0.5964E-11  0.5948E-11
CALSDV   47   44  0.3893E-11  0.3902E-11
CALSDV   48   44  0.4593E-11  0.4577E-11
CALSDV   49   44  0.4214E-11  0.4219E-11
CALSDV   50   44  0.3544E-11  0.3542E-11
CALSDV   51   44  0.4148E-11  0.4150E-11
CALSDV   52   44  0.3563E-11  0.3562E-11
CALSDV   53   44  0.3950E-11  0.3953E-11
CALSDV   54   44  0.3886E-11  0.3882E-11
CALSDV   55   44  0.3789E-11  0.3789E-11
CALSDV   56   44  0.4002E-11  0.3991E-11
CALSDV   57   44  0.3575E-11  0.3570E-11
CALSDV   58   44  0.3804E-11  0.3793E-11
CALSDV   59   44  0.3176E-11  0.3172E-11
CALSDV   60   44  0.3316E-11  0.3310E-11
CALSDV   45   45  0.4689E-11  0.4669E-11
CALSDV   46   45  0.5687E-11  0.5722E-11
CALSDV   47   45  0.6068E-11  0.6081E-11
CALSDV   48   45  0.3998E-11  0.4014E-11
CALSDV   49   45  0.4773E-11  0.4773E-11
CALSDV   50   45  0.4356E-11  0.4364E-11
CALSDV   51   45  0.3977E-11  0.3971E-11
CALSDV   52   45  0.4135E-11  0.4142E-11
CALSDV   53   45  0.3993E-11  0.3981E-11
CALSDV   54   45  0.3803E-11  0.3812E-11
CALSDV   55   45  0.4082E-11  0.4061E-11
CALSDV   56   45  0.3637E-11  0.3641E-11
CALSDV   57   45  0.3895E-11  0.3872E-11
CALSDV   58   45  0.3514E-11  0.3508E-11
CALSDV   59   45  0.3372E-11  0.3364E-11
CALSDV   60   45  0.3210E-11  0.3208E-11
CALSDV   46   46  0.4256E-11  0.4263E-11
CALSDV   47   46  0.6385E-11  0.6414E-11
CALSDV   48   46  0.6151E-11  0.6186E-11
CALSDV   49   46  0.4757E-11  0.4788E-11
CALSDV   50   46  0.4782E-11  0.4795E-11
CALSDV   51   46  0.5053E-11  0.5074E-11
CALSDV   52   46  0.3790E-11  0.3788E-11
CALSDV   53   46  0.4859E-11  0.4876E-11
CALSDV   54   46  0.3773E-11  0.3767E-11
CALSDV   55   46  0.4467E-11  0.4477E-11
CALSDV   56   46  0.3964E-11  0.3956E-11
CALSDV   57   46  0.4032E-11  0.4034E-11
CALSDV   58   46  0.3893E-11  0.3884E-11
CALSDV   59   46  0.3446E-11  0.3450E-11
CALSDV   60   46  0.3449E-11  0.3447E-11
CALSDV   47   47  0.6073E-11  0.6053E-11
CALSDV   48   47  0.6424E-11  0.6438E-11
CALSDV   49   47  0.6734E-11  0.6753E-11
CALSDV   50   47  0.4371E-11  0.4378E-11
CALSDV   51   47  0.5113E-11  0.5134E-11
CALSDV   52   47  0.4549E-11  0.4550E-11
CALSDV   53   47  0.4399E-11  0.4420E-11
CALSDV   54   47  0.4351E-11  0.4346E-11
CALSDV   55   47  0.4455E-11  0.4469E-11
CALSDV   56   47  0.4092E-11  0.4090E-11
CALSDV   57   47  0.4331E-11  0.4340E-11
CALSDV   58   47  0.3866E-11  0.3865E-11
CALSDV   59   47  0.3716E-11  0.3722E-11
CALSDV   60   47  0.3459E-11  0.3459E-11
CALSDV   48   48  0.4483E-11  0.4524E-11
CALSDV   49   48  0.6326E-11  0.6327E-11
CALSDV   50   48  0.6451E-11  0.6467E-11
CALSDV   51   48  0.4589E-11  0.4569E-11
CALSDV   52   48  0.4705E-11  0.4705E-11
CALSDV   53   48  0.5010E-11  0.4966E-11
CALSDV   54   48  0.3890E-11  0.3881E-11
CALSDV   55   48  0.4829E-11  0.4778E-11
CALSDV   56   48  0.4119E-11  0.4114E-11
CALSDV   57   48  0.4368E-11  0.4333E-11
CALSDV   58   48  0.4216E-11  0.4213E-11
CALSDV   59   48  0.3698E-11  0.3687E-11
CALSDV   60   48  0.3755E-11  0.3756E-11
CALSDV   49   49  0.4089E-11  0.4064E-11
CALSDV   50   49  0.6267E-11  0.6277E-11
CALSDV   51   49  0.6400E-11  0.6406E-11
CALSDV   52   49  0.4571E-11  0.4582E-11
CALSDV   53   49  0.4707E-11  0.4704E-11
CALSDV   54   49  0.5110E-11  0.5111E-11
CALSDV   55   49  0.4158E-11  0.4147E-11
CALSDV   56   49  0.4948E-11  0.4941E-11
CALSDV   57   49  0.4244E-11  0.4234E-11
CALSDV   58   49  0.4495E-11  0.4485E-11
CALSDV   59   49  0.3847E-11  0.3843E-11
CALSDV   60   49  0.3828E-11  0.3824E-11
CALSDV   50   50  0.4319E-11  0.4318E-11
CALSDV   51   50  0.6553E-11  0.6558E-11
CALSDV   52   50  0.6749E-11  0.6776E-11
CALSDV   53   50  0.4590E-11  0.4604E-11
CALSDV   54   50  0.4810E-11  0.4828E-11
CALSDV   55   50  0.5086E-11  0.5097E-11
CALSDV   56   50  0.4174E-11  0.4182E-11
CALSDV   57   50  0.4839E-11  0.4846E-11
CALSDV   58   50  0.4333E-11  0.4341E-11
CALSDV   59   50  0.4066E-11  0.4073E-11
CALSDV   60   50  0.3989E-11  0.3994E-11
CALSDV   51   51  0.3782E-11  0.3816E-11
CALSDV   52   51  0.6700E-11  0.6706E-11
CALSDV   53   51  0.6557E-11  0.6568E-11
CALSDV   54   51  0.4823E-11  0.4827E-11
CALSDV   55   51  0.4851E-11  0.4851E-11
CALSDV   56   51  0.5605E-11  0.5620E-11
CALSDV   57   51  0.4452E-11  0.4447E-11
CALSDV   58   51  0.5346E-11  0.5359E-11
CALSDV   59   51  0.4118E-11  0.4118E-11
CALSDV   60   51  0.4392E-11  0.4399E-11
CALSDV   52   52  0.3879E-11  0.3852E-11
CALSDV   53   52  0.6671E-11  0.6701E-11
CALSDV   54   52  0.6813E-11  0.6853E-11
CALSDV   55   52  0.4824E-11  0.4845E-11
CALSDV   56   52  0.4829E-11  0.4844E-11
CALSDV   57   52  0.5344E-11  0.5366E-11
CALSDV   58   52  0.4422E-11  0.4430E-11
CALSDV   59   52  0.4606E-11  0.4621E-11
CALSDV   60   52  0.4204E-11  0.4216E-11
CALSDV   53   53  0.3604E-11  0.3638E-11
CALSDV   54   53  0.6842E-11  0.6851E-11
CALSDV   55   53  0.6648E-11  0.6653E-11
CALSDV   56   53  0.5061E-11  0.5055E-11
CALSDV   57   53  0.5008E-11  0.5010E-11
CALSDV   58   53  0.5732E-11  0.5732E-11
CALSDV   59   53  0.4428E-11  0.4425E-11
CALSDV   60   53  0.4910E-11  0.4906E-11
CALSDV   54   54  0.3530E-11  0.3552E-11
CALSDV   55   54  0.6303E-11  0.6325E-11
CALSDV   56   54  0.6453E-11  0.6444E-11
CALSDV   57   54  0.5017E-11  0.5006E-11
CALSDV   58   54  0.4524E-11  0.4514E-11
CALSDV   59   54  0.5075E-11  0.5070E-11
CALSDV   60   54  0.4330E-11  0.4333E-11
CALSDV   55   55  0.3646E-11  0.3607E-11
CALSDV   56   55  0.6443E-11  0.6449E-11
CALSDV   57   55  0.7020E-11  0.6988E-11
CALSDV   58   55  0.5444E-11  0.5435E-11
CALSDV   59   55  0.5276E-11  0.5251E-11
CALSDV   60   55  0.5490E-11  0.5482E-11
CALSDV   56   56  0.3609E-11  0.3636E-11
CALSDV   57   56  0.5690E-11  0.5680E-11
CALSDV   58   56  0.7256E-11  0.7309E-11
CALSDV   59   56  0.5479E-11  0.5479E-11
CALSDV   60   56  0.5368E-11  0.5415E-11
CALSDV   57   57  0.4392E-11  0.4361E-11
CALSDV   58   57  0.5632E-11  0.5684E-11
CALSDV   59   57  0.7387E-11  0.7418E-11
CALSDV   60   57  0.5667E-11  0.5693E-11
CALSDV   58   58  0.4068E-11  0.4103E-11
CALSDV   59   58  0.5623E-11  0.5531E-11
CALSDV   60   58  0.7907E-11  0.7941E-11
CALSDV   59   59  0.4192E-11  0.4150E-11
CALSDV   60   59  0.5462E-11  0.5490E-11
CALSDV   60   60  0.4492E-11  0.4622E-11
