  This file contains calibrated standard deviations 
       The relevant data lines start with key CALSDV 
       Each such line contains the following data 
           N   M   C_SIGMA   S_SIGMA 
                 FOR M=0 S_SIGMA=0.0 
     
CALSDV    0    0  0.0000E+00  0.0000E+00
CALSDV    1    0  0.0000E+00  0.0000E+00
CALSDV    2    0  0.6026E-10  0.0000E+00
CALSDV    3    0  0.1241E-10  0.0000E+00
CALSDV    4    0  0.4855E-11  0.0000E+00
CALSDV    5    0  0.3351E-11  0.0000E+00
CALSDV    6    0  0.2570E-11  0.0000E+00
CALSDV    7    0  0.2096E-11  0.0000E+00
CALSDV    8    0  0.1789E-11  0.0000E+00
CALSDV    9    0  0.1574E-11  0.0000E+00
CALSDV   10    0  0.1412E-11  0.0000E+00
CALSDV   11    0  0.1290E-11  0.0000E+00
CALSDV   12    0  0.1200E-11  0.0000E+00
CALSDV   13    0  0.1126E-11  0.0000E+00
CALSDV   14    0  0.1072E-11  0.0000E+00
CALSDV   15    0  0.1027E-11  0.0000E+00
CALSDV   16    0  0.9914E-12  0.0000E+00
CALSDV   17    0  0.9657E-12  0.0000E+00
CALSDV   18    0  0.9454E-12  0.0000E+00
CALSDV   19    0  0.9311E-12  0.0000E+00
CALSDV   20    0  0.9205E-12  0.0000E+00
CALSDV   21    0  0.9148E-12  0.0000E+00
CALSDV   22    0  0.9124E-12  0.0000E+00
CALSDV   23    0  0.9129E-12  0.0000E+00
CALSDV   24    0  0.9175E-12  0.0000E+00
CALSDV   25    0  0.9233E-12  0.0000E+00
CALSDV   26    0  0.9339E-12  0.0000E+00
CALSDV   27    0  0.9455E-12  0.0000E+00
CALSDV   28    0  0.9598E-12  0.0000E+00
CALSDV   29    0  0.9769E-12  0.0000E+00
CALSDV   30    0  0.9963E-12  0.0000E+00
CALSDV   31    0  0.1018E-11  0.0000E+00
CALSDV   32    0  0.1042E-11  0.0000E+00
CALSDV   33    0  0.1069E-11  0.0000E+00
CALSDV   34    0  0.1098E-11  0.0000E+00
CALSDV   35    0  0.1130E-11  0.0000E+00
CALSDV   36    0  0.1164E-11  0.0000E+00
CALSDV   37    0  0.1201E-11  0.0000E+00
CALSDV   38    0  0.1241E-11  0.0000E+00
CALSDV   39    0  0.1283E-11  0.0000E+00
CALSDV   40    0  0.1328E-11  0.0000E+00
CALSDV   41    0  0.1378E-11  0.0000E+00
CALSDV   42    0  0.1429E-11  0.0000E+00
CALSDV   43    0  0.1485E-11  0.0000E+00
CALSDV   44    0  0.1543E-11  0.0000E+00
CALSDV   45    0  0.1607E-11  0.0000E+00
CALSDV   46    0  0.1674E-11  0.0000E+00
CALSDV   47    0  0.1746E-11  0.0000E+00
CALSDV   48    0  0.1822E-11  0.0000E+00
CALSDV   49    0  0.1903E-11  0.0000E+00
CALSDV   50    0  0.1989E-11  0.0000E+00
CALSDV   51    0  0.2081E-11  0.0000E+00
CALSDV   52    0  0.2178E-11  0.0000E+00
CALSDV   53    0  0.2282E-11  0.0000E+00
CALSDV   54    0  0.2393E-11  0.0000E+00
CALSDV   55    0  0.2507E-11  0.0000E+00
CALSDV   56    0  0.2631E-11  0.0000E+00
CALSDV   57    0  0.2756E-11  0.0000E+00
CALSDV   58    0  0.2892E-11  0.0000E+00
CALSDV   59    0  0.2719E-11  0.0000E+00
CALSDV   60    0  0.2859E-11  0.0000E+00
CALSDV    1    1  0.0000E+00  0.0000E+00
CALSDV    2    1  0.3012E-10  0.3115E-10
CALSDV    3    1  0.1002E-10  0.1019E-10
CALSDV    4    1  0.5262E-11  0.5205E-11
CALSDV    5    1  0.3550E-11  0.3498E-11
CALSDV    6    1  0.2676E-11  0.2655E-11
CALSDV    7    1  0.2177E-11  0.2161E-11
CALSDV    8    1  0.1849E-11  0.1832E-11
CALSDV    9    1  0.1612E-11  0.1602E-11
CALSDV   10    1  0.1445E-11  0.1437E-11
CALSDV   11    1  0.1321E-11  0.1311E-11
CALSDV   12    1  0.1219E-11  0.1212E-11
CALSDV   13    1  0.1147E-11  0.1139E-11
CALSDV   14    1  0.1085E-11  0.1079E-11
CALSDV   15    1  0.1041E-11  0.1033E-11
CALSDV   16    1  0.1006E-11  0.9988E-12
CALSDV   17    1  0.9765E-12  0.9707E-12
CALSDV   18    1  0.9559E-12  0.9493E-12
CALSDV   19    1  0.9398E-12  0.9339E-12
CALSDV   20    1  0.9304E-12  0.9227E-12
CALSDV   21    1  0.9222E-12  0.9173E-12
CALSDV   22    1  0.9198E-12  0.9133E-12
CALSDV   23    1  0.9208E-12  0.9151E-12
CALSDV   24    1  0.9239E-12  0.9176E-12
CALSDV   25    1  0.9316E-12  0.9255E-12
CALSDV   26    1  0.9396E-12  0.9335E-12
CALSDV   27    1  0.9525E-12  0.9458E-12
CALSDV   28    1  0.9662E-12  0.9603E-12
CALSDV   29    1  0.9836E-12  0.9768E-12
CALSDV   30    1  0.1003E-11  0.9962E-12
CALSDV   31    1  0.1024E-11  0.1017E-11
CALSDV   32    1  0.1049E-11  0.1041E-11
CALSDV   33    1  0.1075E-11  0.1068E-11
CALSDV   34    1  0.1105E-11  0.1097E-11
CALSDV   35    1  0.1136E-11  0.1129E-11
CALSDV   36    1  0.1171E-11  0.1162E-11
CALSDV   37    1  0.1207E-11  0.1199E-11
CALSDV   38    1  0.1247E-11  0.1239E-11
CALSDV   39    1  0.1290E-11  0.1281E-11
CALSDV   40    1  0.1336E-11  0.1326E-11
CALSDV   41    1  0.1384E-11  0.1375E-11
CALSDV   42    1  0.1437E-11  0.1426E-11
CALSDV   43    1  0.1492E-11  0.1481E-11
CALSDV   44    1  0.1552E-11  0.1540E-11
CALSDV   45    1  0.1615E-11  0.1603E-11
CALSDV   46    1  0.1683E-11  0.1670E-11
CALSDV   47    1  0.1754E-11  0.1741E-11
CALSDV   48    1  0.1831E-11  0.1818E-11
CALSDV   49    1  0.1912E-11  0.1897E-11
CALSDV   50    1  0.2000E-11  0.1985E-11
CALSDV   51    1  0.2091E-11  0.2074E-11
CALSDV   52    1  0.2190E-11  0.2172E-11
CALSDV   53    1  0.2293E-11  0.2275E-11
CALSDV   54    1  0.2405E-11  0.2386E-11
CALSDV   55    1  0.2519E-11  0.2498E-11
CALSDV   56    1  0.2645E-11  0.2623E-11
CALSDV   57    1  0.2770E-11  0.2747E-11
CALSDV   58    1  0.2904E-11  0.2883E-11
CALSDV   59    1  0.2736E-11  0.2716E-11
CALSDV   60    1  0.2876E-11  0.2855E-11
CALSDV    2    2  0.2925E-10  0.3058E-10
CALSDV    3    2  0.1517E-10  0.1509E-10
CALSDV    4    2  0.7046E-11  0.7074E-11
CALSDV    5    2  0.4436E-11  0.4439E-11
CALSDV    6    2  0.3266E-11  0.3252E-11
CALSDV    7    2  0.2526E-11  0.2519E-11
CALSDV    8    2  0.2096E-11  0.2090E-11
CALSDV    9    2  0.1790E-11  0.1783E-11
CALSDV   10    2  0.1579E-11  0.1573E-11
CALSDV   11    2  0.1418E-11  0.1412E-11
CALSDV   12    2  0.1304E-11  0.1300E-11
CALSDV   13    2  0.1211E-11  0.1206E-11
CALSDV   14    2  0.1144E-11  0.1139E-11
CALSDV   15    2  0.1087E-11  0.1082E-11
CALSDV   16    2  0.1044E-11  0.1039E-11
CALSDV   17    2  0.1011E-11  0.1007E-11
CALSDV   18    2  0.9861E-12  0.9817E-12
CALSDV   19    2  0.9668E-12  0.9631E-12
CALSDV   20    2  0.9531E-12  0.9484E-12
CALSDV   21    2  0.9435E-12  0.9404E-12
CALSDV   22    2  0.9396E-12  0.9352E-12
CALSDV   23    2  0.9376E-12  0.9342E-12
CALSDV   24    2  0.9407E-12  0.9367E-12
CALSDV   25    2  0.9450E-12  0.9411E-12
CALSDV   26    2  0.9538E-12  0.9504E-12
CALSDV   27    2  0.9648E-12  0.9604E-12
CALSDV   28    2  0.9780E-12  0.9746E-12
CALSDV   29    2  0.9949E-12  0.9903E-12
CALSDV   30    2  0.1013E-11  0.1009E-11
CALSDV   31    2  0.1034E-11  0.1030E-11
CALSDV   32    2  0.1058E-11  0.1053E-11
CALSDV   33    2  0.1084E-11  0.1080E-11
CALSDV   34    2  0.1113E-11  0.1108E-11
CALSDV   35    2  0.1144E-11  0.1140E-11
CALSDV   36    2  0.1178E-11  0.1173E-11
CALSDV   37    2  0.1214E-11  0.1210E-11
CALSDV   38    2  0.1254E-11  0.1249E-11
CALSDV   39    2  0.1296E-11  0.1292E-11
CALSDV   40    2  0.1341E-11  0.1336E-11
CALSDV   41    2  0.1390E-11  0.1385E-11
CALSDV   42    2  0.1442E-11  0.1436E-11
CALSDV   43    2  0.1498E-11  0.1492E-11
CALSDV   44    2  0.1556E-11  0.1551E-11
CALSDV   45    2  0.1620E-11  0.1614E-11
CALSDV   46    2  0.1686E-11  0.1681E-11
CALSDV   47    2  0.1758E-11  0.1753E-11
CALSDV   48    2  0.1834E-11  0.1829E-11
CALSDV   49    2  0.1915E-11  0.1910E-11
CALSDV   50    2  0.2001E-11  0.1996E-11
CALSDV   51    2  0.2094E-11  0.2088E-11
CALSDV   52    2  0.2191E-11  0.2185E-11
CALSDV   53    2  0.2295E-11  0.2289E-11
CALSDV   54    2  0.2407E-11  0.2399E-11
CALSDV   55    2  0.2522E-11  0.2515E-11
CALSDV   56    2  0.2646E-11  0.2638E-11
CALSDV   57    2  0.2773E-11  0.2764E-11
CALSDV   58    2  0.2911E-11  0.2899E-11
CALSDV   59    2  0.2766E-11  0.2755E-11
CALSDV   60    2  0.2907E-11  0.2894E-11
CALSDV    3    3  0.3219E-10  0.3196E-10
CALSDV    4    3  0.1336E-10  0.1347E-10
CALSDV    5    3  0.9300E-11  0.9319E-11
CALSDV    6    3  0.4874E-11  0.4934E-11
CALSDV    7    3  0.4545E-11  0.4552E-11
CALSDV    8    3  0.2834E-11  0.2853E-11
CALSDV    9    3  0.2789E-11  0.2785E-11
CALSDV   10    3  0.1966E-11  0.1980E-11
CALSDV   11    3  0.1978E-11  0.1978E-11
CALSDV   12    3  0.1537E-11  0.1548E-11
CALSDV   13    3  0.1546E-11  0.1550E-11
CALSDV   14    3  0.1297E-11  0.1303E-11
CALSDV   15    3  0.1305E-11  0.1309E-11
CALSDV   16    3  0.1153E-11  0.1159E-11
CALSDV   17    3  0.1161E-11  0.1164E-11
CALSDV   18    3  0.1065E-11  0.1069E-11
CALSDV   19    3  0.1074E-11  0.1078E-11
CALSDV   20    3  0.1014E-11  0.1018E-11
CALSDV   21    3  0.1026E-11  0.1029E-11
CALSDV   22    3  0.9865E-12  0.9913E-12
CALSDV   23    3  0.1001E-11  0.1005E-11
CALSDV   24    3  0.9787E-12  0.9836E-12
CALSDV   25    3  0.9960E-12  0.1000E-11
CALSDV   26    3  0.9850E-12  0.9900E-12
CALSDV   27    3  0.1005E-11  0.1010E-11
CALSDV   28    3  0.1005E-11  0.1011E-11
CALSDV   29    3  0.1028E-11  0.1033E-11
CALSDV   30    3  0.1036E-11  0.1042E-11
CALSDV   31    3  0.1062E-11  0.1067E-11
CALSDV   32    3  0.1078E-11  0.1084E-11
CALSDV   33    3  0.1108E-11  0.1114E-11
CALSDV   34    3  0.1130E-11  0.1136E-11
CALSDV   35    3  0.1164E-11  0.1170E-11
CALSDV   36    3  0.1192E-11  0.1200E-11
CALSDV   37    3  0.1232E-11  0.1239E-11
CALSDV   38    3  0.1267E-11  0.1274E-11
CALSDV   39    3  0.1311E-11  0.1319E-11
CALSDV   40    3  0.1353E-11  0.1361E-11
CALSDV   41    3  0.1404E-11  0.1411E-11
CALSDV   42    3  0.1452E-11  0.1461E-11
CALSDV   43    3  0.1509E-11  0.1518E-11
CALSDV   44    3  0.1566E-11  0.1575E-11
CALSDV   45    3  0.1630E-11  0.1640E-11
CALSDV   46    3  0.1695E-11  0.1706E-11
CALSDV   47    3  0.1767E-11  0.1779E-11
CALSDV   48    3  0.1842E-11  0.1854E-11
CALSDV   49    3  0.1923E-11  0.1936E-11
CALSDV   50    3  0.2009E-11  0.2022E-11
CALSDV   51    3  0.2100E-11  0.2114E-11
CALSDV   52    3  0.2198E-11  0.2212E-11
CALSDV   53    3  0.2302E-11  0.2317E-11
CALSDV   54    3  0.2412E-11  0.2428E-11
CALSDV   55    3  0.2529E-11  0.2544E-11
CALSDV   56    3  0.2652E-11  0.2669E-11
CALSDV   57    3  0.2783E-11  0.2799E-11
CALSDV   58    3  0.2919E-11  0.2935E-11
CALSDV   59    3  0.2828E-11  0.2838E-11
CALSDV   60    3  0.2966E-11  0.2976E-11
CALSDV    4    4  0.1625E-10  0.1589E-10
CALSDV    5    4  0.1451E-10  0.1460E-10
CALSDV    6    4  0.6055E-11  0.6054E-11
CALSDV    7    4  0.5230E-11  0.5259E-11
CALSDV    8    4  0.3354E-11  0.3356E-11
CALSDV    9    4  0.2922E-11  0.2929E-11
CALSDV   10    4  0.2264E-11  0.2259E-11
CALSDV   11    4  0.2037E-11  0.2035E-11
CALSDV   12    4  0.1725E-11  0.1721E-11
CALSDV   13    4  0.1592E-11  0.1591E-11
CALSDV   14    4  0.1424E-11  0.1421E-11
CALSDV   15    4  0.1349E-11  0.1348E-11
CALSDV   16    4  0.1251E-11  0.1247E-11
CALSDV   17    4  0.1207E-11  0.1205E-11
CALSDV   18    4  0.1145E-11  0.1141E-11
CALSDV   19    4  0.1118E-11  0.1117E-11
CALSDV   20    4  0.1079E-11  0.1076E-11
CALSDV   21    4  0.1068E-11  0.1065E-11
CALSDV   22    4  0.1044E-11  0.1042E-11
CALSDV   23    4  0.1041E-11  0.1038E-11
CALSDV   24    4  0.1029E-11  0.1027E-11
CALSDV   25    4  0.1033E-11  0.1030E-11
CALSDV   26    4  0.1031E-11  0.1028E-11
CALSDV   27    4  0.1042E-11  0.1039E-11
CALSDV   28    4  0.1046E-11  0.1044E-11
CALSDV   29    4  0.1063E-11  0.1060E-11
CALSDV   30    4  0.1074E-11  0.1071E-11
CALSDV   31    4  0.1096E-11  0.1093E-11
CALSDV   32    4  0.1113E-11  0.1110E-11
CALSDV   33    4  0.1140E-11  0.1137E-11
CALSDV   34    4  0.1163E-11  0.1160E-11
CALSDV   35    4  0.1195E-11  0.1192E-11
CALSDV   36    4  0.1225E-11  0.1222E-11
CALSDV   37    4  0.1262E-11  0.1259E-11
CALSDV   38    4  0.1298E-11  0.1294E-11
CALSDV   39    4  0.1340E-11  0.1338E-11
CALSDV   40    4  0.1383E-11  0.1380E-11
CALSDV   41    4  0.1433E-11  0.1429E-11
CALSDV   42    4  0.1482E-11  0.1479E-11
CALSDV   43    4  0.1538E-11  0.1535E-11
CALSDV   44    4  0.1595E-11  0.1592E-11
CALSDV   45    4  0.1659E-11  0.1655E-11
CALSDV   46    4  0.1724E-11  0.1721E-11
CALSDV   47    4  0.1797E-11  0.1793E-11
CALSDV   48    4  0.1872E-11  0.1867E-11
CALSDV   49    4  0.1953E-11  0.1949E-11
CALSDV   50    4  0.2038E-11  0.2034E-11
CALSDV   51    4  0.2131E-11  0.2127E-11
CALSDV   52    4  0.2228E-11  0.2223E-11
CALSDV   53    4  0.2333E-11  0.2328E-11
CALSDV   54    4  0.2443E-11  0.2439E-11
CALSDV   55    4  0.2562E-11  0.2557E-11
CALSDV   56    4  0.2684E-11  0.2680E-11
CALSDV   57    4  0.2818E-11  0.2813E-11
CALSDV   58    4  0.2956E-11  0.2951E-11
CALSDV   59    4  0.2901E-11  0.2898E-11
CALSDV   60    4  0.3042E-11  0.3040E-11
CALSDV    5    5  0.2350E-10  0.2341E-10
CALSDV    6    5  0.1076E-10  0.1061E-10
CALSDV    7    5  0.6931E-11  0.6859E-11
CALSDV    8    5  0.4292E-11  0.4253E-11
CALSDV    9    5  0.4082E-11  0.4057E-11
CALSDV   10    5  0.2752E-11  0.2734E-11
CALSDV   11    5  0.2855E-11  0.2844E-11
CALSDV   12    5  0.2083E-11  0.2072E-11
CALSDV   13    5  0.2179E-11  0.2170E-11
CALSDV   14    5  0.1719E-11  0.1710E-11
CALSDV   15    5  0.1770E-11  0.1765E-11
CALSDV   16    5  0.1496E-11  0.1489E-11
CALSDV   17    5  0.1519E-11  0.1514E-11
CALSDV   18    5  0.1341E-11  0.1335E-11
CALSDV   19    5  0.1357E-11  0.1354E-11
CALSDV   20    5  0.1243E-11  0.1238E-11
CALSDV   21    5  0.1253E-11  0.1249E-11
CALSDV   22    5  0.1179E-11  0.1174E-11
CALSDV   23    5  0.1190E-11  0.1186E-11
CALSDV   24    5  0.1142E-11  0.1138E-11
CALSDV   25    5  0.1155E-11  0.1150E-11
CALSDV   26    5  0.1129E-11  0.1123E-11
CALSDV   27    5  0.1143E-11  0.1138E-11
CALSDV   28    5  0.1132E-11  0.1126E-11
CALSDV   29    5  0.1149E-11  0.1143E-11
CALSDV   30    5  0.1149E-11  0.1143E-11
CALSDV   31    5  0.1169E-11  0.1164E-11
CALSDV   32    5  0.1180E-11  0.1173E-11
CALSDV   33    5  0.1205E-11  0.1199E-11
CALSDV   34    5  0.1223E-11  0.1216E-11
CALSDV   35    5  0.1253E-11  0.1246E-11
CALSDV   36    5  0.1279E-11  0.1272E-11
CALSDV   37    5  0.1314E-11  0.1307E-11
CALSDV   38    5  0.1347E-11  0.1340E-11
CALSDV   39    5  0.1388E-11  0.1381E-11
CALSDV   40    5  0.1429E-11  0.1421E-11
CALSDV   41    5  0.1476E-11  0.1468E-11
CALSDV   42    5  0.1525E-11  0.1516E-11
CALSDV   43    5  0.1579E-11  0.1570E-11
CALSDV   44    5  0.1636E-11  0.1627E-11
CALSDV   45    5  0.1697E-11  0.1688E-11
CALSDV   46    5  0.1763E-11  0.1754E-11
CALSDV   47    5  0.1833E-11  0.1823E-11
CALSDV   48    5  0.1909E-11  0.1898E-11
CALSDV   49    5  0.1988E-11  0.1977E-11
CALSDV   50    5  0.2074E-11  0.2063E-11
CALSDV   51    5  0.2164E-11  0.2152E-11
CALSDV   52    5  0.2263E-11  0.2251E-11
CALSDV   53    5  0.2365E-11  0.2352E-11
CALSDV   54    5  0.2477E-11  0.2463E-11
CALSDV   55    5  0.2594E-11  0.2580E-11
CALSDV   56    5  0.2719E-11  0.2705E-11
CALSDV   57    5  0.2853E-11  0.2838E-11
CALSDV   58    5  0.2992E-11  0.2977E-11
CALSDV   59    5  0.2972E-11  0.2960E-11
CALSDV   60    5  0.3117E-11  0.3104E-11
CALSDV    6    6  0.1206E-10  0.1203E-10
CALSDV    7    6  0.1305E-10  0.1314E-10
CALSDV    8    6  0.5975E-11  0.5916E-11
CALSDV    9    6  0.6108E-11  0.6162E-11
CALSDV   10    6  0.3833E-11  0.3817E-11
CALSDV   11    6  0.3681E-11  0.3698E-11
CALSDV   12    6  0.2679E-11  0.2671E-11
CALSDV   13    6  0.2592E-11  0.2596E-11
CALSDV   14    6  0.2047E-11  0.2043E-11
CALSDV   15    6  0.2018E-11  0.2018E-11
CALSDV   16    6  0.1678E-11  0.1671E-11
CALSDV   17    6  0.1687E-11  0.1684E-11
CALSDV   18    6  0.1461E-11  0.1456E-11
CALSDV   19    6  0.1482E-11  0.1481E-11
CALSDV   20    6  0.1331E-11  0.1327E-11
CALSDV   21    6  0.1354E-11  0.1352E-11
CALSDV   22    6  0.1249E-11  0.1245E-11
CALSDV   23    6  0.1275E-11  0.1273E-11
CALSDV   24    6  0.1205E-11  0.1202E-11
CALSDV   25    6  0.1232E-11  0.1228E-11
CALSDV   26    6  0.1184E-11  0.1180E-11
CALSDV   27    6  0.1211E-11  0.1208E-11
CALSDV   28    6  0.1182E-11  0.1178E-11
CALSDV   29    6  0.1212E-11  0.1208E-11
CALSDV   30    6  0.1197E-11  0.1192E-11
CALSDV   31    6  0.1229E-11  0.1224E-11
CALSDV   32    6  0.1224E-11  0.1220E-11
CALSDV   33    6  0.1260E-11  0.1255E-11
CALSDV   34    6  0.1266E-11  0.1261E-11
CALSDV   35    6  0.1304E-11  0.1299E-11
CALSDV   36    6  0.1320E-11  0.1315E-11
CALSDV   37    6  0.1362E-11  0.1356E-11
CALSDV   38    6  0.1388E-11  0.1382E-11
CALSDV   39    6  0.1434E-11  0.1428E-11
CALSDV   40    6  0.1468E-11  0.1461E-11
CALSDV   41    6  0.1520E-11  0.1513E-11
CALSDV   42    6  0.1563E-11  0.1556E-11
CALSDV   43    6  0.1621E-11  0.1614E-11
CALSDV   44    6  0.1673E-11  0.1666E-11
CALSDV   45    6  0.1738E-11  0.1730E-11
CALSDV   46    6  0.1799E-11  0.1791E-11
CALSDV   47    6  0.1871E-11  0.1863E-11
CALSDV   48    6  0.1943E-11  0.1934E-11
CALSDV   49    6  0.2025E-11  0.2016E-11
CALSDV   50    6  0.2107E-11  0.2098E-11
CALSDV   51    6  0.2201E-11  0.2190E-11
CALSDV   52    6  0.2296E-11  0.2285E-11
CALSDV   53    6  0.2399E-11  0.2388E-11
CALSDV   54    6  0.2508E-11  0.2497E-11
CALSDV   55    6  0.2629E-11  0.2617E-11
CALSDV   56    6  0.2750E-11  0.2739E-11
CALSDV   57    6  0.2887E-11  0.2874E-11
CALSDV   58    6  0.3026E-11  0.3014E-11
CALSDV   59    6  0.3043E-11  0.3033E-11
CALSDV   60    6  0.3187E-11  0.3176E-11
CALSDV    7    7  0.1676E-10  0.1683E-10
CALSDV    8    7  0.1028E-10  0.1024E-10
CALSDV    9    7  0.6319E-11  0.6348E-11
CALSDV   10    7  0.4320E-11  0.4309E-11
CALSDV   11    7  0.3842E-11  0.3859E-11
CALSDV   12    7  0.2699E-11  0.2690E-11
CALSDV   13    7  0.2705E-11  0.2705E-11
CALSDV   14    7  0.2138E-11  0.2135E-11
CALSDV   15    7  0.2102E-11  0.2099E-11
CALSDV   16    7  0.1863E-11  0.1858E-11
CALSDV   17    7  0.1751E-11  0.1745E-11
CALSDV   18    7  0.1690E-11  0.1687E-11
CALSDV   19    7  0.1551E-11  0.1545E-11
CALSDV   20    7  0.1559E-11  0.1555E-11
CALSDV   21    7  0.1424E-11  0.1421E-11
CALSDV   22    7  0.1464E-11  0.1461E-11
CALSDV   23    7  0.1345E-11  0.1342E-11
CALSDV   24    7  0.1398E-11  0.1397E-11
CALSDV   25    7  0.1301E-11  0.1300E-11
CALSDV   26    7  0.1356E-11  0.1354E-11
CALSDV   27    7  0.1277E-11  0.1279E-11
CALSDV   28    7  0.1336E-11  0.1334E-11
CALSDV   29    7  0.1276E-11  0.1275E-11
CALSDV   30    7  0.1333E-11  0.1332E-11
CALSDV   31    7  0.1289E-11  0.1288E-11
CALSDV   32    7  0.1345E-11  0.1345E-11
CALSDV   33    7  0.1316E-11  0.1316E-11
CALSDV   34    7  0.1372E-11  0.1374E-11
CALSDV   35    7  0.1358E-11  0.1359E-11
CALSDV   36    7  0.1415E-11  0.1417E-11
CALSDV   37    7  0.1413E-11  0.1414E-11
CALSDV   38    7  0.1473E-11  0.1474E-11
CALSDV   39    7  0.1482E-11  0.1483E-11
CALSDV   40    7  0.1544E-11  0.1546E-11
CALSDV   41    7  0.1565E-11  0.1567E-11
CALSDV   42    7  0.1631E-11  0.1633E-11
CALSDV   43    7  0.1663E-11  0.1666E-11
CALSDV   44    7  0.1735E-11  0.1737E-11
CALSDV   45    7  0.1777E-11  0.1780E-11
CALSDV   46    7  0.1855E-11  0.1858E-11
CALSDV   47    7  0.1909E-11  0.1912E-11
CALSDV   48    7  0.1993E-11  0.1997E-11
CALSDV   49    7  0.2059E-11  0.2062E-11
CALSDV   50    7  0.2153E-11  0.2157E-11
CALSDV   51    7  0.2232E-11  0.2236E-11
CALSDV   52    7  0.2337E-11  0.2342E-11
CALSDV   53    7  0.2428E-11  0.2433E-11
CALSDV   54    7  0.2545E-11  0.2549E-11
CALSDV   55    7  0.2655E-11  0.2660E-11
CALSDV   56    7  0.2785E-11  0.2789E-11
CALSDV   57    7  0.2914E-11  0.2917E-11
CALSDV   58    7  0.3059E-11  0.3063E-11
CALSDV   59    7  0.3099E-11  0.3099E-11
CALSDV   60    7  0.3254E-11  0.3253E-11
CALSDV    8    8  0.9601E-11  0.9672E-11
CALSDV    9    8  0.9357E-11  0.9376E-11
CALSDV   10    8  0.5836E-11  0.5816E-11
CALSDV   11    8  0.5010E-11  0.5037E-11
CALSDV   12    8  0.4299E-11  0.4268E-11
CALSDV   13    8  0.3559E-11  0.3574E-11
CALSDV   14    8  0.3162E-11  0.3144E-11
CALSDV   15    8  0.2826E-11  0.2834E-11
CALSDV   16    8  0.2456E-11  0.2442E-11
CALSDV   17    8  0.2368E-11  0.2376E-11
CALSDV   18    8  0.2019E-11  0.2006E-11
CALSDV   19    8  0.2060E-11  0.2065E-11
CALSDV   20    8  0.1752E-11  0.1746E-11
CALSDV   21    8  0.1845E-11  0.1846E-11
CALSDV   22    8  0.1590E-11  0.1586E-11
CALSDV   23    8  0.1689E-11  0.1693E-11
CALSDV   24    8  0.1488E-11  0.1486E-11
CALSDV   25    8  0.1584E-11  0.1586E-11
CALSDV   26    8  0.1432E-11  0.1431E-11
CALSDV   27    8  0.1517E-11  0.1518E-11
CALSDV   28    8  0.1402E-11  0.1401E-11
CALSDV   29    8  0.1479E-11  0.1478E-11
CALSDV   30    8  0.1396E-11  0.1394E-11
CALSDV   31    8  0.1465E-11  0.1464E-11
CALSDV   32    8  0.1408E-11  0.1405E-11
CALSDV   33    8  0.1470E-11  0.1468E-11
CALSDV   34    8  0.1435E-11  0.1433E-11
CALSDV   35    8  0.1494E-11  0.1492E-11
CALSDV   36    8  0.1478E-11  0.1475E-11
CALSDV   37    8  0.1534E-11  0.1532E-11
CALSDV   38    8  0.1534E-11  0.1531E-11
CALSDV   39    8  0.1591E-11  0.1587E-11
CALSDV   40    8  0.1605E-11  0.1602E-11
CALSDV   41    8  0.1664E-11  0.1661E-11
CALSDV   42    8  0.1692E-11  0.1688E-11
CALSDV   43    8  0.1754E-11  0.1750E-11
CALSDV   44    8  0.1795E-11  0.1791E-11
CALSDV   45    8  0.1861E-11  0.1856E-11
CALSDV   46    8  0.1915E-11  0.1910E-11
CALSDV   47    8  0.1987E-11  0.1982E-11
CALSDV   48    8  0.2052E-11  0.2046E-11
CALSDV   49    8  0.2131E-11  0.2126E-11
CALSDV   50    8  0.2210E-11  0.2204E-11
CALSDV   51    8  0.2301E-11  0.2294E-11
CALSDV   52    8  0.2393E-11  0.2386E-11
CALSDV   53    8  0.2492E-11  0.2485E-11
CALSDV   54    8  0.2599E-11  0.2592E-11
CALSDV   55    8  0.2716E-11  0.2708E-11
CALSDV   56    8  0.2838E-11  0.2828E-11
CALSDV   57    8  0.2972E-11  0.2961E-11
CALSDV   58    8  0.3114E-11  0.3101E-11
CALSDV   59    8  0.3188E-11  0.3178E-11
CALSDV   60    8  0.3339E-11  0.3328E-11
CALSDV    9    9  0.1183E-10  0.1188E-10
CALSDV   10    9  0.9531E-11  0.9547E-11
CALSDV   11    9  0.6068E-11  0.6056E-11
CALSDV   12    9  0.4442E-11  0.4438E-11
CALSDV   13    9  0.4089E-11  0.4094E-11
CALSDV   14    9  0.2841E-11  0.2816E-11
CALSDV   15    9  0.2872E-11  0.2879E-11
CALSDV   16    9  0.2285E-11  0.2273E-11
CALSDV   17    9  0.2190E-11  0.2195E-11
CALSDV   18    9  0.2022E-11  0.2016E-11
CALSDV   19    9  0.1811E-11  0.1813E-11
CALSDV   20    9  0.1861E-11  0.1858E-11
CALSDV   21    9  0.1617E-11  0.1618E-11
CALSDV   22    9  0.1745E-11  0.1743E-11
CALSDV   23    9  0.1516E-11  0.1516E-11
CALSDV   24    9  0.1655E-11  0.1655E-11
CALSDV   25    9  0.1463E-11  0.1461E-11
CALSDV   26    9  0.1594E-11  0.1593E-11
CALSDV   27    9  0.1441E-11  0.1441E-11
CALSDV   28    9  0.1555E-11  0.1554E-11
CALSDV   29    9  0.1437E-11  0.1436E-11
CALSDV   30    9  0.1536E-11  0.1536E-11
CALSDV   31    9  0.1451E-11  0.1449E-11
CALSDV   32    9  0.1536E-11  0.1535E-11
CALSDV   33    9  0.1476E-11  0.1475E-11
CALSDV   34    9  0.1551E-11  0.1550E-11
CALSDV   35    9  0.1515E-11  0.1514E-11
CALSDV   36    9  0.1584E-11  0.1582E-11
CALSDV   37    9  0.1566E-11  0.1564E-11
CALSDV   38    9  0.1631E-11  0.1628E-11
CALSDV   39    9  0.1630E-11  0.1627E-11
CALSDV   40    9  0.1694E-11  0.1690E-11
CALSDV   41    9  0.1708E-11  0.1705E-11
CALSDV   42    9  0.1773E-11  0.1770E-11
CALSDV   43    9  0.1801E-11  0.1797E-11
CALSDV   44    9  0.1869E-11  0.1865E-11
CALSDV   45    9  0.1910E-11  0.1906E-11
CALSDV   46    9  0.1983E-11  0.1979E-11
CALSDV   47    9  0.2036E-11  0.2032E-11
CALSDV   48    9  0.2116E-11  0.2111E-11
CALSDV   49    9  0.2181E-11  0.2176E-11
CALSDV   50    9  0.2270E-11  0.2263E-11
CALSDV   51    9  0.2349E-11  0.2342E-11
CALSDV   52    9  0.2448E-11  0.2442E-11
CALSDV   53    9  0.2538E-11  0.2531E-11
CALSDV   54    9  0.2649E-11  0.2642E-11
CALSDV   55    9  0.2760E-11  0.2753E-11
CALSDV   56    9  0.2885E-11  0.2878E-11
CALSDV   57    9  0.3013E-11  0.3004E-11
CALSDV   58    9  0.3154E-11  0.3146E-11
CALSDV   59    9  0.3249E-11  0.3241E-11
CALSDV   60    9  0.3400E-11  0.3392E-11
CALSDV   10   10  0.8665E-11  0.8652E-11
CALSDV   11   10  0.7921E-11  0.7861E-11
CALSDV   12   10  0.5508E-11  0.5488E-11
CALSDV   13   10  0.4069E-11  0.4047E-11
CALSDV   14   10  0.4374E-11  0.4363E-11
CALSDV   15   10  0.3188E-11  0.3188E-11
CALSDV   16   10  0.3365E-11  0.3361E-11
CALSDV   17   10  0.2844E-11  0.2851E-11
CALSDV   18   10  0.2689E-11  0.2691E-11
CALSDV   19   10  0.2585E-11  0.2583E-11
CALSDV   20   10  0.2268E-11  0.2269E-11
CALSDV   21   10  0.2364E-11  0.2359E-11
CALSDV   22   10  0.2013E-11  0.2013E-11
CALSDV   23   10  0.2183E-11  0.2174E-11
CALSDV   24   10  0.1858E-11  0.1858E-11
CALSDV   25   10  0.2036E-11  0.2028E-11
CALSDV   26   10  0.1762E-11  0.1761E-11
CALSDV   27   10  0.1924E-11  0.1917E-11
CALSDV   28   10  0.1709E-11  0.1708E-11
CALSDV   29   10  0.1846E-11  0.1838E-11
CALSDV   30   10  0.1680E-11  0.1678E-11
CALSDV   31   10  0.1795E-11  0.1789E-11
CALSDV   32   10  0.1674E-11  0.1672E-11
CALSDV   33   10  0.1770E-11  0.1764E-11
CALSDV   34   10  0.1686E-11  0.1685E-11
CALSDV   35   10  0.1766E-11  0.1760E-11
CALSDV   36   10  0.1714E-11  0.1712E-11
CALSDV   37   10  0.1783E-11  0.1778E-11
CALSDV   38   10  0.1758E-11  0.1755E-11
CALSDV   39   10  0.1819E-11  0.1815E-11
CALSDV   40   10  0.1815E-11  0.1813E-11
CALSDV   41   10  0.1873E-11  0.1869E-11
CALSDV   42   10  0.1889E-11  0.1887E-11
CALSDV   43   10  0.1946E-11  0.1943E-11
CALSDV   44   10  0.1979E-11  0.1977E-11
CALSDV   45   10  0.2038E-11  0.2034E-11
CALSDV   46   10  0.2087E-11  0.2085E-11
CALSDV   47   10  0.2149E-11  0.2146E-11
CALSDV   48   10  0.2214E-11  0.2211E-11
CALSDV   49   10  0.2282E-11  0.2279E-11
CALSDV   50   10  0.2361E-11  0.2358E-11
CALSDV   51   10  0.2438E-11  0.2435E-11
CALSDV   52   10  0.2532E-11  0.2529E-11
CALSDV   53   10  0.2617E-11  0.2614E-11
CALSDV   54   10  0.2726E-11  0.2723E-11
CALSDV   55   10  0.2830E-11  0.2827E-11
CALSDV   56   10  0.2956E-11  0.2952E-11
CALSDV   57   10  0.3075E-11  0.3073E-11
CALSDV   58   10  0.3220E-11  0.3217E-11
CALSDV   59   10  0.3334E-11  0.3332E-11
CALSDV   60   10  0.3495E-11  0.3492E-11
CALSDV   11   11  0.8563E-11  0.8670E-11
CALSDV   12   11  0.8400E-11  0.8505E-11
CALSDV   13   11  0.5753E-11  0.5794E-11
CALSDV   14   11  0.4320E-11  0.4386E-11
CALSDV   15   11  0.4364E-11  0.4377E-11
CALSDV   16   11  0.3007E-11  0.3042E-11
CALSDV   17   11  0.3152E-11  0.3163E-11
CALSDV   18   11  0.2507E-11  0.2523E-11
CALSDV   19   11  0.2391E-11  0.2392E-11
CALSDV   20   11  0.2223E-11  0.2228E-11
CALSDV   21   11  0.1959E-11  0.1961E-11
CALSDV   22   11  0.2027E-11  0.2030E-11
CALSDV   23   11  0.1748E-11  0.1750E-11
CALSDV   24   11  0.1892E-11  0.1894E-11
CALSDV   25   11  0.1659E-11  0.1662E-11
CALSDV   26   11  0.1794E-11  0.1800E-11
CALSDV   27   11  0.1626E-11  0.1633E-11
CALSDV   28   11  0.1731E-11  0.1737E-11
CALSDV   29   11  0.1626E-11  0.1633E-11
CALSDV   30   11  0.1698E-11  0.1704E-11
CALSDV   31   11  0.1642E-11  0.1650E-11
CALSDV   32   11  0.1688E-11  0.1695E-11
CALSDV   33   11  0.1670E-11  0.1679E-11
CALSDV   34   11  0.1699E-11  0.1707E-11
CALSDV   35   11  0.1710E-11  0.1718E-11
CALSDV   36   11  0.1727E-11  0.1734E-11
CALSDV   37   11  0.1761E-11  0.1769E-11
CALSDV   38   11  0.1771E-11  0.1779E-11
CALSDV   39   11  0.1821E-11  0.1830E-11
CALSDV   40   11  0.1833E-11  0.1842E-11
CALSDV   41   11  0.1893E-11  0.1903E-11
CALSDV   42   11  0.1909E-11  0.1919E-11
CALSDV   43   11  0.1978E-11  0.1990E-11
CALSDV   44   11  0.2002E-11  0.2013E-11
CALSDV   45   11  0.2078E-11  0.2091E-11
CALSDV   46   11  0.2112E-11  0.2124E-11
CALSDV   47   11  0.2195E-11  0.2208E-11
CALSDV   48   11  0.2240E-11  0.2253E-11
CALSDV   49   11  0.2330E-11  0.2344E-11
CALSDV   50   11  0.2389E-11  0.2404E-11
CALSDV   51   11  0.2487E-11  0.2502E-11
CALSDV   52   11  0.2561E-11  0.2577E-11
CALSDV   53   11  0.2664E-11  0.2681E-11
CALSDV   54   11  0.2755E-11  0.2772E-11
CALSDV   55   11  0.2874E-11  0.2892E-11
CALSDV   56   11  0.2983E-11  0.3002E-11
CALSDV   57   11  0.3114E-11  0.3133E-11
CALSDV   58   11  0.3245E-11  0.3266E-11
CALSDV   59   11  0.3389E-11  0.3408E-11
CALSDV   60   11  0.3529E-11  0.3547E-11
CALSDV   12   12  0.7660E-11  0.7706E-11
CALSDV   13   12  0.7669E-11  0.7736E-11
CALSDV   14   12  0.5289E-11  0.5317E-11
CALSDV   15   12  0.3812E-11  0.3843E-11
CALSDV   16   12  0.4272E-11  0.4281E-11
CALSDV   17   12  0.2996E-11  0.3013E-11
CALSDV   18   12  0.3287E-11  0.3296E-11
CALSDV   19   12  0.2817E-11  0.2823E-11
CALSDV   20   12  0.2649E-11  0.2659E-11
CALSDV   21   12  0.2666E-11  0.2668E-11
CALSDV   22   12  0.2290E-11  0.2298E-11
CALSDV   23   12  0.2507E-11  0.2509E-11
CALSDV   24   12  0.2105E-11  0.2115E-11
CALSDV   25   12  0.2362E-11  0.2365E-11
CALSDV   26   12  0.2011E-11  0.2029E-11
CALSDV   27   12  0.2240E-11  0.2243E-11
CALSDV   28   12  0.1970E-11  0.1982E-11
CALSDV   29   12  0.2144E-11  0.2148E-11
CALSDV   30   12  0.1957E-11  0.1968E-11
CALSDV   31   12  0.2076E-11  0.2081E-11
CALSDV   32   12  0.1954E-11  0.1968E-11
CALSDV   33   12  0.2035E-11  0.2039E-11
CALSDV   34   12  0.1968E-11  0.1978E-11
CALSDV   35   12  0.2016E-11  0.2023E-11
CALSDV   36   12  0.1992E-11  0.2003E-11
CALSDV   37   12  0.2019E-11  0.2025E-11
CALSDV   38   12  0.2030E-11  0.2038E-11
CALSDV   39   12  0.2042E-11  0.2048E-11
CALSDV   40   12  0.2079E-11  0.2088E-11
CALSDV   41   12  0.2085E-11  0.2094E-11
CALSDV   42   12  0.2142E-11  0.2152E-11
CALSDV   43   12  0.2146E-11  0.2155E-11
CALSDV   44   12  0.2219E-11  0.2230E-11
CALSDV   45   12  0.2226E-11  0.2237E-11
CALSDV   46   12  0.2312E-11  0.2324E-11
CALSDV   47   12  0.2327E-11  0.2338E-11
CALSDV   48   12  0.2422E-11  0.2437E-11
CALSDV   49   12  0.2446E-11  0.2458E-11
CALSDV   50   12  0.2554E-11  0.2569E-11
CALSDV   51   12  0.2591E-11  0.2605E-11
CALSDV   52   12  0.2708E-11  0.2725E-11
CALSDV   53   12  0.2756E-11  0.2771E-11
CALSDV   54   12  0.2884E-11  0.2901E-11
CALSDV   55   12  0.2956E-11  0.2972E-11
CALSDV   56   12  0.3099E-11  0.3115E-11
CALSDV   57   12  0.3187E-11  0.3202E-11
CALSDV   58   12  0.3345E-11  0.3362E-11
CALSDV   59   12  0.3473E-11  0.3490E-11
CALSDV   60   12  0.3653E-11  0.3671E-11
CALSDV   13   13  0.7129E-11  0.7103E-11
CALSDV   14   13  0.7464E-11  0.7490E-11
CALSDV   15   13  0.5599E-11  0.5602E-11
CALSDV   16   13  0.4072E-11  0.4098E-11
CALSDV   17   13  0.4599E-11  0.4601E-11
CALSDV   18   13  0.3155E-11  0.3174E-11
CALSDV   19   13  0.3428E-11  0.3437E-11
CALSDV   20   13  0.2764E-11  0.2784E-11
CALSDV   21   13  0.2619E-11  0.2629E-11
CALSDV   22   13  0.2468E-11  0.2486E-11
CALSDV   23   13  0.2144E-11  0.2160E-11
CALSDV   24   13  0.2231E-11  0.2245E-11
CALSDV   25   13  0.1918E-11  0.1932E-11
CALSDV   26   13  0.2058E-11  0.2068E-11
CALSDV   27   13  0.1839E-11  0.1852E-11
CALSDV   28   13  0.1942E-11  0.1950E-11
CALSDV   29   13  0.1829E-11  0.1837E-11
CALSDV   30   13  0.1871E-11  0.1880E-11
CALSDV   31   13  0.1852E-11  0.1858E-11
CALSDV   32   13  0.1842E-11  0.1848E-11
CALSDV   33   13  0.1887E-11  0.1893E-11
CALSDV   34   13  0.1844E-11  0.1849E-11
CALSDV   35   13  0.1930E-11  0.1937E-11
CALSDV   36   13  0.1871E-11  0.1875E-11
CALSDV   37   13  0.1981E-11  0.1991E-11
CALSDV   38   13  0.1916E-11  0.1923E-11
CALSDV   39   13  0.2042E-11  0.2052E-11
CALSDV   40   13  0.1979E-11  0.1986E-11
CALSDV   41   13  0.2113E-11  0.2122E-11
CALSDV   42   13  0.2061E-11  0.2070E-11
CALSDV   43   13  0.2194E-11  0.2204E-11
CALSDV   44   13  0.2156E-11  0.2166E-11
CALSDV   45   13  0.2289E-11  0.2298E-11
CALSDV   46   13  0.2270E-11  0.2278E-11
CALSDV   47   13  0.2397E-11  0.2407E-11
CALSDV   48   13  0.2399E-11  0.2409E-11
CALSDV   49   13  0.2522E-11  0.2533E-11
CALSDV   50   13  0.2544E-11  0.2555E-11
CALSDV   51   13  0.2666E-11  0.2679E-11
CALSDV   52   13  0.2712E-11  0.2726E-11
CALSDV   53   13  0.2830E-11  0.2843E-11
CALSDV   54   13  0.2900E-11  0.2912E-11
CALSDV   55   13  0.3026E-11  0.3040E-11
CALSDV   56   13  0.3121E-11  0.3136E-11
CALSDV   57   13  0.3249E-11  0.3264E-11
CALSDV   58   13  0.3371E-11  0.3387E-11
CALSDV   59   13  0.3546E-11  0.3561E-11
CALSDV   60   13  0.3681E-11  0.3697E-11
CALSDV   14   14  0.6245E-11  0.6308E-11
CALSDV   15   14  0.7926E-11  0.7776E-11
CALSDV   16   14  0.5360E-11  0.5320E-11
CALSDV   17   14  0.4035E-11  0.3940E-11
CALSDV   18   14  0.4434E-11  0.4406E-11
CALSDV   19   14  0.3116E-11  0.3063E-11
CALSDV   20   14  0.3347E-11  0.3328E-11
CALSDV   21   14  0.2927E-11  0.2892E-11
CALSDV   22   14  0.2642E-11  0.2631E-11
CALSDV   23   14  0.2782E-11  0.2764E-11
CALSDV   24   14  0.2285E-11  0.2283E-11
CALSDV   25   14  0.2636E-11  0.2622E-11
CALSDV   26   14  0.2160E-11  0.2159E-11
CALSDV   27   14  0.2503E-11  0.2490E-11
CALSDV   28   14  0.2142E-11  0.2142E-11
CALSDV   29   14  0.2398E-11  0.2381E-11
CALSDV   30   14  0.2166E-11  0.2164E-11
CALSDV   31   14  0.2319E-11  0.2303E-11
CALSDV   32   14  0.2208E-11  0.2201E-11
CALSDV   33   14  0.2271E-11  0.2253E-11
CALSDV   34   14  0.2248E-11  0.2242E-11
CALSDV   35   14  0.2248E-11  0.2228E-11
CALSDV   36   14  0.2290E-11  0.2281E-11
CALSDV   37   14  0.2247E-11  0.2228E-11
CALSDV   38   14  0.2335E-11  0.2326E-11
CALSDV   39   14  0.2268E-11  0.2249E-11
CALSDV   40   14  0.2387E-11  0.2376E-11
CALSDV   41   14  0.2307E-11  0.2287E-11
CALSDV   42   14  0.2449E-11  0.2436E-11
CALSDV   43   14  0.2367E-11  0.2347E-11
CALSDV   44   14  0.2519E-11  0.2505E-11
CALSDV   45   14  0.2445E-11  0.2422E-11
CALSDV   46   14  0.2605E-11  0.2585E-11
CALSDV   47   14  0.2541E-11  0.2515E-11
CALSDV   48   14  0.2704E-11  0.2681E-11
CALSDV   49   14  0.2656E-11  0.2630E-11
CALSDV   50   14  0.2820E-11  0.2795E-11
CALSDV   51   14  0.2793E-11  0.2764E-11
CALSDV   52   14  0.2957E-11  0.2930E-11
CALSDV   53   14  0.2947E-11  0.2917E-11
CALSDV   54   14  0.3112E-11  0.3083E-11
CALSDV   55   14  0.3134E-11  0.3103E-11
CALSDV   56   14  0.3306E-11  0.3275E-11
CALSDV   57   14  0.3348E-11  0.3318E-11
CALSDV   58   14  0.3530E-11  0.3497E-11
CALSDV   59   14  0.3650E-11  0.3616E-11
CALSDV   60   14  0.3855E-11  0.3820E-11
CALSDV   15   15  0.6958E-11  0.6935E-11
CALSDV   16   15  0.7904E-11  0.7794E-11
CALSDV   17   15  0.5473E-11  0.5509E-11
CALSDV   18   15  0.4223E-11  0.4198E-11
CALSDV   19   15  0.4778E-11  0.4804E-11
CALSDV   20   15  0.3252E-11  0.3258E-11
CALSDV   21   15  0.3738E-11  0.3754E-11
CALSDV   22   15  0.2933E-11  0.2935E-11
CALSDV   23   15  0.2979E-11  0.3001E-11
CALSDV   24   15  0.2691E-11  0.2694E-11
CALSDV   25   15  0.2530E-11  0.2550E-11
CALSDV   26   15  0.2482E-11  0.2485E-11
CALSDV   27   15  0.2306E-11  0.2327E-11
CALSDV   28   15  0.2322E-11  0.2315E-11
CALSDV   29   15  0.2221E-11  0.2241E-11
CALSDV   30   15  0.2209E-11  0.2201E-11
CALSDV   31   15  0.2206E-11  0.2219E-11
CALSDV   32   15  0.2148E-11  0.2134E-11
CALSDV   33   15  0.2224E-11  0.2234E-11
CALSDV   34   15  0.2123E-11  0.2110E-11
CALSDV   35   15  0.2259E-11  0.2265E-11
CALSDV   36   15  0.2129E-11  0.2123E-11
CALSDV   37   15  0.2299E-11  0.2309E-11
CALSDV   38   15  0.2166E-11  0.2158E-11
CALSDV   39   15  0.2349E-11  0.2356E-11
CALSDV   40   15  0.2220E-11  0.2218E-11
CALSDV   41   15  0.2408E-11  0.2414E-11
CALSDV   42   15  0.2292E-11  0.2293E-11
CALSDV   43   15  0.2477E-11  0.2483E-11
CALSDV   44   15  0.2386E-11  0.2384E-11
CALSDV   45   15  0.2560E-11  0.2562E-11
CALSDV   46   15  0.2491E-11  0.2494E-11
CALSDV   47   15  0.2653E-11  0.2657E-11
CALSDV   48   15  0.2614E-11  0.2619E-11
CALSDV   49   15  0.2763E-11  0.2769E-11
CALSDV   50   15  0.2755E-11  0.2760E-11
CALSDV   51   15  0.2892E-11  0.2899E-11
CALSDV   52   15  0.2913E-11  0.2920E-11
CALSDV   53   15  0.3034E-11  0.3045E-11
CALSDV   54   15  0.3086E-11  0.3095E-11
CALSDV   55   15  0.3211E-11  0.3221E-11
CALSDV   56   15  0.3294E-11  0.3303E-11
CALSDV   57   15  0.3412E-11  0.3423E-11
CALSDV   58   15  0.3527E-11  0.3539E-11
CALSDV   59   15  0.3714E-11  0.3726E-11
CALSDV   60   15  0.3848E-11  0.3862E-11
CALSDV   16   16  0.5698E-11  0.5774E-11
CALSDV   17   16  0.8022E-11  0.8042E-11
CALSDV   18   16  0.5507E-11  0.5550E-11
CALSDV   19   16  0.4481E-11  0.4491E-11
CALSDV   20   16  0.4745E-11  0.4775E-11
CALSDV   21   16  0.3506E-11  0.3519E-11
CALSDV   22   16  0.3601E-11  0.3622E-11
CALSDV   23   16  0.3189E-11  0.3211E-11
CALSDV   24   16  0.2820E-11  0.2838E-11
CALSDV   25   16  0.2953E-11  0.2978E-11
CALSDV   26   16  0.2436E-11  0.2448E-11
CALSDV   27   16  0.2772E-11  0.2793E-11
CALSDV   28   16  0.2328E-11  0.2340E-11
CALSDV   29   16  0.2632E-11  0.2652E-11
CALSDV   30   16  0.2352E-11  0.2363E-11
CALSDV   31   16  0.2539E-11  0.2555E-11
CALSDV   32   16  0.2419E-11  0.2429E-11
CALSDV   33   16  0.2488E-11  0.2501E-11
CALSDV   34   16  0.2497E-11  0.2510E-11
CALSDV   35   16  0.2470E-11  0.2484E-11
CALSDV   36   16  0.2570E-11  0.2583E-11
CALSDV   37   16  0.2479E-11  0.2491E-11
CALSDV   38   16  0.2635E-11  0.2648E-11
CALSDV   39   16  0.2508E-11  0.2519E-11
CALSDV   40   16  0.2695E-11  0.2711E-11
CALSDV   41   16  0.2554E-11  0.2566E-11
CALSDV   42   16  0.2756E-11  0.2773E-11
CALSDV   43   16  0.2613E-11  0.2628E-11
CALSDV   44   16  0.2823E-11  0.2841E-11
CALSDV   45   16  0.2687E-11  0.2704E-11
CALSDV   46   16  0.2896E-11  0.2916E-11
CALSDV   47   16  0.2776E-11  0.2796E-11
CALSDV   48   16  0.2978E-11  0.3002E-11
CALSDV   49   16  0.2878E-11  0.2901E-11
CALSDV   50   16  0.3076E-11  0.3101E-11
CALSDV   51   16  0.3002E-11  0.3027E-11
CALSDV   52   16  0.3191E-11  0.3218E-11
CALSDV   53   16  0.3136E-11  0.3164E-11
CALSDV   54   16  0.3319E-11  0.3351E-11
CALSDV   55   16  0.3300E-11  0.3333E-11
CALSDV   56   16  0.3485E-11  0.3517E-11
CALSDV   57   16  0.3490E-11  0.3519E-11
CALSDV   58   16  0.3678E-11  0.3710E-11
CALSDV   59   16  0.3794E-11  0.3826E-11
CALSDV   60   16  0.4001E-11  0.4036E-11
CALSDV   17   17  0.5548E-11  0.5503E-11
CALSDV   18   17  0.6837E-11  0.6909E-11
CALSDV   19   17  0.5381E-11  0.5404E-11
CALSDV   20   17  0.3901E-11  0.3936E-11
CALSDV   21   17  0.4753E-11  0.4768E-11
CALSDV   22   17  0.3523E-11  0.3553E-11
CALSDV   23   17  0.3687E-11  0.3697E-11
CALSDV   24   17  0.3347E-11  0.3372E-11
CALSDV   25   17  0.2917E-11  0.2926E-11
CALSDV   26   17  0.3057E-11  0.3076E-11
CALSDV   27   17  0.2489E-11  0.2493E-11
CALSDV   28   17  0.2758E-11  0.2773E-11
CALSDV   29   17  0.2307E-11  0.2313E-11
CALSDV   30   17  0.2506E-11  0.2526E-11
CALSDV   31   17  0.2267E-11  0.2274E-11
CALSDV   32   17  0.2338E-11  0.2360E-11
CALSDV   33   17  0.2293E-11  0.2298E-11
CALSDV   34   17  0.2258E-11  0.2275E-11
CALSDV   35   17  0.2347E-11  0.2358E-11
CALSDV   36   17  0.2241E-11  0.2259E-11
CALSDV   37   17  0.2414E-11  0.2425E-11
CALSDV   38   17  0.2273E-11  0.2294E-11
CALSDV   39   17  0.2484E-11  0.2498E-11
CALSDV   40   17  0.2343E-11  0.2367E-11
CALSDV   41   17  0.2560E-11  0.2575E-11
CALSDV   42   17  0.2437E-11  0.2461E-11
CALSDV   43   17  0.2641E-11  0.2659E-11
CALSDV   44   17  0.2546E-11  0.2570E-11
CALSDV   45   17  0.2730E-11  0.2749E-11
CALSDV   46   17  0.2668E-11  0.2693E-11
CALSDV   47   17  0.2830E-11  0.2850E-11
CALSDV   48   17  0.2806E-11  0.2829E-11
CALSDV   49   17  0.2942E-11  0.2962E-11
CALSDV   50   17  0.2951E-11  0.2974E-11
CALSDV   51   17  0.3070E-11  0.3090E-11
CALSDV   52   17  0.3112E-11  0.3136E-11
CALSDV   53   17  0.3207E-11  0.3230E-11
CALSDV   54   17  0.3280E-11  0.3306E-11
CALSDV   55   17  0.3373E-11  0.3396E-11
CALSDV   56   17  0.3475E-11  0.3503E-11
CALSDV   57   17  0.3556E-11  0.3582E-11
CALSDV   58   17  0.3689E-11  0.3716E-11
CALSDV   59   17  0.3856E-11  0.3885E-11
CALSDV   60   17  0.4017E-11  0.4047E-11
CALSDV   18   18  0.6683E-11  0.6678E-11
CALSDV   19   18  0.7892E-11  0.7942E-11
CALSDV   20   18  0.5924E-11  0.5960E-11
CALSDV   21   18  0.4800E-11  0.4843E-11
CALSDV   22   18  0.5077E-11  0.5102E-11
CALSDV   23   18  0.3576E-11  0.3611E-11
CALSDV   24   18  0.3824E-11  0.3847E-11
CALSDV   25   18  0.3369E-11  0.3379E-11
CALSDV   26   18  0.2996E-11  0.3012E-11
CALSDV   27   18  0.3167E-11  0.3180E-11
CALSDV   28   18  0.2616E-11  0.2641E-11
CALSDV   29   18  0.2979E-11  0.2991E-11
CALSDV   30   18  0.2575E-11  0.2601E-11
CALSDV   31   18  0.2795E-11  0.2807E-11
CALSDV   32   18  0.2655E-11  0.2684E-11
CALSDV   33   18  0.2712E-11  0.2730E-11
CALSDV   34   18  0.2772E-11  0.2798E-11
CALSDV   35   18  0.2660E-11  0.2675E-11
CALSDV   36   18  0.2885E-11  0.2906E-11
CALSDV   37   18  0.2669E-11  0.2686E-11
CALSDV   38   18  0.2980E-11  0.3006E-11
CALSDV   39   18  0.2701E-11  0.2724E-11
CALSDV   40   18  0.3059E-11  0.3086E-11
CALSDV   41   18  0.2762E-11  0.2783E-11
CALSDV   42   18  0.3127E-11  0.3155E-11
CALSDV   43   18  0.2837E-11  0.2859E-11
CALSDV   44   18  0.3189E-11  0.3218E-11
CALSDV   45   18  0.2921E-11  0.2946E-11
CALSDV   46   18  0.3253E-11  0.3283E-11
CALSDV   47   18  0.3015E-11  0.3041E-11
CALSDV   48   18  0.3320E-11  0.3351E-11
CALSDV   49   18  0.3120E-11  0.3149E-11
CALSDV   50   18  0.3396E-11  0.3430E-11
CALSDV   51   18  0.3236E-11  0.3267E-11
CALSDV   52   18  0.3487E-11  0.3522E-11
CALSDV   53   18  0.3360E-11  0.3394E-11
CALSDV   54   18  0.3586E-11  0.3623E-11
CALSDV   55   18  0.3509E-11  0.3544E-11
CALSDV   56   18  0.3722E-11  0.3758E-11
CALSDV   57   18  0.3671E-11  0.3706E-11
CALSDV   58   18  0.3876E-11  0.3912E-11
CALSDV   59   18  0.3964E-11  0.4003E-11
CALSDV   60   18  0.4181E-11  0.4221E-11
CALSDV   19   19  0.5400E-11  0.5411E-11
CALSDV   20   19  0.7036E-11  0.7002E-11
CALSDV   21   19  0.5505E-11  0.5512E-11
CALSDV   22   19  0.4326E-11  0.4284E-11
CALSDV   23   19  0.4918E-11  0.4923E-11
CALSDV   24   19  0.3855E-11  0.3841E-11
CALSDV   25   19  0.3791E-11  0.3791E-11
CALSDV   26   19  0.3794E-11  0.3786E-11
CALSDV   27   19  0.3078E-11  0.3076E-11
CALSDV   28   19  0.3530E-11  0.3538E-11
CALSDV   29   19  0.2702E-11  0.2699E-11
CALSDV   30   19  0.3243E-11  0.3251E-11
CALSDV   31   19  0.2574E-11  0.2569E-11
CALSDV   32   19  0.2944E-11  0.2950E-11
CALSDV   33   19  0.2531E-11  0.2527E-11
CALSDV   34   19  0.2767E-11  0.2776E-11
CALSDV   35   19  0.2575E-11  0.2571E-11
CALSDV   36   19  0.2661E-11  0.2669E-11
CALSDV   37   19  0.2626E-11  0.2621E-11
CALSDV   38   19  0.2646E-11  0.2651E-11
CALSDV   39   19  0.2703E-11  0.2697E-11
CALSDV   40   19  0.2680E-11  0.2687E-11
CALSDV   41   19  0.2781E-11  0.2775E-11
CALSDV   42   19  0.2758E-11  0.2762E-11
CALSDV   43   19  0.2866E-11  0.2864E-11
CALSDV   44   19  0.2865E-11  0.2867E-11
CALSDV   45   19  0.2961E-11  0.2956E-11
CALSDV   46   19  0.2982E-11  0.2984E-11
CALSDV   47   19  0.3062E-11  0.3057E-11
CALSDV   48   19  0.3112E-11  0.3110E-11
CALSDV   49   19  0.3174E-11  0.3169E-11
CALSDV   50   19  0.3252E-11  0.3250E-11
CALSDV   51   19  0.3297E-11  0.3294E-11
CALSDV   52   19  0.3397E-11  0.3397E-11
CALSDV   53   19  0.3427E-11  0.3421E-11
CALSDV   54   19  0.3550E-11  0.3548E-11
CALSDV   55   19  0.3580E-11  0.3577E-11
CALSDV   56   19  0.3725E-11  0.3722E-11
CALSDV   57   19  0.3743E-11  0.3740E-11
CALSDV   58   19  0.3906E-11  0.3906E-11
CALSDV   59   19  0.4033E-11  0.4032E-11
CALSDV   60   19  0.4222E-11  0.4221E-11
CALSDV   20   20  0.7189E-11  0.7126E-11
CALSDV   21   20  0.8199E-11  0.8122E-11
CALSDV   22   20  0.6285E-11  0.6287E-11
CALSDV   23   20  0.5170E-11  0.5096E-11
CALSDV   24   20  0.5507E-11  0.5501E-11
CALSDV   25   20  0.4372E-11  0.4330E-11
CALSDV   26   20  0.4094E-11  0.4092E-11
CALSDV   27   20  0.3657E-11  0.3670E-11
CALSDV   28   20  0.3233E-11  0.3238E-11
CALSDV   29   20  0.3440E-11  0.3448E-11
CALSDV   30   20  0.2877E-11  0.2884E-11
CALSDV   31   20  0.3162E-11  0.3174E-11
CALSDV   32   20  0.2806E-11  0.2816E-11
CALSDV   33   20  0.2962E-11  0.2970E-11
CALSDV   34   20  0.2916E-11  0.2926E-11
CALSDV   35   20  0.2838E-11  0.2844E-11
CALSDV   36   20  0.3039E-11  0.3050E-11
CALSDV   37   20  0.2822E-11  0.2828E-11
CALSDV   38   20  0.3168E-11  0.3178E-11
CALSDV   39   20  0.2854E-11  0.2859E-11
CALSDV   40   20  0.3281E-11  0.3289E-11
CALSDV   41   20  0.2939E-11  0.2943E-11
CALSDV   42   20  0.3377E-11  0.3384E-11
CALSDV   43   20  0.3043E-11  0.3042E-11
CALSDV   44   20  0.3461E-11  0.3464E-11
CALSDV   45   20  0.3155E-11  0.3158E-11
CALSDV   46   20  0.3535E-11  0.3538E-11
CALSDV   47   20  0.3272E-11  0.3273E-11
CALSDV   48   20  0.3608E-11  0.3611E-11
CALSDV   49   20  0.3389E-11  0.3391E-11
CALSDV   50   20  0.3683E-11  0.3685E-11
CALSDV   51   20  0.3510E-11  0.3513E-11
CALSDV   52   20  0.3766E-11  0.3769E-11
CALSDV   53   20  0.3624E-11  0.3629E-11
CALSDV   54   20  0.3851E-11  0.3855E-11
CALSDV   55   20  0.3760E-11  0.3763E-11
CALSDV   56   20  0.3966E-11  0.3968E-11
CALSDV   57   20  0.3891E-11  0.3895E-11
CALSDV   58   20  0.4088E-11  0.4092E-11
CALSDV   59   20  0.4167E-11  0.4171E-11
CALSDV   60   20  0.4372E-11  0.4376E-11
CALSDV   21   21  0.5599E-11  0.5561E-11
CALSDV   22   21  0.7350E-11  0.7281E-11
CALSDV   23   21  0.5707E-11  0.5692E-11
CALSDV   24   21  0.4362E-11  0.4328E-11
CALSDV   25   21  0.5031E-11  0.5023E-11
CALSDV   26   21  0.4302E-11  0.4285E-11
CALSDV   27   21  0.4221E-11  0.4223E-11
CALSDV   28   21  0.4113E-11  0.4108E-11
CALSDV   29   21  0.3317E-11  0.3316E-11
CALSDV   30   21  0.3936E-11  0.3932E-11
CALSDV   31   21  0.2973E-11  0.2970E-11
CALSDV   32   21  0.3672E-11  0.3670E-11
CALSDV   33   21  0.2890E-11  0.2886E-11
CALSDV   34   21  0.3438E-11  0.3431E-11
CALSDV   35   21  0.2960E-11  0.2948E-11
CALSDV   36   21  0.3228E-11  0.3222E-11
CALSDV   37   21  0.2936E-11  0.2924E-11
CALSDV   38   21  0.3163E-11  0.3153E-11
CALSDV   39   21  0.3038E-11  0.3027E-11
CALSDV   40   21  0.3144E-11  0.3133E-11
CALSDV   41   21  0.3080E-11  0.3068E-11
CALSDV   42   21  0.3195E-11  0.3182E-11
CALSDV   43   21  0.3170E-11  0.3158E-11
CALSDV   44   21  0.3273E-11  0.3265E-11
CALSDV   45   21  0.3253E-11  0.3241E-11
CALSDV   46   21  0.3383E-11  0.3372E-11
CALSDV   47   21  0.3349E-11  0.3338E-11
CALSDV   48   21  0.3497E-11  0.3491E-11
CALSDV   49   21  0.3451E-11  0.3443E-11
CALSDV   50   21  0.3617E-11  0.3610E-11
CALSDV   51   21  0.3563E-11  0.3556E-11
CALSDV   52   21  0.3744E-11  0.3739E-11
CALSDV   53   21  0.3679E-11  0.3672E-11
CALSDV   54   21  0.3868E-11  0.3862E-11
CALSDV   55   21  0.3811E-11  0.3806E-11
CALSDV   56   21  0.4008E-11  0.4004E-11
CALSDV   57   21  0.3945E-11  0.3941E-11
CALSDV   58   21  0.4145E-11  0.4142E-11
CALSDV   59   21  0.4214E-11  0.4208E-11
CALSDV   60   21  0.4433E-11  0.4429E-11
CALSDV   22   22  0.7210E-11  0.7194E-11
CALSDV   23   22  0.8230E-11  0.8153E-11
CALSDV   24   22  0.6528E-11  0.6528E-11
CALSDV   25   22  0.5120E-11  0.5068E-11
CALSDV   26   22  0.5753E-11  0.5731E-11
CALSDV   27   22  0.4771E-11  0.4749E-11
CALSDV   28   22  0.4754E-11  0.4742E-11
CALSDV   29   22  0.4358E-11  0.4344E-11
CALSDV   30   22  0.3451E-11  0.3448E-11
CALSDV   31   22  0.3749E-11  0.3754E-11
CALSDV   32   22  0.3144E-11  0.3147E-11
CALSDV   33   22  0.3404E-11  0.3399E-11
CALSDV   34   22  0.3106E-11  0.3101E-11
CALSDV   35   22  0.3135E-11  0.3137E-11
CALSDV   36   22  0.3170E-11  0.3169E-11
CALSDV   37   22  0.2996E-11  0.3003E-11
CALSDV   38   22  0.3303E-11  0.3311E-11
CALSDV   39   22  0.2980E-11  0.2991E-11
CALSDV   40   22  0.3421E-11  0.3426E-11
CALSDV   41   22  0.3051E-11  0.3061E-11
CALSDV   42   22  0.3540E-11  0.3544E-11
CALSDV   43   22  0.3181E-11  0.3184E-11
CALSDV   44   22  0.3646E-11  0.3648E-11
CALSDV   45   22  0.3333E-11  0.3335E-11
CALSDV   46   22  0.3743E-11  0.3744E-11
CALSDV   47   22  0.3488E-11  0.3487E-11
CALSDV   48   22  0.3833E-11  0.3833E-11
CALSDV   49   22  0.3632E-11  0.3636E-11
CALSDV   50   22  0.3917E-11  0.3922E-11
CALSDV   51   22  0.3768E-11  0.3771E-11
CALSDV   52   22  0.4005E-11  0.4011E-11
CALSDV   53   22  0.3885E-11  0.3891E-11
CALSDV   54   22  0.4090E-11  0.4094E-11
CALSDV   55   22  0.4007E-11  0.4013E-11
CALSDV   56   22  0.4191E-11  0.4197E-11
CALSDV   57   22  0.4112E-11  0.4117E-11
CALSDV   58   22  0.4289E-11  0.4293E-11
CALSDV   59   22  0.4354E-11  0.4363E-11
CALSDV   60   22  0.4543E-11  0.4551E-11
CALSDV   23   23  0.5784E-11  0.5769E-11
CALSDV   24   23  0.7807E-11  0.7796E-11
CALSDV   25   23  0.5980E-11  0.5955E-11
CALSDV   26   23  0.4375E-11  0.4387E-11
CALSDV   27   23  0.5130E-11  0.5195E-11
CALSDV   28   23  0.4553E-11  0.4562E-11
CALSDV   29   23  0.4648E-11  0.4657E-11
CALSDV   30   23  0.4628E-11  0.4639E-11
CALSDV   31   23  0.3770E-11  0.3752E-11
CALSDV   32   23  0.4310E-11  0.4300E-11
CALSDV   33   23  0.3438E-11  0.3400E-11
CALSDV   34   23  0.4033E-11  0.4030E-11
CALSDV   35   23  0.3260E-11  0.3248E-11
CALSDV   36   23  0.3859E-11  0.3855E-11
CALSDV   37   23  0.3350E-11  0.3330E-11
CALSDV   38   23  0.3735E-11  0.3731E-11
CALSDV   39   23  0.3490E-11  0.3472E-11
CALSDV   40   23  0.3662E-11  0.3658E-11
CALSDV   41   23  0.3446E-11  0.3441E-11
CALSDV   42   23  0.3704E-11  0.3695E-11
CALSDV   43   23  0.3588E-11  0.3586E-11
CALSDV   44   23  0.3764E-11  0.3751E-11
CALSDV   45   23  0.3615E-11  0.3621E-11
CALSDV   46   23  0.3856E-11  0.3850E-11
CALSDV   47   23  0.3716E-11  0.3722E-11
CALSDV   48   23  0.3962E-11  0.3955E-11
CALSDV   49   23  0.3800E-11  0.3803E-11
CALSDV   50   23  0.4070E-11  0.4059E-11
CALSDV   51   23  0.3897E-11  0.3894E-11
CALSDV   52   23  0.4170E-11  0.4155E-11
CALSDV   53   23  0.3990E-11  0.3985E-11
CALSDV   54   23  0.4255E-11  0.4248E-11
CALSDV   55   23  0.4097E-11  0.4085E-11
CALSDV   56   23  0.4358E-11  0.4337E-11
CALSDV   57   23  0.4191E-11  0.4174E-11
CALSDV   58   23  0.4437E-11  0.4417E-11
CALSDV   59   23  0.4424E-11  0.4403E-11
CALSDV   60   23  0.4673E-11  0.4650E-11
CALSDV   24   24  0.7035E-11  0.7053E-11
CALSDV   25   24  0.8413E-11  0.8545E-11
CALSDV   26   24  0.6784E-11  0.6803E-11
CALSDV   27   24  0.5119E-11  0.5194E-11
CALSDV   28   24  0.5921E-11  0.5948E-11
CALSDV   29   24  0.5425E-11  0.5448E-11
CALSDV   30   24  0.5061E-11  0.5088E-11
CALSDV   31   24  0.4909E-11  0.4921E-11
CALSDV   32   24  0.4151E-11  0.4163E-11
CALSDV   33   24  0.4380E-11  0.4379E-11
CALSDV   34   24  0.3436E-11  0.3436E-11
CALSDV   35   24  0.3793E-11  0.3787E-11
CALSDV   36   24  0.3437E-11  0.3445E-11
CALSDV   37   24  0.3419E-11  0.3422E-11
CALSDV   38   24  0.3485E-11  0.3494E-11
CALSDV   39   24  0.3233E-11  0.3239E-11
CALSDV   40   24  0.3584E-11  0.3592E-11
CALSDV   41   24  0.3225E-11  0.3232E-11
CALSDV   42   24  0.3693E-11  0.3702E-11
CALSDV   43   24  0.3357E-11  0.3362E-11
CALSDV   44   24  0.3803E-11  0.3810E-11
CALSDV   45   24  0.3493E-11  0.3502E-11
CALSDV   46   24  0.3912E-11  0.3921E-11
CALSDV   47   24  0.3687E-11  0.3695E-11
CALSDV   48   24  0.4023E-11  0.4031E-11
CALSDV   49   24  0.3865E-11  0.3875E-11
CALSDV   50   24  0.4131E-11  0.4137E-11
CALSDV   51   24  0.4030E-11  0.4037E-11
CALSDV   52   24  0.4233E-11  0.4239E-11
CALSDV   53   24  0.4158E-11  0.4166E-11
CALSDV   54   24  0.4326E-11  0.4332E-11
CALSDV   55   24  0.4275E-11  0.4280E-11
CALSDV   56   24  0.4425E-11  0.4430E-11
CALSDV   57   24  0.4348E-11  0.4355E-11
CALSDV   58   24  0.4501E-11  0.4507E-11
CALSDV   59   24  0.4557E-11  0.4561E-11
CALSDV   60   24  0.4727E-11  0.4730E-11
CALSDV   25   25  0.5961E-11  0.5956E-11
CALSDV   26   25  0.8565E-11  0.8557E-11
CALSDV   27   25  0.6681E-11  0.6656E-11
CALSDV   28   25  0.4642E-11  0.4648E-11
CALSDV   29   25  0.5505E-11  0.5491E-11
CALSDV   30   25  0.5273E-11  0.5281E-11
CALSDV   31   25  0.4960E-11  0.4938E-11
CALSDV   32   25  0.4938E-11  0.4938E-11
CALSDV   33   25  0.4346E-11  0.4338E-11
CALSDV   34   25  0.4838E-11  0.4839E-11
CALSDV   35   25  0.3859E-11  0.3853E-11
CALSDV   36   25  0.4449E-11  0.4464E-11
CALSDV   37   25  0.3905E-11  0.3899E-11
CALSDV   38   25  0.4190E-11  0.4205E-11
CALSDV   39   25  0.3740E-11  0.3737E-11
CALSDV   40   25  0.4163E-11  0.4178E-11
CALSDV   41   25  0.3903E-11  0.3896E-11
CALSDV   42   25  0.4168E-11  0.4187E-11
CALSDV   43   25  0.4043E-11  0.4042E-11
CALSDV   44   25  0.4238E-11  0.4253E-11
CALSDV   45   25  0.4026E-11  0.4022E-11
CALSDV   46   25  0.4334E-11  0.4347E-11
CALSDV   47   25  0.4155E-11  0.4150E-11
CALSDV   48   25  0.4440E-11  0.4455E-11
CALSDV   49   25  0.4200E-11  0.4196E-11
CALSDV   50   25  0.4539E-11  0.4557E-11
CALSDV   51   25  0.4285E-11  0.4284E-11
CALSDV   52   25  0.4628E-11  0.4642E-11
CALSDV   53   25  0.4346E-11  0.4349E-11
CALSDV   54   25  0.4679E-11  0.4695E-11
CALSDV   55   25  0.4416E-11  0.4418E-11
CALSDV   56   25  0.4729E-11  0.4742E-11
CALSDV   57   25  0.4457E-11  0.4460E-11
CALSDV   58   25  0.4741E-11  0.4750E-11
CALSDV   59   25  0.4633E-11  0.4636E-11
CALSDV   60   25  0.4912E-11  0.4918E-11
CALSDV   26   26  0.6633E-11  0.6634E-11
CALSDV   27   26  0.9016E-11  0.8881E-11
CALSDV   28   26  0.7189E-11  0.7188E-11
CALSDV   29   26  0.5487E-11  0.5347E-11
CALSDV   30   26  0.6231E-11  0.6220E-11
CALSDV   31   26  0.6276E-11  0.6192E-11
CALSDV   32   26  0.5372E-11  0.5371E-11
CALSDV   33   26  0.5633E-11  0.5561E-11
CALSDV   34   26  0.4582E-11  0.4574E-11
CALSDV   35   26  0.5154E-11  0.5098E-11
CALSDV   36   26  0.4110E-11  0.4097E-11
CALSDV   37   26  0.4389E-11  0.4351E-11
CALSDV   38   26  0.3882E-11  0.3875E-11
CALSDV   39   26  0.3867E-11  0.3839E-11
CALSDV   40   26  0.3826E-11  0.3815E-11
CALSDV   41   26  0.3678E-11  0.3650E-11
CALSDV   42   26  0.3919E-11  0.3907E-11
CALSDV   43   26  0.3631E-11  0.3603E-11
CALSDV   44   26  0.4029E-11  0.4015E-11
CALSDV   45   26  0.3738E-11  0.3716E-11
CALSDV   46   26  0.4107E-11  0.4093E-11
CALSDV   47   26  0.3974E-11  0.3946E-11
CALSDV   48   26  0.4227E-11  0.4215E-11
CALSDV   49   26  0.4124E-11  0.4101E-11
CALSDV   50   26  0.4346E-11  0.4333E-11
CALSDV   51   26  0.4324E-11  0.4301E-11
CALSDV   52   26  0.4471E-11  0.4457E-11
CALSDV   53   26  0.4464E-11  0.4442E-11
CALSDV   54   26  0.4576E-11  0.4560E-11
CALSDV   55   26  0.4578E-11  0.4551E-11
CALSDV   56   26  0.4679E-11  0.4659E-11
CALSDV   57   26  0.4622E-11  0.4599E-11
CALSDV   58   26  0.4741E-11  0.4721E-11
CALSDV   59   26  0.4780E-11  0.4756E-11
CALSDV   60   26  0.4931E-11  0.4910E-11
CALSDV   27   27  0.5879E-11  0.5933E-11
CALSDV   28   27  0.9066E-11  0.9040E-11
CALSDV   29   27  0.7523E-11  0.7528E-11
CALSDV   30   27  0.5124E-11  0.5090E-11
CALSDV   31   27  0.6417E-11  0.6443E-11
CALSDV   32   27  0.6091E-11  0.6090E-11
CALSDV   33   27  0.5266E-11  0.5274E-11
CALSDV   34   27  0.5710E-11  0.5697E-11
CALSDV   35   27  0.5077E-11  0.5067E-11
CALSDV   36   27  0.5216E-11  0.5195E-11
CALSDV   37   27  0.4354E-11  0.4346E-11
CALSDV   38   27  0.4905E-11  0.4891E-11
CALSDV   39   27  0.4356E-11  0.4341E-11
CALSDV   40   27  0.4463E-11  0.4452E-11
CALSDV   41   27  0.4541E-11  0.4537E-11
CALSDV   42   27  0.4394E-11  0.4385E-11
CALSDV   43   27  0.4283E-11  0.4288E-11
CALSDV   44   27  0.4495E-11  0.4488E-11
CALSDV   45   27  0.4445E-11  0.4446E-11
CALSDV   46   27  0.4581E-11  0.4565E-11
CALSDV   47   27  0.4570E-11  0.4566E-11
CALSDV   48   27  0.4760E-11  0.4744E-11
CALSDV   49   27  0.4567E-11  0.4562E-11
CALSDV   50   27  0.4873E-11  0.4849E-11
CALSDV   51   27  0.4655E-11  0.4647E-11
CALSDV   52   27  0.4990E-11  0.4969E-11
CALSDV   53   27  0.4697E-11  0.4688E-11
CALSDV   54   27  0.5053E-11  0.5037E-11
CALSDV   55   27  0.4741E-11  0.4736E-11
CALSDV   56   27  0.5084E-11  0.5071E-11
CALSDV   57   27  0.4743E-11  0.4734E-11
CALSDV   58   27  0.5053E-11  0.5036E-11
CALSDV   59   27  0.4860E-11  0.4853E-11
CALSDV   60   27  0.5154E-11  0.5143E-11
CALSDV   28   28  0.6582E-11  0.6575E-11
CALSDV   29   28  0.9051E-11  0.8999E-11
CALSDV   30   28  0.7734E-11  0.7724E-11
CALSDV   31   28  0.5493E-11  0.5467E-11
CALSDV   32   28  0.6928E-11  0.6944E-11
CALSDV   33   28  0.6778E-11  0.6757E-11
CALSDV   34   28  0.5684E-11  0.5714E-11
CALSDV   35   28  0.6545E-11  0.6542E-11
CALSDV   36   28  0.5571E-11  0.5559E-11
CALSDV   37   28  0.5563E-11  0.5569E-11
CALSDV   38   28  0.4603E-11  0.4585E-11
CALSDV   39   28  0.5054E-11  0.5065E-11
CALSDV   40   28  0.4535E-11  0.4523E-11
CALSDV   41   28  0.4507E-11  0.4509E-11
CALSDV   42   28  0.4465E-11  0.4452E-11
CALSDV   43   28  0.4151E-11  0.4141E-11
CALSDV   44   28  0.4261E-11  0.4249E-11
CALSDV   45   28  0.4132E-11  0.4126E-11
CALSDV   46   28  0.4376E-11  0.4366E-11
CALSDV   47   28  0.4292E-11  0.4282E-11
CALSDV   48   28  0.4481E-11  0.4470E-11
CALSDV   49   28  0.4446E-11  0.4437E-11
CALSDV   50   28  0.4562E-11  0.4550E-11
CALSDV   51   28  0.4651E-11  0.4643E-11
CALSDV   52   28  0.4692E-11  0.4683E-11
CALSDV   53   28  0.4767E-11  0.4765E-11
CALSDV   54   28  0.4812E-11  0.4809E-11
CALSDV   55   28  0.4881E-11  0.4879E-11
CALSDV   56   28  0.4922E-11  0.4917E-11
CALSDV   57   28  0.4890E-11  0.4893E-11
CALSDV   58   28  0.4967E-11  0.4968E-11
CALSDV   59   28  0.4998E-11  0.4989E-11
CALSDV   60   28  0.5125E-11  0.5117E-11
CALSDV   29   29  0.5837E-11  0.5768E-11
CALSDV   30   29  0.1042E-10  0.1035E-10
CALSDV   31   29  0.8207E-11  0.8159E-11
CALSDV   32   29  0.6432E-11  0.6393E-11
CALSDV   33   29  0.7671E-11  0.7652E-11
CALSDV   34   29  0.6974E-11  0.6965E-11
CALSDV   35   29  0.5683E-11  0.5702E-11
CALSDV   36   29  0.6757E-11  0.6770E-11
CALSDV   37   29  0.5873E-11  0.5888E-11
CALSDV   38   29  0.5914E-11  0.5957E-11
CALSDV   39   29  0.5285E-11  0.5304E-11
CALSDV   40   29  0.5545E-11  0.5577E-11
CALSDV   41   29  0.4798E-11  0.4805E-11
CALSDV   42   29  0.5181E-11  0.5204E-11
CALSDV   43   29  0.5061E-11  0.5084E-11
CALSDV   44   29  0.4682E-11  0.4694E-11
CALSDV   45   29  0.5085E-11  0.5102E-11
CALSDV   46   29  0.4880E-11  0.4889E-11
CALSDV   47   29  0.4886E-11  0.4897E-11
CALSDV   48   29  0.5098E-11  0.5105E-11
CALSDV   49   29  0.5015E-11  0.5037E-11
CALSDV   50   29  0.5166E-11  0.5178E-11
CALSDV   51   29  0.5070E-11  0.5091E-11
CALSDV   52   29  0.5340E-11  0.5358E-11
CALSDV   53   29  0.5053E-11  0.5079E-11
CALSDV   54   29  0.5391E-11  0.5412E-11
CALSDV   55   29  0.5077E-11  0.5098E-11
CALSDV   56   29  0.5428E-11  0.5447E-11
CALSDV   57   29  0.5033E-11  0.5052E-11
CALSDV   58   29  0.5356E-11  0.5370E-11
CALSDV   59   29  0.5094E-11  0.5095E-11
CALSDV   60   29  0.5398E-11  0.5397E-11
CALSDV   30   30  0.7509E-11  0.7598E-11
CALSDV   31   30  0.9444E-11  0.9428E-11
CALSDV   32   30  0.8784E-11  0.8818E-11
CALSDV   33   30  0.5564E-11  0.5598E-11
CALSDV   34   30  0.8064E-11  0.8087E-11
CALSDV   35   30  0.7384E-11  0.7364E-11
CALSDV   36   30  0.6226E-11  0.6247E-11
CALSDV   37   30  0.7524E-11  0.7555E-11
CALSDV   38   30  0.6591E-11  0.6557E-11
CALSDV   39   30  0.6348E-11  0.6410E-11
CALSDV   40   30  0.6154E-11  0.6154E-11
CALSDV   41   30  0.5789E-11  0.5862E-11
CALSDV   42   30  0.5455E-11  0.5419E-11
CALSDV   43   30  0.5245E-11  0.5277E-11
CALSDV   44   30  0.5441E-11  0.5420E-11
CALSDV   45   30  0.5253E-11  0.5284E-11
CALSDV   46   30  0.5042E-11  0.5042E-11
CALSDV   47   30  0.4999E-11  0.5081E-11
CALSDV   48   30  0.4944E-11  0.4951E-11
CALSDV   49   30  0.5043E-11  0.5104E-11
CALSDV   50   30  0.5035E-11  0.5046E-11
CALSDV   51   30  0.5242E-11  0.5286E-11
CALSDV   52   30  0.5065E-11  0.5088E-11
CALSDV   53   30  0.5283E-11  0.5334E-11
CALSDV   54   30  0.5137E-11  0.5163E-11
CALSDV   55   30  0.5300E-11  0.5348E-11
CALSDV   56   30  0.5220E-11  0.5257E-11
CALSDV   57   30  0.5241E-11  0.5290E-11
CALSDV   58   30  0.5241E-11  0.5283E-11
CALSDV   59   30  0.5247E-11  0.5288E-11
CALSDV   60   30  0.5333E-11  0.5372E-11
CALSDV   31   31  0.6438E-11  0.6522E-11
CALSDV   32   31  0.1138E-10  0.1131E-10
CALSDV   33   31  0.8673E-11  0.8750E-11
CALSDV   34   31  0.7611E-11  0.7569E-11
CALSDV   35   31  0.8658E-11  0.8686E-11
CALSDV   36   31  0.8001E-11  0.8015E-11
CALSDV   37   31  0.6403E-11  0.6405E-11
CALSDV   38   31  0.7867E-11  0.7827E-11
CALSDV   39   31  0.6467E-11  0.6399E-11
CALSDV   40   31  0.6663E-11  0.6627E-11
CALSDV   41   31  0.6294E-11  0.6204E-11
CALSDV   42   31  0.6281E-11  0.6227E-11
CALSDV   43   31  0.5910E-11  0.5840E-11
CALSDV   44   31  0.5873E-11  0.5841E-11
CALSDV   45   31  0.5592E-11  0.5553E-11
CALSDV   46   31  0.5922E-11  0.5881E-11
CALSDV   47   31  0.5821E-11  0.5753E-11
CALSDV   48   31  0.5406E-11  0.5361E-11
CALSDV   49   31  0.5458E-11  0.5408E-11
CALSDV   50   31  0.5709E-11  0.5644E-11
CALSDV   51   31  0.5467E-11  0.5412E-11
CALSDV   52   31  0.5927E-11  0.5859E-11
CALSDV   53   31  0.5528E-11  0.5468E-11
CALSDV   54   31  0.5884E-11  0.5805E-11
CALSDV   55   31  0.5444E-11  0.5390E-11
CALSDV   56   31  0.5908E-11  0.5827E-11
CALSDV   57   31  0.5364E-11  0.5308E-11
CALSDV   58   31  0.5774E-11  0.5698E-11
CALSDV   59   31  0.5345E-11  0.5308E-11
CALSDV   60   31  0.5702E-11  0.5655E-11
CALSDV   32   32  0.6752E-11  0.6803E-11
CALSDV   33   32  0.9730E-11  0.9704E-11
CALSDV   34   32  0.9039E-11  0.8973E-11
CALSDV   35   32  0.6068E-11  0.6049E-11
CALSDV   36   32  0.8783E-11  0.8731E-11
CALSDV   37   32  0.8040E-11  0.8023E-11
CALSDV   38   32  0.6697E-11  0.6691E-11
CALSDV   39   32  0.8414E-11  0.8387E-11
CALSDV   40   32  0.6877E-11  0.6914E-11
CALSDV   41   32  0.6980E-11  0.6963E-11
CALSDV   42   32  0.6738E-11  0.6791E-11
CALSDV   43   32  0.6207E-11  0.6217E-11
CALSDV   44   32  0.6258E-11  0.6285E-11
CALSDV   45   32  0.5884E-11  0.5905E-11
CALSDV   46   32  0.5766E-11  0.5791E-11
CALSDV   47   32  0.5540E-11  0.5566E-11
CALSDV   48   32  0.5764E-11  0.5790E-11
CALSDV   49   32  0.5753E-11  0.5790E-11
CALSDV   50   32  0.5291E-11  0.5309E-11
CALSDV   51   32  0.5420E-11  0.5432E-11
CALSDV   52   32  0.5427E-11  0.5442E-11
CALSDV   53   32  0.5643E-11  0.5669E-11
CALSDV   54   32  0.5468E-11  0.5491E-11
CALSDV   55   32  0.5675E-11  0.5708E-11
CALSDV   56   32  0.5493E-11  0.5514E-11
CALSDV   57   32  0.5541E-11  0.5561E-11
CALSDV   58   32  0.5505E-11  0.5530E-11
CALSDV   59   32  0.5487E-11  0.5506E-11
CALSDV   60   32  0.5567E-11  0.5585E-11
CALSDV   33   33  0.6864E-11  0.6868E-11
CALSDV   34   33  0.1045E-10  0.1039E-10
CALSDV   35   33  0.9497E-11  0.9593E-11
CALSDV   36   33  0.6947E-11  0.6916E-11
CALSDV   37   33  0.9591E-11  0.9622E-11
CALSDV   38   33  0.8514E-11  0.8497E-11
CALSDV   39   33  0.7195E-11  0.7188E-11
CALSDV   40   33  0.8619E-11  0.8612E-11
CALSDV   41   33  0.7041E-11  0.7020E-11
CALSDV   42   33  0.7188E-11  0.7183E-11
CALSDV   43   33  0.7228E-11  0.7216E-11
CALSDV   44   33  0.6537E-11  0.6534E-11
CALSDV   45   33  0.6897E-11  0.6899E-11
CALSDV   46   33  0.6345E-11  0.6332E-11
CALSDV   47   33  0.6934E-11  0.6940E-11
CALSDV   48   33  0.6261E-11  0.6268E-11
CALSDV   49   33  0.6755E-11  0.6768E-11
CALSDV   50   33  0.6420E-11  0.6422E-11
CALSDV   51   33  0.6613E-11  0.6611E-11
CALSDV   52   33  0.6126E-11  0.6126E-11
CALSDV   53   33  0.6101E-11  0.6116E-11
CALSDV   54   33  0.6366E-11  0.6364E-11
CALSDV   55   33  0.6131E-11  0.6146E-11
CALSDV   56   33  0.6305E-11  0.6307E-11
CALSDV   57   33  0.5840E-11  0.5848E-11
CALSDV   58   33  0.6088E-11  0.6083E-11
CALSDV   59   33  0.5628E-11  0.5640E-11
CALSDV   60   33  0.5948E-11  0.5956E-11
CALSDV   34   34  0.6922E-11  0.6891E-11
CALSDV   35   34  0.1036E-10  0.1036E-10
CALSDV   36   34  0.9417E-11  0.9393E-11
CALSDV   37   34  0.6866E-11  0.6861E-11
CALSDV   38   34  0.9403E-11  0.9402E-11
CALSDV   39   34  0.8865E-11  0.8897E-11
CALSDV   40   34  0.7434E-11  0.7453E-11
CALSDV   41   34  0.9317E-11  0.9362E-11
CALSDV   42   34  0.7438E-11  0.7464E-11
CALSDV   43   34  0.7890E-11  0.7923E-11
CALSDV   44   34  0.7534E-11  0.7544E-11
CALSDV   45   34  0.7032E-11  0.7054E-11
CALSDV   46   34  0.7015E-11  0.7026E-11
CALSDV   47   34  0.6720E-11  0.6727E-11
CALSDV   48   34  0.6888E-11  0.6895E-11
CALSDV   49   34  0.6761E-11  0.6772E-11
CALSDV   50   34  0.6673E-11  0.6674E-11
CALSDV   51   34  0.6872E-11  0.6882E-11
CALSDV   52   34  0.6161E-11  0.6157E-11
CALSDV   53   34  0.6511E-11  0.6520E-11
CALSDV   54   34  0.5954E-11  0.5952E-11
CALSDV   55   34  0.6264E-11  0.6268E-11
CALSDV   56   34  0.6099E-11  0.6089E-11
CALSDV   57   34  0.6214E-11  0.6219E-11
CALSDV   58   34  0.5879E-11  0.5872E-11
CALSDV   59   34  0.5864E-11  0.5856E-11
CALSDV   60   34  0.5834E-11  0.5823E-11
CALSDV   35   35  0.7515E-11  0.7525E-11
CALSDV   36   35  0.1088E-10  0.1083E-10
CALSDV   37   35  0.1051E-10  0.1049E-10
CALSDV   38   35  0.7448E-11  0.7430E-11
CALSDV   39   35  0.1043E-10  0.1047E-10
CALSDV   40   35  0.9422E-11  0.9457E-11
CALSDV   41   35  0.8371E-11  0.8380E-11
CALSDV   42   35  0.9541E-11  0.9598E-11
CALSDV   43   35  0.7850E-11  0.7869E-11
CALSDV   44   35  0.7943E-11  0.8000E-11
CALSDV   45   35  0.8058E-11  0.8102E-11
CALSDV   46   35  0.7167E-11  0.7227E-11
CALSDV   47   35  0.7803E-11  0.7830E-11
CALSDV   48   35  0.7011E-11  0.7085E-11
CALSDV   49   35  0.7730E-11  0.7764E-11
CALSDV   50   35  0.7157E-11  0.7232E-11
CALSDV   51   35  0.7802E-11  0.7838E-11
CALSDV   52   35  0.7581E-11  0.7638E-11
CALSDV   53   35  0.7804E-11  0.7832E-11
CALSDV   54   35  0.7056E-11  0.7093E-11
CALSDV   55   35  0.6916E-11  0.6920E-11
CALSDV   56   35  0.6978E-11  0.6991E-11
CALSDV   57   35  0.6508E-11  0.6511E-11
CALSDV   58   35  0.6705E-11  0.6698E-11
CALSDV   59   35  0.6278E-11  0.6258E-11
CALSDV   60   35  0.6298E-11  0.6283E-11
CALSDV   36   36  0.7623E-11  0.7658E-11
CALSDV   37   36  0.1088E-10  0.1085E-10
CALSDV   38   36  0.1025E-10  0.1027E-10
CALSDV   39   36  0.7458E-11  0.7518E-11
CALSDV   40   36  0.9967E-11  0.1004E-10
CALSDV   41   36  0.9680E-11  0.9721E-11
CALSDV   42   36  0.8411E-11  0.8452E-11
CALSDV   43   36  0.1019E-10  0.1023E-10
CALSDV   44   36  0.8329E-11  0.8353E-11
CALSDV   45   36  0.8923E-11  0.8976E-11
CALSDV   46   36  0.8459E-11  0.8487E-11
CALSDV   47   36  0.8062E-11  0.8114E-11
CALSDV   48   36  0.8039E-11  0.8080E-11
CALSDV   49   36  0.7799E-11  0.7866E-11
CALSDV   50   36  0.7739E-11  0.7795E-11
CALSDV   51   36  0.7805E-11  0.7853E-11
CALSDV   52   36  0.7772E-11  0.7813E-11
CALSDV   53   36  0.8057E-11  0.8108E-11
CALSDV   54   36  0.7837E-11  0.7880E-11
CALSDV   55   36  0.7882E-11  0.7931E-11
CALSDV   56   36  0.6643E-11  0.6653E-11
CALSDV   57   36  0.6838E-11  0.6837E-11
CALSDV   58   36  0.6662E-11  0.6668E-11
CALSDV   59   36  0.6863E-11  0.6872E-11
CALSDV   60   36  0.6335E-11  0.6341E-11
CALSDV   37   37  0.7830E-11  0.7713E-11
CALSDV   38   37  0.1151E-10  0.1144E-10
CALSDV   39   37  0.1140E-10  0.1138E-10
CALSDV   40   37  0.8077E-11  0.7981E-11
CALSDV   41   37  0.1096E-10  0.1095E-10
CALSDV   42   37  0.1047E-10  0.1044E-10
CALSDV   43   37  0.9304E-11  0.9257E-11
CALSDV   44   37  0.1048E-10  0.1047E-10
CALSDV   45   37  0.8866E-11  0.8852E-11
CALSDV   46   37  0.8906E-11  0.8899E-11
CALSDV   47   37  0.8971E-11  0.8955E-11
CALSDV   48   37  0.8033E-11  0.8010E-11
CALSDV   49   37  0.8665E-11  0.8673E-11
CALSDV   50   37  0.7917E-11  0.7893E-11
CALSDV   51   37  0.8574E-11  0.8578E-11
CALSDV   52   37  0.8074E-11  0.8054E-11
CALSDV   53   37  0.8557E-11  0.8573E-11
CALSDV   54   37  0.8476E-11  0.8485E-11
CALSDV   55   37  0.8300E-11  0.8312E-11
CALSDV   56   37  0.8424E-11  0.8436E-11
CALSDV   57   37  0.8420E-11  0.8436E-11
CALSDV   58   37  0.7330E-11  0.7346E-11
CALSDV   59   37  0.7079E-11  0.7102E-11
CALSDV   60   37  0.7296E-11  0.7298E-11
CALSDV   38   38  0.8169E-11  0.8048E-11
CALSDV   39   38  0.1133E-10  0.1165E-10
CALSDV   40   38  0.1117E-10  0.1151E-10
CALSDV   41   38  0.8013E-11  0.8146E-11
CALSDV   42   38  0.1047E-10  0.1062E-10
CALSDV   43   38  0.1046E-10  0.1079E-10
CALSDV   44   38  0.9268E-11  0.9370E-11
CALSDV   45   38  0.1084E-10  0.1110E-10
CALSDV   46   38  0.9370E-11  0.9553E-11
CALSDV   47   38  0.9945E-11  0.1003E-10
CALSDV   48   38  0.9433E-11  0.9521E-11
CALSDV   49   38  0.9259E-11  0.9282E-11
CALSDV   50   38  0.9012E-11  0.9066E-11
CALSDV   51   38  0.9009E-11  0.9034E-11
CALSDV   52   38  0.8739E-11  0.8839E-11
CALSDV   53   38  0.9007E-11  0.9046E-11
CALSDV   54   38  0.8665E-11  0.8725E-11
CALSDV   55   38  0.8930E-11  0.8836E-11
CALSDV   56   38  0.8599E-11  0.8537E-11
CALSDV   57   38  0.9189E-11  0.9069E-11
CALSDV   58   38  0.8689E-11  0.8547E-11
CALSDV   59   38  0.8407E-11  0.8405E-11
CALSDV   60   38  0.7492E-11  0.7610E-11
CALSDV   39   39  0.8288E-11  0.8075E-11
CALSDV   40   39  0.1243E-10  0.1244E-10
CALSDV   41   39  0.1251E-10  0.1253E-10
CALSDV   42   39  0.8659E-11  0.8675E-11
CALSDV   43   39  0.1150E-10  0.1151E-10
CALSDV   44   39  0.1175E-10  0.1176E-10
CALSDV   45   39  0.9993E-11  0.9993E-11
CALSDV   46   39  0.1157E-10  0.1152E-10
CALSDV   47   39  0.9975E-11  0.9942E-11
CALSDV   48   39  0.9972E-11  0.9940E-11
CALSDV   49   39  0.9960E-11  0.9908E-11
CALSDV   50   39  0.9145E-11  0.9107E-11
CALSDV   51   39  0.9617E-11  0.9586E-11
CALSDV   52   39  0.8933E-11  0.8927E-11
CALSDV   53   39  0.9435E-11  0.9411E-11
CALSDV   54   39  0.9020E-11  0.9025E-11
CALSDV   55   39  0.9203E-11  0.9190E-11
CALSDV   56   39  0.9153E-11  0.9143E-11
CALSDV   57   39  0.9313E-11  0.9289E-11
CALSDV   58   39  0.9552E-11  0.9537E-11
CALSDV   59   39  0.9049E-11  0.9062E-11
CALSDV   60   39  0.8489E-11  0.8508E-11
CALSDV   40   40  0.8600E-11  0.8624E-11
CALSDV   41   40  0.1245E-10  0.1247E-10
CALSDV   42   40  0.1269E-10  0.1270E-10
CALSDV   43   40  0.8772E-11  0.8739E-11
CALSDV   44   40  0.1133E-10  0.1132E-10
CALSDV   45   40  0.1180E-10  0.1181E-10
CALSDV   46   40  0.1011E-10  0.1009E-10
CALSDV   47   40  0.1174E-10  0.1176E-10
CALSDV   48   40  0.1066E-10  0.1070E-10
CALSDV   49   40  0.1083E-10  0.1084E-10
CALSDV   50   40  0.1061E-10  0.1061E-10
CALSDV   51   40  0.1047E-10  0.1049E-10
CALSDV   52   40  0.1013E-10  0.1010E-10
CALSDV   53   40  0.1024E-10  0.1025E-10
CALSDV   54   40  0.9849E-11  0.9830E-11
CALSDV   55   40  0.9934E-11  0.9954E-11
CALSDV   56   40  0.9628E-11  0.9612E-11
CALSDV   57   40  0.1023E-10  0.1025E-10
CALSDV   58   40  0.9696E-11  0.9685E-11
CALSDV   59   40  0.9869E-11  0.9872E-11
CALSDV   60   40  0.9258E-11  0.9250E-11
CALSDV   41   41  0.8715E-11  0.8824E-11
CALSDV   42   41  0.1345E-10  0.1351E-10
CALSDV   43   41  0.1376E-10  0.1393E-10
CALSDV   44   41  0.9259E-11  0.9359E-11
CALSDV   45   41  0.1219E-10  0.1230E-10
CALSDV   46   41  0.1307E-10  0.1317E-10
CALSDV   47   41  0.1063E-10  0.1074E-10
CALSDV   48   41  0.1261E-10  0.1263E-10
CALSDV   49   41  0.1106E-10  0.1117E-10
CALSDV   50   41  0.1084E-10  0.1082E-10
CALSDV   51   41  0.1101E-10  0.1107E-10
CALSDV   52   41  0.1020E-10  0.1020E-10
CALSDV   53   41  0.1061E-10  0.1067E-10
CALSDV   54   41  0.1011E-10  0.1010E-10
CALSDV   55   41  0.1023E-10  0.1026E-10
CALSDV   56   41  0.1003E-10  0.9998E-11
CALSDV   57   41  0.1024E-10  0.1026E-10
CALSDV   58   41  0.1042E-10  0.1038E-10
CALSDV   59   41  0.9882E-11  0.9925E-11
CALSDV   60   41  0.1017E-10  0.1019E-10
CALSDV   42   42  0.9048E-11  0.9051E-11
CALSDV   43   42  0.1343E-10  0.1349E-10
CALSDV   44   42  0.1427E-10  0.1428E-10
CALSDV   45   42  0.9431E-11  0.9473E-11
CALSDV   46   42  0.1238E-10  0.1241E-10
CALSDV   47   42  0.1300E-10  0.1306E-10
CALSDV   48   42  0.1083E-10  0.1092E-10
CALSDV   49   42  0.1241E-10  0.1247E-10
CALSDV   50   42  0.1183E-10  0.1193E-10
CALSDV   51   42  0.1150E-10  0.1157E-10
CALSDV   52   42  0.1184E-10  0.1189E-10
CALSDV   53   42  0.1150E-10  0.1155E-10
CALSDV   54   42  0.1133E-10  0.1134E-10
CALSDV   55   42  0.1116E-10  0.1120E-10
CALSDV   56   42  0.1088E-10  0.1090E-10
CALSDV   57   42  0.1122E-10  0.1127E-10
CALSDV   58   42  0.1082E-10  0.1085E-10
CALSDV   59   42  0.1066E-10  0.1070E-10
CALSDV   60   42  0.1043E-10  0.1046E-10
CALSDV   43   43  0.9554E-11  0.9468E-11
CALSDV   44   43  0.1443E-10  0.1434E-10
CALSDV   45   43  0.1527E-10  0.1521E-10
CALSDV   46   43  0.9869E-11  0.9841E-11
CALSDV   47   43  0.1315E-10  0.1312E-10
CALSDV   48   43  0.1427E-10  0.1421E-10
CALSDV   49   43  0.1128E-10  0.1127E-10
CALSDV   50   43  0.1327E-10  0.1319E-10
CALSDV   51   43  0.1237E-10  0.1231E-10
CALSDV   52   43  0.1146E-10  0.1141E-10
CALSDV   53   43  0.1247E-10  0.1240E-10
CALSDV   54   43  0.1142E-10  0.1137E-10
CALSDV   55   43  0.1185E-10  0.1178E-10
CALSDV   56   43  0.1130E-10  0.1125E-10
CALSDV   57   43  0.1148E-10  0.1142E-10
CALSDV   58   43  0.1139E-10  0.1134E-10
CALSDV   59   43  0.1075E-10  0.1070E-10
CALSDV   60   43  0.1104E-10  0.1101E-10
CALSDV   44   44  0.9342E-11  0.9249E-11
CALSDV   45   44  0.1442E-10  0.1435E-10
CALSDV   46   44  0.1611E-10  0.1595E-10
CALSDV   47   44  0.1041E-10  0.1029E-10
CALSDV   48   44  0.1375E-10  0.1369E-10
CALSDV   49   44  0.1436E-10  0.1432E-10
CALSDV   50   44  0.1145E-10  0.1142E-10
CALSDV   51   44  0.1368E-10  0.1363E-10
CALSDV   52   44  0.1301E-10  0.1298E-10
CALSDV   53   44  0.1290E-10  0.1282E-10
CALSDV   54   44  0.1331E-10  0.1333E-10
CALSDV   55   44  0.1298E-10  0.1295E-10
CALSDV   56   44  0.1264E-10  0.1271E-10
CALSDV   57   44  0.1282E-10  0.1283E-10
CALSDV   58   44  0.1225E-10  0.1230E-10
CALSDV   59   44  0.1163E-10  0.1159E-10
CALSDV   60   44  0.1144E-10  0.1142E-10
CALSDV   45   45  0.1242E-10  0.1242E-10
CALSDV   46   45  0.1552E-10  0.1551E-10
CALSDV   47   45  0.1670E-10  0.1681E-10
CALSDV   48   45  0.1063E-10  0.1077E-10
CALSDV   49   45  0.1421E-10  0.1425E-10
CALSDV   50   45  0.1501E-10  0.1508E-10
CALSDV   51   45  0.1278E-10  0.1300E-10
CALSDV   52   45  0.1407E-10  0.1397E-10
CALSDV   53   45  0.1513E-10  0.1530E-10
CALSDV   54   45  0.1278E-10  0.1270E-10
CALSDV   55   45  0.1537E-10  0.1533E-10
CALSDV   56   45  0.1305E-10  0.1292E-10
CALSDV   57   45  0.1435E-10  0.1427E-10
CALSDV   58   45  0.1305E-10  0.1291E-10
CALSDV   59   45  0.1229E-10  0.1227E-10
CALSDV   60   45  0.1201E-10  0.1198E-10
CALSDV   46   46  0.1050E-10  0.1031E-10
CALSDV   47   46  0.1547E-10  0.1534E-10
CALSDV   48   46  0.1778E-10  0.1757E-10
CALSDV   49   46  0.1166E-10  0.1162E-10
CALSDV   50   46  0.1510E-10  0.1497E-10
CALSDV   51   46  0.1629E-10  0.1620E-10
CALSDV   52   46  0.1245E-10  0.1231E-10
CALSDV   53   46  0.1562E-10  0.1571E-10
CALSDV   54   46  0.1447E-10  0.1444E-10
CALSDV   55   46  0.1461E-10  0.1465E-10
CALSDV   56   46  0.1497E-10  0.1499E-10
CALSDV   57   46  0.1485E-10  0.1488E-10
CALSDV   58   46  0.1426E-10  0.1430E-10
CALSDV   59   46  0.1299E-10  0.1300E-10
CALSDV   60   46  0.1266E-10  0.1266E-10
CALSDV   47   47  0.1148E-10  0.1167E-10
CALSDV   48   47  0.1571E-10  0.1570E-10
CALSDV   49   47  0.1779E-10  0.1783E-10
CALSDV   50   47  0.1148E-10  0.1151E-10
CALSDV   51   47  0.1492E-10  0.1497E-10
CALSDV   52   47  0.1602E-10  0.1607E-10
CALSDV   53   47  0.1344E-10  0.1342E-10
CALSDV   54   47  0.1477E-10  0.1483E-10
CALSDV   55   47  0.1626E-10  0.1627E-10
CALSDV   56   47  0.1343E-10  0.1346E-10
CALSDV   57   47  0.1674E-10  0.1675E-10
CALSDV   58   47  0.1422E-10  0.1429E-10
CALSDV   59   47  0.1376E-10  0.1380E-10
CALSDV   60   47  0.1315E-10  0.1325E-10
CALSDV   48   48  0.1070E-10  0.1079E-10
CALSDV   49   48  0.1567E-10  0.1575E-10
CALSDV   50   48  0.1898E-10  0.1906E-10
CALSDV   51   48  0.1207E-10  0.1214E-10
CALSDV   52   48  0.1582E-10  0.1586E-10
CALSDV   53   48  0.1592E-10  0.1600E-10
CALSDV   54   48  0.1327E-10  0.1334E-10
CALSDV   55   48  0.1433E-10  0.1439E-10
CALSDV   56   48  0.1621E-10  0.1628E-10
CALSDV   57   48  0.1407E-10  0.1411E-10
CALSDV   58   48  0.1724E-10  0.1721E-10
CALSDV   59   48  0.1358E-10  0.1359E-10
CALSDV   60   48  0.1445E-10  0.1446E-10
CALSDV   49   49  0.1043E-10  0.1041E-10
CALSDV   50   49  0.1595E-10  0.1586E-10
CALSDV   51   49  0.1889E-10  0.1885E-10
CALSDV   52   49  0.1251E-10  0.1247E-10
CALSDV   53   49  0.1522E-10  0.1516E-10
CALSDV   54   49  0.1704E-10  0.1697E-10
CALSDV   55   49  0.1314E-10  0.1306E-10
CALSDV   56   49  0.1548E-10  0.1538E-10
CALSDV   57   49  0.1662E-10  0.1648E-10
CALSDV   58   49  0.1499E-10  0.1488E-10
CALSDV   59   49  0.1498E-10  0.1491E-10
CALSDV   60   49  0.1436E-10  0.1433E-10
CALSDV   50   50  0.1122E-10  0.1106E-10
CALSDV   51   50  0.1617E-10  0.1622E-10
CALSDV   52   50  0.2034E-10  0.2034E-10
CALSDV   53   50  0.1287E-10  0.1290E-10
CALSDV   54   50  0.1636E-10  0.1634E-10
CALSDV   55   50  0.1570E-10  0.1573E-10
CALSDV   56   50  0.1399E-10  0.1393E-10
CALSDV   57   50  0.1489E-10  0.1490E-10
CALSDV   58   50  0.1806E-10  0.1796E-10
CALSDV   59   50  0.1380E-10  0.1384E-10
CALSDV   60   50  0.1619E-10  0.1618E-10
CALSDV   51   51  0.9408E-11  0.9502E-11
CALSDV   52   51  0.1663E-10  0.1659E-10
CALSDV   53   51  0.1900E-10  0.1910E-10
CALSDV   54   51  0.1342E-10  0.1337E-10
CALSDV   55   51  0.1393E-10  0.1395E-10
CALSDV   56   51  0.1742E-10  0.1740E-10
CALSDV   57   51  0.1435E-10  0.1434E-10
CALSDV   58   51  0.1697E-10  0.1698E-10
CALSDV   59   51  0.1524E-10  0.1526E-10
CALSDV   60   51  0.1504E-10  0.1504E-10
CALSDV   52   52  0.9924E-11  0.1002E-10
CALSDV   53   52  0.1726E-10  0.1718E-10
CALSDV   54   52  0.2044E-10  0.2044E-10
CALSDV   55   52  0.1322E-10  0.1324E-10
CALSDV   56   52  0.1481E-10  0.1479E-10
CALSDV   57   52  0.1670E-10  0.1669E-10
CALSDV   58   52  0.1490E-10  0.1485E-10
CALSDV   59   52  0.1498E-10  0.1494E-10
CALSDV   60   52  0.1602E-10  0.1601E-10
CALSDV   53   53  0.7606E-11  0.7607E-11
CALSDV   54   53  0.1830E-10  0.1820E-10
CALSDV   55   53  0.1783E-10  0.1800E-10
CALSDV   56   53  0.1385E-10  0.1405E-10
CALSDV   57   53  0.1313E-10  0.1324E-10
CALSDV   58   53  0.1905E-10  0.1896E-10
CALSDV   59   53  0.1390E-10  0.1407E-10
CALSDV   60   53  0.1675E-10  0.1682E-10
CALSDV   54   54  0.8443E-11  0.8397E-11
CALSDV   55   54  0.1684E-10  0.1681E-10
CALSDV   56   54  0.1924E-10  0.1922E-10
CALSDV   57   54  0.1424E-10  0.1427E-10
CALSDV   58   54  0.1371E-10  0.1373E-10
CALSDV   59   54  0.1628E-10  0.1623E-10
CALSDV   60   54  0.1446E-10  0.1454E-10
CALSDV   55   55  0.7320E-11  0.7281E-11
CALSDV   56   55  0.1766E-10  0.1769E-10
CALSDV   57   55  0.1724E-10  0.1728E-10
CALSDV   58   55  0.1516E-10  0.1521E-10
CALSDV   59   55  0.1394E-10  0.1392E-10
CALSDV   60   55  0.1771E-10  0.1775E-10
CALSDV   56   56  0.7727E-11  0.7775E-11
CALSDV   57   56  0.1342E-10  0.1334E-10
CALSDV   58   56  0.1902E-10  0.1875E-10
CALSDV   59   56  0.1487E-10  0.1476E-10
CALSDV   60   56  0.1491E-10  0.1474E-10
CALSDV   57   57  0.8222E-11  0.8202E-11
CALSDV   58   57  0.1346E-10  0.1348E-10
CALSDV   59   57  0.1829E-10  0.1830E-10
CALSDV   60   57  0.1556E-10  0.1557E-10
CALSDV   58   58  0.8355E-11  0.8580E-11
CALSDV   59   58  0.1020E-10  0.1016E-10
CALSDV   60   58  0.2031E-10  0.2014E-10
CALSDV   59   59  0.7282E-11  0.7584E-11
CALSDV   60   59  0.1044E-10  0.1023E-10
CALSDV   60   60  0.9679E-11  0.9783E-11
