  This file contains calibrated standard deviations 
       The relevant data lines start with key CALSDV 
       Each such line contains the following data 
           N   M   C_SIGMA   S_SIGMA 
                 FOR M=0 S_SIGMA=0.0 
     
CALSDV    0    0  0.0000E+00  0.0000E+00
CALSDV    1    0  0.0000E+00  0.0000E+00
CALSDV    2    0  0.7646E-10  0.0000E+00
CALSDV    3    0  0.1613E-10  0.0000E+00
CALSDV    4    0  0.7110E-11  0.0000E+00
CALSDV    5    0  0.4919E-11  0.0000E+00
CALSDV    6    0  0.3776E-11  0.0000E+00
CALSDV    7    0  0.3095E-11  0.0000E+00
CALSDV    8    0  0.2665E-11  0.0000E+00
CALSDV    9    0  0.2328E-11  0.0000E+00
CALSDV   10    0  0.2106E-11  0.0000E+00
CALSDV   11    0  0.1916E-11  0.0000E+00
CALSDV   12    0  0.1783E-11  0.0000E+00
CALSDV   13    0  0.1677E-11  0.0000E+00
CALSDV   14    0  0.1591E-11  0.0000E+00
CALSDV   15    0  0.1524E-11  0.0000E+00
CALSDV   16    0  0.1472E-11  0.0000E+00
CALSDV   17    0  0.1430E-11  0.0000E+00
CALSDV   18    0  0.1401E-11  0.0000E+00
CALSDV   19    0  0.1375E-11  0.0000E+00
CALSDV   20    0  0.1361E-11  0.0000E+00
CALSDV   21    0  0.1350E-11  0.0000E+00
CALSDV   22    0  0.1344E-11  0.0000E+00
CALSDV   23    0  0.1345E-11  0.0000E+00
CALSDV   24    0  0.1349E-11  0.0000E+00
CALSDV   25    0  0.1358E-11  0.0000E+00
CALSDV   26    0  0.1370E-11  0.0000E+00
CALSDV   27    0  0.1387E-11  0.0000E+00
CALSDV   28    0  0.1406E-11  0.0000E+00
CALSDV   29    0  0.1429E-11  0.0000E+00
CALSDV   30    0  0.1455E-11  0.0000E+00
CALSDV   31    0  0.1486E-11  0.0000E+00
CALSDV   32    0  0.1518E-11  0.0000E+00
CALSDV   33    0  0.1555E-11  0.0000E+00
CALSDV   34    0  0.1593E-11  0.0000E+00
CALSDV   35    0  0.1638E-11  0.0000E+00
CALSDV   36    0  0.1683E-11  0.0000E+00
CALSDV   37    0  0.1734E-11  0.0000E+00
CALSDV   38    0  0.1787E-11  0.0000E+00
CALSDV   39    0  0.1846E-11  0.0000E+00
CALSDV   40    0  0.1907E-11  0.0000E+00
CALSDV   41    0  0.1975E-11  0.0000E+00
CALSDV   42    0  0.2046E-11  0.0000E+00
CALSDV   43    0  0.2122E-11  0.0000E+00
CALSDV   44    0  0.2202E-11  0.0000E+00
CALSDV   45    0  0.2289E-11  0.0000E+00
CALSDV   46    0  0.2381E-11  0.0000E+00
CALSDV   47    0  0.2478E-11  0.0000E+00
CALSDV   48    0  0.2582E-11  0.0000E+00
CALSDV   49    0  0.2689E-11  0.0000E+00
CALSDV   50    0  0.2808E-11  0.0000E+00
CALSDV   51    0  0.2925E-11  0.0000E+00
CALSDV   52    0  0.3058E-11  0.0000E+00
CALSDV   53    0  0.3192E-11  0.0000E+00
CALSDV   54    0  0.3338E-11  0.0000E+00
CALSDV   55    0  0.3489E-11  0.0000E+00
CALSDV   56    0  0.3649E-11  0.0000E+00
CALSDV   57    0  0.3811E-11  0.0000E+00
CALSDV   58    0  0.3963E-11  0.0000E+00
CALSDV   59    0  0.3681E-11  0.0000E+00
CALSDV   60    0  0.3849E-11  0.0000E+00
CALSDV    1    1  0.0000E+00  0.0000E+00
CALSDV    2    1  0.4083E-10  0.4183E-10
CALSDV    3    1  0.1487E-10  0.1466E-10
CALSDV    4    1  0.7806E-11  0.7483E-11
CALSDV    5    1  0.5260E-11  0.5059E-11
CALSDV    6    1  0.4037E-11  0.3874E-11
CALSDV    7    1  0.3292E-11  0.3146E-11
CALSDV    8    1  0.2774E-11  0.2663E-11
CALSDV    9    1  0.2449E-11  0.2344E-11
CALSDV   10    1  0.2181E-11  0.2084E-11
CALSDV   11    1  0.2000E-11  0.1912E-11
CALSDV   12    1  0.1850E-11  0.1767E-11
CALSDV   13    1  0.1734E-11  0.1659E-11
CALSDV   14    1  0.1645E-11  0.1572E-11
CALSDV   15    1  0.1574E-11  0.1505E-11
CALSDV   16    1  0.1516E-11  0.1452E-11
CALSDV   17    1  0.1474E-11  0.1411E-11
CALSDV   18    1  0.1438E-11  0.1376E-11
CALSDV   19    1  0.1417E-11  0.1356E-11
CALSDV   20    1  0.1396E-11  0.1338E-11
CALSDV   21    1  0.1387E-11  0.1327E-11
CALSDV   22    1  0.1379E-11  0.1323E-11
CALSDV   23    1  0.1380E-11  0.1321E-11
CALSDV   24    1  0.1384E-11  0.1326E-11
CALSDV   25    1  0.1392E-11  0.1334E-11
CALSDV   26    1  0.1404E-11  0.1346E-11
CALSDV   27    1  0.1421E-11  0.1362E-11
CALSDV   28    1  0.1438E-11  0.1380E-11
CALSDV   29    1  0.1464E-11  0.1404E-11
CALSDV   30    1  0.1489E-11  0.1429E-11
CALSDV   31    1  0.1520E-11  0.1458E-11
CALSDV   32    1  0.1551E-11  0.1491E-11
CALSDV   33    1  0.1589E-11  0.1527E-11
CALSDV   34    1  0.1628E-11  0.1565E-11
CALSDV   35    1  0.1673E-11  0.1608E-11
CALSDV   36    1  0.1719E-11  0.1653E-11
CALSDV   37    1  0.1771E-11  0.1704E-11
CALSDV   38    1  0.1824E-11  0.1756E-11
CALSDV   39    1  0.1884E-11  0.1814E-11
CALSDV   40    1  0.1946E-11  0.1875E-11
CALSDV   41    1  0.2014E-11  0.1942E-11
CALSDV   42    1  0.2086E-11  0.2011E-11
CALSDV   43    1  0.2162E-11  0.2086E-11
CALSDV   44    1  0.2245E-11  0.2166E-11
CALSDV   45    1  0.2332E-11  0.2251E-11
CALSDV   46    1  0.2426E-11  0.2342E-11
CALSDV   47    1  0.2523E-11  0.2438E-11
CALSDV   48    1  0.2628E-11  0.2541E-11
CALSDV   49    1  0.2738E-11  0.2647E-11
CALSDV   50    1  0.2856E-11  0.2763E-11
CALSDV   51    1  0.2977E-11  0.2880E-11
CALSDV   52    1  0.3110E-11  0.3011E-11
CALSDV   53    1  0.3246E-11  0.3143E-11
CALSDV   54    1  0.3394E-11  0.3291E-11
CALSDV   55    1  0.3545E-11  0.3436E-11
CALSDV   56    1  0.3705E-11  0.3600E-11
CALSDV   57    1  0.3870E-11  0.3756E-11
CALSDV   58    1  0.4011E-11  0.3923E-11
CALSDV   59    1  0.3740E-11  0.3640E-11
CALSDV   60    1  0.3907E-11  0.3810E-11
CALSDV    2    2  0.4082E-10  0.4235E-10
CALSDV    3    2  0.2166E-10  0.2166E-10
CALSDV    4    2  0.1042E-10  0.1048E-10
CALSDV    5    2  0.6447E-11  0.6475E-11
CALSDV    6    2  0.4750E-11  0.4755E-11
CALSDV    7    2  0.3694E-11  0.3696E-11
CALSDV    8    2  0.3088E-11  0.3099E-11
CALSDV    9    2  0.2619E-11  0.2628E-11
CALSDV   10    2  0.2331E-11  0.2343E-11
CALSDV   11    2  0.2088E-11  0.2092E-11
CALSDV   12    2  0.1921E-11  0.1931E-11
CALSDV   13    2  0.1787E-11  0.1793E-11
CALSDV   14    2  0.1685E-11  0.1691E-11
CALSDV   15    2  0.1601E-11  0.1609E-11
CALSDV   16    2  0.1539E-11  0.1543E-11
CALSDV   17    2  0.1487E-11  0.1493E-11
CALSDV   18    2  0.1451E-11  0.1457E-11
CALSDV   19    2  0.1419E-11  0.1425E-11
CALSDV   20    2  0.1400E-11  0.1405E-11
CALSDV   21    2  0.1384E-11  0.1391E-11
CALSDV   22    2  0.1376E-11  0.1382E-11
CALSDV   23    2  0.1373E-11  0.1381E-11
CALSDV   24    2  0.1375E-11  0.1380E-11
CALSDV   25    2  0.1382E-11  0.1388E-11
CALSDV   26    2  0.1392E-11  0.1398E-11
CALSDV   27    2  0.1407E-11  0.1413E-11
CALSDV   28    2  0.1426E-11  0.1431E-11
CALSDV   29    2  0.1447E-11  0.1453E-11
CALSDV   30    2  0.1471E-11  0.1478E-11
CALSDV   31    2  0.1501E-11  0.1508E-11
CALSDV   32    2  0.1532E-11  0.1539E-11
CALSDV   33    2  0.1568E-11  0.1576E-11
CALSDV   34    2  0.1606E-11  0.1614E-11
CALSDV   35    2  0.1650E-11  0.1657E-11
CALSDV   36    2  0.1695E-11  0.1703E-11
CALSDV   37    2  0.1746E-11  0.1753E-11
CALSDV   38    2  0.1798E-11  0.1807E-11
CALSDV   39    2  0.1857E-11  0.1865E-11
CALSDV   40    2  0.1918E-11  0.1926E-11
CALSDV   41    2  0.1985E-11  0.1994E-11
CALSDV   42    2  0.2055E-11  0.2064E-11
CALSDV   43    2  0.2131E-11  0.2141E-11
CALSDV   44    2  0.2212E-11  0.2220E-11
CALSDV   45    2  0.2298E-11  0.2307E-11
CALSDV   46    2  0.2390E-11  0.2398E-11
CALSDV   47    2  0.2487E-11  0.2496E-11
CALSDV   48    2  0.2590E-11  0.2601E-11
CALSDV   49    2  0.2698E-11  0.2707E-11
CALSDV   50    2  0.2815E-11  0.2825E-11
CALSDV   51    2  0.2936E-11  0.2942E-11
CALSDV   52    2  0.3068E-11  0.3074E-11
CALSDV   53    2  0.3203E-11  0.3209E-11
CALSDV   54    2  0.3350E-11  0.3356E-11
CALSDV   55    2  0.3501E-11  0.3508E-11
CALSDV   56    2  0.3659E-11  0.3667E-11
CALSDV   57    2  0.3821E-11  0.3832E-11
CALSDV   58    2  0.3970E-11  0.3994E-11
CALSDV   59    2  0.3738E-11  0.3741E-11
CALSDV   60    2  0.3902E-11  0.3910E-11
CALSDV    3    3  0.4395E-10  0.4410E-10
CALSDV    4    3  0.1823E-10  0.1811E-10
CALSDV    5    3  0.1299E-10  0.1289E-10
CALSDV    6    3  0.6795E-11  0.6736E-11
CALSDV    7    3  0.6380E-11  0.6345E-11
CALSDV    8    3  0.3990E-11  0.3930E-11
CALSDV    9    3  0.3963E-11  0.3935E-11
CALSDV   10    3  0.2829E-11  0.2792E-11
CALSDV   11    3  0.2842E-11  0.2808E-11
CALSDV   12    3  0.2243E-11  0.2207E-11
CALSDV   13    3  0.2249E-11  0.2218E-11
CALSDV   14    3  0.1903E-11  0.1872E-11
CALSDV   15    3  0.1909E-11  0.1883E-11
CALSDV   16    3  0.1702E-11  0.1672E-11
CALSDV   17    3  0.1705E-11  0.1679E-11
CALSDV   18    3  0.1572E-11  0.1545E-11
CALSDV   19    3  0.1584E-11  0.1558E-11
CALSDV   20    3  0.1500E-11  0.1472E-11
CALSDV   21    3  0.1511E-11  0.1487E-11
CALSDV   22    3  0.1463E-11  0.1433E-11
CALSDV   23    3  0.1477E-11  0.1450E-11
CALSDV   24    3  0.1449E-11  0.1421E-11
CALSDV   25    3  0.1468E-11  0.1441E-11
CALSDV   26    3  0.1457E-11  0.1428E-11
CALSDV   27    3  0.1482E-11  0.1454E-11
CALSDV   28    3  0.1484E-11  0.1454E-11
CALSDV   29    3  0.1516E-11  0.1485E-11
CALSDV   30    3  0.1527E-11  0.1496E-11
CALSDV   31    3  0.1564E-11  0.1530E-11
CALSDV   32    3  0.1585E-11  0.1551E-11
CALSDV   33    3  0.1627E-11  0.1592E-11
CALSDV   34    3  0.1658E-11  0.1621E-11
CALSDV   35    3  0.1706E-11  0.1668E-11
CALSDV   36    3  0.1746E-11  0.1707E-11
CALSDV   37    3  0.1802E-11  0.1761E-11
CALSDV   38    3  0.1850E-11  0.1806E-11
CALSDV   39    3  0.1911E-11  0.1868E-11
CALSDV   40    3  0.1970E-11  0.1924E-11
CALSDV   41    3  0.2040E-11  0.1992E-11
CALSDV   42    3  0.2107E-11  0.2058E-11
CALSDV   43    3  0.2187E-11  0.2135E-11
CALSDV   44    3  0.2266E-11  0.2213E-11
CALSDV   45    3  0.2355E-11  0.2298E-11
CALSDV   46    3  0.2446E-11  0.2386E-11
CALSDV   47    3  0.2545E-11  0.2483E-11
CALSDV   48    3  0.2649E-11  0.2583E-11
CALSDV   49    3  0.2760E-11  0.2690E-11
CALSDV   50    3  0.2876E-11  0.2803E-11
CALSDV   51    3  0.3002E-11  0.2922E-11
CALSDV   52    3  0.3133E-11  0.3051E-11
CALSDV   53    3  0.3272E-11  0.3186E-11
CALSDV   54    3  0.3423E-11  0.3331E-11
CALSDV   55    3  0.3575E-11  0.3482E-11
CALSDV   56    3  0.3734E-11  0.3639E-11
CALSDV   57    3  0.3901E-11  0.3806E-11
CALSDV   58    3  0.4059E-11  0.3967E-11
CALSDV   59    3  0.3871E-11  0.3804E-11
CALSDV   60    3  0.4037E-11  0.3967E-11
CALSDV    4    4  0.2180E-10  0.2146E-10
CALSDV    5    4  0.1960E-10  0.2057E-10
CALSDV    6    4  0.8503E-11  0.8915E-11
CALSDV    7    4  0.7224E-11  0.7505E-11
CALSDV    8    4  0.4765E-11  0.4955E-11
CALSDV    9    4  0.4071E-11  0.4221E-11
CALSDV   10    4  0.3222E-11  0.3347E-11
CALSDV   11    4  0.2856E-11  0.2971E-11
CALSDV   12    4  0.2461E-11  0.2571E-11
CALSDV   13    4  0.2258E-11  0.2359E-11
CALSDV   14    4  0.2040E-11  0.2134E-11
CALSDV   15    4  0.1926E-11  0.2014E-11
CALSDV   16    4  0.1787E-11  0.1875E-11
CALSDV   17    4  0.1720E-11  0.1800E-11
CALSDV   18    4  0.1633E-11  0.1715E-11
CALSDV   19    4  0.1593E-11  0.1672E-11
CALSDV   20    4  0.1538E-11  0.1620E-11
CALSDV   21    4  0.1519E-11  0.1598E-11
CALSDV   22    4  0.1484E-11  0.1564E-11
CALSDV   23    4  0.1479E-11  0.1558E-11
CALSDV   24    4  0.1461E-11  0.1539E-11
CALSDV   25    4  0.1466E-11  0.1546E-11
CALSDV   26    4  0.1461E-11  0.1541E-11
CALSDV   27    4  0.1475E-11  0.1556E-11
CALSDV   28    4  0.1480E-11  0.1563E-11
CALSDV   29    4  0.1500E-11  0.1584E-11
CALSDV   30    4  0.1515E-11  0.1600E-11
CALSDV   31    4  0.1544E-11  0.1631E-11
CALSDV   32    4  0.1566E-11  0.1655E-11
CALSDV   33    4  0.1602E-11  0.1693E-11
CALSDV   34    4  0.1633E-11  0.1725E-11
CALSDV   35    4  0.1675E-11  0.1771E-11
CALSDV   36    4  0.1715E-11  0.1812E-11
CALSDV   37    4  0.1764E-11  0.1865E-11
CALSDV   38    4  0.1812E-11  0.1916E-11
CALSDV   39    4  0.1869E-11  0.1977E-11
CALSDV   40    4  0.1924E-11  0.2036E-11
CALSDV   41    4  0.1990E-11  0.2105E-11
CALSDV   42    4  0.2055E-11  0.2176E-11
CALSDV   43    4  0.2130E-11  0.2254E-11
CALSDV   44    4  0.2204E-11  0.2334E-11
CALSDV   45    4  0.2289E-11  0.2424E-11
CALSDV   46    4  0.2374E-11  0.2516E-11
CALSDV   47    4  0.2469E-11  0.2615E-11
CALSDV   48    4  0.2568E-11  0.2720E-11
CALSDV   49    4  0.2672E-11  0.2831E-11
CALSDV   50    4  0.2785E-11  0.2951E-11
CALSDV   51    4  0.2904E-11  0.3076E-11
CALSDV   52    4  0.3030E-11  0.3211E-11
CALSDV   53    4  0.3165E-11  0.3350E-11
CALSDV   54    4  0.3307E-11  0.3503E-11
CALSDV   55    4  0.3461E-11  0.3659E-11
CALSDV   56    4  0.3611E-11  0.3816E-11
CALSDV   57    4  0.3783E-11  0.3985E-11
CALSDV   58    4  0.3943E-11  0.4156E-11
CALSDV   59    4  0.3866E-11  0.4002E-11
CALSDV   60    4  0.4028E-11  0.4169E-11
CALSDV    5    5  0.3068E-10  0.3086E-10
CALSDV    6    5  0.1507E-10  0.1512E-10
CALSDV    7    5  0.9749E-11  0.9736E-11
CALSDV    8    5  0.6173E-11  0.6144E-11
CALSDV    9    5  0.5860E-11  0.5846E-11
CALSDV   10    5  0.3928E-11  0.3917E-11
CALSDV   11    5  0.4080E-11  0.4081E-11
CALSDV   12    5  0.3003E-11  0.2976E-11
CALSDV   13    5  0.3116E-11  0.3107E-11
CALSDV   14    5  0.2485E-11  0.2471E-11
CALSDV   15    5  0.2537E-11  0.2534E-11
CALSDV   16    5  0.2153E-11  0.2140E-11
CALSDV   17    5  0.2181E-11  0.2174E-11
CALSDV   18    5  0.1939E-11  0.1933E-11
CALSDV   19    5  0.1950E-11  0.1945E-11
CALSDV   20    5  0.1798E-11  0.1790E-11
CALSDV   21    5  0.1804E-11  0.1802E-11
CALSDV   22    5  0.1708E-11  0.1702E-11
CALSDV   23    5  0.1715E-11  0.1709E-11
CALSDV   24    5  0.1658E-11  0.1651E-11
CALSDV   25    5  0.1667E-11  0.1662E-11
CALSDV   26    5  0.1635E-11  0.1629E-11
CALSDV   27    5  0.1648E-11  0.1644E-11
CALSDV   28    5  0.1636E-11  0.1631E-11
CALSDV   29    5  0.1658E-11  0.1652E-11
CALSDV   30    5  0.1659E-11  0.1654E-11
CALSDV   31    5  0.1685E-11  0.1680E-11
CALSDV   32    5  0.1701E-11  0.1695E-11
CALSDV   33    5  0.1734E-11  0.1729E-11
CALSDV   34    5  0.1762E-11  0.1755E-11
CALSDV   35    5  0.1801E-11  0.1794E-11
CALSDV   36    5  0.1838E-11  0.1832E-11
CALSDV   37    5  0.1885E-11  0.1879E-11
CALSDV   38    5  0.1932E-11  0.1925E-11
CALSDV   39    5  0.1987E-11  0.1980E-11
CALSDV   40    5  0.2045E-11  0.2036E-11
CALSDV   41    5  0.2108E-11  0.2100E-11
CALSDV   42    5  0.2175E-11  0.2166E-11
CALSDV   43    5  0.2248E-11  0.2239E-11
CALSDV   44    5  0.2327E-11  0.2317E-11
CALSDV   45    5  0.2410E-11  0.2399E-11
CALSDV   46    5  0.2500E-11  0.2488E-11
CALSDV   47    5  0.2594E-11  0.2580E-11
CALSDV   48    5  0.2697E-11  0.2682E-11
CALSDV   49    5  0.2803E-11  0.2788E-11
CALSDV   50    5  0.2920E-11  0.2902E-11
CALSDV   51    5  0.3042E-11  0.3023E-11
CALSDV   52    5  0.3173E-11  0.3153E-11
CALSDV   53    5  0.3310E-11  0.3288E-11
CALSDV   54    5  0.3458E-11  0.3436E-11
CALSDV   55    5  0.3609E-11  0.3587E-11
CALSDV   56    5  0.3768E-11  0.3741E-11
CALSDV   57    5  0.3935E-11  0.3909E-11
CALSDV   58    5  0.4110E-11  0.4083E-11
CALSDV   59    5  0.4036E-11  0.4020E-11
CALSDV   60    5  0.4204E-11  0.4189E-11
CALSDV    6    6  0.1613E-10  0.1635E-10
CALSDV    7    6  0.1802E-10  0.1743E-10
CALSDV    8    6  0.8355E-11  0.8351E-11
CALSDV    9    6  0.8394E-11  0.8154E-11
CALSDV   10    6  0.5401E-11  0.5422E-11
CALSDV   11    6  0.5081E-11  0.4944E-11
CALSDV   12    6  0.3799E-11  0.3784E-11
CALSDV   13    6  0.3608E-11  0.3531E-11
CALSDV   14    6  0.2922E-11  0.2908E-11
CALSDV   15    6  0.2837E-11  0.2792E-11
CALSDV   16    6  0.2424E-11  0.2405E-11
CALSDV   17    6  0.2398E-11  0.2368E-11
CALSDV   18    6  0.2125E-11  0.2110E-11
CALSDV   19    6  0.2120E-11  0.2098E-11
CALSDV   20    6  0.1933E-11  0.1915E-11
CALSDV   21    6  0.1951E-11  0.1931E-11
CALSDV   22    6  0.1821E-11  0.1801E-11
CALSDV   23    6  0.1844E-11  0.1825E-11
CALSDV   24    6  0.1751E-11  0.1733E-11
CALSDV   25    6  0.1783E-11  0.1762E-11
CALSDV   26    6  0.1722E-11  0.1701E-11
CALSDV   27    6  0.1755E-11  0.1735E-11
CALSDV   28    6  0.1718E-11  0.1697E-11
CALSDV   29    6  0.1754E-11  0.1734E-11
CALSDV   30    6  0.1736E-11  0.1715E-11
CALSDV   31    6  0.1778E-11  0.1756E-11
CALSDV   32    6  0.1775E-11  0.1752E-11
CALSDV   33    6  0.1821E-11  0.1798E-11
CALSDV   34    6  0.1832E-11  0.1808E-11
CALSDV   35    6  0.1883E-11  0.1859E-11
CALSDV   36    6  0.1907E-11  0.1882E-11
CALSDV   37    6  0.1964E-11  0.1938E-11
CALSDV   38    6  0.2001E-11  0.1974E-11
CALSDV   39    6  0.2064E-11  0.2035E-11
CALSDV   40    6  0.2111E-11  0.2082E-11
CALSDV   41    6  0.2182E-11  0.2152E-11
CALSDV   42    6  0.2241E-11  0.2210E-11
CALSDV   43    6  0.2319E-11  0.2287E-11
CALSDV   44    6  0.2390E-11  0.2357E-11
CALSDV   45    6  0.2479E-11  0.2444E-11
CALSDV   46    6  0.2562E-11  0.2527E-11
CALSDV   47    6  0.2659E-11  0.2623E-11
CALSDV   48    6  0.2756E-11  0.2719E-11
CALSDV   49    6  0.2865E-11  0.2828E-11
CALSDV   50    6  0.2978E-11  0.2940E-11
CALSDV   51    6  0.3100E-11  0.3063E-11
CALSDV   52    6  0.3230E-11  0.3190E-11
CALSDV   53    6  0.3368E-11  0.3327E-11
CALSDV   54    6  0.3513E-11  0.3470E-11
CALSDV   55    6  0.3670E-11  0.3624E-11
CALSDV   56    6  0.3825E-11  0.3774E-11
CALSDV   57    6  0.3995E-11  0.3945E-11
CALSDV   58    6  0.4174E-11  0.4120E-11
CALSDV   59    6  0.4152E-11  0.4113E-11
CALSDV   60    6  0.4317E-11  0.4274E-11
CALSDV    7    7  0.2156E-10  0.2163E-10
CALSDV    8    7  0.1441E-10  0.1463E-10
CALSDV    9    7  0.8803E-11  0.8847E-11
CALSDV   10    7  0.6160E-11  0.6308E-11
CALSDV   11    7  0.5510E-11  0.5585E-11
CALSDV   12    7  0.3913E-11  0.3967E-11
CALSDV   13    7  0.3889E-11  0.3941E-11
CALSDV   14    7  0.3107E-11  0.3139E-11
CALSDV   15    7  0.3025E-11  0.3059E-11
CALSDV   16    7  0.2703E-11  0.2724E-11
CALSDV   17    7  0.2530E-11  0.2557E-11
CALSDV   18    7  0.2431E-11  0.2443E-11
CALSDV   19    7  0.2242E-11  0.2260E-11
CALSDV   20    7  0.2243E-11  0.2248E-11
CALSDV   21    7  0.2051E-11  0.2064E-11
CALSDV   22    7  0.2106E-11  0.2114E-11
CALSDV   23    7  0.1937E-11  0.1950E-11
CALSDV   24    7  0.2011E-11  0.2016E-11
CALSDV   25    7  0.1872E-11  0.1882E-11
CALSDV   26    7  0.1950E-11  0.1954E-11
CALSDV   27    7  0.1839E-11  0.1850E-11
CALSDV   28    7  0.1917E-11  0.1923E-11
CALSDV   29    7  0.1832E-11  0.1846E-11
CALSDV   30    7  0.1911E-11  0.1917E-11
CALSDV   31    7  0.1851E-11  0.1859E-11
CALSDV   32    7  0.1928E-11  0.1935E-11
CALSDV   33    7  0.1887E-11  0.1900E-11
CALSDV   34    7  0.1966E-11  0.1974E-11
CALSDV   35    7  0.1945E-11  0.1957E-11
CALSDV   36    7  0.2023E-11  0.2034E-11
CALSDV   37    7  0.2020E-11  0.2034E-11
CALSDV   38    7  0.2101E-11  0.2113E-11
CALSDV   39    7  0.2115E-11  0.2130E-11
CALSDV   40    7  0.2200E-11  0.2213E-11
CALSDV   41    7  0.2229E-11  0.2244E-11
CALSDV   42    7  0.2317E-11  0.2333E-11
CALSDV   43    7  0.2360E-11  0.2379E-11
CALSDV   44    7  0.2457E-11  0.2474E-11
CALSDV   45    7  0.2513E-11  0.2535E-11
CALSDV   46    7  0.2617E-11  0.2639E-11
CALSDV   47    7  0.2688E-11  0.2714E-11
CALSDV   48    7  0.2801E-11  0.2828E-11
CALSDV   49    7  0.2889E-11  0.2919E-11
CALSDV   50    7  0.3013E-11  0.3045E-11
CALSDV   51    7  0.3118E-11  0.3156E-11
CALSDV   52    7  0.3257E-11  0.3294E-11
CALSDV   53    7  0.3380E-11  0.3421E-11
CALSDV   54    7  0.3531E-11  0.3576E-11
CALSDV   55    7  0.3676E-11  0.3716E-11
CALSDV   56    7  0.3838E-11  0.3881E-11
CALSDV   57    7  0.3999E-11  0.4035E-11
CALSDV   58    7  0.4189E-11  0.4223E-11
CALSDV   59    7  0.4209E-11  0.4229E-11
CALSDV   60    7  0.4389E-11  0.4408E-11
CALSDV    8    8  0.1315E-10  0.1360E-10
CALSDV    9    8  0.1325E-10  0.1315E-10
CALSDV   10    8  0.8202E-11  0.8076E-11
CALSDV   11    8  0.7010E-11  0.6924E-11
CALSDV   12    8  0.5954E-11  0.5974E-11
CALSDV   13    8  0.4929E-11  0.4877E-11
CALSDV   14    8  0.4363E-11  0.4401E-11
CALSDV   15    8  0.3905E-11  0.3869E-11
CALSDV   16    8  0.3417E-11  0.3433E-11
CALSDV   17    8  0.3290E-11  0.3251E-11
CALSDV   18    8  0.2840E-11  0.2842E-11
CALSDV   19    8  0.2870E-11  0.2841E-11
CALSDV   20    8  0.2502E-11  0.2491E-11
CALSDV   21    8  0.2582E-11  0.2553E-11
CALSDV   22    8  0.2275E-11  0.2262E-11
CALSDV   23    8  0.2382E-11  0.2354E-11
CALSDV   24    8  0.2145E-11  0.2123E-11
CALSDV   25    8  0.2246E-11  0.2220E-11
CALSDV   26    8  0.2066E-11  0.2039E-11
CALSDV   27    8  0.2159E-11  0.2128E-11
CALSDV   28    8  0.2027E-11  0.1996E-11
CALSDV   29    8  0.2112E-11  0.2077E-11
CALSDV   30    8  0.2017E-11  0.1988E-11
CALSDV   31    8  0.2095E-11  0.2061E-11
CALSDV   32    8  0.2034E-11  0.2001E-11
CALSDV   33    8  0.2106E-11  0.2069E-11
CALSDV   34    8  0.2071E-11  0.2037E-11
CALSDV   35    8  0.2143E-11  0.2104E-11
CALSDV   36    8  0.2132E-11  0.2094E-11
CALSDV   37    8  0.2201E-11  0.2160E-11
CALSDV   38    8  0.2212E-11  0.2170E-11
CALSDV   39    8  0.2282E-11  0.2238E-11
CALSDV   40    8  0.2310E-11  0.2266E-11
CALSDV   41    8  0.2386E-11  0.2338E-11
CALSDV   42    8  0.2431E-11  0.2382E-11
CALSDV   43    8  0.2511E-11  0.2458E-11
CALSDV   44    8  0.2571E-11  0.2516E-11
CALSDV   45    8  0.2659E-11  0.2601E-11
CALSDV   46    8  0.2738E-11  0.2674E-11
CALSDV   47    8  0.2832E-11  0.2764E-11
CALSDV   48    8  0.2925E-11  0.2854E-11
CALSDV   49    8  0.3032E-11  0.2956E-11
CALSDV   50    8  0.3142E-11  0.3063E-11
CALSDV   51    8  0.3262E-11  0.3178E-11
CALSDV   52    8  0.3390E-11  0.3303E-11
CALSDV   53    8  0.3526E-11  0.3432E-11
CALSDV   54    8  0.3668E-11  0.3572E-11
CALSDV   55    8  0.3819E-11  0.3719E-11
CALSDV   56    8  0.3973E-11  0.3874E-11
CALSDV   57    8  0.4130E-11  0.4042E-11
CALSDV   58    8  0.4315E-11  0.4223E-11
CALSDV   59    8  0.4366E-11  0.4308E-11
CALSDV   60    8  0.4553E-11  0.4485E-11
CALSDV    9    9  0.1508E-10  0.1511E-10
CALSDV   10    9  0.1358E-10  0.1357E-10
CALSDV   11    9  0.8394E-11  0.8436E-11
CALSDV   12    9  0.6420E-11  0.6454E-11
CALSDV   13    9  0.5796E-11  0.5808E-11
CALSDV   14    9  0.4143E-11  0.4194E-11
CALSDV   15    9  0.4100E-11  0.4111E-11
CALSDV   16    9  0.3329E-11  0.3350E-11
CALSDV   17    9  0.3143E-11  0.3154E-11
CALSDV   18    9  0.2940E-11  0.2950E-11
CALSDV   19    9  0.2619E-11  0.2628E-11
CALSDV   20    9  0.2687E-11  0.2695E-11
CALSDV   21    9  0.2351E-11  0.2356E-11
CALSDV   22    9  0.2508E-11  0.2514E-11
CALSDV   23    9  0.2194E-11  0.2198E-11
CALSDV   24    9  0.2380E-11  0.2384E-11
CALSDV   25    9  0.2112E-11  0.2116E-11
CALSDV   26    9  0.2291E-11  0.2296E-11
CALSDV   27    9  0.2076E-11  0.2080E-11
CALSDV   28    9  0.2232E-11  0.2236E-11
CALSDV   29    9  0.2069E-11  0.2074E-11
CALSDV   30    9  0.2202E-11  0.2208E-11
CALSDV   31    9  0.2084E-11  0.2090E-11
CALSDV   32    9  0.2199E-11  0.2204E-11
CALSDV   33    9  0.2118E-11  0.2122E-11
CALSDV   34    9  0.2217E-11  0.2223E-11
CALSDV   35    9  0.2166E-11  0.2173E-11
CALSDV   36    9  0.2261E-11  0.2265E-11
CALSDV   37    9  0.2237E-11  0.2243E-11
CALSDV   38    9  0.2325E-11  0.2330E-11
CALSDV   39    9  0.2323E-11  0.2330E-11
CALSDV   40    9  0.2409E-11  0.2415E-11
CALSDV   41    9  0.2430E-11  0.2434E-11
CALSDV   42    9  0.2516E-11  0.2522E-11
CALSDV   43    9  0.2556E-11  0.2561E-11
CALSDV   44    9  0.2646E-11  0.2650E-11
CALSDV   45    9  0.2699E-11  0.2706E-11
CALSDV   46    9  0.2798E-11  0.2804E-11
CALSDV   47    9  0.2869E-11  0.2875E-11
CALSDV   48    9  0.2976E-11  0.2982E-11
CALSDV   49    9  0.3063E-11  0.3071E-11
CALSDV   50    9  0.3181E-11  0.3187E-11
CALSDV   51    9  0.3286E-11  0.3295E-11
CALSDV   52    9  0.3419E-11  0.3426E-11
CALSDV   53    9  0.3542E-11  0.3551E-11
CALSDV   54    9  0.3685E-11  0.3695E-11
CALSDV   55    9  0.3825E-11  0.3838E-11
CALSDV   56    9  0.3984E-11  0.3999E-11
CALSDV   57    9  0.4140E-11  0.4150E-11
CALSDV   58    9  0.4325E-11  0.4340E-11
CALSDV   59    9  0.4424E-11  0.4431E-11
CALSDV   60    9  0.4611E-11  0.4620E-11
CALSDV   10   10  0.1208E-10  0.1199E-10
CALSDV   11   10  0.1123E-10  0.1121E-10
CALSDV   12   10  0.7718E-11  0.7808E-11
CALSDV   13   10  0.5797E-11  0.5792E-11
CALSDV   14   10  0.6111E-11  0.6133E-11
CALSDV   15   10  0.4476E-11  0.4505E-11
CALSDV   16   10  0.4688E-11  0.4680E-11
CALSDV   17   10  0.3928E-11  0.3939E-11
CALSDV   18   10  0.3760E-11  0.3751E-11
CALSDV   19   10  0.3546E-11  0.3558E-11
CALSDV   20   10  0.3187E-11  0.3178E-11
CALSDV   21   10  0.3230E-11  0.3234E-11
CALSDV   22   10  0.2846E-11  0.2840E-11
CALSDV   23   10  0.2982E-11  0.2983E-11
CALSDV   24   10  0.2630E-11  0.2628E-11
CALSDV   25   10  0.2789E-11  0.2792E-11
CALSDV   26   10  0.2502E-11  0.2500E-11
CALSDV   27   10  0.2647E-11  0.2650E-11
CALSDV   28   10  0.2424E-11  0.2426E-11
CALSDV   29   10  0.2547E-11  0.2553E-11
CALSDV   30   10  0.2388E-11  0.2389E-11
CALSDV   31   10  0.2485E-11  0.2493E-11
CALSDV   32   10  0.2376E-11  0.2382E-11
CALSDV   33   10  0.2460E-11  0.2467E-11
CALSDV   34   10  0.2394E-11  0.2399E-11
CALSDV   35   10  0.2461E-11  0.2469E-11
CALSDV   36   10  0.2432E-11  0.2437E-11
CALSDV   37   10  0.2490E-11  0.2498E-11
CALSDV   38   10  0.2490E-11  0.2499E-11
CALSDV   39   10  0.2545E-11  0.2555E-11
CALSDV   40   10  0.2569E-11  0.2578E-11
CALSDV   41   10  0.2624E-11  0.2635E-11
CALSDV   42   10  0.2669E-11  0.2680E-11
CALSDV   43   10  0.2727E-11  0.2738E-11
CALSDV   44   10  0.2792E-11  0.2804E-11
CALSDV   45   10  0.2853E-11  0.2866E-11
CALSDV   46   10  0.2933E-11  0.2949E-11
CALSDV   47   10  0.3003E-11  0.3020E-11
CALSDV   48   10  0.3103E-11  0.3119E-11
CALSDV   49   10  0.3183E-11  0.3203E-11
CALSDV   50   10  0.3299E-11  0.3321E-11
CALSDV   51   10  0.3392E-11  0.3416E-11
CALSDV   52   10  0.3527E-11  0.3551E-11
CALSDV   53   10  0.3636E-11  0.3661E-11
CALSDV   54   10  0.3782E-11  0.3808E-11
CALSDV   55   10  0.3909E-11  0.3941E-11
CALSDV   56   10  0.4073E-11  0.4106E-11
CALSDV   57   10  0.4214E-11  0.4246E-11
CALSDV   58   10  0.4407E-11  0.4440E-11
CALSDV   59   10  0.4532E-11  0.4561E-11
CALSDV   60   10  0.4737E-11  0.4765E-11
CALSDV   11   11  0.1121E-10  0.1112E-10
CALSDV   12   11  0.1212E-10  0.1208E-10
CALSDV   13   11  0.8143E-11  0.8097E-11
CALSDV   14   11  0.6338E-11  0.6320E-11
CALSDV   15   11  0.6190E-11  0.6164E-11
CALSDV   16   11  0.4455E-11  0.4463E-11
CALSDV   17   11  0.4486E-11  0.4468E-11
CALSDV   18   11  0.3677E-11  0.3673E-11
CALSDV   19   11  0.3412E-11  0.3405E-11
CALSDV   20   11  0.3237E-11  0.3227E-11
CALSDV   21   11  0.2822E-11  0.2814E-11
CALSDV   22   11  0.2936E-11  0.2929E-11
CALSDV   23   11  0.2533E-11  0.2525E-11
CALSDV   24   11  0.2734E-11  0.2725E-11
CALSDV   25   11  0.2401E-11  0.2393E-11
CALSDV   26   11  0.2591E-11  0.2581E-11
CALSDV   27   11  0.2354E-11  0.2344E-11
CALSDV   28   11  0.2501E-11  0.2494E-11
CALSDV   29   11  0.2346E-11  0.2337E-11
CALSDV   30   11  0.2450E-11  0.2444E-11
CALSDV   31   11  0.2364E-11  0.2359E-11
CALSDV   32   11  0.2433E-11  0.2428E-11
CALSDV   33   11  0.2402E-11  0.2395E-11
CALSDV   34   11  0.2445E-11  0.2440E-11
CALSDV   35   11  0.2456E-11  0.2448E-11
CALSDV   36   11  0.2481E-11  0.2475E-11
CALSDV   37   11  0.2520E-11  0.2514E-11
CALSDV   38   11  0.2540E-11  0.2534E-11
CALSDV   39   11  0.2603E-11  0.2595E-11
CALSDV   40   11  0.2622E-11  0.2616E-11
CALSDV   41   11  0.2701E-11  0.2692E-11
CALSDV   42   11  0.2728E-11  0.2717E-11
CALSDV   43   11  0.2817E-11  0.2806E-11
CALSDV   44   11  0.2851E-11  0.2841E-11
CALSDV   45   11  0.2953E-11  0.2940E-11
CALSDV   46   11  0.3000E-11  0.2986E-11
CALSDV   47   11  0.3112E-11  0.3095E-11
CALSDV   48   11  0.3173E-11  0.3156E-11
CALSDV   49   11  0.3294E-11  0.3275E-11
CALSDV   50   11  0.3375E-11  0.3355E-11
CALSDV   51   11  0.3506E-11  0.3484E-11
CALSDV   52   11  0.3608E-11  0.3583E-11
CALSDV   53   11  0.3749E-11  0.3722E-11
CALSDV   54   11  0.3866E-11  0.3835E-11
CALSDV   55   11  0.4021E-11  0.3988E-11
CALSDV   56   11  0.4165E-11  0.4129E-11
CALSDV   57   11  0.4316E-11  0.4291E-11
CALSDV   58   11  0.4493E-11  0.4464E-11
CALSDV   59   11  0.4649E-11  0.4636E-11
CALSDV   60   11  0.4827E-11  0.4811E-11
CALSDV   12   12  0.1061E-10  0.1079E-10
CALSDV   13   12  0.1088E-10  0.1097E-10
CALSDV   14   12  0.7520E-11  0.7616E-11
CALSDV   15   12  0.5522E-11  0.5558E-11
CALSDV   16   12  0.6056E-11  0.6103E-11
CALSDV   17   12  0.4320E-11  0.4356E-11
CALSDV   18   12  0.4651E-11  0.4671E-11
CALSDV   19   12  0.3947E-11  0.3970E-11
CALSDV   20   12  0.3751E-11  0.3774E-11
CALSDV   21   12  0.3684E-11  0.3703E-11
CALSDV   22   12  0.3255E-11  0.3272E-11
CALSDV   23   12  0.3432E-11  0.3455E-11
CALSDV   24   12  0.2997E-11  0.3015E-11
CALSDV   25   12  0.3222E-11  0.3246E-11
CALSDV   26   12  0.2864E-11  0.2885E-11
CALSDV   27   12  0.3057E-11  0.3076E-11
CALSDV   28   12  0.2801E-11  0.2819E-11
CALSDV   29   12  0.2932E-11  0.2954E-11
CALSDV   30   12  0.2774E-11  0.2792E-11
CALSDV   31   12  0.2847E-11  0.2869E-11
CALSDV   32   12  0.2769E-11  0.2789E-11
CALSDV   33   12  0.2798E-11  0.2821E-11
CALSDV   34   12  0.2785E-11  0.2805E-11
CALSDV   35   12  0.2783E-11  0.2807E-11
CALSDV   36   12  0.2816E-11  0.2838E-11
CALSDV   37   12  0.2795E-11  0.2819E-11
CALSDV   38   12  0.2866E-11  0.2886E-11
CALSDV   39   12  0.2836E-11  0.2858E-11
CALSDV   40   12  0.2934E-11  0.2953E-11
CALSDV   41   12  0.2901E-11  0.2925E-11
CALSDV   42   12  0.3018E-11  0.3038E-11
CALSDV   43   12  0.2987E-11  0.3014E-11
CALSDV   44   12  0.3119E-11  0.3143E-11
CALSDV   45   12  0.3103E-11  0.3131E-11
CALSDV   46   12  0.3246E-11  0.3271E-11
CALSDV   47   12  0.3241E-11  0.3271E-11
CALSDV   48   12  0.3393E-11  0.3424E-11
CALSDV   49   12  0.3407E-11  0.3442E-11
CALSDV   50   12  0.3568E-11  0.3603E-11
CALSDV   51   12  0.3600E-11  0.3640E-11
CALSDV   52   12  0.3773E-11  0.3811E-11
CALSDV   53   12  0.3826E-11  0.3868E-11
CALSDV   54   12  0.4001E-11  0.4047E-11
CALSDV   55   12  0.4082E-11  0.4130E-11
CALSDV   56   12  0.4273E-11  0.4324E-11
CALSDV   57   12  0.4373E-11  0.4418E-11
CALSDV   58   12  0.4589E-11  0.4633E-11
CALSDV   59   12  0.4737E-11  0.4768E-11
CALSDV   60   12  0.4972E-11  0.5003E-11
CALSDV   13   13  0.9412E-11  0.9402E-11
CALSDV   14   13  0.1076E-10  0.1081E-10
CALSDV   15   13  0.7943E-11  0.7907E-11
CALSDV   16   13  0.5981E-11  0.5992E-11
CALSDV   17   13  0.6485E-11  0.6508E-11
CALSDV   18   13  0.4673E-11  0.4679E-11
CALSDV   19   13  0.4854E-11  0.4862E-11
CALSDV   20   13  0.4041E-11  0.4054E-11
CALSDV   21   13  0.3725E-11  0.3736E-11
CALSDV   22   13  0.3577E-11  0.3597E-11
CALSDV   23   13  0.3083E-11  0.3092E-11
CALSDV   24   13  0.3219E-11  0.3236E-11
CALSDV   25   13  0.2772E-11  0.2782E-11
CALSDV   26   13  0.2960E-11  0.2976E-11
CALSDV   27   13  0.2655E-11  0.2663E-11
CALSDV   28   13  0.2786E-11  0.2799E-11
CALSDV   29   13  0.2632E-11  0.2641E-11
CALSDV   30   13  0.2686E-11  0.2698E-11
CALSDV   31   13  0.2653E-11  0.2663E-11
CALSDV   32   13  0.2642E-11  0.2653E-11
CALSDV   33   13  0.2694E-11  0.2707E-11
CALSDV   34   13  0.2640E-11  0.2651E-11
CALSDV   35   13  0.2755E-11  0.2761E-11
CALSDV   36   13  0.2675E-11  0.2685E-11
CALSDV   37   13  0.2826E-11  0.2831E-11
CALSDV   38   13  0.2735E-11  0.2745E-11
CALSDV   39   13  0.2907E-11  0.2912E-11
CALSDV   40   13  0.2821E-11  0.2831E-11
CALSDV   41   13  0.3001E-11  0.3008E-11
CALSDV   42   13  0.2929E-11  0.2938E-11
CALSDV   43   13  0.3107E-11  0.3114E-11
CALSDV   44   13  0.3055E-11  0.3064E-11
CALSDV   45   13  0.3231E-11  0.3240E-11
CALSDV   46   13  0.3206E-11  0.3214E-11
CALSDV   47   13  0.3377E-11  0.3386E-11
CALSDV   48   13  0.3377E-11  0.3386E-11
CALSDV   49   13  0.3546E-11  0.3554E-11
CALSDV   50   13  0.3574E-11  0.3583E-11
CALSDV   51   13  0.3738E-11  0.3746E-11
CALSDV   52   13  0.3799E-11  0.3804E-11
CALSDV   53   13  0.3959E-11  0.3964E-11
CALSDV   54   13  0.4045E-11  0.4048E-11
CALSDV   55   13  0.4209E-11  0.4210E-11
CALSDV   56   13  0.4335E-11  0.4333E-11
CALSDV   57   13  0.4489E-11  0.4490E-11
CALSDV   58   13  0.4653E-11  0.4652E-11
CALSDV   59   13  0.4863E-11  0.4862E-11
CALSDV   60   13  0.5033E-11  0.5030E-11
CALSDV   14   14  0.8873E-11  0.8918E-11
CALSDV   15   14  0.1124E-10  0.1124E-10
CALSDV   16   14  0.7641E-11  0.7744E-11
CALSDV   17   14  0.5837E-11  0.5856E-11
CALSDV   18   14  0.6302E-11  0.6352E-11
CALSDV   19   14  0.4524E-11  0.4551E-11
CALSDV   20   14  0.4768E-11  0.4799E-11
CALSDV   21   14  0.4129E-11  0.4170E-11
CALSDV   22   14  0.3772E-11  0.3800E-11
CALSDV   23   14  0.3881E-11  0.3910E-11
CALSDV   24   14  0.3265E-11  0.3306E-11
CALSDV   25   14  0.3647E-11  0.3665E-11
CALSDV   26   14  0.3072E-11  0.3116E-11
CALSDV   27   14  0.3451E-11  0.3463E-11
CALSDV   28   14  0.3033E-11  0.3074E-11
CALSDV   29   14  0.3301E-11  0.3307E-11
CALSDV   30   14  0.3049E-11  0.3092E-11
CALSDV   31   14  0.3194E-11  0.3198E-11
CALSDV   32   14  0.3095E-11  0.3130E-11
CALSDV   33   14  0.3130E-11  0.3140E-11
CALSDV   34   14  0.3141E-11  0.3183E-11
CALSDV   35   14  0.3100E-11  0.3112E-11
CALSDV   36   14  0.3197E-11  0.3236E-11
CALSDV   37   14  0.3102E-11  0.3123E-11
CALSDV   38   14  0.3254E-11  0.3299E-11
CALSDV   39   14  0.3135E-11  0.3159E-11
CALSDV   40   14  0.3322E-11  0.3370E-11
CALSDV   41   14  0.3189E-11  0.3221E-11
CALSDV   42   14  0.3404E-11  0.3452E-11
CALSDV   43   14  0.3271E-11  0.3307E-11
CALSDV   44   14  0.3495E-11  0.3547E-11
CALSDV   45   14  0.3377E-11  0.3416E-11
CALSDV   46   14  0.3606E-11  0.3657E-11
CALSDV   47   14  0.3506E-11  0.3553E-11
CALSDV   48   14  0.3736E-11  0.3794E-11
CALSDV   49   14  0.3661E-11  0.3712E-11
CALSDV   50   14  0.3890E-11  0.3948E-11
CALSDV   51   14  0.3842E-11  0.3896E-11
CALSDV   52   14  0.4070E-11  0.4130E-11
CALSDV   53   14  0.4050E-11  0.4108E-11
CALSDV   54   14  0.4274E-11  0.4332E-11
CALSDV   55   14  0.4289E-11  0.4346E-11
CALSDV   56   14  0.4519E-11  0.4580E-11
CALSDV   57   14  0.4559E-11  0.4617E-11
CALSDV   58   14  0.4800E-11  0.4861E-11
CALSDV   59   14  0.4941E-11  0.5001E-11
CALSDV   60   14  0.5201E-11  0.5269E-11
CALSDV   15   15  0.9564E-11  0.9401E-11
CALSDV   16   15  0.1097E-10  0.1130E-10
CALSDV   17   15  0.7661E-11  0.8037E-11
CALSDV   18   15  0.5974E-11  0.6085E-11
CALSDV   19   15  0.6646E-11  0.6898E-11
CALSDV   20   15  0.4660E-11  0.4811E-11
CALSDV   21   15  0.5193E-11  0.5391E-11
CALSDV   22   15  0.4132E-11  0.4309E-11
CALSDV   23   15  0.4120E-11  0.4310E-11
CALSDV   24   15  0.3773E-11  0.3924E-11
CALSDV   25   15  0.3502E-11  0.3672E-11
CALSDV   26   15  0.3467E-11  0.3581E-11
CALSDV   27   15  0.3193E-11  0.3354E-11
CALSDV   28   15  0.3229E-11  0.3323E-11
CALSDV   29   15  0.3077E-11  0.3219E-11
CALSDV   30   15  0.3062E-11  0.3148E-11
CALSDV   31   15  0.3058E-11  0.3186E-11
CALSDV   32   15  0.2971E-11  0.3053E-11
CALSDV   33   15  0.3092E-11  0.3197E-11
CALSDV   34   15  0.2940E-11  0.3022E-11
CALSDV   35   15  0.3140E-11  0.3242E-11
CALSDV   36   15  0.2951E-11  0.3037E-11
CALSDV   37   15  0.3200E-11  0.3297E-11
CALSDV   38   15  0.2998E-11  0.3093E-11
CALSDV   39   15  0.3268E-11  0.3370E-11
CALSDV   40   15  0.3075E-11  0.3173E-11
CALSDV   41   15  0.3344E-11  0.3455E-11
CALSDV   42   15  0.3171E-11  0.3283E-11
CALSDV   43   15  0.3435E-11  0.3553E-11
CALSDV   44   15  0.3291E-11  0.3413E-11
CALSDV   45   15  0.3540E-11  0.3669E-11
CALSDV   46   15  0.3430E-11  0.3567E-11
CALSDV   47   15  0.3660E-11  0.3801E-11
CALSDV   48   15  0.3591E-11  0.3740E-11
CALSDV   49   15  0.3801E-11  0.3957E-11
CALSDV   50   15  0.3771E-11  0.3939E-11
CALSDV   51   15  0.3961E-11  0.4136E-11
CALSDV   52   15  0.3973E-11  0.4154E-11
CALSDV   53   15  0.4144E-11  0.4337E-11
CALSDV   54   15  0.4193E-11  0.4395E-11
CALSDV   55   15  0.4353E-11  0.4567E-11
CALSDV   56   15  0.4450E-11  0.4676E-11
CALSDV   57   15  0.4599E-11  0.4821E-11
CALSDV   58   15  0.4740E-11  0.4979E-11
CALSDV   59   15  0.4975E-11  0.5227E-11
CALSDV   60   15  0.5133E-11  0.5400E-11
CALSDV   16   16  0.8219E-11  0.8068E-11
CALSDV   17   16  0.1101E-10  0.1084E-10
CALSDV   18   16  0.8075E-11  0.7889E-11
CALSDV   19   16  0.5942E-11  0.5895E-11
CALSDV   20   16  0.6864E-11  0.6754E-11
CALSDV   21   16  0.4883E-11  0.4774E-11
CALSDV   22   16  0.5222E-11  0.5138E-11
CALSDV   23   16  0.4520E-11  0.4419E-11
CALSDV   24   16  0.4101E-11  0.4032E-11
CALSDV   25   16  0.4228E-11  0.4136E-11
CALSDV   26   16  0.3549E-11  0.3489E-11
CALSDV   27   16  0.3945E-11  0.3870E-11
CALSDV   28   16  0.3377E-11  0.3319E-11
CALSDV   29   16  0.3712E-11  0.3654E-11
CALSDV   30   16  0.3386E-11  0.3336E-11
CALSDV   31   16  0.3549E-11  0.3504E-11
CALSDV   32   16  0.3458E-11  0.3411E-11
CALSDV   33   16  0.3454E-11  0.3415E-11
CALSDV   34   16  0.3552E-11  0.3503E-11
CALSDV   35   16  0.3420E-11  0.3380E-11
CALSDV   36   16  0.3644E-11  0.3592E-11
CALSDV   37   16  0.3424E-11  0.3382E-11
CALSDV   38   16  0.3733E-11  0.3674E-11
CALSDV   39   16  0.3468E-11  0.3417E-11
CALSDV   40   16  0.3818E-11  0.3753E-11
CALSDV   41   16  0.3537E-11  0.3482E-11
CALSDV   42   16  0.3905E-11  0.3834E-11
CALSDV   43   16  0.3627E-11  0.3565E-11
CALSDV   44   16  0.3998E-11  0.3920E-11
CALSDV   45   16  0.3743E-11  0.3672E-11
CALSDV   46   16  0.4103E-11  0.4020E-11
CALSDV   47   16  0.3881E-11  0.3797E-11
CALSDV   48   16  0.4218E-11  0.4127E-11
CALSDV   49   16  0.4033E-11  0.3946E-11
CALSDV   50   16  0.4357E-11  0.4257E-11
CALSDV   51   16  0.4210E-11  0.4114E-11
CALSDV   52   16  0.4511E-11  0.4400E-11
CALSDV   53   16  0.4408E-11  0.4294E-11
CALSDV   54   16  0.4692E-11  0.4562E-11
CALSDV   55   16  0.4634E-11  0.4502E-11
CALSDV   56   16  0.4911E-11  0.4767E-11
CALSDV   57   16  0.4880E-11  0.4741E-11
CALSDV   58   16  0.5150E-11  0.5006E-11
CALSDV   59   16  0.5282E-11  0.5133E-11
CALSDV   60   16  0.5572E-11  0.5414E-11
CALSDV   17   17  0.7836E-11  0.7744E-11
CALSDV   18   17  0.9722E-11  0.9657E-11
CALSDV   19   17  0.7922E-11  0.7759E-11
CALSDV   20   17  0.5501E-11  0.5479E-11
CALSDV   21   17  0.6885E-11  0.6730E-11
CALSDV   22   17  0.5107E-11  0.5022E-11
CALSDV   23   17  0.5345E-11  0.5241E-11
CALSDV   24   17  0.4834E-11  0.4763E-11
CALSDV   25   17  0.4243E-11  0.4163E-11
CALSDV   26   17  0.4421E-11  0.4360E-11
CALSDV   27   17  0.3622E-11  0.3567E-11
CALSDV   28   17  0.3976E-11  0.3932E-11
CALSDV   29   17  0.3363E-11  0.3303E-11
CALSDV   30   17  0.3614E-11  0.3576E-11
CALSDV   31   17  0.3292E-11  0.3235E-11
CALSDV   32   17  0.3357E-11  0.3328E-11
CALSDV   33   17  0.3313E-11  0.3260E-11
CALSDV   34   17  0.3228E-11  0.3202E-11
CALSDV   35   17  0.3376E-11  0.3326E-11
CALSDV   36   17  0.3207E-11  0.3173E-11
CALSDV   37   17  0.3464E-11  0.3414E-11
CALSDV   38   17  0.3243E-11  0.3213E-11
CALSDV   39   17  0.3558E-11  0.3505E-11
CALSDV   40   17  0.3343E-11  0.3297E-11
CALSDV   41   17  0.3661E-11  0.3605E-11
CALSDV   42   17  0.3467E-11  0.3421E-11
CALSDV   43   17  0.3774E-11  0.3714E-11
CALSDV   44   17  0.3617E-11  0.3563E-11
CALSDV   45   17  0.3898E-11  0.3832E-11
CALSDV   46   17  0.3789E-11  0.3728E-11
CALSDV   47   17  0.4033E-11  0.3964E-11
CALSDV   48   17  0.3977E-11  0.3907E-11
CALSDV   49   17  0.4183E-11  0.4109E-11
CALSDV   50   17  0.4176E-11  0.4103E-11
CALSDV   51   17  0.4354E-11  0.4275E-11
CALSDV   52   17  0.4389E-11  0.4308E-11
CALSDV   53   17  0.4537E-11  0.4452E-11
CALSDV   54   17  0.4618E-11  0.4525E-11
CALSDV   55   17  0.4744E-11  0.4650E-11
CALSDV   56   17  0.4876E-11  0.4772E-11
CALSDV   57   17  0.4974E-11  0.4871E-11
CALSDV   58   17  0.5147E-11  0.5041E-11
CALSDV   59   17  0.5372E-11  0.5261E-11
CALSDV   60   17  0.5573E-11  0.5456E-11
CALSDV   18   18  0.8997E-11  0.8936E-11
CALSDV   19   18  0.9984E-11  0.1006E-10
CALSDV   20   18  0.8565E-11  0.8492E-11
CALSDV   21   18  0.5474E-11  0.5508E-11
CALSDV   22   18  0.7252E-11  0.7206E-11
CALSDV   23   18  0.4974E-11  0.4948E-11
CALSDV   24   18  0.5495E-11  0.5451E-11
CALSDV   25   18  0.4813E-11  0.4764E-11
CALSDV   26   18  0.4309E-11  0.4279E-11
CALSDV   27   18  0.4526E-11  0.4487E-11
CALSDV   28   18  0.3784E-11  0.3754E-11
CALSDV   29   18  0.4216E-11  0.4180E-11
CALSDV   30   18  0.3704E-11  0.3675E-11
CALSDV   31   18  0.3952E-11  0.3931E-11
CALSDV   32   18  0.3808E-11  0.3772E-11
CALSDV   33   18  0.3791E-11  0.3765E-11
CALSDV   34   18  0.3952E-11  0.3916E-11
CALSDV   35   18  0.3719E-11  0.3690E-11
CALSDV   36   18  0.4094E-11  0.4055E-11
CALSDV   37   18  0.3720E-11  0.3696E-11
CALSDV   38   18  0.4215E-11  0.4182E-11
CALSDV   39   18  0.3766E-11  0.3736E-11
CALSDV   40   18  0.4318E-11  0.4279E-11
CALSDV   41   18  0.3846E-11  0.3821E-11
CALSDV   42   18  0.4409E-11  0.4370E-11
CALSDV   43   18  0.3950E-11  0.3926E-11
CALSDV   44   18  0.4492E-11  0.4454E-11
CALSDV   45   18  0.4075E-11  0.4048E-11
CALSDV   46   18  0.4579E-11  0.4540E-11
CALSDV   47   18  0.4212E-11  0.4180E-11
CALSDV   48   18  0.4675E-11  0.4629E-11
CALSDV   49   18  0.4365E-11  0.4327E-11
CALSDV   50   18  0.4778E-11  0.4732E-11
CALSDV   51   18  0.4528E-11  0.4489E-11
CALSDV   52   18  0.4894E-11  0.4846E-11
CALSDV   53   18  0.4699E-11  0.4658E-11
CALSDV   54   18  0.5025E-11  0.4980E-11
CALSDV   55   18  0.4885E-11  0.4852E-11
CALSDV   56   18  0.5189E-11  0.5148E-11
CALSDV   57   18  0.5089E-11  0.5053E-11
CALSDV   58   18  0.5373E-11  0.5334E-11
CALSDV   59   18  0.5482E-11  0.5443E-11
CALSDV   60   18  0.5772E-11  0.5731E-11
CALSDV   19   19  0.7558E-11  0.7569E-11
CALSDV   20   19  0.9595E-11  0.9573E-11
CALSDV   21   19  0.8013E-11  0.7987E-11
CALSDV   22   19  0.5488E-11  0.5484E-11
CALSDV   23   19  0.6969E-11  0.6937E-11
CALSDV   24   19  0.5457E-11  0.5435E-11
CALSDV   25   19  0.5465E-11  0.5446E-11
CALSDV   26   19  0.5403E-11  0.5379E-11
CALSDV   27   19  0.4431E-11  0.4414E-11
CALSDV   28   19  0.5045E-11  0.5037E-11
CALSDV   29   19  0.3877E-11  0.3862E-11
CALSDV   30   19  0.4586E-11  0.4587E-11
CALSDV   31   19  0.3655E-11  0.3646E-11
CALSDV   32   19  0.4186E-11  0.4178E-11
CALSDV   33   19  0.3609E-11  0.3597E-11
CALSDV   34   19  0.3894E-11  0.3890E-11
CALSDV   35   19  0.3640E-11  0.3628E-11
CALSDV   36   19  0.3739E-11  0.3728E-11
CALSDV   37   19  0.3709E-11  0.3695E-11
CALSDV   38   19  0.3706E-11  0.3698E-11
CALSDV   39   19  0.3804E-11  0.3786E-11
CALSDV   40   19  0.3748E-11  0.3741E-11
CALSDV   41   19  0.3910E-11  0.3897E-11
CALSDV   42   19  0.3850E-11  0.3845E-11
CALSDV   43   19  0.4024E-11  0.4017E-11
CALSDV   44   19  0.3991E-11  0.3988E-11
CALSDV   45   19  0.4150E-11  0.4147E-11
CALSDV   46   19  0.4151E-11  0.4150E-11
CALSDV   47   19  0.4290E-11  0.4286E-11
CALSDV   48   19  0.4328E-11  0.4329E-11
CALSDV   49   19  0.4436E-11  0.4437E-11
CALSDV   50   19  0.4518E-11  0.4521E-11
CALSDV   51   19  0.4601E-11  0.4602E-11
CALSDV   52   19  0.4713E-11  0.4714E-11
CALSDV   53   19  0.4773E-11  0.4774E-11
CALSDV   54   19  0.4916E-11  0.4919E-11
CALSDV   55   19  0.4962E-11  0.4962E-11
CALSDV   56   19  0.5143E-11  0.5144E-11
CALSDV   57   19  0.5164E-11  0.5160E-11
CALSDV   58   19  0.5375E-11  0.5369E-11
CALSDV   59   19  0.5551E-11  0.5538E-11
CALSDV   60   19  0.5788E-11  0.5773E-11
CALSDV   20   20  0.9181E-11  0.8957E-11
CALSDV   21   20  0.9877E-11  0.9919E-11
CALSDV   22   20  0.8940E-11  0.8967E-11
CALSDV   23   20  0.5499E-11  0.5534E-11
CALSDV   24   20  0.7655E-11  0.7695E-11
CALSDV   25   20  0.5278E-11  0.5334E-11
CALSDV   26   20  0.5838E-11  0.5858E-11
CALSDV   27   20  0.5164E-11  0.5219E-11
CALSDV   28   20  0.4602E-11  0.4617E-11
CALSDV   29   20  0.4842E-11  0.4888E-11
CALSDV   30   20  0.4051E-11  0.4065E-11
CALSDV   31   20  0.4473E-11  0.4510E-11
CALSDV   32   20  0.3972E-11  0.3992E-11
CALSDV   33   20  0.4189E-11  0.4215E-11
CALSDV   34   20  0.4108E-11  0.4118E-11
CALSDV   35   20  0.4027E-11  0.4045E-11
CALSDV   36   20  0.4289E-11  0.4292E-11
CALSDV   37   20  0.3983E-11  0.3998E-11
CALSDV   38   20  0.4455E-11  0.4461E-11
CALSDV   39   20  0.4035E-11  0.4044E-11
CALSDV   40   20  0.4609E-11  0.4611E-11
CALSDV   41   20  0.4141E-11  0.4148E-11
CALSDV   42   20  0.4735E-11  0.4739E-11
CALSDV   43   20  0.4272E-11  0.4280E-11
CALSDV   44   20  0.4845E-11  0.4850E-11
CALSDV   45   20  0.4421E-11  0.4430E-11
CALSDV   46   20  0.4944E-11  0.4951E-11
CALSDV   47   20  0.4574E-11  0.4586E-11
CALSDV   48   20  0.5035E-11  0.5047E-11
CALSDV   49   20  0.4725E-11  0.4746E-11
CALSDV   50   20  0.5132E-11  0.5150E-11
CALSDV   51   20  0.4881E-11  0.4902E-11
CALSDV   52   20  0.5229E-11  0.5254E-11
CALSDV   53   20  0.5033E-11  0.5055E-11
CALSDV   54   20  0.5341E-11  0.5368E-11
CALSDV   55   20  0.5195E-11  0.5219E-11
CALSDV   56   20  0.5475E-11  0.5502E-11
CALSDV   57   20  0.5350E-11  0.5380E-11
CALSDV   58   20  0.5617E-11  0.5649E-11
CALSDV   59   20  0.5716E-11  0.5751E-11
CALSDV   60   20  0.5982E-11  0.6020E-11
CALSDV   21   21  0.7747E-11  0.7696E-11
CALSDV   22   21  0.9667E-11  0.9733E-11
CALSDV   23   21  0.8192E-11  0.8288E-11
CALSDV   24   21  0.5433E-11  0.5501E-11
CALSDV   25   21  0.7072E-11  0.7131E-11
CALSDV   26   21  0.5713E-11  0.5820E-11
CALSDV   27   21  0.5628E-11  0.5667E-11
CALSDV   28   21  0.5849E-11  0.5910E-11
CALSDV   29   21  0.4669E-11  0.4715E-11
CALSDV   30   21  0.5579E-11  0.5627E-11
CALSDV   31   21  0.4215E-11  0.4257E-11
CALSDV   32   21  0.5147E-11  0.5175E-11
CALSDV   33   21  0.4054E-11  0.4099E-11
CALSDV   34   21  0.4740E-11  0.4765E-11
CALSDV   35   21  0.4038E-11  0.4081E-11
CALSDV   36   21  0.4445E-11  0.4476E-11
CALSDV   37   21  0.4071E-11  0.4111E-11
CALSDV   38   21  0.4294E-11  0.4313E-11
CALSDV   39   21  0.4140E-11  0.4175E-11
CALSDV   40   21  0.4259E-11  0.4290E-11
CALSDV   41   21  0.4237E-11  0.4262E-11
CALSDV   42   21  0.4327E-11  0.4350E-11
CALSDV   43   21  0.4355E-11  0.4377E-11
CALSDV   44   21  0.4445E-11  0.4466E-11
CALSDV   45   21  0.4478E-11  0.4502E-11
CALSDV   46   21  0.4599E-11  0.4625E-11
CALSDV   47   21  0.4617E-11  0.4640E-11
CALSDV   48   21  0.4765E-11  0.4793E-11
CALSDV   49   21  0.4763E-11  0.4789E-11
CALSDV   50   21  0.4940E-11  0.4970E-11
CALSDV   51   21  0.4916E-11  0.4947E-11
CALSDV   52   21  0.5120E-11  0.5150E-11
CALSDV   53   21  0.5078E-11  0.5106E-11
CALSDV   54   21  0.5297E-11  0.5329E-11
CALSDV   55   21  0.5251E-11  0.5278E-11
CALSDV   56   21  0.5488E-11  0.5517E-11
CALSDV   57   21  0.5417E-11  0.5446E-11
CALSDV   58   21  0.5663E-11  0.5698E-11
CALSDV   59   21  0.5771E-11  0.5812E-11
CALSDV   60   21  0.6037E-11  0.6085E-11
CALSDV   22   22  0.8669E-11  0.8702E-11
CALSDV   23   22  0.9997E-11  0.9948E-11
CALSDV   24   22  0.9164E-11  0.9245E-11
CALSDV   25   22  0.5605E-11  0.5624E-11
CALSDV   26   22  0.7948E-11  0.7958E-11
CALSDV   27   22  0.5674E-11  0.5687E-11
CALSDV   28   22  0.6151E-11  0.6156E-11
CALSDV   29   22  0.5637E-11  0.5660E-11
CALSDV   30   22  0.4897E-11  0.4917E-11
CALSDV   31   22  0.5241E-11  0.5251E-11
CALSDV   32   22  0.4360E-11  0.4394E-11
CALSDV   33   22  0.4774E-11  0.4789E-11
CALSDV   34   22  0.4293E-11  0.4329E-11
CALSDV   35   22  0.4428E-11  0.4443E-11
CALSDV   36   22  0.4435E-11  0.4458E-11
CALSDV   37   22  0.4257E-11  0.4270E-11
CALSDV   38   22  0.4616E-11  0.4645E-11
CALSDV   39   22  0.4243E-11  0.4263E-11
CALSDV   40   22  0.4798E-11  0.4820E-11
CALSDV   41   22  0.4352E-11  0.4370E-11
CALSDV   42   22  0.4965E-11  0.4985E-11
CALSDV   43   22  0.4521E-11  0.4542E-11
CALSDV   44   22  0.5117E-11  0.5131E-11
CALSDV   45   22  0.4714E-11  0.4737E-11
CALSDV   46   22  0.5247E-11  0.5265E-11
CALSDV   47   22  0.4910E-11  0.4935E-11
CALSDV   48   22  0.5365E-11  0.5384E-11
CALSDV   49   22  0.5097E-11  0.5121E-11
CALSDV   50   22  0.5478E-11  0.5487E-11
CALSDV   51   22  0.5268E-11  0.5289E-11
CALSDV   52   22  0.5586E-11  0.5599E-11
CALSDV   53   22  0.5417E-11  0.5438E-11
CALSDV   54   22  0.5689E-11  0.5703E-11
CALSDV   55   22  0.5555E-11  0.5582E-11
CALSDV   56   22  0.5803E-11  0.5828E-11
CALSDV   57   22  0.5675E-11  0.5700E-11
CALSDV   58   22  0.5906E-11  0.5929E-11
CALSDV   59   22  0.5995E-11  0.6024E-11
CALSDV   60   22  0.6231E-11  0.6272E-11
CALSDV   23   23  0.7979E-11  0.7884E-11
CALSDV   24   23  0.9997E-11  0.1004E-10
CALSDV   25   23  0.8589E-11  0.8484E-11
CALSDV   26   23  0.5527E-11  0.5548E-11
CALSDV   27   23  0.7320E-11  0.7235E-11
CALSDV   28   23  0.6039E-11  0.6016E-11
CALSDV   29   23  0.5850E-11  0.5806E-11
CALSDV   30   23  0.6286E-11  0.6270E-11
CALSDV   31   23  0.4989E-11  0.4961E-11
CALSDV   32   23  0.6033E-11  0.6006E-11
CALSDV   33   23  0.4656E-11  0.4631E-11
CALSDV   34   23  0.5603E-11  0.5572E-11
CALSDV   35   23  0.4575E-11  0.4552E-11
CALSDV   36   23  0.5207E-11  0.5183E-11
CALSDV   37   23  0.4592E-11  0.4578E-11
CALSDV   38   23  0.4939E-11  0.4938E-11
CALSDV   39   23  0.4641E-11  0.4636E-11
CALSDV   40   23  0.4819E-11  0.4826E-11
CALSDV   41   23  0.4704E-11  0.4702E-11
CALSDV   42   23  0.4839E-11  0.4841E-11
CALSDV   43   23  0.4796E-11  0.4798E-11
CALSDV   44   23  0.4937E-11  0.4949E-11
CALSDV   45   23  0.4911E-11  0.4913E-11
CALSDV   46   23  0.5083E-11  0.5095E-11
CALSDV   47   23  0.5045E-11  0.5042E-11
CALSDV   48   23  0.5259E-11  0.5268E-11
CALSDV   49   23  0.5180E-11  0.5178E-11
CALSDV   50   23  0.5436E-11  0.5434E-11
CALSDV   51   23  0.5331E-11  0.5314E-11
CALSDV   52   23  0.5609E-11  0.5594E-11
CALSDV   53   23  0.5490E-11  0.5454E-11
CALSDV   54   23  0.5776E-11  0.5745E-11
CALSDV   55   23  0.5640E-11  0.5594E-11
CALSDV   56   23  0.5934E-11  0.5889E-11
CALSDV   57   23  0.5776E-11  0.5720E-11
CALSDV   58   23  0.6066E-11  0.6010E-11
CALSDV   59   23  0.6102E-11  0.6035E-11
CALSDV   60   23  0.6411E-11  0.6318E-11
CALSDV   24   24  0.8456E-11  0.8478E-11
CALSDV   25   24  0.1022E-10  0.1024E-10
CALSDV   26   24  0.9419E-11  0.9516E-11
CALSDV   27   24  0.5808E-11  0.5840E-11
CALSDV   28   24  0.8159E-11  0.8209E-11
CALSDV   29   24  0.6120E-11  0.6176E-11
CALSDV   30   24  0.6378E-11  0.6434E-11
CALSDV   31   24  0.6144E-11  0.6158E-11
CALSDV   32   24  0.5215E-11  0.5280E-11
CALSDV   33   24  0.5687E-11  0.5710E-11
CALSDV   34   24  0.4723E-11  0.4791E-11
CALSDV   35   24  0.5124E-11  0.5137E-11
CALSDV   36   24  0.4671E-11  0.4736E-11
CALSDV   37   24  0.4719E-11  0.4725E-11
CALSDV   38   24  0.4804E-11  0.4851E-11
CALSDV   39   24  0.4544E-11  0.4549E-11
CALSDV   40   24  0.4977E-11  0.5023E-11
CALSDV   41   24  0.4573E-11  0.4575E-11
CALSDV   42   24  0.5150E-11  0.5197E-11
CALSDV   43   24  0.4739E-11  0.4755E-11
CALSDV   44   24  0.5321E-11  0.5368E-11
CALSDV   45   24  0.4980E-11  0.4984E-11
CALSDV   46   24  0.5485E-11  0.5530E-11
CALSDV   47   24  0.5217E-11  0.5236E-11
CALSDV   48   24  0.5632E-11  0.5678E-11
CALSDV   49   24  0.5451E-11  0.5467E-11
CALSDV   50   24  0.5771E-11  0.5811E-11
CALSDV   51   24  0.5653E-11  0.5667E-11
CALSDV   52   24  0.5903E-11  0.5934E-11
CALSDV   53   24  0.5814E-11  0.5823E-11
CALSDV   54   24  0.6024E-11  0.6047E-11
CALSDV   55   24  0.5948E-11  0.5951E-11
CALSDV   56   24  0.6141E-11  0.6154E-11
CALSDV   57   24  0.6027E-11  0.6028E-11
CALSDV   58   24  0.6223E-11  0.6236E-11
CALSDV   59   24  0.6301E-11  0.6310E-11
CALSDV   60   24  0.6518E-11  0.6519E-11
CALSDV   25   25  0.7975E-11  0.8084E-11
CALSDV   26   25  0.1049E-10  0.1047E-10
CALSDV   27   25  0.9033E-11  0.9064E-11
CALSDV   28   25  0.5760E-11  0.5768E-11
CALSDV   29   25  0.7602E-11  0.7610E-11
CALSDV   30   25  0.6343E-11  0.6369E-11
CALSDV   31   25  0.6055E-11  0.6087E-11
CALSDV   32   25  0.6615E-11  0.6626E-11
CALSDV   33   25  0.5271E-11  0.5282E-11
CALSDV   34   25  0.6364E-11  0.6359E-11
CALSDV   35   25  0.5061E-11  0.5061E-11
CALSDV   36   25  0.5903E-11  0.5903E-11
CALSDV   37   25  0.5092E-11  0.5089E-11
CALSDV   38   25  0.5536E-11  0.5517E-11
CALSDV   39   25  0.5169E-11  0.5165E-11
CALSDV   40   25  0.5340E-11  0.5322E-11
CALSDV   41   25  0.5260E-11  0.5251E-11
CALSDV   42   25  0.5304E-11  0.5287E-11
CALSDV   43   25  0.5357E-11  0.5338E-11
CALSDV   44   25  0.5402E-11  0.5377E-11
CALSDV   45   25  0.5448E-11  0.5432E-11
CALSDV   46   25  0.5561E-11  0.5544E-11
CALSDV   47   25  0.5569E-11  0.5549E-11
CALSDV   48   25  0.5752E-11  0.5733E-11
CALSDV   49   25  0.5684E-11  0.5671E-11
CALSDV   50   25  0.5930E-11  0.5925E-11
CALSDV   51   25  0.5802E-11  0.5792E-11
CALSDV   52   25  0.6100E-11  0.6094E-11
CALSDV   53   25  0.5917E-11  0.5913E-11
CALSDV   54   25  0.6239E-11  0.6238E-11
CALSDV   55   25  0.6024E-11  0.6034E-11
CALSDV   56   25  0.6355E-11  0.6361E-11
CALSDV   57   25  0.6101E-11  0.6109E-11
CALSDV   58   25  0.6417E-11  0.6425E-11
CALSDV   59   25  0.6353E-11  0.6382E-11
CALSDV   60   25  0.6674E-11  0.6700E-11
CALSDV   26   26  0.8367E-11  0.8330E-11
CALSDV   27   26  0.1063E-10  0.1063E-10
CALSDV   28   26  0.9812E-11  0.9762E-11
CALSDV   29   26  0.6138E-11  0.6129E-11
CALSDV   30   26  0.8439E-11  0.8391E-11
CALSDV   31   26  0.6719E-11  0.6668E-11
CALSDV   32   26  0.6682E-11  0.6653E-11
CALSDV   33   26  0.6736E-11  0.6702E-11
CALSDV   34   26  0.5616E-11  0.5605E-11
CALSDV   35   26  0.6221E-11  0.6196E-11
CALSDV   36   26  0.5228E-11  0.5188E-11
CALSDV   37   26  0.5580E-11  0.5549E-11
CALSDV   38   26  0.5181E-11  0.5139E-11
CALSDV   39   26  0.5117E-11  0.5082E-11
CALSDV   40   26  0.5277E-11  0.5236E-11
CALSDV   41   26  0.4938E-11  0.4916E-11
CALSDV   42   26  0.5426E-11  0.5395E-11
CALSDV   43   26  0.5018E-11  0.4986E-11
CALSDV   44   26  0.5583E-11  0.5562E-11
CALSDV   45   26  0.5238E-11  0.5223E-11
CALSDV   46   26  0.5751E-11  0.5732E-11
CALSDV   47   26  0.5529E-11  0.5510E-11
CALSDV   48   26  0.5925E-11  0.5907E-11
CALSDV   49   26  0.5809E-11  0.5794E-11
CALSDV   50   26  0.6077E-11  0.6072E-11
CALSDV   51   26  0.6042E-11  0.6036E-11
CALSDV   52   26  0.6238E-11  0.6232E-11
CALSDV   53   26  0.6222E-11  0.6220E-11
CALSDV   54   26  0.6369E-11  0.6366E-11
CALSDV   55   26  0.6347E-11  0.6342E-11
CALSDV   56   26  0.6487E-11  0.6481E-11
CALSDV   57   26  0.6394E-11  0.6381E-11
CALSDV   58   26  0.6553E-11  0.6540E-11
CALSDV   59   26  0.6608E-11  0.6598E-11
CALSDV   60   26  0.6800E-11  0.6787E-11
CALSDV   27   27  0.7918E-11  0.7947E-11
CALSDV   28   27  0.1099E-10  0.1105E-10
CALSDV   29   27  0.9699E-11  0.9831E-11
CALSDV   30   27  0.6090E-11  0.6199E-11
CALSDV   31   27  0.8116E-11  0.8201E-11
CALSDV   32   27  0.6778E-11  0.6846E-11
CALSDV   33   27  0.6403E-11  0.6480E-11
CALSDV   34   27  0.7008E-11  0.7044E-11
CALSDV   35   27  0.5595E-11  0.5655E-11
CALSDV   36   27  0.6646E-11  0.6697E-11
CALSDV   37   27  0.5444E-11  0.5519E-11
CALSDV   38   27  0.6127E-11  0.6203E-11
CALSDV   39   27  0.5544E-11  0.5629E-11
CALSDV   40   27  0.5741E-11  0.5805E-11
CALSDV   41   27  0.5695E-11  0.5771E-11
CALSDV   42   27  0.5604E-11  0.5668E-11
CALSDV   43   27  0.5826E-11  0.5897E-11
CALSDV   44   27  0.5681E-11  0.5719E-11
CALSDV   45   27  0.5951E-11  0.6024E-11
CALSDV   46   27  0.5863E-11  0.5903E-11
CALSDV   47   27  0.6068E-11  0.6144E-11
CALSDV   48   27  0.6098E-11  0.6149E-11
CALSDV   49   27  0.6183E-11  0.6250E-11
CALSDV   50   27  0.6324E-11  0.6371E-11
CALSDV   51   27  0.6285E-11  0.6355E-11
CALSDV   52   27  0.6531E-11  0.6580E-11
CALSDV   53   27  0.6380E-11  0.6458E-11
CALSDV   54   27  0.6681E-11  0.6744E-11
CALSDV   55   27  0.6450E-11  0.6527E-11
CALSDV   56   27  0.6775E-11  0.6838E-11
CALSDV   57   27  0.6467E-11  0.6543E-11
CALSDV   58   27  0.6787E-11  0.6856E-11
CALSDV   59   27  0.6653E-11  0.6723E-11
CALSDV   60   27  0.6979E-11  0.7046E-11
CALSDV   28   28  0.8333E-11  0.8366E-11
CALSDV   29   28  0.1121E-10  0.1105E-10
CALSDV   30   28  0.1028E-10  0.1012E-10
CALSDV   31   28  0.6575E-11  0.6448E-11
CALSDV   32   28  0.8729E-11  0.8638E-11
CALSDV   33   28  0.7312E-11  0.7219E-11
CALSDV   34   28  0.6985E-11  0.6919E-11
CALSDV   35   28  0.7382E-11  0.7299E-11
CALSDV   36   28  0.6048E-11  0.5984E-11
CALSDV   37   28  0.6801E-11  0.6727E-11
CALSDV   38   28  0.5738E-11  0.5684E-11
CALSDV   39   28  0.6078E-11  0.6048E-11
CALSDV   40   28  0.5707E-11  0.5662E-11
CALSDV   41   28  0.5576E-11  0.5571E-11
CALSDV   42   28  0.5768E-11  0.5731E-11
CALSDV   43   28  0.5425E-11  0.5423E-11
CALSDV   44   28  0.5890E-11  0.5849E-11
CALSDV   45   28  0.5547E-11  0.5551E-11
CALSDV   46   28  0.6045E-11  0.5993E-11
CALSDV   47   28  0.5845E-11  0.5821E-11
CALSDV   48   28  0.6219E-11  0.6166E-11
CALSDV   49   28  0.6158E-11  0.6138E-11
CALSDV   50   28  0.6386E-11  0.6337E-11
CALSDV   51   28  0.6440E-11  0.6415E-11
CALSDV   52   28  0.6571E-11  0.6522E-11
CALSDV   53   28  0.6655E-11  0.6626E-11
CALSDV   54   28  0.6734E-11  0.6688E-11
CALSDV   55   28  0.6790E-11  0.6757E-11
CALSDV   56   28  0.6862E-11  0.6822E-11
CALSDV   57   28  0.6793E-11  0.6767E-11
CALSDV   58   28  0.6900E-11  0.6872E-11
CALSDV   59   28  0.6931E-11  0.6910E-11
CALSDV   60   28  0.7092E-11  0.7067E-11
CALSDV   29   29  0.7778E-11  0.7739E-11
CALSDV   30   29  0.1163E-10  0.1175E-10
CALSDV   31   29  0.1066E-10  0.1067E-10
CALSDV   32   29  0.6740E-11  0.6802E-11
CALSDV   33   29  0.8902E-11  0.8942E-11
CALSDV   34   29  0.7453E-11  0.7441E-11
CALSDV   35   29  0.6970E-11  0.6950E-11
CALSDV   36   29  0.7592E-11  0.7579E-11
CALSDV   37   29  0.6067E-11  0.6064E-11
CALSDV   38   29  0.7105E-11  0.7119E-11
CALSDV   39   29  0.5902E-11  0.5930E-11
CALSDV   40   29  0.6555E-11  0.6557E-11
CALSDV   41   29  0.6034E-11  0.6054E-11
CALSDV   42   29  0.6234E-11  0.6230E-11
CALSDV   43   29  0.6232E-11  0.6252E-11
CALSDV   44   29  0.6193E-11  0.6198E-11
CALSDV   45   29  0.6407E-11  0.6443E-11
CALSDV   46   29  0.6373E-11  0.6395E-11
CALSDV   47   29  0.6561E-11  0.6604E-11
CALSDV   48   29  0.6664E-11  0.6677E-11
CALSDV   49   29  0.6717E-11  0.6741E-11
CALSDV   50   29  0.6940E-11  0.6952E-11
CALSDV   51   29  0.6822E-11  0.6848E-11
CALSDV   52   29  0.7171E-11  0.7194E-11
CALSDV   53   29  0.6910E-11  0.6941E-11
CALSDV   54   29  0.7326E-11  0.7348E-11
CALSDV   55   29  0.6963E-11  0.6990E-11
CALSDV   56   29  0.7391E-11  0.7413E-11
CALSDV   57   29  0.6919E-11  0.6947E-11
CALSDV   58   29  0.7319E-11  0.7344E-11
CALSDV   59   29  0.7043E-11  0.7037E-11
CALSDV   60   29  0.7418E-11  0.7408E-11
CALSDV   30   30  0.8932E-11  0.8779E-11
CALSDV   31   30  0.1224E-10  0.1225E-10
CALSDV   32   30  0.1080E-10  0.1091E-10
CALSDV   33   30  0.7176E-11  0.7261E-11
CALSDV   34   30  0.9146E-11  0.9159E-11
CALSDV   35   30  0.7789E-11  0.7877E-11
CALSDV   36   30  0.7379E-11  0.7415E-11
CALSDV   37   30  0.7842E-11  0.7919E-11
CALSDV   38   30  0.6583E-11  0.6657E-11
CALSDV   39   30  0.7272E-11  0.7302E-11
CALSDV   40   30  0.6375E-11  0.6461E-11
CALSDV   41   30  0.6616E-11  0.6591E-11
CALSDV   42   30  0.6359E-11  0.6447E-11
CALSDV   43   30  0.6212E-11  0.6181E-11
CALSDV   44   30  0.6411E-11  0.6502E-11
CALSDV   45   30  0.6180E-11  0.6161E-11
CALSDV   46   30  0.6496E-11  0.6573E-11
CALSDV   47   30  0.6371E-11  0.6346E-11
CALSDV   48   30  0.6615E-11  0.6690E-11
CALSDV   49   30  0.6676E-11  0.6655E-11
CALSDV   50   30  0.6769E-11  0.6823E-11
CALSDV   51   30  0.6971E-11  0.6959E-11
CALSDV   52   30  0.6946E-11  0.6988E-11
CALSDV   53   30  0.7193E-11  0.7172E-11
CALSDV   54   30  0.7112E-11  0.7144E-11
CALSDV   55   30  0.7298E-11  0.7289E-11
CALSDV   56   30  0.7239E-11  0.7270E-11
CALSDV   57   30  0.7254E-11  0.7252E-11
CALSDV   58   30  0.7275E-11  0.7295E-11
CALSDV   59   30  0.7277E-11  0.7303E-11
CALSDV   60   30  0.7393E-11  0.7432E-11
CALSDV   31   31  0.8182E-11  0.8211E-11
CALSDV   32   31  0.1244E-10  0.1227E-10
CALSDV   33   31  0.1138E-10  0.1118E-10
CALSDV   34   31  0.7510E-11  0.7364E-11
CALSDV   35   31  0.9569E-11  0.9557E-11
CALSDV   36   31  0.8227E-11  0.8159E-11
CALSDV   37   31  0.7572E-11  0.7585E-11
CALSDV   38   31  0.8250E-11  0.8221E-11
CALSDV   39   31  0.6674E-11  0.6655E-11
CALSDV   40   31  0.7638E-11  0.7588E-11
CALSDV   41   31  0.6506E-11  0.6430E-11
CALSDV   42   31  0.7016E-11  0.6928E-11
CALSDV   43   31  0.6555E-11  0.6486E-11
CALSDV   44   31  0.6721E-11  0.6628E-11
CALSDV   45   31  0.6656E-11  0.6634E-11
CALSDV   46   31  0.6805E-11  0.6739E-11
CALSDV   47   31  0.6833E-11  0.6821E-11
CALSDV   48   31  0.7071E-11  0.7013E-11
CALSDV   49   31  0.6980E-11  0.6979E-11
CALSDV   50   31  0.7425E-11  0.7371E-11
CALSDV   51   31  0.7125E-11  0.7140E-11
CALSDV   52   31  0.7751E-11  0.7698E-11
CALSDV   53   31  0.7286E-11  0.7261E-11
CALSDV   54   31  0.7951E-11  0.7881E-11
CALSDV   55   31  0.7364E-11  0.7332E-11
CALSDV   56   31  0.8011E-11  0.7942E-11
CALSDV   57   31  0.7340E-11  0.7297E-11
CALSDV   58   31  0.7891E-11  0.7830E-11
CALSDV   59   31  0.7383E-11  0.7333E-11
CALSDV   60   31  0.7854E-11  0.7794E-11
CALSDV   32   32  0.8337E-11  0.8369E-11
CALSDV   33   32  0.1214E-10  0.1235E-10
CALSDV   34   32  0.1127E-10  0.1155E-10
CALSDV   35   32  0.7321E-11  0.7541E-11
CALSDV   36   32  0.9489E-11  0.9603E-11
CALSDV   37   32  0.8441E-11  0.8562E-11
CALSDV   38   32  0.7644E-11  0.7723E-11
CALSDV   39   32  0.8517E-11  0.8630E-11
CALSDV   40   32  0.6901E-11  0.6985E-11
CALSDV   41   32  0.7792E-11  0.7904E-11
CALSDV   42   32  0.6768E-11  0.6860E-11
CALSDV   43   32  0.6999E-11  0.7088E-11
CALSDV   44   32  0.6782E-11  0.6865E-11
CALSDV   45   32  0.6544E-11  0.6635E-11
CALSDV   46   32  0.6828E-11  0.6907E-11
CALSDV   47   32  0.6556E-11  0.6645E-11
CALSDV   48   32  0.6936E-11  0.7014E-11
CALSDV   49   32  0.6832E-11  0.6918E-11
CALSDV   50   32  0.7057E-11  0.7134E-11
CALSDV   51   32  0.7152E-11  0.7245E-11
CALSDV   52   32  0.7258E-11  0.7332E-11
CALSDV   53   32  0.7469E-11  0.7566E-11
CALSDV   54   32  0.7452E-11  0.7530E-11
CALSDV   55   32  0.7643E-11  0.7738E-11
CALSDV   56   32  0.7606E-11  0.7675E-11
CALSDV   57   32  0.7618E-11  0.7689E-11
CALSDV   58   32  0.7638E-11  0.7700E-11
CALSDV   59   32  0.7593E-11  0.7684E-11
CALSDV   60   32  0.7706E-11  0.7790E-11
CALSDV   33   33  0.8601E-11  0.8580E-11
CALSDV   34   33  0.1274E-10  0.1256E-10
CALSDV   35   33  0.1242E-10  0.1226E-10
CALSDV   36   33  0.7678E-11  0.7543E-11
CALSDV   37   33  0.1030E-10  0.1019E-10
CALSDV   38   33  0.8692E-11  0.8663E-11
CALSDV   39   33  0.7937E-11  0.7917E-11
CALSDV   40   33  0.8733E-11  0.8719E-11
CALSDV   41   33  0.7035E-11  0.7013E-11
CALSDV   42   33  0.7993E-11  0.7955E-11
CALSDV   43   33  0.7096E-11  0.7090E-11
CALSDV   44   33  0.7251E-11  0.7222E-11
CALSDV   45   33  0.7448E-11  0.7419E-11
CALSDV   46   33  0.6938E-11  0.6917E-11
CALSDV   47   33  0.7760E-11  0.7752E-11
CALSDV   48   33  0.7081E-11  0.7057E-11
CALSDV   49   33  0.8005E-11  0.8005E-11
CALSDV   50   33  0.7453E-11  0.7427E-11
CALSDV   51   33  0.8176E-11  0.8163E-11
CALSDV   52   33  0.7863E-11  0.7818E-11
CALSDV   53   33  0.8238E-11  0.8221E-11
CALSDV   54   33  0.8192E-11  0.8155E-11
CALSDV   55   33  0.8224E-11  0.8196E-11
CALSDV   56   33  0.8353E-11  0.8301E-11
CALSDV   57   33  0.8026E-11  0.7999E-11
CALSDV   58   33  0.8260E-11  0.8219E-11
CALSDV   59   33  0.7883E-11  0.7854E-11
CALSDV   60   33  0.8178E-11  0.8144E-11
CALSDV   34   34  0.8534E-11  0.8491E-11
CALSDV   35   34  0.1275E-10  0.1276E-10
CALSDV   36   34  0.1214E-10  0.1208E-10
CALSDV   37   34  0.7995E-11  0.7880E-11
CALSDV   38   34  0.1005E-10  0.1002E-10
CALSDV   39   34  0.9252E-11  0.9209E-11
CALSDV   40   34  0.8135E-11  0.8086E-11
CALSDV   41   34  0.9338E-11  0.9261E-11
CALSDV   42   34  0.7438E-11  0.7410E-11
CALSDV   43   34  0.8561E-11  0.8514E-11
CALSDV   44   34  0.7369E-11  0.7350E-11
CALSDV   45   34  0.7797E-11  0.7736E-11
CALSDV   46   34  0.7426E-11  0.7398E-11
CALSDV   47   34  0.7453E-11  0.7394E-11
CALSDV   48   34  0.7477E-11  0.7449E-11
CALSDV   49   34  0.7549E-11  0.7475E-11
CALSDV   50   34  0.7592E-11  0.7535E-11
CALSDV   51   34  0.7837E-11  0.7767E-11
CALSDV   52   34  0.7739E-11  0.7709E-11
CALSDV   53   34  0.8116E-11  0.8068E-11
CALSDV   54   34  0.7932E-11  0.7907E-11
CALSDV   55   34  0.8275E-11  0.8246E-11
CALSDV   56   34  0.8096E-11  0.8085E-11
CALSDV   57   34  0.8203E-11  0.8189E-11
CALSDV   58   34  0.8108E-11  0.8097E-11
CALSDV   59   34  0.8075E-11  0.8041E-11
CALSDV   60   34  0.8125E-11  0.8102E-11
CALSDV   35   35  0.8710E-11  0.8734E-11
CALSDV   36   35  0.1319E-10  0.1337E-10
CALSDV   37   35  0.1320E-10  0.1349E-10
CALSDV   38   35  0.8121E-11  0.8288E-11
CALSDV   39   35  0.1100E-10  0.1112E-10
CALSDV   40   35  0.9338E-11  0.9475E-11
CALSDV   41   35  0.8517E-11  0.8559E-11
CALSDV   42   35  0.9315E-11  0.9384E-11
CALSDV   43   35  0.7543E-11  0.7580E-11
CALSDV   44   35  0.8441E-11  0.8503E-11
CALSDV   45   35  0.7656E-11  0.7686E-11
CALSDV   46   35  0.7722E-11  0.7768E-11
CALSDV   47   35  0.8087E-11  0.8095E-11
CALSDV   48   35  0.7541E-11  0.7577E-11
CALSDV   49   35  0.8448E-11  0.8465E-11
CALSDV   50   35  0.7826E-11  0.7866E-11
CALSDV   51   35  0.8722E-11  0.8721E-11
CALSDV   52   35  0.8309E-11  0.8339E-11
CALSDV   53   35  0.8856E-11  0.8866E-11
CALSDV   54   35  0.8695E-11  0.8722E-11
CALSDV   55   35  0.8812E-11  0.8822E-11
CALSDV   56   35  0.8901E-11  0.8937E-11
CALSDV   57   35  0.8575E-11  0.8594E-11
CALSDV   58   35  0.8800E-11  0.8830E-11
CALSDV   59   35  0.8301E-11  0.8333E-11
CALSDV   60   35  0.8591E-11  0.8630E-11
CALSDV   36   36  0.9204E-11  0.9141E-11
CALSDV   37   36  0.1343E-10  0.1329E-10
CALSDV   38   36  0.1307E-10  0.1284E-10
CALSDV   39   36  0.8580E-11  0.8434E-11
CALSDV   40   36  0.1069E-10  0.1061E-10
CALSDV   41   36  0.1003E-10  0.9982E-11
CALSDV   42   36  0.8683E-11  0.8615E-11
CALSDV   43   36  0.1009E-10  0.1007E-10
CALSDV   44   36  0.8062E-11  0.8001E-11
CALSDV   45   36  0.9320E-11  0.9302E-11
CALSDV   46   36  0.8073E-11  0.8049E-11
CALSDV   47   36  0.8679E-11  0.8681E-11
CALSDV   48   36  0.8187E-11  0.8158E-11
CALSDV   49   36  0.8473E-11  0.8475E-11
CALSDV   50   36  0.8290E-11  0.8247E-11
CALSDV   51   36  0.8629E-11  0.8630E-11
CALSDV   52   36  0.8433E-11  0.8381E-11
CALSDV   53   36  0.8892E-11  0.8911E-11
CALSDV   54   36  0.8594E-11  0.8546E-11
CALSDV   55   36  0.9026E-11  0.9028E-11
CALSDV   56   36  0.8675E-11  0.8630E-11
CALSDV   57   36  0.8844E-11  0.8855E-11
CALSDV   58   36  0.8661E-11  0.8623E-11
CALSDV   59   36  0.8609E-11  0.8570E-11
CALSDV   60   36  0.8571E-11  0.8512E-11
CALSDV   37   37  0.8866E-11  0.8965E-11
CALSDV   38   37  0.1379E-10  0.1413E-10
CALSDV   39   37  0.1416E-10  0.1445E-10
CALSDV   40   37  0.8720E-11  0.9083E-11
CALSDV   41   37  0.1170E-10  0.1187E-10
CALSDV   42   37  0.1013E-10  0.1029E-10
CALSDV   43   37  0.9026E-11  0.9151E-11
CALSDV   44   37  0.9910E-11  0.1002E-10
CALSDV   45   37  0.8061E-11  0.8160E-11
CALSDV   46   37  0.8892E-11  0.9009E-11
CALSDV   47   37  0.8244E-11  0.8321E-11
CALSDV   48   37  0.8200E-11  0.8261E-11
CALSDV   49   37  0.8706E-11  0.8790E-11
CALSDV   50   37  0.8118E-11  0.8216E-11
CALSDV   51   37  0.9102E-11  0.9170E-11
CALSDV   52   37  0.8563E-11  0.8643E-11
CALSDV   53   37  0.9335E-11  0.9414E-11
CALSDV   54   37  0.9081E-11  0.9159E-11
CALSDV   55   37  0.9394E-11  0.9443E-11
CALSDV   56   37  0.9414E-11  0.9458E-11
CALSDV   57   37  0.9184E-11  0.9220E-11
CALSDV   58   37  0.9325E-11  0.9372E-11
CALSDV   59   37  0.8750E-11  0.8822E-11
CALSDV   60   37  0.9057E-11  0.9130E-11
CALSDV   38   38  0.9598E-11  0.9867E-11
CALSDV   39   38  0.1406E-10  0.1407E-10
CALSDV   40   38  0.1380E-10  0.1397E-10
CALSDV   41   38  0.9131E-11  0.9227E-11
CALSDV   42   38  0.1131E-10  0.1133E-10
CALSDV   43   38  0.1085E-10  0.1077E-10
CALSDV   44   38  0.9231E-11  0.9190E-11
CALSDV   45   38  0.1083E-10  0.1079E-10
CALSDV   46   38  0.8746E-11  0.8653E-11
CALSDV   47   38  0.1014E-10  0.1008E-10
CALSDV   48   38  0.8899E-11  0.8786E-11
CALSDV   49   38  0.9671E-11  0.9601E-11
CALSDV   50   38  0.9082E-11  0.8998E-11
CALSDV   51   38  0.9596E-11  0.9541E-11
CALSDV   52   38  0.9234E-11  0.9152E-11
CALSDV   53   38  0.9769E-11  0.9719E-11
CALSDV   54   38  0.9370E-11  0.9292E-11
CALSDV   55   38  0.9889E-11  0.9837E-11
CALSDV   56   38  0.9445E-11  0.9386E-11
CALSDV   57   38  0.9709E-11  0.9639E-11
CALSDV   58   38  0.9382E-11  0.9294E-11
CALSDV   59   38  0.9208E-11  0.9189E-11
CALSDV   60   38  0.9041E-11  0.9096E-11
CALSDV   39   39  0.9326E-11  0.9273E-11
CALSDV   40   39  0.1485E-10  0.1447E-10
CALSDV   41   39  0.1556E-10  0.1506E-10
CALSDV   42   39  0.9941E-11  0.9474E-11
CALSDV   43   39  0.1259E-10  0.1238E-10
CALSDV   44   39  0.1118E-10  0.1094E-10
CALSDV   45   39  0.9674E-11  0.9535E-11
CALSDV   46   39  0.1068E-10  0.1055E-10
CALSDV   47   39  0.8783E-11  0.8647E-11
CALSDV   48   39  0.9520E-11  0.9386E-11
CALSDV   49   39  0.9062E-11  0.8908E-11
CALSDV   50   39  0.8838E-11  0.8710E-11
CALSDV   51   39  0.9569E-11  0.9440E-11
CALSDV   52   39  0.8943E-11  0.8816E-11
CALSDV   53   39  0.9914E-11  0.9831E-11
CALSDV   54   39  0.9445E-11  0.9358E-11
CALSDV   55   39  0.1003E-10  0.9964E-11
CALSDV   56   39  0.9901E-11  0.9823E-11
CALSDV   57   39  0.9830E-11  0.9799E-11
CALSDV   58   39  0.9966E-11  0.9916E-11
CALSDV   59   39  0.9400E-11  0.9287E-11
CALSDV   60   39  0.9652E-11  0.9527E-11
CALSDV   40   40  0.1021E-10  0.1027E-10
CALSDV   41   40  0.1486E-10  0.1492E-10
CALSDV   42   40  0.1503E-10  0.1522E-10
CALSDV   43   40  0.9938E-11  0.1005E-10
CALSDV   44   40  0.1213E-10  0.1219E-10
CALSDV   45   40  0.1158E-10  0.1162E-10
CALSDV   46   40  0.9799E-11  0.9825E-11
CALSDV   47   40  0.1153E-10  0.1152E-10
CALSDV   48   40  0.9425E-11  0.9450E-11
CALSDV   49   40  0.1085E-10  0.1085E-10
CALSDV   50   40  0.9732E-11  0.9801E-11
CALSDV   51   40  0.1054E-10  0.1054E-10
CALSDV   52   40  0.1009E-10  0.1014E-10
CALSDV   53   40  0.1060E-10  0.1058E-10
CALSDV   54   40  0.1027E-10  0.1034E-10
CALSDV   55   40  0.1067E-10  0.1067E-10
CALSDV   56   40  0.1032E-10  0.1036E-10
CALSDV   57   40  0.1047E-10  0.1044E-10
CALSDV   58   40  0.1016E-10  0.1018E-10
CALSDV   59   40  0.9837E-11  0.9841E-11
CALSDV   60   40  0.9718E-11  0.9735E-11
CALSDV   41   41  0.9898E-11  0.9792E-11
CALSDV   42   41  0.1555E-10  0.1520E-10
CALSDV   43   41  0.1654E-10  0.1628E-10
CALSDV   44   41  0.1077E-10  0.1047E-10
CALSDV   45   41  0.1323E-10  0.1302E-10
CALSDV   46   41  0.1207E-10  0.1187E-10
CALSDV   47   41  0.1019E-10  0.1002E-10
CALSDV   48   41  0.1139E-10  0.1123E-10
CALSDV   49   41  0.9479E-11  0.9338E-11
CALSDV   50   41  0.1012E-10  0.9949E-11
CALSDV   51   41  0.9900E-11  0.9765E-11
CALSDV   52   41  0.9558E-11  0.9416E-11
CALSDV   53   41  0.1044E-10  0.1031E-10
CALSDV   54   41  0.9839E-11  0.9675E-11
CALSDV   55   41  0.1068E-10  0.1058E-10
CALSDV   56   41  0.1034E-10  0.1020E-10
CALSDV   57   41  0.1052E-10  0.1042E-10
CALSDV   58   41  0.1054E-10  0.1040E-10
CALSDV   59   41  0.9963E-11  0.9842E-11
CALSDV   60   41  0.1020E-10  0.1008E-10
CALSDV   42   42  0.1067E-10  0.1057E-10
CALSDV   43   42  0.1574E-10  0.1584E-10
CALSDV   44   42  0.1673E-10  0.1656E-10
CALSDV   45   42  0.1089E-10  0.1095E-10
CALSDV   46   42  0.1315E-10  0.1307E-10
CALSDV   47   42  0.1237E-10  0.1241E-10
CALSDV   48   42  0.1047E-10  0.1046E-10
CALSDV   49   42  0.1215E-10  0.1211E-10
CALSDV   50   42  0.1027E-10  0.1020E-10
CALSDV   51   42  0.1143E-10  0.1144E-10
CALSDV   52   42  0.1089E-10  0.1077E-10
CALSDV   53   42  0.1121E-10  0.1120E-10
CALSDV   54   42  0.1139E-10  0.1124E-10
CALSDV   55   42  0.1126E-10  0.1129E-10
CALSDV   56   42  0.1152E-10  0.1137E-10
CALSDV   57   42  0.1111E-10  0.1110E-10
CALSDV   58   42  0.1123E-10  0.1109E-10
CALSDV   59   42  0.1044E-10  0.1039E-10
CALSDV   60   42  0.1053E-10  0.1042E-10
CALSDV   43   43  0.1044E-10  0.1043E-10
CALSDV   44   43  0.1588E-10  0.1633E-10
CALSDV   45   43  0.1732E-10  0.1786E-10
CALSDV   46   43  0.1130E-10  0.1182E-10
CALSDV   47   43  0.1361E-10  0.1385E-10
CALSDV   48   43  0.1282E-10  0.1303E-10
CALSDV   49   43  0.1052E-10  0.1069E-10
CALSDV   50   43  0.1197E-10  0.1207E-10
CALSDV   51   43  0.1017E-10  0.1030E-10
CALSDV   52   43  0.1069E-10  0.1081E-10
CALSDV   53   43  0.1081E-10  0.1091E-10
CALSDV   54   43  0.1031E-10  0.1045E-10
CALSDV   55   43  0.1128E-10  0.1138E-10
CALSDV   56   43  0.1071E-10  0.1079E-10
CALSDV   57   43  0.1126E-10  0.1127E-10
CALSDV   58   43  0.1104E-10  0.1102E-10
CALSDV   59   43  0.1050E-10  0.1061E-10
CALSDV   60   43  0.1063E-10  0.1072E-10
CALSDV   44   44  0.1091E-10  0.1096E-10
CALSDV   45   44  0.1695E-10  0.1685E-10
CALSDV   46   44  0.1847E-10  0.1821E-10
CALSDV   47   44  0.1212E-10  0.1192E-10
CALSDV   48   44  0.1424E-10  0.1411E-10
CALSDV   49   44  0.1337E-10  0.1328E-10
CALSDV   50   44  0.1111E-10  0.1104E-10
CALSDV   51   44  0.1295E-10  0.1288E-10
CALSDV   52   44  0.1117E-10  0.1104E-10
CALSDV   53   44  0.1232E-10  0.1222E-10
CALSDV   54   44  0.1205E-10  0.1193E-10
CALSDV   55   44  0.1212E-10  0.1209E-10
CALSDV   56   44  0.1253E-10  0.1246E-10
CALSDV   57   44  0.1194E-10  0.1187E-10
CALSDV   58   44  0.1232E-10  0.1224E-10
CALSDV   59   44  0.1112E-10  0.1109E-10
CALSDV   60   44  0.1137E-10  0.1130E-10
CALSDV   45   45  0.1169E-10  0.1154E-10
CALSDV   46   45  0.1747E-10  0.1757E-10
CALSDV   47   45  0.1880E-10  0.1907E-10
CALSDV   48   45  0.1267E-10  0.1291E-10
CALSDV   49   45  0.1429E-10  0.1446E-10
CALSDV   50   45  0.1385E-10  0.1391E-10
CALSDV   51   45  0.1131E-10  0.1145E-10
CALSDV   52   45  0.1284E-10  0.1289E-10
CALSDV   53   45  0.1152E-10  0.1158E-10
CALSDV   54   45  0.1175E-10  0.1182E-10
CALSDV   55   45  0.1231E-10  0.1231E-10
CALSDV   56   45  0.1164E-10  0.1170E-10
CALSDV   57   45  0.1238E-10  0.1240E-10
CALSDV   58   45  0.1184E-10  0.1183E-10
CALSDV   59   45  0.1145E-10  0.1148E-10
CALSDV   60   45  0.1139E-10  0.1137E-10
CALSDV   46   46  0.1188E-10  0.1179E-10
CALSDV   47   46  0.1858E-10  0.1813E-10
CALSDV   48   46  0.2011E-10  0.1953E-10
CALSDV   49   46  0.1364E-10  0.1328E-10
CALSDV   50   46  0.1517E-10  0.1502E-10
CALSDV   51   46  0.1463E-10  0.1450E-10
CALSDV   52   46  0.1191E-10  0.1196E-10
CALSDV   53   46  0.1392E-10  0.1399E-10
CALSDV   54   46  0.1200E-10  0.1229E-10
CALSDV   55   46  0.1325E-10  0.1336E-10
CALSDV   56   46  0.1282E-10  0.1320E-10
CALSDV   57   46  0.1277E-10  0.1295E-10
CALSDV   58   46  0.1293E-10  0.1336E-10
CALSDV   59   46  0.1184E-10  0.1193E-10
CALSDV   60   46  0.1206E-10  0.1226E-10
CALSDV   47   47  0.1137E-10  0.1114E-10
CALSDV   48   47  0.1829E-10  0.1778E-10
CALSDV   49   47  0.2039E-10  0.1972E-10
CALSDV   50   47  0.1419E-10  0.1350E-10
CALSDV   51   47  0.1484E-10  0.1456E-10
CALSDV   52   47  0.1508E-10  0.1482E-10
CALSDV   53   47  0.1199E-10  0.1175E-10
CALSDV   54   47  0.1382E-10  0.1371E-10
CALSDV   55   47  0.1261E-10  0.1252E-10
CALSDV   56   47  0.1289E-10  0.1284E-10
CALSDV   57   47  0.1315E-10  0.1316E-10
CALSDV   58   47  0.1271E-10  0.1264E-10
CALSDV   59   47  0.1244E-10  0.1227E-10
CALSDV   60   47  0.1220E-10  0.1203E-10
CALSDV   48   48  0.1153E-10  0.1158E-10
CALSDV   49   48  0.1889E-10  0.1897E-10
CALSDV   50   48  0.2110E-10  0.2121E-10
CALSDV   51   48  0.1397E-10  0.1409E-10
CALSDV   52   48  0.1514E-10  0.1522E-10
CALSDV   53   48  0.1481E-10  0.1482E-10
CALSDV   54   48  0.1233E-10  0.1236E-10
CALSDV   55   48  0.1413E-10  0.1412E-10
CALSDV   56   48  0.1350E-10  0.1354E-10
CALSDV   57   48  0.1346E-10  0.1349E-10
CALSDV   58   48  0.1429E-10  0.1432E-10
CALSDV   59   48  0.1254E-10  0.1252E-10
CALSDV   60   48  0.1331E-10  0.1333E-10
CALSDV   49   49  0.1070E-10  0.1074E-10
CALSDV   50   49  0.1914E-10  0.1882E-10
CALSDV   51   49  0.2096E-10  0.2091E-10
CALSDV   52   49  0.1505E-10  0.1493E-10
CALSDV   53   49  0.1463E-10  0.1458E-10
CALSDV   54   49  0.1605E-10  0.1595E-10
CALSDV   55   49  0.1259E-10  0.1246E-10
CALSDV   56   49  0.1497E-10  0.1484E-10
CALSDV   57   49  0.1359E-10  0.1358E-10
CALSDV   58   49  0.1406E-10  0.1399E-10
CALSDV   59   49  0.1323E-10  0.1324E-10
CALSDV   60   49  0.1308E-10  0.1306E-10
CALSDV   50   50  0.1136E-10  0.1131E-10
CALSDV   51   50  0.2044E-10  0.2055E-10
CALSDV   52   50  0.2207E-10  0.2215E-10
CALSDV   53   50  0.1488E-10  0.1506E-10
CALSDV   54   50  0.1505E-10  0.1516E-10
CALSDV   55   50  0.1612E-10  0.1617E-10
CALSDV   56   50  0.1318E-10  0.1327E-10
CALSDV   57   50  0.1550E-10  0.1550E-10
CALSDV   58   50  0.1469E-10  0.1468E-10
CALSDV   59   50  0.1395E-10  0.1392E-10
CALSDV   60   50  0.1425E-10  0.1427E-10
CALSDV   51   51  0.1024E-10  0.1044E-10
CALSDV   52   51  0.2046E-10  0.2080E-10
CALSDV   53   51  0.2119E-10  0.2157E-10
CALSDV   54   51  0.1596E-10  0.1627E-10
CALSDV   55   51  0.1453E-10  0.1478E-10
CALSDV   56   51  0.1747E-10  0.1762E-10
CALSDV   57   51  0.1375E-10  0.1392E-10
CALSDV   58   51  0.1644E-10  0.1652E-10
CALSDV   59   51  0.1404E-10  0.1424E-10
CALSDV   60   51  0.1456E-10  0.1470E-10
CALSDV   52   52  0.1106E-10  0.1088E-10
CALSDV   53   52  0.2161E-10  0.2152E-10
CALSDV   54   52  0.2236E-10  0.2217E-10
CALSDV   55   52  0.1618E-10  0.1599E-10
CALSDV   56   52  0.1482E-10  0.1478E-10
CALSDV   57   52  0.1761E-10  0.1749E-10
CALSDV   58   52  0.1443E-10  0.1433E-10
CALSDV   59   52  0.1584E-10  0.1571E-10
CALSDV   60   52  0.1504E-10  0.1497E-10
CALSDV   53   53  0.1004E-10  0.9760E-11
CALSDV   54   53  0.2185E-10  0.2213E-10
CALSDV   55   53  0.2135E-10  0.2146E-10
CALSDV   56   53  0.1740E-10  0.1754E-10
CALSDV   57   53  0.1506E-10  0.1525E-10
CALSDV   58   53  0.1907E-10  0.1938E-10
CALSDV   59   53  0.1490E-10  0.1506E-10
CALSDV   60   53  0.1684E-10  0.1697E-10
CALSDV   54   54  0.1068E-10  0.1067E-10
CALSDV   55   54  0.2129E-10  0.2118E-10
CALSDV   56   54  0.2189E-10  0.2175E-10
CALSDV   57   54  0.1762E-10  0.1752E-10
CALSDV   58   54  0.1497E-10  0.1476E-10
CALSDV   59   54  0.1814E-10  0.1810E-10
CALSDV   60   54  0.1552E-10  0.1537E-10
CALSDV   55   55  0.1052E-10  0.1043E-10
CALSDV   56   55  0.2215E-10  0.2187E-10
CALSDV   57   55  0.2157E-10  0.2135E-10
CALSDV   58   55  0.1932E-10  0.1913E-10
CALSDV   59   55  0.1674E-10  0.1653E-10
CALSDV   60   55  0.1989E-10  0.1967E-10
CALSDV   56   56  0.1095E-10  0.1096E-10
CALSDV   57   56  0.1797E-10  0.1813E-10
CALSDV   58   56  0.2096E-10  0.2108E-10
CALSDV   59   56  0.1911E-10  0.1940E-10
CALSDV   60   56  0.1628E-10  0.1640E-10
CALSDV   57   57  0.1169E-10  0.1186E-10
CALSDV   58   57  0.1888E-10  0.1871E-10
CALSDV   59   57  0.2327E-10  0.2312E-10
CALSDV   60   57  0.2059E-10  0.2059E-10
CALSDV   58   58  0.1210E-10  0.1191E-10
CALSDV   59   58  0.1390E-10  0.1387E-10
CALSDV   60   58  0.2267E-10  0.2247E-10
CALSDV   59   59  0.1029E-10  0.9982E-11
CALSDV   60   59  0.1488E-10  0.1469E-10
CALSDV   60   60  0.1138E-10  0.1151E-10
