  This file contains calibrated standard deviations 
       The relevant data lines start with key CALSDV 
       Each such line contains the following data 
           N   M   C_SIGMA   S_SIGMA 
                 FOR M=0 S_SIGMA=0.0 
     
CALSDV    0    0  0.0000E+00  0.0000E+00
CALSDV    1    0  0.0000E+00  0.0000E+00
CALSDV    2    0  0.6517E-10  0.0000E+00
CALSDV    3    0  0.9823E-11  0.0000E+00
CALSDV    4    0  0.3310E-11  0.0000E+00
CALSDV    5    0  0.2197E-11  0.0000E+00
CALSDV    6    0  0.1675E-11  0.0000E+00
CALSDV    7    0  0.1347E-11  0.0000E+00
CALSDV    8    0  0.1137E-11  0.0000E+00
CALSDV    9    0  0.9892E-12  0.0000E+00
CALSDV   10    0  0.8801E-12  0.0000E+00
CALSDV   11    0  0.7971E-12  0.0000E+00
CALSDV   12    0  0.7357E-12  0.0000E+00
CALSDV   13    0  0.6860E-12  0.0000E+00
CALSDV   14    0  0.6478E-12  0.0000E+00
CALSDV   15    0  0.6165E-12  0.0000E+00
CALSDV   16    0  0.5922E-12  0.0000E+00
CALSDV   17    0  0.5725E-12  0.0000E+00
CALSDV   18    0  0.5569E-12  0.0000E+00
CALSDV   19    0  0.5450E-12  0.0000E+00
CALSDV   20    0  0.5357E-12  0.0000E+00
CALSDV   21    0  0.5290E-12  0.0000E+00
CALSDV   22    0  0.5246E-12  0.0000E+00
CALSDV   23    0  0.5223E-12  0.0000E+00
CALSDV   24    0  0.5216E-12  0.0000E+00
CALSDV   25    0  0.5227E-12  0.0000E+00
CALSDV   26    0  0.5251E-12  0.0000E+00
CALSDV   27    0  0.5291E-12  0.0000E+00
CALSDV   28    0  0.5343E-12  0.0000E+00
CALSDV   29    0  0.5409E-12  0.0000E+00
CALSDV   30    0  0.5488E-12  0.0000E+00
CALSDV   31    0  0.5579E-12  0.0000E+00
CALSDV   32    0  0.5681E-12  0.0000E+00
CALSDV   33    0  0.5797E-12  0.0000E+00
CALSDV   34    0  0.5923E-12  0.0000E+00
CALSDV   35    0  0.6064E-12  0.0000E+00
CALSDV   36    0  0.6215E-12  0.0000E+00
CALSDV   37    0  0.6380E-12  0.0000E+00
CALSDV   38    0  0.6559E-12  0.0000E+00
CALSDV   39    0  0.6751E-12  0.0000E+00
CALSDV   40    0  0.6957E-12  0.0000E+00
CALSDV   41    0  0.7178E-12  0.0000E+00
CALSDV   42    0  0.7414E-12  0.0000E+00
CALSDV   43    0  0.7665E-12  0.0000E+00
CALSDV   44    0  0.7934E-12  0.0000E+00
CALSDV   45    0  0.8219E-12  0.0000E+00
CALSDV   46    0  0.8523E-12  0.0000E+00
CALSDV   47    0  0.8845E-12  0.0000E+00
CALSDV   48    0  0.9188E-12  0.0000E+00
CALSDV   49    0  0.9552E-12  0.0000E+00
CALSDV   50    0  0.9939E-12  0.0000E+00
CALSDV   51    0  0.1035E-11  0.0000E+00
CALSDV   52    0  0.1078E-11  0.0000E+00
CALSDV   53    0  0.1124E-11  0.0000E+00
CALSDV   54    0  0.1173E-11  0.0000E+00
CALSDV   55    0  0.1223E-11  0.0000E+00
CALSDV   56    0  0.1278E-11  0.0000E+00
CALSDV   57    0  0.1330E-11  0.0000E+00
CALSDV   58    0  0.1389E-11  0.0000E+00
CALSDV   59    0  0.1310E-11  0.0000E+00
CALSDV   60    0  0.1367E-11  0.0000E+00
CALSDV    1    1  0.0000E+00  0.0000E+00
CALSDV    2    1  0.2728E-10  0.2870E-10
CALSDV    3    1  0.7028E-11  0.7184E-11
CALSDV    4    1  0.3488E-11  0.3489E-11
CALSDV    5    1  0.2330E-11  0.2326E-11
CALSDV    6    1  0.1745E-11  0.1741E-11
CALSDV    7    1  0.1404E-11  0.1400E-11
CALSDV    8    1  0.1174E-11  0.1168E-11
CALSDV    9    1  0.1014E-11  0.1011E-11
CALSDV   10    1  0.9002E-12  0.8965E-12
CALSDV   11    1  0.8151E-12  0.8123E-12
CALSDV   12    1  0.7486E-12  0.7460E-12
CALSDV   13    1  0.6977E-12  0.6943E-12
CALSDV   14    1  0.6571E-12  0.6550E-12
CALSDV   15    1  0.6250E-12  0.6224E-12
CALSDV   16    1  0.5991E-12  0.5967E-12
CALSDV   17    1  0.5786E-12  0.5762E-12
CALSDV   18    1  0.5627E-12  0.5605E-12
CALSDV   19    1  0.5500E-12  0.5477E-12
CALSDV   20    1  0.5404E-12  0.5382E-12
CALSDV   21    1  0.5335E-12  0.5312E-12
CALSDV   22    1  0.5287E-12  0.5266E-12
CALSDV   23    1  0.5260E-12  0.5239E-12
CALSDV   24    1  0.5252E-12  0.5231E-12
CALSDV   25    1  0.5260E-12  0.5238E-12
CALSDV   26    1  0.5284E-12  0.5262E-12
CALSDV   27    1  0.5322E-12  0.5300E-12
CALSDV   28    1  0.5373E-12  0.5352E-12
CALSDV   29    1  0.5439E-12  0.5416E-12
CALSDV   30    1  0.5516E-12  0.5493E-12
CALSDV   31    1  0.5606E-12  0.5584E-12
CALSDV   32    1  0.5709E-12  0.5686E-12
CALSDV   33    1  0.5824E-12  0.5801E-12
CALSDV   34    1  0.5950E-12  0.5926E-12
CALSDV   35    1  0.6090E-12  0.6066E-12
CALSDV   36    1  0.6242E-12  0.6217E-12
CALSDV   37    1  0.6408E-12  0.6381E-12
CALSDV   38    1  0.6585E-12  0.6559E-12
CALSDV   39    1  0.6778E-12  0.6750E-12
CALSDV   40    1  0.6984E-12  0.6956E-12
CALSDV   41    1  0.7204E-12  0.7175E-12
CALSDV   42    1  0.7441E-12  0.7411E-12
CALSDV   43    1  0.7693E-12  0.7662E-12
CALSDV   44    1  0.7961E-12  0.7930E-12
CALSDV   45    1  0.8247E-12  0.8214E-12
CALSDV   46    1  0.8552E-12  0.8517E-12
CALSDV   47    1  0.8874E-12  0.8839E-12
CALSDV   48    1  0.9218E-12  0.9182E-12
CALSDV   49    1  0.9582E-12  0.9544E-12
CALSDV   50    1  0.9969E-12  0.9930E-12
CALSDV   51    1  0.1038E-11  0.1034E-11
CALSDV   52    1  0.1081E-11  0.1077E-11
CALSDV   53    1  0.1127E-11  0.1123E-11
CALSDV   54    1  0.1176E-11  0.1172E-11
CALSDV   55    1  0.1227E-11  0.1222E-11
CALSDV   56    1  0.1282E-11  0.1277E-11
CALSDV   57    1  0.1334E-11  0.1329E-11
CALSDV   58    1  0.1393E-11  0.1388E-11
CALSDV   59    1  0.1315E-11  0.1311E-11
CALSDV   60    1  0.1373E-11  0.1369E-11
CALSDV    2    2  0.2362E-10  0.2205E-10
CALSDV    3    2  0.1039E-10  0.1053E-10
CALSDV    4    2  0.4857E-11  0.4862E-11
CALSDV    5    2  0.2971E-11  0.2967E-11
CALSDV    6    2  0.2142E-11  0.2135E-11
CALSDV    7    2  0.1638E-11  0.1632E-11
CALSDV    8    2  0.1342E-11  0.1337E-11
CALSDV    9    2  0.1131E-11  0.1128E-11
CALSDV   10    2  0.9902E-12  0.9864E-12
CALSDV   11    2  0.8808E-12  0.8775E-12
CALSDV   12    2  0.8035E-12  0.8004E-12
CALSDV   13    2  0.7406E-12  0.7378E-12
CALSDV   14    2  0.6929E-12  0.6908E-12
CALSDV   15    2  0.6547E-12  0.6520E-12
CALSDV   16    2  0.6250E-12  0.6225E-12
CALSDV   17    2  0.6008E-12  0.5983E-12
CALSDV   18    2  0.5818E-12  0.5796E-12
CALSDV   19    2  0.5671E-12  0.5647E-12
CALSDV   20    2  0.5554E-12  0.5534E-12
CALSDV   21    2  0.5470E-12  0.5448E-12
CALSDV   22    2  0.5410E-12  0.5388E-12
CALSDV   23    2  0.5373E-12  0.5351E-12
CALSDV   24    2  0.5354E-12  0.5333E-12
CALSDV   25    2  0.5355E-12  0.5334E-12
CALSDV   26    2  0.5371E-12  0.5349E-12
CALSDV   27    2  0.5404E-12  0.5381E-12
CALSDV   28    2  0.5450E-12  0.5428E-12
CALSDV   29    2  0.5511E-12  0.5489E-12
CALSDV   30    2  0.5584E-12  0.5561E-12
CALSDV   31    2  0.5671E-12  0.5648E-12
CALSDV   32    2  0.5769E-12  0.5746E-12
CALSDV   33    2  0.5882E-12  0.5858E-12
CALSDV   34    2  0.6007E-12  0.5982E-12
CALSDV   35    2  0.6145E-12  0.6120E-12
CALSDV   36    2  0.6293E-12  0.6267E-12
CALSDV   37    2  0.6457E-12  0.6431E-12
CALSDV   38    2  0.6634E-12  0.6607E-12
CALSDV   39    2  0.6825E-12  0.6797E-12
CALSDV   40    2  0.7030E-12  0.7001E-12
CALSDV   41    2  0.7250E-12  0.7220E-12
CALSDV   42    2  0.7484E-12  0.7454E-12
CALSDV   43    2  0.7736E-12  0.7704E-12
CALSDV   44    2  0.8004E-12  0.7971E-12
CALSDV   45    2  0.8289E-12  0.8255E-12
CALSDV   46    2  0.8593E-12  0.8557E-12
CALSDV   47    2  0.8916E-12  0.8879E-12
CALSDV   48    2  0.9258E-12  0.9221E-12
CALSDV   49    2  0.9623E-12  0.9583E-12
CALSDV   50    2  0.1001E-11  0.9968E-12
CALSDV   51    2  0.1042E-11  0.1038E-11
CALSDV   52    2  0.1085E-11  0.1081E-11
CALSDV   53    2  0.1131E-11  0.1127E-11
CALSDV   54    2  0.1180E-11  0.1176E-11
CALSDV   55    2  0.1231E-11  0.1226E-11
CALSDV   56    2  0.1286E-11  0.1281E-11
CALSDV   57    2  0.1340E-11  0.1334E-11
CALSDV   58    2  0.1399E-11  0.1393E-11
CALSDV   59    2  0.1332E-11  0.1328E-11
CALSDV   60    2  0.1390E-11  0.1385E-11
CALSDV    3    3  0.2452E-10  0.2457E-10
CALSDV    4    3  0.9767E-11  0.9740E-11
CALSDV    5    3  0.6618E-11  0.6593E-11
CALSDV    6    3  0.3500E-11  0.3470E-11
CALSDV    7    3  0.3091E-11  0.3087E-11
CALSDV    8    3  0.1925E-11  0.1914E-11
CALSDV    9    3  0.1830E-11  0.1824E-11
CALSDV   10    3  0.1293E-11  0.1287E-11
CALSDV   11    3  0.1264E-11  0.1260E-11
CALSDV   12    3  0.9809E-12  0.9766E-12
CALSDV   13    3  0.9693E-12  0.9665E-12
CALSDV   14    3  0.8081E-12  0.8051E-12
CALSDV   15    3  0.8019E-12  0.7992E-12
CALSDV   16    3  0.7034E-12  0.7012E-12
CALSDV   17    3  0.7012E-12  0.6989E-12
CALSDV   18    3  0.6387E-12  0.6370E-12
CALSDV   19    3  0.6385E-12  0.6366E-12
CALSDV   20    3  0.5984E-12  0.5968E-12
CALSDV   21    3  0.6005E-12  0.5985E-12
CALSDV   22    3  0.5746E-12  0.5730E-12
CALSDV   23    3  0.5785E-12  0.5766E-12
CALSDV   24    3  0.5626E-12  0.5611E-12
CALSDV   25    3  0.5682E-12  0.5664E-12
CALSDV   26    3  0.5597E-12  0.5580E-12
CALSDV   27    3  0.5671E-12  0.5653E-12
CALSDV   28    3  0.5641E-12  0.5624E-12
CALSDV   29    3  0.5734E-12  0.5715E-12
CALSDV   30    3  0.5749E-12  0.5732E-12
CALSDV   31    3  0.5862E-12  0.5843E-12
CALSDV   32    3  0.5915E-12  0.5898E-12
CALSDV   33    3  0.6047E-12  0.6028E-12
CALSDV   34    3  0.6136E-12  0.6117E-12
CALSDV   35    3  0.6290E-12  0.6269E-12
CALSDV   36    3  0.6412E-12  0.6392E-12
CALSDV   37    3  0.6589E-12  0.6568E-12
CALSDV   38    3  0.6741E-12  0.6721E-12
CALSDV   39    3  0.6944E-12  0.6921E-12
CALSDV   40    3  0.7129E-12  0.7108E-12
CALSDV   41    3  0.7358E-12  0.7334E-12
CALSDV   42    3  0.7578E-12  0.7554E-12
CALSDV   43    3  0.7837E-12  0.7812E-12
CALSDV   44    3  0.8092E-12  0.8067E-12
CALSDV   45    3  0.8384E-12  0.8357E-12
CALSDV   46    3  0.8677E-12  0.8650E-12
CALSDV   47    3  0.9005E-12  0.8977E-12
CALSDV   48    3  0.9341E-12  0.9311E-12
CALSDV   49    3  0.9710E-12  0.9679E-12
CALSDV   50    3  0.1009E-11  0.1006E-11
CALSDV   51    3  0.1050E-11  0.1047E-11
CALSDV   52    3  0.1093E-11  0.1090E-11
CALSDV   53    3  0.1140E-11  0.1136E-11
CALSDV   54    3  0.1188E-11  0.1185E-11
CALSDV   55    3  0.1241E-11  0.1237E-11
CALSDV   56    3  0.1295E-11  0.1291E-11
CALSDV   57    3  0.1351E-11  0.1347E-11
CALSDV   58    3  0.1410E-11  0.1406E-11
CALSDV   59    3  0.1367E-11  0.1363E-11
CALSDV   60    3  0.1424E-11  0.1420E-11
CALSDV    4    4  0.1245E-10  0.1209E-10
CALSDV    5    4  0.9703E-11  0.9746E-11
CALSDV    6    4  0.4108E-11  0.4063E-11
CALSDV    7    4  0.3527E-11  0.3567E-11
CALSDV    8    4  0.2219E-11  0.2199E-11
CALSDV    9    4  0.1905E-11  0.1921E-11
CALSDV   10    4  0.1451E-11  0.1444E-11
CALSDV   11    4  0.1288E-11  0.1297E-11
CALSDV   12    4  0.1083E-11  0.1079E-11
CALSDV   13    4  0.9898E-12  0.9934E-12
CALSDV   14    4  0.8796E-12  0.8776E-12
CALSDV   15    4  0.8243E-12  0.8260E-12
CALSDV   16    4  0.7585E-12  0.7570E-12
CALSDV   17    4  0.7242E-12  0.7252E-12
CALSDV   18    4  0.6824E-12  0.6814E-12
CALSDV   19    4  0.6614E-12  0.6621E-12
CALSDV   20    4  0.6348E-12  0.6339E-12
CALSDV   21    4  0.6223E-12  0.6225E-12
CALSDV   22    4  0.6053E-12  0.6044E-12
CALSDV   23    4  0.5990E-12  0.5992E-12
CALSDV   24    4  0.5890E-12  0.5886E-12
CALSDV   25    4  0.5876E-12  0.5874E-12
CALSDV   26    4  0.5829E-12  0.5824E-12
CALSDV   27    4  0.5849E-12  0.5849E-12
CALSDV   28    4  0.5848E-12  0.5843E-12
CALSDV   29    4  0.5901E-12  0.5899E-12
CALSDV   30    4  0.5935E-12  0.5931E-12
CALSDV   31    4  0.6017E-12  0.6014E-12
CALSDV   32    4  0.6084E-12  0.6080E-12
CALSDV   33    4  0.6193E-12  0.6191E-12
CALSDV   34    4  0.6292E-12  0.6289E-12
CALSDV   35    4  0.6427E-12  0.6424E-12
CALSDV   36    4  0.6556E-12  0.6552E-12
CALSDV   37    4  0.6717E-12  0.6715E-12
CALSDV   38    4  0.6877E-12  0.6873E-12
CALSDV   39    4  0.7065E-12  0.7063E-12
CALSDV   40    4  0.7256E-12  0.7251E-12
CALSDV   41    4  0.7474E-12  0.7470E-12
CALSDV   42    4  0.7696E-12  0.7694E-12
CALSDV   43    4  0.7948E-12  0.7943E-12
CALSDV   44    4  0.8205E-12  0.8201E-12
CALSDV   45    4  0.8490E-12  0.8486E-12
CALSDV   46    4  0.8785E-12  0.8781E-12
CALSDV   47    4  0.9107E-12  0.9103E-12
CALSDV   48    4  0.9443E-12  0.9439E-12
CALSDV   49    4  0.9808E-12  0.9803E-12
CALSDV   50    4  0.1019E-11  0.1018E-11
CALSDV   51    4  0.1060E-11  0.1060E-11
CALSDV   52    4  0.1103E-11  0.1103E-11
CALSDV   53    4  0.1149E-11  0.1149E-11
CALSDV   54    4  0.1198E-11  0.1197E-11
CALSDV   55    4  0.1250E-11  0.1250E-11
CALSDV   56    4  0.1305E-11  0.1304E-11
CALSDV   57    4  0.1362E-11  0.1361E-11
CALSDV   58    4  0.1422E-11  0.1421E-11
CALSDV   59    4  0.1398E-11  0.1398E-11
CALSDV   60    4  0.1456E-11  0.1456E-11
CALSDV    5    5  0.1796E-10  0.1798E-10
CALSDV    6    5  0.7034E-11  0.7034E-11
CALSDV    7    5  0.4745E-11  0.4752E-11
CALSDV    8    5  0.2876E-11  0.2875E-11
CALSDV    9    5  0.2682E-11  0.2685E-11
CALSDV   10    5  0.1787E-11  0.1787E-11
CALSDV   11    5  0.1825E-11  0.1827E-11
CALSDV   12    5  0.1325E-11  0.1324E-11
CALSDV   13    5  0.1365E-11  0.1366E-11
CALSDV   14    5  0.1071E-11  0.1071E-11
CALSDV   15    5  0.1092E-11  0.1093E-11
CALSDV   16    5  0.9113E-12  0.9112E-12
CALSDV   17    5  0.9210E-12  0.9212E-12
CALSDV   18    5  0.8066E-12  0.8065E-12
CALSDV   19    5  0.8098E-12  0.8103E-12
CALSDV   20    5  0.7349E-12  0.7352E-12
CALSDV   21    5  0.7370E-12  0.7373E-12
CALSDV   22    5  0.6882E-12  0.6884E-12
CALSDV   23    5  0.6895E-12  0.6898E-12
CALSDV   24    5  0.6582E-12  0.6584E-12
CALSDV   25    5  0.6603E-12  0.6609E-12
CALSDV   26    5  0.6411E-12  0.6415E-12
CALSDV   27    5  0.6449E-12  0.6454E-12
CALSDV   28    5  0.6344E-12  0.6350E-12
CALSDV   29    5  0.6401E-12  0.6407E-12
CALSDV   30    5  0.6366E-12  0.6368E-12
CALSDV   31    5  0.6441E-12  0.6446E-12
CALSDV   32    5  0.6461E-12  0.6466E-12
CALSDV   33    5  0.6558E-12  0.6563E-12
CALSDV   34    5  0.6623E-12  0.6627E-12
CALSDV   35    5  0.6746E-12  0.6751E-12
CALSDV   36    5  0.6850E-12  0.6856E-12
CALSDV   37    5  0.6998E-12  0.7005E-12
CALSDV   38    5  0.7141E-12  0.7147E-12
CALSDV   39    5  0.7316E-12  0.7323E-12
CALSDV   40    5  0.7494E-12  0.7501E-12
CALSDV   41    5  0.7700E-12  0.7707E-12
CALSDV   42    5  0.7915E-12  0.7922E-12
CALSDV   43    5  0.8152E-12  0.8160E-12
CALSDV   44    5  0.8406E-12  0.8413E-12
CALSDV   45    5  0.8677E-12  0.8686E-12
CALSDV   46    5  0.8970E-12  0.8978E-12
CALSDV   47    5  0.9280E-12  0.9289E-12
CALSDV   48    5  0.9616E-12  0.9624E-12
CALSDV   49    5  0.9968E-12  0.9978E-12
CALSDV   50    5  0.1035E-11  0.1036E-11
CALSDV   51    5  0.1075E-11  0.1076E-11
CALSDV   52    5  0.1118E-11  0.1119E-11
CALSDV   53    5  0.1164E-11  0.1165E-11
CALSDV   54    5  0.1213E-11  0.1214E-11
CALSDV   55    5  0.1264E-11  0.1265E-11
CALSDV   56    5  0.1319E-11  0.1320E-11
CALSDV   57    5  0.1377E-11  0.1378E-11
CALSDV   58    5  0.1438E-11  0.1439E-11
CALSDV   59    5  0.1430E-11  0.1432E-11
CALSDV   60    5  0.1490E-11  0.1491E-11
CALSDV    6    6  0.8689E-11  0.8684E-11
CALSDV    7    6  0.9022E-11  0.8895E-11
CALSDV    8    6  0.4014E-11  0.4026E-11
CALSDV    9    6  0.4268E-11  0.4172E-11
CALSDV   10    6  0.2522E-11  0.2537E-11
CALSDV   11    6  0.2500E-11  0.2447E-11
CALSDV   12    6  0.1725E-11  0.1736E-11
CALSDV   13    6  0.1701E-11  0.1673E-11
CALSDV   14    6  0.1290E-11  0.1298E-11
CALSDV   15    6  0.1285E-11  0.1269E-11
CALSDV   16    6  0.1040E-11  0.1046E-11
CALSDV   17    6  0.1047E-11  0.1036E-11
CALSDV   18    6  0.8895E-12  0.8927E-12
CALSDV   19    6  0.9002E-12  0.8936E-12
CALSDV   20    6  0.7945E-12  0.7970E-12
CALSDV   21    6  0.8068E-12  0.8026E-12
CALSDV   22    6  0.7344E-12  0.7357E-12
CALSDV   23    6  0.7469E-12  0.7441E-12
CALSDV   24    6  0.6966E-12  0.6974E-12
CALSDV   25    6  0.7091E-12  0.7075E-12
CALSDV   26    6  0.6749E-12  0.6757E-12
CALSDV   27    6  0.6877E-12  0.6868E-12
CALSDV   28    6  0.6652E-12  0.6656E-12
CALSDV   29    6  0.6785E-12  0.6777E-12
CALSDV   30    6  0.6651E-12  0.6656E-12
CALSDV   31    6  0.6790E-12  0.6785E-12
CALSDV   32    6  0.6728E-12  0.6732E-12
CALSDV   33    6  0.6879E-12  0.6877E-12
CALSDV   34    6  0.6877E-12  0.6881E-12
CALSDV   35    6  0.7043E-12  0.7043E-12
CALSDV   36    6  0.7093E-12  0.7096E-12
CALSDV   37    6  0.7278E-12  0.7275E-12
CALSDV   38    6  0.7373E-12  0.7378E-12
CALSDV   39    6  0.7577E-12  0.7577E-12
CALSDV   40    6  0.7718E-12  0.7721E-12
CALSDV   41    6  0.7946E-12  0.7947E-12
CALSDV   42    6  0.8128E-12  0.8133E-12
CALSDV   43    6  0.8386E-12  0.8385E-12
CALSDV   44    6  0.8612E-12  0.8614E-12
CALSDV   45    6  0.8899E-12  0.8899E-12
CALSDV   46    6  0.9169E-12  0.9172E-12
CALSDV   47    6  0.9491E-12  0.9492E-12
CALSDV   48    6  0.9808E-12  0.9810E-12
CALSDV   49    6  0.1017E-11  0.1017E-11
CALSDV   50    6  0.1054E-11  0.1054E-11
CALSDV   51    6  0.1094E-11  0.1094E-11
CALSDV   52    6  0.1136E-11  0.1136E-11
CALSDV   53    6  0.1182E-11  0.1182E-11
CALSDV   54    6  0.1230E-11  0.1230E-11
CALSDV   55    6  0.1282E-11  0.1282E-11
CALSDV   56    6  0.1336E-11  0.1336E-11
CALSDV   57    6  0.1396E-11  0.1396E-11
CALSDV   58    6  0.1456E-11  0.1457E-11
CALSDV   59    6  0.1466E-11  0.1466E-11
CALSDV   60    6  0.1525E-11  0.1525E-11
CALSDV    7    7  0.1250E-10  0.1255E-10
CALSDV    8    7  0.6491E-11  0.6531E-11
CALSDV    9    7  0.4260E-11  0.4276E-11
CALSDV   10    7  0.2714E-11  0.2731E-11
CALSDV   11    7  0.2475E-11  0.2484E-11
CALSDV   12    7  0.1673E-11  0.1675E-11
CALSDV   13    7  0.1691E-11  0.1691E-11
CALSDV   14    7  0.1314E-11  0.1316E-11
CALSDV   15    7  0.1285E-11  0.1284E-11
CALSDV   16    7  0.1133E-11  0.1134E-11
CALSDV   17    7  0.1059E-11  0.1055E-11
CALSDV   18    7  0.1012E-11  0.1012E-11
CALSDV   19    7  0.9204E-12  0.9179E-12
CALSDV   20    7  0.9237E-12  0.9241E-12
CALSDV   21    7  0.8327E-12  0.8312E-12
CALSDV   22    7  0.8575E-12  0.8575E-12
CALSDV   23    7  0.7775E-12  0.7759E-12
CALSDV   24    7  0.8091E-12  0.8095E-12
CALSDV   25    7  0.7418E-12  0.7408E-12
CALSDV   26    7  0.7758E-12  0.7762E-12
CALSDV   27    7  0.7209E-12  0.7201E-12
CALSDV   28    7  0.7546E-12  0.7551E-12
CALSDV   29    7  0.7116E-12  0.7109E-12
CALSDV   30    7  0.7440E-12  0.7445E-12
CALSDV   31    7  0.7114E-12  0.7113E-12
CALSDV   32    7  0.7427E-12  0.7433E-12
CALSDV   33    7  0.7193E-12  0.7190E-12
CALSDV   34    7  0.7496E-12  0.7503E-12
CALSDV   35    7  0.7343E-12  0.7342E-12
CALSDV   36    7  0.7644E-12  0.7651E-12
CALSDV   37    7  0.7564E-12  0.7564E-12
CALSDV   38    7  0.7865E-12  0.7871E-12
CALSDV   39    7  0.7851E-12  0.7853E-12
CALSDV   40    7  0.8158E-12  0.8167E-12
CALSDV   41    7  0.8205E-12  0.8210E-12
CALSDV   42    7  0.8526E-12  0.8534E-12
CALSDV   43    7  0.8631E-12  0.8636E-12
CALSDV   44    7  0.8970E-12  0.8979E-12
CALSDV   45    7  0.9132E-12  0.9138E-12
CALSDV   46    7  0.9494E-12  0.9503E-12
CALSDV   47    7  0.9711E-12  0.9719E-12
CALSDV   48    7  0.1010E-11  0.1011E-11
CALSDV   49    7  0.1038E-11  0.1039E-11
CALSDV   50    7  0.1081E-11  0.1082E-11
CALSDV   51    7  0.1114E-11  0.1115E-11
CALSDV   52    7  0.1161E-11  0.1162E-11
CALSDV   53    7  0.1201E-11  0.1202E-11
CALSDV   54    7  0.1253E-11  0.1254E-11
CALSDV   55    7  0.1300E-11  0.1301E-11
CALSDV   56    7  0.1357E-11  0.1359E-11
CALSDV   57    7  0.1413E-11  0.1414E-11
CALSDV   58    7  0.1477E-11  0.1478E-11
CALSDV   59    7  0.1495E-11  0.1496E-11
CALSDV   60    7  0.1559E-11  0.1561E-11
CALSDV    8    8  0.6374E-11  0.6287E-11
CALSDV    9    8  0.6082E-11  0.6029E-11
CALSDV   10    8  0.3879E-11  0.3857E-11
CALSDV   11    8  0.3303E-11  0.3277E-11
CALSDV   12    8  0.2822E-11  0.2791E-11
CALSDV   13    8  0.2330E-11  0.2327E-11
CALSDV   14    8  0.2053E-11  0.2021E-11
CALSDV   15    8  0.1825E-11  0.1824E-11
CALSDV   16    8  0.1569E-11  0.1542E-11
CALSDV   17    8  0.1502E-11  0.1505E-11
CALSDV   18    8  0.1270E-11  0.1250E-11
CALSDV   19    8  0.1280E-11  0.1286E-11
CALSDV   20    8  0.1082E-11  0.1067E-11
CALSDV   21    8  0.1124E-11  0.1130E-11
CALSDV   22    8  0.9611E-12  0.9506E-12
CALSDV   23    8  0.1013E-11  0.1018E-11
CALSDV   24    8  0.8837E-12  0.8757E-12
CALSDV   25    8  0.9335E-12  0.9388E-12
CALSDV   26    8  0.8343E-12  0.8284E-12
CALSDV   27    8  0.8792E-12  0.8834E-12
CALSDV   28    8  0.8037E-12  0.7990E-12
CALSDV   29    8  0.8434E-12  0.8473E-12
CALSDV   30    8  0.7876E-12  0.7841E-12
CALSDV   31    8  0.8229E-12  0.8258E-12
CALSDV   32    8  0.7835E-12  0.7806E-12
CALSDV   33    8  0.8147E-12  0.8169E-12
CALSDV   34    8  0.7883E-12  0.7860E-12
CALSDV   35    8  0.8168E-12  0.8184E-12
CALSDV   36    8  0.8017E-12  0.7995E-12
CALSDV   37    8  0.8286E-12  0.8296E-12
CALSDV   38    8  0.8227E-12  0.8206E-12
CALSDV   39    8  0.8488E-12  0.8493E-12
CALSDV   40    8  0.8511E-12  0.8490E-12
CALSDV   41    8  0.8775E-12  0.8775E-12
CALSDV   42    8  0.8868E-12  0.8847E-12
CALSDV   43    8  0.9143E-12  0.9139E-12
CALSDV   44    8  0.9301E-12  0.9279E-12
CALSDV   45    8  0.9594E-12  0.9586E-12
CALSDV   46    8  0.9814E-12  0.9793E-12
CALSDV   47    8  0.1013E-11  0.1012E-11
CALSDV   48    8  0.1041E-11  0.1039E-11
CALSDV   49    8  0.1076E-11  0.1075E-11
CALSDV   50    8  0.1110E-11  0.1108E-11
CALSDV   51    8  0.1149E-11  0.1148E-11
CALSDV   52    8  0.1190E-11  0.1187E-11
CALSDV   53    8  0.1233E-11  0.1231E-11
CALSDV   54    8  0.1280E-11  0.1277E-11
CALSDV   55    8  0.1330E-11  0.1327E-11
CALSDV   56    8  0.1383E-11  0.1380E-11
CALSDV   57    8  0.1442E-11  0.1439E-11
CALSDV   58    8  0.1503E-11  0.1500E-11
CALSDV   59    8  0.1539E-11  0.1537E-11
CALSDV   60    8  0.1600E-11  0.1597E-11
CALSDV    9    9  0.8837E-11  0.8926E-11
CALSDV   10    9  0.6125E-11  0.6115E-11
CALSDV   11    9  0.4068E-11  0.4091E-11
CALSDV   12    9  0.2835E-11  0.2837E-11
CALSDV   13    9  0.2615E-11  0.2627E-11
CALSDV   14    9  0.1770E-11  0.1779E-11
CALSDV   15    9  0.1784E-11  0.1792E-11
CALSDV   16    9  0.1402E-11  0.1406E-11
CALSDV   17    9  0.1325E-11  0.1331E-11
CALSDV   18    9  0.1226E-11  0.1228E-11
CALSDV   19    9  0.1079E-11  0.1083E-11
CALSDV   20    9  0.1113E-11  0.1113E-11
CALSDV   21    9  0.9478E-12  0.9508E-12
CALSDV   22    9  0.1029E-11  0.1029E-11
CALSDV   23    9  0.8761E-12  0.8771E-12
CALSDV   24    9  0.9658E-12  0.9653E-12
CALSDV   25    9  0.8358E-12  0.8364E-12
CALSDV   26    9  0.9188E-12  0.9182E-12
CALSDV   27    9  0.8143E-12  0.8144E-12
CALSDV   28    9  0.8853E-12  0.8845E-12
CALSDV   29    9  0.8038E-12  0.8038E-12
CALSDV   30    9  0.8640E-12  0.8632E-12
CALSDV   31    9  0.8028E-12  0.8024E-12
CALSDV   32    9  0.8531E-12  0.8520E-12
CALSDV   33    9  0.8091E-12  0.8086E-12
CALSDV   34    9  0.8516E-12  0.8509E-12
CALSDV   35    9  0.8218E-12  0.8214E-12
CALSDV   36    9  0.8590E-12  0.8582E-12
CALSDV   37    9  0.8407E-12  0.8404E-12
CALSDV   38    9  0.8747E-12  0.8738E-12
CALSDV   39    9  0.8662E-12  0.8659E-12
CALSDV   40    9  0.8981E-12  0.8972E-12
CALSDV   41    9  0.8984E-12  0.8980E-12
CALSDV   42    9  0.9296E-12  0.9289E-12
CALSDV   43    9  0.9374E-12  0.9369E-12
CALSDV   44    9  0.9691E-12  0.9685E-12
CALSDV   45    9  0.9837E-12  0.9831E-12
CALSDV   46    9  0.1017E-11  0.1016E-11
CALSDV   47    9  0.1038E-11  0.1037E-11
CALSDV   48    9  0.1074E-11  0.1073E-11
CALSDV   49    9  0.1100E-11  0.1100E-11
CALSDV   50    9  0.1140E-11  0.1139E-11
CALSDV   51    9  0.1173E-11  0.1172E-11
CALSDV   52    9  0.1217E-11  0.1216E-11
CALSDV   53    9  0.1256E-11  0.1255E-11
CALSDV   54    9  0.1305E-11  0.1304E-11
CALSDV   55    9  0.1351E-11  0.1351E-11
CALSDV   56    9  0.1406E-11  0.1405E-11
CALSDV   57    9  0.1462E-11  0.1462E-11
CALSDV   58    9  0.1524E-11  0.1524E-11
CALSDV   59    9  0.1568E-11  0.1568E-11
CALSDV   60    9  0.1630E-11  0.1629E-11
CALSDV   10   10  0.6100E-11  0.6089E-11
CALSDV   11   10  0.4969E-11  0.4930E-11
CALSDV   12   10  0.3506E-11  0.3504E-11
CALSDV   13   10  0.2572E-11  0.2551E-11
CALSDV   14   10  0.2803E-11  0.2800E-11
CALSDV   15   10  0.2034E-11  0.2026E-11
CALSDV   16   10  0.2175E-11  0.2171E-11
CALSDV   17   10  0.1809E-11  0.1806E-11
CALSDV   18   10  0.1743E-11  0.1739E-11
CALSDV   19   10  0.1627E-11  0.1624E-11
CALSDV   20   10  0.1461E-11  0.1458E-11
CALSDV   21   10  0.1468E-11  0.1464E-11
CALSDV   22   10  0.1277E-11  0.1275E-11
CALSDV   23   10  0.1334E-11  0.1332E-11
CALSDV   24   10  0.1155E-11  0.1153E-11
CALSDV   25   10  0.1226E-11  0.1225E-11
CALSDV   26   10  0.1072E-11  0.1071E-11
CALSDV   27   10  0.1142E-11  0.1140E-11
CALSDV   28   10  0.1018E-11  0.1016E-11
CALSDV   29   10  0.1079E-11  0.1077E-11
CALSDV   30   10  0.9815E-12  0.9802E-12
CALSDV   31   10  0.1033E-11  0.1031E-11
CALSDV   32   10  0.9591E-12  0.9581E-12
CALSDV   33   10  0.1002E-11  0.1001E-11
CALSDV   34   10  0.9491E-12  0.9485E-12
CALSDV   35   10  0.9852E-12  0.9844E-12
CALSDV   36   10  0.9495E-12  0.9490E-12
CALSDV   37   10  0.9797E-12  0.9793E-12
CALSDV   38   10  0.9586E-12  0.9584E-12
CALSDV   39   10  0.9851E-12  0.9847E-12
CALSDV   40   10  0.9760E-12  0.9759E-12
CALSDV   41   10  0.1001E-11  0.1000E-11
CALSDV   42   10  0.1002E-11  0.1002E-11
CALSDV   43   10  0.1026E-11  0.1026E-11
CALSDV   44   10  0.1036E-11  0.1036E-11
CALSDV   45   10  0.1060E-11  0.1061E-11
CALSDV   46   10  0.1079E-11  0.1079E-11
CALSDV   47   10  0.1105E-11  0.1105E-11
CALSDV   48   10  0.1131E-11  0.1131E-11
CALSDV   49   10  0.1159E-11  0.1159E-11
CALSDV   50   10  0.1192E-11  0.1193E-11
CALSDV   51   10  0.1224E-11  0.1224E-11
CALSDV   52   10  0.1264E-11  0.1265E-11
CALSDV   53   10  0.1300E-11  0.1301E-11
CALSDV   54   10  0.1347E-11  0.1348E-11
CALSDV   55   10  0.1390E-11  0.1391E-11
CALSDV   56   10  0.1444E-11  0.1445E-11
CALSDV   57   10  0.1497E-11  0.1497E-11
CALSDV   58   10  0.1559E-11  0.1560E-11
CALSDV   59   10  0.1613E-11  0.1614E-11
CALSDV   60   10  0.1678E-11  0.1679E-11
CALSDV   11   11  0.6191E-11  0.6211E-11
CALSDV   12   11  0.5663E-11  0.5687E-11
CALSDV   13   11  0.3752E-11  0.3751E-11
CALSDV   14   11  0.3007E-11  0.3028E-11
CALSDV   15   11  0.2744E-11  0.2741E-11
CALSDV   16   11  0.2046E-11  0.2058E-11
CALSDV   17   11  0.1950E-11  0.1947E-11
CALSDV   18   11  0.1631E-11  0.1635E-11
CALSDV   19   11  0.1453E-11  0.1451E-11
CALSDV   20   11  0.1393E-11  0.1395E-11
CALSDV   21   11  0.1175E-11  0.1174E-11
CALSDV   22   11  0.1236E-11  0.1237E-11
CALSDV   23   11  0.1033E-11  0.1033E-11
CALSDV   24   11  0.1127E-11  0.1127E-11
CALSDV   25   11  0.9646E-12  0.9658E-12
CALSDV   26   11  0.1050E-11  0.1049E-11
CALSDV   27   11  0.9341E-12  0.9353E-12
CALSDV   28   11  0.9979E-12  0.9975E-12
CALSDV   29   11  0.9219E-12  0.9231E-12
CALSDV   30   11  0.9647E-12  0.9638E-12
CALSDV   31   11  0.9206E-12  0.9218E-12
CALSDV   32   11  0.9460E-12  0.9452E-12
CALSDV   33   11  0.9259E-12  0.9270E-12
CALSDV   34   11  0.9392E-12  0.9380E-12
CALSDV   35   11  0.9374E-12  0.9384E-12
CALSDV   36   11  0.9431E-12  0.9422E-12
CALSDV   37   11  0.9545E-12  0.9550E-12
CALSDV   38   11  0.9562E-12  0.9553E-12
CALSDV   39   11  0.9763E-12  0.9770E-12
CALSDV   40   11  0.9775E-12  0.9766E-12
CALSDV   41   11  0.1004E-11  0.1005E-11
CALSDV   42   11  0.1007E-11  0.1006E-11
CALSDV   43   11  0.1039E-11  0.1039E-11
CALSDV   44   11  0.1045E-11  0.1044E-11
CALSDV   45   11  0.1080E-11  0.1080E-11
CALSDV   46   11  0.1090E-11  0.1089E-11
CALSDV   47   11  0.1128E-11  0.1128E-11
CALSDV   48   11  0.1145E-11  0.1144E-11
CALSDV   49   11  0.1185E-11  0.1185E-11
CALSDV   50   11  0.1208E-11  0.1207E-11
CALSDV   51   11  0.1251E-11  0.1251E-11
CALSDV   52   11  0.1282E-11  0.1281E-11
CALSDV   53   11  0.1328E-11  0.1327E-11
CALSDV   54   11  0.1366E-11  0.1365E-11
CALSDV   55   11  0.1417E-11  0.1416E-11
CALSDV   56   11  0.1463E-11  0.1462E-11
CALSDV   57   11  0.1522E-11  0.1521E-11
CALSDV   58   11  0.1578E-11  0.1577E-11
CALSDV   59   11  0.1644E-11  0.1643E-11
CALSDV   60   11  0.1699E-11  0.1698E-11
CALSDV   12   12  0.5398E-11  0.5456E-11
CALSDV   13   12  0.4856E-11  0.4860E-11
CALSDV   14   12  0.3272E-11  0.3277E-11
CALSDV   15   12  0.2396E-11  0.2406E-11
CALSDV   16   12  0.2615E-11  0.2610E-11
CALSDV   17   12  0.1866E-11  0.1870E-11
CALSDV   18   12  0.2023E-11  0.2018E-11
CALSDV   19   12  0.1743E-11  0.1745E-11
CALSDV   20   12  0.1646E-11  0.1643E-11
CALSDV   21   12  0.1636E-11  0.1639E-11
CALSDV   22   12  0.1429E-11  0.1427E-11
CALSDV   23   12  0.1526E-11  0.1528E-11
CALSDV   24   12  0.1308E-11  0.1306E-11
CALSDV   25   12  0.1422E-11  0.1425E-11
CALSDV   26   12  0.1234E-11  0.1234E-11
CALSDV   27   12  0.1332E-11  0.1335E-11
CALSDV   28   12  0.1188E-11  0.1187E-11
CALSDV   29   12  0.1259E-11  0.1262E-11
CALSDV   30   12  0.1157E-11  0.1157E-11
CALSDV   31   12  0.1203E-11  0.1205E-11
CALSDV   32   12  0.1137E-11  0.1136E-11
CALSDV   33   12  0.1162E-11  0.1164E-11
CALSDV   34   12  0.1125E-11  0.1124E-11
CALSDV   35   12  0.1135E-11  0.1136E-11
CALSDV   36   12  0.1120E-11  0.1120E-11
CALSDV   37   12  0.1120E-11  0.1121E-11
CALSDV   38   12  0.1123E-11  0.1123E-11
CALSDV   39   12  0.1117E-11  0.1118E-11
CALSDV   40   12  0.1133E-11  0.1133E-11
CALSDV   41   12  0.1124E-11  0.1125E-11
CALSDV   42   12  0.1150E-11  0.1150E-11
CALSDV   43   12  0.1142E-11  0.1142E-11
CALSDV   44   12  0.1176E-11  0.1175E-11
CALSDV   45   12  0.1169E-11  0.1169E-11
CALSDV   46   12  0.1209E-11  0.1208E-11
CALSDV   47   12  0.1206E-11  0.1205E-11
CALSDV   48   12  0.1251E-11  0.1250E-11
CALSDV   49   12  0.1252E-11  0.1252E-11
CALSDV   50   12  0.1302E-11  0.1301E-11
CALSDV   51   12  0.1310E-11  0.1310E-11
CALSDV   52   12  0.1364E-11  0.1363E-11
CALSDV   53   12  0.1379E-11  0.1378E-11
CALSDV   54   12  0.1437E-11  0.1436E-11
CALSDV   55   12  0.1461E-11  0.1460E-11
CALSDV   56   12  0.1524E-11  0.1523E-11
CALSDV   57   12  0.1561E-11  0.1559E-11
CALSDV   58   12  0.1631E-11  0.1629E-11
CALSDV   59   12  0.1687E-11  0.1686E-11
CALSDV   60   12  0.1762E-11  0.1761E-11
CALSDV   13   13  0.4932E-11  0.4928E-11
CALSDV   14   13  0.4891E-11  0.4889E-11
CALSDV   15   13  0.3526E-11  0.3519E-11
CALSDV   16   13  0.2788E-11  0.2782E-11
CALSDV   17   13  0.2833E-11  0.2830E-11
CALSDV   18   13  0.2123E-11  0.2120E-11
CALSDV   19   13  0.2093E-11  0.2090E-11
CALSDV   20   13  0.1796E-11  0.1794E-11
CALSDV   21   13  0.1582E-11  0.1581E-11
CALSDV   22   13  0.1556E-11  0.1556E-11
CALSDV   23   13  0.1283E-11  0.1284E-11
CALSDV   24   13  0.1371E-11  0.1371E-11
CALSDV   25   13  0.1132E-11  0.1133E-11
CALSDV   26   13  0.1236E-11  0.1236E-11
CALSDV   27   13  0.1067E-11  0.1067E-11
CALSDV   28   13  0.1141E-11  0.1142E-11
CALSDV   29   13  0.1044E-11  0.1045E-11
CALSDV   30   13  0.1080E-11  0.1081E-11
CALSDV   31   13  0.1042E-11  0.1042E-11
CALSDV   32   13  0.1045E-11  0.1045E-11
CALSDV   33   13  0.1049E-11  0.1049E-11
CALSDV   34   13  0.1030E-11  0.1030E-11
CALSDV   35   13  0.1061E-11  0.1061E-11
CALSDV   36   13  0.1029E-11  0.1029E-11
CALSDV   37   13  0.1078E-11  0.1078E-11
CALSDV   38   13  0.1040E-11  0.1040E-11
CALSDV   39   13  0.1099E-11  0.1098E-11
CALSDV   40   13  0.1062E-11  0.1061E-11
CALSDV   41   13  0.1125E-11  0.1124E-11
CALSDV   42   13  0.1092E-11  0.1092E-11
CALSDV   43   13  0.1155E-11  0.1154E-11
CALSDV   44   13  0.1130E-11  0.1129E-11
CALSDV   45   13  0.1191E-11  0.1191E-11
CALSDV   46   13  0.1175E-11  0.1174E-11
CALSDV   47   13  0.1235E-11  0.1233E-11
CALSDV   48   13  0.1228E-11  0.1227E-11
CALSDV   49   13  0.1285E-11  0.1284E-11
CALSDV   50   13  0.1290E-11  0.1289E-11
CALSDV   51   13  0.1344E-11  0.1343E-11
CALSDV   52   13  0.1360E-11  0.1359E-11
CALSDV   53   13  0.1413E-11  0.1412E-11
CALSDV   54   13  0.1440E-11  0.1439E-11
CALSDV   55   13  0.1493E-11  0.1492E-11
CALSDV   56   13  0.1532E-11  0.1531E-11
CALSDV   57   13  0.1590E-11  0.1589E-11
CALSDV   58   13  0.1641E-11  0.1640E-11
CALSDV   59   13  0.1720E-11  0.1719E-11
CALSDV   60   13  0.1773E-11  0.1772E-11
CALSDV   14   14  0.4184E-11  0.4186E-11
CALSDV   15   14  0.5191E-11  0.5189E-11
CALSDV   16   14  0.3247E-11  0.3239E-11
CALSDV   17   14  0.2684E-11  0.2686E-11
CALSDV   18   14  0.2650E-11  0.2648E-11
CALSDV   19   14  0.1969E-11  0.1964E-11
CALSDV   20   14  0.1985E-11  0.1984E-11
CALSDV   21   14  0.1784E-11  0.1777E-11
CALSDV   22   14  0.1566E-11  0.1562E-11
CALSDV   23   14  0.1677E-11  0.1671E-11
CALSDV   24   14  0.1359E-11  0.1355E-11
CALSDV   25   14  0.1578E-11  0.1572E-11
CALSDV   26   14  0.1282E-11  0.1277E-11
CALSDV   27   14  0.1489E-11  0.1485E-11
CALSDV   28   14  0.1261E-11  0.1256E-11
CALSDV   29   14  0.1414E-11  0.1410E-11
CALSDV   30   14  0.1259E-11  0.1255E-11
CALSDV   31   14  0.1354E-11  0.1349E-11
CALSDV   32   14  0.1264E-11  0.1260E-11
CALSDV   33   14  0.1308E-11  0.1305E-11
CALSDV   34   14  0.1270E-11  0.1266E-11
CALSDV   35   14  0.1277E-11  0.1274E-11
CALSDV   36   14  0.1276E-11  0.1273E-11
CALSDV   37   14  0.1258E-11  0.1256E-11
CALSDV   38   14  0.1284E-11  0.1281E-11
CALSDV   39   14  0.1251E-11  0.1249E-11
CALSDV   40   14  0.1295E-11  0.1292E-11
CALSDV   41   14  0.1254E-11  0.1252E-11
CALSDV   42   14  0.1310E-11  0.1307E-11
CALSDV   43   14  0.1267E-11  0.1265E-11
CALSDV   44   14  0.1330E-11  0.1328E-11
CALSDV   45   14  0.1289E-11  0.1287E-11
CALSDV   46   14  0.1357E-11  0.1354E-11
CALSDV   47   14  0.1320E-11  0.1317E-11
CALSDV   48   14  0.1390E-11  0.1387E-11
CALSDV   49   14  0.1360E-11  0.1358E-11
CALSDV   50   14  0.1432E-11  0.1429E-11
CALSDV   51   14  0.1411E-11  0.1408E-11
CALSDV   52   14  0.1483E-11  0.1480E-11
CALSDV   53   14  0.1471E-11  0.1468E-11
CALSDV   54   14  0.1544E-11  0.1541E-11
CALSDV   55   14  0.1544E-11  0.1540E-11
CALSDV   56   14  0.1619E-11  0.1615E-11
CALSDV   57   14  0.1634E-11  0.1630E-11
CALSDV   58   14  0.1713E-11  0.1709E-11
CALSDV   59   14  0.1765E-11  0.1760E-11
CALSDV   60   14  0.1848E-11  0.1844E-11
CALSDV   15   15  0.5056E-11  0.5049E-11
CALSDV   16   15  0.4958E-11  0.4978E-11
CALSDV   17   15  0.3377E-11  0.3401E-11
CALSDV   18   15  0.2626E-11  0.2630E-11
CALSDV   19   15  0.2959E-11  0.2978E-11
CALSDV   20   15  0.1933E-11  0.1952E-11
CALSDV   21   15  0.2367E-11  0.2380E-11
CALSDV   22   15  0.1716E-11  0.1723E-11
CALSDV   23   15  0.1921E-11  0.1930E-11
CALSDV   24   15  0.1575E-11  0.1575E-11
CALSDV   25   15  0.1638E-11  0.1644E-11
CALSDV   26   15  0.1453E-11  0.1452E-11
CALSDV   27   15  0.1476E-11  0.1479E-11
CALSDV   28   15  0.1354E-11  0.1355E-11
CALSDV   29   15  0.1385E-11  0.1388E-11
CALSDV   30   15  0.1280E-11  0.1284E-11
CALSDV   31   15  0.1336E-11  0.1339E-11
CALSDV   32   15  0.1232E-11  0.1236E-11
CALSDV   33   15  0.1310E-11  0.1314E-11
CALSDV   34   15  0.1204E-11  0.1209E-11
CALSDV   35   15  0.1298E-11  0.1302E-11
CALSDV   36   15  0.1194E-11  0.1199E-11
CALSDV   37   15  0.1294E-11  0.1299E-11
CALSDV   38   15  0.1196E-11  0.1202E-11
CALSDV   39   15  0.1298E-11  0.1303E-11
CALSDV   40   15  0.1210E-11  0.1216E-11
CALSDV   41   15  0.1308E-11  0.1314E-11
CALSDV   42   15  0.1233E-11  0.1239E-11
CALSDV   43   15  0.1325E-11  0.1332E-11
CALSDV   44   15  0.1264E-11  0.1271E-11
CALSDV   45   15  0.1348E-11  0.1355E-11
CALSDV   46   15  0.1303E-11  0.1310E-11
CALSDV   47   15  0.1378E-11  0.1386E-11
CALSDV   48   15  0.1349E-11  0.1356E-11
CALSDV   49   15  0.1416E-11  0.1424E-11
CALSDV   50   15  0.1403E-11  0.1410E-11
CALSDV   51   15  0.1462E-11  0.1471E-11
CALSDV   52   15  0.1465E-11  0.1473E-11
CALSDV   53   15  0.1518E-11  0.1527E-11
CALSDV   54   15  0.1535E-11  0.1544E-11
CALSDV   55   15  0.1584E-11  0.1593E-11
CALSDV   56   15  0.1617E-11  0.1626E-11
CALSDV   57   15  0.1668E-11  0.1677E-11
CALSDV   58   15  0.1716E-11  0.1725E-11
CALSDV   59   15  0.1798E-11  0.1808E-11
CALSDV   60   15  0.1850E-11  0.1861E-11
CALSDV   16   16  0.3650E-11  0.3621E-11
CALSDV   17   16  0.5015E-11  0.4986E-11
CALSDV   18   16  0.3307E-11  0.3294E-11
CALSDV   19   16  0.2740E-11  0.2732E-11
CALSDV   20   16  0.2842E-11  0.2827E-11
CALSDV   21   16  0.2099E-11  0.2088E-11
CALSDV   22   16  0.2144E-11  0.2134E-11
CALSDV   23   16  0.1890E-11  0.1885E-11
CALSDV   24   16  0.1665E-11  0.1659E-11
CALSDV   25   16  0.1753E-11  0.1749E-11
CALSDV   26   16  0.1432E-11  0.1427E-11
CALSDV   27   16  0.1632E-11  0.1627E-11
CALSDV   28   16  0.1357E-11  0.1355E-11
CALSDV   29   16  0.1534E-11  0.1528E-11
CALSDV   30   16  0.1356E-11  0.1356E-11
CALSDV   31   16  0.1461E-11  0.1455E-11
CALSDV   32   16  0.1380E-11  0.1380E-11
CALSDV   33   16  0.1410E-11  0.1405E-11
CALSDV   34   16  0.1405E-11  0.1407E-11
CALSDV   35   16  0.1379E-11  0.1374E-11
CALSDV   36   16  0.1428E-11  0.1429E-11
CALSDV   37   16  0.1364E-11  0.1359E-11
CALSDV   38   16  0.1447E-11  0.1448E-11
CALSDV   39   16  0.1361E-11  0.1356E-11
CALSDV   40   16  0.1464E-11  0.1463E-11
CALSDV   41   16  0.1368E-11  0.1363E-11
CALSDV   42   16  0.1480E-11  0.1479E-11
CALSDV   43   16  0.1384E-11  0.1379E-11
CALSDV   44   16  0.1499E-11  0.1497E-11
CALSDV   45   16  0.1408E-11  0.1403E-11
CALSDV   46   16  0.1520E-11  0.1518E-11
CALSDV   47   16  0.1438E-11  0.1433E-11
CALSDV   48   16  0.1546E-11  0.1542E-11
CALSDV   49   16  0.1476E-11  0.1471E-11
CALSDV   50   16  0.1579E-11  0.1574E-11
CALSDV   51   16  0.1522E-11  0.1516E-11
CALSDV   52   16  0.1618E-11  0.1613E-11
CALSDV   53   16  0.1575E-11  0.1569E-11
CALSDV   54   16  0.1666E-11  0.1660E-11
CALSDV   55   16  0.1638E-11  0.1632E-11
CALSDV   56   16  0.1726E-11  0.1720E-11
CALSDV   57   16  0.1717E-11  0.1710E-11
CALSDV   58   16  0.1804E-11  0.1798E-11
CALSDV   59   16  0.1846E-11  0.1839E-11
CALSDV   60   16  0.1936E-11  0.1928E-11
CALSDV   17   17  0.3507E-11  0.3502E-11
CALSDV   18   17  0.4081E-11  0.4076E-11
CALSDV   19   17  0.3186E-11  0.3188E-11
CALSDV   20   17  0.2317E-11  0.2314E-11
CALSDV   21   17  0.2803E-11  0.2802E-11
CALSDV   22   17  0.2114E-11  0.2116E-11
CALSDV   23   17  0.2175E-11  0.2173E-11
CALSDV   24   17  0.2003E-11  0.2007E-11
CALSDV   25   17  0.1719E-11  0.1717E-11
CALSDV   26   17  0.1824E-11  0.1825E-11
CALSDV   27   17  0.1464E-11  0.1463E-11
CALSDV   28   17  0.1630E-11  0.1631E-11
CALSDV   29   17  0.1349E-11  0.1348E-11
CALSDV   30   17  0.1466E-11  0.1466E-11
CALSDV   31   17  0.1311E-11  0.1312E-11
CALSDV   32   17  0.1349E-11  0.1348E-11
CALSDV   33   17  0.1308E-11  0.1310E-11
CALSDV   34   17  0.1278E-11  0.1277E-11
CALSDV   35   17  0.1320E-11  0.1322E-11
CALSDV   36   17  0.1246E-11  0.1245E-11
CALSDV   37   17  0.1338E-11  0.1341E-11
CALSDV   38   17  0.1246E-11  0.1245E-11
CALSDV   39   17  0.1358E-11  0.1362E-11
CALSDV   40   17  0.1265E-11  0.1265E-11
CALSDV   41   17  0.1381E-11  0.1385E-11
CALSDV   42   17  0.1297E-11  0.1297E-11
CALSDV   43   17  0.1408E-11  0.1412E-11
CALSDV   44   17  0.1340E-11  0.1339E-11
CALSDV   45   17  0.1439E-11  0.1442E-11
CALSDV   46   17  0.1389E-11  0.1389E-11
CALSDV   47   17  0.1474E-11  0.1476E-11
CALSDV   48   17  0.1443E-11  0.1443E-11
CALSDV   49   17  0.1513E-11  0.1516E-11
CALSDV   50   17  0.1502E-11  0.1502E-11
CALSDV   51   17  0.1560E-11  0.1561E-11
CALSDV   52   17  0.1566E-11  0.1566E-11
CALSDV   53   17  0.1612E-11  0.1614E-11
CALSDV   54   17  0.1635E-11  0.1636E-11
CALSDV   55   17  0.1672E-11  0.1674E-11
CALSDV   56   17  0.1712E-11  0.1713E-11
CALSDV   57   17  0.1747E-11  0.1749E-11
CALSDV   58   17  0.1802E-11  0.1803E-11
CALSDV   59   17  0.1874E-11  0.1875E-11
CALSDV   60   17  0.1936E-11  0.1937E-11
CALSDV   18   18  0.3952E-11  0.3955E-11
CALSDV   19   18  0.4181E-11  0.4198E-11
CALSDV   20   18  0.3487E-11  0.3499E-11
CALSDV   21   18  0.2224E-11  0.2227E-11
CALSDV   22   18  0.2962E-11  0.2966E-11
CALSDV   23   18  0.1977E-11  0.1977E-11
CALSDV   24   18  0.2203E-11  0.2204E-11
CALSDV   25   18  0.1924E-11  0.1921E-11
CALSDV   26   18  0.1689E-11  0.1690E-11
CALSDV   27   18  0.1813E-11  0.1811E-11
CALSDV   28   18  0.1467E-11  0.1468E-11
CALSDV   29   18  0.1682E-11  0.1681E-11
CALSDV   30   18  0.1432E-11  0.1435E-11
CALSDV   31   18  0.1570E-11  0.1570E-11
CALSDV   32   18  0.1474E-11  0.1477E-11
CALSDV   33   18  0.1493E-11  0.1495E-11
CALSDV   34   18  0.1530E-11  0.1534E-11
CALSDV   35   18  0.1451E-11  0.1454E-11
CALSDV   36   18  0.1580E-11  0.1584E-11
CALSDV   37   18  0.1435E-11  0.1439E-11
CALSDV   38   18  0.1618E-11  0.1622E-11
CALSDV   39   18  0.1441E-11  0.1444E-11
CALSDV   40   18  0.1646E-11  0.1650E-11
CALSDV   41   18  0.1458E-11  0.1462E-11
CALSDV   42   18  0.1667E-11  0.1670E-11
CALSDV   43   18  0.1484E-11  0.1488E-11
CALSDV   44   18  0.1684E-11  0.1687E-11
CALSDV   45   18  0.1515E-11  0.1520E-11
CALSDV   46   18  0.1701E-11  0.1704E-11
CALSDV   47   18  0.1552E-11  0.1556E-11
CALSDV   48   18  0.1718E-11  0.1721E-11
CALSDV   49   18  0.1592E-11  0.1596E-11
CALSDV   50   18  0.1739E-11  0.1743E-11
CALSDV   51   18  0.1635E-11  0.1640E-11
CALSDV   52   18  0.1765E-11  0.1769E-11
CALSDV   53   18  0.1683E-11  0.1687E-11
CALSDV   54   18  0.1797E-11  0.1802E-11
CALSDV   55   18  0.1737E-11  0.1741E-11
CALSDV   56   18  0.1839E-11  0.1844E-11
CALSDV   57   18  0.1802E-11  0.1807E-11
CALSDV   58   18  0.1898E-11  0.1903E-11
CALSDV   59   18  0.1924E-11  0.1929E-11
CALSDV   60   18  0.2017E-11  0.2023E-11
CALSDV   19   19  0.3262E-11  0.3273E-11
CALSDV   20   19  0.3893E-11  0.3889E-11
CALSDV   21   19  0.3203E-11  0.3204E-11
CALSDV   22   19  0.2218E-11  0.2224E-11
CALSDV   23   19  0.2805E-11  0.2807E-11
CALSDV   24   19  0.2260E-11  0.2273E-11
CALSDV   25   19  0.2182E-11  0.2184E-11
CALSDV   26   19  0.2269E-11  0.2281E-11
CALSDV   27   19  0.1750E-11  0.1754E-11
CALSDV   28   19  0.2127E-11  0.2140E-11
CALSDV   29   19  0.1527E-11  0.1531E-11
CALSDV   30   19  0.1936E-11  0.1949E-11
CALSDV   31   19  0.1438E-11  0.1439E-11
CALSDV   32   19  0.1760E-11  0.1770E-11
CALSDV   33   19  0.1417E-11  0.1415E-11
CALSDV   34   19  0.1625E-11  0.1634E-11
CALSDV   35   19  0.1423E-11  0.1421E-11
CALSDV   36   19  0.1539E-11  0.1547E-11
CALSDV   37   19  0.1441E-11  0.1438E-11
CALSDV   38   19  0.1496E-11  0.1503E-11
CALSDV   39   19  0.1463E-11  0.1460E-11
CALSDV   40   19  0.1486E-11  0.1492E-11
CALSDV   41   19  0.1488E-11  0.1486E-11
CALSDV   42   19  0.1501E-11  0.1505E-11
CALSDV   43   19  0.1516E-11  0.1514E-11
CALSDV   44   19  0.1529E-11  0.1533E-11
CALSDV   45   19  0.1547E-11  0.1546E-11
CALSDV   46   19  0.1567E-11  0.1571E-11
CALSDV   47   19  0.1583E-11  0.1583E-11
CALSDV   48   19  0.1613E-11  0.1616E-11
CALSDV   49   19  0.1622E-11  0.1623E-11
CALSDV   50   19  0.1663E-11  0.1667E-11
CALSDV   51   19  0.1666E-11  0.1668E-11
CALSDV   52   19  0.1715E-11  0.1720E-11
CALSDV   53   19  0.1714E-11  0.1716E-11
CALSDV   54   19  0.1772E-11  0.1776E-11
CALSDV   55   19  0.1768E-11  0.1770E-11
CALSDV   56   19  0.1834E-11  0.1838E-11
CALSDV   57   19  0.1832E-11  0.1835E-11
CALSDV   58   19  0.1906E-11  0.1910E-11
CALSDV   59   19  0.1950E-11  0.1953E-11
CALSDV   60   19  0.2030E-11  0.2034E-11
CALSDV   20   20  0.3771E-11  0.3799E-11
CALSDV   21   20  0.3990E-11  0.3996E-11
CALSDV   22   20  0.3587E-11  0.3591E-11
CALSDV   23   20  0.2129E-11  0.2137E-11
CALSDV   24   20  0.3096E-11  0.3092E-11
CALSDV   25   20  0.2054E-11  0.2056E-11
CALSDV   26   20  0.2323E-11  0.2316E-11
CALSDV   27   20  0.2041E-11  0.2044E-11
CALSDV   28   20  0.1792E-11  0.1783E-11
CALSDV   29   20  0.1913E-11  0.1915E-11
CALSDV   30   20  0.1560E-11  0.1555E-11
CALSDV   31   20  0.1753E-11  0.1757E-11
CALSDV   32   20  0.1529E-11  0.1524E-11
CALSDV   33   20  0.1623E-11  0.1626E-11
CALSDV   34   20  0.1580E-11  0.1576E-11
CALSDV   35   20  0.1544E-11  0.1547E-11
CALSDV   36   20  0.1647E-11  0.1644E-11
CALSDV   37   20  0.1513E-11  0.1515E-11
CALSDV   38   20  0.1707E-11  0.1705E-11
CALSDV   39   20  0.1519E-11  0.1519E-11
CALSDV   40   20  0.1754E-11  0.1753E-11
CALSDV   41   20  0.1548E-11  0.1547E-11
CALSDV   42   20  0.1789E-11  0.1789E-11
CALSDV   43   20  0.1588E-11  0.1588E-11
CALSDV   44   20  0.1817E-11  0.1816E-11
CALSDV   45   20  0.1633E-11  0.1631E-11
CALSDV   46   20  0.1839E-11  0.1838E-11
CALSDV   47   20  0.1679E-11  0.1677E-11
CALSDV   48   20  0.1859E-11  0.1857E-11
CALSDV   49   20  0.1725E-11  0.1723E-11
CALSDV   50   20  0.1879E-11  0.1877E-11
CALSDV   51   20  0.1770E-11  0.1768E-11
CALSDV   52   20  0.1901E-11  0.1899E-11
CALSDV   53   20  0.1814E-11  0.1812E-11
CALSDV   54   20  0.1926E-11  0.1924E-11
CALSDV   55   20  0.1858E-11  0.1856E-11
CALSDV   56   20  0.1957E-11  0.1954E-11
CALSDV   57   20  0.1909E-11  0.1906E-11
CALSDV   58   20  0.2000E-11  0.1997E-11
CALSDV   59   20  0.2017E-11  0.2015E-11
CALSDV   60   20  0.2105E-11  0.2102E-11
CALSDV   21   21  0.3321E-11  0.3322E-11
CALSDV   22   21  0.3851E-11  0.3857E-11
CALSDV   23   21  0.3235E-11  0.3249E-11
CALSDV   24   21  0.2109E-11  0.2123E-11
CALSDV   25   21  0.2813E-11  0.2820E-11
CALSDV   26   21  0.2312E-11  0.2318E-11
CALSDV   27   21  0.2209E-11  0.2211E-11
CALSDV   28   21  0.2418E-11  0.2416E-11
CALSDV   29   21  0.1830E-11  0.1833E-11
CALSDV   30   21  0.2318E-11  0.2314E-11
CALSDV   31   21  0.1665E-11  0.1668E-11
CALSDV   32   21  0.2141E-11  0.2139E-11
CALSDV   33   21  0.1613E-11  0.1616E-11
CALSDV   34   21  0.1968E-11  0.1969E-11
CALSDV   35   21  0.1607E-11  0.1610E-11
CALSDV   36   21  0.1835E-11  0.1838E-11
CALSDV   37   21  0.1617E-11  0.1621E-11
CALSDV   38   21  0.1752E-11  0.1756E-11
CALSDV   39   21  0.1632E-11  0.1636E-11
CALSDV   40   21  0.1713E-11  0.1717E-11
CALSDV   41   21  0.1652E-11  0.1654E-11
CALSDV   42   21  0.1708E-11  0.1712E-11
CALSDV   43   21  0.1674E-11  0.1675E-11
CALSDV   44   21  0.1725E-11  0.1729E-11
CALSDV   45   21  0.1700E-11  0.1700E-11
CALSDV   46   21  0.1756E-11  0.1759E-11
CALSDV   47   21  0.1730E-11  0.1730E-11
CALSDV   48   21  0.1794E-11  0.1795E-11
CALSDV   49   21  0.1765E-11  0.1764E-11
CALSDV   50   21  0.1837E-11  0.1838E-11
CALSDV   51   21  0.1802E-11  0.1802E-11
CALSDV   52   21  0.1881E-11  0.1881E-11
CALSDV   53   21  0.1843E-11  0.1841E-11
CALSDV   54   21  0.1926E-11  0.1924E-11
CALSDV   55   21  0.1887E-11  0.1884E-11
CALSDV   56   21  0.1972E-11  0.1969E-11
CALSDV   57   21  0.1937E-11  0.1933E-11
CALSDV   58   21  0.2024E-11  0.2021E-11
CALSDV   59   21  0.2040E-11  0.2037E-11
CALSDV   60   21  0.2130E-11  0.2127E-11
CALSDV   22   22  0.3320E-11  0.3337E-11
CALSDV   23   22  0.3928E-11  0.3913E-11
CALSDV   24   22  0.3585E-11  0.3587E-11
CALSDV   25   22  0.2091E-11  0.2094E-11
CALSDV   26   22  0.3134E-11  0.3143E-11
CALSDV   27   22  0.2158E-11  0.2150E-11
CALSDV   28   22  0.2381E-11  0.2372E-11
CALSDV   29   22  0.2177E-11  0.2171E-11
CALSDV   30   22  0.1859E-11  0.1857E-11
CALSDV   31   22  0.2026E-11  0.2022E-11
CALSDV   32   22  0.1644E-11  0.1643E-11
CALSDV   33   22  0.1832E-11  0.1831E-11
CALSDV   34   22  0.1623E-11  0.1619E-11
CALSDV   35   22  0.1678E-11  0.1677E-11
CALSDV   36   22  0.1677E-11  0.1674E-11
CALSDV   37   22  0.1595E-11  0.1593E-11
CALSDV   38   22  0.1747E-11  0.1744E-11
CALSDV   39   22  0.1579E-11  0.1576E-11
CALSDV   40   22  0.1812E-11  0.1809E-11
CALSDV   41   22  0.1607E-11  0.1604E-11
CALSDV   42   22  0.1865E-11  0.1861E-11
CALSDV   43   22  0.1662E-11  0.1660E-11
CALSDV   44   22  0.1907E-11  0.1903E-11
CALSDV   45   22  0.1726E-11  0.1725E-11
CALSDV   46   22  0.1942E-11  0.1938E-11
CALSDV   47   22  0.1790E-11  0.1789E-11
CALSDV   48   22  0.1971E-11  0.1966E-11
CALSDV   49   22  0.1849E-11  0.1847E-11
CALSDV   50   22  0.1996E-11  0.1992E-11
CALSDV   51   22  0.1902E-11  0.1900E-11
CALSDV   52   22  0.2021E-11  0.2017E-11
CALSDV   53   22  0.1946E-11  0.1944E-11
CALSDV   54   22  0.2044E-11  0.2041E-11
CALSDV   55   22  0.1984E-11  0.1982E-11
CALSDV   56   22  0.2068E-11  0.2066E-11
CALSDV   57   22  0.2020E-11  0.2017E-11
CALSDV   58   22  0.2099E-11  0.2096E-11
CALSDV   59   22  0.2110E-11  0.2107E-11
CALSDV   60   22  0.2187E-11  0.2186E-11
CALSDV   23   23  0.3231E-11  0.3278E-11
CALSDV   24   23  0.3883E-11  0.3891E-11
CALSDV   25   23  0.3276E-11  0.3266E-11
CALSDV   26   23  0.2030E-11  0.2049E-11
CALSDV   27   23  0.2824E-11  0.2817E-11
CALSDV   28   23  0.2301E-11  0.2330E-11
CALSDV   29   23  0.2223E-11  0.2216E-11
CALSDV   30   23  0.2449E-11  0.2475E-11
CALSDV   31   23  0.1895E-11  0.1885E-11
CALSDV   32   23  0.2357E-11  0.2379E-11
CALSDV   33   23  0.1791E-11  0.1778E-11
CALSDV   34   23  0.2180E-11  0.2194E-11
CALSDV   35   23  0.1780E-11  0.1767E-11
CALSDV   36   23  0.2010E-11  0.2018E-11
CALSDV   37   23  0.1793E-11  0.1780E-11
CALSDV   38   23  0.1888E-11  0.1892E-11
CALSDV   39   23  0.1807E-11  0.1795E-11
CALSDV   40   23  0.1825E-11  0.1825E-11
CALSDV   41   23  0.1823E-11  0.1812E-11
CALSDV   42   23  0.1811E-11  0.1808E-11
CALSDV   43   23  0.1839E-11  0.1829E-11
CALSDV   44   23  0.1833E-11  0.1827E-11
CALSDV   45   23  0.1858E-11  0.1850E-11
CALSDV   46   23  0.1871E-11  0.1867E-11
CALSDV   47   23  0.1882E-11  0.1876E-11
CALSDV   48   23  0.1919E-11  0.1915E-11
CALSDV   49   23  0.1910E-11  0.1906E-11
CALSDV   50   23  0.1968E-11  0.1966E-11
CALSDV   51   23  0.1941E-11  0.1940E-11
CALSDV   52   23  0.2015E-11  0.2015E-11
CALSDV   53   23  0.1974E-11  0.1975E-11
CALSDV   54   23  0.2057E-11  0.2059E-11
CALSDV   55   23  0.2006E-11  0.2010E-11
CALSDV   56   23  0.2094E-11  0.2099E-11
CALSDV   57   23  0.2040E-11  0.2046E-11
CALSDV   58   23  0.2130E-11  0.2138E-11
CALSDV   59   23  0.2125E-11  0.2133E-11
CALSDV   60   23  0.2216E-11  0.2226E-11
CALSDV   24   24  0.3223E-11  0.3212E-11
CALSDV   25   24  0.3967E-11  0.3964E-11
CALSDV   26   24  0.3631E-11  0.3630E-11
CALSDV   27   24  0.2143E-11  0.2143E-11
CALSDV   28   24  0.3181E-11  0.3180E-11
CALSDV   29   24  0.2311E-11  0.2312E-11
CALSDV   30   24  0.2437E-11  0.2436E-11
CALSDV   31   24  0.2351E-11  0.2351E-11
CALSDV   32   24  0.1957E-11  0.1953E-11
CALSDV   33   24  0.2176E-11  0.2174E-11
CALSDV   34   24  0.1771E-11  0.1770E-11
CALSDV   35   24  0.1949E-11  0.1944E-11
CALSDV   36   24  0.1758E-11  0.1758E-11
CALSDV   37   24  0.1772E-11  0.1765E-11
CALSDV   38   24  0.1807E-11  0.1809E-11
CALSDV   39   24  0.1683E-11  0.1678E-11
CALSDV   40   24  0.1869E-11  0.1871E-11
CALSDV   41   24  0.1680E-11  0.1676E-11
CALSDV   42   24  0.1927E-11  0.1930E-11
CALSDV   43   24  0.1733E-11  0.1730E-11
CALSDV   44   24  0.1979E-11  0.1982E-11
CALSDV   45   24  0.1811E-11  0.1809E-11
CALSDV   46   24  0.2024E-11  0.2028E-11
CALSDV   47   24  0.1895E-11  0.1893E-11
CALSDV   48   24  0.2064E-11  0.2067E-11
CALSDV   49   24  0.1972E-11  0.1971E-11
CALSDV   50   24  0.2100E-11  0.2102E-11
CALSDV   51   24  0.2035E-11  0.2034E-11
CALSDV   52   24  0.2131E-11  0.2132E-11
CALSDV   53   24  0.2084E-11  0.2082E-11
CALSDV   54   24  0.2158E-11  0.2158E-11
CALSDV   55   24  0.2117E-11  0.2114E-11
CALSDV   56   24  0.2181E-11  0.2180E-11
CALSDV   57   24  0.2139E-11  0.2136E-11
CALSDV   58   24  0.2202E-11  0.2201E-11
CALSDV   59   24  0.2206E-11  0.2205E-11
CALSDV   60   24  0.2273E-11  0.2273E-11
CALSDV   25   25  0.3262E-11  0.3279E-11
CALSDV   26   25  0.4059E-11  0.4055E-11
CALSDV   27   25  0.3479E-11  0.3475E-11
CALSDV   28   25  0.2122E-11  0.2114E-11
CALSDV   29   25  0.2956E-11  0.2952E-11
CALSDV   30   25  0.2412E-11  0.2413E-11
CALSDV   31   25  0.2282E-11  0.2280E-11
CALSDV   32   25  0.2575E-11  0.2579E-11
CALSDV   33   25  0.1973E-11  0.1972E-11
CALSDV   34   25  0.2490E-11  0.2492E-11
CALSDV   35   25  0.1955E-11  0.1957E-11
CALSDV   36   25  0.2321E-11  0.2322E-11
CALSDV   37   25  0.2033E-11  0.2039E-11
CALSDV   38   25  0.2171E-11  0.2172E-11
CALSDV   39   25  0.2110E-11  0.2118E-11
CALSDV   40   25  0.2081E-11  0.2081E-11
CALSDV   41   25  0.2162E-11  0.2173E-11
CALSDV   42   25  0.2049E-11  0.2050E-11
CALSDV   43   25  0.2193E-11  0.2205E-11
CALSDV   44   25  0.2063E-11  0.2063E-11
CALSDV   45   25  0.2210E-11  0.2221E-11
CALSDV   46   25  0.2102E-11  0.2101E-11
CALSDV   47   25  0.2218E-11  0.2229E-11
CALSDV   48   25  0.2150E-11  0.2149E-11
CALSDV   49   25  0.2223E-11  0.2231E-11
CALSDV   50   25  0.2197E-11  0.2196E-11
CALSDV   51   25  0.2223E-11  0.2230E-11
CALSDV   52   25  0.2234E-11  0.2233E-11
CALSDV   53   25  0.2221E-11  0.2226E-11
CALSDV   54   25  0.2261E-11  0.2260E-11
CALSDV   55   25  0.2216E-11  0.2219E-11
CALSDV   56   25  0.2278E-11  0.2276E-11
CALSDV   57   25  0.2208E-11  0.2211E-11
CALSDV   58   25  0.2285E-11  0.2284E-11
CALSDV   59   25  0.2253E-11  0.2254E-11
CALSDV   60   25  0.2338E-11  0.2337E-11
CALSDV   26   26  0.3286E-11  0.3321E-11
CALSDV   27   26  0.4114E-11  0.4104E-11
CALSDV   28   26  0.3734E-11  0.3725E-11
CALSDV   29   26  0.2310E-11  0.2286E-11
CALSDV   30   26  0.3251E-11  0.3244E-11
CALSDV   31   26  0.2552E-11  0.2536E-11
CALSDV   32   26  0.2526E-11  0.2520E-11
CALSDV   33   26  0.2594E-11  0.2586E-11
CALSDV   34   26  0.2091E-11  0.2088E-11
CALSDV   35   26  0.2386E-11  0.2381E-11
CALSDV   36   26  0.1940E-11  0.1942E-11
CALSDV   37   26  0.2121E-11  0.2117E-11
CALSDV   38   26  0.1935E-11  0.1938E-11
CALSDV   39   26  0.1920E-11  0.1917E-11
CALSDV   40   26  0.1975E-11  0.1978E-11
CALSDV   41   26  0.1829E-11  0.1828E-11
CALSDV   42   26  0.2023E-11  0.2027E-11
CALSDV   43   26  0.1839E-11  0.1838E-11
CALSDV   44   26  0.2071E-11  0.2075E-11
CALSDV   45   26  0.1909E-11  0.1909E-11
CALSDV   46   26  0.2118E-11  0.2122E-11
CALSDV   47   26  0.2004E-11  0.2003E-11
CALSDV   48   26  0.2164E-11  0.2167E-11
CALSDV   49   26  0.2098E-11  0.2098E-11
CALSDV   50   26  0.2208E-11  0.2211E-11
CALSDV   51   26  0.2176E-11  0.2176E-11
CALSDV   52   26  0.2248E-11  0.2251E-11
CALSDV   53   26  0.2228E-11  0.2229E-11
CALSDV   54   26  0.2278E-11  0.2280E-11
CALSDV   55   26  0.2259E-11  0.2259E-11
CALSDV   56   26  0.2301E-11  0.2302E-11
CALSDV   57   26  0.2266E-11  0.2266E-11
CALSDV   58   26  0.2313E-11  0.2314E-11
CALSDV   59   26  0.2308E-11  0.2307E-11
CALSDV   60   26  0.2364E-11  0.2364E-11
CALSDV   27   27  0.3221E-11  0.3211E-11
CALSDV   28   27  0.4233E-11  0.4238E-11
CALSDV   29   27  0.3803E-11  0.3801E-11
CALSDV   30   27  0.2266E-11  0.2260E-11
CALSDV   31   27  0.3210E-11  0.3208E-11
CALSDV   32   27  0.2556E-11  0.2553E-11
CALSDV   33   27  0.2416E-11  0.2414E-11
CALSDV   34   27  0.2687E-11  0.2688E-11
CALSDV   35   27  0.2066E-11  0.2064E-11
CALSDV   36   27  0.2560E-11  0.2563E-11
CALSDV   37   27  0.2097E-11  0.2098E-11
CALSDV   38   27  0.2363E-11  0.2368E-11
CALSDV   39   27  0.2249E-11  0.2255E-11
CALSDV   40   27  0.2213E-11  0.2218E-11
CALSDV   41   27  0.2389E-11  0.2397E-11
CALSDV   42   27  0.2147E-11  0.2152E-11
CALSDV   43   27  0.2481E-11  0.2490E-11
CALSDV   44   27  0.2155E-11  0.2161E-11
CALSDV   45   27  0.2533E-11  0.2541E-11
CALSDV   46   27  0.2207E-11  0.2213E-11
CALSDV   47   27  0.2553E-11  0.2560E-11
CALSDV   48   27  0.2277E-11  0.2282E-11
CALSDV   49   27  0.2550E-11  0.2556E-11
CALSDV   50   27  0.2344E-11  0.2349E-11
CALSDV   51   27  0.2530E-11  0.2535E-11
CALSDV   52   27  0.2397E-11  0.2403E-11
CALSDV   53   27  0.2496E-11  0.2501E-11
CALSDV   54   27  0.2429E-11  0.2435E-11
CALSDV   55   27  0.2449E-11  0.2454E-11
CALSDV   56   27  0.2437E-11  0.2442E-11
CALSDV   57   27  0.2394E-11  0.2399E-11
CALSDV   58   27  0.2425E-11  0.2430E-11
CALSDV   59   27  0.2387E-11  0.2390E-11
CALSDV   60   27  0.2447E-11  0.2451E-11
CALSDV   28   28  0.3362E-11  0.3391E-11
CALSDV   29   28  0.4261E-11  0.4249E-11
CALSDV   30   28  0.3856E-11  0.3863E-11
CALSDV   31   28  0.2417E-11  0.2404E-11
CALSDV   32   28  0.3322E-11  0.3327E-11
CALSDV   33   28  0.2741E-11  0.2734E-11
CALSDV   34   28  0.2608E-11  0.2611E-11
CALSDV   35   28  0.2799E-11  0.2798E-11
CALSDV   36   28  0.2231E-11  0.2232E-11
CALSDV   37   28  0.2575E-11  0.2575E-11
CALSDV   38   28  0.2126E-11  0.2127E-11
CALSDV   39   28  0.2287E-11  0.2290E-11
CALSDV   40   28  0.2133E-11  0.2133E-11
CALSDV   41   28  0.2080E-11  0.2083E-11
CALSDV   42   28  0.2166E-11  0.2165E-11
CALSDV   43   28  0.2000E-11  0.2004E-11
CALSDV   44   28  0.2202E-11  0.2200E-11
CALSDV   45   28  0.2029E-11  0.2032E-11
CALSDV   46   28  0.2239E-11  0.2238E-11
CALSDV   47   28  0.2116E-11  0.2122E-11
CALSDV   48   28  0.2281E-11  0.2281E-11
CALSDV   49   28  0.2221E-11  0.2228E-11
CALSDV   50   28  0.2326E-11  0.2326E-11
CALSDV   51   28  0.2315E-11  0.2320E-11
CALSDV   52   28  0.2370E-11  0.2371E-11
CALSDV   53   28  0.2380E-11  0.2385E-11
CALSDV   54   28  0.2407E-11  0.2409E-11
CALSDV   55   28  0.2409E-11  0.2414E-11
CALSDV   56   28  0.2429E-11  0.2432E-11
CALSDV   57   28  0.2402E-11  0.2406E-11
CALSDV   58   28  0.2433E-11  0.2435E-11
CALSDV   59   28  0.2414E-11  0.2416E-11
CALSDV   60   28  0.2461E-11  0.2463E-11
CALSDV   29   29  0.3133E-11  0.3113E-11
CALSDV   30   29  0.4479E-11  0.4476E-11
CALSDV   31   29  0.4057E-11  0.4065E-11
CALSDV   32   29  0.2532E-11  0.2528E-11
CALSDV   33   29  0.3438E-11  0.3451E-11
CALSDV   34   29  0.2810E-11  0.2809E-11
CALSDV   35   29  0.2595E-11  0.2602E-11
CALSDV   36   29  0.2894E-11  0.2891E-11
CALSDV   37   29  0.2205E-11  0.2205E-11
CALSDV   38   29  0.2717E-11  0.2714E-11
CALSDV   39   29  0.2208E-11  0.2207E-11
CALSDV   40   29  0.2498E-11  0.2495E-11
CALSDV   41   29  0.2350E-11  0.2347E-11
CALSDV   42   29  0.2362E-11  0.2359E-11
CALSDV   43   29  0.2486E-11  0.2483E-11
CALSDV   44   29  0.2336E-11  0.2333E-11
CALSDV   45   29  0.2579E-11  0.2578E-11
CALSDV   46   29  0.2389E-11  0.2386E-11
CALSDV   47   29  0.2633E-11  0.2633E-11
CALSDV   48   29  0.2475E-11  0.2474E-11
CALSDV   49   29  0.2657E-11  0.2659E-11
CALSDV   50   29  0.2561E-11  0.2561E-11
CALSDV   51   29  0.2656E-11  0.2660E-11
CALSDV   52   29  0.2626E-11  0.2626E-11
CALSDV   53   29  0.2635E-11  0.2638E-11
CALSDV   54   29  0.2658E-11  0.2658E-11
CALSDV   55   29  0.2592E-11  0.2595E-11
CALSDV   56   29  0.2653E-11  0.2652E-11
CALSDV   57   29  0.2525E-11  0.2527E-11
CALSDV   58   29  0.2608E-11  0.2607E-11
CALSDV   59   29  0.2492E-11  0.2492E-11
CALSDV   60   29  0.2584E-11  0.2584E-11
CALSDV   30   30  0.3860E-11  0.3844E-11
CALSDV   31   30  0.4620E-11  0.4602E-11
CALSDV   32   30  0.4120E-11  0.4119E-11
CALSDV   33   30  0.2592E-11  0.2597E-11
CALSDV   34   30  0.3471E-11  0.3478E-11
CALSDV   35   30  0.2879E-11  0.2894E-11
CALSDV   36   30  0.2767E-11  0.2771E-11
CALSDV   37   30  0.2949E-11  0.2963E-11
CALSDV   38   30  0.2478E-11  0.2486E-11
CALSDV   39   30  0.2743E-11  0.2752E-11
CALSDV   40   30  0.2457E-11  0.2464E-11
CALSDV   41   30  0.2486E-11  0.2492E-11
CALSDV   42   30  0.2504E-11  0.2512E-11
CALSDV   43   30  0.2319E-11  0.2328E-11
CALSDV   44   30  0.2542E-11  0.2552E-11
CALSDV   45   30  0.2279E-11  0.2292E-11
CALSDV   46   30  0.2564E-11  0.2572E-11
CALSDV   47   30  0.2335E-11  0.2346E-11
CALSDV   48   30  0.2580E-11  0.2585E-11
CALSDV   49   30  0.2429E-11  0.2439E-11
CALSDV   50   30  0.2596E-11  0.2599E-11
CALSDV   51   30  0.2521E-11  0.2529E-11
CALSDV   52   30  0.2614E-11  0.2615E-11
CALSDV   53   30  0.2584E-11  0.2590E-11
CALSDV   54   30  0.2626E-11  0.2627E-11
CALSDV   55   30  0.2604E-11  0.2609E-11
CALSDV   56   30  0.2624E-11  0.2626E-11
CALSDV   57   30  0.2574E-11  0.2581E-11
CALSDV   58   30  0.2600E-11  0.2604E-11
CALSDV   59   30  0.2540E-11  0.2544E-11
CALSDV   60   30  0.2583E-11  0.2587E-11
CALSDV   31   31  0.3409E-11  0.3406E-11
CALSDV   32   31  0.4758E-11  0.4757E-11
CALSDV   33   31  0.4212E-11  0.4238E-11
CALSDV   34   31  0.2859E-11  0.2865E-11
CALSDV   35   31  0.3678E-11  0.3683E-11
CALSDV   36   31  0.3134E-11  0.3159E-11
CALSDV   37   31  0.2884E-11  0.2884E-11
CALSDV   38   31  0.3156E-11  0.3180E-11
CALSDV   39   31  0.2473E-11  0.2469E-11
CALSDV   40   31  0.2912E-11  0.2930E-11
CALSDV   41   31  0.2394E-11  0.2379E-11
CALSDV   42   31  0.2651E-11  0.2667E-11
CALSDV   43   31  0.2452E-11  0.2422E-11
CALSDV   44   31  0.2515E-11  0.2528E-11
CALSDV   45   31  0.2529E-11  0.2493E-11
CALSDV   46   31  0.2522E-11  0.2529E-11
CALSDV   47   31  0.2592E-11  0.2556E-11
CALSDV   48   31  0.2614E-11  0.2614E-11
CALSDV   49   31  0.2640E-11  0.2606E-11
CALSDV   50   31  0.2727E-11  0.2722E-11
CALSDV   51   31  0.2672E-11  0.2644E-11
CALSDV   52   31  0.2821E-11  0.2812E-11
CALSDV   53   31  0.2687E-11  0.2664E-11
CALSDV   54   31  0.2870E-11  0.2860E-11
CALSDV   55   31  0.2676E-11  0.2658E-11
CALSDV   56   31  0.2865E-11  0.2854E-11
CALSDV   57   31  0.2633E-11  0.2618E-11
CALSDV   58   31  0.2803E-11  0.2791E-11
CALSDV   59   31  0.2582E-11  0.2579E-11
CALSDV   60   31  0.2726E-11  0.2723E-11
CALSDV   32   32  0.3292E-11  0.3331E-11
CALSDV   33   32  0.4588E-11  0.4589E-11
CALSDV   34   32  0.4195E-11  0.4195E-11
CALSDV   35   32  0.2680E-11  0.2682E-11
CALSDV   36   32  0.3523E-11  0.3523E-11
CALSDV   37   32  0.3123E-11  0.3128E-11
CALSDV   38   32  0.2788E-11  0.2787E-11
CALSDV   39   32  0.3181E-11  0.3179E-11
CALSDV   40   32  0.2518E-11  0.2519E-11
CALSDV   41   32  0.2909E-11  0.2904E-11
CALSDV   42   32  0.2523E-11  0.2527E-11
CALSDV   43   32  0.2597E-11  0.2588E-11
CALSDV   44   32  0.2585E-11  0.2591E-11
CALSDV   45   32  0.2412E-11  0.2405E-11
CALSDV   46   32  0.2635E-11  0.2641E-11
CALSDV   47   32  0.2393E-11  0.2383E-11
CALSDV   48   32  0.2667E-11  0.2673E-11
CALSDV   49   32  0.2478E-11  0.2470E-11
CALSDV   50   32  0.2695E-11  0.2699E-11
CALSDV   51   32  0.2596E-11  0.2587E-11
CALSDV   52   32  0.2726E-11  0.2727E-11
CALSDV   53   32  0.2693E-11  0.2683E-11
CALSDV   54   32  0.2751E-11  0.2751E-11
CALSDV   55   32  0.2737E-11  0.2730E-11
CALSDV   56   32  0.2759E-11  0.2759E-11
CALSDV   57   32  0.2715E-11  0.2710E-11
CALSDV   58   32  0.2735E-11  0.2735E-11
CALSDV   59   32  0.2658E-11  0.2658E-11
CALSDV   60   32  0.2698E-11  0.2700E-11
CALSDV   33   33  0.3413E-11  0.3394E-11
CALSDV   34   33  0.4691E-11  0.4685E-11
CALSDV   35   33  0.4520E-11  0.4522E-11
CALSDV   36   33  0.2708E-11  0.2711E-11
CALSDV   37   33  0.3788E-11  0.3787E-11
CALSDV   38   33  0.3156E-11  0.3159E-11
CALSDV   39   33  0.2855E-11  0.2851E-11
CALSDV   40   33  0.3202E-11  0.3198E-11
CALSDV   41   33  0.2489E-11  0.2492E-11
CALSDV   42   33  0.2918E-11  0.2916E-11
CALSDV   43   33  0.2571E-11  0.2576E-11
CALSDV   44   33  0.2621E-11  0.2621E-11
CALSDV   45   33  0.2774E-11  0.2774E-11
CALSDV   46   33  0.2485E-11  0.2485E-11
CALSDV   47   33  0.2945E-11  0.2943E-11
CALSDV   48   33  0.2524E-11  0.2524E-11
CALSDV   49   33  0.3049E-11  0.3046E-11
CALSDV   50   33  0.2656E-11  0.2656E-11
CALSDV   51   33  0.3090E-11  0.3085E-11
CALSDV   52   33  0.2801E-11  0.2799E-11
CALSDV   53   33  0.3077E-11  0.3072E-11
CALSDV   54   33  0.2907E-11  0.2904E-11
CALSDV   55   33  0.3014E-11  0.3008E-11
CALSDV   56   33  0.2948E-11  0.2942E-11
CALSDV   57   33  0.2898E-11  0.2893E-11
CALSDV   58   33  0.2910E-11  0.2904E-11
CALSDV   59   33  0.2765E-11  0.2763E-11
CALSDV   60   33  0.2826E-11  0.2824E-11
CALSDV   34   34  0.3199E-11  0.3225E-11
CALSDV   35   34  0.4656E-11  0.4655E-11
CALSDV   36   34  0.4360E-11  0.4364E-11
CALSDV   37   34  0.2760E-11  0.2758E-11
CALSDV   38   34  0.3630E-11  0.3629E-11
CALSDV   39   34  0.3332E-11  0.3326E-11
CALSDV   40   34  0.2880E-11  0.2875E-11
CALSDV   41   34  0.3406E-11  0.3396E-11
CALSDV   42   34  0.2632E-11  0.2627E-11
CALSDV   43   34  0.3126E-11  0.3117E-11
CALSDV   44   34  0.2651E-11  0.2645E-11
CALSDV   45   34  0.2823E-11  0.2816E-11
CALSDV   46   34  0.2710E-11  0.2704E-11
CALSDV   47   34  0.2676E-11  0.2668E-11
CALSDV   48   34  0.2755E-11  0.2748E-11
CALSDV   49   34  0.2691E-11  0.2681E-11
CALSDV   50   34  0.2790E-11  0.2784E-11
CALSDV   51   34  0.2787E-11  0.2779E-11
CALSDV   52   34  0.2827E-11  0.2822E-11
CALSDV   53   34  0.2883E-11  0.2877E-11
CALSDV   54   34  0.2864E-11  0.2862E-11
CALSDV   55   34  0.2928E-11  0.2925E-11
CALSDV   56   34  0.2886E-11  0.2884E-11
CALSDV   57   34  0.2891E-11  0.2890E-11
CALSDV   58   34  0.2867E-11  0.2864E-11
CALSDV   59   34  0.2795E-11  0.2794E-11
CALSDV   60   34  0.2811E-11  0.2809E-11
CALSDV   35   35  0.3367E-11  0.3354E-11
CALSDV   36   35  0.4822E-11  0.4819E-11
CALSDV   37   35  0.4791E-11  0.4796E-11
CALSDV   38   35  0.2832E-11  0.2840E-11
CALSDV   39   35  0.3990E-11  0.3994E-11
CALSDV   40   35  0.3351E-11  0.3354E-11
CALSDV   41   35  0.3008E-11  0.3014E-11
CALSDV   42   35  0.3372E-11  0.3368E-11
CALSDV   43   35  0.2647E-11  0.2653E-11
CALSDV   44   35  0.3058E-11  0.3050E-11
CALSDV   45   35  0.2741E-11  0.2744E-11
CALSDV   46   35  0.2768E-11  0.2760E-11
CALSDV   47   35  0.2943E-11  0.2943E-11
CALSDV   48   35  0.2682E-11  0.2674E-11
CALSDV   49   35  0.3106E-11  0.3105E-11
CALSDV   50   35  0.2776E-11  0.2769E-11
CALSDV   51   35  0.3199E-11  0.3195E-11
CALSDV   52   35  0.2940E-11  0.2936E-11
CALSDV   53   35  0.3222E-11  0.3218E-11
CALSDV   54   35  0.3077E-11  0.3074E-11
CALSDV   55   35  0.3177E-11  0.3173E-11
CALSDV   56   35  0.3137E-11  0.3135E-11
CALSDV   57   35  0.3059E-11  0.3055E-11
CALSDV   58   35  0.3093E-11  0.3092E-11
CALSDV   59   35  0.2891E-11  0.2890E-11
CALSDV   60   35  0.2969E-11  0.2969E-11
CALSDV   36   36  0.3354E-11  0.3357E-11
CALSDV   37   36  0.4799E-11  0.4787E-11
CALSDV   38   36  0.4594E-11  0.4596E-11
CALSDV   39   36  0.2904E-11  0.2898E-11
CALSDV   40   36  0.3783E-11  0.3784E-11
CALSDV   41   36  0.3556E-11  0.3545E-11
CALSDV   42   36  0.3014E-11  0.3013E-11
CALSDV   43   36  0.3636E-11  0.3621E-11
CALSDV   44   36  0.2807E-11  0.2810E-11
CALSDV   45   36  0.3362E-11  0.3353E-11
CALSDV   46   36  0.2862E-11  0.2864E-11
CALSDV   47   36  0.3102E-11  0.3096E-11
CALSDV   48   36  0.2937E-11  0.2938E-11
CALSDV   49   36  0.3007E-11  0.3003E-11
CALSDV   50   36  0.2987E-11  0.2988E-11
CALSDV   51   36  0.3049E-11  0.3048E-11
CALSDV   52   36  0.3024E-11  0.3025E-11
CALSDV   53   36  0.3133E-11  0.3133E-11
CALSDV   54   36  0.3057E-11  0.3057E-11
CALSDV   55   36  0.3170E-11  0.3169E-11
CALSDV   56   36  0.3072E-11  0.3071E-11
CALSDV   57   36  0.3109E-11  0.3109E-11
CALSDV   58   36  0.3039E-11  0.3039E-11
CALSDV   59   36  0.2955E-11  0.2955E-11
CALSDV   60   36  0.2946E-11  0.2946E-11
CALSDV   37   37  0.3170E-11  0.3177E-11
CALSDV   38   37  0.4981E-11  0.4962E-11
CALSDV   39   37  0.5072E-11  0.5065E-11
CALSDV   40   37  0.3014E-11  0.3010E-11
CALSDV   41   37  0.4187E-11  0.4179E-11
CALSDV   42   37  0.3581E-11  0.3565E-11
CALSDV   43   37  0.3162E-11  0.3146E-11
CALSDV   44   37  0.3541E-11  0.3527E-11
CALSDV   45   37  0.2800E-11  0.2799E-11
CALSDV   46   37  0.3165E-11  0.3159E-11
CALSDV   47   37  0.2900E-11  0.2901E-11
CALSDV   48   37  0.2876E-11  0.2868E-11
CALSDV   49   37  0.3092E-11  0.3095E-11
CALSDV   50   37  0.2839E-11  0.2830E-11
CALSDV   51   37  0.3240E-11  0.3243E-11
CALSDV   52   37  0.2986E-11  0.2980E-11
CALSDV   53   37  0.3313E-11  0.3318E-11
CALSDV   54   37  0.3168E-11  0.3167E-11
CALSDV   55   37  0.3306E-11  0.3311E-11
CALSDV   56   37  0.3277E-11  0.3276E-11
CALSDV   57   37  0.3205E-11  0.3208E-11
CALSDV   58   37  0.3257E-11  0.3255E-11
CALSDV   59   37  0.3018E-11  0.3017E-11
CALSDV   60   37  0.3109E-11  0.3106E-11
CALSDV   38   38  0.3405E-11  0.3459E-11
CALSDV   39   38  0.4942E-11  0.4934E-11
CALSDV   40   38  0.4826E-11  0.4861E-11
CALSDV   41   38  0.3066E-11  0.3072E-11
CALSDV   42   38  0.3930E-11  0.3963E-11
CALSDV   43   38  0.3778E-11  0.3767E-11
CALSDV   44   38  0.3154E-11  0.3160E-11
CALSDV   45   38  0.3859E-11  0.3821E-11
CALSDV   46   38  0.2992E-11  0.2981E-11
CALSDV   47   38  0.3613E-11  0.3554E-11
CALSDV   48   38  0.3073E-11  0.3061E-11
CALSDV   49   38  0.3416E-11  0.3346E-11
CALSDV   50   38  0.3152E-11  0.3146E-11
CALSDV   51   38  0.3374E-11  0.3308E-11
CALSDV   52   38  0.3200E-11  0.3201E-11
CALSDV   53   38  0.3423E-11  0.3372E-11
CALSDV   54   38  0.3231E-11  0.3239E-11
CALSDV   55   38  0.3448E-11  0.3414E-11
CALSDV   56   38  0.3245E-11  0.3255E-11
CALSDV   57   38  0.3360E-11  0.3340E-11
CALSDV   58   38  0.3206E-11  0.3215E-11
CALSDV   59   38  0.3138E-11  0.3132E-11
CALSDV   60   38  0.3082E-11  0.3090E-11
CALSDV   39   39  0.3217E-11  0.3236E-11
CALSDV   40   39  0.5123E-11  0.5139E-11
CALSDV   41   39  0.5362E-11  0.5365E-11
CALSDV   42   39  0.3242E-11  0.3249E-11
CALSDV   43   39  0.4367E-11  0.4372E-11
CALSDV   44   39  0.3832E-11  0.3831E-11
CALSDV   45   39  0.3291E-11  0.3293E-11
CALSDV   46   39  0.3718E-11  0.3715E-11
CALSDV   47   39  0.2972E-11  0.2971E-11
CALSDV   48   39  0.3292E-11  0.3285E-11
CALSDV   49   39  0.3114E-11  0.3106E-11
CALSDV   50   39  0.3016E-11  0.3008E-11
CALSDV   51   39  0.3320E-11  0.3305E-11
CALSDV   52   39  0.3039E-11  0.3033E-11
CALSDV   53   39  0.3453E-11  0.3439E-11
CALSDV   54   39  0.3228E-11  0.3222E-11
CALSDV   55   39  0.3483E-11  0.3473E-11
CALSDV   56   39  0.3396E-11  0.3391E-11
CALSDV   57   39  0.3393E-11  0.3385E-11
CALSDV   58   39  0.3418E-11  0.3411E-11
CALSDV   59   39  0.3170E-11  0.3167E-11
CALSDV   60   39  0.3254E-11  0.3251E-11
CALSDV   40   40  0.3624E-11  0.3617E-11
CALSDV   41   40  0.5200E-11  0.5209E-11
CALSDV   42   40  0.5306E-11  0.5340E-11
CALSDV   43   40  0.3330E-11  0.3330E-11
CALSDV   44   40  0.4251E-11  0.4271E-11
CALSDV   45   40  0.4036E-11  0.4027E-11
CALSDV   46   40  0.3339E-11  0.3342E-11
CALSDV   47   40  0.4088E-11  0.4082E-11
CALSDV   48   40  0.3242E-11  0.3244E-11
CALSDV   49   40  0.3872E-11  0.3862E-11
CALSDV   50   40  0.3470E-11  0.3474E-11
CALSDV   51   40  0.3734E-11  0.3727E-11
CALSDV   52   40  0.3658E-11  0.3666E-11
CALSDV   53   40  0.3728E-11  0.3724E-11
CALSDV   54   40  0.3739E-11  0.3747E-11
CALSDV   55   40  0.3736E-11  0.3734E-11
CALSDV   56   40  0.3717E-11  0.3725E-11
CALSDV   57   40  0.3629E-11  0.3629E-11
CALSDV   58   40  0.3588E-11  0.3592E-11
CALSDV   59   40  0.3342E-11  0.3342E-11
CALSDV   60   40  0.3333E-11  0.3336E-11
CALSDV   41   41  0.3493E-11  0.3486E-11
CALSDV   42   41  0.5331E-11  0.5329E-11
CALSDV   43   41  0.5707E-11  0.5708E-11
CALSDV   44   41  0.3573E-11  0.3571E-11
CALSDV   45   41  0.4572E-11  0.4571E-11
CALSDV   46   41  0.4166E-11  0.4165E-11
CALSDV   47   41  0.3456E-11  0.3454E-11
CALSDV   48   41  0.3967E-11  0.3967E-11
CALSDV   49   41  0.3211E-11  0.3209E-11
CALSDV   50   41  0.3495E-11  0.3501E-11
CALSDV   51   41  0.3412E-11  0.3412E-11
CALSDV   52   41  0.3254E-11  0.3260E-11
CALSDV   53   41  0.3620E-11  0.3619E-11
CALSDV   54   41  0.3328E-11  0.3333E-11
CALSDV   55   41  0.3700E-11  0.3698E-11
CALSDV   56   41  0.3508E-11  0.3510E-11
CALSDV   57   41  0.3618E-11  0.3615E-11
CALSDV   58   41  0.3574E-11  0.3575E-11
CALSDV   59   41  0.3350E-11  0.3348E-11
CALSDV   60   41  0.3408E-11  0.3407E-11
CALSDV   42   42  0.3786E-11  0.3754E-11
CALSDV   43   42  0.5490E-11  0.5508E-11
CALSDV   44   42  0.5908E-11  0.5898E-11
CALSDV   45   42  0.3660E-11  0.3660E-11
CALSDV   46   42  0.4618E-11  0.4612E-11
CALSDV   47   42  0.4307E-11  0.4301E-11
CALSDV   48   42  0.3530E-11  0.3528E-11
CALSDV   49   42  0.4290E-11  0.4288E-11
CALSDV   50   42  0.3535E-11  0.3540E-11
CALSDV   51   42  0.4060E-11  0.4064E-11
CALSDV   52   42  0.3930E-11  0.3944E-11
CALSDV   53   42  0.3953E-11  0.3959E-11
CALSDV   54   42  0.4197E-11  0.4213E-11
CALSDV   55   42  0.3936E-11  0.3944E-11
CALSDV   56   42  0.4234E-11  0.4248E-11
CALSDV   57   42  0.3839E-11  0.3843E-11
CALSDV   58   42  0.4042E-11  0.4051E-11
CALSDV   59   42  0.3525E-11  0.3526E-11
CALSDV   60   42  0.3636E-11  0.3640E-11
CALSDV   43   43  0.3705E-11  0.3726E-11
CALSDV   44   43  0.5537E-11  0.5529E-11
CALSDV   45   43  0.6086E-11  0.6075E-11
CALSDV   46   43  0.3886E-11  0.3888E-11
CALSDV   47   43  0.4751E-11  0.4745E-11
CALSDV   48   43  0.4461E-11  0.4465E-11
CALSDV   49   43  0.3616E-11  0.3618E-11
CALSDV   50   43  0.4182E-11  0.4182E-11
CALSDV   51   43  0.3506E-11  0.3509E-11
CALSDV   52   43  0.3713E-11  0.3707E-11
CALSDV   53   43  0.3784E-11  0.3781E-11
CALSDV   54   43  0.3543E-11  0.3536E-11
CALSDV   55   43  0.3955E-11  0.3953E-11
CALSDV   56   43  0.3648E-11  0.3641E-11
CALSDV   57   43  0.3897E-11  0.3892E-11
CALSDV   58   43  0.3737E-11  0.3730E-11
CALSDV   59   43  0.3572E-11  0.3567E-11
CALSDV   60   43  0.3573E-11  0.3568E-11
CALSDV   44   44  0.3905E-11  0.3916E-11
CALSDV   45   44  0.5838E-11  0.5858E-11
CALSDV   46   44  0.6384E-11  0.6383E-11
CALSDV   47   44  0.4060E-11  0.4069E-11
CALSDV   48   44  0.4879E-11  0.4880E-11
CALSDV   49   44  0.4657E-11  0.4655E-11
CALSDV   50   44  0.3719E-11  0.3722E-11
CALSDV   51   44  0.4586E-11  0.4582E-11
CALSDV   52   44  0.3839E-11  0.3836E-11
CALSDV   53   44  0.4354E-11  0.4347E-11
CALSDV   54   44  0.4301E-11  0.4294E-11
CALSDV   55   44  0.4229E-11  0.4227E-11
CALSDV   56   44  0.4517E-11  0.4508E-11
CALSDV   57   44  0.4095E-11  0.4092E-11
CALSDV   58   44  0.4382E-11  0.4371E-11
CALSDV   59   44  0.3733E-11  0.3731E-11
CALSDV   60   44  0.3903E-11  0.3897E-11
CALSDV   45   45  0.4325E-11  0.4322E-11
CALSDV   46   45  0.5904E-11  0.5895E-11
CALSDV   47   45  0.6530E-11  0.6555E-11
CALSDV   48   45  0.4238E-11  0.4247E-11
CALSDV   49   45  0.4962E-11  0.4958E-11
CALSDV   50   45  0.4809E-11  0.4774E-11
CALSDV   51   45  0.3962E-11  0.3965E-11
CALSDV   52   45  0.4544E-11  0.4476E-11
CALSDV   53   45  0.4113E-11  0.4118E-11
CALSDV   54   45  0.4163E-11  0.4081E-11
CALSDV   55   45  0.4421E-11  0.4415E-11
CALSDV   56   45  0.4048E-11  0.3975E-11
CALSDV   57   45  0.4387E-11  0.4373E-11
CALSDV   58   45  0.4034E-11  0.3984E-11
CALSDV   59   45  0.3924E-11  0.3918E-11
CALSDV   60   45  0.3797E-11  0.3775E-11
CALSDV   46   46  0.4426E-11  0.4483E-11
CALSDV   47   46  0.6459E-11  0.6375E-11
CALSDV   48   46  0.6852E-11  0.6746E-11
CALSDV   49   46  0.4740E-11  0.4725E-11
CALSDV   50   46  0.5274E-11  0.5257E-11
CALSDV   51   46  0.5278E-11  0.5293E-11
CALSDV   52   46  0.4197E-11  0.4166E-11
CALSDV   53   46  0.5129E-11  0.5164E-11
CALSDV   54   46  0.4276E-11  0.4252E-11
CALSDV   55   46  0.4795E-11  0.4837E-11
CALSDV   56   46  0.4562E-11  0.4573E-11
CALSDV   57   46  0.4475E-11  0.4520E-11
CALSDV   58   46  0.4534E-11  0.4572E-11
CALSDV   59   46  0.3996E-11  0.4007E-11
CALSDV   60   46  0.4092E-11  0.4104E-11
CALSDV   47   47  0.4165E-11  0.4116E-11
CALSDV   48   47  0.6130E-11  0.6115E-11
CALSDV   49   47  0.6824E-11  0.6811E-11
CALSDV   50   47  0.4604E-11  0.4633E-11
CALSDV   51   47  0.4999E-11  0.4988E-11
CALSDV   52   47  0.5099E-11  0.5119E-11
CALSDV   53   47  0.4135E-11  0.4119E-11
CALSDV   54   47  0.4763E-11  0.4788E-11
CALSDV   55   47  0.4426E-11  0.4421E-11
CALSDV   56   47  0.4400E-11  0.4449E-11
CALSDV   57   47  0.4606E-11  0.4599E-11
CALSDV   58   47  0.4267E-11  0.4306E-11
CALSDV   59   47  0.4196E-11  0.4189E-11
CALSDV   60   47  0.4006E-11  0.4016E-11
CALSDV   48   48  0.4075E-11  0.4064E-11
CALSDV   49   48  0.6441E-11  0.6432E-11
CALSDV   50   48  0.7099E-11  0.7097E-11
CALSDV   51   48  0.4645E-11  0.4642E-11
CALSDV   52   48  0.5060E-11  0.5054E-11
CALSDV   53   48  0.5016E-11  0.5019E-11
CALSDV   54   48  0.4126E-11  0.4113E-11
CALSDV   55   48  0.4800E-11  0.4807E-11
CALSDV   56   48  0.4574E-11  0.4562E-11
CALSDV   57   48  0.4529E-11  0.4535E-11
CALSDV   58   48  0.4859E-11  0.4851E-11
CALSDV   59   48  0.4133E-11  0.4137E-11
CALSDV   60   48  0.4446E-11  0.4441E-11
CALSDV   49   49  0.3734E-11  0.3732E-11
CALSDV   50   49  0.6353E-11  0.6339E-11
CALSDV   51   49  0.6952E-11  0.6946E-11
CALSDV   52   49  0.4902E-11  0.4892E-11
CALSDV   53   49  0.4849E-11  0.4851E-11
CALSDV   54   49  0.5413E-11  0.5390E-11
CALSDV   55   49  0.4201E-11  0.4212E-11
CALSDV   56   49  0.5113E-11  0.5085E-11
CALSDV   57   49  0.4562E-11  0.4571E-11
CALSDV   58   49  0.4751E-11  0.4730E-11
CALSDV   59   49  0.4387E-11  0.4391E-11
CALSDV   60   49  0.4315E-11  0.4305E-11
CALSDV   50   50  0.3886E-11  0.3933E-11
CALSDV   51   50  0.6889E-11  0.6879E-11
CALSDV   52   50  0.7318E-11  0.7295E-11
CALSDV   53   50  0.4917E-11  0.4913E-11
CALSDV   54   50  0.4996E-11  0.4980E-11
CALSDV   55   50  0.5439E-11  0.5433E-11
CALSDV   56   50  0.4378E-11  0.4367E-11
CALSDV   57   50  0.5248E-11  0.5234E-11
CALSDV   58   50  0.4864E-11  0.4858E-11
CALSDV   59   50  0.4609E-11  0.4601E-11
CALSDV   60   50  0.4680E-11  0.4678E-11
CALSDV   51   51  0.3525E-11  0.3508E-11
CALSDV   52   51  0.6836E-11  0.6833E-11
CALSDV   53   51  0.7008E-11  0.7021E-11
CALSDV   54   51  0.5255E-11  0.5247E-11
CALSDV   55   51  0.4769E-11  0.4790E-11
CALSDV   56   51  0.5885E-11  0.5866E-11
CALSDV   57   51  0.4532E-11  0.4551E-11
CALSDV   58   51  0.5580E-11  0.5558E-11
CALSDV   59   51  0.4610E-11  0.4616E-11
CALSDV   60   51  0.4835E-11  0.4826E-11
CALSDV   52   52  0.3614E-11  0.3651E-11
CALSDV   53   52  0.7129E-11  0.7135E-11
CALSDV   54   52  0.7269E-11  0.7284E-11
CALSDV   55   52  0.5198E-11  0.5203E-11
CALSDV   56   52  0.4788E-11  0.4799E-11
CALSDV   57   52  0.5776E-11  0.5782E-11
CALSDV   58   52  0.4659E-11  0.4673E-11
CALSDV   59   52  0.5163E-11  0.5169E-11
CALSDV   60   52  0.4842E-11  0.4851E-11
CALSDV   53   53  0.3211E-11  0.3213E-11
CALSDV   54   53  0.7128E-11  0.7127E-11
CALSDV   55   53  0.6870E-11  0.6884E-11
CALSDV   56   53  0.5586E-11  0.5635E-11
CALSDV   57   53  0.4779E-11  0.4800E-11
CALSDV   58   53  0.6224E-11  0.6275E-11
CALSDV   59   53  0.4763E-11  0.4783E-11
CALSDV   60   53  0.5470E-11  0.5501E-11
CALSDV   54   54  0.3417E-11  0.3369E-11
CALSDV   55   54  0.6843E-11  0.6860E-11
CALSDV   56   54  0.6975E-11  0.6986E-11
CALSDV   57   54  0.5617E-11  0.5636E-11
CALSDV   58   54  0.4669E-11  0.4695E-11
CALSDV   59   54  0.5809E-11  0.5821E-11
CALSDV   60   54  0.4911E-11  0.4920E-11
CALSDV   55   55  0.3554E-11  0.3601E-11
CALSDV   56   55  0.7058E-11  0.7045E-11
CALSDV   57   55  0.6911E-11  0.6939E-11
CALSDV   58   55  0.6182E-11  0.6180E-11
CALSDV   59   55  0.5323E-11  0.5356E-11
CALSDV   60   55  0.6350E-11  0.6349E-11
CALSDV   56   56  0.3678E-11  0.3667E-11
CALSDV   57   56  0.5935E-11  0.5970E-11
CALSDV   58   56  0.6891E-11  0.6896E-11
CALSDV   59   56  0.6220E-11  0.6220E-11
CALSDV   60   56  0.5292E-11  0.5297E-11
CALSDV   57   57  0.4091E-11  0.4122E-11
CALSDV   58   57  0.6116E-11  0.6144E-11
CALSDV   59   57  0.7576E-11  0.7530E-11
CALSDV   60   57  0.6606E-11  0.6603E-11
CALSDV   58   58  0.4155E-11  0.4175E-11
CALSDV   59   58  0.5034E-11  0.5020E-11
CALSDV   60   58  0.7686E-11  0.7723E-11
CALSDV   59   59  0.3474E-11  0.3526E-11
CALSDV   60   59  0.5471E-11  0.5381E-11
CALSDV   60   60  0.4505E-11  0.4502E-11
