  This file contains calibrated standard deviations 
       The relevant data lines start with key CALSDV 
       Each such line contains the following data 
           N   M   C_SIGMA   S_SIGMA 
                 FOR M=0 S_SIGMA=0.0 
     
CALSDV    0    0  0.0000E+00  0.0000E+00
CALSDV    1    0  0.0000E+00  0.0000E+00
CALSDV    2    0  0.8341E-10  0.0000E+00
CALSDV    3    0  0.1257E-10  0.0000E+00
CALSDV    4    0  0.4573E-11  0.0000E+00
CALSDV    5    0  0.2881E-11  0.0000E+00
CALSDV    6    0  0.2199E-11  0.0000E+00
CALSDV    7    0  0.1767E-11  0.0000E+00
CALSDV    8    0  0.1493E-11  0.0000E+00
CALSDV    9    0  0.1299E-11  0.0000E+00
CALSDV   10    0  0.1156E-11  0.0000E+00
CALSDV   11    0  0.1050E-11  0.0000E+00
CALSDV   12    0  0.9674E-12  0.0000E+00
CALSDV   13    0  0.9026E-12  0.0000E+00
CALSDV   14    0  0.8520E-12  0.0000E+00
CALSDV   15    0  0.8117E-12  0.0000E+00
CALSDV   16    0  0.7793E-12  0.0000E+00
CALSDV   17    0  0.7535E-12  0.0000E+00
CALSDV   18    0  0.7332E-12  0.0000E+00
CALSDV   19    0  0.7176E-12  0.0000E+00
CALSDV   20    0  0.7059E-12  0.0000E+00
CALSDV   21    0  0.6972E-12  0.0000E+00
CALSDV   22    0  0.6917E-12  0.0000E+00
CALSDV   23    0  0.6890E-12  0.0000E+00
CALSDV   24    0  0.6883E-12  0.0000E+00
CALSDV   25    0  0.6900E-12  0.0000E+00
CALSDV   26    0  0.6938E-12  0.0000E+00
CALSDV   27    0  0.6995E-12  0.0000E+00
CALSDV   28    0  0.7066E-12  0.0000E+00
CALSDV   29    0  0.7159E-12  0.0000E+00
CALSDV   30    0  0.7269E-12  0.0000E+00
CALSDV   31    0  0.7394E-12  0.0000E+00
CALSDV   32    0  0.7535E-12  0.0000E+00
CALSDV   33    0  0.7697E-12  0.0000E+00
CALSDV   34    0  0.7868E-12  0.0000E+00
CALSDV   35    0  0.8062E-12  0.0000E+00
CALSDV   36    0  0.8271E-12  0.0000E+00
CALSDV   37    0  0.8500E-12  0.0000E+00
CALSDV   38    0  0.8747E-12  0.0000E+00
CALSDV   39    0  0.9013E-12  0.0000E+00
CALSDV   40    0  0.9300E-12  0.0000E+00
CALSDV   41    0  0.9605E-12  0.0000E+00
CALSDV   42    0  0.9934E-12  0.0000E+00
CALSDV   43    0  0.1029E-11  0.0000E+00
CALSDV   44    0  0.1066E-11  0.0000E+00
CALSDV   45    0  0.1106E-11  0.0000E+00
CALSDV   46    0  0.1148E-11  0.0000E+00
CALSDV   47    0  0.1194E-11  0.0000E+00
CALSDV   48    0  0.1242E-11  0.0000E+00
CALSDV   49    0  0.1293E-11  0.0000E+00
CALSDV   50    0  0.1348E-11  0.0000E+00
CALSDV   51    0  0.1406E-11  0.0000E+00
CALSDV   52    0  0.1468E-11  0.0000E+00
CALSDV   53    0  0.1533E-11  0.0000E+00
CALSDV   54    0  0.1602E-11  0.0000E+00
CALSDV   55    0  0.1675E-11  0.0000E+00
CALSDV   56    0  0.1753E-11  0.0000E+00
CALSDV   57    0  0.1829E-11  0.0000E+00
CALSDV   58    0  0.1916E-11  0.0000E+00
CALSDV   59    0  0.1807E-11  0.0000E+00
CALSDV   60    0  0.1891E-11  0.0000E+00
CALSDV    1    1  0.0000E+00  0.0000E+00
CALSDV    2    1  0.3363E-10  0.3443E-10
CALSDV    3    1  0.9103E-11  0.8870E-11
CALSDV    4    1  0.4564E-11  0.4527E-11
CALSDV    5    1  0.3065E-11  0.3049E-11
CALSDV    6    1  0.2290E-11  0.2296E-11
CALSDV    7    1  0.1842E-11  0.1838E-11
CALSDV    8    1  0.1537E-11  0.1543E-11
CALSDV    9    1  0.1335E-11  0.1329E-11
CALSDV   10    1  0.1183E-11  0.1183E-11
CALSDV   11    1  0.1069E-11  0.1069E-11
CALSDV   12    1  0.9834E-12  0.9835E-12
CALSDV   13    1  0.9166E-12  0.9161E-12
CALSDV   14    1  0.8627E-12  0.8634E-12
CALSDV   15    1  0.8208E-12  0.8208E-12
CALSDV   16    1  0.7871E-12  0.7871E-12
CALSDV   17    1  0.7603E-12  0.7602E-12
CALSDV   18    1  0.7390E-12  0.7397E-12
CALSDV   19    1  0.7229E-12  0.7229E-12
CALSDV   20    1  0.7102E-12  0.7105E-12
CALSDV   21    1  0.7016E-12  0.7020E-12
CALSDV   22    1  0.6955E-12  0.6958E-12
CALSDV   23    1  0.6922E-12  0.6925E-12
CALSDV   24    1  0.6916E-12  0.6919E-12
CALSDV   25    1  0.6929E-12  0.6933E-12
CALSDV   26    1  0.6963E-12  0.6966E-12
CALSDV   27    1  0.7017E-12  0.7023E-12
CALSDV   28    1  0.7091E-12  0.7094E-12
CALSDV   29    1  0.7182E-12  0.7185E-12
CALSDV   30    1  0.7287E-12  0.7292E-12
CALSDV   31    1  0.7414E-12  0.7418E-12
CALSDV   32    1  0.7554E-12  0.7559E-12
CALSDV   33    1  0.7713E-12  0.7718E-12
CALSDV   34    1  0.7885E-12  0.7890E-12
CALSDV   35    1  0.8079E-12  0.8084E-12
CALSDV   36    1  0.8286E-12  0.8292E-12
CALSDV   37    1  0.8515E-12  0.8520E-12
CALSDV   38    1  0.8761E-12  0.8767E-12
CALSDV   39    1  0.9027E-12  0.9033E-12
CALSDV   40    1  0.9312E-12  0.9318E-12
CALSDV   41    1  0.9619E-12  0.9626E-12
CALSDV   42    1  0.9946E-12  0.9953E-12
CALSDV   43    1  0.1030E-11  0.1030E-11
CALSDV   44    1  0.1067E-11  0.1068E-11
CALSDV   45    1  0.1107E-11  0.1108E-11
CALSDV   46    1  0.1150E-11  0.1150E-11
CALSDV   47    1  0.1195E-11  0.1196E-11
CALSDV   48    1  0.1243E-11  0.1244E-11
CALSDV   49    1  0.1294E-11  0.1295E-11
CALSDV   50    1  0.1349E-11  0.1350E-11
CALSDV   51    1  0.1407E-11  0.1408E-11
CALSDV   52    1  0.1468E-11  0.1470E-11
CALSDV   53    1  0.1534E-11  0.1535E-11
CALSDV   54    1  0.1603E-11  0.1604E-11
CALSDV   55    1  0.1676E-11  0.1677E-11
CALSDV   56    1  0.1754E-11  0.1756E-11
CALSDV   57    1  0.1829E-11  0.1831E-11
CALSDV   58    1  0.1917E-11  0.1918E-11
CALSDV   59    1  0.1810E-11  0.1812E-11
CALSDV   60    1  0.1894E-11  0.1896E-11
CALSDV    2    2  0.2737E-10  0.2290E-10
CALSDV    3    2  0.1300E-10  0.1300E-10
CALSDV    4    2  0.6326E-11  0.6309E-11
CALSDV    5    2  0.3875E-11  0.3864E-11
CALSDV    6    2  0.2807E-11  0.2802E-11
CALSDV    7    2  0.2143E-11  0.2137E-11
CALSDV    8    2  0.1761E-11  0.1755E-11
CALSDV    9    2  0.1487E-11  0.1482E-11
CALSDV   10    2  0.1300E-11  0.1296E-11
CALSDV   11    2  0.1159E-11  0.1154E-11
CALSDV   12    2  0.1055E-11  0.1053E-11
CALSDV   13    2  0.9727E-12  0.9702E-12
CALSDV   14    2  0.9116E-12  0.9085E-12
CALSDV   15    2  0.8611E-12  0.8589E-12
CALSDV   16    2  0.8217E-12  0.8195E-12
CALSDV   17    2  0.7903E-12  0.7878E-12
CALSDV   18    2  0.7656E-12  0.7634E-12
CALSDV   19    2  0.7462E-12  0.7440E-12
CALSDV   20    2  0.7311E-12  0.7295E-12
CALSDV   21    2  0.7207E-12  0.7176E-12
CALSDV   22    2  0.7128E-12  0.7107E-12
CALSDV   23    2  0.7083E-12  0.7059E-12
CALSDV   24    2  0.7060E-12  0.7039E-12
CALSDV   25    2  0.7066E-12  0.7045E-12
CALSDV   26    2  0.7091E-12  0.7068E-12
CALSDV   27    2  0.7138E-12  0.7115E-12
CALSDV   28    2  0.7203E-12  0.7181E-12
CALSDV   29    2  0.7288E-12  0.7267E-12
CALSDV   30    2  0.7390E-12  0.7367E-12
CALSDV   31    2  0.7511E-12  0.7488E-12
CALSDV   32    2  0.7645E-12  0.7622E-12
CALSDV   33    2  0.7802E-12  0.7778E-12
CALSDV   34    2  0.7974E-12  0.7949E-12
CALSDV   35    2  0.8163E-12  0.8139E-12
CALSDV   36    2  0.8370E-12  0.8345E-12
CALSDV   37    2  0.8597E-12  0.8571E-12
CALSDV   38    2  0.8839E-12  0.8813E-12
CALSDV   39    2  0.9104E-12  0.9077E-12
CALSDV   40    2  0.9389E-12  0.9361E-12
CALSDV   41    2  0.9693E-12  0.9664E-12
CALSDV   42    2  0.1002E-11  0.9991E-12
CALSDV   43    2  0.1037E-11  0.1034E-11
CALSDV   44    2  0.1074E-11  0.1071E-11
CALSDV   45    2  0.1114E-11  0.1111E-11
CALSDV   46    2  0.1157E-11  0.1153E-11
CALSDV   47    2  0.1202E-11  0.1199E-11
CALSDV   48    2  0.1251E-11  0.1247E-11
CALSDV   49    2  0.1302E-11  0.1298E-11
CALSDV   50    2  0.1356E-11  0.1352E-11
CALSDV   51    2  0.1415E-11  0.1410E-11
CALSDV   52    2  0.1476E-11  0.1472E-11
CALSDV   53    2  0.1542E-11  0.1537E-11
CALSDV   54    2  0.1612E-11  0.1607E-11
CALSDV   55    2  0.1685E-11  0.1680E-11
CALSDV   56    2  0.1763E-11  0.1758E-11
CALSDV   57    2  0.1840E-11  0.1835E-11
CALSDV   58    2  0.1927E-11  0.1922E-11
CALSDV   59    2  0.1837E-11  0.1831E-11
CALSDV   60    2  0.1920E-11  0.1914E-11
CALSDV    3    3  0.2890E-10  0.2893E-10
CALSDV    4    3  0.1186E-10  0.1186E-10
CALSDV    5    3  0.8195E-11  0.8182E-11
CALSDV    6    3  0.4229E-11  0.4229E-11
CALSDV    7    3  0.3902E-11  0.3902E-11
CALSDV    8    3  0.2375E-11  0.2375E-11
CALSDV    9    3  0.2331E-11  0.2333E-11
CALSDV   10    3  0.1631E-11  0.1630E-11
CALSDV   11    3  0.1622E-11  0.1622E-11
CALSDV   12    3  0.1254E-11  0.1251E-11
CALSDV   13    3  0.1253E-11  0.1253E-11
CALSDV   14    3  0.1040E-11  0.1040E-11
CALSDV   15    3  0.1042E-11  0.1041E-11
CALSDV   16    3  0.9122E-12  0.9117E-12
CALSDV   17    3  0.9137E-12  0.9132E-12
CALSDV   18    3  0.8313E-12  0.8313E-12
CALSDV   19    3  0.8350E-12  0.8340E-12
CALSDV   20    3  0.7815E-12  0.7810E-12
CALSDV   21    3  0.7866E-12  0.7865E-12
CALSDV   22    3  0.7528E-12  0.7521E-12
CALSDV   23    3  0.7591E-12  0.7586E-12
CALSDV   24    3  0.7385E-12  0.7381E-12
CALSDV   25    3  0.7471E-12  0.7466E-12
CALSDV   26    3  0.7362E-12  0.7353E-12
CALSDV   27    3  0.7468E-12  0.7466E-12
CALSDV   28    3  0.7433E-12  0.7428E-12
CALSDV   29    3  0.7563E-12  0.7561E-12
CALSDV   30    3  0.7591E-12  0.7579E-12
CALSDV   31    3  0.7746E-12  0.7740E-12
CALSDV   32    3  0.7822E-12  0.7815E-12
CALSDV   33    3  0.8006E-12  0.7999E-12
CALSDV   34    3  0.8130E-12  0.8124E-12
CALSDV   35    3  0.8344E-12  0.8337E-12
CALSDV   36    3  0.8513E-12  0.8505E-12
CALSDV   37    3  0.8758E-12  0.8751E-12
CALSDV   38    3  0.8970E-12  0.8961E-12
CALSDV   39    3  0.9250E-12  0.9242E-12
CALSDV   40    3  0.9508E-12  0.9499E-12
CALSDV   41    3  0.9827E-12  0.9817E-12
CALSDV   42    3  0.1013E-11  0.1012E-11
CALSDV   43    3  0.1049E-11  0.1048E-11
CALSDV   44    3  0.1085E-11  0.1084E-11
CALSDV   45    3  0.1126E-11  0.1125E-11
CALSDV   46    3  0.1167E-11  0.1166E-11
CALSDV   47    3  0.1213E-11  0.1212E-11
CALSDV   48    3  0.1260E-11  0.1259E-11
CALSDV   49    3  0.1312E-11  0.1311E-11
CALSDV   50    3  0.1366E-11  0.1364E-11
CALSDV   51    3  0.1424E-11  0.1423E-11
CALSDV   52    3  0.1485E-11  0.1484E-11
CALSDV   53    3  0.1552E-11  0.1550E-11
CALSDV   54    3  0.1621E-11  0.1619E-11
CALSDV   55    3  0.1695E-11  0.1694E-11
CALSDV   56    3  0.1773E-11  0.1772E-11
CALSDV   57    3  0.1854E-11  0.1852E-11
CALSDV   58    3  0.1941E-11  0.1939E-11
CALSDV   59    3  0.1881E-11  0.1880E-11
CALSDV   60    3  0.1964E-11  0.1962E-11
CALSDV    4    4  0.1399E-10  0.1383E-10
CALSDV    5    4  0.1199E-10  0.1199E-10
CALSDV    6    4  0.5103E-11  0.5109E-11
CALSDV    7    4  0.4421E-11  0.4417E-11
CALSDV    8    4  0.2826E-11  0.2817E-11
CALSDV    9    4  0.2446E-11  0.2442E-11
CALSDV   10    4  0.1872E-11  0.1864E-11
CALSDV   11    4  0.1662E-11  0.1659E-11
CALSDV   12    4  0.1403E-11  0.1398E-11
CALSDV   13    4  0.1286E-11  0.1285E-11
CALSDV   14    4  0.1146E-11  0.1143E-11
CALSDV   15    4  0.1076E-11  0.1074E-11
CALSDV   16    4  0.9899E-12  0.9879E-12
CALSDV   17    4  0.9471E-12  0.9461E-12
CALSDV   18    4  0.8933E-12  0.8918E-12
CALSDV   19    4  0.8669E-12  0.8660E-12
CALSDV   20    4  0.8317E-12  0.8310E-12
CALSDV   21    4  0.8174E-12  0.8166E-12
CALSDV   22    4  0.7945E-12  0.7935E-12
CALSDV   23    4  0.7878E-12  0.7871E-12
CALSDV   24    4  0.7742E-12  0.7736E-12
CALSDV   25    4  0.7735E-12  0.7730E-12
CALSDV   26    4  0.7676E-12  0.7670E-12
CALSDV   27    4  0.7716E-12  0.7711E-12
CALSDV   28    4  0.7711E-12  0.7704E-12
CALSDV   29    4  0.7795E-12  0.7788E-12
CALSDV   30    4  0.7840E-12  0.7835E-12
CALSDV   31    4  0.7959E-12  0.7953E-12
CALSDV   32    4  0.8051E-12  0.8045E-12
CALSDV   33    4  0.8207E-12  0.8201E-12
CALSDV   34    4  0.8342E-12  0.8335E-12
CALSDV   35    4  0.8532E-12  0.8524E-12
CALSDV   36    4  0.8709E-12  0.8706E-12
CALSDV   37    4  0.8937E-12  0.8929E-12
CALSDV   38    4  0.9153E-12  0.9148E-12
CALSDV   39    4  0.9421E-12  0.9412E-12
CALSDV   40    4  0.9681E-12  0.9675E-12
CALSDV   41    4  0.9987E-12  0.9979E-12
CALSDV   42    4  0.1030E-11  0.1029E-11
CALSDV   43    4  0.1065E-11  0.1064E-11
CALSDV   44    4  0.1101E-11  0.1100E-11
CALSDV   45    4  0.1141E-11  0.1140E-11
CALSDV   46    4  0.1182E-11  0.1181E-11
CALSDV   47    4  0.1227E-11  0.1226E-11
CALSDV   48    4  0.1275E-11  0.1274E-11
CALSDV   49    4  0.1326E-11  0.1325E-11
CALSDV   50    4  0.1380E-11  0.1379E-11
CALSDV   51    4  0.1438E-11  0.1437E-11
CALSDV   52    4  0.1499E-11  0.1498E-11
CALSDV   53    4  0.1565E-11  0.1564E-11
CALSDV   54    4  0.1635E-11  0.1634E-11
CALSDV   55    4  0.1709E-11  0.1708E-11
CALSDV   56    4  0.1787E-11  0.1786E-11
CALSDV   57    4  0.1870E-11  0.1869E-11
CALSDV   58    4  0.1957E-11  0.1956E-11
CALSDV   59    4  0.1924E-11  0.1923E-11
CALSDV   60    4  0.2008E-11  0.2006E-11
CALSDV    5    5  0.2101E-10  0.2106E-10
CALSDV    6    5  0.9127E-11  0.9133E-11
CALSDV    7    5  0.5879E-11  0.5890E-11
CALSDV    8    5  0.3656E-11  0.3660E-11
CALSDV    9    5  0.3419E-11  0.3423E-11
CALSDV   10    5  0.2260E-11  0.2264E-11
CALSDV   11    5  0.2333E-11  0.2334E-11
CALSDV   12    5  0.1697E-11  0.1698E-11
CALSDV   13    5  0.1750E-11  0.1752E-11
CALSDV   14    5  0.1379E-11  0.1381E-11
CALSDV   15    5  0.1403E-11  0.1405E-11
CALSDV   16    5  0.1177E-11  0.1178E-11
CALSDV   17    5  0.1188E-11  0.1189E-11
CALSDV   18    5  0.1045E-11  0.1047E-11
CALSDV   19    5  0.1047E-11  0.1049E-11
CALSDV   20    5  0.9568E-12  0.9574E-12
CALSDV   21    5  0.9561E-12  0.9573E-12
CALSDV   22    5  0.8970E-12  0.8974E-12
CALSDV   23    5  0.8975E-12  0.8982E-12
CALSDV   24    5  0.8606E-12  0.8611E-12
CALSDV   25    5  0.8621E-12  0.8630E-12
CALSDV   26    5  0.8404E-12  0.8406E-12
CALSDV   27    5  0.8446E-12  0.8451E-12
CALSDV   28    5  0.8336E-12  0.8340E-12
CALSDV   29    5  0.8400E-12  0.8408E-12
CALSDV   30    5  0.8379E-12  0.8382E-12
CALSDV   31    5  0.8476E-12  0.8482E-12
CALSDV   32    5  0.8524E-12  0.8526E-12
CALSDV   33    5  0.8651E-12  0.8658E-12
CALSDV   34    5  0.8758E-12  0.8760E-12
CALSDV   35    5  0.8921E-12  0.8928E-12
CALSDV   36    5  0.9081E-12  0.9083E-12
CALSDV   37    5  0.9281E-12  0.9285E-12
CALSDV   38    5  0.9488E-12  0.9491E-12
CALSDV   39    5  0.9729E-12  0.9733E-12
CALSDV   40    5  0.9983E-12  0.9987E-12
CALSDV   41    5  0.1027E-11  0.1027E-11
CALSDV   42    5  0.1057E-11  0.1058E-11
CALSDV   43    5  0.1090E-11  0.1090E-11
CALSDV   44    5  0.1126E-11  0.1126E-11
CALSDV   45    5  0.1164E-11  0.1164E-11
CALSDV   46    5  0.1205E-11  0.1206E-11
CALSDV   47    5  0.1249E-11  0.1249E-11
CALSDV   48    5  0.1296E-11  0.1297E-11
CALSDV   49    5  0.1346E-11  0.1346E-11
CALSDV   50    5  0.1400E-11  0.1401E-11
CALSDV   51    5  0.1457E-11  0.1457E-11
CALSDV   52    5  0.1518E-11  0.1519E-11
CALSDV   53    5  0.1583E-11  0.1584E-11
CALSDV   54    5  0.1653E-11  0.1653E-11
CALSDV   55    5  0.1727E-11  0.1727E-11
CALSDV   56    5  0.1805E-11  0.1806E-11
CALSDV   57    5  0.1888E-11  0.1889E-11
CALSDV   58    5  0.1977E-11  0.1978E-11
CALSDV   59    5  0.1964E-11  0.1965E-11
CALSDV   60    5  0.2051E-11  0.2051E-11
CALSDV    6    6  0.1029E-10  0.1010E-10
CALSDV    7    6  0.1082E-10  0.1096E-10
CALSDV    8    6  0.4913E-11  0.4831E-11
CALSDV    9    6  0.5048E-11  0.5130E-11
CALSDV   10    6  0.3143E-11  0.3105E-11
CALSDV   11    6  0.3005E-11  0.3049E-11
CALSDV   12    6  0.2173E-11  0.2150E-11
CALSDV   13    6  0.2084E-11  0.2105E-11
CALSDV   14    6  0.1636E-11  0.1620E-11
CALSDV   15    6  0.1602E-11  0.1614E-11
CALSDV   16    6  0.1328E-11  0.1318E-11
CALSDV   17    6  0.1321E-11  0.1327E-11
CALSDV   18    6  0.1142E-11  0.1134E-11
CALSDV   19    6  0.1148E-11  0.1151E-11
CALSDV   20    6  0.1026E-11  0.1020E-11
CALSDV   21    6  0.1036E-11  0.1038E-11
CALSDV   22    6  0.9527E-12  0.9482E-12
CALSDV   23    6  0.9659E-12  0.9668E-12
CALSDV   24    6  0.9068E-12  0.9032E-12
CALSDV   25    6  0.9216E-12  0.9226E-12
CALSDV   26    6  0.8810E-12  0.8784E-12
CALSDV   27    6  0.8971E-12  0.8974E-12
CALSDV   28    6  0.8712E-12  0.8692E-12
CALSDV   29    6  0.8882E-12  0.8883E-12
CALSDV   30    6  0.8732E-12  0.8714E-12
CALSDV   31    6  0.8919E-12  0.8916E-12
CALSDV   32    6  0.8855E-12  0.8841E-12
CALSDV   33    6  0.9059E-12  0.9062E-12
CALSDV   34    6  0.9075E-12  0.9063E-12
CALSDV   35    6  0.9301E-12  0.9300E-12
CALSDV   36    6  0.9381E-12  0.9372E-12
CALSDV   37    6  0.9633E-12  0.9633E-12
CALSDV   38    6  0.9779E-12  0.9769E-12
CALSDV   39    6  0.1006E-11  0.1006E-11
CALSDV   40    6  0.1026E-11  0.1026E-11
CALSDV   41    6  0.1058E-11  0.1058E-11
CALSDV   42    6  0.1084E-11  0.1083E-11
CALSDV   43    6  0.1119E-11  0.1119E-11
CALSDV   44    6  0.1152E-11  0.1151E-11
CALSDV   45    6  0.1192E-11  0.1192E-11
CALSDV   46    6  0.1230E-11  0.1230E-11
CALSDV   47    6  0.1275E-11  0.1275E-11
CALSDV   48    6  0.1320E-11  0.1320E-11
CALSDV   49    6  0.1371E-11  0.1371E-11
CALSDV   50    6  0.1423E-11  0.1423E-11
CALSDV   51    6  0.1481E-11  0.1481E-11
CALSDV   52    6  0.1541E-11  0.1540E-11
CALSDV   53    6  0.1606E-11  0.1606E-11
CALSDV   54    6  0.1674E-11  0.1674E-11
CALSDV   55    6  0.1749E-11  0.1749E-11
CALSDV   56    6  0.1827E-11  0.1826E-11
CALSDV   57    6  0.1912E-11  0.1912E-11
CALSDV   58    6  0.1999E-11  0.1999E-11
CALSDV   59    6  0.2011E-11  0.2011E-11
CALSDV   60    6  0.2096E-11  0.2095E-11
CALSDV    7    7  0.1412E-10  0.1430E-10
CALSDV    8    7  0.8489E-11  0.8516E-11
CALSDV    9    7  0.5189E-11  0.5208E-11
CALSDV   10    7  0.3533E-11  0.3560E-11
CALSDV   11    7  0.3141E-11  0.3156E-11
CALSDV   12    7  0.2140E-11  0.2155E-11
CALSDV   13    7  0.2157E-11  0.2164E-11
CALSDV   14    7  0.1692E-11  0.1697E-11
CALSDV   15    7  0.1641E-11  0.1643E-11
CALSDV   16    7  0.1465E-11  0.1469E-11
CALSDV   17    7  0.1348E-11  0.1351E-11
CALSDV   18    7  0.1310E-11  0.1313E-11
CALSDV   19    7  0.1178E-11  0.1178E-11
CALSDV   20    7  0.1197E-11  0.1199E-11
CALSDV   21    7  0.1071E-11  0.1071E-11
CALSDV   22    7  0.1114E-11  0.1115E-11
CALSDV   23    7  0.1003E-11  0.1003E-11
CALSDV   24    7  0.1053E-11  0.1055E-11
CALSDV   25    7  0.9600E-12  0.9605E-12
CALSDV   26    7  0.1011E-11  0.1013E-11
CALSDV   27    7  0.9363E-12  0.9369E-12
CALSDV   28    7  0.9855E-12  0.9871E-12
CALSDV   29    7  0.9279E-12  0.9284E-12
CALSDV   30    7  0.9739E-12  0.9753E-12
CALSDV   31    7  0.9302E-12  0.9310E-12
CALSDV   32    7  0.9745E-12  0.9759E-12
CALSDV   33    7  0.9432E-12  0.9443E-12
CALSDV   34    7  0.9858E-12  0.9873E-12
CALSDV   35    7  0.9660E-12  0.9671E-12
CALSDV   36    7  0.1008E-11  0.1009E-11
CALSDV   37    7  0.9978E-12  0.9988E-12
CALSDV   38    7  0.1040E-11  0.1041E-11
CALSDV   39    7  0.1039E-11  0.1040E-11
CALSDV   40    7  0.1082E-11  0.1083E-11
CALSDV   41    7  0.1089E-11  0.1091E-11
CALSDV   42    7  0.1133E-11  0.1135E-11
CALSDV   43    7  0.1149E-11  0.1151E-11
CALSDV   44    7  0.1196E-11  0.1198E-11
CALSDV   45    7  0.1220E-11  0.1221E-11
CALSDV   46    7  0.1270E-11  0.1272E-11
CALSDV   47    7  0.1302E-11  0.1303E-11
CALSDV   48    7  0.1356E-11  0.1358E-11
CALSDV   49    7  0.1396E-11  0.1398E-11
CALSDV   50    7  0.1456E-11  0.1458E-11
CALSDV   51    7  0.1504E-11  0.1506E-11
CALSDV   52    7  0.1570E-11  0.1573E-11
CALSDV   53    7  0.1628E-11  0.1630E-11
CALSDV   54    7  0.1702E-11  0.1704E-11
CALSDV   55    7  0.1770E-11  0.1772E-11
CALSDV   56    7  0.1852E-11  0.1854E-11
CALSDV   57    7  0.1932E-11  0.1935E-11
CALSDV   58    7  0.2024E-11  0.2027E-11
CALSDV   59    7  0.2047E-11  0.2049E-11
CALSDV   60    7  0.2140E-11  0.2142E-11
CALSDV    8    8  0.7531E-11  0.7530E-11
CALSDV    9    8  0.7534E-11  0.7502E-11
CALSDV   10    8  0.4697E-11  0.4682E-11
CALSDV   11    8  0.4003E-11  0.3999E-11
CALSDV   12    8  0.3414E-11  0.3397E-11
CALSDV   13    8  0.2838E-11  0.2837E-11
CALSDV   14    8  0.2468E-11  0.2455E-11
CALSDV   15    8  0.2249E-11  0.2251E-11
CALSDV   16    8  0.1883E-11  0.1875E-11
CALSDV   17    8  0.1872E-11  0.1869E-11
CALSDV   18    8  0.1533E-11  0.1524E-11
CALSDV   19    8  0.1609E-11  0.1604E-11
CALSDV   20    8  0.1319E-11  0.1312E-11
CALSDV   21    8  0.1421E-11  0.1416E-11
CALSDV   22    8  0.1187E-11  0.1182E-11
CALSDV   23    8  0.1287E-11  0.1282E-11
CALSDV   24    8  0.1104E-11  0.1100E-11
CALSDV   25    8  0.1193E-11  0.1189E-11
CALSDV   26    8  0.1053E-11  0.1050E-11
CALSDV   27    8  0.1129E-11  0.1126E-11
CALSDV   28    8  0.1023E-11  0.1022E-11
CALSDV   29    8  0.1088E-11  0.1085E-11
CALSDV   30    8  0.1012E-11  0.1010E-11
CALSDV   31    8  0.1065E-11  0.1063E-11
CALSDV   32    8  0.1012E-11  0.1011E-11
CALSDV   33    8  0.1059E-11  0.1057E-11
CALSDV   34    8  0.1024E-11  0.1023E-11
CALSDV   35    8  0.1066E-11  0.1064E-11
CALSDV   36    8  0.1047E-11  0.1046E-11
CALSDV   37    8  0.1086E-11  0.1084E-11
CALSDV   38    8  0.1079E-11  0.1078E-11
CALSDV   39    8  0.1117E-11  0.1115E-11
CALSDV   40    8  0.1121E-11  0.1120E-11
CALSDV   41    8  0.1158E-11  0.1157E-11
CALSDV   42    8  0.1172E-11  0.1172E-11
CALSDV   43    8  0.1211E-11  0.1210E-11
CALSDV   44    8  0.1234E-11  0.1234E-11
CALSDV   45    8  0.1276E-11  0.1275E-11
CALSDV   46    8  0.1307E-11  0.1307E-11
CALSDV   47    8  0.1352E-11  0.1352E-11
CALSDV   48    8  0.1393E-11  0.1392E-11
CALSDV   49    8  0.1442E-11  0.1442E-11
CALSDV   50    8  0.1491E-11  0.1491E-11
CALSDV   51    8  0.1546E-11  0.1546E-11
CALSDV   52    8  0.1604E-11  0.1604E-11
CALSDV   53    8  0.1667E-11  0.1667E-11
CALSDV   54    8  0.1734E-11  0.1734E-11
CALSDV   55    8  0.1806E-11  0.1805E-11
CALSDV   56    8  0.1883E-11  0.1882E-11
CALSDV   57    8  0.1967E-11  0.1967E-11
CALSDV   58    8  0.2055E-11  0.2055E-11
CALSDV   59    8  0.2103E-11  0.2101E-11
CALSDV   60    8  0.2190E-11  0.2190E-11
CALSDV    9    9  0.9693E-11  0.9688E-11
CALSDV   10    9  0.7884E-11  0.7840E-11
CALSDV   11    9  0.4918E-11  0.4917E-11
CALSDV   12    9  0.3665E-11  0.3634E-11
CALSDV   13    9  0.3301E-11  0.3298E-11
CALSDV   14    9  0.2286E-11  0.2268E-11
CALSDV   15    9  0.2276E-11  0.2275E-11
CALSDV   16    9  0.1813E-11  0.1806E-11
CALSDV   17    9  0.1691E-11  0.1690E-11
CALSDV   18    9  0.1588E-11  0.1586E-11
CALSDV   19    9  0.1377E-11  0.1378E-11
CALSDV   20    9  0.1440E-11  0.1440E-11
CALSDV   21    9  0.1211E-11  0.1212E-11
CALSDV   22    9  0.1330E-11  0.1330E-11
CALSDV   23    9  0.1124E-11  0.1123E-11
CALSDV   24    9  0.1249E-11  0.1249E-11
CALSDV   25    9  0.1077E-11  0.1077E-11
CALSDV   26    9  0.1189E-11  0.1189E-11
CALSDV   27    9  0.1054E-11  0.1053E-11
CALSDV   28    9  0.1148E-11  0.1148E-11
CALSDV   29    9  0.1043E-11  0.1043E-11
CALSDV   30    9  0.1122E-11  0.1122E-11
CALSDV   31    9  0.1046E-11  0.1046E-11
CALSDV   32    9  0.1111E-11  0.1110E-11
CALSDV   33    9  0.1057E-11  0.1056E-11
CALSDV   34    9  0.1112E-11  0.1112E-11
CALSDV   35    9  0.1077E-11  0.1076E-11
CALSDV   36    9  0.1124E-11  0.1124E-11
CALSDV   37    9  0.1105E-11  0.1104E-11
CALSDV   38    9  0.1148E-11  0.1148E-11
CALSDV   39    9  0.1142E-11  0.1141E-11
CALSDV   40    9  0.1183E-11  0.1183E-11
CALSDV   41    9  0.1188E-11  0.1187E-11
CALSDV   42    9  0.1229E-11  0.1228E-11
CALSDV   43    9  0.1243E-11  0.1243E-11
CALSDV   44    9  0.1286E-11  0.1285E-11
CALSDV   45    9  0.1309E-11  0.1308E-11
CALSDV   46    9  0.1354E-11  0.1353E-11
CALSDV   47    9  0.1386E-11  0.1385E-11
CALSDV   48    9  0.1435E-11  0.1434E-11
CALSDV   49    9  0.1475E-11  0.1475E-11
CALSDV   50    9  0.1530E-11  0.1529E-11
CALSDV   51    9  0.1578E-11  0.1578E-11
CALSDV   52    9  0.1639E-11  0.1639E-11
CALSDV   53    9  0.1698E-11  0.1697E-11
CALSDV   54    9  0.1766E-11  0.1766E-11
CALSDV   55    9  0.1834E-11  0.1834E-11
CALSDV   56    9  0.1912E-11  0.1912E-11
CALSDV   57    9  0.1995E-11  0.1994E-11
CALSDV   58    9  0.2083E-11  0.2082E-11
CALSDV   59    9  0.2142E-11  0.2141E-11
CALSDV   60    9  0.2229E-11  0.2228E-11
CALSDV   10   10  0.7648E-11  0.7655E-11
CALSDV   11   10  0.6281E-11  0.6273E-11
CALSDV   12   10  0.4405E-11  0.4393E-11
CALSDV   13   10  0.3206E-11  0.3199E-11
CALSDV   14   10  0.3508E-11  0.3497E-11
CALSDV   15   10  0.2504E-11  0.2498E-11
CALSDV   16   10  0.2714E-11  0.2704E-11
CALSDV   17   10  0.2230E-11  0.2225E-11
CALSDV   18   10  0.2170E-11  0.2163E-11
CALSDV   19   10  0.2008E-11  0.2002E-11
CALSDV   20   10  0.1821E-11  0.1816E-11
CALSDV   21   10  0.1814E-11  0.1809E-11
CALSDV   22   10  0.1599E-11  0.1596E-11
CALSDV   23   10  0.1653E-11  0.1647E-11
CALSDV   24   10  0.1454E-11  0.1452E-11
CALSDV   25   10  0.1524E-11  0.1519E-11
CALSDV   26   10  0.1359E-11  0.1358E-11
CALSDV   27   10  0.1426E-11  0.1422E-11
CALSDV   28   10  0.1297E-11  0.1296E-11
CALSDV   29   10  0.1354E-11  0.1350E-11
CALSDV   30   10  0.1257E-11  0.1256E-11
CALSDV   31   10  0.1304E-11  0.1300E-11
CALSDV   32   10  0.1236E-11  0.1235E-11
CALSDV   33   10  0.1273E-11  0.1270E-11
CALSDV   34   10  0.1228E-11  0.1228E-11
CALSDV   35   10  0.1259E-11  0.1256E-11
CALSDV   36   10  0.1234E-11  0.1234E-11
CALSDV   37   10  0.1260E-11  0.1258E-11
CALSDV   38   10  0.1251E-11  0.1251E-11
CALSDV   39   10  0.1275E-11  0.1273E-11
CALSDV   40   10  0.1279E-11  0.1279E-11
CALSDV   41   10  0.1302E-11  0.1301E-11
CALSDV   42   10  0.1319E-11  0.1318E-11
CALSDV   43   10  0.1343E-11  0.1341E-11
CALSDV   44   10  0.1369E-11  0.1369E-11
CALSDV   45   10  0.1396E-11  0.1395E-11
CALSDV   46   10  0.1431E-11  0.1431E-11
CALSDV   47   10  0.1462E-11  0.1461E-11
CALSDV   48   10  0.1506E-11  0.1506E-11
CALSDV   49   10  0.1542E-11  0.1541E-11
CALSDV   50   10  0.1595E-11  0.1595E-11
CALSDV   51   10  0.1638E-11  0.1637E-11
CALSDV   52   10  0.1699E-11  0.1699E-11
CALSDV   53   10  0.1749E-11  0.1749E-11
CALSDV   54   10  0.1820E-11  0.1820E-11
CALSDV   55   10  0.1880E-11  0.1879E-11
CALSDV   56   10  0.1961E-11  0.1961E-11
CALSDV   57   10  0.2036E-11  0.2036E-11
CALSDV   58   10  0.2128E-11  0.2128E-11
CALSDV   59   10  0.2198E-11  0.2197E-11
CALSDV   60   10  0.2293E-11  0.2292E-11
CALSDV   11   11  0.7022E-11  0.6991E-11
CALSDV   12   11  0.7382E-11  0.7360E-11
CALSDV   13   11  0.4626E-11  0.4631E-11
CALSDV   14   11  0.3938E-11  0.3913E-11
CALSDV   15   11  0.3487E-11  0.3492E-11
CALSDV   16   11  0.2688E-11  0.2678E-11
CALSDV   17   11  0.2493E-11  0.2497E-11
CALSDV   18   11  0.2134E-11  0.2131E-11
CALSDV   19   11  0.1854E-11  0.1854E-11
CALSDV   20   11  0.1817E-11  0.1814E-11
CALSDV   21   11  0.1498E-11  0.1497E-11
CALSDV   22   11  0.1603E-11  0.1601E-11
CALSDV   23   11  0.1317E-11  0.1316E-11
CALSDV   24   11  0.1456E-11  0.1453E-11
CALSDV   25   11  0.1233E-11  0.1233E-11
CALSDV   26   11  0.1354E-11  0.1351E-11
CALSDV   27   11  0.1201E-11  0.1200E-11
CALSDV   28   11  0.1286E-11  0.1283E-11
CALSDV   29   11  0.1191E-11  0.1190E-11
CALSDV   30   11  0.1244E-11  0.1242E-11
CALSDV   31   11  0.1192E-11  0.1192E-11
CALSDV   32   11  0.1222E-11  0.1220E-11
CALSDV   33   11  0.1204E-11  0.1204E-11
CALSDV   34   11  0.1217E-11  0.1215E-11
CALSDV   35   11  0.1223E-11  0.1222E-11
CALSDV   36   11  0.1226E-11  0.1224E-11
CALSDV   37   11  0.1248E-11  0.1247E-11
CALSDV   38   11  0.1246E-11  0.1245E-11
CALSDV   39   11  0.1280E-11  0.1280E-11
CALSDV   40   11  0.1279E-11  0.1278E-11
CALSDV   41   11  0.1321E-11  0.1321E-11
CALSDV   42   11  0.1322E-11  0.1322E-11
CALSDV   43   11  0.1370E-11  0.1370E-11
CALSDV   44   11  0.1377E-11  0.1377E-11
CALSDV   45   11  0.1429E-11  0.1430E-11
CALSDV   46   11  0.1443E-11  0.1442E-11
CALSDV   47   11  0.1499E-11  0.1499E-11
CALSDV   48   11  0.1521E-11  0.1521E-11
CALSDV   49   11  0.1581E-11  0.1581E-11
CALSDV   50   11  0.1612E-11  0.1612E-11
CALSDV   51   11  0.1676E-11  0.1676E-11
CALSDV   52   11  0.1718E-11  0.1718E-11
CALSDV   53   11  0.1787E-11  0.1787E-11
CALSDV   54   11  0.1840E-11  0.1840E-11
CALSDV   55   11  0.1915E-11  0.1915E-11
CALSDV   56   11  0.1981E-11  0.1981E-11
CALSDV   57   11  0.2068E-11  0.2068E-11
CALSDV   58   11  0.2148E-11  0.2148E-11
CALSDV   59   11  0.2239E-11  0.2239E-11
CALSDV   60   11  0.2316E-11  0.2316E-11
CALSDV   12   12  0.6785E-11  0.6811E-11
CALSDV   13   12  0.6252E-11  0.6187E-11
CALSDV   14   12  0.4225E-11  0.4228E-11
CALSDV   15   12  0.3089E-11  0.3053E-11
CALSDV   16   12  0.3356E-11  0.3356E-11
CALSDV   17   12  0.2362E-11  0.2349E-11
CALSDV   18   12  0.2587E-11  0.2581E-11
CALSDV   19   12  0.2180E-11  0.2175E-11
CALSDV   20   12  0.2094E-11  0.2090E-11
CALSDV   21   12  0.2036E-11  0.2031E-11
CALSDV   22   12  0.1822E-11  0.1816E-11
CALSDV   23   12  0.1893E-11  0.1887E-11
CALSDV   24   12  0.1671E-11  0.1667E-11
CALSDV   25   12  0.1762E-11  0.1755E-11
CALSDV   26   12  0.1585E-11  0.1580E-11
CALSDV   27   12  0.1653E-11  0.1646E-11
CALSDV   28   12  0.1531E-11  0.1527E-11
CALSDV   29   12  0.1567E-11  0.1560E-11
CALSDV   30   12  0.1496E-11  0.1493E-11
CALSDV   31   12  0.1503E-11  0.1498E-11
CALSDV   32   12  0.1474E-11  0.1470E-11
CALSDV   33   12  0.1460E-11  0.1454E-11
CALSDV   34   12  0.1462E-11  0.1459E-11
CALSDV   35   12  0.1435E-11  0.1430E-11
CALSDV   36   12  0.1460E-11  0.1457E-11
CALSDV   37   12  0.1426E-11  0.1421E-11
CALSDV   38   12  0.1467E-11  0.1464E-11
CALSDV   39   12  0.1431E-11  0.1427E-11
CALSDV   40   12  0.1484E-11  0.1481E-11
CALSDV   41   12  0.1450E-11  0.1445E-11
CALSDV   42   12  0.1511E-11  0.1508E-11
CALSDV   43   12  0.1482E-11  0.1478E-11
CALSDV   44   12  0.1549E-11  0.1546E-11
CALSDV   45   12  0.1527E-11  0.1523E-11
CALSDV   46   12  0.1598E-11  0.1595E-11
CALSDV   47   12  0.1585E-11  0.1581E-11
CALSDV   48   12  0.1660E-11  0.1657E-11
CALSDV   49   12  0.1656E-11  0.1653E-11
CALSDV   50   12  0.1735E-11  0.1732E-11
CALSDV   51   12  0.1743E-11  0.1739E-11
CALSDV   52   12  0.1826E-11  0.1823E-11
CALSDV   53   12  0.1846E-11  0.1842E-11
CALSDV   54   12  0.1934E-11  0.1931E-11
CALSDV   55   12  0.1967E-11  0.1963E-11
CALSDV   56   12  0.2062E-11  0.2058E-11
CALSDV   57   12  0.2114E-11  0.2110E-11
CALSDV   58   12  0.2218E-11  0.2214E-11
CALSDV   59   12  0.2293E-11  0.2288E-11
CALSDV   60   12  0.2402E-11  0.2397E-11
CALSDV   13   13  0.5857E-11  0.5895E-11
CALSDV   14   13  0.6228E-11  0.6209E-11
CALSDV   15   13  0.4449E-11  0.4440E-11
CALSDV   16   13  0.3501E-11  0.3495E-11
CALSDV   17   13  0.3642E-11  0.3636E-11
CALSDV   18   13  0.2688E-11  0.2692E-11
CALSDV   19   13  0.2699E-11  0.2695E-11
CALSDV   20   13  0.2291E-11  0.2295E-11
CALSDV   21   13  0.2029E-11  0.2027E-11
CALSDV   22   13  0.1990E-11  0.1997E-11
CALSDV   23   13  0.1640E-11  0.1640E-11
CALSDV   24   13  0.1753E-11  0.1759E-11
CALSDV   25   13  0.1445E-11  0.1445E-11
CALSDV   26   13  0.1576E-11  0.1582E-11
CALSDV   27   13  0.1361E-11  0.1362E-11
CALSDV   28   13  0.1452E-11  0.1458E-11
CALSDV   29   13  0.1337E-11  0.1338E-11
CALSDV   30   13  0.1374E-11  0.1379E-11
CALSDV   31   13  0.1339E-11  0.1340E-11
CALSDV   32   13  0.1332E-11  0.1336E-11
CALSDV   33   13  0.1352E-11  0.1352E-11
CALSDV   34   13  0.1316E-11  0.1320E-11
CALSDV   35   13  0.1372E-11  0.1372E-11
CALSDV   36   13  0.1321E-11  0.1324E-11
CALSDV   37   13  0.1398E-11  0.1398E-11
CALSDV   38   13  0.1341E-11  0.1344E-11
CALSDV   39   13  0.1430E-11  0.1430E-11
CALSDV   40   13  0.1376E-11  0.1378E-11
CALSDV   41   13  0.1468E-11  0.1467E-11
CALSDV   42   13  0.1421E-11  0.1422E-11
CALSDV   43   13  0.1513E-11  0.1512E-11
CALSDV   44   13  0.1477E-11  0.1478E-11
CALSDV   45   13  0.1566E-11  0.1565E-11
CALSDV   46   13  0.1544E-11  0.1545E-11
CALSDV   47   13  0.1629E-11  0.1628E-11
CALSDV   48   13  0.1621E-11  0.1621E-11
CALSDV   49   13  0.1703E-11  0.1702E-11
CALSDV   50   13  0.1710E-11  0.1710E-11
CALSDV   51   13  0.1790E-11  0.1788E-11
CALSDV   52   13  0.1813E-11  0.1813E-11
CALSDV   53   13  0.1891E-11  0.1890E-11
CALSDV   54   13  0.1931E-11  0.1930E-11
CALSDV   55   13  0.2009E-11  0.2008E-11
CALSDV   56   13  0.2066E-11  0.2065E-11
CALSDV   57   13  0.2152E-11  0.2151E-11
CALSDV   58   13  0.2226E-11  0.2225E-11
CALSDV   59   13  0.2335E-11  0.2334E-11
CALSDV   60   13  0.2411E-11  0.2409E-11
CALSDV   14   14  0.5054E-11  0.5045E-11
CALSDV   15   14  0.6629E-11  0.6625E-11
CALSDV   16   14  0.4188E-11  0.4181E-11
CALSDV   17   14  0.3395E-11  0.3396E-11
CALSDV   18   14  0.3438E-11  0.3429E-11
CALSDV   19   14  0.2487E-11  0.2489E-11
CALSDV   20   14  0.2564E-11  0.2555E-11
CALSDV   21   14  0.2254E-11  0.2256E-11
CALSDV   22   14  0.1997E-11  0.1988E-11
CALSDV   23   14  0.2115E-11  0.2116E-11
CALSDV   24   14  0.1723E-11  0.1719E-11
CALSDV   25   14  0.1986E-11  0.1987E-11
CALSDV   26   14  0.1621E-11  0.1621E-11
CALSDV   27   14  0.1870E-11  0.1871E-11
CALSDV   28   14  0.1599E-11  0.1598E-11
CALSDV   29   14  0.1773E-11  0.1773E-11
CALSDV   30   14  0.1604E-11  0.1604E-11
CALSDV   31   14  0.1699E-11  0.1697E-11
CALSDV   32   14  0.1617E-11  0.1617E-11
CALSDV   33   14  0.1646E-11  0.1644E-11
CALSDV   34   14  0.1629E-11  0.1629E-11
CALSDV   35   14  0.1613E-11  0.1611E-11
CALSDV   36   14  0.1642E-11  0.1642E-11
CALSDV   37   14  0.1597E-11  0.1595E-11
CALSDV   38   14  0.1658E-11  0.1659E-11
CALSDV   39   14  0.1596E-11  0.1594E-11
CALSDV   40   14  0.1678E-11  0.1678E-11
CALSDV   41   14  0.1609E-11  0.1608E-11
CALSDV   42   14  0.1703E-11  0.1704E-11
CALSDV   43   14  0.1635E-11  0.1633E-11
CALSDV   44   14  0.1736E-11  0.1736E-11
CALSDV   45   14  0.1673E-11  0.1672E-11
CALSDV   46   14  0.1778E-11  0.1777E-11
CALSDV   47   14  0.1723E-11  0.1723E-11
CALSDV   48   14  0.1829E-11  0.1829E-11
CALSDV   49   14  0.1787E-11  0.1786E-11
CALSDV   50   14  0.1892E-11  0.1892E-11
CALSDV   51   14  0.1864E-11  0.1863E-11
CALSDV   52   14  0.1969E-11  0.1969E-11
CALSDV   53   14  0.1956E-11  0.1956E-11
CALSDV   54   14  0.2063E-11  0.2062E-11
CALSDV   55   14  0.2066E-11  0.2066E-11
CALSDV   56   14  0.2175E-11  0.2174E-11
CALSDV   57   14  0.2202E-11  0.2201E-11
CALSDV   58   14  0.2315E-11  0.2315E-11
CALSDV   59   14  0.2388E-11  0.2388E-11
CALSDV   60   14  0.2508E-11  0.2508E-11
CALSDV   15   15  0.6027E-11  0.6097E-11
CALSDV   16   15  0.5975E-11  0.5972E-11
CALSDV   17   15  0.4310E-11  0.4299E-11
CALSDV   18   15  0.3141E-11  0.3137E-11
CALSDV   19   15  0.3801E-11  0.3785E-11
CALSDV   20   15  0.2448E-11  0.2437E-11
CALSDV   21   15  0.3017E-11  0.2997E-11
CALSDV   22   15  0.2217E-11  0.2209E-11
CALSDV   23   15  0.2418E-11  0.2398E-11
CALSDV   24   15  0.2017E-11  0.2014E-11
CALSDV   25   15  0.2047E-11  0.2031E-11
CALSDV   26   15  0.1832E-11  0.1831E-11
CALSDV   27   15  0.1841E-11  0.1828E-11
CALSDV   28   15  0.1683E-11  0.1683E-11
CALSDV   29   15  0.1733E-11  0.1723E-11
CALSDV   30   15  0.1574E-11  0.1574E-11
CALSDV   31   15  0.1681E-11  0.1673E-11
CALSDV   32   15  0.1507E-11  0.1507E-11
CALSDV   33   15  0.1660E-11  0.1651E-11
CALSDV   34   15  0.1475E-11  0.1474E-11
CALSDV   35   15  0.1653E-11  0.1647E-11
CALSDV   36   15  0.1470E-11  0.1469E-11
CALSDV   37   15  0.1658E-11  0.1651E-11
CALSDV   38   15  0.1485E-11  0.1484E-11
CALSDV   39   15  0.1671E-11  0.1665E-11
CALSDV   40   15  0.1516E-11  0.1514E-11
CALSDV   41   15  0.1693E-11  0.1686E-11
CALSDV   42   15  0.1560E-11  0.1558E-11
CALSDV   43   15  0.1723E-11  0.1716E-11
CALSDV   44   15  0.1615E-11  0.1612E-11
CALSDV   45   15  0.1762E-11  0.1756E-11
CALSDV   46   15  0.1680E-11  0.1676E-11
CALSDV   47   15  0.1811E-11  0.1804E-11
CALSDV   48   15  0.1755E-11  0.1750E-11
CALSDV   49   15  0.1870E-11  0.1864E-11
CALSDV   50   15  0.1839E-11  0.1835E-11
CALSDV   51   15  0.1942E-11  0.1935E-11
CALSDV   52   15  0.1936E-11  0.1931E-11
CALSDV   53   15  0.2027E-11  0.2021E-11
CALSDV   54   15  0.2046E-11  0.2040E-11
CALSDV   55   15  0.2129E-11  0.2123E-11
CALSDV   56   15  0.2171E-11  0.2165E-11
CALSDV   57   15  0.2256E-11  0.2250E-11
CALSDV   58   15  0.2321E-11  0.2315E-11
CALSDV   59   15  0.2443E-11  0.2436E-11
CALSDV   60   15  0.2514E-11  0.2507E-11
CALSDV   16   16  0.4410E-11  0.4420E-11
CALSDV   17   16  0.6439E-11  0.6407E-11
CALSDV   18   16  0.4259E-11  0.4254E-11
CALSDV   19   16  0.3467E-11  0.3452E-11
CALSDV   20   16  0.3663E-11  0.3666E-11
CALSDV   21   16  0.2648E-11  0.2641E-11
CALSDV   22   16  0.2750E-11  0.2750E-11
CALSDV   23   16  0.2404E-11  0.2403E-11
CALSDV   24   16  0.2113E-11  0.2113E-11
CALSDV   25   16  0.2230E-11  0.2229E-11
CALSDV   26   16  0.1804E-11  0.1803E-11
CALSDV   27   16  0.2074E-11  0.2072E-11
CALSDV   28   16  0.1711E-11  0.1711E-11
CALSDV   29   16  0.1946E-11  0.1944E-11
CALSDV   30   16  0.1715E-11  0.1716E-11
CALSDV   31   16  0.1851E-11  0.1849E-11
CALSDV   32   16  0.1752E-11  0.1753E-11
CALSDV   33   16  0.1788E-11  0.1786E-11
CALSDV   34   16  0.1793E-11  0.1793E-11
CALSDV   35   16  0.1753E-11  0.1751E-11
CALSDV   36   16  0.1828E-11  0.1827E-11
CALSDV   37   16  0.1740E-11  0.1738E-11
CALSDV   38   16  0.1858E-11  0.1857E-11
CALSDV   39   16  0.1743E-11  0.1741E-11
CALSDV   40   16  0.1886E-11  0.1884E-11
CALSDV   41   16  0.1760E-11  0.1757E-11
CALSDV   42   16  0.1913E-11  0.1911E-11
CALSDV   43   16  0.1789E-11  0.1786E-11
CALSDV   44   16  0.1944E-11  0.1941E-11
CALSDV   45   16  0.1827E-11  0.1825E-11
CALSDV   46   16  0.1980E-11  0.1977E-11
CALSDV   47   16  0.1877E-11  0.1873E-11
CALSDV   48   16  0.2022E-11  0.2019E-11
CALSDV   49   16  0.1936E-11  0.1932E-11
CALSDV   50   16  0.2074E-11  0.2071E-11
CALSDV   51   16  0.2006E-11  0.2003E-11
CALSDV   52   16  0.2137E-11  0.2133E-11
CALSDV   53   16  0.2088E-11  0.2084E-11
CALSDV   54   16  0.2214E-11  0.2210E-11
CALSDV   55   16  0.2186E-11  0.2181E-11
CALSDV   56   16  0.2308E-11  0.2303E-11
CALSDV   57   16  0.2306E-11  0.2302E-11
CALSDV   58   16  0.2429E-11  0.2425E-11
CALSDV   59   16  0.2493E-11  0.2489E-11
CALSDV   60   16  0.2619E-11  0.2615E-11
CALSDV   17   17  0.4390E-11  0.4385E-11
CALSDV   18   17  0.5195E-11  0.5191E-11
CALSDV   19   17  0.4120E-11  0.4115E-11
CALSDV   20   17  0.2883E-11  0.2879E-11
CALSDV   21   17  0.3628E-11  0.3623E-11
CALSDV   22   17  0.2649E-11  0.2650E-11
CALSDV   23   17  0.2805E-11  0.2799E-11
CALSDV   24   17  0.2535E-11  0.2538E-11
CALSDV   25   17  0.2204E-11  0.2198E-11
CALSDV   26   17  0.2309E-11  0.2312E-11
CALSDV   27   17  0.1872E-11  0.1867E-11
CALSDV   28   17  0.2056E-11  0.2060E-11
CALSDV   29   17  0.1725E-11  0.1722E-11
CALSDV   30   17  0.1842E-11  0.1845E-11
CALSDV   31   17  0.1677E-11  0.1675E-11
CALSDV   32   17  0.1690E-11  0.1693E-11
CALSDV   33   17  0.1674E-11  0.1674E-11
CALSDV   34   17  0.1600E-11  0.1602E-11
CALSDV   35   17  0.1692E-11  0.1691E-11
CALSDV   36   17  0.1566E-11  0.1567E-11
CALSDV   37   17  0.1717E-11  0.1717E-11
CALSDV   38   17  0.1573E-11  0.1573E-11
CALSDV   39   17  0.1748E-11  0.1748E-11
CALSDV   40   17  0.1608E-11  0.1607E-11
CALSDV   41   17  0.1783E-11  0.1783E-11
CALSDV   42   17  0.1660E-11  0.1659E-11
CALSDV   43   17  0.1824E-11  0.1823E-11
CALSDV   44   17  0.1727E-11  0.1725E-11
CALSDV   45   17  0.1870E-11  0.1869E-11
CALSDV   46   17  0.1801E-11  0.1799E-11
CALSDV   47   17  0.1923E-11  0.1921E-11
CALSDV   48   17  0.1882E-11  0.1880E-11
CALSDV   49   17  0.1985E-11  0.1982E-11
CALSDV   50   17  0.1972E-11  0.1969E-11
CALSDV   51   17  0.2055E-11  0.2053E-11
CALSDV   52   17  0.2067E-11  0.2064E-11
CALSDV   53   17  0.2137E-11  0.2134E-11
CALSDV   54   17  0.2172E-11  0.2169E-11
CALSDV   55   17  0.2231E-11  0.2228E-11
CALSDV   56   17  0.2288E-11  0.2285E-11
CALSDV   57   17  0.2347E-11  0.2344E-11
CALSDV   58   17  0.2426E-11  0.2422E-11
CALSDV   59   17  0.2531E-11  0.2528E-11
CALSDV   60   17  0.2620E-11  0.2616E-11
CALSDV   18   18  0.4824E-11  0.4793E-11
CALSDV   19   18  0.5358E-11  0.5370E-11
CALSDV   20   18  0.4436E-11  0.4429E-11
CALSDV   21   18  0.2828E-11  0.2838E-11
CALSDV   22   18  0.3810E-11  0.3806E-11
CALSDV   23   18  0.2531E-11  0.2526E-11
CALSDV   24   18  0.2833E-11  0.2828E-11
CALSDV   25   18  0.2472E-11  0.2468E-11
CALSDV   26   18  0.2166E-11  0.2158E-11
CALSDV   27   18  0.2319E-11  0.2318E-11
CALSDV   28   18  0.1878E-11  0.1872E-11
CALSDV   29   18  0.2140E-11  0.2141E-11
CALSDV   30   18  0.1840E-11  0.1836E-11
CALSDV   31   18  0.1990E-11  0.1993E-11
CALSDV   32   18  0.1898E-11  0.1895E-11
CALSDV   33   18  0.1888E-11  0.1893E-11
CALSDV   34   18  0.1975E-11  0.1974E-11
CALSDV   35   18  0.1834E-11  0.1839E-11
CALSDV   36   18  0.2043E-11  0.2043E-11
CALSDV   37   18  0.1821E-11  0.1826E-11
CALSDV   38   18  0.2095E-11  0.2095E-11
CALSDV   39   18  0.1835E-11  0.1839E-11
CALSDV   40   18  0.2133E-11  0.2135E-11
CALSDV   41   18  0.1866E-11  0.1870E-11
CALSDV   42   18  0.2164E-11  0.2166E-11
CALSDV   43   18  0.1908E-11  0.1912E-11
CALSDV   44   18  0.2192E-11  0.2193E-11
CALSDV   45   18  0.1960E-11  0.1963E-11
CALSDV   46   18  0.2219E-11  0.2220E-11
CALSDV   47   18  0.2017E-11  0.2020E-11
CALSDV   48   18  0.2249E-11  0.2250E-11
CALSDV   49   18  0.2080E-11  0.2083E-11
CALSDV   50   18  0.2285E-11  0.2286E-11
CALSDV   51   18  0.2149E-11  0.2152E-11
CALSDV   52   18  0.2329E-11  0.2331E-11
CALSDV   53   18  0.2226E-11  0.2228E-11
CALSDV   54   18  0.2385E-11  0.2386E-11
CALSDV   55   18  0.2311E-11  0.2313E-11
CALSDV   56   18  0.2455E-11  0.2457E-11
CALSDV   57   18  0.2416E-11  0.2418E-11
CALSDV   58   18  0.2552E-11  0.2553E-11
CALSDV   59   18  0.2597E-11  0.2598E-11
CALSDV   60   18  0.2730E-11  0.2731E-11
CALSDV   19   19  0.4030E-11  0.4007E-11
CALSDV   20   19  0.4980E-11  0.4981E-11
CALSDV   21   19  0.4108E-11  0.4114E-11
CALSDV   22   19  0.2788E-11  0.2780E-11
CALSDV   23   19  0.3603E-11  0.3605E-11
CALSDV   24   19  0.2845E-11  0.2839E-11
CALSDV   25   19  0.2798E-11  0.2795E-11
CALSDV   26   19  0.2866E-11  0.2863E-11
CALSDV   27   19  0.2239E-11  0.2235E-11
CALSDV   28   19  0.2680E-11  0.2679E-11
CALSDV   29   19  0.1950E-11  0.1948E-11
CALSDV   30   19  0.2421E-11  0.2422E-11
CALSDV   31   19  0.1836E-11  0.1837E-11
CALSDV   32   19  0.2188E-11  0.2190E-11
CALSDV   33   19  0.1806E-11  0.1809E-11
CALSDV   34   19  0.2016E-11  0.2017E-11
CALSDV   35   19  0.1812E-11  0.1815E-11
CALSDV   36   19  0.1908E-11  0.1909E-11
CALSDV   37   19  0.1833E-11  0.1838E-11
CALSDV   38   19  0.1861E-11  0.1863E-11
CALSDV   39   19  0.1862E-11  0.1867E-11
CALSDV   40   19  0.1859E-11  0.1861E-11
CALSDV   41   19  0.1898E-11  0.1903E-11
CALSDV   42   19  0.1890E-11  0.1892E-11
CALSDV   43   19  0.1940E-11  0.1944E-11
CALSDV   44   19  0.1942E-11  0.1944E-11
CALSDV   45   19  0.1989E-11  0.1992E-11
CALSDV   46   19  0.2008E-11  0.2009E-11
CALSDV   47   19  0.2044E-11  0.2048E-11
CALSDV   48   19  0.2082E-11  0.2083E-11
CALSDV   49   19  0.2107E-11  0.2110E-11
CALSDV   50   19  0.2162E-11  0.2163E-11
CALSDV   51   19  0.2178E-11  0.2180E-11
CALSDV   52   19  0.2248E-11  0.2248E-11
CALSDV   53   19  0.2256E-11  0.2258E-11
CALSDV   54   19  0.2338E-11  0.2338E-11
CALSDV   55   19  0.2343E-11  0.2344E-11
CALSDV   56   19  0.2437E-11  0.2437E-11
CALSDV   57   19  0.2448E-11  0.2449E-11
CALSDV   58   19  0.2553E-11  0.2553E-11
CALSDV   59   19  0.2624E-11  0.2625E-11
CALSDV   60   19  0.2738E-11  0.2738E-11
CALSDV   20   20  0.4750E-11  0.4730E-11
CALSDV   21   20  0.5126E-11  0.5132E-11
CALSDV   22   20  0.4540E-11  0.4532E-11
CALSDV   23   20  0.2738E-11  0.2737E-11
CALSDV   24   20  0.3957E-11  0.3956E-11
CALSDV   25   20  0.2645E-11  0.2648E-11
CALSDV   26   20  0.2972E-11  0.2972E-11
CALSDV   27   20  0.2635E-11  0.2639E-11
CALSDV   28   20  0.2290E-11  0.2291E-11
CALSDV   29   20  0.2462E-11  0.2466E-11
CALSDV   30   20  0.1997E-11  0.1998E-11
CALSDV   31   20  0.2249E-11  0.2252E-11
CALSDV   32   20  0.1964E-11  0.1967E-11
CALSDV   33   20  0.2075E-11  0.2077E-11
CALSDV   34   20  0.2037E-11  0.2039E-11
CALSDV   35   20  0.1971E-11  0.1972E-11
CALSDV   36   20  0.2126E-11  0.2129E-11
CALSDV   37   20  0.1931E-11  0.1932E-11
CALSDV   38   20  0.2207E-11  0.2209E-11
CALSDV   39   20  0.1944E-11  0.1943E-11
CALSDV   40   20  0.2270E-11  0.2272E-11
CALSDV   41   20  0.1986E-11  0.1986E-11
CALSDV   42   20  0.2319E-11  0.2320E-11
CALSDV   43   20  0.2046E-11  0.2046E-11
CALSDV   44   20  0.2357E-11  0.2358E-11
CALSDV   45   20  0.2112E-11  0.2111E-11
CALSDV   46   20  0.2390E-11  0.2391E-11
CALSDV   47   20  0.2181E-11  0.2180E-11
CALSDV   48   20  0.2422E-11  0.2423E-11
CALSDV   49   20  0.2250E-11  0.2250E-11
CALSDV   50   20  0.2457E-11  0.2457E-11
CALSDV   51   20  0.2319E-11  0.2319E-11
CALSDV   52   20  0.2495E-11  0.2496E-11
CALSDV   53   20  0.2390E-11  0.2390E-11
CALSDV   54   20  0.2542E-11  0.2542E-11
CALSDV   55   20  0.2463E-11  0.2463E-11
CALSDV   56   20  0.2596E-11  0.2596E-11
CALSDV   57   20  0.2547E-11  0.2547E-11
CALSDV   58   20  0.2673E-11  0.2674E-11
CALSDV   59   20  0.2713E-11  0.2713E-11
CALSDV   60   20  0.2834E-11  0.2835E-11
CALSDV   21   21  0.3992E-11  0.3997E-11
CALSDV   22   21  0.4941E-11  0.4954E-11
CALSDV   23   21  0.4146E-11  0.4145E-11
CALSDV   24   21  0.2662E-11  0.2667E-11
CALSDV   25   21  0.3604E-11  0.3598E-11
CALSDV   26   21  0.2909E-11  0.2912E-11
CALSDV   27   21  0.2818E-11  0.2813E-11
CALSDV   28   21  0.3049E-11  0.3051E-11
CALSDV   29   21  0.2325E-11  0.2323E-11
CALSDV   30   21  0.2916E-11  0.2916E-11
CALSDV   31   21  0.2106E-11  0.2106E-11
CALSDV   32   21  0.2678E-11  0.2675E-11
CALSDV   33   21  0.2037E-11  0.2038E-11
CALSDV   34   21  0.2447E-11  0.2444E-11
CALSDV   35   21  0.2027E-11  0.2027E-11
CALSDV   36   21  0.2275E-11  0.2272E-11
CALSDV   37   21  0.2037E-11  0.2037E-11
CALSDV   38   21  0.2171E-11  0.2167E-11
CALSDV   39   21  0.2056E-11  0.2056E-11
CALSDV   40   21  0.2129E-11  0.2127E-11
CALSDV   41   21  0.2083E-11  0.2082E-11
CALSDV   42   21  0.2135E-11  0.2132E-11
CALSDV   43   21  0.2117E-11  0.2116E-11
CALSDV   44   21  0.2172E-11  0.2170E-11
CALSDV   45   21  0.2160E-11  0.2158E-11
CALSDV   46   21  0.2228E-11  0.2225E-11
CALSDV   47   21  0.2210E-11  0.2209E-11
CALSDV   48   21  0.2294E-11  0.2293E-11
CALSDV   49   21  0.2268E-11  0.2267E-11
CALSDV   50   21  0.2367E-11  0.2367E-11
CALSDV   51   21  0.2333E-11  0.2333E-11
CALSDV   52   21  0.2441E-11  0.2443E-11
CALSDV   53   21  0.2403E-11  0.2404E-11
CALSDV   54   21  0.2520E-11  0.2522E-11
CALSDV   55   21  0.2480E-11  0.2481E-11
CALSDV   56   21  0.2599E-11  0.2602E-11
CALSDV   57   21  0.2569E-11  0.2571E-11
CALSDV   58   21  0.2692E-11  0.2694E-11
CALSDV   59   21  0.2731E-11  0.2733E-11
CALSDV   60   21  0.2858E-11  0.2860E-11
CALSDV   22   22  0.4158E-11  0.4167E-11
CALSDV   23   22  0.5032E-11  0.5030E-11
CALSDV   24   22  0.4533E-11  0.4548E-11
CALSDV   25   22  0.2691E-11  0.2691E-11
CALSDV   26   22  0.4003E-11  0.4009E-11
CALSDV   27   22  0.2787E-11  0.2790E-11
CALSDV   28   22  0.3039E-11  0.3045E-11
CALSDV   29   22  0.2819E-11  0.2823E-11
CALSDV   30   22  0.2384E-11  0.2387E-11
CALSDV   31   22  0.2619E-11  0.2621E-11
CALSDV   32   22  0.2113E-11  0.2115E-11
CALSDV   33   22  0.2359E-11  0.2362E-11
CALSDV   34   22  0.2091E-11  0.2092E-11
CALSDV   35   22  0.2151E-11  0.2155E-11
CALSDV   36   22  0.2165E-11  0.2166E-11
CALSDV   37   22  0.2040E-11  0.2044E-11
CALSDV   38   22  0.2256E-11  0.2258E-11
CALSDV   39   22  0.2017E-11  0.2021E-11
CALSDV   40   22  0.2339E-11  0.2342E-11
CALSDV   41   22  0.2059E-11  0.2063E-11
CALSDV   42   22  0.2407E-11  0.2411E-11
CALSDV   43   22  0.2136E-11  0.2140E-11
CALSDV   44   22  0.2463E-11  0.2467E-11
CALSDV   45   22  0.2227E-11  0.2232E-11
CALSDV   46   22  0.2512E-11  0.2515E-11
CALSDV   47   22  0.2319E-11  0.2324E-11
CALSDV   48   22  0.2555E-11  0.2559E-11
CALSDV   49   22  0.2405E-11  0.2410E-11
CALSDV   50   22  0.2597E-11  0.2601E-11
CALSDV   51   22  0.2484E-11  0.2489E-11
CALSDV   52   22  0.2639E-11  0.2643E-11
CALSDV   53   22  0.2555E-11  0.2560E-11
CALSDV   54   22  0.2683E-11  0.2688E-11
CALSDV   55   22  0.2619E-11  0.2624E-11
CALSDV   56   22  0.2732E-11  0.2736E-11
CALSDV   57   22  0.2687E-11  0.2691E-11
CALSDV   58   22  0.2792E-11  0.2796E-11
CALSDV   59   22  0.2829E-11  0.2833E-11
CALSDV   60   22  0.2937E-11  0.2940E-11
CALSDV   23   23  0.3925E-11  0.3901E-11
CALSDV   24   23  0.5000E-11  0.5008E-11
CALSDV   25   23  0.4180E-11  0.4180E-11
CALSDV   26   23  0.2587E-11  0.2579E-11
CALSDV   27   23  0.3594E-11  0.3583E-11
CALSDV   28   23  0.2930E-11  0.2917E-11
CALSDV   29   23  0.2822E-11  0.2816E-11
CALSDV   30   23  0.3116E-11  0.3106E-11
CALSDV   31   23  0.2400E-11  0.2399E-11
CALSDV   32   23  0.2983E-11  0.2978E-11
CALSDV   33   23  0.2254E-11  0.2253E-11
CALSDV   34   23  0.2734E-11  0.2730E-11
CALSDV   35   23  0.2227E-11  0.2226E-11
CALSDV   36   23  0.2499E-11  0.2492E-11
CALSDV   37   23  0.2231E-11  0.2232E-11
CALSDV   38   23  0.2337E-11  0.2327E-11
CALSDV   39   23  0.2243E-11  0.2246E-11
CALSDV   40   23  0.2256E-11  0.2245E-11
CALSDV   41   23  0.2258E-11  0.2263E-11
CALSDV   42   23  0.2247E-11  0.2237E-11
CALSDV   43   23  0.2282E-11  0.2287E-11
CALSDV   44   23  0.2288E-11  0.2276E-11
CALSDV   45   23  0.2318E-11  0.2322E-11
CALSDV   46   23  0.2356E-11  0.2343E-11
CALSDV   47   23  0.2366E-11  0.2369E-11
CALSDV   48   23  0.2438E-11  0.2424E-11
CALSDV   49   23  0.2424E-11  0.2422E-11
CALSDV   50   23  0.2524E-11  0.2509E-11
CALSDV   51   23  0.2490E-11  0.2484E-11
CALSDV   52   23  0.2607E-11  0.2592E-11
CALSDV   53   23  0.2560E-11  0.2552E-11
CALSDV   54   23  0.2686E-11  0.2671E-11
CALSDV   55   23  0.2630E-11  0.2619E-11
CALSDV   56   23  0.2761E-11  0.2746E-11
CALSDV   57   23  0.2707E-11  0.2692E-11
CALSDV   58   23  0.2840E-11  0.2821E-11
CALSDV   59   23  0.2852E-11  0.2837E-11
CALSDV   60   23  0.2974E-11  0.2975E-11
CALSDV   24   24  0.4030E-11  0.4041E-11
CALSDV   25   24  0.5092E-11  0.5090E-11
CALSDV   26   24  0.4612E-11  0.4622E-11
CALSDV   27   24  0.2748E-11  0.2746E-11
CALSDV   28   24  0.4058E-11  0.4061E-11
CALSDV   29   24  0.2980E-11  0.2985E-11
CALSDV   30   24  0.3114E-11  0.3116E-11
CALSDV   31   24  0.3037E-11  0.3039E-11
CALSDV   32   24  0.2506E-11  0.2509E-11
CALSDV   33   24  0.2802E-11  0.2804E-11
CALSDV   34   24  0.2274E-11  0.2277E-11
CALSDV   35   24  0.2497E-11  0.2497E-11
CALSDV   36   24  0.2262E-11  0.2261E-11
CALSDV   37   24  0.2258E-11  0.2259E-11
CALSDV   38   24  0.2328E-11  0.2328E-11
CALSDV   39   24  0.2144E-11  0.2146E-11
CALSDV   40   24  0.2407E-11  0.2408E-11
CALSDV   41   24  0.2144E-11  0.2144E-11
CALSDV   42   24  0.2483E-11  0.2482E-11
CALSDV   43   24  0.2219E-11  0.2219E-11
CALSDV   44   24  0.2551E-11  0.2550E-11
CALSDV   45   24  0.2330E-11  0.2330E-11
CALSDV   46   24  0.2612E-11  0.2611E-11
CALSDV   47   24  0.2448E-11  0.2447E-11
CALSDV   48   24  0.2670E-11  0.2667E-11
CALSDV   49   24  0.2559E-11  0.2557E-11
CALSDV   50   24  0.2724E-11  0.2722E-11
CALSDV   51   24  0.2653E-11  0.2652E-11
CALSDV   52   24  0.2776E-11  0.2774E-11
CALSDV   53   24  0.2730E-11  0.2729E-11
CALSDV   54   24  0.2826E-11  0.2824E-11
CALSDV   55   24  0.2789E-11  0.2787E-11
CALSDV   56   24  0.2873E-11  0.2871E-11
CALSDV   57   24  0.2838E-11  0.2837E-11
CALSDV   58   24  0.2924E-11  0.2923E-11
CALSDV   59   24  0.2957E-11  0.2956E-11
CALSDV   60   24  0.3047E-11  0.3046E-11
CALSDV   25   25  0.3973E-11  0.3974E-11
CALSDV   26   25  0.5202E-11  0.5213E-11
CALSDV   27   25  0.4433E-11  0.4428E-11
CALSDV   28   25  0.2698E-11  0.2703E-11
CALSDV   29   25  0.3745E-11  0.3733E-11
CALSDV   30   25  0.3074E-11  0.3078E-11
CALSDV   31   25  0.2895E-11  0.2885E-11
CALSDV   32   25  0.3280E-11  0.3282E-11
CALSDV   33   25  0.2511E-11  0.2506E-11
CALSDV   34   25  0.3153E-11  0.3155E-11
CALSDV   35   25  0.2475E-11  0.2472E-11
CALSDV   36   25  0.2912E-11  0.2914E-11
CALSDV   37   25  0.2554E-11  0.2552E-11
CALSDV   38   25  0.2697E-11  0.2699E-11
CALSDV   39   25  0.2635E-11  0.2629E-11
CALSDV   40   25  0.2569E-11  0.2570E-11
CALSDV   41   25  0.2692E-11  0.2683E-11
CALSDV   42   25  0.2528E-11  0.2527E-11
CALSDV   43   25  0.2728E-11  0.2716E-11
CALSDV   44   25  0.2555E-11  0.2553E-11
CALSDV   45   25  0.2751E-11  0.2739E-11
CALSDV   46   25  0.2620E-11  0.2617E-11
CALSDV   47   25  0.2773E-11  0.2761E-11
CALSDV   48   25  0.2701E-11  0.2698E-11
CALSDV   49   25  0.2796E-11  0.2786E-11
CALSDV   50   25  0.2782E-11  0.2779E-11
CALSDV   51   25  0.2821E-11  0.2812E-11
CALSDV   52   25  0.2856E-11  0.2854E-11
CALSDV   53   25  0.2847E-11  0.2840E-11
CALSDV   54   25  0.2919E-11  0.2917E-11
CALSDV   55   25  0.2872E-11  0.2867E-11
CALSDV   56   25  0.2968E-11  0.2967E-11
CALSDV   57   25  0.2899E-11  0.2896E-11
CALSDV   58   25  0.3011E-11  0.3011E-11
CALSDV   59   25  0.2998E-11  0.2996E-11
CALSDV   60   25  0.3120E-11  0.3120E-11
CALSDV   26   26  0.4124E-11  0.4091E-11
CALSDV   27   26  0.5303E-11  0.5299E-11
CALSDV   28   26  0.4733E-11  0.4738E-11
CALSDV   29   26  0.2949E-11  0.2952E-11
CALSDV   30   26  0.4119E-11  0.4126E-11
CALSDV   31   26  0.3264E-11  0.3271E-11
CALSDV   32   26  0.3203E-11  0.3208E-11
CALSDV   33   26  0.3325E-11  0.3331E-11
CALSDV   34   26  0.2669E-11  0.2671E-11
CALSDV   35   26  0.3058E-11  0.3063E-11
CALSDV   36   26  0.2489E-11  0.2491E-11
CALSDV   37   26  0.2711E-11  0.2715E-11
CALSDV   38   26  0.2487E-11  0.2488E-11
CALSDV   39   26  0.2445E-11  0.2450E-11
CALSDV   40   26  0.2538E-11  0.2537E-11
CALSDV   41   26  0.2329E-11  0.2335E-11
CALSDV   42   26  0.2597E-11  0.2596E-11
CALSDV   43   26  0.2347E-11  0.2352E-11
CALSDV   44   26  0.2657E-11  0.2656E-11
CALSDV   45   26  0.2448E-11  0.2451E-11
CALSDV   46   26  0.2717E-11  0.2717E-11
CALSDV   47   26  0.2581E-11  0.2583E-11
CALSDV   48   26  0.2780E-11  0.2780E-11
CALSDV   49   26  0.2713E-11  0.2714E-11
CALSDV   50   26  0.2845E-11  0.2845E-11
CALSDV   51   26  0.2825E-11  0.2827E-11
CALSDV   52   26  0.2907E-11  0.2908E-11
CALSDV   53   26  0.2910E-11  0.2911E-11
CALSDV   54   26  0.2964E-11  0.2965E-11
CALSDV   55   26  0.2965E-11  0.2966E-11
CALSDV   56   26  0.3013E-11  0.3014E-11
CALSDV   57   26  0.2997E-11  0.2998E-11
CALSDV   58   26  0.3056E-11  0.3057E-11
CALSDV   59   26  0.3084E-11  0.3085E-11
CALSDV   60   26  0.3158E-11  0.3159E-11
CALSDV   27   27  0.3934E-11  0.3945E-11
CALSDV   28   27  0.5438E-11  0.5436E-11
CALSDV   29   27  0.4866E-11  0.4889E-11
CALSDV   30   27  0.2898E-11  0.2888E-11
CALSDV   31   27  0.4084E-11  0.4113E-11
CALSDV   32   27  0.3274E-11  0.3268E-11
CALSDV   33   27  0.3064E-11  0.3080E-11
CALSDV   34   27  0.3438E-11  0.3435E-11
CALSDV   35   27  0.2632E-11  0.2636E-11
CALSDV   36   27  0.3258E-11  0.3258E-11
CALSDV   37   27  0.2676E-11  0.2679E-11
CALSDV   38   27  0.2981E-11  0.2980E-11
CALSDV   39   27  0.2867E-11  0.2877E-11
CALSDV   40   27  0.2763E-11  0.2760E-11
CALSDV   41   27  0.3037E-11  0.3052E-11
CALSDV   42   27  0.2664E-11  0.2660E-11
CALSDV   43   27  0.3152E-11  0.3171E-11
CALSDV   44   27  0.2674E-11  0.2668E-11
CALSDV   45   27  0.3218E-11  0.3238E-11
CALSDV   46   27  0.2751E-11  0.2745E-11
CALSDV   47   27  0.3246E-11  0.3267E-11
CALSDV   48   27  0.2857E-11  0.2850E-11
CALSDV   49   27  0.3251E-11  0.3270E-11
CALSDV   50   27  0.2965E-11  0.2958E-11
CALSDV   51   27  0.3240E-11  0.3256E-11
CALSDV   52   27  0.3057E-11  0.3050E-11
CALSDV   53   27  0.3218E-11  0.3230E-11
CALSDV   54   27  0.3126E-11  0.3121E-11
CALSDV   55   27  0.3183E-11  0.3192E-11
CALSDV   56   27  0.3166E-11  0.3163E-11
CALSDV   57   27  0.3143E-11  0.3151E-11
CALSDV   58   27  0.3186E-11  0.3185E-11
CALSDV   59   27  0.3176E-11  0.3180E-11
CALSDV   60   27  0.3258E-11  0.3258E-11
CALSDV   28   28  0.4119E-11  0.4152E-11
CALSDV   29   28  0.5461E-11  0.5460E-11
CALSDV   30   28  0.4900E-11  0.4908E-11
CALSDV   31   28  0.3067E-11  0.3063E-11
CALSDV   32   28  0.4206E-11  0.4219E-11
CALSDV   33   28  0.3486E-11  0.3484E-11
CALSDV   34   28  0.3302E-11  0.3311E-11
CALSDV   35   28  0.3560E-11  0.3562E-11
CALSDV   36   28  0.2839E-11  0.2842E-11
CALSDV   37   28  0.3265E-11  0.3271E-11
CALSDV   38   28  0.2717E-11  0.2719E-11
CALSDV   39   28  0.2884E-11  0.2895E-11
CALSDV   40   28  0.2728E-11  0.2728E-11
CALSDV   41   28  0.2611E-11  0.2623E-11
CALSDV   42   28  0.2764E-11  0.2764E-11
CALSDV   43   28  0.2513E-11  0.2528E-11
CALSDV   44   28  0.2803E-11  0.2806E-11
CALSDV   45   28  0.2565E-11  0.2579E-11
CALSDV   46   28  0.2850E-11  0.2853E-11
CALSDV   47   28  0.2697E-11  0.2710E-11
CALSDV   48   28  0.2906E-11  0.2910E-11
CALSDV   49   28  0.2851E-11  0.2862E-11
CALSDV   50   28  0.2973E-11  0.2976E-11
CALSDV   51   28  0.2989E-11  0.2997E-11
CALSDV   52   28  0.3044E-11  0.3047E-11
CALSDV   53   28  0.3091E-11  0.3098E-11
CALSDV   54   28  0.3111E-11  0.3114E-11
CALSDV   55   28  0.3148E-11  0.3154E-11
CALSDV   56   28  0.3162E-11  0.3166E-11
CALSDV   57   28  0.3165E-11  0.3170E-11
CALSDV   58   28  0.3198E-11  0.3202E-11
CALSDV   59   28  0.3217E-11  0.3220E-11
CALSDV   60   28  0.3276E-11  0.3278E-11
CALSDV   29   29  0.3768E-11  0.3783E-11
CALSDV   30   29  0.5718E-11  0.5711E-11
CALSDV   31   29  0.5132E-11  0.5133E-11
CALSDV   32   29  0.3193E-11  0.3182E-11
CALSDV   33   29  0.4323E-11  0.4324E-11
CALSDV   34   29  0.3579E-11  0.3571E-11
CALSDV   35   29  0.3261E-11  0.3265E-11
CALSDV   36   29  0.3688E-11  0.3683E-11
CALSDV   37   29  0.2797E-11  0.2801E-11
CALSDV   38   29  0.3449E-11  0.3451E-11
CALSDV   39   29  0.2814E-11  0.2820E-11
CALSDV   40   29  0.3143E-11  0.3151E-11
CALSDV   41   29  0.2985E-11  0.2992E-11
CALSDV   42   29  0.2945E-11  0.2957E-11
CALSDV   43   29  0.3141E-11  0.3148E-11
CALSDV   44   29  0.2903E-11  0.2914E-11
CALSDV   45   29  0.3250E-11  0.3255E-11
CALSDV   46   29  0.2975E-11  0.2987E-11
CALSDV   47   29  0.3316E-11  0.3323E-11
CALSDV   48   29  0.3103E-11  0.3113E-11
CALSDV   49   29  0.3353E-11  0.3360E-11
CALSDV   50   29  0.3235E-11  0.3245E-11
CALSDV   51   29  0.3367E-11  0.3373E-11
CALSDV   52   29  0.3342E-11  0.3352E-11
CALSDV   53   29  0.3363E-11  0.3369E-11
CALSDV   54   29  0.3410E-11  0.3419E-11
CALSDV   55   29  0.3337E-11  0.3343E-11
CALSDV   56   29  0.3431E-11  0.3440E-11
CALSDV   57   29  0.3291E-11  0.3296E-11
CALSDV   58   29  0.3412E-11  0.3418E-11
CALSDV   59   29  0.3296E-11  0.3298E-11
CALSDV   60   29  0.3429E-11  0.3433E-11
CALSDV   30   30  0.4689E-11  0.4662E-11
CALSDV   31   30  0.5776E-11  0.5752E-11
CALSDV   32   30  0.5219E-11  0.5201E-11
CALSDV   33   30  0.3234E-11  0.3237E-11
CALSDV   34   30  0.4394E-11  0.4388E-11
CALSDV   35   30  0.3672E-11  0.3676E-11
CALSDV   36   30  0.3494E-11  0.3491E-11
CALSDV   37   30  0.3748E-11  0.3759E-11
CALSDV   38   30  0.3130E-11  0.3133E-11
CALSDV   39   30  0.3443E-11  0.3458E-11
CALSDV   40   30  0.3100E-11  0.3103E-11
CALSDV   41   30  0.3071E-11  0.3083E-11
CALSDV   42   30  0.3152E-11  0.3153E-11
CALSDV   43   30  0.2828E-11  0.2836E-11
CALSDV   44   30  0.3191E-11  0.3191E-11
CALSDV   45   30  0.2779E-11  0.2782E-11
CALSDV   46   30  0.3216E-11  0.3213E-11
CALSDV   47   30  0.2871E-11  0.2873E-11
CALSDV   48   30  0.3240E-11  0.3236E-11
CALSDV   49   30  0.3024E-11  0.3027E-11
CALSDV   50   30  0.3271E-11  0.3268E-11
CALSDV   51   30  0.3178E-11  0.3180E-11
CALSDV   52   30  0.3312E-11  0.3310E-11
CALSDV   53   30  0.3295E-11  0.3296E-11
CALSDV   54   30  0.3355E-11  0.3353E-11
CALSDV   55   30  0.3354E-11  0.3356E-11
CALSDV   56   30  0.3383E-11  0.3384E-11
CALSDV   57   30  0.3354E-11  0.3358E-11
CALSDV   58   30  0.3389E-11  0.3392E-11
CALSDV   59   30  0.3362E-11  0.3365E-11
CALSDV   60   30  0.3422E-11  0.3423E-11
CALSDV   31   31  0.4012E-11  0.3999E-11
CALSDV   32   31  0.6067E-11  0.6052E-11
CALSDV   33   31  0.5313E-11  0.5289E-11
CALSDV   34   31  0.3608E-11  0.3588E-11
CALSDV   35   31  0.4564E-11  0.4555E-11
CALSDV   36   31  0.3976E-11  0.3962E-11
CALSDV   37   31  0.3575E-11  0.3568E-11
CALSDV   38   31  0.3999E-11  0.3997E-11
CALSDV   39   31  0.3098E-11  0.3095E-11
CALSDV   40   31  0.3682E-11  0.3683E-11
CALSDV   41   31  0.3014E-11  0.3013E-11
CALSDV   42   31  0.3341E-11  0.3342E-11
CALSDV   43   31  0.3064E-11  0.3072E-11
CALSDV   44   31  0.3162E-11  0.3161E-11
CALSDV   45   31  0.3128E-11  0.3143E-11
CALSDV   46   31  0.3172E-11  0.3176E-11
CALSDV   47   31  0.3190E-11  0.3207E-11
CALSDV   48   31  0.3300E-11  0.3307E-11
CALSDV   49   31  0.3252E-11  0.3269E-11
CALSDV   50   31  0.3463E-11  0.3473E-11
CALSDV   51   31  0.3312E-11  0.3326E-11
CALSDV   52   31  0.3603E-11  0.3612E-11
CALSDV   53   31  0.3361E-11  0.3374E-11
CALSDV   54   31  0.3688E-11  0.3698E-11
CALSDV   55   31  0.3389E-11  0.3399E-11
CALSDV   56   31  0.3703E-11  0.3713E-11
CALSDV   57   31  0.3382E-11  0.3391E-11
CALSDV   58   31  0.3652E-11  0.3662E-11
CALSDV   59   31  0.3390E-11  0.3389E-11
CALSDV   60   31  0.3612E-11  0.3612E-11
CALSDV   32   32  0.4038E-11  0.4045E-11
CALSDV   33   32  0.5826E-11  0.5830E-11
CALSDV   34   32  0.5314E-11  0.5311E-11
CALSDV   35   32  0.3379E-11  0.3377E-11
CALSDV   36   32  0.4464E-11  0.4462E-11
CALSDV   37   32  0.3961E-11  0.3957E-11
CALSDV   38   32  0.3538E-11  0.3539E-11
CALSDV   39   32  0.4012E-11  0.4010E-11
CALSDV   40   32  0.3198E-11  0.3197E-11
CALSDV   41   32  0.3638E-11  0.3636E-11
CALSDV   42   32  0.3194E-11  0.3190E-11
CALSDV   43   32  0.3217E-11  0.3216E-11
CALSDV   44   32  0.3258E-11  0.3252E-11
CALSDV   45   32  0.2969E-11  0.2967E-11
CALSDV   46   32  0.3303E-11  0.3296E-11
CALSDV   47   32  0.2952E-11  0.2952E-11
CALSDV   48   32  0.3337E-11  0.3330E-11
CALSDV   49   32  0.3090E-11  0.3089E-11
CALSDV   50   32  0.3381E-11  0.3375E-11
CALSDV   51   32  0.3274E-11  0.3275E-11
CALSDV   52   32  0.3438E-11  0.3432E-11
CALSDV   53   32  0.3434E-11  0.3432E-11
CALSDV   54   32  0.3497E-11  0.3493E-11
CALSDV   55   32  0.3523E-11  0.3523E-11
CALSDV   56   32  0.3540E-11  0.3538E-11
CALSDV   57   32  0.3529E-11  0.3530E-11
CALSDV   58   32  0.3549E-11  0.3548E-11
CALSDV   59   32  0.3508E-11  0.3507E-11
CALSDV   60   32  0.3556E-11  0.3556E-11
CALSDV   33   33  0.4226E-11  0.4226E-11
CALSDV   34   33  0.5980E-11  0.5981E-11
CALSDV   35   33  0.5735E-11  0.5726E-11
CALSDV   36   33  0.3441E-11  0.3441E-11
CALSDV   37   33  0.4803E-11  0.4799E-11
CALSDV   38   33  0.4029E-11  0.4029E-11
CALSDV   39   33  0.3614E-11  0.3614E-11
CALSDV   40   33  0.4082E-11  0.4084E-11
CALSDV   41   33  0.3170E-11  0.3172E-11
CALSDV   42   33  0.3712E-11  0.3717E-11
CALSDV   43   33  0.3295E-11  0.3295E-11
CALSDV   44   33  0.3321E-11  0.3327E-11
CALSDV   45   33  0.3561E-11  0.3562E-11
CALSDV   46   33  0.3133E-11  0.3138E-11
CALSDV   47   33  0.3777E-11  0.3777E-11
CALSDV   48   33  0.3177E-11  0.3182E-11
CALSDV   49   33  0.3908E-11  0.3909E-11
CALSDV   50   33  0.3352E-11  0.3355E-11
CALSDV   51   33  0.3966E-11  0.3965E-11
CALSDV   52   33  0.3555E-11  0.3557E-11
CALSDV   53   33  0.3962E-11  0.3961E-11
CALSDV   54   33  0.3715E-11  0.3715E-11
CALSDV   55   33  0.3896E-11  0.3894E-11
CALSDV   56   33  0.3793E-11  0.3793E-11
CALSDV   57   33  0.3771E-11  0.3772E-11
CALSDV   58   33  0.3778E-11  0.3777E-11
CALSDV   59   33  0.3647E-11  0.3646E-11
CALSDV   60   33  0.3723E-11  0.3723E-11
CALSDV   34   34  0.3930E-11  0.3926E-11
CALSDV   35   34  0.5933E-11  0.5943E-11
CALSDV   36   34  0.5519E-11  0.5523E-11
CALSDV   37   34  0.3510E-11  0.3506E-11
CALSDV   38   34  0.4598E-11  0.4594E-11
CALSDV   39   34  0.4230E-11  0.4222E-11
CALSDV   40   34  0.3661E-11  0.3655E-11
CALSDV   41   34  0.4287E-11  0.4278E-11
CALSDV   42   34  0.3351E-11  0.3352E-11
CALSDV   43   34  0.3899E-11  0.3890E-11
CALSDV   44   34  0.3358E-11  0.3366E-11
CALSDV   45   34  0.3493E-11  0.3485E-11
CALSDV   46   34  0.3414E-11  0.3422E-11
CALSDV   47   34  0.3290E-11  0.3284E-11
CALSDV   48   34  0.3450E-11  0.3458E-11
CALSDV   49   34  0.3320E-11  0.3317E-11
CALSDV   50   34  0.3489E-11  0.3496E-11
CALSDV   51   34  0.3472E-11  0.3475E-11
CALSDV   52   34  0.3549E-11  0.3557E-11
CALSDV   53   34  0.3637E-11  0.3645E-11
CALSDV   54   34  0.3625E-11  0.3632E-11
CALSDV   55   34  0.3739E-11  0.3748E-11
CALSDV   56   34  0.3685E-11  0.3693E-11
CALSDV   57   34  0.3738E-11  0.3746E-11
CALSDV   58   34  0.3703E-11  0.3710E-11
CALSDV   59   34  0.3671E-11  0.3676E-11
CALSDV   60   34  0.3689E-11  0.3695E-11
CALSDV   35   35  0.4242E-11  0.4240E-11
CALSDV   36   35  0.6152E-11  0.6151E-11
CALSDV   37   35  0.6084E-11  0.6084E-11
CALSDV   38   35  0.3624E-11  0.3630E-11
CALSDV   39   35  0.5071E-11  0.5071E-11
CALSDV   40   35  0.4300E-11  0.4299E-11
CALSDV   41   35  0.3828E-11  0.3832E-11
CALSDV   42   35  0.4317E-11  0.4314E-11
CALSDV   43   35  0.3390E-11  0.3390E-11
CALSDV   44   35  0.3901E-11  0.3896E-11
CALSDV   45   35  0.3525E-11  0.3521E-11
CALSDV   46   35  0.3518E-11  0.3513E-11
CALSDV   47   35  0.3789E-11  0.3782E-11
CALSDV   48   35  0.3394E-11  0.3390E-11
CALSDV   49   35  0.3996E-11  0.3988E-11
CALSDV   50   35  0.3513E-11  0.3512E-11
CALSDV   51   35  0.4112E-11  0.4106E-11
CALSDV   52   35  0.3729E-11  0.3731E-11
CALSDV   53   35  0.4148E-11  0.4142E-11
CALSDV   54   35  0.3926E-11  0.3929E-11
CALSDV   55   35  0.4104E-11  0.4100E-11
CALSDV   56   35  0.4030E-11  0.4033E-11
CALSDV   57   35  0.3975E-11  0.3973E-11
CALSDV   58   35  0.4010E-11  0.4013E-11
CALSDV   59   35  0.3806E-11  0.3804E-11
CALSDV   60   35  0.3905E-11  0.3906E-11
CALSDV   36   36  0.4099E-11  0.4092E-11
CALSDV   37   36  0.6101E-11  0.6103E-11
CALSDV   38   36  0.5836E-11  0.5835E-11
CALSDV   39   36  0.3696E-11  0.3699E-11
CALSDV   40   36  0.4804E-11  0.4799E-11
CALSDV   41   36  0.4511E-11  0.4514E-11
CALSDV   42   36  0.3836E-11  0.3837E-11
CALSDV   43   36  0.4561E-11  0.4568E-11
CALSDV   44   36  0.3577E-11  0.3581E-11
CALSDV   45   36  0.4174E-11  0.4184E-11
CALSDV   46   36  0.3631E-11  0.3634E-11
CALSDV   47   36  0.3827E-11  0.3836E-11
CALSDV   48   36  0.3707E-11  0.3706E-11
CALSDV   49   36  0.3705E-11  0.3715E-11
CALSDV   50   36  0.3753E-11  0.3750E-11
CALSDV   51   36  0.3784E-11  0.3792E-11
CALSDV   52   36  0.3799E-11  0.3795E-11
CALSDV   53   36  0.3928E-11  0.3933E-11
CALSDV   54   36  0.3860E-11  0.3855E-11
CALSDV   55   36  0.4022E-11  0.4026E-11
CALSDV   56   36  0.3913E-11  0.3910E-11
CALSDV   57   36  0.3998E-11  0.4001E-11
CALSDV   58   36  0.3914E-11  0.3912E-11
CALSDV   59   36  0.3867E-11  0.3869E-11
CALSDV   60   36  0.3855E-11  0.3856E-11
CALSDV   37   37  0.3974E-11  0.3974E-11
CALSDV   38   37  0.6342E-11  0.6333E-11
CALSDV   39   37  0.6431E-11  0.6428E-11
CALSDV   40   37  0.3865E-11  0.3855E-11
CALSDV   41   37  0.5315E-11  0.5313E-11
CALSDV   42   37  0.4598E-11  0.4592E-11
CALSDV   43   37  0.4027E-11  0.4021E-11
CALSDV   44   37  0.4539E-11  0.4538E-11
CALSDV   45   37  0.3588E-11  0.3582E-11
CALSDV   46   37  0.4046E-11  0.4051E-11
CALSDV   47   37  0.3711E-11  0.3707E-11
CALSDV   48   37  0.3658E-11  0.3663E-11
CALSDV   49   37  0.3952E-11  0.3947E-11
CALSDV   50   37  0.3600E-11  0.3604E-11
CALSDV   51   37  0.4137E-11  0.4134E-11
CALSDV   52   37  0.3790E-11  0.3794E-11
CALSDV   53   37  0.4235E-11  0.4233E-11
CALSDV   54   37  0.4034E-11  0.4038E-11
CALSDV   55   37  0.4240E-11  0.4238E-11
CALSDV   56   37  0.4197E-11  0.4202E-11
CALSDV   57   37  0.4140E-11  0.4140E-11
CALSDV   58   37  0.4208E-11  0.4212E-11
CALSDV   59   37  0.3952E-11  0.3950E-11
CALSDV   60   37  0.4076E-11  0.4076E-11
CALSDV   38   38  0.4164E-11  0.4172E-11
CALSDV   39   38  0.6280E-11  0.6288E-11
CALSDV   40   38  0.6146E-11  0.6149E-11
CALSDV   41   38  0.3910E-11  0.3914E-11
CALSDV   42   38  0.4990E-11  0.5004E-11
CALSDV   43   38  0.4796E-11  0.4786E-11
CALSDV   44   38  0.4015E-11  0.4023E-11
CALSDV   45   38  0.4818E-11  0.4815E-11
CALSDV   46   38  0.3805E-11  0.3805E-11
CALSDV   47   38  0.4430E-11  0.4433E-11
CALSDV   48   38  0.3868E-11  0.3882E-11
CALSDV   49   38  0.4140E-11  0.4146E-11
CALSDV   50   38  0.3933E-11  0.3960E-11
CALSDV   51   38  0.4098E-11  0.4105E-11
CALSDV   52   38  0.3974E-11  0.4007E-11
CALSDV   53   38  0.4205E-11  0.4214E-11
CALSDV   54   38  0.4023E-11  0.4057E-11
CALSDV   55   38  0.4297E-11  0.4308E-11
CALSDV   56   38  0.4079E-11  0.4108E-11
CALSDV   57   38  0.4264E-11  0.4269E-11
CALSDV   58   38  0.4091E-11  0.4111E-11
CALSDV   59   38  0.4074E-11  0.4077E-11
CALSDV   60   38  0.4011E-11  0.4021E-11
CALSDV   39   39  0.4058E-11  0.4023E-11
CALSDV   40   39  0.6530E-11  0.6528E-11
CALSDV   41   39  0.6824E-11  0.6812E-11
CALSDV   42   39  0.4145E-11  0.4146E-11
CALSDV   43   39  0.5572E-11  0.5560E-11
CALSDV   44   39  0.4914E-11  0.4913E-11
CALSDV   45   39  0.4213E-11  0.4208E-11
CALSDV   46   39  0.4744E-11  0.4750E-11
CALSDV   47   39  0.3799E-11  0.3800E-11
CALSDV   48   39  0.4170E-11  0.4178E-11
CALSDV   49   39  0.3965E-11  0.3958E-11
CALSDV   50   39  0.3806E-11  0.3809E-11
CALSDV   51   39  0.4223E-11  0.4207E-11
CALSDV   52   39  0.3841E-11  0.3839E-11
CALSDV   53   39  0.4399E-11  0.4381E-11
CALSDV   54   39  0.4102E-11  0.4097E-11
CALSDV   55   39  0.4454E-11  0.4441E-11
CALSDV   56   39  0.4338E-11  0.4334E-11
CALSDV   57   39  0.4368E-11  0.4359E-11
CALSDV   58   39  0.4403E-11  0.4397E-11
CALSDV   59   39  0.4138E-11  0.4133E-11
CALSDV   60   39  0.4256E-11  0.4251E-11
CALSDV   40   40  0.4439E-11  0.4442E-11
CALSDV   41   40  0.6590E-11  0.6581E-11
CALSDV   42   40  0.6709E-11  0.6712E-11
CALSDV   43   40  0.4246E-11  0.4241E-11
CALSDV   44   40  0.5362E-11  0.5359E-11
CALSDV   45   40  0.5135E-11  0.5133E-11
CALSDV   46   40  0.4242E-11  0.4241E-11
CALSDV   47   40  0.5149E-11  0.5146E-11
CALSDV   48   40  0.4116E-11  0.4118E-11
CALSDV   49   40  0.4820E-11  0.4818E-11
CALSDV   50   40  0.4360E-11  0.4364E-11
CALSDV   51   40  0.4634E-11  0.4633E-11
CALSDV   52   40  0.4570E-11  0.4568E-11
CALSDV   53   40  0.4651E-11  0.4648E-11
CALSDV   54   40  0.4664E-11  0.4656E-11
CALSDV   55   40  0.4708E-11  0.4704E-11
CALSDV   56   40  0.4658E-11  0.4652E-11
CALSDV   57   40  0.4629E-11  0.4627E-11
CALSDV   58   40  0.4549E-11  0.4545E-11
CALSDV   59   40  0.4339E-11  0.4339E-11
CALSDV   60   40  0.4313E-11  0.4312E-11
CALSDV   41   41  0.4346E-11  0.4332E-11
CALSDV   42   41  0.6781E-11  0.6779E-11
CALSDV   43   41  0.7250E-11  0.7240E-11
CALSDV   44   41  0.4569E-11  0.4565E-11
CALSDV   45   41  0.5802E-11  0.5797E-11
CALSDV   46   41  0.5329E-11  0.5328E-11
CALSDV   47   41  0.4403E-11  0.4403E-11
CALSDV   48   41  0.5049E-11  0.5042E-11
CALSDV   49   41  0.4099E-11  0.4096E-11
CALSDV   50   41  0.4419E-11  0.4413E-11
CALSDV   51   41  0.4340E-11  0.4333E-11
CALSDV   52   41  0.4105E-11  0.4097E-11
CALSDV   53   41  0.4602E-11  0.4594E-11
CALSDV   54   41  0.4215E-11  0.4209E-11
CALSDV   55   41  0.4716E-11  0.4710E-11
CALSDV   56   41  0.4476E-11  0.4472E-11
CALSDV   57   41  0.4642E-11  0.4639E-11
CALSDV   58   41  0.4599E-11  0.4597E-11
CALSDV   59   41  0.4359E-11  0.4356E-11
CALSDV   60   41  0.4447E-11  0.4443E-11
CALSDV   42   42  0.4685E-11  0.4675E-11
CALSDV   43   42  0.6938E-11  0.6927E-11
CALSDV   44   42  0.7480E-11  0.7502E-11
CALSDV   45   42  0.4669E-11  0.4664E-11
CALSDV   46   42  0.5848E-11  0.5865E-11
CALSDV   47   42  0.5475E-11  0.5474E-11
CALSDV   48   42  0.4490E-11  0.4494E-11
CALSDV   49   42  0.5387E-11  0.5386E-11
CALSDV   50   42  0.4506E-11  0.4504E-11
CALSDV   51   42  0.5050E-11  0.5044E-11
CALSDV   52   42  0.5002E-11  0.5005E-11
CALSDV   53   42  0.4917E-11  0.4909E-11
CALSDV   54   42  0.5348E-11  0.5355E-11
CALSDV   55   42  0.4942E-11  0.4936E-11
CALSDV   56   42  0.5406E-11  0.5416E-11
CALSDV   57   42  0.4886E-11  0.4881E-11
CALSDV   58   42  0.5191E-11  0.5200E-11
CALSDV   59   42  0.4567E-11  0.4564E-11
CALSDV   60   42  0.4733E-11  0.4735E-11
CALSDV   43   43  0.4612E-11  0.4604E-11
CALSDV   44   43  0.6996E-11  0.6993E-11
CALSDV   45   43  0.7710E-11  0.7702E-11
CALSDV   46   43  0.4953E-11  0.4955E-11
CALSDV   47   43  0.6013E-11  0.6010E-11
CALSDV   48   43  0.5670E-11  0.5657E-11
CALSDV   49   43  0.4597E-11  0.4592E-11
CALSDV   50   43  0.5250E-11  0.5238E-11
CALSDV   51   43  0.4454E-11  0.4456E-11
CALSDV   52   43  0.4603E-11  0.4593E-11
CALSDV   53   43  0.4792E-11  0.4794E-11
CALSDV   54   43  0.4391E-11  0.4389E-11
CALSDV   55   43  0.5022E-11  0.5021E-11
CALSDV   56   43  0.4577E-11  0.4578E-11
CALSDV   57   43  0.4980E-11  0.4979E-11
CALSDV   58   43  0.4761E-11  0.4763E-11
CALSDV   59   43  0.4627E-11  0.4626E-11
CALSDV   60   43  0.4634E-11  0.4633E-11
CALSDV   44   44  0.4815E-11  0.4821E-11
CALSDV   45   44  0.7346E-11  0.7349E-11
CALSDV   46   44  0.8056E-11  0.8044E-11
CALSDV   47   44  0.5170E-11  0.5150E-11
CALSDV   48   44  0.6150E-11  0.6146E-11
CALSDV   49   44  0.5890E-11  0.5879E-11
CALSDV   50   44  0.4715E-11  0.4714E-11
CALSDV   51   44  0.5730E-11  0.5721E-11
CALSDV   52   44  0.4871E-11  0.4878E-11
CALSDV   53   44  0.5408E-11  0.5400E-11
CALSDV   54   44  0.5444E-11  0.5454E-11
CALSDV   55   44  0.5284E-11  0.5280E-11
CALSDV   56   44  0.5726E-11  0.5739E-11
CALSDV   57   44  0.5184E-11  0.5186E-11
CALSDV   58   44  0.5587E-11  0.5600E-11
CALSDV   59   44  0.4820E-11  0.4820E-11
CALSDV   60   44  0.5051E-11  0.5056E-11
CALSDV   45   45  0.5397E-11  0.5396E-11
CALSDV   46   45  0.7323E-11  0.7311E-11
CALSDV   47   45  0.8285E-11  0.8289E-11
CALSDV   48   45  0.5384E-11  0.5379E-11
CALSDV   49   45  0.6255E-11  0.6260E-11
CALSDV   50   45  0.6006E-11  0.5979E-11
CALSDV   51   45  0.4986E-11  0.4988E-11
CALSDV   52   45  0.5520E-11  0.5475E-11
CALSDV   53   45  0.5183E-11  0.5190E-11
CALSDV   54   45  0.4968E-11  0.4916E-11
CALSDV   55   45  0.5579E-11  0.5585E-11
CALSDV   56   45  0.4887E-11  0.4849E-11
CALSDV   57   45  0.5574E-11  0.5576E-11
CALSDV   58   45  0.5012E-11  0.4988E-11
CALSDV   59   45  0.5061E-11  0.5064E-11
CALSDV   60   45  0.4865E-11  0.4856E-11
CALSDV   46   46  0.5289E-11  0.5283E-11
CALSDV   47   46  0.8049E-11  0.8007E-11
CALSDV   48   46  0.8588E-11  0.8508E-11
CALSDV   49   46  0.5950E-11  0.5882E-11
CALSDV   50   46  0.6553E-11  0.6547E-11
CALSDV   51   46  0.6519E-11  0.6490E-11
CALSDV   52   46  0.5140E-11  0.5146E-11
CALSDV   53   46  0.6273E-11  0.6247E-11
CALSDV   54   46  0.5239E-11  0.5258E-11
CALSDV   55   46  0.5900E-11  0.5879E-11
CALSDV   56   46  0.5646E-11  0.5674E-11
CALSDV   57   46  0.5605E-11  0.5615E-11
CALSDV   58   46  0.5695E-11  0.5738E-11
CALSDV   59   46  0.5122E-11  0.5126E-11
CALSDV   60   46  0.5244E-11  0.5260E-11
CALSDV   47   47  0.1033E-10  0.1024E-10
CALSDV   48   47  0.7589E-11  0.7587E-11
CALSDV   49   47  0.9229E-11  0.9198E-11
CALSDV   50   47  0.5851E-11  0.5851E-11
CALSDV   51   47  0.6315E-11  0.6298E-11
CALSDV   52   47  0.6318E-11  0.6316E-11
CALSDV   53   47  0.5251E-11  0.5236E-11
CALSDV   54   47  0.5752E-11  0.5743E-11
CALSDV   55   47  0.5619E-11  0.5614E-11
CALSDV   56   47  0.5302E-11  0.5292E-11
CALSDV   57   47  0.5834E-11  0.5833E-11
CALSDV   58   47  0.5266E-11  0.5265E-11
CALSDV   59   47  0.5383E-11  0.5380E-11
CALSDV   60   47  0.5104E-11  0.5102E-11
CALSDV   48   48  0.6715E-11  0.6711E-11
CALSDV   49   48  0.8144E-11  0.8142E-11
CALSDV   50   48  0.9108E-11  0.9092E-11
CALSDV   51   48  0.5962E-11  0.5947E-11
CALSDV   52   48  0.6367E-11  0.6356E-11
CALSDV   53   48  0.6375E-11  0.6373E-11
CALSDV   54   48  0.5222E-11  0.5205E-11
CALSDV   55   48  0.6084E-11  0.6091E-11
CALSDV   56   48  0.5832E-11  0.5818E-11
CALSDV   57   48  0.5779E-11  0.5782E-11
CALSDV   58   48  0.6220E-11  0.6208E-11
CALSDV   59   48  0.5340E-11  0.5334E-11
CALSDV   60   48  0.5752E-11  0.5743E-11
CALSDV   49   49  0.7541E-11  0.7507E-11
CALSDV   50   49  0.7828E-11  0.7828E-11
CALSDV   51   49  0.1075E-10  0.1071E-10
CALSDV   52   49  0.6284E-11  0.6266E-11
CALSDV   53   49  0.6153E-11  0.6146E-11
CALSDV   54   49  0.6777E-11  0.6751E-11
CALSDV   55   49  0.5809E-11  0.5799E-11
CALSDV   56   49  0.6241E-11  0.6215E-11
CALSDV   57   49  0.5841E-11  0.5822E-11
CALSDV   58   49  0.5853E-11  0.5840E-11
CALSDV   59   49  0.5654E-11  0.5638E-11
CALSDV   60   49  0.5472E-11  0.5469E-11
CALSDV   50   50  0.9237E-11  0.9244E-11
CALSDV   51   50  0.1005E-10  0.1002E-10
CALSDV   52   50  0.1126E-10  0.1119E-10
CALSDV   53   50  0.8214E-11  0.8204E-11
CALSDV   54   50  0.6314E-11  0.6299E-11
CALSDV   55   50  0.6864E-11  0.6864E-11
CALSDV   56   50  0.5742E-11  0.5715E-11
CALSDV   57   50  0.6933E-11  0.6923E-11
CALSDV   58   50  0.6232E-11  0.6227E-11
CALSDV   59   50  0.5880E-11  0.5876E-11
CALSDV   60   50  0.6046E-11  0.6043E-11
CALSDV   51   51  0.8872E-11  0.8978E-11
CALSDV   52   51  0.1032E-10  0.1033E-10
CALSDV   53   51  0.1142E-10  0.1142E-10
CALSDV   54   51  0.8980E-11  0.8966E-11
CALSDV   55   51  0.7503E-11  0.7503E-11
CALSDV   56   51  0.7520E-11  0.7538E-11
CALSDV   57   51  0.6335E-11  0.6347E-11
CALSDV   58   51  0.7687E-11  0.7703E-11
CALSDV   59   51  0.6695E-11  0.6699E-11
CALSDV   60   51  0.6237E-11  0.6249E-11
CALSDV   52   52  0.9660E-11  0.9789E-11
CALSDV   53   52  0.1054E-10  0.1054E-10
CALSDV   54   52  0.1189E-10  0.1186E-10
CALSDV   55   52  0.8867E-11  0.8893E-11
CALSDV   56   52  0.7264E-11  0.7227E-11
CALSDV   57   52  0.7801E-11  0.7838E-11
CALSDV   58   52  0.6083E-11  0.6082E-11
CALSDV   59   52  0.7000E-11  0.7037E-11
CALSDV   60   52  0.6717E-11  0.6710E-11
CALSDV   53   53  0.9827E-11  0.9729E-11
CALSDV   54   53  0.1098E-10  0.1094E-10
CALSDV   55   53  0.1163E-10  0.1156E-10
CALSDV   56   53  0.9750E-11  0.9735E-11
CALSDV   57   53  0.7952E-11  0.7989E-11
CALSDV   58   53  0.8740E-11  0.8745E-11
CALSDV   59   53  0.7271E-11  0.7259E-11
CALSDV   60   53  0.7702E-11  0.7684E-11
CALSDV   54   54  0.9336E-11  0.9512E-11
CALSDV   55   54  0.9999E-11  0.9971E-11
CALSDV   56   54  0.1209E-10  0.1197E-10
CALSDV   57   54  0.1031E-10  0.1032E-10
CALSDV   58   54  0.7838E-11  0.7786E-11
CALSDV   59   54  0.8215E-11  0.8239E-11
CALSDV   60   54  0.7167E-11  0.7164E-11
CALSDV   55   55  0.1056E-10  0.1071E-10
CALSDV   56   55  0.1044E-10  0.1046E-10
CALSDV   57   55  0.1245E-10  0.1235E-10
CALSDV   58   55  0.1091E-10  0.1093E-10
CALSDV   59   55  0.9245E-11  0.9170E-11
CALSDV   60   55  0.9086E-11  0.9092E-11
CALSDV   56   56  0.9287E-11  0.9310E-11
CALSDV   57   56  0.9788E-11  0.9825E-11
CALSDV   58   56  0.1375E-10  0.1373E-10
CALSDV   59   56  0.1178E-10  0.1177E-10
CALSDV   60   56  0.9867E-11  0.9835E-11
CALSDV   57   57  0.1064E-10  0.1073E-10
CALSDV   58   57  0.1017E-10  0.1025E-10
CALSDV   59   57  0.1329E-10  0.1291E-10
CALSDV   60   57  0.1209E-10  0.1210E-10
CALSDV   58   58  0.8333E-11  0.8307E-11
CALSDV   59   58  0.6445E-11  0.6442E-11
CALSDV   60   58  0.1544E-10  0.1533E-10
CALSDV   59   59  0.7405E-11  0.7390E-11
CALSDV   60   59  0.6746E-11  0.6696E-11
CALSDV   60   60  0.1625E-10  0.1614E-10
