  This file contains calibrated standard deviations 
       The relevant data lines start with key CALSDV 
       Each such line contains the following data 
           N   M   C_SIGMA   S_SIGMA 
                 FOR M=0 S_SIGMA=0.0 
     
CALSDV    0    0  0.0000E+00  0.0000E+00
CALSDV    1    0  0.0000E+00  0.0000E+00
CALSDV    2    0  0.5948E-10  0.0000E+00
CALSDV    3    0  0.9262E-11  0.0000E+00
CALSDV    4    0  0.3177E-11  0.0000E+00
CALSDV    5    0  0.2106E-11  0.0000E+00
CALSDV    6    0  0.1611E-11  0.0000E+00
CALSDV    7    0  0.1291E-11  0.0000E+00
CALSDV    8    0  0.1092E-11  0.0000E+00
CALSDV    9    0  0.9493E-12  0.0000E+00
CALSDV   10    0  0.8451E-12  0.0000E+00
CALSDV   11    0  0.7663E-12  0.0000E+00
CALSDV   12    0  0.7064E-12  0.0000E+00
CALSDV   13    0  0.6604E-12  0.0000E+00
CALSDV   14    0  0.6224E-12  0.0000E+00
CALSDV   15    0  0.5932E-12  0.0000E+00
CALSDV   16    0  0.5698E-12  0.0000E+00
CALSDV   17    0  0.5510E-12  0.0000E+00
CALSDV   18    0  0.5363E-12  0.0000E+00
CALSDV   19    0  0.5250E-12  0.0000E+00
CALSDV   20    0  0.5165E-12  0.0000E+00
CALSDV   21    0  0.5104E-12  0.0000E+00
CALSDV   22    0  0.5064E-12  0.0000E+00
CALSDV   23    0  0.5045E-12  0.0000E+00
CALSDV   24    0  0.5042E-12  0.0000E+00
CALSDV   25    0  0.5055E-12  0.0000E+00
CALSDV   26    0  0.5083E-12  0.0000E+00
CALSDV   27    0  0.5127E-12  0.0000E+00
CALSDV   28    0  0.5181E-12  0.0000E+00
CALSDV   29    0  0.5250E-12  0.0000E+00
CALSDV   30    0  0.5331E-12  0.0000E+00
CALSDV   31    0  0.5425E-12  0.0000E+00
CALSDV   32    0  0.5531E-12  0.0000E+00
CALSDV   33    0  0.5650E-12  0.0000E+00
CALSDV   34    0  0.5779E-12  0.0000E+00
CALSDV   35    0  0.5923E-12  0.0000E+00
CALSDV   36    0  0.6077E-12  0.0000E+00
CALSDV   37    0  0.6248E-12  0.0000E+00
CALSDV   38    0  0.6431E-12  0.0000E+00
CALSDV   39    0  0.6629E-12  0.0000E+00
CALSDV   40    0  0.6841E-12  0.0000E+00
CALSDV   41    0  0.7069E-12  0.0000E+00
CALSDV   42    0  0.7313E-12  0.0000E+00
CALSDV   43    0  0.7573E-12  0.0000E+00
CALSDV   44    0  0.7852E-12  0.0000E+00
CALSDV   45    0  0.8148E-12  0.0000E+00
CALSDV   46    0  0.8465E-12  0.0000E+00
CALSDV   47    0  0.8802E-12  0.0000E+00
CALSDV   48    0  0.9161E-12  0.0000E+00
CALSDV   49    0  0.9541E-12  0.0000E+00
CALSDV   50    0  0.9948E-12  0.0000E+00
CALSDV   51    0  0.1038E-11  0.0000E+00
CALSDV   52    0  0.1084E-11  0.0000E+00
CALSDV   53    0  0.1132E-11  0.0000E+00
CALSDV   54    0  0.1184E-11  0.0000E+00
CALSDV   55    0  0.1238E-11  0.0000E+00
CALSDV   56    0  0.1297E-11  0.0000E+00
CALSDV   57    0  0.1353E-11  0.0000E+00
CALSDV   58    0  0.1417E-11  0.0000E+00
CALSDV   59    0  0.1337E-11  0.0000E+00
CALSDV   60    0  0.1400E-11  0.0000E+00
CALSDV    1    1  0.0000E+00  0.0000E+00
CALSDV    2    1  0.2683E-10  0.2919E-10
CALSDV    3    1  0.6570E-11  0.6848E-11
CALSDV    4    1  0.3343E-11  0.3364E-11
CALSDV    5    1  0.2236E-11  0.2237E-11
CALSDV    6    1  0.1675E-11  0.1674E-11
CALSDV    7    1  0.1343E-11  0.1341E-11
CALSDV    8    1  0.1125E-11  0.1123E-11
CALSDV    9    1  0.9737E-12  0.9724E-12
CALSDV   10    1  0.8636E-12  0.8623E-12
CALSDV   11    1  0.7817E-12  0.7804E-12
CALSDV   12    1  0.7189E-12  0.7175E-12
CALSDV   13    1  0.6698E-12  0.6684E-12
CALSDV   14    1  0.6312E-12  0.6301E-12
CALSDV   15    1  0.6006E-12  0.5992E-12
CALSDV   16    1  0.5760E-12  0.5748E-12
CALSDV   17    1  0.5565E-12  0.5553E-12
CALSDV   18    1  0.5415E-12  0.5403E-12
CALSDV   19    1  0.5294E-12  0.5284E-12
CALSDV   20    1  0.5204E-12  0.5192E-12
CALSDV   21    1  0.5141E-12  0.5130E-12
CALSDV   22    1  0.5098E-12  0.5088E-12
CALSDV   23    1  0.5075E-12  0.5065E-12
CALSDV   24    1  0.5072E-12  0.5060E-12
CALSDV   25    1  0.5083E-12  0.5073E-12
CALSDV   26    1  0.5109E-12  0.5099E-12
CALSDV   27    1  0.5150E-12  0.5140E-12
CALSDV   28    1  0.5205E-12  0.5195E-12
CALSDV   29    1  0.5273E-12  0.5263E-12
CALSDV   30    1  0.5353E-12  0.5343E-12
CALSDV   31    1  0.5446E-12  0.5436E-12
CALSDV   32    1  0.5551E-12  0.5541E-12
CALSDV   33    1  0.5669E-12  0.5659E-12
CALSDV   34    1  0.5798E-12  0.5788E-12
CALSDV   35    1  0.5941E-12  0.5931E-12
CALSDV   36    1  0.6097E-12  0.6086E-12
CALSDV   37    1  0.6266E-12  0.6255E-12
CALSDV   38    1  0.6449E-12  0.6438E-12
CALSDV   39    1  0.6647E-12  0.6635E-12
CALSDV   40    1  0.6859E-12  0.6847E-12
CALSDV   41    1  0.7087E-12  0.7075E-12
CALSDV   42    1  0.7330E-12  0.7318E-12
CALSDV   43    1  0.7591E-12  0.7578E-12
CALSDV   44    1  0.7869E-12  0.7856E-12
CALSDV   45    1  0.8166E-12  0.8153E-12
CALSDV   46    1  0.8482E-12  0.8469E-12
CALSDV   47    1  0.8819E-12  0.8806E-12
CALSDV   48    1  0.9178E-12  0.9164E-12
CALSDV   49    1  0.9559E-12  0.9546E-12
CALSDV   50    1  0.9967E-12  0.9951E-12
CALSDV   51    1  0.1040E-11  0.1038E-11
CALSDV   52    1  0.1086E-11  0.1084E-11
CALSDV   53    1  0.1134E-11  0.1133E-11
CALSDV   54    1  0.1186E-11  0.1184E-11
CALSDV   55    1  0.1240E-11  0.1238E-11
CALSDV   56    1  0.1299E-11  0.1297E-11
CALSDV   57    1  0.1355E-11  0.1353E-11
CALSDV   58    1  0.1420E-11  0.1418E-11
CALSDV   59    1  0.1341E-11  0.1340E-11
CALSDV   60    1  0.1404E-11  0.1403E-11
CALSDV    2    2  0.2018E-10  0.2316E-10
CALSDV    3    2  0.9868E-11  0.9922E-11
CALSDV    4    2  0.4616E-11  0.4642E-11
CALSDV    5    2  0.2838E-11  0.2856E-11
CALSDV    6    2  0.2049E-11  0.2052E-11
CALSDV    7    2  0.1566E-11  0.1569E-11
CALSDV    8    2  0.1283E-11  0.1286E-11
CALSDV    9    2  0.1084E-11  0.1085E-11
CALSDV   10    2  0.9483E-12  0.9493E-12
CALSDV   11    2  0.8447E-12  0.8456E-12
CALSDV   12    2  0.7697E-12  0.7706E-12
CALSDV   13    2  0.7102E-12  0.7109E-12
CALSDV   14    2  0.6647E-12  0.6653E-12
CALSDV   15    2  0.6284E-12  0.6289E-12
CALSDV   16    2  0.5998E-12  0.6003E-12
CALSDV   17    2  0.5767E-12  0.5774E-12
CALSDV   18    2  0.5591E-12  0.5595E-12
CALSDV   19    2  0.5449E-12  0.5454E-12
CALSDV   20    2  0.5342E-12  0.5347E-12
CALSDV   21    2  0.5263E-12  0.5267E-12
CALSDV   22    2  0.5208E-12  0.5214E-12
CALSDV   23    2  0.5175E-12  0.5180E-12
CALSDV   24    2  0.5162E-12  0.5167E-12
CALSDV   25    2  0.5166E-12  0.5171E-12
CALSDV   26    2  0.5185E-12  0.5189E-12
CALSDV   27    2  0.5221E-12  0.5226E-12
CALSDV   28    2  0.5270E-12  0.5275E-12
CALSDV   29    2  0.5335E-12  0.5339E-12
CALSDV   30    2  0.5410E-12  0.5414E-12
CALSDV   31    2  0.5500E-12  0.5505E-12
CALSDV   32    2  0.5601E-12  0.5606E-12
CALSDV   33    2  0.5716E-12  0.5721E-12
CALSDV   34    2  0.5844E-12  0.5849E-12
CALSDV   35    2  0.5986E-12  0.5991E-12
CALSDV   36    2  0.6137E-12  0.6143E-12
CALSDV   37    2  0.6307E-12  0.6312E-12
CALSDV   38    2  0.6487E-12  0.6492E-12
CALSDV   39    2  0.6683E-12  0.6689E-12
CALSDV   40    2  0.6893E-12  0.6899E-12
CALSDV   41    2  0.7120E-12  0.7126E-12
CALSDV   42    2  0.7362E-12  0.7369E-12
CALSDV   43    2  0.7622E-12  0.7629E-12
CALSDV   44    2  0.7899E-12  0.7905E-12
CALSDV   45    2  0.8194E-12  0.8202E-12
CALSDV   46    2  0.8510E-12  0.8518E-12
CALSDV   47    2  0.8847E-12  0.8854E-12
CALSDV   48    2  0.9205E-12  0.9212E-12
CALSDV   49    2  0.9585E-12  0.9595E-12
CALSDV   50    2  0.9991E-12  0.1000E-11
CALSDV   51    2  0.1042E-11  0.1043E-11
CALSDV   52    2  0.1088E-11  0.1089E-11
CALSDV   53    2  0.1137E-11  0.1138E-11
CALSDV   54    2  0.1188E-11  0.1190E-11
CALSDV   55    2  0.1243E-11  0.1244E-11
CALSDV   56    2  0.1301E-11  0.1302E-11
CALSDV   57    2  0.1359E-11  0.1360E-11
CALSDV   58    2  0.1423E-11  0.1425E-11
CALSDV   59    2  0.1356E-11  0.1358E-11
CALSDV   60    2  0.1419E-11  0.1420E-11
CALSDV    3    3  0.2316E-10  0.2328E-10
CALSDV    4    3  0.9283E-11  0.9229E-11
CALSDV    5    3  0.6250E-11  0.6277E-11
CALSDV    6    3  0.3328E-11  0.3301E-11
CALSDV    7    3  0.2943E-11  0.2954E-11
CALSDV    8    3  0.1839E-11  0.1829E-11
CALSDV    9    3  0.1746E-11  0.1752E-11
CALSDV   10    3  0.1241E-11  0.1233E-11
CALSDV   11    3  0.1207E-11  0.1211E-11
CALSDV   12    3  0.9423E-12  0.9386E-12
CALSDV   13    3  0.9276E-12  0.9301E-12
CALSDV   14    3  0.7750E-12  0.7732E-12
CALSDV   15    3  0.7682E-12  0.7704E-12
CALSDV   16    3  0.6758E-12  0.6749E-12
CALSDV   17    3  0.6726E-12  0.6741E-12
CALSDV   18    3  0.6136E-12  0.6136E-12
CALSDV   19    3  0.6132E-12  0.6147E-12
CALSDV   20    3  0.5755E-12  0.5757E-12
CALSDV   21    3  0.5774E-12  0.5787E-12
CALSDV   22    3  0.5532E-12  0.5537E-12
CALSDV   23    3  0.5570E-12  0.5581E-12
CALSDV   24    3  0.5423E-12  0.5429E-12
CALSDV   25    3  0.5478E-12  0.5490E-12
CALSDV   26    3  0.5402E-12  0.5410E-12
CALSDV   27    3  0.5476E-12  0.5487E-12
CALSDV   28    3  0.5454E-12  0.5463E-12
CALSDV   29    3  0.5547E-12  0.5558E-12
CALSDV   30    3  0.5567E-12  0.5577E-12
CALSDV   31    3  0.5681E-12  0.5693E-12
CALSDV   32    3  0.5739E-12  0.5749E-12
CALSDV   33    3  0.5873E-12  0.5886E-12
CALSDV   34    3  0.5968E-12  0.5979E-12
CALSDV   35    3  0.6123E-12  0.6136E-12
CALSDV   36    3  0.6251E-12  0.6263E-12
CALSDV   37    3  0.6430E-12  0.6444E-12
CALSDV   38    3  0.6588E-12  0.6601E-12
CALSDV   39    3  0.6794E-12  0.6809E-12
CALSDV   40    3  0.6987E-12  0.7001E-12
CALSDV   41    3  0.7222E-12  0.7237E-12
CALSDV   42    3  0.7449E-12  0.7465E-12
CALSDV   43    3  0.7716E-12  0.7733E-12
CALSDV   44    3  0.7981E-12  0.7998E-12
CALSDV   45    3  0.8283E-12  0.8301E-12
CALSDV   46    3  0.8588E-12  0.8606E-12
CALSDV   47    3  0.8930E-12  0.8950E-12
CALSDV   48    3  0.9280E-12  0.9299E-12
CALSDV   49    3  0.9666E-12  0.9686E-12
CALSDV   50    3  0.1006E-11  0.1009E-11
CALSDV   51    3  0.1050E-11  0.1052E-11
CALSDV   52    3  0.1095E-11  0.1098E-11
CALSDV   53    3  0.1145E-11  0.1147E-11
CALSDV   54    3  0.1196E-11  0.1198E-11
CALSDV   55    3  0.1251E-11  0.1254E-11
CALSDV   56    3  0.1309E-11  0.1312E-11
CALSDV   57    3  0.1369E-11  0.1372E-11
CALSDV   58    3  0.1434E-11  0.1437E-11
CALSDV   59    3  0.1391E-11  0.1393E-11
CALSDV   60    3  0.1453E-11  0.1455E-11
CALSDV    4    4  0.1157E-10  0.1160E-10
CALSDV    5    4  0.9192E-11  0.9234E-11
CALSDV    6    4  0.3901E-11  0.3907E-11
CALSDV    7    4  0.3363E-11  0.3376E-11
CALSDV    8    4  0.2110E-11  0.2112E-11
CALSDV    9    4  0.1829E-11  0.1836E-11
CALSDV   10    4  0.1387E-11  0.1384E-11
CALSDV   11    4  0.1231E-11  0.1235E-11
CALSDV   12    4  0.1035E-11  0.1033E-11
CALSDV   13    4  0.9477E-12  0.9499E-12
CALSDV   14    4  0.8425E-12  0.8409E-12
CALSDV   15    4  0.7896E-12  0.7914E-12
CALSDV   16    4  0.7271E-12  0.7258E-12
CALSDV   17    4  0.6948E-12  0.6960E-12
CALSDV   18    4  0.6557E-12  0.6544E-12
CALSDV   19    4  0.6356E-12  0.6362E-12
CALSDV   20    4  0.6105E-12  0.6096E-12
CALSDV   21    4  0.5987E-12  0.5992E-12
CALSDV   22    4  0.5830E-12  0.5824E-12
CALSDV   23    4  0.5772E-12  0.5775E-12
CALSDV   24    4  0.5681E-12  0.5677E-12
CALSDV   25    4  0.5668E-12  0.5671E-12
CALSDV   26    4  0.5631E-12  0.5627E-12
CALSDV   27    4  0.5655E-12  0.5657E-12
CALSDV   28    4  0.5658E-12  0.5656E-12
CALSDV   29    4  0.5714E-12  0.5716E-12
CALSDV   30    4  0.5754E-12  0.5752E-12
CALSDV   31    4  0.5838E-12  0.5839E-12
CALSDV   32    4  0.5911E-12  0.5910E-12
CALSDV   33    4  0.6022E-12  0.6024E-12
CALSDV   34    4  0.6126E-12  0.6125E-12
CALSDV   35    4  0.6264E-12  0.6266E-12
CALSDV   36    4  0.6399E-12  0.6399E-12
CALSDV   37    4  0.6565E-12  0.6567E-12
CALSDV   38    4  0.6729E-12  0.6729E-12
CALSDV   39    4  0.6923E-12  0.6926E-12
CALSDV   40    4  0.7120E-12  0.7120E-12
CALSDV   41    4  0.7345E-12  0.7347E-12
CALSDV   42    4  0.7577E-12  0.7578E-12
CALSDV   43    4  0.7835E-12  0.7838E-12
CALSDV   44    4  0.8104E-12  0.8105E-12
CALSDV   45    4  0.8399E-12  0.8401E-12
CALSDV   46    4  0.8707E-12  0.8708E-12
CALSDV   47    4  0.9043E-12  0.9045E-12
CALSDV   48    4  0.9394E-12  0.9397E-12
CALSDV   49    4  0.9777E-12  0.9780E-12
CALSDV   50    4  0.1018E-11  0.1018E-11
CALSDV   51    4  0.1061E-11  0.1061E-11
CALSDV   52    4  0.1107E-11  0.1107E-11
CALSDV   53    4  0.1156E-11  0.1156E-11
CALSDV   54    4  0.1207E-11  0.1208E-11
CALSDV   55    4  0.1263E-11  0.1263E-11
CALSDV   56    4  0.1321E-11  0.1321E-11
CALSDV   57    4  0.1383E-11  0.1383E-11
CALSDV   58    4  0.1448E-11  0.1448E-11
CALSDV   59    4  0.1423E-11  0.1423E-11
CALSDV   60    4  0.1486E-11  0.1487E-11
CALSDV    5    5  0.1732E-10  0.1732E-10
CALSDV    6    5  0.6769E-11  0.6791E-11
CALSDV    7    5  0.4495E-11  0.4491E-11
CALSDV    8    5  0.2758E-11  0.2770E-11
CALSDV    9    5  0.2549E-11  0.2550E-11
CALSDV   10    5  0.1704E-11  0.1707E-11
CALSDV   11    5  0.1735E-11  0.1738E-11
CALSDV   12    5  0.1271E-11  0.1274E-11
CALSDV   13    5  0.1302E-11  0.1303E-11
CALSDV   14    5  0.1028E-11  0.1029E-11
CALSDV   15    5  0.1044E-11  0.1045E-11
CALSDV   16    5  0.8751E-12  0.8764E-12
CALSDV   17    5  0.8822E-12  0.8829E-12
CALSDV   18    5  0.7748E-12  0.7751E-12
CALSDV   19    5  0.7771E-12  0.7777E-12
CALSDV   20    5  0.7070E-12  0.7075E-12
CALSDV   21    5  0.7081E-12  0.7084E-12
CALSDV   22    5  0.6622E-12  0.6628E-12
CALSDV   23    5  0.6636E-12  0.6640E-12
CALSDV   24    5  0.6342E-12  0.6348E-12
CALSDV   25    5  0.6367E-12  0.6369E-12
CALSDV   26    5  0.6186E-12  0.6190E-12
CALSDV   27    5  0.6227E-12  0.6230E-12
CALSDV   28    5  0.6134E-12  0.6138E-12
CALSDV   29    5  0.6192E-12  0.6195E-12
CALSDV   30    5  0.6163E-12  0.6167E-12
CALSDV   31    5  0.6243E-12  0.6247E-12
CALSDV   32    5  0.6268E-12  0.6272E-12
CALSDV   33    5  0.6371E-12  0.6375E-12
CALSDV   34    5  0.6441E-12  0.6446E-12
CALSDV   35    5  0.6568E-12  0.6573E-12
CALSDV   36    5  0.6679E-12  0.6684E-12
CALSDV   37    5  0.6833E-12  0.6837E-12
CALSDV   38    5  0.6981E-12  0.6986E-12
CALSDV   39    5  0.7164E-12  0.7169E-12
CALSDV   40    5  0.7347E-12  0.7353E-12
CALSDV   41    5  0.7561E-12  0.7567E-12
CALSDV   42    5  0.7784E-12  0.7790E-12
CALSDV   43    5  0.8031E-12  0.8036E-12
CALSDV   44    5  0.8294E-12  0.8300E-12
CALSDV   45    5  0.8578E-12  0.8584E-12
CALSDV   46    5  0.8883E-12  0.8889E-12
CALSDV   47    5  0.9208E-12  0.9215E-12
CALSDV   48    5  0.9559E-12  0.9565E-12
CALSDV   49    5  0.9931E-12  0.9937E-12
CALSDV   50    5  0.1033E-11  0.1034E-11
CALSDV   51    5  0.1075E-11  0.1076E-11
CALSDV   52    5  0.1121E-11  0.1122E-11
CALSDV   53    5  0.1169E-11  0.1170E-11
CALSDV   54    5  0.1221E-11  0.1222E-11
CALSDV   55    5  0.1276E-11  0.1277E-11
CALSDV   56    5  0.1335E-11  0.1336E-11
CALSDV   57    5  0.1397E-11  0.1398E-11
CALSDV   58    5  0.1462E-11  0.1463E-11
CALSDV   59    5  0.1454E-11  0.1455E-11
CALSDV   60    5  0.1519E-11  0.1520E-11
CALSDV    6    6  0.8341E-11  0.8203E-11
CALSDV    7    6  0.8646E-11  0.8573E-11
CALSDV    8    6  0.3816E-11  0.3805E-11
CALSDV    9    6  0.4094E-11  0.4066E-11
CALSDV   10    6  0.2417E-11  0.2411E-11
CALSDV   11    6  0.2411E-11  0.2391E-11
CALSDV   12    6  0.1657E-11  0.1652E-11
CALSDV   13    6  0.1640E-11  0.1629E-11
CALSDV   14    6  0.1238E-11  0.1235E-11
CALSDV   15    6  0.1236E-11  0.1232E-11
CALSDV   16    6  0.9986E-12  0.9949E-12
CALSDV   17    6  0.1005E-11  0.1003E-11
CALSDV   18    6  0.8528E-12  0.8508E-12
CALSDV   19    6  0.8638E-12  0.8634E-12
CALSDV   20    6  0.7622E-12  0.7614E-12
CALSDV   21    6  0.7749E-12  0.7739E-12
CALSDV   22    6  0.7049E-12  0.7049E-12
CALSDV   23    6  0.7173E-12  0.7177E-12
CALSDV   24    6  0.6696E-12  0.6698E-12
CALSDV   25    6  0.6821E-12  0.6828E-12
CALSDV   26    6  0.6499E-12  0.6500E-12
CALSDV   27    6  0.6626E-12  0.6633E-12
CALSDV   28    6  0.6412E-12  0.6419E-12
CALSDV   29    6  0.6545E-12  0.6554E-12
CALSDV   30    6  0.6425E-12  0.6428E-12
CALSDV   31    6  0.6566E-12  0.6572E-12
CALSDV   32    6  0.6514E-12  0.6519E-12
CALSDV   33    6  0.6666E-12  0.6675E-12
CALSDV   34    6  0.6674E-12  0.6679E-12
CALSDV   35    6  0.6842E-12  0.6851E-12
CALSDV   36    6  0.6898E-12  0.6906E-12
CALSDV   37    6  0.7086E-12  0.7096E-12
CALSDV   38    6  0.7192E-12  0.7201E-12
CALSDV   39    6  0.7401E-12  0.7409E-12
CALSDV   40    6  0.7550E-12  0.7560E-12
CALSDV   41    6  0.7785E-12  0.7796E-12
CALSDV   42    6  0.7977E-12  0.7987E-12
CALSDV   43    6  0.8241E-12  0.8252E-12
CALSDV   44    6  0.8479E-12  0.8490E-12
CALSDV   45    6  0.8776E-12  0.8788E-12
CALSDV   46    6  0.9060E-12  0.9073E-12
CALSDV   47    6  0.9394E-12  0.9409E-12
CALSDV   48    6  0.9729E-12  0.9742E-12
CALSDV   49    6  0.1011E-11  0.1012E-11
CALSDV   50    6  0.1049E-11  0.1051E-11
CALSDV   51    6  0.1092E-11  0.1094E-11
CALSDV   52    6  0.1137E-11  0.1138E-11
CALSDV   53    6  0.1185E-11  0.1187E-11
CALSDV   54    6  0.1236E-11  0.1238E-11
CALSDV   55    6  0.1292E-11  0.1294E-11
CALSDV   56    6  0.1349E-11  0.1351E-11
CALSDV   57    6  0.1413E-11  0.1415E-11
CALSDV   58    6  0.1478E-11  0.1480E-11
CALSDV   59    6  0.1487E-11  0.1489E-11
CALSDV   60    6  0.1551E-11  0.1553E-11
CALSDV    7    7  0.1207E-10  0.1204E-10
CALSDV    8    7  0.6308E-11  0.6311E-11
CALSDV    9    7  0.4048E-11  0.4052E-11
CALSDV   10    7  0.2658E-11  0.2646E-11
CALSDV   11    7  0.2362E-11  0.2364E-11
CALSDV   12    7  0.1602E-11  0.1604E-11
CALSDV   13    7  0.1609E-11  0.1610E-11
CALSDV   14    7  0.1261E-11  0.1258E-11
CALSDV   15    7  0.1224E-11  0.1219E-11
CALSDV   16    7  0.1085E-11  0.1087E-11
CALSDV   17    7  0.1002E-11  0.1008E-11
CALSDV   18    7  0.9697E-12  0.9694E-12
CALSDV   19    7  0.8767E-12  0.8758E-12
CALSDV   20    7  0.8847E-12  0.8854E-12
CALSDV   21    7  0.7961E-12  0.7947E-12
CALSDV   22    7  0.8220E-12  0.8229E-12
CALSDV   23    7  0.7448E-12  0.7427E-12
CALSDV   24    7  0.7768E-12  0.7779E-12
CALSDV   25    7  0.7118E-12  0.7112E-12
CALSDV   26    7  0.7456E-12  0.7467E-12
CALSDV   27    7  0.6928E-12  0.6928E-12
CALSDV   28    7  0.7265E-12  0.7275E-12
CALSDV   29    7  0.6851E-12  0.6855E-12
CALSDV   30    7  0.7176E-12  0.7186E-12
CALSDV   31    7  0.6863E-12  0.6871E-12
CALSDV   32    7  0.7178E-12  0.7187E-12
CALSDV   33    7  0.6955E-12  0.6964E-12
CALSDV   34    7  0.7261E-12  0.7271E-12
CALSDV   35    7  0.7119E-12  0.7129E-12
CALSDV   36    7  0.7421E-12  0.7432E-12
CALSDV   37    7  0.7350E-12  0.7362E-12
CALSDV   38    7  0.7657E-12  0.7668E-12
CALSDV   39    7  0.7654E-12  0.7665E-12
CALSDV   40    7  0.7967E-12  0.7979E-12
CALSDV   41    7  0.8026E-12  0.8039E-12
CALSDV   42    7  0.8350E-12  0.8363E-12
CALSDV   43    7  0.8471E-12  0.8483E-12
CALSDV   44    7  0.8815E-12  0.8829E-12
CALSDV   45    7  0.8991E-12  0.9007E-12
CALSDV   46    7  0.9366E-12  0.9379E-12
CALSDV   47    7  0.9600E-12  0.9616E-12
CALSDV   48    7  0.1001E-11  0.1002E-11
CALSDV   49    7  0.1030E-11  0.1032E-11
CALSDV   50    7  0.1075E-11  0.1076E-11
CALSDV   51    7  0.1110E-11  0.1112E-11
CALSDV   52    7  0.1160E-11  0.1162E-11
CALSDV   53    7  0.1203E-11  0.1205E-11
CALSDV   54    7  0.1257E-11  0.1260E-11
CALSDV   55    7  0.1308E-11  0.1310E-11
CALSDV   56    7  0.1369E-11  0.1371E-11
CALSDV   57    7  0.1429E-11  0.1431E-11
CALSDV   58    7  0.1497E-11  0.1500E-11
CALSDV   59    7  0.1515E-11  0.1517E-11
CALSDV   60    7  0.1585E-11  0.1587E-11
CALSDV    8    8  0.6122E-11  0.6089E-11
CALSDV    9    8  0.5793E-11  0.5825E-11
CALSDV   10    8  0.3680E-11  0.3652E-11
CALSDV   11    8  0.3156E-11  0.3194E-11
CALSDV   12    8  0.2680E-11  0.2666E-11
CALSDV   13    8  0.2233E-11  0.2261E-11
CALSDV   14    8  0.1950E-11  0.1940E-11
CALSDV   15    8  0.1753E-11  0.1781E-11
CALSDV   16    8  0.1489E-11  0.1481E-11
CALSDV   17    8  0.1446E-11  0.1468E-11
CALSDV   18    8  0.1205E-11  0.1199E-11
CALSDV   19    8  0.1232E-11  0.1251E-11
CALSDV   20    8  0.1027E-11  0.1023E-11
CALSDV   21    8  0.1082E-11  0.1096E-11
CALSDV   22    8  0.9149E-12  0.9120E-12
CALSDV   23    8  0.9741E-12  0.9868E-12
CALSDV   24    8  0.8423E-12  0.8410E-12
CALSDV   25    8  0.8986E-12  0.9085E-12
CALSDV   26    8  0.7970E-12  0.7960E-12
CALSDV   27    8  0.8467E-12  0.8549E-12
CALSDV   28    8  0.7700E-12  0.7692E-12
CALSDV   29    8  0.8132E-12  0.8198E-12
CALSDV   30    8  0.7568E-12  0.7562E-12
CALSDV   31    8  0.7943E-12  0.7996E-12
CALSDV   32    8  0.7544E-12  0.7540E-12
CALSDV   33    8  0.7875E-12  0.7917E-12
CALSDV   34    8  0.7611E-12  0.7606E-12
CALSDV   35    8  0.7910E-12  0.7945E-12
CALSDV   36    8  0.7761E-12  0.7757E-12
CALSDV   37    8  0.8042E-12  0.8070E-12
CALSDV   38    8  0.7984E-12  0.7982E-12
CALSDV   39    8  0.8260E-12  0.8282E-12
CALSDV   40    8  0.8285E-12  0.8284E-12
CALSDV   41    8  0.8564E-12  0.8580E-12
CALSDV   42    8  0.8662E-12  0.8659E-12
CALSDV   43    8  0.8950E-12  0.8964E-12
CALSDV   44    8  0.9116E-12  0.9114E-12
CALSDV   45    8  0.9424E-12  0.9433E-12
CALSDV   46    8  0.9656E-12  0.9652E-12
CALSDV   47    8  0.9990E-12  0.9997E-12
CALSDV   48    8  0.1028E-11  0.1028E-11
CALSDV   49    8  0.1065E-11  0.1066E-11
CALSDV   50    8  0.1101E-11  0.1101E-11
CALSDV   51    8  0.1143E-11  0.1143E-11
CALSDV   52    8  0.1185E-11  0.1185E-11
CALSDV   53    8  0.1232E-11  0.1232E-11
CALSDV   54    8  0.1282E-11  0.1281E-11
CALSDV   55    8  0.1335E-11  0.1335E-11
CALSDV   56    8  0.1393E-11  0.1392E-11
CALSDV   57    8  0.1455E-11  0.1455E-11
CALSDV   58    8  0.1521E-11  0.1520E-11
CALSDV   59    8  0.1556E-11  0.1556E-11
CALSDV   60    8  0.1622E-11  0.1622E-11
CALSDV    9    9  0.8327E-11  0.8357E-11
CALSDV   10    9  0.5862E-11  0.5910E-11
CALSDV   11    9  0.3853E-11  0.3850E-11
CALSDV   12    9  0.2742E-11  0.2767E-11
CALSDV   13    9  0.2497E-11  0.2494E-11
CALSDV   14    9  0.1708E-11  0.1714E-11
CALSDV   15    9  0.1704E-11  0.1703E-11
CALSDV   16    9  0.1350E-11  0.1349E-11
CALSDV   17    9  0.1262E-11  0.1261E-11
CALSDV   18    9  0.1178E-11  0.1176E-11
CALSDV   19    9  0.1025E-11  0.1025E-11
CALSDV   20    9  0.1066E-11  0.1064E-11
CALSDV   21    9  0.9007E-12  0.8997E-12
CALSDV   22    9  0.9847E-12  0.9829E-12
CALSDV   23    9  0.8333E-12  0.8328E-12
CALSDV   24    9  0.9236E-12  0.9223E-12
CALSDV   25    9  0.7964E-12  0.7965E-12
CALSDV   26    9  0.8789E-12  0.8782E-12
CALSDV   27    9  0.7778E-12  0.7778E-12
CALSDV   28    9  0.8480E-12  0.8476E-12
CALSDV   29    9  0.7701E-12  0.7699E-12
CALSDV   30    9  0.8288E-12  0.8286E-12
CALSDV   31    9  0.7709E-12  0.7709E-12
CALSDV   32    9  0.8198E-12  0.8196E-12
CALSDV   33    9  0.7788E-12  0.7787E-12
CALSDV   34    9  0.8202E-12  0.8203E-12
CALSDV   35    9  0.7929E-12  0.7930E-12
CALSDV   36    9  0.8294E-12  0.8296E-12
CALSDV   37    9  0.8137E-12  0.8138E-12
CALSDV   38    9  0.8468E-12  0.8472E-12
CALSDV   39    9  0.8408E-12  0.8411E-12
CALSDV   40    9  0.8723E-12  0.8724E-12
CALSDV   41    9  0.8747E-12  0.8746E-12
CALSDV   42    9  0.9060E-12  0.9061E-12
CALSDV   43    9  0.9158E-12  0.9159E-12
CALSDV   44    9  0.9478E-12  0.9480E-12
CALSDV   45    9  0.9645E-12  0.9646E-12
CALSDV   46    9  0.9985E-12  0.9987E-12
CALSDV   47    9  0.1022E-11  0.1021E-11
CALSDV   48    9  0.1059E-11  0.1059E-11
CALSDV   49    9  0.1088E-11  0.1088E-11
CALSDV   50    9  0.1129E-11  0.1129E-11
CALSDV   51    9  0.1165E-11  0.1165E-11
CALSDV   52    9  0.1211E-11  0.1211E-11
CALSDV   53    9  0.1253E-11  0.1253E-11
CALSDV   54    9  0.1305E-11  0.1305E-11
CALSDV   55    9  0.1355E-11  0.1355E-11
CALSDV   56    9  0.1414E-11  0.1414E-11
CALSDV   57    9  0.1474E-11  0.1474E-11
CALSDV   58    9  0.1541E-11  0.1541E-11
CALSDV   59    9  0.1584E-11  0.1584E-11
CALSDV   60    9  0.1651E-11  0.1650E-11
CALSDV   10   10  0.5856E-11  0.5914E-11
CALSDV   11   10  0.4716E-11  0.4727E-11
CALSDV   12   10  0.3342E-11  0.3361E-11
CALSDV   13   10  0.2443E-11  0.2453E-11
CALSDV   14   10  0.2659E-11  0.2673E-11
CALSDV   15   10  0.1928E-11  0.1933E-11
CALSDV   16   10  0.2060E-11  0.2073E-11
CALSDV   17   10  0.1728E-11  0.1728E-11
CALSDV   18   10  0.1648E-11  0.1657E-11
CALSDV   19   10  0.1561E-11  0.1558E-11
CALSDV   20   10  0.1381E-11  0.1389E-11
CALSDV   21   10  0.1410E-11  0.1406E-11
CALSDV   22   10  0.1209E-11  0.1214E-11
CALSDV   23   10  0.1281E-11  0.1279E-11
CALSDV   24   10  0.1095E-11  0.1100E-11
CALSDV   25   10  0.1178E-11  0.1176E-11
CALSDV   26   10  0.1020E-11  0.1023E-11
CALSDV   27   10  0.1097E-11  0.1095E-11
CALSDV   28   10  0.9696E-12  0.9729E-12
CALSDV   29   10  0.1037E-11  0.1035E-11
CALSDV   30   10  0.9374E-12  0.9396E-12
CALSDV   31   10  0.9935E-12  0.9924E-12
CALSDV   32   10  0.9193E-12  0.9207E-12
CALSDV   33   10  0.9655E-12  0.9645E-12
CALSDV   34   10  0.9120E-12  0.9132E-12
CALSDV   35   10  0.9505E-12  0.9499E-12
CALSDV   36   10  0.9146E-12  0.9154E-12
CALSDV   37   10  0.9473E-12  0.9469E-12
CALSDV   38   10  0.9261E-12  0.9268E-12
CALSDV   39   10  0.9548E-12  0.9545E-12
CALSDV   40   10  0.9461E-12  0.9465E-12
CALSDV   41   10  0.9726E-12  0.9722E-12
CALSDV   42   10  0.9745E-12  0.9747E-12
CALSDV   43   10  0.1000E-11  0.9999E-12
CALSDV   44   10  0.1011E-11  0.1012E-11
CALSDV   45   10  0.1038E-11  0.1037E-11
CALSDV   46   10  0.1057E-11  0.1057E-11
CALSDV   47   10  0.1085E-11  0.1085E-11
CALSDV   48   10  0.1112E-11  0.1112E-11
CALSDV   49   10  0.1143E-11  0.1143E-11
CALSDV   50   10  0.1178E-11  0.1178E-11
CALSDV   51   10  0.1213E-11  0.1213E-11
CALSDV   52   10  0.1255E-11  0.1255E-11
CALSDV   53   10  0.1295E-11  0.1295E-11
CALSDV   54   10  0.1345E-11  0.1345E-11
CALSDV   55   10  0.1392E-11  0.1392E-11
CALSDV   56   10  0.1450E-11  0.1449E-11
CALSDV   57   10  0.1507E-11  0.1507E-11
CALSDV   58   10  0.1574E-11  0.1574E-11
CALSDV   59   10  0.1628E-11  0.1628E-11
CALSDV   60   10  0.1698E-11  0.1697E-11
CALSDV   11   11  0.5882E-11  0.5871E-11
CALSDV   12   11  0.5506E-11  0.5530E-11
CALSDV   13   11  0.3559E-11  0.3560E-11
CALSDV   14   11  0.2962E-11  0.2975E-11
CALSDV   15   11  0.2620E-11  0.2621E-11
CALSDV   16   11  0.2014E-11  0.2018E-11
CALSDV   17   11  0.1864E-11  0.1865E-11
CALSDV   18   11  0.1596E-11  0.1593E-11
CALSDV   19   11  0.1383E-11  0.1384E-11
CALSDV   20   11  0.1353E-11  0.1350E-11
CALSDV   21   11  0.1114E-11  0.1115E-11
CALSDV   22   11  0.1193E-11  0.1189E-11
CALSDV   23   11  0.9785E-12  0.9793E-12
CALSDV   24   11  0.1081E-11  0.1079E-11
CALSDV   25   11  0.9151E-12  0.9152E-12
CALSDV   26   11  0.1004E-11  0.1002E-11
CALSDV   27   11  0.8875E-12  0.8877E-12
CALSDV   28   11  0.9529E-12  0.9512E-12
CALSDV   29   11  0.8788E-12  0.8787E-12
CALSDV   30   11  0.9207E-12  0.9195E-12
CALSDV   31   11  0.8798E-12  0.8797E-12
CALSDV   32   11  0.9041E-12  0.9031E-12
CALSDV   33   11  0.8876E-12  0.8873E-12
CALSDV   34   11  0.8994E-12  0.8987E-12
CALSDV   35   11  0.9009E-12  0.9007E-12
CALSDV   36   11  0.9053E-12  0.9048E-12
CALSDV   37   11  0.9194E-12  0.9192E-12
CALSDV   38   11  0.9203E-12  0.9200E-12
CALSDV   39   11  0.9435E-12  0.9432E-12
CALSDV   40   11  0.9440E-12  0.9436E-12
CALSDV   41   11  0.9736E-12  0.9733E-12
CALSDV   42   11  0.9758E-12  0.9757E-12
CALSDV   43   11  0.1010E-11  0.1010E-11
CALSDV   44   11  0.1016E-11  0.1016E-11
CALSDV   45   11  0.1054E-11  0.1053E-11
CALSDV   46   11  0.1065E-11  0.1064E-11
CALSDV   47   11  0.1105E-11  0.1105E-11
CALSDV   48   11  0.1123E-11  0.1122E-11
CALSDV   49   11  0.1166E-11  0.1166E-11
CALSDV   50   11  0.1191E-11  0.1190E-11
CALSDV   51   11  0.1237E-11  0.1236E-11
CALSDV   52   11  0.1269E-11  0.1269E-11
CALSDV   53   11  0.1319E-11  0.1319E-11
CALSDV   54   11  0.1360E-11  0.1359E-11
CALSDV   55   11  0.1415E-11  0.1415E-11
CALSDV   56   11  0.1465E-11  0.1464E-11
CALSDV   57   11  0.1529E-11  0.1529E-11
CALSDV   58   11  0.1589E-11  0.1588E-11
CALSDV   59   11  0.1656E-11  0.1656E-11
CALSDV   60   11  0.1715E-11  0.1715E-11
CALSDV   12   12  0.5139E-11  0.5118E-11
CALSDV   13   12  0.4654E-11  0.4676E-11
CALSDV   14   12  0.3156E-11  0.3153E-11
CALSDV   15   12  0.2289E-11  0.2313E-11
CALSDV   16   12  0.2503E-11  0.2500E-11
CALSDV   17   12  0.1771E-11  0.1780E-11
CALSDV   18   12  0.1926E-11  0.1927E-11
CALSDV   19   12  0.1662E-11  0.1662E-11
CALSDV   20   12  0.1559E-11  0.1563E-11
CALSDV   21   12  0.1571E-11  0.1566E-11
CALSDV   22   12  0.1352E-11  0.1356E-11
CALSDV   23   12  0.1467E-11  0.1462E-11
CALSDV   24   12  0.1236E-11  0.1242E-11
CALSDV   25   12  0.1368E-11  0.1362E-11
CALSDV   26   12  0.1170E-11  0.1174E-11
CALSDV   27   12  0.1282E-11  0.1277E-11
CALSDV   28   12  0.1128E-11  0.1132E-11
CALSDV   29   12  0.1212E-11  0.1207E-11
CALSDV   30   12  0.1102E-11  0.1105E-11
CALSDV   31   12  0.1158E-11  0.1154E-11
CALSDV   32   12  0.1085E-11  0.1088E-11
CALSDV   33   12  0.1119E-11  0.1116E-11
CALSDV   34   12  0.1076E-11  0.1079E-11
CALSDV   35   12  0.1094E-11  0.1091E-11
CALSDV   36   12  0.1075E-11  0.1077E-11
CALSDV   37   12  0.1081E-11  0.1079E-11
CALSDV   38   12  0.1080E-11  0.1082E-11
CALSDV   39   12  0.1080E-11  0.1078E-11
CALSDV   40   12  0.1093E-11  0.1094E-11
CALSDV   41   12  0.1090E-11  0.1088E-11
CALSDV   42   12  0.1113E-11  0.1114E-11
CALSDV   43   12  0.1109E-11  0.1108E-11
CALSDV   44   12  0.1141E-11  0.1142E-11
CALSDV   45   12  0.1139E-11  0.1138E-11
CALSDV   46   12  0.1177E-11  0.1178E-11
CALSDV   47   12  0.1179E-11  0.1178E-11
CALSDV   48   12  0.1223E-11  0.1224E-11
CALSDV   49   12  0.1230E-11  0.1229E-11
CALSDV   50   12  0.1279E-11  0.1280E-11
CALSDV   51   12  0.1292E-11  0.1292E-11
CALSDV   52   12  0.1347E-11  0.1347E-11
CALSDV   53   12  0.1367E-11  0.1367E-11
CALSDV   54   12  0.1427E-11  0.1427E-11
CALSDV   55   12  0.1456E-11  0.1456E-11
CALSDV   56   12  0.1522E-11  0.1522E-11
CALSDV   57   12  0.1564E-11  0.1564E-11
CALSDV   58   12  0.1638E-11  0.1639E-11
CALSDV   59   12  0.1697E-11  0.1697E-11
CALSDV   60   12  0.1776E-11  0.1777E-11
CALSDV   13   13  0.4730E-11  0.4772E-11
CALSDV   14   13  0.4651E-11  0.4634E-11
CALSDV   15   13  0.3357E-11  0.3357E-11
CALSDV   16   13  0.2659E-11  0.2650E-11
CALSDV   17   13  0.2710E-11  0.2708E-11
CALSDV   18   13  0.2031E-11  0.2032E-11
CALSDV   19   13  0.2006E-11  0.2004E-11
CALSDV   20   13  0.1721E-11  0.1729E-11
CALSDV   21   13  0.1511E-11  0.1509E-11
CALSDV   22   13  0.1491E-11  0.1501E-11
CALSDV   23   13  0.1223E-11  0.1220E-11
CALSDV   24   13  0.1312E-11  0.1322E-11
CALSDV   25   13  0.1078E-11  0.1075E-11
CALSDV   26   13  0.1178E-11  0.1187E-11
CALSDV   27   13  0.1015E-11  0.1013E-11
CALSDV   28   13  0.1085E-11  0.1094E-11
CALSDV   29   13  0.9940E-12  0.9920E-12
CALSDV   30   13  0.1026E-11  0.1034E-11
CALSDV   31   13  0.9929E-12  0.9914E-12
CALSDV   32   13  0.9923E-12  0.9984E-12
CALSDV   33   13  0.1001E-11  0.1000E-11
CALSDV   34   13  0.9790E-12  0.9844E-12
CALSDV   35   13  0.1015E-11  0.1015E-11
CALSDV   36   13  0.9803E-12  0.9858E-12
CALSDV   37   13  0.1033E-11  0.1033E-11
CALSDV   38   13  0.9946E-12  0.9989E-12
CALSDV   39   13  0.1056E-11  0.1056E-11
CALSDV   40   13  0.1018E-11  0.1022E-11
CALSDV   41   13  0.1083E-11  0.1084E-11
CALSDV   42   13  0.1051E-11  0.1054E-11
CALSDV   43   13  0.1116E-11  0.1117E-11
CALSDV   44   13  0.1091E-11  0.1094E-11
CALSDV   45   13  0.1156E-11  0.1156E-11
CALSDV   46   13  0.1140E-11  0.1143E-11
CALSDV   47   13  0.1202E-11  0.1203E-11
CALSDV   48   13  0.1197E-11  0.1199E-11
CALSDV   49   13  0.1257E-11  0.1257E-11
CALSDV   50   13  0.1263E-11  0.1265E-11
CALSDV   51   13  0.1320E-11  0.1322E-11
CALSDV   52   13  0.1339E-11  0.1341E-11
CALSDV   53   13  0.1396E-11  0.1397E-11
CALSDV   54   13  0.1425E-11  0.1428E-11
CALSDV   55   13  0.1483E-11  0.1485E-11
CALSDV   56   13  0.1526E-11  0.1528E-11
CALSDV   57   13  0.1590E-11  0.1591E-11
CALSDV   58   13  0.1645E-11  0.1647E-11
CALSDV   59   13  0.1726E-11  0.1728E-11
CALSDV   60   13  0.1783E-11  0.1785E-11
CALSDV   14   14  0.3891E-11  0.3899E-11
CALSDV   15   14  0.4984E-11  0.5021E-11
CALSDV   16   14  0.3095E-11  0.3102E-11
CALSDV   17   14  0.2568E-11  0.2595E-11
CALSDV   18   14  0.2537E-11  0.2541E-11
CALSDV   19   14  0.1871E-11  0.1881E-11
CALSDV   20   14  0.1896E-11  0.1899E-11
CALSDV   21   14  0.1695E-11  0.1697E-11
CALSDV   22   14  0.1484E-11  0.1485E-11
CALSDV   23   14  0.1598E-11  0.1598E-11
CALSDV   24   14  0.1283E-11  0.1284E-11
CALSDV   25   14  0.1506E-11  0.1506E-11
CALSDV   26   14  0.1209E-11  0.1209E-11
CALSDV   27   14  0.1421E-11  0.1422E-11
CALSDV   28   14  0.1190E-11  0.1191E-11
CALSDV   29   14  0.1348E-11  0.1351E-11
CALSDV   30   14  0.1191E-11  0.1192E-11
CALSDV   31   14  0.1291E-11  0.1294E-11
CALSDV   32   14  0.1198E-11  0.1200E-11
CALSDV   33   14  0.1249E-11  0.1252E-11
CALSDV   34   14  0.1207E-11  0.1208E-11
CALSDV   35   14  0.1221E-11  0.1224E-11
CALSDV   36   14  0.1216E-11  0.1217E-11
CALSDV   37   14  0.1205E-11  0.1208E-11
CALSDV   38   14  0.1227E-11  0.1228E-11
CALSDV   39   14  0.1200E-11  0.1203E-11
CALSDV   40   14  0.1240E-11  0.1242E-11
CALSDV   41   14  0.1206E-11  0.1209E-11
CALSDV   42   14  0.1258E-11  0.1260E-11
CALSDV   43   14  0.1222E-11  0.1225E-11
CALSDV   44   14  0.1282E-11  0.1284E-11
CALSDV   45   14  0.1247E-11  0.1250E-11
CALSDV   46   14  0.1312E-11  0.1314E-11
CALSDV   47   14  0.1282E-11  0.1284E-11
CALSDV   48   14  0.1350E-11  0.1352E-11
CALSDV   49   14  0.1327E-11  0.1329E-11
CALSDV   50   14  0.1397E-11  0.1398E-11
CALSDV   51   14  0.1382E-11  0.1384E-11
CALSDV   52   14  0.1454E-11  0.1456E-11
CALSDV   53   14  0.1449E-11  0.1451E-11
CALSDV   54   14  0.1523E-11  0.1524E-11
CALSDV   55   14  0.1529E-11  0.1531E-11
CALSDV   56   14  0.1606E-11  0.1608E-11
CALSDV   57   14  0.1629E-11  0.1631E-11
CALSDV   58   14  0.1711E-11  0.1713E-11
CALSDV   59   14  0.1767E-11  0.1769E-11
CALSDV   60   14  0.1855E-11  0.1857E-11
CALSDV   15   15  0.4874E-11  0.4859E-11
CALSDV   16   15  0.4585E-11  0.4586E-11
CALSDV   17   15  0.3235E-11  0.3233E-11
CALSDV   18   15  0.2418E-11  0.2419E-11
CALSDV   19   15  0.2837E-11  0.2849E-11
CALSDV   20   15  0.1827E-11  0.1826E-11
CALSDV   21   15  0.2268E-11  0.2280E-11
CALSDV   22   15  0.1637E-11  0.1636E-11
CALSDV   23   15  0.1833E-11  0.1843E-11
CALSDV   24   15  0.1497E-11  0.1497E-11
CALSDV   25   15  0.1559E-11  0.1565E-11
CALSDV   26   15  0.1372E-11  0.1372E-11
CALSDV   27   15  0.1401E-11  0.1404E-11
CALSDV   28   15  0.1269E-11  0.1269E-11
CALSDV   29   15  0.1314E-11  0.1316E-11
CALSDV   30   15  0.1193E-11  0.1194E-11
CALSDV   31   15  0.1267E-11  0.1269E-11
CALSDV   32   15  0.1144E-11  0.1145E-11
CALSDV   33   15  0.1242E-11  0.1245E-11
CALSDV   34   15  0.1118E-11  0.1120E-11
CALSDV   35   15  0.1232E-11  0.1235E-11
CALSDV   36   15  0.1111E-11  0.1113E-11
CALSDV   37   15  0.1231E-11  0.1234E-11
CALSDV   38   15  0.1119E-11  0.1121E-11
CALSDV   39   15  0.1238E-11  0.1241E-11
CALSDV   40   15  0.1138E-11  0.1140E-11
CALSDV   41   15  0.1251E-11  0.1254E-11
CALSDV   42   15  0.1166E-11  0.1169E-11
CALSDV   43   15  0.1271E-11  0.1275E-11
CALSDV   44   15  0.1203E-11  0.1206E-11
CALSDV   45   15  0.1298E-11  0.1302E-11
CALSDV   46   15  0.1248E-11  0.1251E-11
CALSDV   47   15  0.1333E-11  0.1337E-11
CALSDV   48   15  0.1301E-11  0.1304E-11
CALSDV   49   15  0.1377E-11  0.1381E-11
CALSDV   50   15  0.1362E-11  0.1365E-11
CALSDV   51   15  0.1429E-11  0.1433E-11
CALSDV   52   15  0.1431E-11  0.1435E-11
CALSDV   53   15  0.1493E-11  0.1497E-11
CALSDV   54   15  0.1512E-11  0.1515E-11
CALSDV   55   15  0.1569E-11  0.1573E-11
CALSDV   56   15  0.1604E-11  0.1607E-11
CALSDV   57   15  0.1663E-11  0.1667E-11
CALSDV   58   15  0.1714E-11  0.1717E-11
CALSDV   59   15  0.1802E-11  0.1806E-11
CALSDV   60   15  0.1858E-11  0.1862E-11
CALSDV   16   16  0.3422E-11  0.3424E-11
CALSDV   17   16  0.4847E-11  0.4836E-11
CALSDV   18   16  0.3150E-11  0.3145E-11
CALSDV   19   16  0.2642E-11  0.2638E-11
CALSDV   20   16  0.2714E-11  0.2707E-11
CALSDV   21   16  0.1999E-11  0.1995E-11
CALSDV   22   16  0.2043E-11  0.2037E-11
CALSDV   23   16  0.1797E-11  0.1795E-11
CALSDV   24   16  0.1576E-11  0.1572E-11
CALSDV   25   16  0.1668E-11  0.1664E-11
CALSDV   26   16  0.1349E-11  0.1346E-11
CALSDV   27   16  0.1554E-11  0.1550E-11
CALSDV   28   16  0.1280E-11  0.1278E-11
CALSDV   29   16  0.1460E-11  0.1456E-11
CALSDV   30   16  0.1284E-11  0.1280E-11
CALSDV   31   16  0.1390E-11  0.1386E-11
CALSDV   32   16  0.1309E-11  0.1305E-11
CALSDV   33   16  0.1342E-11  0.1339E-11
CALSDV   34   16  0.1336E-11  0.1333E-11
CALSDV   35   16  0.1314E-11  0.1311E-11
CALSDV   36   16  0.1360E-11  0.1357E-11
CALSDV   37   16  0.1302E-11  0.1299E-11
CALSDV   38   16  0.1381E-11  0.1378E-11
CALSDV   39   16  0.1302E-11  0.1299E-11
CALSDV   40   16  0.1400E-11  0.1397E-11
CALSDV   41   16  0.1312E-11  0.1309E-11
CALSDV   42   16  0.1419E-11  0.1416E-11
CALSDV   43   16  0.1331E-11  0.1328E-11
CALSDV   44   16  0.1440E-11  0.1437E-11
CALSDV   45   16  0.1357E-11  0.1355E-11
CALSDV   46   16  0.1465E-11  0.1462E-11
CALSDV   47   16  0.1392E-11  0.1389E-11
CALSDV   48   16  0.1495E-11  0.1493E-11
CALSDV   49   16  0.1434E-11  0.1432E-11
CALSDV   50   16  0.1533E-11  0.1531E-11
CALSDV   51   16  0.1484E-11  0.1482E-11
CALSDV   52   16  0.1579E-11  0.1576E-11
CALSDV   53   16  0.1545E-11  0.1542E-11
CALSDV   54   16  0.1636E-11  0.1633E-11
CALSDV   55   16  0.1616E-11  0.1614E-11
CALSDV   56   16  0.1705E-11  0.1703E-11
CALSDV   57   16  0.1705E-11  0.1703E-11
CALSDV   58   16  0.1795E-11  0.1792E-11
CALSDV   59   16  0.1844E-11  0.1842E-11
CALSDV   60   16  0.1938E-11  0.1936E-11
CALSDV   17   17  0.3325E-11  0.3350E-11
CALSDV   18   17  0.3875E-11  0.3888E-11
CALSDV   19   17  0.3035E-11  0.3036E-11
CALSDV   20   17  0.2190E-11  0.2197E-11
CALSDV   21   17  0.2673E-11  0.2676E-11
CALSDV   22   17  0.2000E-11  0.2003E-11
CALSDV   23   17  0.2072E-11  0.2077E-11
CALSDV   24   17  0.1906E-11  0.1906E-11
CALSDV   25   17  0.1633E-11  0.1639E-11
CALSDV   26   17  0.1737E-11  0.1736E-11
CALSDV   27   17  0.1390E-11  0.1395E-11
CALSDV   28   17  0.1551E-11  0.1549E-11
CALSDV   29   17  0.1283E-11  0.1287E-11
CALSDV   30   17  0.1391E-11  0.1389E-11
CALSDV   31   17  0.1248E-11  0.1250E-11
CALSDV   32   17  0.1276E-11  0.1273E-11
CALSDV   33   17  0.1245E-11  0.1247E-11
CALSDV   34   17  0.1207E-11  0.1204E-11
CALSDV   35   17  0.1257E-11  0.1258E-11
CALSDV   36   17  0.1177E-11  0.1175E-11
CALSDV   37   17  0.1274E-11  0.1275E-11
CALSDV   38   17  0.1178E-11  0.1176E-11
CALSDV   39   17  0.1295E-11  0.1296E-11
CALSDV   40   17  0.1200E-11  0.1198E-11
CALSDV   41   17  0.1320E-11  0.1321E-11
CALSDV   42   17  0.1237E-11  0.1234E-11
CALSDV   43   17  0.1349E-11  0.1349E-11
CALSDV   44   17  0.1282E-11  0.1280E-11
CALSDV   45   17  0.1382E-11  0.1382E-11
CALSDV   46   17  0.1335E-11  0.1333E-11
CALSDV   47   17  0.1420E-11  0.1420E-11
CALSDV   48   17  0.1393E-11  0.1391E-11
CALSDV   49   17  0.1465E-11  0.1464E-11
CALSDV   50   17  0.1458E-11  0.1456E-11
CALSDV   51   17  0.1517E-11  0.1516E-11
CALSDV   52   17  0.1527E-11  0.1526E-11
CALSDV   53   17  0.1577E-11  0.1576E-11
CALSDV   54   17  0.1605E-11  0.1603E-11
CALSDV   55   17  0.1647E-11  0.1646E-11
CALSDV   56   17  0.1691E-11  0.1689E-11
CALSDV   57   17  0.1733E-11  0.1732E-11
CALSDV   58   17  0.1793E-11  0.1791E-11
CALSDV   59   17  0.1871E-11  0.1869E-11
CALSDV   60   17  0.1938E-11  0.1936E-11
CALSDV   18   18  0.3727E-11  0.3764E-11
CALSDV   19   18  0.3986E-11  0.3978E-11
CALSDV   20   18  0.3281E-11  0.3286E-11
CALSDV   21   18  0.2121E-11  0.2104E-11
CALSDV   22   18  0.2808E-11  0.2809E-11
CALSDV   23   18  0.1878E-11  0.1869E-11
CALSDV   24   18  0.2089E-11  0.2088E-11
CALSDV   25   18  0.1830E-11  0.1825E-11
CALSDV   26   18  0.1595E-11  0.1592E-11
CALSDV   27   18  0.1724E-11  0.1721E-11
CALSDV   28   18  0.1384E-11  0.1380E-11
CALSDV   29   18  0.1597E-11  0.1595E-11
CALSDV   30   18  0.1355E-11  0.1352E-11
CALSDV   31   18  0.1489E-11  0.1488E-11
CALSDV   32   18  0.1400E-11  0.1397E-11
CALSDV   33   18  0.1415E-11  0.1414E-11
CALSDV   34   18  0.1458E-11  0.1454E-11
CALSDV   35   18  0.1375E-11  0.1374E-11
CALSDV   36   18  0.1508E-11  0.1505E-11
CALSDV   37   18  0.1363E-11  0.1362E-11
CALSDV   38   18  0.1547E-11  0.1544E-11
CALSDV   39   18  0.1370E-11  0.1369E-11
CALSDV   40   18  0.1575E-11  0.1573E-11
CALSDV   41   18  0.1391E-11  0.1389E-11
CALSDV   42   18  0.1599E-11  0.1596E-11
CALSDV   43   18  0.1420E-11  0.1418E-11
CALSDV   44   18  0.1619E-11  0.1616E-11
CALSDV   45   18  0.1456E-11  0.1454E-11
CALSDV   46   18  0.1638E-11  0.1636E-11
CALSDV   47   18  0.1496E-11  0.1495E-11
CALSDV   48   18  0.1660E-11  0.1658E-11
CALSDV   49   18  0.1541E-11  0.1539E-11
CALSDV   50   18  0.1687E-11  0.1685E-11
CALSDV   51   18  0.1591E-11  0.1589E-11
CALSDV   52   18  0.1720E-11  0.1718E-11
CALSDV   53   18  0.1646E-11  0.1645E-11
CALSDV   54   18  0.1761E-11  0.1759E-11
CALSDV   55   18  0.1710E-11  0.1708E-11
CALSDV   56   18  0.1814E-11  0.1812E-11
CALSDV   57   18  0.1787E-11  0.1786E-11
CALSDV   58   18  0.1886E-11  0.1884E-11
CALSDV   59   18  0.1921E-11  0.1920E-11
CALSDV   60   18  0.2020E-11  0.2019E-11
CALSDV   19   19  0.3080E-11  0.3060E-11
CALSDV   20   19  0.3695E-11  0.3697E-11
CALSDV   21   19  0.3038E-11  0.3040E-11
CALSDV   22   19  0.2098E-11  0.2108E-11
CALSDV   23   19  0.2660E-11  0.2658E-11
CALSDV   24   19  0.2137E-11  0.2140E-11
CALSDV   25   19  0.2070E-11  0.2068E-11
CALSDV   26   19  0.2154E-11  0.2152E-11
CALSDV   27   19  0.1659E-11  0.1658E-11
CALSDV   28   19  0.2024E-11  0.2018E-11
CALSDV   29   19  0.1448E-11  0.1447E-11
CALSDV   30   19  0.1842E-11  0.1833E-11
CALSDV   31   19  0.1365E-11  0.1364E-11
CALSDV   32   19  0.1672E-11  0.1661E-11
CALSDV   33   19  0.1343E-11  0.1344E-11
CALSDV   34   19  0.1541E-11  0.1530E-11
CALSDV   35   19  0.1347E-11  0.1349E-11
CALSDV   36   19  0.1458E-11  0.1448E-11
CALSDV   37   19  0.1362E-11  0.1365E-11
CALSDV   38   19  0.1418E-11  0.1409E-11
CALSDV   39   19  0.1384E-11  0.1387E-11
CALSDV   40   19  0.1410E-11  0.1403E-11
CALSDV   41   19  0.1409E-11  0.1412E-11
CALSDV   42   19  0.1426E-11  0.1420E-11
CALSDV   43   19  0.1440E-11  0.1442E-11
CALSDV   44   19  0.1458E-11  0.1454E-11
CALSDV   45   19  0.1474E-11  0.1476E-11
CALSDV   46   19  0.1501E-11  0.1498E-11
CALSDV   47   19  0.1514E-11  0.1516E-11
CALSDV   48   19  0.1551E-11  0.1548E-11
CALSDV   49   19  0.1560E-11  0.1560E-11
CALSDV   50   19  0.1606E-11  0.1605E-11
CALSDV   51   19  0.1610E-11  0.1611E-11
CALSDV   52   19  0.1666E-11  0.1665E-11
CALSDV   53   19  0.1668E-11  0.1668E-11
CALSDV   54   19  0.1731E-11  0.1730E-11
CALSDV   55   19  0.1732E-11  0.1732E-11
CALSDV   56   19  0.1803E-11  0.1803E-11
CALSDV   57   19  0.1809E-11  0.1809E-11
CALSDV   58   19  0.1888E-11  0.1887E-11
CALSDV   59   19  0.1941E-11  0.1940E-11
CALSDV   60   19  0.2026E-11  0.2026E-11
CALSDV   20   20  0.3627E-11  0.3662E-11
CALSDV   21   20  0.3788E-11  0.3786E-11
CALSDV   22   20  0.3358E-11  0.3365E-11
CALSDV   23   20  0.2030E-11  0.2030E-11
CALSDV   24   20  0.2917E-11  0.2918E-11
CALSDV   25   20  0.1952E-11  0.1953E-11
CALSDV   26   20  0.2193E-11  0.2193E-11
CALSDV   27   20  0.1944E-11  0.1946E-11
CALSDV   28   20  0.1686E-11  0.1685E-11
CALSDV   29   20  0.1821E-11  0.1825E-11
CALSDV   30   20  0.1469E-11  0.1468E-11
CALSDV   31   20  0.1666E-11  0.1671E-11
CALSDV   32   20  0.1445E-11  0.1443E-11
CALSDV   33   20  0.1539E-11  0.1543E-11
CALSDV   34   20  0.1499E-11  0.1498E-11
CALSDV   35   20  0.1462E-11  0.1466E-11
CALSDV   36   20  0.1567E-11  0.1565E-11
CALSDV   37   20  0.1433E-11  0.1436E-11
CALSDV   38   20  0.1625E-11  0.1625E-11
CALSDV   39   20  0.1440E-11  0.1443E-11
CALSDV   40   20  0.1672E-11  0.1672E-11
CALSDV   41   20  0.1470E-11  0.1472E-11
CALSDV   42   20  0.1708E-11  0.1709E-11
CALSDV   43   20  0.1512E-11  0.1514E-11
CALSDV   44   20  0.1737E-11  0.1738E-11
CALSDV   45   20  0.1560E-11  0.1562E-11
CALSDV   46   20  0.1762E-11  0.1763E-11
CALSDV   47   20  0.1610E-11  0.1612E-11
CALSDV   48   20  0.1786E-11  0.1787E-11
CALSDV   49   20  0.1661E-11  0.1662E-11
CALSDV   50   20  0.1811E-11  0.1813E-11
CALSDV   51   20  0.1710E-11  0.1713E-11
CALSDV   52   20  0.1839E-11  0.1842E-11
CALSDV   53   20  0.1763E-11  0.1764E-11
CALSDV   54   20  0.1874E-11  0.1876E-11
CALSDV   55   20  0.1817E-11  0.1819E-11
CALSDV   56   20  0.1915E-11  0.1917E-11
CALSDV   57   20  0.1880E-11  0.1881E-11
CALSDV   58   20  0.1973E-11  0.1974E-11
CALSDV   59   20  0.2004E-11  0.2005E-11
CALSDV   60   20  0.2095E-11  0.2097E-11
CALSDV   21   21  0.3100E-11  0.3104E-11
CALSDV   22   21  0.3667E-11  0.3656E-11
CALSDV   23   21  0.3070E-11  0.3072E-11
CALSDV   24   21  0.1999E-11  0.1995E-11
CALSDV   25   21  0.2658E-11  0.2658E-11
CALSDV   26   21  0.2173E-11  0.2171E-11
CALSDV   27   21  0.2085E-11  0.2084E-11
CALSDV   28   21  0.2278E-11  0.2276E-11
CALSDV   29   21  0.1727E-11  0.1726E-11
CALSDV   30   21  0.2188E-11  0.2186E-11
CALSDV   31   21  0.1571E-11  0.1574E-11
CALSDV   32   21  0.2023E-11  0.2020E-11
CALSDV   33   21  0.1525E-11  0.1529E-11
CALSDV   34   21  0.1861E-11  0.1857E-11
CALSDV   35   21  0.1520E-11  0.1525E-11
CALSDV   36   21  0.1737E-11  0.1732E-11
CALSDV   37   21  0.1529E-11  0.1534E-11
CALSDV   38   21  0.1660E-11  0.1654E-11
CALSDV   39   21  0.1543E-11  0.1548E-11
CALSDV   40   21  0.1627E-11  0.1620E-11
CALSDV   41   21  0.1561E-11  0.1565E-11
CALSDV   42   21  0.1625E-11  0.1619E-11
CALSDV   43   21  0.1584E-11  0.1588E-11
CALSDV   44   21  0.1645E-11  0.1640E-11
CALSDV   45   21  0.1613E-11  0.1615E-11
CALSDV   46   21  0.1679E-11  0.1674E-11
CALSDV   47   21  0.1647E-11  0.1649E-11
CALSDV   48   21  0.1722E-11  0.1717E-11
CALSDV   49   21  0.1687E-11  0.1688E-11
CALSDV   50   21  0.1769E-11  0.1766E-11
CALSDV   51   21  0.1732E-11  0.1733E-11
CALSDV   52   21  0.1819E-11  0.1816E-11
CALSDV   53   21  0.1782E-11  0.1782E-11
CALSDV   54   21  0.1872E-11  0.1870E-11
CALSDV   55   21  0.1836E-11  0.1837E-11
CALSDV   56   21  0.1928E-11  0.1927E-11
CALSDV   57   21  0.1900E-11  0.1901E-11
CALSDV   58   21  0.1993E-11  0.1993E-11
CALSDV   59   21  0.2020E-11  0.2021E-11
CALSDV   60   21  0.2117E-11  0.2117E-11
CALSDV   22   22  0.3184E-11  0.3183E-11
CALSDV   23   22  0.3715E-11  0.3709E-11
CALSDV   24   22  0.3362E-11  0.3360E-11
CALSDV   25   22  0.1993E-11  0.1988E-11
CALSDV   26   22  0.2956E-11  0.2953E-11
CALSDV   27   22  0.2057E-11  0.2049E-11
CALSDV   28   22  0.2248E-11  0.2247E-11
CALSDV   29   22  0.2079E-11  0.2072E-11
CALSDV   30   22  0.1761E-11  0.1759E-11
CALSDV   31   22  0.1935E-11  0.1931E-11
CALSDV   32   22  0.1558E-11  0.1558E-11
CALSDV   33   22  0.1748E-11  0.1744E-11
CALSDV   34   22  0.1541E-11  0.1540E-11
CALSDV   35   22  0.1597E-11  0.1594E-11
CALSDV   36   22  0.1596E-11  0.1596E-11
CALSDV   37   22  0.1515E-11  0.1512E-11
CALSDV   38   22  0.1664E-11  0.1664E-11
CALSDV   39   22  0.1499E-11  0.1495E-11
CALSDV   40   22  0.1726E-11  0.1725E-11
CALSDV   41   22  0.1528E-11  0.1525E-11
CALSDV   42   22  0.1777E-11  0.1777E-11
CALSDV   43   22  0.1583E-11  0.1580E-11
CALSDV   44   22  0.1819E-11  0.1818E-11
CALSDV   45   22  0.1649E-11  0.1646E-11
CALSDV   46   22  0.1855E-11  0.1854E-11
CALSDV   47   22  0.1715E-11  0.1712E-11
CALSDV   48   22  0.1887E-11  0.1886E-11
CALSDV   49   22  0.1778E-11  0.1775E-11
CALSDV   50   22  0.1918E-11  0.1917E-11
CALSDV   51   22  0.1835E-11  0.1833E-11
CALSDV   52   22  0.1949E-11  0.1948E-11
CALSDV   53   22  0.1888E-11  0.1885E-11
CALSDV   54   22  0.1982E-11  0.1981E-11
CALSDV   55   22  0.1935E-11  0.1933E-11
CALSDV   56   22  0.2019E-11  0.2017E-11
CALSDV   57   22  0.1985E-11  0.1982E-11
CALSDV   58   22  0.2064E-11  0.2062E-11
CALSDV   59   22  0.2092E-11  0.2090E-11
CALSDV   60   22  0.2173E-11  0.2171E-11
CALSDV   23   23  0.3032E-11  0.3025E-11
CALSDV   24   23  0.3697E-11  0.3691E-11
CALSDV   25   23  0.3104E-11  0.3091E-11
CALSDV   26   23  0.1927E-11  0.1931E-11
CALSDV   27   23  0.2655E-11  0.2653E-11
CALSDV   28   23  0.2174E-11  0.2177E-11
CALSDV   29   23  0.2087E-11  0.2086E-11
CALSDV   30   23  0.2312E-11  0.2318E-11
CALSDV   31   23  0.1777E-11  0.1775E-11
CALSDV   32   23  0.2223E-11  0.2232E-11
CALSDV   33   23  0.1677E-11  0.1678E-11
CALSDV   34   23  0.2050E-11  0.2061E-11
CALSDV   35   23  0.1666E-11  0.1671E-11
CALSDV   36   23  0.1884E-11  0.1897E-11
CALSDV   37   23  0.1679E-11  0.1687E-11
CALSDV   38   23  0.1767E-11  0.1780E-11
CALSDV   39   23  0.1693E-11  0.1703E-11
CALSDV   40   23  0.1707E-11  0.1721E-11
CALSDV   41   23  0.1707E-11  0.1719E-11
CALSDV   42   23  0.1697E-11  0.1711E-11
CALSDV   43   23  0.1724E-11  0.1736E-11
CALSDV   44   23  0.1721E-11  0.1734E-11
CALSDV   45   23  0.1747E-11  0.1759E-11
CALSDV   46   23  0.1765E-11  0.1777E-11
CALSDV   47   23  0.1776E-11  0.1788E-11
CALSDV   48   23  0.1819E-11  0.1830E-11
CALSDV   49   23  0.1812E-11  0.1824E-11
CALSDV   50   23  0.1875E-11  0.1886E-11
CALSDV   51   23  0.1852E-11  0.1864E-11
CALSDV   52   23  0.1931E-11  0.1941E-11
CALSDV   53   23  0.1897E-11  0.1908E-11
CALSDV   54   23  0.1984E-11  0.1995E-11
CALSDV   55   23  0.1943E-11  0.1955E-11
CALSDV   56   23  0.2036E-11  0.2046E-11
CALSDV   57   23  0.1994E-11  0.2005E-11
CALSDV   58   23  0.2089E-11  0.2100E-11
CALSDV   59   23  0.2100E-11  0.2110E-11
CALSDV   60   23  0.2203E-11  0.2202E-11
CALSDV   24   24  0.3089E-11  0.3076E-11
CALSDV   25   24  0.3756E-11  0.3754E-11
CALSDV   26   24  0.3415E-11  0.3411E-11
CALSDV   27   24  0.2033E-11  0.2032E-11
CALSDV   28   24  0.2995E-11  0.2990E-11
CALSDV   29   24  0.2196E-11  0.2195E-11
CALSDV   30   24  0.2303E-11  0.2299E-11
CALSDV   31   24  0.2235E-11  0.2235E-11
CALSDV   32   24  0.1851E-11  0.1848E-11
CALSDV   33   24  0.2068E-11  0.2069E-11
CALSDV   34   24  0.1679E-11  0.1676E-11
CALSDV   35   24  0.1848E-11  0.1849E-11
CALSDV   36   24  0.1668E-11  0.1667E-11
CALSDV   37   24  0.1675E-11  0.1676E-11
CALSDV   38   24  0.1717E-11  0.1717E-11
CALSDV   39   24  0.1590E-11  0.1591E-11
CALSDV   40   24  0.1778E-11  0.1778E-11
CALSDV   41   24  0.1589E-11  0.1589E-11
CALSDV   42   24  0.1834E-11  0.1834E-11
CALSDV   43   24  0.1643E-11  0.1642E-11
CALSDV   44   24  0.1884E-11  0.1884E-11
CALSDV   45   24  0.1722E-11  0.1722E-11
CALSDV   46   24  0.1929E-11  0.1929E-11
CALSDV   47   24  0.1807E-11  0.1808E-11
CALSDV   48   24  0.1970E-11  0.1971E-11
CALSDV   49   24  0.1887E-11  0.1888E-11
CALSDV   50   24  0.2010E-11  0.2010E-11
CALSDV   51   24  0.1956E-11  0.1957E-11
CALSDV   52   24  0.2048E-11  0.2048E-11
CALSDV   53   24  0.2012E-11  0.2013E-11
CALSDV   54   24  0.2085E-11  0.2085E-11
CALSDV   55   24  0.2056E-11  0.2057E-11
CALSDV   56   24  0.2120E-11  0.2120E-11
CALSDV   57   24  0.2092E-11  0.2093E-11
CALSDV   58   24  0.2157E-11  0.2158E-11
CALSDV   59   24  0.2183E-11  0.2182E-11
CALSDV   60   24  0.2252E-11  0.2251E-11
CALSDV   25   25  0.3051E-11  0.3044E-11
CALSDV   26   25  0.3836E-11  0.3838E-11
CALSDV   27   25  0.3297E-11  0.3301E-11
CALSDV   28   25  0.2003E-11  0.2008E-11
CALSDV   29   25  0.2779E-11  0.2785E-11
CALSDV   30   25  0.2275E-11  0.2276E-11
CALSDV   31   25  0.2142E-11  0.2147E-11
CALSDV   32   25  0.2431E-11  0.2428E-11
CALSDV   33   25  0.1854E-11  0.1857E-11
CALSDV   34   25  0.2351E-11  0.2346E-11
CALSDV   35   25  0.1841E-11  0.1842E-11
CALSDV   36   25  0.2190E-11  0.2184E-11
CALSDV   37   25  0.1918E-11  0.1918E-11
CALSDV   38   25  0.2046E-11  0.2041E-11
CALSDV   39   25  0.1993E-11  0.1994E-11
CALSDV   40   25  0.1960E-11  0.1954E-11
CALSDV   41   25  0.2045E-11  0.2045E-11
CALSDV   42   25  0.1933E-11  0.1927E-11
CALSDV   43   25  0.2075E-11  0.2076E-11
CALSDV   44   25  0.1949E-11  0.1945E-11
CALSDV   45   25  0.2093E-11  0.2093E-11
CALSDV   46   25  0.1991E-11  0.1987E-11
CALSDV   47   25  0.2104E-11  0.2105E-11
CALSDV   48   25  0.2043E-11  0.2040E-11
CALSDV   49   25  0.2113E-11  0.2114E-11
CALSDV   50   25  0.2094E-11  0.2092E-11
CALSDV   51   25  0.2122E-11  0.2124E-11
CALSDV   52   25  0.2140E-11  0.2139E-11
CALSDV   53   25  0.2132E-11  0.2133E-11
CALSDV   54   25  0.2178E-11  0.2177E-11
CALSDV   55   25  0.2141E-11  0.2143E-11
CALSDV   56   25  0.2208E-11  0.2207E-11
CALSDV   57   25  0.2153E-11  0.2154E-11
CALSDV   58   25  0.2233E-11  0.2233E-11
CALSDV   59   25  0.2222E-11  0.2224E-11
CALSDV   60   25  0.2313E-11  0.2313E-11
CALSDV   26   26  0.3108E-11  0.3157E-11
CALSDV   27   26  0.3902E-11  0.3892E-11
CALSDV   28   26  0.3499E-11  0.3503E-11
CALSDV   29   26  0.2179E-11  0.2179E-11
CALSDV   30   26  0.3041E-11  0.3043E-11
CALSDV   31   26  0.2402E-11  0.2409E-11
CALSDV   32   26  0.2368E-11  0.2368E-11
CALSDV   33   26  0.2448E-11  0.2455E-11
CALSDV   34   26  0.1967E-11  0.1968E-11
CALSDV   35   26  0.2256E-11  0.2264E-11
CALSDV   36   26  0.1832E-11  0.1835E-11
CALSDV   37   26  0.2004E-11  0.2015E-11
CALSDV   38   26  0.1829E-11  0.1835E-11
CALSDV   39   26  0.1813E-11  0.1824E-11
CALSDV   40   26  0.1868E-11  0.1874E-11
CALSDV   41   26  0.1727E-11  0.1738E-11
CALSDV   42   26  0.1914E-11  0.1921E-11
CALSDV   43   26  0.1738E-11  0.1748E-11
CALSDV   44   26  0.1960E-11  0.1966E-11
CALSDV   45   26  0.1810E-11  0.1818E-11
CALSDV   46   26  0.2007E-11  0.2011E-11
CALSDV   47   26  0.1906E-11  0.1911E-11
CALSDV   48   26  0.2054E-11  0.2057E-11
CALSDV   49   26  0.2001E-11  0.2005E-11
CALSDV   50   26  0.2101E-11  0.2103E-11
CALSDV   51   26  0.2084E-11  0.2085E-11
CALSDV   52   26  0.2146E-11  0.2147E-11
CALSDV   53   26  0.2146E-11  0.2147E-11
CALSDV   54   26  0.2189E-11  0.2190E-11
CALSDV   55   26  0.2187E-11  0.2188E-11
CALSDV   56   26  0.2224E-11  0.2225E-11
CALSDV   57   26  0.2210E-11  0.2210E-11
CALSDV   58   26  0.2255E-11  0.2256E-11
CALSDV   59   26  0.2276E-11  0.2277E-11
CALSDV   60   26  0.2333E-11  0.2334E-11
CALSDV   27   27  0.3010E-11  0.2989E-11
CALSDV   28   27  0.3999E-11  0.3999E-11
CALSDV   29   27  0.3626E-11  0.3626E-11
CALSDV   30   27  0.2138E-11  0.2141E-11
CALSDV   31   27  0.3043E-11  0.3044E-11
CALSDV   32   27  0.2415E-11  0.2416E-11
CALSDV   33   27  0.2279E-11  0.2280E-11
CALSDV   34   27  0.2541E-11  0.2538E-11
CALSDV   35   27  0.1944E-11  0.1944E-11
CALSDV   36   27  0.2422E-11  0.2417E-11
CALSDV   37   27  0.1980E-11  0.1980E-11
CALSDV   38   27  0.2234E-11  0.2228E-11
CALSDV   39   27  0.2134E-11  0.2136E-11
CALSDV   40   27  0.2089E-11  0.2082E-11
CALSDV   41   27  0.2276E-11  0.2278E-11
CALSDV   42   27  0.2026E-11  0.2018E-11
CALSDV   43   27  0.2371E-11  0.2374E-11
CALSDV   44   27  0.2035E-11  0.2027E-11
CALSDV   45   27  0.2425E-11  0.2426E-11
CALSDV   46   27  0.2088E-11  0.2082E-11
CALSDV   47   27  0.2447E-11  0.2448E-11
CALSDV   48   27  0.2160E-11  0.2154E-11
CALSDV   49   27  0.2447E-11  0.2447E-11
CALSDV   50   27  0.2231E-11  0.2226E-11
CALSDV   51   27  0.2431E-11  0.2432E-11
CALSDV   52   27  0.2290E-11  0.2286E-11
CALSDV   53   27  0.2407E-11  0.2407E-11
CALSDV   54   27  0.2333E-11  0.2329E-11
CALSDV   55   27  0.2373E-11  0.2373E-11
CALSDV   56   27  0.2356E-11  0.2353E-11
CALSDV   57   27  0.2335E-11  0.2334E-11
CALSDV   58   27  0.2364E-11  0.2361E-11
CALSDV   59   27  0.2355E-11  0.2354E-11
CALSDV   60   27  0.2416E-11  0.2413E-11
CALSDV   28   28  0.3166E-11  0.3197E-11
CALSDV   29   28  0.4012E-11  0.4019E-11
CALSDV   30   28  0.3611E-11  0.3624E-11
CALSDV   31   28  0.2265E-11  0.2264E-11
CALSDV   32   28  0.3101E-11  0.3108E-11
CALSDV   33   28  0.2567E-11  0.2565E-11
CALSDV   34   28  0.2439E-11  0.2443E-11
CALSDV   35   28  0.2624E-11  0.2623E-11
CALSDV   36   28  0.2097E-11  0.2094E-11
CALSDV   37   28  0.2411E-11  0.2413E-11
CALSDV   38   28  0.2009E-11  0.2003E-11
CALSDV   39   28  0.2137E-11  0.2144E-11
CALSDV   40   28  0.2020E-11  0.2014E-11
CALSDV   41   28  0.1940E-11  0.1948E-11
CALSDV   42   28  0.2052E-11  0.2045E-11
CALSDV   43   28  0.1867E-11  0.1876E-11
CALSDV   44   28  0.2084E-11  0.2079E-11
CALSDV   45   28  0.1903E-11  0.1911E-11
CALSDV   46   28  0.2120E-11  0.2116E-11
CALSDV   47   28  0.1998E-11  0.2003E-11
CALSDV   48   28  0.2161E-11  0.2157E-11
CALSDV   49   28  0.2107E-11  0.2112E-11
CALSDV   50   28  0.2208E-11  0.2205E-11
CALSDV   51   28  0.2207E-11  0.2209E-11
CALSDV   52   28  0.2257E-11  0.2254E-11
CALSDV   53   28  0.2280E-11  0.2282E-11
CALSDV   54   28  0.2304E-11  0.2301E-11
CALSDV   55   28  0.2323E-11  0.2324E-11
CALSDV   56   28  0.2340E-11  0.2338E-11
CALSDV   57   28  0.2335E-11  0.2335E-11
CALSDV   58   28  0.2364E-11  0.2361E-11
CALSDV   59   28  0.2375E-11  0.2374E-11
CALSDV   60   28  0.2422E-11  0.2421E-11
CALSDV   29   29  0.2893E-11  0.2903E-11
CALSDV   30   29  0.4218E-11  0.4224E-11
CALSDV   31   29  0.3821E-11  0.3828E-11
CALSDV   32   29  0.2380E-11  0.2381E-11
CALSDV   33   29  0.3223E-11  0.3232E-11
CALSDV   34   29  0.2646E-11  0.2649E-11
CALSDV   35   29  0.2426E-11  0.2437E-11
CALSDV   36   29  0.2726E-11  0.2727E-11
CALSDV   37   29  0.2066E-11  0.2072E-11
CALSDV   38   29  0.2561E-11  0.2562E-11
CALSDV   39   29  0.2083E-11  0.2083E-11
CALSDV   40   29  0.2352E-11  0.2353E-11
CALSDV   41   29  0.2223E-11  0.2222E-11
CALSDV   42   29  0.2220E-11  0.2218E-11
CALSDV   43   29  0.2356E-11  0.2354E-11
CALSDV   44   29  0.2195E-11  0.2192E-11
CALSDV   45   29  0.2448E-11  0.2446E-11
CALSDV   46   29  0.2248E-11  0.2246E-11
CALSDV   47   29  0.2502E-11  0.2501E-11
CALSDV   48   29  0.2337E-11  0.2334E-11
CALSDV   49   29  0.2528E-11  0.2527E-11
CALSDV   50   29  0.2427E-11  0.2424E-11
CALSDV   51   29  0.2532E-11  0.2531E-11
CALSDV   52   29  0.2499E-11  0.2495E-11
CALSDV   53   29  0.2521E-11  0.2520E-11
CALSDV   54   29  0.2542E-11  0.2537E-11
CALSDV   55   29  0.2492E-11  0.2491E-11
CALSDV   56   29  0.2551E-11  0.2547E-11
CALSDV   57   29  0.2448E-11  0.2446E-11
CALSDV   58   29  0.2530E-11  0.2527E-11
CALSDV   59   29  0.2444E-11  0.2443E-11
CALSDV   60   29  0.2539E-11  0.2538E-11
CALSDV   30   30  0.3688E-11  0.3721E-11
CALSDV   31   30  0.4287E-11  0.4295E-11
CALSDV   32   30  0.3873E-11  0.3879E-11
CALSDV   33   30  0.2423E-11  0.2424E-11
CALSDV   34   30  0.3244E-11  0.3254E-11
CALSDV   35   30  0.2714E-11  0.2714E-11
CALSDV   36   30  0.2586E-11  0.2592E-11
CALSDV   37   30  0.2773E-11  0.2772E-11
CALSDV   38   30  0.2326E-11  0.2329E-11
CALSDV   39   30  0.2563E-11  0.2557E-11
CALSDV   40   30  0.2315E-11  0.2316E-11
CALSDV   41   30  0.2303E-11  0.2296E-11
CALSDV   42   30  0.2363E-11  0.2366E-11
CALSDV   43   30  0.2136E-11  0.2128E-11
CALSDV   44   30  0.2401E-11  0.2402E-11
CALSDV   45   30  0.2099E-11  0.2091E-11
CALSDV   46   30  0.2422E-11  0.2423E-11
CALSDV   47   30  0.2160E-11  0.2154E-11
CALSDV   48   30  0.2437E-11  0.2439E-11
CALSDV   49   30  0.2264E-11  0.2260E-11
CALSDV   50   30  0.2456E-11  0.2456E-11
CALSDV   51   30  0.2369E-11  0.2364E-11
CALSDV   52   30  0.2478E-11  0.2478E-11
CALSDV   53   30  0.2447E-11  0.2443E-11
CALSDV   54   30  0.2500E-11  0.2500E-11
CALSDV   55   30  0.2485E-11  0.2481E-11
CALSDV   56   30  0.2514E-11  0.2512E-11
CALSDV   57   30  0.2479E-11  0.2476E-11
CALSDV   58   30  0.2510E-11  0.2509E-11
CALSDV   59   30  0.2485E-11  0.2484E-11
CALSDV   60   30  0.2533E-11  0.2532E-11
CALSDV   31   31  0.3116E-11  0.3117E-11
CALSDV   32   31  0.4483E-11  0.4494E-11
CALSDV   33   31  0.3948E-11  0.3958E-11
CALSDV   34   31  0.2698E-11  0.2707E-11
CALSDV   35   31  0.3419E-11  0.3426E-11
CALSDV   36   31  0.2959E-11  0.2964E-11
CALSDV   37   31  0.2679E-11  0.2681E-11
CALSDV   38   31  0.2977E-11  0.2980E-11
CALSDV   39   31  0.2306E-11  0.2308E-11
CALSDV   40   31  0.2747E-11  0.2748E-11
CALSDV   41   31  0.2240E-11  0.2246E-11
CALSDV   42   31  0.2501E-11  0.2499E-11
CALSDV   43   31  0.2292E-11  0.2300E-11
CALSDV   44   31  0.2370E-11  0.2367E-11
CALSDV   45   31  0.2360E-11  0.2369E-11
CALSDV   46   31  0.2374E-11  0.2372E-11
CALSDV   47   31  0.2418E-11  0.2428E-11
CALSDV   48   31  0.2464E-11  0.2462E-11
CALSDV   49   31  0.2465E-11  0.2476E-11
CALSDV   50   31  0.2579E-11  0.2577E-11
CALSDV   51   31  0.2503E-11  0.2513E-11
CALSDV   52   31  0.2676E-11  0.2674E-11
CALSDV   53   31  0.2528E-11  0.2538E-11
CALSDV   54   31  0.2734E-11  0.2732E-11
CALSDV   55   31  0.2536E-11  0.2542E-11
CALSDV   56   31  0.2742E-11  0.2740E-11
CALSDV   57   31  0.2516E-11  0.2519E-11
CALSDV   58   31  0.2699E-11  0.2697E-11
CALSDV   59   31  0.2510E-11  0.2514E-11
CALSDV   60   31  0.2666E-11  0.2667E-11
CALSDV   32   32  0.3102E-11  0.3105E-11
CALSDV   33   32  0.4309E-11  0.4310E-11
CALSDV   34   32  0.3933E-11  0.3934E-11
CALSDV   35   32  0.2525E-11  0.2527E-11
CALSDV   36   32  0.3294E-11  0.3295E-11
CALSDV   37   32  0.2928E-11  0.2929E-11
CALSDV   38   32  0.2612E-11  0.2616E-11
CALSDV   39   32  0.2962E-11  0.2969E-11
CALSDV   40   32  0.2367E-11  0.2366E-11
CALSDV   41   32  0.2692E-11  0.2702E-11
CALSDV   42   32  0.2376E-11  0.2370E-11
CALSDV   43   32  0.2387E-11  0.2399E-11
CALSDV   44   32  0.2437E-11  0.2426E-11
CALSDV   45   32  0.2212E-11  0.2223E-11
CALSDV   46   32  0.2482E-11  0.2468E-11
CALSDV   47   32  0.2201E-11  0.2210E-11
CALSDV   48   32  0.2512E-11  0.2497E-11
CALSDV   49   32  0.2298E-11  0.2305E-11
CALSDV   50   32  0.2541E-11  0.2528E-11
CALSDV   51   32  0.2427E-11  0.2433E-11
CALSDV   52   32  0.2575E-11  0.2565E-11
CALSDV   53   32  0.2539E-11  0.2543E-11
CALSDV   54   32  0.2609E-11  0.2602E-11
CALSDV   55   32  0.2601E-11  0.2605E-11
CALSDV   56   32  0.2631E-11  0.2627E-11
CALSDV   57   32  0.2601E-11  0.2603E-11
CALSDV   58   32  0.2628E-11  0.2624E-11
CALSDV   59   32  0.2586E-11  0.2586E-11
CALSDV   60   32  0.2630E-11  0.2628E-11
CALSDV   33   33  0.3206E-11  0.3196E-11
CALSDV   34   33  0.4410E-11  0.4400E-11
CALSDV   35   33  0.4241E-11  0.4229E-11
CALSDV   36   33  0.2556E-11  0.2551E-11
CALSDV   37   33  0.3552E-11  0.3546E-11
CALSDV   38   33  0.2972E-11  0.2969E-11
CALSDV   39   33  0.2674E-11  0.2670E-11
CALSDV   40   33  0.3012E-11  0.3007E-11
CALSDV   41   33  0.2336E-11  0.2330E-11
CALSDV   42   33  0.2750E-11  0.2745E-11
CALSDV   43   33  0.2425E-11  0.2419E-11
CALSDV   44   33  0.2476E-11  0.2471E-11
CALSDV   45   33  0.2625E-11  0.2620E-11
CALSDV   46   33  0.2349E-11  0.2344E-11
CALSDV   47   33  0.2791E-11  0.2786E-11
CALSDV   48   33  0.2387E-11  0.2381E-11
CALSDV   49   33  0.2894E-11  0.2889E-11
CALSDV   50   33  0.2516E-11  0.2511E-11
CALSDV   51   33  0.2938E-11  0.2933E-11
CALSDV   52   33  0.2661E-11  0.2656E-11
CALSDV   53   33  0.2933E-11  0.2929E-11
CALSDV   54   33  0.2770E-11  0.2767E-11
CALSDV   55   33  0.2883E-11  0.2878E-11
CALSDV   56   33  0.2820E-11  0.2816E-11
CALSDV   57   33  0.2785E-11  0.2783E-11
CALSDV   58   33  0.2797E-11  0.2796E-11
CALSDV   59   33  0.2692E-11  0.2690E-11
CALSDV   60   33  0.2754E-11  0.2752E-11
CALSDV   34   34  0.3000E-11  0.2973E-11
CALSDV   35   34  0.4372E-11  0.4375E-11
CALSDV   36   34  0.4098E-11  0.4080E-11
CALSDV   37   34  0.2604E-11  0.2614E-11
CALSDV   38   34  0.3401E-11  0.3388E-11
CALSDV   39   34  0.3114E-11  0.3125E-11
CALSDV   40   34  0.2701E-11  0.2697E-11
CALSDV   41   34  0.3157E-11  0.3172E-11
CALSDV   42   34  0.2470E-11  0.2472E-11
CALSDV   43   34  0.2878E-11  0.2894E-11
CALSDV   44   34  0.2486E-11  0.2486E-11
CALSDV   45   34  0.2586E-11  0.2602E-11
CALSDV   46   34  0.2540E-11  0.2538E-11
CALSDV   47   34  0.2446E-11  0.2461E-11
CALSDV   48   34  0.2578E-11  0.2575E-11
CALSDV   49   34  0.2471E-11  0.2483E-11
CALSDV   50   34  0.2611E-11  0.2607E-11
CALSDV   51   34  0.2582E-11  0.2590E-11
CALSDV   52   34  0.2652E-11  0.2649E-11
CALSDV   53   34  0.2699E-11  0.2704E-11
CALSDV   54   34  0.2701E-11  0.2698E-11
CALSDV   55   34  0.2767E-11  0.2771E-11
CALSDV   56   34  0.2738E-11  0.2737E-11
CALSDV   57   34  0.2758E-11  0.2762E-11
CALSDV   58   34  0.2741E-11  0.2742E-11
CALSDV   59   34  0.2709E-11  0.2709E-11
CALSDV   60   34  0.2727E-11  0.2727E-11
CALSDV   35   35  0.3173E-11  0.3207E-11
CALSDV   36   35  0.4533E-11  0.4532E-11
CALSDV   37   35  0.4494E-11  0.4486E-11
CALSDV   38   35  0.2690E-11  0.2687E-11
CALSDV   39   35  0.3741E-11  0.3736E-11
CALSDV   40   35  0.3170E-11  0.3166E-11
CALSDV   41   35  0.2826E-11  0.2823E-11
CALSDV   42   35  0.3178E-11  0.3177E-11
CALSDV   43   35  0.2493E-11  0.2490E-11
CALSDV   44   35  0.2880E-11  0.2878E-11
CALSDV   45   35  0.2587E-11  0.2587E-11
CALSDV   46   35  0.2608E-11  0.2608E-11
CALSDV   47   35  0.2783E-11  0.2784E-11
CALSDV   48   35  0.2527E-11  0.2527E-11
CALSDV   49   35  0.2941E-11  0.2940E-11
CALSDV   50   35  0.2619E-11  0.2617E-11
CALSDV   51   35  0.3030E-11  0.3032E-11
CALSDV   52   35  0.2780E-11  0.2779E-11
CALSDV   53   35  0.3058E-11  0.3059E-11
CALSDV   54   35  0.2921E-11  0.2920E-11
CALSDV   55   35  0.3025E-11  0.3026E-11
CALSDV   56   35  0.2992E-11  0.2990E-11
CALSDV   57   35  0.2928E-11  0.2929E-11
CALSDV   58   35  0.2966E-11  0.2967E-11
CALSDV   59   35  0.2805E-11  0.2805E-11
CALSDV   60   35  0.2886E-11  0.2885E-11
CALSDV   36   36  0.3108E-11  0.3125E-11
CALSDV   37   36  0.4494E-11  0.4495E-11
CALSDV   38   36  0.4321E-11  0.4313E-11
CALSDV   39   36  0.2750E-11  0.2742E-11
CALSDV   40   36  0.3548E-11  0.3539E-11
CALSDV   41   36  0.3338E-11  0.3329E-11
CALSDV   42   36  0.2829E-11  0.2828E-11
CALSDV   43   36  0.3386E-11  0.3377E-11
CALSDV   44   36  0.2636E-11  0.2635E-11
CALSDV   45   36  0.3117E-11  0.3109E-11
CALSDV   46   36  0.2685E-11  0.2683E-11
CALSDV   47   36  0.2868E-11  0.2860E-11
CALSDV   48   36  0.2756E-11  0.2752E-11
CALSDV   49   36  0.2782E-11  0.2776E-11
CALSDV   50   36  0.2804E-11  0.2798E-11
CALSDV   51   36  0.2837E-11  0.2830E-11
CALSDV   52   36  0.2842E-11  0.2835E-11
CALSDV   53   36  0.2933E-11  0.2928E-11
CALSDV   54   36  0.2881E-11  0.2877E-11
CALSDV   55   36  0.2990E-11  0.2987E-11
CALSDV   56   36  0.2910E-11  0.2906E-11
CALSDV   57   36  0.2959E-11  0.2957E-11
CALSDV   58   36  0.2901E-11  0.2897E-11
CALSDV   59   36  0.2857E-11  0.2855E-11
CALSDV   60   36  0.2852E-11  0.2850E-11
CALSDV   37   37  0.3003E-11  0.2979E-11
CALSDV   38   37  0.4672E-11  0.4666E-11
CALSDV   39   37  0.4754E-11  0.4753E-11
CALSDV   40   37  0.2859E-11  0.2856E-11
CALSDV   41   37  0.3922E-11  0.3918E-11
CALSDV   42   37  0.3387E-11  0.3381E-11
CALSDV   43   37  0.2971E-11  0.2966E-11
CALSDV   44   37  0.3341E-11  0.3338E-11
CALSDV   45   37  0.2644E-11  0.2639E-11
CALSDV   46   37  0.2988E-11  0.2985E-11
CALSDV   47   37  0.2738E-11  0.2735E-11
CALSDV   48   37  0.2713E-11  0.2709E-11
CALSDV   49   37  0.2920E-11  0.2919E-11
CALSDV   50   37  0.2676E-11  0.2671E-11
CALSDV   51   37  0.3061E-11  0.3061E-11
CALSDV   52   37  0.2816E-11  0.2811E-11
CALSDV   53   37  0.3134E-11  0.3135E-11
CALSDV   54   37  0.2996E-11  0.2992E-11
CALSDV   55   37  0.3136E-11  0.3136E-11
CALSDV   56   37  0.3112E-11  0.3108E-11
CALSDV   57   37  0.3056E-11  0.3056E-11
CALSDV   58   37  0.3112E-11  0.3108E-11
CALSDV   59   37  0.2916E-11  0.2914E-11
CALSDV   60   37  0.3012E-11  0.3008E-11
CALSDV   38   38  0.3164E-11  0.3166E-11
CALSDV   39   38  0.4638E-11  0.4635E-11
CALSDV   40   38  0.4550E-11  0.4556E-11
CALSDV   41   38  0.2904E-11  0.2909E-11
CALSDV   42   38  0.3696E-11  0.3699E-11
CALSDV   43   38  0.3544E-11  0.3544E-11
CALSDV   44   38  0.2961E-11  0.2971E-11
CALSDV   45   38  0.3580E-11  0.3576E-11
CALSDV   46   38  0.2801E-11  0.2809E-11
CALSDV   47   38  0.3321E-11  0.3314E-11
CALSDV   48   38  0.2870E-11  0.2879E-11
CALSDV   49   38  0.3122E-11  0.3114E-11
CALSDV   50   38  0.2942E-11  0.2956E-11
CALSDV   51   38  0.3091E-11  0.3086E-11
CALSDV   52   38  0.2990E-11  0.3007E-11
CALSDV   53   38  0.3159E-11  0.3157E-11
CALSDV   54   38  0.3029E-11  0.3046E-11
CALSDV   55   38  0.3213E-11  0.3212E-11
CALSDV   56   38  0.3059E-11  0.3072E-11
CALSDV   57   38  0.3166E-11  0.3167E-11
CALSDV   58   38  0.3045E-11  0.3054E-11
CALSDV   59   38  0.3013E-11  0.3016E-11
CALSDV   60   38  0.2971E-11  0.2977E-11
CALSDV   39   39  0.3042E-11  0.3058E-11
CALSDV   40   39  0.4819E-11  0.4807E-11
CALSDV   41   39  0.5035E-11  0.5042E-11
CALSDV   42   39  0.3068E-11  0.3073E-11
CALSDV   43   39  0.4102E-11  0.4100E-11
CALSDV   44   39  0.3615E-11  0.3623E-11
CALSDV   45   39  0.3106E-11  0.3102E-11
CALSDV   46   39  0.3497E-11  0.3501E-11
CALSDV   47   39  0.2807E-11  0.2805E-11
CALSDV   48   39  0.3091E-11  0.3089E-11
CALSDV   49   39  0.2933E-11  0.2932E-11
CALSDV   50   39  0.2831E-11  0.2825E-11
CALSDV   51   39  0.3125E-11  0.3126E-11
CALSDV   52   39  0.2855E-11  0.2848E-11
CALSDV   53   39  0.3254E-11  0.3255E-11
CALSDV   54   39  0.3038E-11  0.3036E-11
CALSDV   55   39  0.3292E-11  0.3293E-11
CALSDV   56   39  0.3207E-11  0.3205E-11
CALSDV   57   39  0.3223E-11  0.3223E-11
CALSDV   58   39  0.3248E-11  0.3246E-11
CALSDV   59   39  0.3052E-11  0.3052E-11
CALSDV   60   39  0.3138E-11  0.3138E-11
CALSDV   40   40  0.3346E-11  0.3346E-11
CALSDV   41   40  0.4865E-11  0.4858E-11
CALSDV   42   40  0.5000E-11  0.4996E-11
CALSDV   43   40  0.3150E-11  0.3153E-11
CALSDV   44   40  0.3992E-11  0.3990E-11
CALSDV   45   40  0.3799E-11  0.3793E-11
CALSDV   46   40  0.3140E-11  0.3141E-11
CALSDV   47   40  0.3828E-11  0.3818E-11
CALSDV   48   40  0.3040E-11  0.3041E-11
CALSDV   49   40  0.3611E-11  0.3599E-11
CALSDV   50   40  0.3242E-11  0.3239E-11
CALSDV   51   40  0.3481E-11  0.3474E-11
CALSDV   52   40  0.3420E-11  0.3408E-11
CALSDV   53   40  0.3490E-11  0.3478E-11
CALSDV   54   40  0.3506E-11  0.3486E-11
CALSDV   55   40  0.3514E-11  0.3504E-11
CALSDV   56   40  0.3499E-11  0.3481E-11
CALSDV   57   40  0.3437E-11  0.3429E-11
CALSDV   58   40  0.3399E-11  0.3386E-11
CALSDV   59   40  0.3211E-11  0.3208E-11
CALSDV   60   40  0.3204E-11  0.3197E-11
CALSDV   41   41  0.3276E-11  0.3275E-11
CALSDV   42   41  0.5009E-11  0.4998E-11
CALSDV   43   41  0.5358E-11  0.5360E-11
CALSDV   44   41  0.3389E-11  0.3386E-11
CALSDV   45   41  0.4278E-11  0.4280E-11
CALSDV   46   41  0.3936E-11  0.3931E-11
CALSDV   47   41  0.3249E-11  0.3248E-11
CALSDV   48   41  0.3734E-11  0.3728E-11
CALSDV   49   41  0.3026E-11  0.3024E-11
CALSDV   50   41  0.3285E-11  0.3280E-11
CALSDV   51   41  0.3210E-11  0.3209E-11
CALSDV   52   41  0.3059E-11  0.3052E-11
CALSDV   53   41  0.3405E-11  0.3405E-11
CALSDV   54   41  0.3133E-11  0.3128E-11
CALSDV   55   41  0.3488E-11  0.3487E-11
CALSDV   56   41  0.3315E-11  0.3305E-11
CALSDV   57   41  0.3428E-11  0.3424E-11
CALSDV   58   41  0.3395E-11  0.3385E-11
CALSDV   59   41  0.3217E-11  0.3212E-11
CALSDV   60   41  0.3280E-11  0.3273E-11
CALSDV   42   42  0.3530E-11  0.3529E-11
CALSDV   43   42  0.5132E-11  0.5122E-11
CALSDV   44   42  0.5551E-11  0.5559E-11
CALSDV   45   42  0.3467E-11  0.3458E-11
CALSDV   46   42  0.4334E-11  0.4341E-11
CALSDV   47   42  0.4054E-11  0.4048E-11
CALSDV   48   42  0.3320E-11  0.3326E-11
CALSDV   49   42  0.4014E-11  0.4009E-11
CALSDV   50   42  0.3320E-11  0.3319E-11
CALSDV   51   42  0.3789E-11  0.3786E-11
CALSDV   52   42  0.3685E-11  0.3683E-11
CALSDV   53   42  0.3692E-11  0.3691E-11
CALSDV   54   42  0.3939E-11  0.3939E-11
CALSDV   55   42  0.3695E-11  0.3693E-11
CALSDV   56   42  0.3985E-11  0.3984E-11
CALSDV   57   42  0.3628E-11  0.3625E-11
CALSDV   58   42  0.3827E-11  0.3825E-11
CALSDV   59   42  0.3379E-11  0.3375E-11
CALSDV   60   42  0.3491E-11  0.3489E-11
CALSDV   43   43  0.3508E-11  0.3493E-11
CALSDV   44   43  0.5174E-11  0.5169E-11
CALSDV   45   43  0.5700E-11  0.5706E-11
CALSDV   46   43  0.3672E-11  0.3674E-11
CALSDV   47   43  0.4436E-11  0.4439E-11
CALSDV   48   43  0.4178E-11  0.4183E-11
CALSDV   49   43  0.3397E-11  0.3402E-11
CALSDV   50   43  0.3876E-11  0.3889E-11
CALSDV   51   43  0.3302E-11  0.3314E-11
CALSDV   52   43  0.3415E-11  0.3433E-11
CALSDV   53   43  0.3557E-11  0.3575E-11
CALSDV   54   43  0.3265E-11  0.3283E-11
CALSDV   55   43  0.3725E-11  0.3738E-11
CALSDV   56   43  0.3395E-11  0.3407E-11
CALSDV   57   43  0.3685E-11  0.3693E-11
CALSDV   58   43  0.3515E-11  0.3521E-11
CALSDV   59   43  0.3419E-11  0.3422E-11
CALSDV   60   43  0.3416E-11  0.3418E-11
CALSDV   44   44  0.3654E-11  0.3654E-11
CALSDV   45   44  0.5454E-11  0.5447E-11
CALSDV   46   44  0.5959E-11  0.5972E-11
CALSDV   47   44  0.3832E-11  0.3847E-11
CALSDV   48   44  0.4548E-11  0.4557E-11
CALSDV   49   44  0.4365E-11  0.4371E-11
CALSDV   50   44  0.3491E-11  0.3492E-11
CALSDV   51   44  0.4276E-11  0.4275E-11
CALSDV   52   44  0.3603E-11  0.3598E-11
CALSDV   53   44  0.4053E-11  0.4052E-11
CALSDV   54   44  0.4022E-11  0.4020E-11
CALSDV   55   44  0.3951E-11  0.3950E-11
CALSDV   56   44  0.4225E-11  0.4225E-11
CALSDV   57   44  0.3853E-11  0.3852E-11
CALSDV   58   44  0.4118E-11  0.4120E-11
CALSDV   59   44  0.3562E-11  0.3564E-11
CALSDV   60   44  0.3723E-11  0.3726E-11
CALSDV   45   45  0.4189E-11  0.4192E-11
CALSDV   46   45  0.5436E-11  0.5451E-11
CALSDV   47   45  0.6146E-11  0.6146E-11
CALSDV   48   45  0.3992E-11  0.4009E-11
CALSDV   49   45  0.4632E-11  0.4631E-11
CALSDV   50   45  0.4425E-11  0.4457E-11
CALSDV   51   45  0.3730E-11  0.3735E-11
CALSDV   52   45  0.4084E-11  0.4129E-11
CALSDV   53   45  0.3897E-11  0.3904E-11
CALSDV   54   45  0.3700E-11  0.3744E-11
CALSDV   55   45  0.4186E-11  0.4189E-11
CALSDV   56   45  0.3637E-11  0.3667E-11
CALSDV   57   45  0.4158E-11  0.4159E-11
CALSDV   58   45  0.3712E-11  0.3727E-11
CALSDV   59   45  0.3757E-11  0.3758E-11
CALSDV   60   45  0.3591E-11  0.3597E-11
CALSDV   46   46  0.4082E-11  0.4087E-11
CALSDV   47   46  0.6001E-11  0.5924E-11
CALSDV   48   46  0.6332E-11  0.6347E-11
CALSDV   49   46  0.4458E-11  0.4438E-11
CALSDV   50   46  0.4878E-11  0.4892E-11
CALSDV   51   46  0.4912E-11  0.4932E-11
CALSDV   52   46  0.3886E-11  0.3887E-11
CALSDV   53   46  0.4748E-11  0.4784E-11
CALSDV   54   46  0.3985E-11  0.3972E-11
CALSDV   55   46  0.4457E-11  0.4485E-11
CALSDV   56   46  0.4275E-11  0.4266E-11
CALSDV   57   46  0.4204E-11  0.4214E-11
CALSDV   58   46  0.4281E-11  0.4276E-11
CALSDV   59   46  0.3807E-11  0.3804E-11
CALSDV   60   46  0.3906E-11  0.3902E-11
CALSDV   47   47  0.4520E-11  0.4447E-11
CALSDV   48   47  0.5611E-11  0.5636E-11
CALSDV   49   47  0.6453E-11  0.6432E-11
CALSDV   50   47  0.4345E-11  0.4353E-11
CALSDV   51   47  0.4660E-11  0.4653E-11
CALSDV   52   47  0.4716E-11  0.4676E-11
CALSDV   53   47  0.3882E-11  0.3887E-11
CALSDV   54   47  0.4331E-11  0.4270E-11
CALSDV   55   47  0.4183E-11  0.4188E-11
CALSDV   56   47  0.4005E-11  0.3950E-11
CALSDV   57   47  0.4359E-11  0.4360E-11
CALSDV   58   47  0.3943E-11  0.3903E-11
CALSDV   59   47  0.4005E-11  0.4005E-11
CALSDV   60   47  0.3783E-11  0.3766E-11
CALSDV   48   48  0.4146E-11  0.4075E-11
CALSDV   49   48  0.6001E-11  0.6013E-11
CALSDV   50   48  0.6652E-11  0.6655E-11
CALSDV   51   48  0.4397E-11  0.4399E-11
CALSDV   52   48  0.4702E-11  0.4697E-11
CALSDV   53   48  0.4700E-11  0.4707E-11
CALSDV   54   48  0.3853E-11  0.3843E-11
CALSDV   55   48  0.4493E-11  0.4491E-11
CALSDV   56   48  0.4292E-11  0.4283E-11
CALSDV   57   48  0.4260E-11  0.4256E-11
CALSDV   58   48  0.4576E-11  0.4569E-11
CALSDV   59   48  0.3931E-11  0.3927E-11
CALSDV   60   48  0.4232E-11  0.4231E-11
CALSDV   49   49  0.3817E-11  0.3973E-11
CALSDV   50   49  0.5798E-11  0.5813E-11
CALSDV   51   49  0.6850E-11  0.6845E-11
CALSDV   52   49  0.4627E-11  0.4638E-11
CALSDV   53   49  0.4512E-11  0.4532E-11
CALSDV   54   49  0.4986E-11  0.5020E-11
CALSDV   55   49  0.3984E-11  0.4000E-11
CALSDV   56   49  0.4621E-11  0.4676E-11
CALSDV   57   49  0.4282E-11  0.4295E-11
CALSDV   58   49  0.4329E-11  0.4377E-11
CALSDV   59   49  0.4162E-11  0.4164E-11
CALSDV   60   49  0.4036E-11  0.4059E-11
CALSDV   50   50  0.4208E-11  0.4167E-11
CALSDV   51   50  0.6668E-11  0.6667E-11
CALSDV   52   50  0.7202E-11  0.7203E-11
CALSDV   53   50  0.5035E-11  0.5007E-11
CALSDV   54   50  0.4657E-11  0.4645E-11
CALSDV   55   50  0.5124E-11  0.5091E-11
CALSDV   56   50  0.4130E-11  0.4127E-11
CALSDV   57   50  0.5000E-11  0.4966E-11
CALSDV   58   50  0.4577E-11  0.4577E-11
CALSDV   59   50  0.4371E-11  0.4356E-11
CALSDV   60   50  0.4447E-11  0.4447E-11
CALSDV   51   51  0.3769E-11  0.3768E-11
CALSDV   52   51  0.6620E-11  0.6646E-11
CALSDV   53   51  0.7013E-11  0.7029E-11
CALSDV   54   51  0.5385E-11  0.5401E-11
CALSDV   55   51  0.4677E-11  0.4694E-11
CALSDV   56   51  0.5513E-11  0.5549E-11
CALSDV   57   51  0.4311E-11  0.4314E-11
CALSDV   58   51  0.5323E-11  0.5356E-11
CALSDV   59   51  0.4486E-11  0.4489E-11
CALSDV   60   51  0.4573E-11  0.4592E-11
CALSDV   52   52  0.3916E-11  0.3949E-11
CALSDV   53   52  0.6931E-11  0.6956E-11
CALSDV   54   52  0.7311E-11  0.7320E-11
CALSDV   55   52  0.5356E-11  0.5378E-11
CALSDV   56   52  0.4725E-11  0.4730E-11
CALSDV   57   52  0.5566E-11  0.5572E-11
CALSDV   58   52  0.4424E-11  0.4419E-11
CALSDV   59   52  0.4972E-11  0.4975E-11
CALSDV   60   52  0.4696E-11  0.4701E-11
CALSDV   53   53  0.3485E-11  0.3444E-11
CALSDV   54   53  0.7014E-11  0.7033E-11
CALSDV   55   53  0.6924E-11  0.6935E-11
CALSDV   56   53  0.5776E-11  0.5818E-11
CALSDV   57   53  0.4857E-11  0.4837E-11
CALSDV   58   53  0.6044E-11  0.6080E-11
CALSDV   59   53  0.4696E-11  0.4691E-11
CALSDV   60   53  0.5293E-11  0.5327E-11
CALSDV   54   54  0.3675E-11  0.3699E-11
CALSDV   55   54  0.6661E-11  0.6675E-11
CALSDV   56   54  0.7076E-11  0.7084E-11
CALSDV   57   54  0.5938E-11  0.5902E-11
CALSDV   58   54  0.4813E-11  0.4800E-11
CALSDV   59   54  0.5697E-11  0.5677E-11
CALSDV   60   54  0.4824E-11  0.4817E-11
CALSDV   55   55  0.3961E-11  0.3935E-11
CALSDV   56   55  0.6907E-11  0.6923E-11
CALSDV   57   55  0.7148E-11  0.7132E-11
CALSDV   58   55  0.6437E-11  0.6458E-11
CALSDV   59   55  0.5473E-11  0.5461E-11
CALSDV   60   55  0.6242E-11  0.6259E-11
CALSDV   56   56  0.4101E-11  0.4072E-11
CALSDV   57   56  0.6013E-11  0.6028E-11
CALSDV   58   56  0.7319E-11  0.7288E-11
CALSDV   59   56  0.6641E-11  0.6630E-11
CALSDV   60   56  0.5560E-11  0.5536E-11
CALSDV   57   57  0.4486E-11  0.4630E-11
CALSDV   58   57  0.6250E-11  0.6203E-11
CALSDV   59   57  0.7780E-11  0.7725E-11
CALSDV   60   57  0.6989E-11  0.6964E-11
CALSDV   58   58  0.4601E-11  0.4596E-11
CALSDV   59   58  0.4679E-11  0.4705E-11
CALSDV   60   58  0.8189E-11  0.8072E-11
CALSDV   59   59  0.3927E-11  0.3969E-11
CALSDV   60   59  0.4983E-11  0.5068E-11
CALSDV   60   60  0.5661E-11  0.5685E-11
