  This file contains calibrated standard deviations 
       The relevant data lines start with key CALSDV 
       Each such line contains the following data 
           N   M   C_SIGMA   S_SIGMA 
                 FOR M=0 S_SIGMA=0.0 
     
CALSDV    0    0  0.0000E+00  0.0000E+00
CALSDV    1    0  0.0000E+00  0.0000E+00
CALSDV    2    0  0.1131E-09  0.0000E+00
CALSDV    3    0  0.1104E-10  0.0000E+00
CALSDV    4    0  0.3664E-11  0.0000E+00
CALSDV    5    0  0.2440E-11  0.0000E+00
CALSDV    6    0  0.1847E-11  0.0000E+00
CALSDV    7    0  0.1507E-11  0.0000E+00
CALSDV    8    0  0.1287E-11  0.0000E+00
CALSDV    9    0  0.1129E-11  0.0000E+00
CALSDV   10    0  0.1016E-11  0.0000E+00
CALSDV   11    0  0.9288E-12  0.0000E+00
CALSDV   12    0  0.8625E-12  0.0000E+00
CALSDV   13    0  0.8111E-12  0.0000E+00
CALSDV   14    0  0.7696E-12  0.0000E+00
CALSDV   15    0  0.7366E-12  0.0000E+00
CALSDV   16    0  0.7115E-12  0.0000E+00
CALSDV   17    0  0.6908E-12  0.0000E+00
CALSDV   18    0  0.6749E-12  0.0000E+00
CALSDV   19    0  0.6631E-12  0.0000E+00
CALSDV   20    0  0.6546E-12  0.0000E+00
CALSDV   21    0  0.6486E-12  0.0000E+00
CALSDV   22    0  0.6455E-12  0.0000E+00
CALSDV   23    0  0.6445E-12  0.0000E+00
CALSDV   24    0  0.6456E-12  0.0000E+00
CALSDV   25    0  0.6486E-12  0.0000E+00
CALSDV   26    0  0.6539E-12  0.0000E+00
CALSDV   27    0  0.6605E-12  0.0000E+00
CALSDV   28    0  0.6684E-12  0.0000E+00
CALSDV   29    0  0.6783E-12  0.0000E+00
CALSDV   30    0  0.6899E-12  0.0000E+00
CALSDV   31    0  0.7029E-12  0.0000E+00
CALSDV   32    0  0.7173E-12  0.0000E+00
CALSDV   33    0  0.7336E-12  0.0000E+00
CALSDV   34    0  0.7503E-12  0.0000E+00
CALSDV   35    0  0.7699E-12  0.0000E+00
CALSDV   36    0  0.7902E-12  0.0000E+00
CALSDV   37    0  0.8129E-12  0.0000E+00
CALSDV   38    0  0.8372E-12  0.0000E+00
CALSDV   39    0  0.8633E-12  0.0000E+00
CALSDV   40    0  0.8913E-12  0.0000E+00
CALSDV   41    0  0.9214E-12  0.0000E+00
CALSDV   42    0  0.9532E-12  0.0000E+00
CALSDV   43    0  0.9873E-12  0.0000E+00
CALSDV   44    0  0.1024E-11  0.0000E+00
CALSDV   45    0  0.1062E-11  0.0000E+00
CALSDV   46    0  0.1104E-11  0.0000E+00
CALSDV   47    0  0.1147E-11  0.0000E+00
CALSDV   48    0  0.1194E-11  0.0000E+00
CALSDV   49    0  0.1243E-11  0.0000E+00
CALSDV   50    0  0.1296E-11  0.0000E+00
CALSDV   51    0  0.1351E-11  0.0000E+00
CALSDV   52    0  0.1411E-11  0.0000E+00
CALSDV   53    0  0.1473E-11  0.0000E+00
CALSDV   54    0  0.1539E-11  0.0000E+00
CALSDV   55    0  0.1609E-11  0.0000E+00
CALSDV   56    0  0.1683E-11  0.0000E+00
CALSDV   57    0  0.1755E-11  0.0000E+00
CALSDV   58    0  0.1831E-11  0.0000E+00
CALSDV   59    0  0.1737E-11  0.0000E+00
CALSDV   60    0  0.1798E-11  0.0000E+00
CALSDV    1    1  0.0000E+00  0.0000E+00
CALSDV    2    1  0.3503E-10  0.3580E-10
CALSDV    3    1  0.8062E-11  0.8255E-11
CALSDV    4    1  0.3812E-11  0.3803E-11
CALSDV    5    1  0.2542E-11  0.2557E-11
CALSDV    6    1  0.1930E-11  0.1935E-11
CALSDV    7    1  0.1568E-11  0.1565E-11
CALSDV    8    1  0.1328E-11  0.1329E-11
CALSDV    9    1  0.1161E-11  0.1160E-11
CALSDV   10    1  0.1039E-11  0.1039E-11
CALSDV   11    1  0.9478E-12  0.9470E-12
CALSDV   12    1  0.8775E-12  0.8770E-12
CALSDV   13    1  0.8227E-12  0.8220E-12
CALSDV   14    1  0.7799E-12  0.7791E-12
CALSDV   15    1  0.7458E-12  0.7452E-12
CALSDV   16    1  0.7182E-12  0.7175E-12
CALSDV   17    1  0.6972E-12  0.6966E-12
CALSDV   18    1  0.6808E-12  0.6803E-12
CALSDV   19    1  0.6684E-12  0.6679E-12
CALSDV   20    1  0.6589E-12  0.6584E-12
CALSDV   21    1  0.6530E-12  0.6525E-12
CALSDV   22    1  0.6491E-12  0.6487E-12
CALSDV   23    1  0.6482E-12  0.6477E-12
CALSDV   24    1  0.6489E-12  0.6483E-12
CALSDV   25    1  0.6520E-12  0.6516E-12
CALSDV   26    1  0.6564E-12  0.6560E-12
CALSDV   27    1  0.6632E-12  0.6628E-12
CALSDV   28    1  0.6711E-12  0.6707E-12
CALSDV   29    1  0.6810E-12  0.6806E-12
CALSDV   30    1  0.6921E-12  0.6918E-12
CALSDV   31    1  0.7052E-12  0.7048E-12
CALSDV   32    1  0.7193E-12  0.7190E-12
CALSDV   33    1  0.7356E-12  0.7351E-12
CALSDV   34    1  0.7524E-12  0.7521E-12
CALSDV   35    1  0.7719E-12  0.7714E-12
CALSDV   36    1  0.7922E-12  0.7920E-12
CALSDV   37    1  0.8148E-12  0.8144E-12
CALSDV   38    1  0.8391E-12  0.8388E-12
CALSDV   39    1  0.8650E-12  0.8647E-12
CALSDV   40    1  0.8932E-12  0.8928E-12
CALSDV   41    1  0.9229E-12  0.9227E-12
CALSDV   42    1  0.9549E-12  0.9547E-12
CALSDV   43    1  0.9888E-12  0.9886E-12
CALSDV   44    1  0.1025E-11  0.1025E-11
CALSDV   45    1  0.1064E-11  0.1064E-11
CALSDV   46    1  0.1105E-11  0.1105E-11
CALSDV   47    1  0.1149E-11  0.1149E-11
CALSDV   48    1  0.1196E-11  0.1195E-11
CALSDV   49    1  0.1245E-11  0.1245E-11
CALSDV   50    1  0.1297E-11  0.1297E-11
CALSDV   51    1  0.1353E-11  0.1353E-11
CALSDV   52    1  0.1412E-11  0.1412E-11
CALSDV   53    1  0.1474E-11  0.1474E-11
CALSDV   54    1  0.1541E-11  0.1541E-11
CALSDV   55    1  0.1610E-11  0.1610E-11
CALSDV   56    1  0.1685E-11  0.1685E-11
CALSDV   57    1  0.1756E-11  0.1757E-11
CALSDV   58    1  0.1833E-11  0.1833E-11
CALSDV   59    1  0.1741E-11  0.1741E-11
CALSDV   60    1  0.1803E-11  0.1802E-11
CALSDV    2    2  0.2571E-10  0.2067E-10
CALSDV    3    2  0.1146E-10  0.1126E-10
CALSDV    4    2  0.5220E-11  0.5202E-11
CALSDV    5    2  0.3225E-11  0.3228E-11
CALSDV    6    2  0.2362E-11  0.2354E-11
CALSDV    7    2  0.1834E-11  0.1829E-11
CALSDV    8    2  0.1518E-11  0.1514E-11
CALSDV    9    2  0.1295E-11  0.1292E-11
CALSDV   10    2  0.1143E-11  0.1141E-11
CALSDV   11    2  0.1027E-11  0.1024E-11
CALSDV   12    2  0.9414E-12  0.9397E-12
CALSDV   13    2  0.8747E-12  0.8728E-12
CALSDV   14    2  0.8236E-12  0.8207E-12
CALSDV   15    2  0.7810E-12  0.7808E-12
CALSDV   16    2  0.7501E-12  0.7483E-12
CALSDV   17    2  0.7242E-12  0.7226E-12
CALSDV   18    2  0.7048E-12  0.7030E-12
CALSDV   19    2  0.6893E-12  0.6878E-12
CALSDV   20    2  0.6779E-12  0.6763E-12
CALSDV   21    2  0.6697E-12  0.6682E-12
CALSDV   22    2  0.6650E-12  0.6634E-12
CALSDV   23    2  0.6621E-12  0.6605E-12
CALSDV   24    2  0.6620E-12  0.6605E-12
CALSDV   25    2  0.6641E-12  0.6625E-12
CALSDV   26    2  0.6678E-12  0.6662E-12
CALSDV   27    2  0.6735E-12  0.6718E-12
CALSDV   28    2  0.6814E-12  0.6798E-12
CALSDV   29    2  0.6905E-12  0.6888E-12
CALSDV   30    2  0.7010E-12  0.6994E-12
CALSDV   31    2  0.7139E-12  0.7121E-12
CALSDV   32    2  0.7273E-12  0.7256E-12
CALSDV   33    2  0.7432E-12  0.7413E-12
CALSDV   34    2  0.7604E-12  0.7586E-12
CALSDV   35    2  0.7796E-12  0.7776E-12
CALSDV   36    2  0.7996E-12  0.7977E-12
CALSDV   37    2  0.8223E-12  0.8202E-12
CALSDV   38    2  0.8459E-12  0.8439E-12
CALSDV   39    2  0.8720E-12  0.8698E-12
CALSDV   40    2  0.8997E-12  0.8975E-12
CALSDV   41    2  0.9296E-12  0.9273E-12
CALSDV   42    2  0.9614E-12  0.9590E-12
CALSDV   43    2  0.9954E-12  0.9931E-12
CALSDV   44    2  0.1032E-11  0.1029E-11
CALSDV   45    2  0.1070E-11  0.1068E-11
CALSDV   46    2  0.1112E-11  0.1109E-11
CALSDV   47    2  0.1155E-11  0.1153E-11
CALSDV   48    2  0.1202E-11  0.1199E-11
CALSDV   49    2  0.1251E-11  0.1248E-11
CALSDV   50    2  0.1304E-11  0.1301E-11
CALSDV   51    2  0.1359E-11  0.1356E-11
CALSDV   52    2  0.1419E-11  0.1415E-11
CALSDV   53    2  0.1481E-11  0.1478E-11
CALSDV   54    2  0.1548E-11  0.1545E-11
CALSDV   55    2  0.1618E-11  0.1614E-11
CALSDV   56    2  0.1692E-11  0.1688E-11
CALSDV   57    2  0.1766E-11  0.1762E-11
CALSDV   58    2  0.1843E-11  0.1839E-11
CALSDV   59    2  0.1765E-11  0.1760E-11
CALSDV   60    2  0.1826E-11  0.1821E-11
CALSDV    3    3  0.2709E-10  0.2672E-10
CALSDV    4    3  0.1082E-10  0.1071E-10
CALSDV    5    3  0.7265E-11  0.7287E-11
CALSDV    6    3  0.4013E-11  0.3992E-11
CALSDV    7    3  0.3486E-11  0.3496E-11
CALSDV    8    3  0.2252E-11  0.2241E-11
CALSDV    9    3  0.2106E-11  0.2111E-11
CALSDV   10    3  0.1530E-11  0.1526E-11
CALSDV   11    3  0.1476E-11  0.1480E-11
CALSDV   12    3  0.1171E-11  0.1169E-11
CALSDV   13    3  0.1147E-11  0.1148E-11
CALSDV   14    3  0.9709E-12  0.9694E-12
CALSDV   15    3  0.9593E-12  0.9603E-12
CALSDV   16    3  0.8517E-12  0.8507E-12
CALSDV   17    3  0.8466E-12  0.8467E-12
CALSDV   18    3  0.7778E-12  0.7771E-12
CALSDV   19    3  0.7769E-12  0.7767E-12
CALSDV   20    3  0.7336E-12  0.7328E-12
CALSDV   21    3  0.7360E-12  0.7357E-12
CALSDV   22    3  0.7084E-12  0.7078E-12
CALSDV   23    3  0.7137E-12  0.7133E-12
CALSDV   24    3  0.6971E-12  0.6964E-12
CALSDV   25    3  0.7048E-12  0.7041E-12
CALSDV   26    3  0.6970E-12  0.6963E-12
CALSDV   27    3  0.7072E-12  0.7066E-12
CALSDV   28    3  0.7058E-12  0.7049E-12
CALSDV   29    3  0.7185E-12  0.7177E-12
CALSDV   30    3  0.7222E-12  0.7215E-12
CALSDV   31    3  0.7375E-12  0.7367E-12
CALSDV   32    3  0.7460E-12  0.7452E-12
CALSDV   33    3  0.7638E-12  0.7630E-12
CALSDV   34    3  0.7771E-12  0.7761E-12
CALSDV   35    3  0.7977E-12  0.7968E-12
CALSDV   36    3  0.8151E-12  0.8141E-12
CALSDV   37    3  0.8389E-12  0.8378E-12
CALSDV   38    3  0.8599E-12  0.8587E-12
CALSDV   39    3  0.8870E-12  0.8858E-12
CALSDV   40    3  0.9126E-12  0.9114E-12
CALSDV   41    3  0.9433E-12  0.9419E-12
CALSDV   42    3  0.9735E-12  0.9721E-12
CALSDV   43    3  0.1008E-11  0.1007E-11
CALSDV   44    3  0.1043E-11  0.1042E-11
CALSDV   45    3  0.1082E-11  0.1081E-11
CALSDV   46    3  0.1123E-11  0.1121E-11
CALSDV   47    3  0.1167E-11  0.1165E-11
CALSDV   48    3  0.1212E-11  0.1211E-11
CALSDV   49    3  0.1262E-11  0.1260E-11
CALSDV   50    3  0.1314E-11  0.1312E-11
CALSDV   51    3  0.1370E-11  0.1368E-11
CALSDV   52    3  0.1429E-11  0.1427E-11
CALSDV   53    3  0.1493E-11  0.1490E-11
CALSDV   54    3  0.1559E-11  0.1556E-11
CALSDV   55    3  0.1630E-11  0.1627E-11
CALSDV   56    3  0.1704E-11  0.1701E-11
CALSDV   57    3  0.1780E-11  0.1778E-11
CALSDV   58    3  0.1858E-11  0.1856E-11
CALSDV   59    3  0.1810E-11  0.1808E-11
CALSDV   60    3  0.1870E-11  0.1867E-11
CALSDV    4    4  0.1345E-10  0.1327E-10
CALSDV    5    4  0.1131E-10  0.1134E-10
CALSDV    6    4  0.4551E-11  0.4517E-11
CALSDV    7    4  0.4133E-11  0.4131E-11
CALSDV    8    4  0.2502E-11  0.2500E-11
CALSDV    9    4  0.2244E-11  0.2250E-11
CALSDV   10    4  0.1682E-11  0.1684E-11
CALSDV   11    4  0.1528E-11  0.1530E-11
CALSDV   12    4  0.1277E-11  0.1282E-11
CALSDV   13    4  0.1182E-11  0.1184E-11
CALSDV   14    4  0.1052E-11  0.1055E-11
CALSDV   15    4  0.9905E-12  0.9916E-12
CALSDV   16    4  0.9145E-12  0.9176E-12
CALSDV   17    4  0.8756E-12  0.8765E-12
CALSDV   18    4  0.8304E-12  0.8325E-12
CALSDV   19    4  0.8054E-12  0.8064E-12
CALSDV   20    4  0.7773E-12  0.7793E-12
CALSDV   21    4  0.7627E-12  0.7635E-12
CALSDV   22    4  0.7461E-12  0.7477E-12
CALSDV   23    4  0.7385E-12  0.7392E-12
CALSDV   24    4  0.7299E-12  0.7314E-12
CALSDV   25    4  0.7282E-12  0.7288E-12
CALSDV   26    4  0.7262E-12  0.7274E-12
CALSDV   27    4  0.7292E-12  0.7298E-12
CALSDV   28    4  0.7315E-12  0.7328E-12
CALSDV   29    4  0.7388E-12  0.7395E-12
CALSDV   30    4  0.7459E-12  0.7467E-12
CALSDV   31    4  0.7567E-12  0.7573E-12
CALSDV   32    4  0.7676E-12  0.7687E-12
CALSDV   33    4  0.7821E-12  0.7828E-12
CALSDV   34    4  0.7969E-12  0.7978E-12
CALSDV   35    4  0.8148E-12  0.8155E-12
CALSDV   36    4  0.8335E-12  0.8345E-12
CALSDV   37    4  0.8552E-12  0.8559E-12
CALSDV   38    4  0.8771E-12  0.8781E-12
CALSDV   39    4  0.9026E-12  0.9034E-12
CALSDV   40    4  0.9286E-12  0.9295E-12
CALSDV   41    4  0.9580E-12  0.9586E-12
CALSDV   42    4  0.9887E-12  0.9895E-12
CALSDV   43    4  0.1022E-11  0.1023E-11
CALSDV   44    4  0.1058E-11  0.1058E-11
CALSDV   45    4  0.1096E-11  0.1097E-11
CALSDV   46    4  0.1136E-11  0.1137E-11
CALSDV   47    4  0.1180E-11  0.1180E-11
CALSDV   48    4  0.1226E-11  0.1226E-11
CALSDV   49    4  0.1275E-11  0.1276E-11
CALSDV   50    4  0.1327E-11  0.1328E-11
CALSDV   51    4  0.1383E-11  0.1383E-11
CALSDV   52    4  0.1441E-11  0.1442E-11
CALSDV   53    4  0.1504E-11  0.1505E-11
CALSDV   54    4  0.1571E-11  0.1572E-11
CALSDV   55    4  0.1642E-11  0.1643E-11
CALSDV   56    4  0.1716E-11  0.1717E-11
CALSDV   57    4  0.1795E-11  0.1796E-11
CALSDV   58    4  0.1875E-11  0.1875E-11
CALSDV   59    4  0.1850E-11  0.1851E-11
CALSDV   60    4  0.1911E-11  0.1912E-11
CALSDV    5    5  0.2094E-10  0.2096E-10
CALSDV    6    5  0.8303E-11  0.8326E-11
CALSDV    7    5  0.5399E-11  0.5414E-11
CALSDV    8    5  0.3588E-11  0.3607E-11
CALSDV    9    5  0.3069E-11  0.3077E-11
CALSDV   10    5  0.2246E-11  0.2255E-11
CALSDV   11    5  0.2128E-11  0.2131E-11
CALSDV   12    5  0.1664E-11  0.1668E-11
CALSDV   13    5  0.1618E-11  0.1619E-11
CALSDV   14    5  0.1336E-11  0.1338E-11
CALSDV   15    5  0.1309E-11  0.1310E-11
CALSDV   16    5  0.1135E-11  0.1135E-11
CALSDV   17    5  0.1115E-11  0.1116E-11
CALSDV   18    5  0.1002E-11  0.1003E-11
CALSDV   19    5  0.9886E-12  0.9895E-12
CALSDV   20    5  0.9152E-12  0.9158E-12
CALSDV   21    5  0.9059E-12  0.9064E-12
CALSDV   22    5  0.8575E-12  0.8582E-12
CALSDV   23    5  0.8523E-12  0.8534E-12
CALSDV   24    5  0.8226E-12  0.8233E-12
CALSDV   25    5  0.8213E-12  0.8218E-12
CALSDV   26    5  0.8033E-12  0.8042E-12
CALSDV   27    5  0.8057E-12  0.8065E-12
CALSDV   28    5  0.7976E-12  0.7984E-12
CALSDV   29    5  0.8035E-12  0.8040E-12
CALSDV   30    5  0.8025E-12  0.8030E-12
CALSDV   31    5  0.8115E-12  0.8122E-12
CALSDV   32    5  0.8173E-12  0.8180E-12
CALSDV   33    5  0.8298E-12  0.8305E-12
CALSDV   34    5  0.8407E-12  0.8414E-12
CALSDV   35    5  0.8564E-12  0.8575E-12
CALSDV   36    5  0.8724E-12  0.8732E-12
CALSDV   37    5  0.8920E-12  0.8925E-12
CALSDV   38    5  0.9125E-12  0.9131E-12
CALSDV   39    5  0.9360E-12  0.9365E-12
CALSDV   40    5  0.9605E-12  0.9613E-12
CALSDV   41    5  0.9873E-12  0.9893E-12
CALSDV   42    5  0.1017E-11  0.1018E-11
CALSDV   43    5  0.1049E-11  0.1050E-11
CALSDV   44    5  0.1084E-11  0.1085E-11
CALSDV   45    5  0.1121E-11  0.1122E-11
CALSDV   46    5  0.1161E-11  0.1162E-11
CALSDV   47    5  0.1202E-11  0.1204E-11
CALSDV   48    5  0.1248E-11  0.1249E-11
CALSDV   49    5  0.1296E-11  0.1297E-11
CALSDV   50    5  0.1348E-11  0.1350E-11
CALSDV   51    5  0.1403E-11  0.1404E-11
CALSDV   52    5  0.1462E-11  0.1463E-11
CALSDV   53    5  0.1523E-11  0.1525E-11
CALSDV   54    5  0.1590E-11  0.1592E-11
CALSDV   55    5  0.1661E-11  0.1662E-11
CALSDV   56    5  0.1735E-11  0.1737E-11
CALSDV   57    5  0.1814E-11  0.1816E-11
CALSDV   58    5  0.1896E-11  0.1897E-11
CALSDV   59    5  0.1892E-11  0.1893E-11
CALSDV   60    5  0.1955E-11  0.1956E-11
CALSDV    6    6  0.1064E-10  0.1060E-10
CALSDV    7    6  0.1100E-10  0.1105E-10
CALSDV    8    6  0.4609E-11  0.4562E-11
CALSDV    9    6  0.5379E-11  0.5414E-11
CALSDV   10    6  0.2967E-11  0.2949E-11
CALSDV   11    6  0.3186E-11  0.3205E-11
CALSDV   12    6  0.2093E-11  0.2085E-11
CALSDV   13    6  0.2169E-11  0.2179E-11
CALSDV   14    6  0.1601E-11  0.1597E-11
CALSDV   15    6  0.1632E-11  0.1637E-11
CALSDV   16    6  0.1306E-11  0.1305E-11
CALSDV   17    6  0.1322E-11  0.1326E-11
CALSDV   18    6  0.1122E-11  0.1122E-11
CALSDV   19    6  0.1132E-11  0.1135E-11
CALSDV   20    6  0.1004E-11  0.1005E-11
CALSDV   21    6  0.1012E-11  0.1014E-11
CALSDV   22    6  0.9296E-12  0.9303E-12
CALSDV   23    6  0.9367E-12  0.9379E-12
CALSDV   24    6  0.8821E-12  0.8833E-12
CALSDV   25    6  0.8905E-12  0.8911E-12
CALSDV   26    6  0.8552E-12  0.8563E-12
CALSDV   27    6  0.8648E-12  0.8654E-12
CALSDV   28    6  0.8438E-12  0.8443E-12
CALSDV   29    6  0.8547E-12  0.8550E-12
CALSDV   30    6  0.8446E-12  0.8452E-12
CALSDV   31    6  0.8576E-12  0.8581E-12
CALSDV   32    6  0.8557E-12  0.8566E-12
CALSDV   33    6  0.8713E-12  0.8720E-12
CALSDV   34    6  0.8766E-12  0.8772E-12
CALSDV   35    6  0.8951E-12  0.8955E-12
CALSDV   36    6  0.9059E-12  0.9065E-12
CALSDV   37    6  0.9273E-12  0.9279E-12
CALSDV   38    6  0.9441E-12  0.9450E-12
CALSDV   39    6  0.9689E-12  0.9695E-12
CALSDV   40    6  0.9907E-12  0.9915E-12
CALSDV   41    6  0.1019E-11  0.1020E-11
CALSDV   42    6  0.1046E-11  0.1047E-11
CALSDV   43    6  0.1079E-11  0.1079E-11
CALSDV   44    6  0.1111E-11  0.1112E-11
CALSDV   45    6  0.1148E-11  0.1149E-11
CALSDV   46    6  0.1186E-11  0.1188E-11
CALSDV   47    6  0.1229E-11  0.1230E-11
CALSDV   48    6  0.1273E-11  0.1274E-11
CALSDV   49    6  0.1321E-11  0.1322E-11
CALSDV   50    6  0.1372E-11  0.1373E-11
CALSDV   51    6  0.1426E-11  0.1428E-11
CALSDV   52    6  0.1484E-11  0.1486E-11
CALSDV   53    6  0.1546E-11  0.1547E-11
CALSDV   54    6  0.1612E-11  0.1614E-11
CALSDV   55    6  0.1683E-11  0.1684E-11
CALSDV   56    6  0.1757E-11  0.1758E-11
CALSDV   57    6  0.1837E-11  0.1839E-11
CALSDV   58    6  0.1919E-11  0.1921E-11
CALSDV   59    6  0.1937E-11  0.1938E-11
CALSDV   60    6  0.1999E-11  0.2000E-11
CALSDV    7    7  0.1555E-10  0.1553E-10
CALSDV    8    7  0.7778E-11  0.7751E-11
CALSDV    9    7  0.5136E-11  0.5141E-11
CALSDV   10    7  0.3435E-11  0.3417E-11
CALSDV   11    7  0.2931E-11  0.2941E-11
CALSDV   12    7  0.2116E-11  0.2112E-11
CALSDV   13    7  0.2025E-11  0.2011E-11
CALSDV   14    7  0.1635E-11  0.1648E-11
CALSDV   15    7  0.1547E-11  0.1563E-11
CALSDV   16    7  0.1397E-11  0.1403E-11
CALSDV   17    7  0.1287E-11  0.1299E-11
CALSDV   18    7  0.1244E-11  0.1247E-11
CALSDV   19    7  0.1131E-11  0.1138E-11
CALSDV   20    7  0.1136E-11  0.1137E-11
CALSDV   21    7  0.1032E-11  0.1035E-11
CALSDV   22    7  0.1058E-11  0.1059E-11
CALSDV   23    7  0.9695E-12  0.9701E-12
CALSDV   24    7  0.1002E-11  0.1003E-11
CALSDV   25    7  0.9294E-12  0.9288E-12
CALSDV   26    7  0.9644E-12  0.9647E-12
CALSDV   27    7  0.9065E-12  0.9052E-12
CALSDV   28    7  0.9422E-12  0.9423E-12
CALSDV   29    7  0.8975E-12  0.8960E-12
CALSDV   30    7  0.9330E-12  0.9330E-12
CALSDV   31    7  0.9003E-12  0.8988E-12
CALSDV   32    7  0.9354E-12  0.9349E-12
CALSDV   33    7  0.9129E-12  0.9115E-12
CALSDV   34    7  0.9479E-12  0.9475E-12
CALSDV   35    7  0.9345E-12  0.9336E-12
CALSDV   36    7  0.9701E-12  0.9697E-12
CALSDV   37    7  0.9656E-12  0.9645E-12
CALSDV   38    7  0.1002E-11  0.1002E-11
CALSDV   39    7  0.1005E-11  0.1004E-11
CALSDV   40    7  0.1044E-11  0.1043E-11
CALSDV   41    7  0.1054E-11  0.1053E-11
CALSDV   42    7  0.1094E-11  0.1093E-11
CALSDV   43    7  0.1112E-11  0.1111E-11
CALSDV   44    7  0.1155E-11  0.1154E-11
CALSDV   45    7  0.1179E-11  0.1179E-11
CALSDV   46    7  0.1227E-11  0.1226E-11
CALSDV   47    7  0.1259E-11  0.1258E-11
CALSDV   48    7  0.1310E-11  0.1309E-11
CALSDV   49    7  0.1349E-11  0.1348E-11
CALSDV   50    7  0.1406E-11  0.1405E-11
CALSDV   51    7  0.1453E-11  0.1452E-11
CALSDV   52    7  0.1516E-11  0.1515E-11
CALSDV   53    7  0.1572E-11  0.1571E-11
CALSDV   54    7  0.1641E-11  0.1641E-11
CALSDV   55    7  0.1707E-11  0.1706E-11
CALSDV   56    7  0.1784E-11  0.1783E-11
CALSDV   57    7  0.1861E-11  0.1861E-11
CALSDV   58    7  0.1947E-11  0.1947E-11
CALSDV   59    7  0.1976E-11  0.1975E-11
CALSDV   60    7  0.2043E-11  0.2043E-11
CALSDV    8    8  0.8525E-11  0.8659E-11
CALSDV    9    8  0.7153E-11  0.7280E-11
CALSDV   10    8  0.4505E-11  0.4526E-11
CALSDV   11    8  0.4116E-11  0.4169E-11
CALSDV   12    8  0.3368E-11  0.3377E-11
CALSDV   13    8  0.2968E-11  0.2988E-11
CALSDV   14    8  0.2533E-11  0.2541E-11
CALSDV   15    8  0.2344E-11  0.2348E-11
CALSDV   16    8  0.1988E-11  0.1993E-11
CALSDV   17    8  0.1931E-11  0.1934E-11
CALSDV   18    8  0.1633E-11  0.1638E-11
CALSDV   19    8  0.1646E-11  0.1649E-11
CALSDV   20    8  0.1400E-11  0.1406E-11
CALSDV   21    8  0.1445E-11  0.1447E-11
CALSDV   22    8  0.1247E-11  0.1253E-11
CALSDV   23    8  0.1301E-11  0.1303E-11
CALSDV   24    8  0.1144E-11  0.1150E-11
CALSDV   25    8  0.1198E-11  0.1201E-11
CALSDV   26    8  0.1077E-11  0.1082E-11
CALSDV   27    8  0.1127E-11  0.1130E-11
CALSDV   28    8  0.1035E-11  0.1040E-11
CALSDV   29    8  0.1081E-11  0.1084E-11
CALSDV   30    8  0.1013E-11  0.1017E-11
CALSDV   31    8  0.1054E-11  0.1057E-11
CALSDV   32    8  0.1006E-11  0.1010E-11
CALSDV   33    8  0.1043E-11  0.1047E-11
CALSDV   34    8  0.1011E-11  0.1015E-11
CALSDV   35    8  0.1047E-11  0.1049E-11
CALSDV   36    8  0.1028E-11  0.1032E-11
CALSDV   37    8  0.1062E-11  0.1065E-11
CALSDV   38    8  0.1056E-11  0.1059E-11
CALSDV   39    8  0.1090E-11  0.1093E-11
CALSDV   40    8  0.1094E-11  0.1097E-11
CALSDV   41    8  0.1128E-11  0.1132E-11
CALSDV   42    8  0.1141E-11  0.1144E-11
CALSDV   43    8  0.1178E-11  0.1181E-11
CALSDV   44    8  0.1199E-11  0.1202E-11
CALSDV   45    8  0.1238E-11  0.1242E-11
CALSDV   46    8  0.1268E-11  0.1271E-11
CALSDV   47    8  0.1310E-11  0.1314E-11
CALSDV   48    8  0.1348E-11  0.1352E-11
CALSDV   49    8  0.1395E-11  0.1400E-11
CALSDV   50    8  0.1441E-11  0.1446E-11
CALSDV   51    8  0.1495E-11  0.1500E-11
CALSDV   52    8  0.1549E-11  0.1554E-11
CALSDV   53    8  0.1608E-11  0.1614E-11
CALSDV   54    8  0.1672E-11  0.1678E-11
CALSDV   55    8  0.1740E-11  0.1747E-11
CALSDV   56    8  0.1812E-11  0.1819E-11
CALSDV   57    8  0.1892E-11  0.1900E-11
CALSDV   58    8  0.1975E-11  0.1982E-11
CALSDV   59    8  0.2027E-11  0.2034E-11
CALSDV   60    8  0.2092E-11  0.2096E-11
CALSDV    9    9  0.1093E-10  0.1099E-10
CALSDV   10    9  0.7780E-11  0.7771E-11
CALSDV   11    9  0.4898E-11  0.4920E-11
CALSDV   12    9  0.3886E-11  0.3883E-11
CALSDV   13    9  0.3137E-11  0.3138E-11
CALSDV   14    9  0.2430E-11  0.2424E-11
CALSDV   15    9  0.2162E-11  0.2159E-11
CALSDV   16    9  0.1844E-11  0.1840E-11
CALSDV   17    9  0.1628E-11  0.1621E-11
CALSDV   18    9  0.1559E-11  0.1555E-11
CALSDV   19    9  0.1339E-11  0.1334E-11
CALSDV   20    9  0.1389E-11  0.1387E-11
CALSDV   21    9  0.1180E-11  0.1181E-11
CALSDV   22    9  0.1274E-11  0.1273E-11
CALSDV   23    9  0.1094E-11  0.1093E-11
CALSDV   24    9  0.1194E-11  0.1193E-11
CALSDV   25    9  0.1047E-11  0.1046E-11
CALSDV   26    9  0.1137E-11  0.1137E-11
CALSDV   27    9  0.1022E-11  0.1021E-11
CALSDV   28    9  0.1099E-11  0.1100E-11
CALSDV   29    9  0.1011E-11  0.1011E-11
CALSDV   30    9  0.1077E-11  0.1078E-11
CALSDV   31    9  0.1012E-11  0.1013E-11
CALSDV   32    9  0.1068E-11  0.1069E-11
CALSDV   33    9  0.1022E-11  0.1023E-11
CALSDV   34    9  0.1071E-11  0.1072E-11
CALSDV   35    9  0.1041E-11  0.1042E-11
CALSDV   36    9  0.1084E-11  0.1086E-11
CALSDV   37    9  0.1068E-11  0.1069E-11
CALSDV   38    9  0.1109E-11  0.1110E-11
CALSDV   39    9  0.1104E-11  0.1105E-11
CALSDV   40    9  0.1143E-11  0.1144E-11
CALSDV   41    9  0.1148E-11  0.1149E-11
CALSDV   42    9  0.1188E-11  0.1189E-11
CALSDV   43    9  0.1202E-11  0.1203E-11
CALSDV   44    9  0.1243E-11  0.1244E-11
CALSDV   45    9  0.1265E-11  0.1266E-11
CALSDV   46    9  0.1309E-11  0.1310E-11
CALSDV   47    9  0.1339E-11  0.1340E-11
CALSDV   48    9  0.1387E-11  0.1388E-11
CALSDV   49    9  0.1425E-11  0.1426E-11
CALSDV   50    9  0.1478E-11  0.1479E-11
CALSDV   51    9  0.1524E-11  0.1525E-11
CALSDV   52    9  0.1583E-11  0.1585E-11
CALSDV   53    9  0.1638E-11  0.1639E-11
CALSDV   54    9  0.1704E-11  0.1705E-11
CALSDV   55    9  0.1769E-11  0.1770E-11
CALSDV   56    9  0.1843E-11  0.1844E-11
CALSDV   57    9  0.1920E-11  0.1922E-11
CALSDV   58    9  0.2004E-11  0.2006E-11
CALSDV   59    9  0.2065E-11  0.2067E-11
CALSDV   60    9  0.2130E-11  0.2132E-11
CALSDV   10   10  0.9290E-11  0.9225E-11
CALSDV   11   10  0.5933E-11  0.5941E-11
CALSDV   12   10  0.4191E-11  0.4192E-11
CALSDV   13   10  0.3188E-11  0.3195E-11
CALSDV   14   10  0.3355E-11  0.3356E-11
CALSDV   15   10  0.2529E-11  0.2536E-11
CALSDV   16   10  0.2708E-11  0.2708E-11
CALSDV   17   10  0.2252E-11  0.2259E-11
CALSDV   18   10  0.2241E-11  0.2240E-11
CALSDV   19   10  0.2031E-11  0.2036E-11
CALSDV   20   10  0.1917E-11  0.1916E-11
CALSDV   21   10  0.1839E-11  0.1844E-11
CALSDV   22   10  0.1694E-11  0.1691E-11
CALSDV   23   10  0.1677E-11  0.1682E-11
CALSDV   24   10  0.1535E-11  0.1533E-11
CALSDV   25   10  0.1547E-11  0.1551E-11
CALSDV   26   10  0.1423E-11  0.1421E-11
CALSDV   27   10  0.1445E-11  0.1449E-11
CALSDV   28   10  0.1344E-11  0.1343E-11
CALSDV   29   10  0.1369E-11  0.1372E-11
CALSDV   30   10  0.1291E-11  0.1289E-11
CALSDV   31   10  0.1313E-11  0.1317E-11
CALSDV   32   10  0.1256E-11  0.1255E-11
CALSDV   33   10  0.1278E-11  0.1281E-11
CALSDV   34   10  0.1239E-11  0.1238E-11
CALSDV   35   10  0.1258E-11  0.1261E-11
CALSDV   36   10  0.1235E-11  0.1234E-11
CALSDV   37   10  0.1254E-11  0.1256E-11
CALSDV   38   10  0.1244E-11  0.1244E-11
CALSDV   39   10  0.1263E-11  0.1265E-11
CALSDV   40   10  0.1266E-11  0.1265E-11
CALSDV   41   10  0.1286E-11  0.1287E-11
CALSDV   42   10  0.1299E-11  0.1299E-11
CALSDV   43   10  0.1321E-11  0.1323E-11
CALSDV   44   10  0.1343E-11  0.1343E-11
CALSDV   45   10  0.1369E-11  0.1370E-11
CALSDV   46   10  0.1399E-11  0.1399E-11
CALSDV   47   10  0.1429E-11  0.1430E-11
CALSDV   48   10  0.1469E-11  0.1469E-11
CALSDV   49   10  0.1504E-11  0.1504E-11
CALSDV   50   10  0.1552E-11  0.1552E-11
CALSDV   51   10  0.1593E-11  0.1593E-11
CALSDV   52   10  0.1649E-11  0.1649E-11
CALSDV   53   10  0.1697E-11  0.1698E-11
CALSDV   54   10  0.1763E-11  0.1763E-11
CALSDV   55   10  0.1820E-11  0.1821E-11
CALSDV   56   10  0.1895E-11  0.1895E-11
CALSDV   57   10  0.1967E-11  0.1967E-11
CALSDV   58   10  0.2053E-11  0.2053E-11
CALSDV   59   10  0.2127E-11  0.2127E-11
CALSDV   60   10  0.2195E-11  0.2196E-11
CALSDV   11   11  0.7599E-11  0.7687E-11
CALSDV   12   11  0.7827E-11  0.7854E-11
CALSDV   13   11  0.4455E-11  0.4462E-11
CALSDV   14   11  0.4577E-11  0.4606E-11
CALSDV   15   11  0.3289E-11  0.3294E-11
CALSDV   16   11  0.3104E-11  0.3132E-11
CALSDV   17   11  0.2379E-11  0.2385E-11
CALSDV   18   11  0.2350E-11  0.2370E-11
CALSDV   19   11  0.1802E-11  0.1809E-11
CALSDV   20   11  0.1910E-11  0.1922E-11
CALSDV   21   11  0.1474E-11  0.1483E-11
CALSDV   22   11  0.1634E-11  0.1644E-11
CALSDV   23   11  0.1304E-11  0.1311E-11
CALSDV   24   11  0.1455E-11  0.1461E-11
CALSDV   25   11  0.1218E-11  0.1224E-11
CALSDV   26   11  0.1335E-11  0.1341E-11
CALSDV   27   11  0.1178E-11  0.1183E-11
CALSDV   28   11  0.1259E-11  0.1263E-11
CALSDV   29   11  0.1162E-11  0.1166E-11
CALSDV   30   11  0.1213E-11  0.1216E-11
CALSDV   31   11  0.1161E-11  0.1164E-11
CALSDV   32   11  0.1189E-11  0.1191E-11
CALSDV   33   11  0.1170E-11  0.1172E-11
CALSDV   34   11  0.1183E-11  0.1184E-11
CALSDV   35   11  0.1187E-11  0.1188E-11
CALSDV   36   11  0.1191E-11  0.1192E-11
CALSDV   37   11  0.1211E-11  0.1212E-11
CALSDV   38   11  0.1211E-11  0.1211E-11
CALSDV   39   11  0.1241E-11  0.1242E-11
CALSDV   40   11  0.1242E-11  0.1242E-11
CALSDV   41   11  0.1281E-11  0.1281E-11
CALSDV   42   11  0.1284E-11  0.1284E-11
CALSDV   43   11  0.1329E-11  0.1329E-11
CALSDV   44   11  0.1337E-11  0.1337E-11
CALSDV   45   11  0.1386E-11  0.1386E-11
CALSDV   46   11  0.1400E-11  0.1400E-11
CALSDV   47   11  0.1452E-11  0.1452E-11
CALSDV   48   11  0.1475E-11  0.1474E-11
CALSDV   49   11  0.1531E-11  0.1530E-11
CALSDV   50   11  0.1563E-11  0.1563E-11
CALSDV   51   11  0.1622E-11  0.1622E-11
CALSDV   52   11  0.1664E-11  0.1664E-11
CALSDV   53   11  0.1728E-11  0.1727E-11
CALSDV   54   11  0.1780E-11  0.1779E-11
CALSDV   55   11  0.1850E-11  0.1850E-11
CALSDV   56   11  0.1914E-11  0.1913E-11
CALSDV   57   11  0.1996E-11  0.1995E-11
CALSDV   58   11  0.2072E-11  0.2071E-11
CALSDV   59   11  0.2162E-11  0.2161E-11
CALSDV   60   11  0.2217E-11  0.2216E-11
CALSDV   12   12  0.7691E-11  0.7754E-11
CALSDV   13   12  0.6167E-11  0.6177E-11
CALSDV   14   12  0.4015E-11  0.4018E-11
CALSDV   15   12  0.3145E-11  0.3147E-11
CALSDV   16   12  0.3127E-11  0.3129E-11
CALSDV   17   12  0.2361E-11  0.2349E-11
CALSDV   18   12  0.2457E-11  0.2464E-11
CALSDV   19   12  0.2162E-11  0.2143E-11
CALSDV   20   12  0.2042E-11  0.2053E-11
CALSDV   21   12  0.2037E-11  0.2020E-11
CALSDV   22   12  0.1806E-11  0.1816E-11
CALSDV   23   12  0.1913E-11  0.1898E-11
CALSDV   24   12  0.1670E-11  0.1679E-11
CALSDV   25   12  0.1796E-11  0.1784E-11
CALSDV   26   12  0.1585E-11  0.1592E-11
CALSDV   27   12  0.1694E-11  0.1683E-11
CALSDV   28   12  0.1529E-11  0.1535E-11
CALSDV   29   12  0.1609E-11  0.1600E-11
CALSDV   30   12  0.1490E-11  0.1494E-11
CALSDV   31   12  0.1543E-11  0.1535E-11
CALSDV   32   12  0.1464E-11  0.1468E-11
CALSDV   33   12  0.1495E-11  0.1488E-11
CALSDV   34   12  0.1448E-11  0.1451E-11
CALSDV   35   12  0.1463E-11  0.1457E-11
CALSDV   36   12  0.1442E-11  0.1444E-11
CALSDV   37   12  0.1445E-11  0.1441E-11
CALSDV   38   12  0.1446E-11  0.1447E-11
CALSDV   39   12  0.1443E-11  0.1439E-11
CALSDV   40   12  0.1459E-11  0.1460E-11
CALSDV   41   12  0.1454E-11  0.1450E-11
CALSDV   42   12  0.1483E-11  0.1483E-11
CALSDV   43   12  0.1478E-11  0.1475E-11
CALSDV   44   12  0.1517E-11  0.1516E-11
CALSDV   45   12  0.1514E-11  0.1512E-11
CALSDV   46   12  0.1562E-11  0.1562E-11
CALSDV   47   12  0.1565E-11  0.1562E-11
CALSDV   48   12  0.1619E-11  0.1617E-11
CALSDV   49   12  0.1628E-11  0.1625E-11
CALSDV   50   12  0.1690E-11  0.1688E-11
CALSDV   51   12  0.1706E-11  0.1704E-11
CALSDV   52   12  0.1775E-11  0.1773E-11
CALSDV   53   12  0.1800E-11  0.1797E-11
CALSDV   54   12  0.1875E-11  0.1873E-11
CALSDV   55   12  0.1912E-11  0.1909E-11
CALSDV   56   12  0.1995E-11  0.1993E-11
CALSDV   57   12  0.2048E-11  0.2046E-11
CALSDV   58   12  0.2142E-11  0.2140E-11
CALSDV   59   12  0.2222E-11  0.2219E-11
CALSDV   60   12  0.2300E-11  0.2298E-11
CALSDV   13   13  0.6541E-11  0.6510E-11
CALSDV   14   13  0.6261E-11  0.6208E-11
CALSDV   15   13  0.4213E-11  0.4224E-11
CALSDV   16   13  0.3835E-11  0.3795E-11
CALSDV   17   13  0.3434E-11  0.3445E-11
CALSDV   18   13  0.2923E-11  0.2898E-11
CALSDV   19   13  0.2603E-11  0.2616E-11
CALSDV   20   13  0.2419E-11  0.2405E-11
CALSDV   21   13  0.2013E-11  0.2024E-11
CALSDV   22   13  0.2059E-11  0.2050E-11
CALSDV   23   13  0.1658E-11  0.1666E-11
CALSDV   24   13  0.1794E-11  0.1787E-11
CALSDV   25   13  0.1467E-11  0.1474E-11
CALSDV   26   13  0.1602E-11  0.1596E-11
CALSDV   27   13  0.1374E-11  0.1379E-11
CALSDV   28   13  0.1469E-11  0.1464E-11
CALSDV   29   13  0.1337E-11  0.1340E-11
CALSDV   30   13  0.1382E-11  0.1379E-11
CALSDV   31   13  0.1326E-11  0.1328E-11
CALSDV   32   13  0.1332E-11  0.1330E-11
CALSDV   33   13  0.1331E-11  0.1332E-11
CALSDV   34   13  0.1309E-11  0.1308E-11
CALSDV   35   13  0.1345E-11  0.1345E-11
CALSDV   36   13  0.1308E-11  0.1307E-11
CALSDV   37   13  0.1366E-11  0.1367E-11
CALSDV   38   13  0.1324E-11  0.1323E-11
CALSDV   39   13  0.1395E-11  0.1395E-11
CALSDV   40   13  0.1353E-11  0.1353E-11
CALSDV   41   13  0.1430E-11  0.1430E-11
CALSDV   42   13  0.1394E-11  0.1394E-11
CALSDV   43   13  0.1473E-11  0.1472E-11
CALSDV   44   13  0.1446E-11  0.1445E-11
CALSDV   45   13  0.1523E-11  0.1523E-11
CALSDV   46   13  0.1508E-11  0.1508E-11
CALSDV   47   13  0.1584E-11  0.1583E-11
CALSDV   48   13  0.1581E-11  0.1580E-11
CALSDV   49   13  0.1654E-11  0.1653E-11
CALSDV   50   13  0.1665E-11  0.1664E-11
CALSDV   51   13  0.1737E-11  0.1735E-11
CALSDV   52   13  0.1763E-11  0.1761E-11
CALSDV   53   13  0.1833E-11  0.1831E-11
CALSDV   54   13  0.1873E-11  0.1871E-11
CALSDV   55   13  0.1945E-11  0.1943E-11
CALSDV   56   13  0.2000E-11  0.1999E-11
CALSDV   57   13  0.2080E-11  0.2078E-11
CALSDV   58   13  0.2152E-11  0.2150E-11
CALSDV   59   13  0.2257E-11  0.2255E-11
CALSDV   60   13  0.2310E-11  0.2308E-11
CALSDV   14   14  0.5189E-11  0.5225E-11
CALSDV   15   14  0.6959E-11  0.6981E-11
CALSDV   16   14  0.3892E-11  0.3884E-11
CALSDV   17   14  0.3753E-11  0.3764E-11
CALSDV   18   14  0.3193E-11  0.3192E-11
CALSDV   19   14  0.2592E-11  0.2591E-11
CALSDV   20   14  0.2419E-11  0.2425E-11
CALSDV   21   14  0.2225E-11  0.2218E-11
CALSDV   22   14  0.1928E-11  0.1940E-11
CALSDV   23   14  0.2069E-11  0.2062E-11
CALSDV   24   14  0.1695E-11  0.1706E-11
CALSDV   25   14  0.1961E-11  0.1956E-11
CALSDV   26   14  0.1610E-11  0.1620E-11
CALSDV   27   14  0.1871E-11  0.1867E-11
CALSDV   28   14  0.1589E-11  0.1596E-11
CALSDV   29   14  0.1794E-11  0.1791E-11
CALSDV   30   14  0.1592E-11  0.1598E-11
CALSDV   31   14  0.1732E-11  0.1730E-11
CALSDV   32   14  0.1601E-11  0.1605E-11
CALSDV   33   14  0.1684E-11  0.1683E-11
CALSDV   34   14  0.1612E-11  0.1614E-11
CALSDV   35   14  0.1650E-11  0.1650E-11
CALSDV   36   14  0.1623E-11  0.1624E-11
CALSDV   37   14  0.1630E-11  0.1630E-11
CALSDV   38   14  0.1636E-11  0.1636E-11
CALSDV   39   14  0.1623E-11  0.1624E-11
CALSDV   40   14  0.1653E-11  0.1653E-11
CALSDV   41   14  0.1629E-11  0.1629E-11
CALSDV   42   14  0.1675E-11  0.1675E-11
CALSDV   43   14  0.1645E-11  0.1645E-11
CALSDV   44   14  0.1705E-11  0.1704E-11
CALSDV   45   14  0.1675E-11  0.1674E-11
CALSDV   46   14  0.1743E-11  0.1742E-11
CALSDV   47   14  0.1715E-11  0.1716E-11
CALSDV   48   14  0.1790E-11  0.1789E-11
CALSDV   49   14  0.1770E-11  0.1769E-11
CALSDV   50   14  0.1848E-11  0.1847E-11
CALSDV   51   14  0.1836E-11  0.1835E-11
CALSDV   52   14  0.1920E-11  0.1919E-11
CALSDV   53   14  0.1918E-11  0.1917E-11
CALSDV   54   14  0.2005E-11  0.2004E-11
CALSDV   55   14  0.2016E-11  0.2016E-11
CALSDV   56   14  0.2110E-11  0.2109E-11
CALSDV   57   14  0.2140E-11  0.2140E-11
CALSDV   58   14  0.2242E-11  0.2241E-11
CALSDV   59   14  0.2319E-11  0.2318E-11
CALSDV   60   14  0.2405E-11  0.2404E-11
CALSDV   15   15  0.7155E-11  0.7216E-11
CALSDV   16   15  0.5856E-11  0.5913E-11
CALSDV   17   15  0.4057E-11  0.4090E-11
CALSDV   18   15  0.3155E-11  0.3191E-11
CALSDV   19   15  0.3714E-11  0.3767E-11
CALSDV   20   15  0.2362E-11  0.2400E-11
CALSDV   21   15  0.3139E-11  0.3192E-11
CALSDV   22   15  0.2099E-11  0.2129E-11
CALSDV   23   15  0.2654E-11  0.2710E-11
CALSDV   24   15  0.1926E-11  0.1949E-11
CALSDV   25   15  0.2315E-11  0.2365E-11
CALSDV   26   15  0.1782E-11  0.1799E-11
CALSDV   27   15  0.2091E-11  0.2133E-11
CALSDV   28   15  0.1667E-11  0.1682E-11
CALSDV   29   15  0.1942E-11  0.1978E-11
CALSDV   30   15  0.1582E-11  0.1597E-11
CALSDV   31   15  0.1843E-11  0.1876E-11
CALSDV   32   15  0.1527E-11  0.1543E-11
CALSDV   33   15  0.1778E-11  0.1807E-11
CALSDV   34   15  0.1498E-11  0.1515E-11
CALSDV   35   15  0.1737E-11  0.1762E-11
CALSDV   36   15  0.1491E-11  0.1508E-11
CALSDV   37   15  0.1712E-11  0.1736E-11
CALSDV   38   15  0.1499E-11  0.1518E-11
CALSDV   39   15  0.1701E-11  0.1725E-11
CALSDV   40   15  0.1522E-11  0.1542E-11
CALSDV   41   15  0.1703E-11  0.1727E-11
CALSDV   42   15  0.1557E-11  0.1578E-11
CALSDV   43   15  0.1717E-11  0.1742E-11
CALSDV   44   15  0.1602E-11  0.1624E-11
CALSDV   45   15  0.1742E-11  0.1768E-11
CALSDV   46   15  0.1657E-11  0.1680E-11
CALSDV   47   15  0.1779E-11  0.1805E-11
CALSDV   48   15  0.1722E-11  0.1747E-11
CALSDV   49   15  0.1828E-11  0.1855E-11
CALSDV   50   15  0.1797E-11  0.1823E-11
CALSDV   51   15  0.1889E-11  0.1917E-11
CALSDV   52   15  0.1883E-11  0.1911E-11
CALSDV   53   15  0.1963E-11  0.1993E-11
CALSDV   54   15  0.1981E-11  0.2011E-11
CALSDV   55   15  0.2055E-11  0.2087E-11
CALSDV   56   15  0.2095E-11  0.2127E-11
CALSDV   57   15  0.2171E-11  0.2203E-11
CALSDV   58   15  0.2234E-11  0.2267E-11
CALSDV   59   15  0.2347E-11  0.2382E-11
CALSDV   60   15  0.2394E-11  0.2430E-11
CALSDV   16   16  0.4560E-11  0.4544E-11
CALSDV   17   16  0.6877E-11  0.6919E-11
CALSDV   18   16  0.3975E-11  0.3977E-11
CALSDV   19   16  0.3965E-11  0.4007E-11
CALSDV   20   16  0.3472E-11  0.3465E-11
CALSDV   21   16  0.2859E-11  0.2877E-11
CALSDV   22   16  0.2661E-11  0.2653E-11
CALSDV   23   16  0.2416E-11  0.2422E-11
CALSDV   24   16  0.2093E-11  0.2088E-11
CALSDV   25   16  0.2178E-11  0.2178E-11
CALSDV   26   16  0.1812E-11  0.1809E-11
CALSDV   27   16  0.2020E-11  0.2017E-11
CALSDV   28   16  0.1722E-11  0.1721E-11
CALSDV   29   16  0.1909E-11  0.1906E-11
CALSDV   30   16  0.1718E-11  0.1719E-11
CALSDV   31   16  0.1834E-11  0.1830E-11
CALSDV   32   16  0.1746E-11  0.1746E-11
CALSDV   33   16  0.1785E-11  0.1782E-11
CALSDV   34   16  0.1779E-11  0.1778E-11
CALSDV   35   16  0.1757E-11  0.1754E-11
CALSDV   36   16  0.1809E-11  0.1808E-11
CALSDV   37   16  0.1746E-11  0.1743E-11
CALSDV   38   16  0.1836E-11  0.1834E-11
CALSDV   39   16  0.1748E-11  0.1746E-11
CALSDV   40   16  0.1860E-11  0.1859E-11
CALSDV   41   16  0.1761E-11  0.1759E-11
CALSDV   42   16  0.1885E-11  0.1883E-11
CALSDV   43   16  0.1784E-11  0.1782E-11
CALSDV   44   16  0.1912E-11  0.1910E-11
CALSDV   45   16  0.1816E-11  0.1815E-11
CALSDV   46   16  0.1944E-11  0.1942E-11
CALSDV   47   16  0.1859E-11  0.1857E-11
CALSDV   48   16  0.1982E-11  0.1980E-11
CALSDV   49   16  0.1910E-11  0.1908E-11
CALSDV   50   16  0.2029E-11  0.2027E-11
CALSDV   51   16  0.1972E-11  0.1971E-11
CALSDV   52   16  0.2085E-11  0.2084E-11
CALSDV   53   16  0.2044E-11  0.2042E-11
CALSDV   54   16  0.2155E-11  0.2153E-11
CALSDV   55   16  0.2132E-11  0.2130E-11
CALSDV   56   16  0.2242E-11  0.2240E-11
CALSDV   57   16  0.2241E-11  0.2239E-11
CALSDV   58   16  0.2354E-11  0.2352E-11
CALSDV   59   16  0.2418E-11  0.2416E-11
CALSDV   60   16  0.2513E-11  0.2511E-11
CALSDV   17   17  0.4843E-11  0.4876E-11
CALSDV   18   17  0.5054E-11  0.5070E-11
CALSDV   19   17  0.3828E-11  0.3835E-11
CALSDV   20   17  0.2959E-11  0.2969E-11
CALSDV   21   17  0.3414E-11  0.3423E-11
CALSDV   22   17  0.2669E-11  0.2680E-11
CALSDV   23   17  0.2738E-11  0.2745E-11
CALSDV   24   17  0.2519E-11  0.2527E-11
CALSDV   25   17  0.2247E-11  0.2256E-11
CALSDV   26   17  0.2292E-11  0.2300E-11
CALSDV   27   17  0.1966E-11  0.1980E-11
CALSDV   28   17  0.2051E-11  0.2064E-11
CALSDV   29   17  0.1833E-11  0.1842E-11
CALSDV   30   17  0.1851E-11  0.1864E-11
CALSDV   31   17  0.1776E-11  0.1781E-11
CALSDV   32   17  0.1709E-11  0.1717E-11
CALSDV   33   17  0.1755E-11  0.1759E-11
CALSDV   34   17  0.1622E-11  0.1628E-11
CALSDV   35   17  0.1753E-11  0.1755E-11
CALSDV   36   17  0.1584E-11  0.1589E-11
CALSDV   37   17  0.1761E-11  0.1762E-11
CALSDV   38   17  0.1583E-11  0.1587E-11
CALSDV   39   17  0.1776E-11  0.1777E-11
CALSDV   40   17  0.1608E-11  0.1613E-11
CALSDV   41   17  0.1797E-11  0.1799E-11
CALSDV   42   17  0.1651E-11  0.1656E-11
CALSDV   43   17  0.1825E-11  0.1829E-11
CALSDV   44   17  0.1708E-11  0.1714E-11
CALSDV   45   17  0.1859E-11  0.1864E-11
CALSDV   46   17  0.1773E-11  0.1779E-11
CALSDV   47   17  0.1902E-11  0.1907E-11
CALSDV   48   17  0.1847E-11  0.1854E-11
CALSDV   49   17  0.1954E-11  0.1959E-11
CALSDV   50   17  0.1928E-11  0.1935E-11
CALSDV   51   17  0.2016E-11  0.2022E-11
CALSDV   52   17  0.2016E-11  0.2024E-11
CALSDV   53   17  0.2087E-11  0.2094E-11
CALSDV   54   17  0.2112E-11  0.2119E-11
CALSDV   55   17  0.2171E-11  0.2178E-11
CALSDV   56   17  0.2220E-11  0.2228E-11
CALSDV   57   17  0.2276E-11  0.2283E-11
CALSDV   58   17  0.2348E-11  0.2356E-11
CALSDV   59   17  0.2449E-11  0.2457E-11
CALSDV   60   17  0.2510E-11  0.2518E-11
CALSDV   18   18  0.5283E-11  0.5303E-11
CALSDV   19   18  0.5441E-11  0.5489E-11
CALSDV   20   18  0.4304E-11  0.4301E-11
CALSDV   21   18  0.3088E-11  0.3119E-11
CALSDV   22   18  0.3633E-11  0.3627E-11
CALSDV   23   18  0.2607E-11  0.2612E-11
CALSDV   24   18  0.2708E-11  0.2703E-11
CALSDV   25   18  0.2435E-11  0.2431E-11
CALSDV   26   18  0.2081E-11  0.2078E-11
CALSDV   27   18  0.2252E-11  0.2244E-11
CALSDV   28   18  0.1809E-11  0.1813E-11
CALSDV   29   18  0.2073E-11  0.2066E-11
CALSDV   30   18  0.1776E-11  0.1779E-11
CALSDV   31   18  0.1934E-11  0.1929E-11
CALSDV   32   18  0.1834E-11  0.1837E-11
CALSDV   33   18  0.1844E-11  0.1842E-11
CALSDV   34   18  0.1910E-11  0.1913E-11
CALSDV   35   18  0.1800E-11  0.1799E-11
CALSDV   36   18  0.1978E-11  0.1981E-11
CALSDV   37   18  0.1791E-11  0.1791E-11
CALSDV   38   18  0.2032E-11  0.2033E-11
CALSDV   39   18  0.1805E-11  0.1806E-11
CALSDV   40   18  0.2073E-11  0.2075E-11
CALSDV   41   18  0.1837E-11  0.1837E-11
CALSDV   42   18  0.2106E-11  0.2108E-11
CALSDV   43   18  0.1876E-11  0.1878E-11
CALSDV   44   18  0.2134E-11  0.2136E-11
CALSDV   45   18  0.1926E-11  0.1926E-11
CALSDV   46   18  0.2163E-11  0.2164E-11
CALSDV   47   18  0.1980E-11  0.1980E-11
CALSDV   48   18  0.2193E-11  0.2193E-11
CALSDV   49   18  0.2039E-11  0.2039E-11
CALSDV   50   18  0.2228E-11  0.2228E-11
CALSDV   51   18  0.2103E-11  0.2103E-11
CALSDV   52   18  0.2270E-11  0.2271E-11
CALSDV   53   18  0.2174E-11  0.2174E-11
CALSDV   54   18  0.2320E-11  0.2320E-11
CALSDV   55   18  0.2251E-11  0.2252E-11
CALSDV   56   18  0.2386E-11  0.2387E-11
CALSDV   57   18  0.2348E-11  0.2348E-11
CALSDV   58   18  0.2475E-11  0.2475E-11
CALSDV   59   18  0.2517E-11  0.2518E-11
CALSDV   60   18  0.2620E-11  0.2621E-11
CALSDV   19   19  0.4386E-11  0.4402E-11
CALSDV   20   19  0.4741E-11  0.4766E-11
CALSDV   21   19  0.3908E-11  0.3882E-11
CALSDV   22   19  0.2863E-11  0.2873E-11
CALSDV   23   19  0.3392E-11  0.3386E-11
CALSDV   24   19  0.2948E-11  0.2946E-11
CALSDV   25   19  0.2678E-11  0.2675E-11
CALSDV   26   19  0.2972E-11  0.2962E-11
CALSDV   27   19  0.2214E-11  0.2209E-11
CALSDV   28   19  0.2804E-11  0.2790E-11
CALSDV   29   19  0.1995E-11  0.1981E-11
CALSDV   30   19  0.2567E-11  0.2554E-11
CALSDV   31   19  0.1919E-11  0.1898E-11
CALSDV   32   19  0.2345E-11  0.2332E-11
CALSDV   33   19  0.1904E-11  0.1878E-11
CALSDV   34   19  0.2169E-11  0.2157E-11
CALSDV   35   19  0.1911E-11  0.1882E-11
CALSDV   36   19  0.2050E-11  0.2038E-11
CALSDV   37   19  0.1925E-11  0.1896E-11
CALSDV   38   19  0.1982E-11  0.1972E-11
CALSDV   39   19  0.1943E-11  0.1914E-11
CALSDV   40   19  0.1958E-11  0.1948E-11
CALSDV   41   19  0.1965E-11  0.1939E-11
CALSDV   42   19  0.1965E-11  0.1955E-11
CALSDV   43   19  0.1993E-11  0.1968E-11
CALSDV   44   19  0.1993E-11  0.1984E-11
CALSDV   45   19  0.2026E-11  0.2004E-11
CALSDV   46   19  0.2037E-11  0.2029E-11
CALSDV   47   19  0.2066E-11  0.2047E-11
CALSDV   48   19  0.2092E-11  0.2085E-11
CALSDV   49   19  0.2114E-11  0.2097E-11
CALSDV   50   19  0.2156E-11  0.2149E-11
CALSDV   51   19  0.2171E-11  0.2156E-11
CALSDV   52   19  0.2225E-11  0.2218E-11
CALSDV   53   19  0.2232E-11  0.2221E-11
CALSDV   54   19  0.2300E-11  0.2295E-11
CALSDV   55   19  0.2303E-11  0.2295E-11
CALSDV   56   19  0.2385E-11  0.2381E-11
CALSDV   57   19  0.2393E-11  0.2385E-11
CALSDV   58   19  0.2489E-11  0.2484E-11
CALSDV   59   19  0.2556E-11  0.2549E-11
CALSDV   60   19  0.2637E-11  0.2633E-11
CALSDV   20   20  0.5399E-11  0.5424E-11
CALSDV   21   20  0.5046E-11  0.5041E-11
CALSDV   22   20  0.4515E-11  0.4516E-11
CALSDV   23   20  0.2860E-11  0.2869E-11
CALSDV   24   20  0.3838E-11  0.3835E-11
CALSDV   25   20  0.2662E-11  0.2672E-11
CALSDV   26   20  0.2879E-11  0.2880E-11
CALSDV   27   20  0.2584E-11  0.2590E-11
CALSDV   28   20  0.2221E-11  0.2221E-11
CALSDV   29   20  0.2391E-11  0.2397E-11
CALSDV   30   20  0.1933E-11  0.1936E-11
CALSDV   31   20  0.2175E-11  0.2181E-11
CALSDV   32   20  0.1899E-11  0.1901E-11
CALSDV   33   20  0.2006E-11  0.2010E-11
CALSDV   34   20  0.1967E-11  0.1969E-11
CALSDV   35   20  0.1907E-11  0.1909E-11
CALSDV   36   20  0.2057E-11  0.2058E-11
CALSDV   37   20  0.1872E-11  0.1873E-11
CALSDV   38   20  0.2137E-11  0.2137E-11
CALSDV   39   20  0.1886E-11  0.1886E-11
CALSDV   40   20  0.2202E-11  0.2201E-11
CALSDV   41   20  0.1930E-11  0.1930E-11
CALSDV   42   20  0.2253E-11  0.2252E-11
CALSDV   43   20  0.1990E-11  0.1990E-11
CALSDV   44   20  0.2293E-11  0.2292E-11
CALSDV   45   20  0.2056E-11  0.2056E-11
CALSDV   46   20  0.2328E-11  0.2327E-11
CALSDV   47   20  0.2125E-11  0.2125E-11
CALSDV   48   20  0.2361E-11  0.2360E-11
CALSDV   49   20  0.2193E-11  0.2193E-11
CALSDV   50   20  0.2395E-11  0.2394E-11
CALSDV   51   20  0.2261E-11  0.2260E-11
CALSDV   52   20  0.2433E-11  0.2431E-11
CALSDV   53   20  0.2327E-11  0.2327E-11
CALSDV   54   20  0.2475E-11  0.2474E-11
CALSDV   55   20  0.2398E-11  0.2397E-11
CALSDV   56   20  0.2525E-11  0.2524E-11
CALSDV   57   20  0.2473E-11  0.2472E-11
CALSDV   58   20  0.2595E-11  0.2595E-11
CALSDV   59   20  0.2629E-11  0.2628E-11
CALSDV   60   20  0.2723E-11  0.2722E-11
CALSDV   21   21  0.4258E-11  0.4266E-11
CALSDV   22   21  0.4680E-11  0.4670E-11
CALSDV   23   21  0.3971E-11  0.3981E-11
CALSDV   24   21  0.2650E-11  0.2642E-11
CALSDV   25   21  0.3417E-11  0.3422E-11
CALSDV   26   21  0.2931E-11  0.2931E-11
CALSDV   27   21  0.2690E-11  0.2695E-11
CALSDV   28   21  0.3094E-11  0.3091E-11
CALSDV   29   21  0.2263E-11  0.2266E-11
CALSDV   30   21  0.2997E-11  0.2994E-11
CALSDV   31   21  0.2100E-11  0.2101E-11
CALSDV   32   21  0.2798E-11  0.2791E-11
CALSDV   33   21  0.2071E-11  0.2070E-11
CALSDV   34   21  0.2595E-11  0.2587E-11
CALSDV   35   21  0.2085E-11  0.2083E-11
CALSDV   36   21  0.2432E-11  0.2428E-11
CALSDV   37   21  0.2108E-11  0.2104E-11
CALSDV   38   21  0.2328E-11  0.2319E-11
CALSDV   39   21  0.2129E-11  0.2125E-11
CALSDV   40   21  0.2271E-11  0.2263E-11
CALSDV   41   21  0.2151E-11  0.2147E-11
CALSDV   42   21  0.2256E-11  0.2247E-11
CALSDV   43   21  0.2176E-11  0.2172E-11
CALSDV   44   21  0.2268E-11  0.2261E-11
CALSDV   45   21  0.2205E-11  0.2203E-11
CALSDV   46   21  0.2297E-11  0.2293E-11
CALSDV   47   21  0.2241E-11  0.2239E-11
CALSDV   48   21  0.2340E-11  0.2336E-11
CALSDV   49   21  0.2283E-11  0.2281E-11
CALSDV   50   21  0.2389E-11  0.2387E-11
CALSDV   51   21  0.2331E-11  0.2330E-11
CALSDV   52   21  0.2443E-11  0.2441E-11
CALSDV   53   21  0.2386E-11  0.2385E-11
CALSDV   54   21  0.2500E-11  0.2499E-11
CALSDV   55   21  0.2446E-11  0.2445E-11
CALSDV   56   21  0.2563E-11  0.2562E-11
CALSDV   57   21  0.2518E-11  0.2519E-11
CALSDV   58   21  0.2635E-11  0.2635E-11
CALSDV   59   21  0.2662E-11  0.2661E-11
CALSDV   60   21  0.2760E-11  0.2761E-11
CALSDV   22   22  0.4502E-11  0.4511E-11
CALSDV   23   22  0.4827E-11  0.4818E-11
CALSDV   24   22  0.4450E-11  0.4444E-11
CALSDV   25   22  0.2657E-11  0.2652E-11
CALSDV   26   22  0.3873E-11  0.3869E-11
CALSDV   27   22  0.2701E-11  0.2698E-11
CALSDV   28   22  0.2943E-11  0.2943E-11
CALSDV   29   22  0.2713E-11  0.2709E-11
CALSDV   30   22  0.2312E-11  0.2306E-11
CALSDV   31   22  0.2517E-11  0.2518E-11
CALSDV   32   22  0.2042E-11  0.2041E-11
CALSDV   33   22  0.2272E-11  0.2274E-11
CALSDV   34   22  0.2018E-11  0.2017E-11
CALSDV   35   22  0.2077E-11  0.2079E-11
CALSDV   36   22  0.2091E-11  0.2089E-11
CALSDV   37   22  0.1974E-11  0.1974E-11
CALSDV   38   22  0.2183E-11  0.2182E-11
CALSDV   39   22  0.1956E-11  0.1956E-11
CALSDV   40   22  0.2267E-11  0.2267E-11
CALSDV   41   22  0.1999E-11  0.2000E-11
CALSDV   42   22  0.2338E-11  0.2337E-11
CALSDV   43   22  0.2075E-11  0.2077E-11
CALSDV   44   22  0.2397E-11  0.2397E-11
CALSDV   45   22  0.2167E-11  0.2168E-11
CALSDV   46   22  0.2447E-11  0.2447E-11
CALSDV   47   22  0.2257E-11  0.2259E-11
CALSDV   48   22  0.2492E-11  0.2493E-11
CALSDV   49   22  0.2344E-11  0.2345E-11
CALSDV   50   22  0.2534E-11  0.2535E-11
CALSDV   51   22  0.2421E-11  0.2424E-11
CALSDV   52   22  0.2575E-11  0.2577E-11
CALSDV   53   22  0.2491E-11  0.2493E-11
CALSDV   54   22  0.2617E-11  0.2619E-11
CALSDV   55   22  0.2552E-11  0.2554E-11
CALSDV   56   22  0.2662E-11  0.2665E-11
CALSDV   57   22  0.2615E-11  0.2618E-11
CALSDV   58   22  0.2713E-11  0.2717E-11
CALSDV   59   22  0.2742E-11  0.2744E-11
CALSDV   60   22  0.2824E-11  0.2826E-11
CALSDV   23   23  0.4130E-11  0.4155E-11
CALSDV   24   23  0.4691E-11  0.4737E-11
CALSDV   25   23  0.3984E-11  0.4005E-11
CALSDV   26   23  0.2470E-11  0.2490E-11
CALSDV   27   23  0.3421E-11  0.3438E-11
CALSDV   28   23  0.2832E-11  0.2846E-11
CALSDV   29   23  0.2700E-11  0.2715E-11
CALSDV   30   23  0.3039E-11  0.3055E-11
CALSDV   31   23  0.2324E-11  0.2341E-11
CALSDV   32   23  0.2944E-11  0.2959E-11
CALSDV   33   23  0.2222E-11  0.2243E-11
CALSDV   34   23  0.2734E-11  0.2748E-11
CALSDV   35   23  0.2236E-11  0.2261E-11
CALSDV   36   23  0.2527E-11  0.2540E-11
CALSDV   37   23  0.2272E-11  0.2301E-11
CALSDV   38   23  0.2381E-11  0.2392E-11
CALSDV   39   23  0.2302E-11  0.2335E-11
CALSDV   40   23  0.2305E-11  0.2312E-11
CALSDV   41   23  0.2326E-11  0.2363E-11
CALSDV   42   23  0.2288E-11  0.2297E-11
CALSDV   43   23  0.2348E-11  0.2388E-11
CALSDV   44   23  0.2314E-11  0.2323E-11
CALSDV   45   23  0.2374E-11  0.2415E-11
CALSDV   46   23  0.2366E-11  0.2379E-11
CALSDV   47   23  0.2406E-11  0.2448E-11
CALSDV   48   23  0.2430E-11  0.2447E-11
CALSDV   49   23  0.2442E-11  0.2486E-11
CALSDV   50   23  0.2498E-11  0.2521E-11
CALSDV   51   23  0.2484E-11  0.2530E-11
CALSDV   52   23  0.2563E-11  0.2592E-11
CALSDV   53   23  0.2529E-11  0.2578E-11
CALSDV   54   23  0.2625E-11  0.2662E-11
CALSDV   55   23  0.2577E-11  0.2628E-11
CALSDV   56   23  0.2683E-11  0.2727E-11
CALSDV   57   23  0.2632E-11  0.2682E-11
CALSDV   58   23  0.2746E-11  0.2794E-11
CALSDV   59   23  0.2751E-11  0.2810E-11
CALSDV   60   23  0.2847E-11  0.2897E-11
CALSDV   24   24  0.4235E-11  0.4248E-11
CALSDV   25   24  0.4882E-11  0.4859E-11
CALSDV   26   24  0.4457E-11  0.4478E-11
CALSDV   27   24  0.2694E-11  0.2716E-11
CALSDV   28   24  0.3891E-11  0.3912E-11
CALSDV   29   24  0.2893E-11  0.2899E-11
CALSDV   30   24  0.2993E-11  0.3008E-11
CALSDV   31   24  0.2945E-11  0.2940E-11
CALSDV   32   24  0.2417E-11  0.2422E-11
CALSDV   33   24  0.2723E-11  0.2721E-11
CALSDV   34   24  0.2193E-11  0.2195E-11
CALSDV   35   24  0.2433E-11  0.2434E-11
CALSDV   36   24  0.2183E-11  0.2185E-11
CALSDV   37   24  0.2203E-11  0.2208E-11
CALSDV   38   24  0.2249E-11  0.2253E-11
CALSDV   39   24  0.2092E-11  0.2095E-11
CALSDV   40   24  0.2330E-11  0.2337E-11
CALSDV   41   24  0.2088E-11  0.2093E-11
CALSDV   42   24  0.2408E-11  0.2415E-11
CALSDV   43   24  0.2160E-11  0.2163E-11
CALSDV   44   24  0.2477E-11  0.2485E-11
CALSDV   45   24  0.2265E-11  0.2268E-11
CALSDV   46   24  0.2540E-11  0.2547E-11
CALSDV   47   24  0.2382E-11  0.2383E-11
CALSDV   48   24  0.2598E-11  0.2606E-11
CALSDV   49   24  0.2489E-11  0.2491E-11
CALSDV   50   24  0.2653E-11  0.2660E-11
CALSDV   51   24  0.2583E-11  0.2585E-11
CALSDV   52   24  0.2705E-11  0.2711E-11
CALSDV   53   24  0.2658E-11  0.2660E-11
CALSDV   54   24  0.2753E-11  0.2759E-11
CALSDV   55   24  0.2716E-11  0.2718E-11
CALSDV   56   24  0.2799E-11  0.2803E-11
CALSDV   57   24  0.2762E-11  0.2764E-11
CALSDV   58   24  0.2847E-11  0.2850E-11
CALSDV   59   24  0.2870E-11  0.2872E-11
CALSDV   60   24  0.2934E-11  0.2935E-11
CALSDV   25   25  0.4226E-11  0.4198E-11
CALSDV   26   25  0.4974E-11  0.4962E-11
CALSDV   27   25  0.4349E-11  0.4349E-11
CALSDV   28   25  0.2605E-11  0.2604E-11
CALSDV   29   25  0.3654E-11  0.3657E-11
CALSDV   30   25  0.2960E-11  0.2955E-11
CALSDV   31   25  0.2794E-11  0.2793E-11
CALSDV   32   25  0.3183E-11  0.3176E-11
CALSDV   33   25  0.2430E-11  0.2427E-11
CALSDV   34   25  0.3097E-11  0.3096E-11
CALSDV   35   25  0.2457E-11  0.2451E-11
CALSDV   36   25  0.2910E-11  0.2911E-11
CALSDV   37   25  0.2609E-11  0.2604E-11
CALSDV   38   25  0.2742E-11  0.2746E-11
CALSDV   39   25  0.2748E-11  0.2742E-11
CALSDV   40   25  0.2647E-11  0.2650E-11
CALSDV   41   25  0.2843E-11  0.2835E-11
CALSDV   42   25  0.2621E-11  0.2626E-11
CALSDV   43   25  0.2896E-11  0.2889E-11
CALSDV   44   25  0.2648E-11  0.2652E-11
CALSDV   45   25  0.2921E-11  0.2915E-11
CALSDV   46   25  0.2700E-11  0.2704E-11
CALSDV   47   25  0.2930E-11  0.2922E-11
CALSDV   48   25  0.2766E-11  0.2768E-11
CALSDV   49   25  0.2928E-11  0.2920E-11
CALSDV   50   25  0.2828E-11  0.2828E-11
CALSDV   51   25  0.2920E-11  0.2913E-11
CALSDV   52   25  0.2881E-11  0.2881E-11
CALSDV   53   25  0.2910E-11  0.2904E-11
CALSDV   54   25  0.2921E-11  0.2919E-11
CALSDV   55   25  0.2897E-11  0.2893E-11
CALSDV   56   25  0.2949E-11  0.2948E-11
CALSDV   57   25  0.2887E-11  0.2883E-11
CALSDV   58   25  0.2970E-11  0.2968E-11
CALSDV   59   25  0.2951E-11  0.2949E-11
CALSDV   60   25  0.3031E-11  0.3030E-11
CALSDV   26   26  0.4381E-11  0.4383E-11
CALSDV   27   26  0.5075E-11  0.5074E-11
CALSDV   28   26  0.4605E-11  0.4605E-11
CALSDV   29   26  0.2946E-11  0.2943E-11
CALSDV   30   26  0.3999E-11  0.4000E-11
CALSDV   31   26  0.3235E-11  0.3230E-11
CALSDV   32   26  0.3117E-11  0.3120E-11
CALSDV   33   26  0.3291E-11  0.3283E-11
CALSDV   34   26  0.2594E-11  0.2597E-11
CALSDV   35   26  0.3033E-11  0.3028E-11
CALSDV   36   26  0.2412E-11  0.2418E-11
CALSDV   37   26  0.2698E-11  0.2694E-11
CALSDV   38   26  0.2409E-11  0.2416E-11
CALSDV   39   26  0.2438E-11  0.2432E-11
CALSDV   40   26  0.2463E-11  0.2466E-11
CALSDV   41   26  0.2315E-11  0.2309E-11
CALSDV   42   26  0.2529E-11  0.2530E-11
CALSDV   43   26  0.2319E-11  0.2314E-11
CALSDV   44   26  0.2595E-11  0.2593E-11
CALSDV   45   26  0.2406E-11  0.2401E-11
CALSDV   46   26  0.2659E-11  0.2656E-11
CALSDV   47   26  0.2526E-11  0.2521E-11
CALSDV   48   26  0.2724E-11  0.2721E-11
CALSDV   49   26  0.2651E-11  0.2646E-11
CALSDV   50   26  0.2787E-11  0.2783E-11
CALSDV   51   26  0.2758E-11  0.2754E-11
CALSDV   52   26  0.2848E-11  0.2844E-11
CALSDV   53   26  0.2840E-11  0.2836E-11
CALSDV   54   26  0.2902E-11  0.2898E-11
CALSDV   55   26  0.2894E-11  0.2890E-11
CALSDV   56   26  0.2947E-11  0.2943E-11
CALSDV   57   26  0.2922E-11  0.2918E-11
CALSDV   58   26  0.2984E-11  0.2980E-11
CALSDV   59   26  0.2997E-11  0.2994E-11
CALSDV   60   26  0.3049E-11  0.3046E-11
CALSDV   27   27  0.4105E-11  0.4143E-11
CALSDV   28   27  0.5242E-11  0.5266E-11
CALSDV   29   27  0.4792E-11  0.4811E-11
CALSDV   30   27  0.2836E-11  0.2848E-11
CALSDV   31   27  0.4020E-11  0.4031E-11
CALSDV   32   27  0.3160E-11  0.3158E-11
CALSDV   33   27  0.2986E-11  0.2992E-11
CALSDV   34   27  0.3327E-11  0.3321E-11
CALSDV   35   27  0.2545E-11  0.2544E-11
CALSDV   36   27  0.3184E-11  0.3178E-11
CALSDV   37   27  0.2620E-11  0.2621E-11
CALSDV   38   27  0.2955E-11  0.2953E-11
CALSDV   39   27  0.2864E-11  0.2867E-11
CALSDV   40   27  0.2784E-11  0.2784E-11
CALSDV   41   27  0.3081E-11  0.3086E-11
CALSDV   42   27  0.2717E-11  0.2719E-11
CALSDV   43   27  0.3229E-11  0.3236E-11
CALSDV   44   27  0.2740E-11  0.2741E-11
CALSDV   45   27  0.3310E-11  0.3319E-11
CALSDV   46   27  0.2817E-11  0.2818E-11
CALSDV   47   27  0.3341E-11  0.3351E-11
CALSDV   48   27  0.2911E-11  0.2911E-11
CALSDV   49   27  0.3335E-11  0.3345E-11
CALSDV   50   27  0.3002E-11  0.3002E-11
CALSDV   51   27  0.3305E-11  0.3313E-11
CALSDV   52   27  0.3075E-11  0.3073E-11
CALSDV   53   27  0.3256E-11  0.3262E-11
CALSDV   54   27  0.3123E-11  0.3121E-11
CALSDV   55   27  0.3193E-11  0.3198E-11
CALSDV   56   27  0.3143E-11  0.3141E-11
CALSDV   57   27  0.3122E-11  0.3124E-11
CALSDV   58   27  0.3142E-11  0.3140E-11
CALSDV   59   27  0.3122E-11  0.3122E-11
CALSDV   60   27  0.3166E-11  0.3163E-11
CALSDV   28   28  0.4450E-11  0.4450E-11
CALSDV   29   28  0.5235E-11  0.5228E-11
CALSDV   30   28  0.4778E-11  0.4767E-11
CALSDV   31   28  0.3015E-11  0.3010E-11
CALSDV   32   28  0.4099E-11  0.4093E-11
CALSDV   33   28  0.3410E-11  0.3410E-11
CALSDV   34   28  0.3228E-11  0.3222E-11
CALSDV   35   28  0.3495E-11  0.3498E-11
CALSDV   36   28  0.2774E-11  0.2772E-11
CALSDV   37   28  0.3223E-11  0.3229E-11
CALSDV   38   28  0.2651E-11  0.2653E-11
CALSDV   39   28  0.2870E-11  0.2877E-11
CALSDV   40   28  0.2665E-11  0.2672E-11
CALSDV   41   28  0.2607E-11  0.2614E-11
CALSDV   42   28  0.2709E-11  0.2717E-11
CALSDV   43   28  0.2504E-11  0.2513E-11
CALSDV   44   28  0.2757E-11  0.2765E-11
CALSDV   45   28  0.2542E-11  0.2546E-11
CALSDV   46   28  0.2808E-11  0.2817E-11
CALSDV   47   28  0.2659E-11  0.2661E-11
CALSDV   48   28  0.2866E-11  0.2873E-11
CALSDV   49   28  0.2796E-11  0.2798E-11
CALSDV   50   28  0.2928E-11  0.2935E-11
CALSDV   51   28  0.2924E-11  0.2926E-11
CALSDV   52   28  0.2995E-11  0.2998E-11
CALSDV   53   28  0.3021E-11  0.3020E-11
CALSDV   54   28  0.3055E-11  0.3056E-11
CALSDV   55   28  0.3076E-11  0.3074E-11
CALSDV   56   28  0.3101E-11  0.3100E-11
CALSDV   57   28  0.3088E-11  0.3085E-11
CALSDV   58   28  0.3128E-11  0.3125E-11
CALSDV   59   28  0.3128E-11  0.3126E-11
CALSDV   60   28  0.3167E-11  0.3165E-11
CALSDV   29   29  0.3914E-11  0.3854E-11
CALSDV   30   29  0.5559E-11  0.5590E-11
CALSDV   31   29  0.5037E-11  0.5051E-11
CALSDV   32   29  0.3215E-11  0.3227E-11
CALSDV   33   29  0.4251E-11  0.4277E-11
CALSDV   34   29  0.3527E-11  0.3531E-11
CALSDV   35   29  0.3179E-11  0.3202E-11
CALSDV   36   29  0.3627E-11  0.3620E-11
CALSDV   37   29  0.2708E-11  0.2714E-11
CALSDV   38   29  0.3410E-11  0.3402E-11
CALSDV   39   29  0.2752E-11  0.2752E-11
CALSDV   40   29  0.3136E-11  0.3132E-11
CALSDV   41   29  0.2973E-11  0.2969E-11
CALSDV   42   29  0.2965E-11  0.2959E-11
CALSDV   43   29  0.3175E-11  0.3169E-11
CALSDV   44   29  0.2937E-11  0.2923E-11
CALSDV   45   29  0.3316E-11  0.3308E-11
CALSDV   46   29  0.3002E-11  0.2995E-11
CALSDV   47   29  0.3396E-11  0.3391E-11
CALSDV   48   29  0.3118E-11  0.3113E-11
CALSDV   49   29  0.3429E-11  0.3428E-11
CALSDV   50   29  0.3233E-11  0.3228E-11
CALSDV   51   29  0.3427E-11  0.3428E-11
CALSDV   52   29  0.3326E-11  0.3321E-11
CALSDV   53   29  0.3398E-11  0.3401E-11
CALSDV   54   29  0.3377E-11  0.3374E-11
CALSDV   55   29  0.3345E-11  0.3347E-11
CALSDV   56   29  0.3386E-11  0.3382E-11
CALSDV   57   29  0.3267E-11  0.3269E-11
CALSDV   58   29  0.3351E-11  0.3349E-11
CALSDV   59   29  0.3236E-11  0.3237E-11
CALSDV   60   29  0.3324E-11  0.3322E-11
CALSDV   30   30  0.5358E-11  0.5256E-11
CALSDV   31   30  0.5577E-11  0.5579E-11
CALSDV   32   30  0.5227E-11  0.5164E-11
CALSDV   33   30  0.3168E-11  0.3167E-11
CALSDV   34   30  0.4348E-11  0.4318E-11
CALSDV   35   30  0.3574E-11  0.3574E-11
CALSDV   36   30  0.3473E-11  0.3478E-11
CALSDV   37   30  0.3676E-11  0.3680E-11
CALSDV   38   30  0.3172E-11  0.3200E-11
CALSDV   39   30  0.3413E-11  0.3422E-11
CALSDV   40   30  0.3203E-11  0.3238E-11
CALSDV   41   30  0.3078E-11  0.3092E-11
CALSDV   42   30  0.3305E-11  0.3340E-11
CALSDV   43   30  0.2856E-11  0.2874E-11
CALSDV   44   30  0.3375E-11  0.3406E-11
CALSDV   45   30  0.2805E-11  0.2823E-11
CALSDV   46   30  0.3407E-11  0.3433E-11
CALSDV   47   30  0.2879E-11  0.2896E-11
CALSDV   48   30  0.3416E-11  0.3438E-11
CALSDV   49   30  0.3011E-11  0.3026E-11
CALSDV   50   30  0.3417E-11  0.3435E-11
CALSDV   51   30  0.3143E-11  0.3155E-11
CALSDV   52   30  0.3417E-11  0.3432E-11
CALSDV   53   30  0.3242E-11  0.3253E-11
CALSDV   54   30  0.3412E-11  0.3424E-11
CALSDV   55   30  0.3291E-11  0.3298E-11
CALSDV   56   30  0.3397E-11  0.3404E-11
CALSDV   57   30  0.3279E-11  0.3285E-11
CALSDV   58   30  0.3360E-11  0.3367E-11
CALSDV   59   30  0.3273E-11  0.3275E-11
CALSDV   60   30  0.3333E-11  0.3334E-11
CALSDV   31   31  0.4280E-11  0.4353E-11
CALSDV   32   31  0.6159E-11  0.6156E-11
CALSDV   33   31  0.5220E-11  0.5232E-11
CALSDV   34   31  0.3923E-11  0.3905E-11
CALSDV   35   31  0.4593E-11  0.4605E-11
CALSDV   36   31  0.4132E-11  0.4105E-11
CALSDV   37   31  0.3607E-11  0.3627E-11
CALSDV   38   31  0.4082E-11  0.4054E-11
CALSDV   39   31  0.3094E-11  0.3114E-11
CALSDV   40   31  0.3737E-11  0.3717E-11
CALSDV   41   31  0.2997E-11  0.3005E-11
CALSDV   42   31  0.3387E-11  0.3375E-11
CALSDV   43   31  0.3075E-11  0.3073E-11
CALSDV   44   31  0.3197E-11  0.3193E-11
CALSDV   45   31  0.3181E-11  0.3173E-11
CALSDV   46   31  0.3194E-11  0.3190E-11
CALSDV   47   31  0.3274E-11  0.3259E-11
CALSDV   48   31  0.3303E-11  0.3301E-11
CALSDV   49   31  0.3344E-11  0.3329E-11
CALSDV   50   31  0.3450E-11  0.3446E-11
CALSDV   51   31  0.3392E-11  0.3379E-11
CALSDV   52   31  0.3573E-11  0.3570E-11
CALSDV   53   31  0.3418E-11  0.3406E-11
CALSDV   54   31  0.3645E-11  0.3640E-11
CALSDV   55   31  0.3413E-11  0.3403E-11
CALSDV   56   31  0.3648E-11  0.3644E-11
CALSDV   57   31  0.3367E-11  0.3358E-11
CALSDV   58   31  0.3585E-11  0.3579E-11
CALSDV   59   31  0.3331E-11  0.3325E-11
CALSDV   60   31  0.3498E-11  0.3494E-11
CALSDV   32   32  0.4152E-11  0.4181E-11
CALSDV   33   32  0.5676E-11  0.5676E-11
CALSDV   34   32  0.5202E-11  0.5216E-11
CALSDV   35   32  0.3336E-11  0.3328E-11
CALSDV   36   32  0.4371E-11  0.4372E-11
CALSDV   37   32  0.3866E-11  0.3859E-11
CALSDV   38   32  0.3468E-11  0.3471E-11
CALSDV   39   32  0.3934E-11  0.3935E-11
CALSDV   40   32  0.3166E-11  0.3181E-11
CALSDV   41   32  0.3599E-11  0.3601E-11
CALSDV   42   32  0.3208E-11  0.3228E-11
CALSDV   43   32  0.3209E-11  0.3213E-11
CALSDV   44   32  0.3314E-11  0.3334E-11
CALSDV   45   32  0.2977E-11  0.2984E-11
CALSDV   46   32  0.3389E-11  0.3408E-11
CALSDV   47   32  0.2957E-11  0.2963E-11
CALSDV   48   32  0.3433E-11  0.3449E-11
CALSDV   49   32  0.3076E-11  0.3079E-11
CALSDV   50   32  0.3467E-11  0.3476E-11
CALSDV   51   32  0.3240E-11  0.3241E-11
CALSDV   52   32  0.3498E-11  0.3503E-11
CALSDV   53   32  0.3379E-11  0.3378E-11
CALSDV   54   32  0.3524E-11  0.3529E-11
CALSDV   55   32  0.3457E-11  0.3455E-11
CALSDV   56   32  0.3532E-11  0.3535E-11
CALSDV   57   32  0.3449E-11  0.3447E-11
CALSDV   58   32  0.3505E-11  0.3506E-11
CALSDV   59   32  0.3413E-11  0.3409E-11
CALSDV   60   32  0.3457E-11  0.3456E-11
CALSDV   33   33  0.4222E-11  0.4294E-11
CALSDV   34   33  0.5830E-11  0.5803E-11
CALSDV   35   33  0.5550E-11  0.5562E-11
CALSDV   36   33  0.3463E-11  0.3405E-11
CALSDV   37   33  0.4669E-11  0.4668E-11
CALSDV   38   33  0.3981E-11  0.3930E-11
CALSDV   39   33  0.3512E-11  0.3508E-11
CALSDV   40   33  0.4016E-11  0.3980E-11
CALSDV   41   33  0.3077E-11  0.3073E-11
CALSDV   42   33  0.3655E-11  0.3632E-11
CALSDV   43   33  0.3202E-11  0.3198E-11
CALSDV   44   33  0.3277E-11  0.3266E-11
CALSDV   45   33  0.3476E-11  0.3475E-11
CALSDV   46   33  0.3100E-11  0.3097E-11
CALSDV   47   33  0.3703E-11  0.3703E-11
CALSDV   48   33  0.3144E-11  0.3147E-11
CALSDV   49   33  0.3843E-11  0.3844E-11
CALSDV   50   33  0.3314E-11  0.3319E-11
CALSDV   51   33  0.3903E-11  0.3904E-11
CALSDV   52   33  0.3511E-11  0.3513E-11
CALSDV   53   33  0.3896E-11  0.3898E-11
CALSDV   54   33  0.3659E-11  0.3660E-11
CALSDV   55   33  0.3827E-11  0.3830E-11
CALSDV   56   33  0.3727E-11  0.3729E-11
CALSDV   57   33  0.3692E-11  0.3696E-11
CALSDV   58   33  0.3697E-11  0.3699E-11
CALSDV   59   33  0.3550E-11  0.3553E-11
CALSDV   60   33  0.3603E-11  0.3605E-11
CALSDV   34   34  0.3899E-11  0.3860E-11
CALSDV   35   34  0.5720E-11  0.5707E-11
CALSDV   36   34  0.5433E-11  0.5375E-11
CALSDV   37   34  0.3393E-11  0.3407E-11
CALSDV   38   34  0.4514E-11  0.4475E-11
CALSDV   39   34  0.4095E-11  0.4121E-11
CALSDV   40   34  0.3557E-11  0.3547E-11
CALSDV   41   34  0.4188E-11  0.4223E-11
CALSDV   42   34  0.3270E-11  0.3268E-11
CALSDV   43   34  0.3841E-11  0.3887E-11
CALSDV   44   34  0.3329E-11  0.3322E-11
CALSDV   45   34  0.3463E-11  0.3514E-11
CALSDV   46   34  0.3441E-11  0.3417E-11
CALSDV   47   34  0.3275E-11  0.3324E-11
CALSDV   48   34  0.3519E-11  0.3484E-11
CALSDV   49   34  0.3299E-11  0.3339E-11
CALSDV   50   34  0.3571E-11  0.3530E-11
CALSDV   51   34  0.3435E-11  0.3467E-11
CALSDV   52   34  0.3620E-11  0.3579E-11
CALSDV   53   34  0.3584E-11  0.3608E-11
CALSDV   54   34  0.3665E-11  0.3630E-11
CALSDV   55   34  0.3672E-11  0.3687E-11
CALSDV   56   34  0.3690E-11  0.3664E-11
CALSDV   57   34  0.3656E-11  0.3666E-11
CALSDV   58   34  0.3666E-11  0.3651E-11
CALSDV   59   34  0.3573E-11  0.3576E-11
CALSDV   60   34  0.3592E-11  0.3583E-11
CALSDV   35   35  0.4213E-11  0.4252E-11
CALSDV   36   35  0.5943E-11  0.5941E-11
CALSDV   37   35  0.5887E-11  0.5881E-11
CALSDV   38   35  0.3551E-11  0.3528E-11
CALSDV   39   35  0.4914E-11  0.4915E-11
CALSDV   40   35  0.4188E-11  0.4170E-11
CALSDV   41   35  0.3702E-11  0.3707E-11
CALSDV   42   35  0.4219E-11  0.4201E-11
CALSDV   43   35  0.3274E-11  0.3283E-11
CALSDV   44   35  0.3831E-11  0.3817E-11
CALSDV   45   35  0.3410E-11  0.3418E-11
CALSDV   46   35  0.3469E-11  0.3456E-11
CALSDV   47   35  0.3682E-11  0.3689E-11
CALSDV   48   35  0.3351E-11  0.3340E-11
CALSDV   49   35  0.3899E-11  0.3904E-11
CALSDV   50   35  0.3462E-11  0.3451E-11
CALSDV   51   35  0.4022E-11  0.4026E-11
CALSDV   52   35  0.3667E-11  0.3659E-11
CALSDV   53   35  0.4060E-11  0.4064E-11
CALSDV   54   35  0.3853E-11  0.3848E-11
CALSDV   55   35  0.4016E-11  0.4018E-11
CALSDV   56   35  0.3948E-11  0.3944E-11
CALSDV   57   35  0.3884E-11  0.3885E-11
CALSDV   58   35  0.3917E-11  0.3914E-11
CALSDV   59   35  0.3704E-11  0.3702E-11
CALSDV   60   35  0.3777E-11  0.3773E-11
CALSDV   36   36  0.3982E-11  0.3998E-11
CALSDV   37   36  0.5889E-11  0.5883E-11
CALSDV   38   36  0.5686E-11  0.5689E-11
CALSDV   39   36  0.3577E-11  0.3581E-11
CALSDV   40   36  0.4693E-11  0.4694E-11
CALSDV   41   36  0.4386E-11  0.4383E-11
CALSDV   42   36  0.3715E-11  0.3715E-11
CALSDV   43   36  0.4491E-11  0.4485E-11
CALSDV   44   36  0.3459E-11  0.3457E-11
CALSDV   45   36  0.4160E-11  0.4151E-11
CALSDV   46   36  0.3536E-11  0.3539E-11
CALSDV   47   36  0.3835E-11  0.3828E-11
CALSDV   48   36  0.3646E-11  0.3656E-11
CALSDV   49   36  0.3713E-11  0.3716E-11
CALSDV   50   36  0.3721E-11  0.3736E-11
CALSDV   51   36  0.3773E-11  0.3775E-11
CALSDV   52   36  0.3778E-11  0.3795E-11
CALSDV   53   36  0.3891E-11  0.3895E-11
CALSDV   54   36  0.3831E-11  0.3848E-11
CALSDV   55   36  0.3963E-11  0.3971E-11
CALSDV   56   36  0.3866E-11  0.3880E-11
CALSDV   57   36  0.3917E-11  0.3924E-11
CALSDV   58   36  0.3847E-11  0.3854E-11
CALSDV   59   36  0.3769E-11  0.3772E-11
CALSDV   60   36  0.3743E-11  0.3744E-11
CALSDV   37   37  0.3900E-11  0.3908E-11
CALSDV   38   37  0.6103E-11  0.6117E-11
CALSDV   39   37  0.6211E-11  0.6220E-11
CALSDV   40   37  0.3720E-11  0.3733E-11
CALSDV   41   37  0.5148E-11  0.5144E-11
CALSDV   42   37  0.4425E-11  0.4434E-11
CALSDV   43   37  0.3885E-11  0.3886E-11
CALSDV   44   37  0.4390E-11  0.4399E-11
CALSDV   45   37  0.3465E-11  0.3466E-11
CALSDV   46   37  0.3939E-11  0.3943E-11
CALSDV   47   37  0.3600E-11  0.3600E-11
CALSDV   48   37  0.3573E-11  0.3577E-11
CALSDV   49   37  0.3854E-11  0.3849E-11
CALSDV   50   37  0.3516E-11  0.3519E-11
CALSDV   51   37  0.4050E-11  0.4039E-11
CALSDV   52   37  0.3701E-11  0.3702E-11
CALSDV   53   37  0.4150E-11  0.4138E-11
CALSDV   54   37  0.3938E-11  0.3937E-11
CALSDV   55   37  0.4155E-11  0.4146E-11
CALSDV   56   37  0.4097E-11  0.4098E-11
CALSDV   57   37  0.4046E-11  0.4041E-11
CALSDV   58   37  0.4100E-11  0.4100E-11
CALSDV   59   37  0.3845E-11  0.3845E-11
CALSDV   60   37  0.3938E-11  0.3940E-11
CALSDV   38   38  0.4100E-11  0.4071E-11
CALSDV   39   38  0.6073E-11  0.6080E-11
CALSDV   40   38  0.5961E-11  0.6001E-11
CALSDV   41   38  0.3797E-11  0.3803E-11
CALSDV   42   38  0.4884E-11  0.4909E-11
CALSDV   43   38  0.4644E-11  0.4651E-11
CALSDV   44   38  0.3896E-11  0.3900E-11
CALSDV   45   38  0.4702E-11  0.4719E-11
CALSDV   46   38  0.3667E-11  0.3669E-11
CALSDV   47   38  0.4357E-11  0.4389E-11
CALSDV   48   38  0.3751E-11  0.3771E-11
CALSDV   49   38  0.4085E-11  0.4127E-11
CALSDV   50   38  0.3853E-11  0.3892E-11
CALSDV   51   38  0.4040E-11  0.4083E-11
CALSDV   52   38  0.3927E-11  0.3974E-11
CALSDV   53   38  0.4140E-11  0.4173E-11
CALSDV   54   38  0.3991E-11  0.4034E-11
CALSDV   55   38  0.4225E-11  0.4243E-11
CALSDV   56   38  0.4040E-11  0.4070E-11
CALSDV   57   38  0.4179E-11  0.4186E-11
CALSDV   58   38  0.4027E-11  0.4044E-11
CALSDV   59   38  0.3972E-11  0.3973E-11
CALSDV   60   38  0.3897E-11  0.3907E-11
CALSDV   39   39  0.3962E-11  0.4000E-11
CALSDV   40   39  0.6324E-11  0.6317E-11
CALSDV   41   39  0.6578E-11  0.6572E-11
CALSDV   42   39  0.4020E-11  0.4017E-11
CALSDV   43   39  0.5372E-11  0.5368E-11
CALSDV   44   39  0.4736E-11  0.4741E-11
CALSDV   45   39  0.4061E-11  0.4060E-11
CALSDV   46   39  0.4601E-11  0.4605E-11
CALSDV   47   39  0.3691E-11  0.3682E-11
CALSDV   48   39  0.4077E-11  0.4080E-11
CALSDV   49   39  0.3874E-11  0.3860E-11
CALSDV   50   39  0.3734E-11  0.3730E-11
CALSDV   51   39  0.4132E-11  0.4121E-11
CALSDV   52   39  0.3758E-11  0.3753E-11
CALSDV   53   39  0.4304E-11  0.4297E-11
CALSDV   54   39  0.4002E-11  0.3999E-11
CALSDV   55   39  0.4353E-11  0.4351E-11
CALSDV   56   39  0.4225E-11  0.4226E-11
CALSDV   57   39  0.4262E-11  0.4262E-11
CALSDV   58   39  0.4284E-11  0.4286E-11
CALSDV   59   39  0.4024E-11  0.4026E-11
CALSDV   60   39  0.4112E-11  0.4110E-11
CALSDV   40   40  0.4323E-11  0.4334E-11
CALSDV   41   40  0.6371E-11  0.6380E-11
CALSDV   42   40  0.6614E-11  0.6630E-11
CALSDV   43   40  0.4123E-11  0.4122E-11
CALSDV   44   40  0.5309E-11  0.5336E-11
CALSDV   45   40  0.4980E-11  0.4982E-11
CALSDV   46   40  0.4135E-11  0.4143E-11
CALSDV   47   40  0.5026E-11  0.5035E-11
CALSDV   48   40  0.3993E-11  0.3998E-11
CALSDV   49   40  0.4733E-11  0.4748E-11
CALSDV   50   40  0.4280E-11  0.4300E-11
CALSDV   51   40  0.4553E-11  0.4572E-11
CALSDV   52   40  0.4538E-11  0.4572E-11
CALSDV   53   40  0.4558E-11  0.4572E-11
CALSDV   54   40  0.4667E-11  0.4695E-11
CALSDV   55   40  0.4610E-11  0.4610E-11
CALSDV   56   40  0.4662E-11  0.4689E-11
CALSDV   57   40  0.4519E-11  0.4520E-11
CALSDV   58   40  0.4519E-11  0.4541E-11
CALSDV   59   40  0.4226E-11  0.4226E-11
CALSDV   60   40  0.4221E-11  0.4228E-11
CALSDV   41   41  0.4265E-11  0.4259E-11
CALSDV   42   41  0.6613E-11  0.6611E-11
CALSDV   43   41  0.6995E-11  0.6998E-11
CALSDV   44   41  0.4473E-11  0.4458E-11
CALSDV   45   41  0.5614E-11  0.5620E-11
CALSDV   46   41  0.5189E-11  0.5181E-11
CALSDV   47   41  0.4262E-11  0.4262E-11
CALSDV   48   41  0.4958E-11  0.4949E-11
CALSDV   49   41  0.3981E-11  0.3978E-11
CALSDV   50   41  0.4388E-11  0.4378E-11
CALSDV   51   41  0.4233E-11  0.4232E-11
CALSDV   52   41  0.4078E-11  0.4076E-11
CALSDV   53   41  0.4501E-11  0.4497E-11
CALSDV   54   41  0.4162E-11  0.4152E-11
CALSDV   55   41  0.4615E-11  0.4610E-11
CALSDV   56   41  0.4386E-11  0.4382E-11
CALSDV   57   41  0.4535E-11  0.4529E-11
CALSDV   58   41  0.4484E-11  0.4479E-11
CALSDV   59   41  0.4244E-11  0.4242E-11
CALSDV   60   41  0.4302E-11  0.4300E-11
CALSDV   42   42  0.4635E-11  0.4605E-11
CALSDV   43   42  0.6758E-11  0.6756E-11
CALSDV   44   42  0.7362E-11  0.7366E-11
CALSDV   45   42  0.4550E-11  0.4556E-11
CALSDV   46   42  0.5777E-11  0.5780E-11
CALSDV   47   42  0.5336E-11  0.5328E-11
CALSDV   48   42  0.4390E-11  0.4397E-11
CALSDV   49   42  0.5303E-11  0.5290E-11
CALSDV   50   42  0.4383E-11  0.4395E-11
CALSDV   51   42  0.5004E-11  0.4992E-11
CALSDV   52   42  0.4895E-11  0.4909E-11
CALSDV   53   42  0.4866E-11  0.4857E-11
CALSDV   54   42  0.5258E-11  0.5279E-11
CALSDV   55   42  0.4867E-11  0.4857E-11
CALSDV   56   42  0.5331E-11  0.5345E-11
CALSDV   57   42  0.4785E-11  0.4778E-11
CALSDV   58   42  0.5106E-11  0.5119E-11
CALSDV   59   42  0.4451E-11  0.4446E-11
CALSDV   60   42  0.4611E-11  0.4619E-11
CALSDV   43   43  0.4644E-11  0.4612E-11
CALSDV   44   43  0.6895E-11  0.6897E-11
CALSDV   45   43  0.7471E-11  0.7466E-11
CALSDV   46   43  0.4850E-11  0.4848E-11
CALSDV   47   43  0.5842E-11  0.5836E-11
CALSDV   48   43  0.5531E-11  0.5519E-11
CALSDV   49   43  0.4472E-11  0.4478E-11
CALSDV   50   43  0.5195E-11  0.5175E-11
CALSDV   51   43  0.4363E-11  0.4386E-11
CALSDV   52   43  0.4617E-11  0.4601E-11
CALSDV   53   43  0.4716E-11  0.4744E-11
CALSDV   54   43  0.4408E-11  0.4395E-11
CALSDV   55   43  0.4943E-11  0.4965E-11
CALSDV   56   43  0.4540E-11  0.4533E-11
CALSDV   57   43  0.4888E-11  0.4901E-11
CALSDV   58   43  0.4676E-11  0.4666E-11
CALSDV   59   43  0.4519E-11  0.4524E-11
CALSDV   60   43  0.4496E-11  0.4491E-11
CALSDV   44   44  0.4817E-11  0.4831E-11
CALSDV   45   44  0.7242E-11  0.7229E-11
CALSDV   46   44  0.7870E-11  0.7869E-11
CALSDV   47   44  0.5159E-11  0.5159E-11
CALSDV   48   44  0.6044E-11  0.6030E-11
CALSDV   49   44  0.5851E-11  0.5866E-11
CALSDV   50   44  0.4617E-11  0.4616E-11
CALSDV   51   44  0.5715E-11  0.5741E-11
CALSDV   52   44  0.4771E-11  0.4773E-11
CALSDV   53   44  0.5386E-11  0.5420E-11
CALSDV   54   44  0.5353E-11  0.5351E-11
CALSDV   55   44  0.5228E-11  0.5246E-11
CALSDV   56   44  0.5638E-11  0.5634E-11
CALSDV   57   44  0.5082E-11  0.5094E-11
CALSDV   58   44  0.5492E-11  0.5485E-11
CALSDV   59   44  0.4699E-11  0.4702E-11
CALSDV   60   44  0.4924E-11  0.4920E-11
CALSDV   45   45  0.5931E-11  0.5910E-11
CALSDV   46   45  0.7219E-11  0.7227E-11
CALSDV   47   45  0.8140E-11  0.8147E-11
CALSDV   48   45  0.5264E-11  0.5270E-11
CALSDV   49   45  0.6158E-11  0.6164E-11
CALSDV   50   45  0.5941E-11  0.5939E-11
CALSDV   51   45  0.5018E-11  0.5042E-11
CALSDV   52   45  0.5590E-11  0.5583E-11
CALSDV   53   45  0.5312E-11  0.5343E-11
CALSDV   54   45  0.5095E-11  0.5092E-11
CALSDV   55   45  0.5718E-11  0.5736E-11
CALSDV   56   45  0.4956E-11  0.4963E-11
CALSDV   57   45  0.5643E-11  0.5655E-11
CALSDV   58   45  0.4976E-11  0.4984E-11
CALSDV   59   45  0.5035E-11  0.5045E-11
CALSDV   60   45  0.4744E-11  0.4753E-11
CALSDV   46   46  0.5619E-11  0.5640E-11
CALSDV   47   46  0.8159E-11  0.8147E-11
CALSDV   48   46  0.8407E-11  0.8347E-11
CALSDV   49   46  0.6294E-11  0.6262E-11
CALSDV   50   46  0.6530E-11  0.6563E-11
CALSDV   51   46  0.6922E-11  0.6890E-11
CALSDV   52   46  0.5253E-11  0.5273E-11
CALSDV   53   46  0.6658E-11  0.6640E-11
CALSDV   54   46  0.5379E-11  0.5406E-11
CALSDV   55   46  0.6142E-11  0.6142E-11
CALSDV   56   46  0.5734E-11  0.5799E-11
CALSDV   57   46  0.5656E-11  0.5698E-11
CALSDV   58   46  0.5696E-11  0.5794E-11
CALSDV   59   46  0.5039E-11  0.5071E-11
CALSDV   60   46  0.5153E-11  0.5206E-11
CALSDV   47   47  0.5547E-11  0.5575E-11
CALSDV   48   47  0.7589E-11  0.7589E-11
CALSDV   49   47  0.8440E-11  0.8424E-11
CALSDV   50   47  0.5733E-11  0.5732E-11
CALSDV   51   47  0.6207E-11  0.6191E-11
CALSDV   52   47  0.6290E-11  0.6311E-11
CALSDV   53   47  0.5260E-11  0.5231E-11
CALSDV   54   47  0.5876E-11  0.5901E-11
CALSDV   55   47  0.5697E-11  0.5675E-11
CALSDV   56   47  0.5450E-11  0.5458E-11
CALSDV   57   47  0.5907E-11  0.5897E-11
CALSDV   58   47  0.5310E-11  0.5307E-11
CALSDV   59   47  0.5374E-11  0.5363E-11
CALSDV   60   47  0.5014E-11  0.5005E-11
CALSDV   48   48  0.5120E-11  0.5163E-11
CALSDV   49   48  0.8100E-11  0.8088E-11
CALSDV   50   48  0.8711E-11  0.8726E-11
CALSDV   51   48  0.5888E-11  0.5870E-11
CALSDV   52   48  0.6230E-11  0.6236E-11
CALSDV   53   48  0.6308E-11  0.6283E-11
CALSDV   54   48  0.5098E-11  0.5087E-11
CALSDV   55   48  0.6027E-11  0.5996E-11
CALSDV   56   48  0.5666E-11  0.5671E-11
CALSDV   57   48  0.5679E-11  0.5652E-11
CALSDV   58   48  0.6046E-11  0.6050E-11
CALSDV   59   48  0.5204E-11  0.5196E-11
CALSDV   60   48  0.5575E-11  0.5579E-11
CALSDV   49   49  0.4883E-11  0.4946E-11
CALSDV   50   49  0.7840E-11  0.7841E-11
CALSDV   51   49  0.8528E-11  0.8546E-11
CALSDV   52   49  0.6098E-11  0.6091E-11
CALSDV   53   49  0.5982E-11  0.5995E-11
CALSDV   54   49  0.6699E-11  0.6678E-11
CALSDV   55   49  0.5261E-11  0.5293E-11
CALSDV   56   49  0.6313E-11  0.6288E-11
CALSDV   57   49  0.5749E-11  0.5778E-11
CALSDV   58   49  0.5877E-11  0.5858E-11
CALSDV   59   49  0.5548E-11  0.5571E-11
CALSDV   60   49  0.5381E-11  0.5371E-11
CALSDV   50   50  0.5005E-11  0.4990E-11
CALSDV   51   50  0.8514E-11  0.8511E-11
CALSDV   52   50  0.8982E-11  0.8985E-11
CALSDV   53   50  0.6241E-11  0.6252E-11
CALSDV   54   50  0.6178E-11  0.6193E-11
CALSDV   55   50  0.6931E-11  0.6940E-11
CALSDV   56   50  0.5433E-11  0.5450E-11
CALSDV   57   50  0.6655E-11  0.6660E-11
CALSDV   58   50  0.6051E-11  0.6061E-11
CALSDV   59   50  0.5825E-11  0.5829E-11
CALSDV   60   50  0.5858E-11  0.5862E-11
CALSDV   51   51  0.4744E-11  0.4715E-11
CALSDV   52   51  0.8501E-11  0.8481E-11
CALSDV   53   51  0.8585E-11  0.8574E-11
CALSDV   54   51  0.6529E-11  0.6523E-11
CALSDV   55   51  0.5850E-11  0.5854E-11
CALSDV   56   51  0.7337E-11  0.7311E-11
CALSDV   57   51  0.5622E-11  0.5626E-11
CALSDV   58   51  0.6977E-11  0.6949E-11
CALSDV   59   51  0.5783E-11  0.5784E-11
CALSDV   60   51  0.6065E-11  0.6047E-11
CALSDV   52   52  0.4579E-11  0.4638E-11
CALSDV   53   52  0.8827E-11  0.8800E-11
CALSDV   54   52  0.8951E-11  0.8958E-11
CALSDV   55   52  0.6555E-11  0.6575E-11
CALSDV   56   52  0.5956E-11  0.5951E-11
CALSDV   57   52  0.7314E-11  0.7312E-11
CALSDV   58   52  0.5799E-11  0.5791E-11
CALSDV   59   52  0.6532E-11  0.6528E-11
CALSDV   60   52  0.6049E-11  0.6049E-11
CALSDV   53   53  0.4229E-11  0.4267E-11
CALSDV   54   53  0.8826E-11  0.8817E-11
CALSDV   55   53  0.8335E-11  0.8354E-11
CALSDV   56   53  0.6908E-11  0.6912E-11
CALSDV   57   53  0.5783E-11  0.5793E-11
CALSDV   58   53  0.7651E-11  0.7645E-11
CALSDV   59   53  0.5880E-11  0.5881E-11
CALSDV   60   53  0.6769E-11  0.6769E-11
CALSDV   54   54  0.4373E-11  0.4385E-11
CALSDV   55   54  0.8434E-11  0.8446E-11
CALSDV   56   54  0.8566E-11  0.8558E-11
CALSDV   57   54  0.6974E-11  0.6962E-11
CALSDV   58   54  0.5815E-11  0.5817E-11
CALSDV   59   54  0.7221E-11  0.7237E-11
CALSDV   60   54  0.6104E-11  0.6104E-11
CALSDV   55   55  0.4760E-11  0.4724E-11
CALSDV   56   55  0.8721E-11  0.8725E-11
CALSDV   57   55  0.8300E-11  0.8309E-11
CALSDV   58   55  0.7630E-11  0.7659E-11
CALSDV   59   55  0.6485E-11  0.6472E-11
CALSDV   60   55  0.7850E-11  0.7875E-11
CALSDV   56   56  0.4790E-11  0.4791E-11
CALSDV   57   56  0.7653E-11  0.7660E-11
CALSDV   58   56  0.8472E-11  0.8519E-11
CALSDV   59   56  0.7830E-11  0.7842E-11
CALSDV   60   56  0.6566E-11  0.6604E-11
CALSDV   57   57  0.5580E-11  0.5545E-11
CALSDV   58   57  0.7795E-11  0.7807E-11
CALSDV   59   57  0.9241E-11  0.9226E-11
CALSDV   60   57  0.8215E-11  0.8217E-11
CALSDV   58   58  0.5588E-11  0.5602E-11
CALSDV   59   58  0.6815E-11  0.6958E-11
CALSDV   60   58  0.9552E-11  0.9526E-11
CALSDV   59   59  0.4656E-11  0.4597E-11
CALSDV   60   59  0.7928E-11  0.7964E-11
CALSDV   60   60  0.6527E-11  0.6516E-11
