  This file contains calibrated standard deviations 
       The relevant data lines start with key CALSDV 
       Each such line contains the following data 
           N   M   C_SIGMA   S_SIGMA 
                 FOR M=0 S_SIGMA=0.0 
     
CALSDV    0    0  0.0000E+00  0.0000E+00
CALSDV    1    0  0.0000E+00  0.0000E+00
CALSDV    2    0  0.1052E-09  0.0000E+00
CALSDV    3    0  0.1088E-10  0.0000E+00
CALSDV    4    0  0.4560E-11  0.0000E+00
CALSDV    5    0  0.2872E-11  0.0000E+00
CALSDV    6    0  0.2210E-11  0.0000E+00
CALSDV    7    0  0.1766E-11  0.0000E+00
CALSDV    8    0  0.1489E-11  0.0000E+00
CALSDV    9    0  0.1302E-11  0.0000E+00
CALSDV   10    0  0.1152E-11  0.0000E+00
CALSDV   11    0  0.1048E-11  0.0000E+00
CALSDV   12    0  0.9659E-12  0.0000E+00
CALSDV   13    0  0.8986E-12  0.0000E+00
CALSDV   14    0  0.8507E-12  0.0000E+00
CALSDV   15    0  0.8076E-12  0.0000E+00
CALSDV   16    0  0.7758E-12  0.0000E+00
CALSDV   17    0  0.7500E-12  0.0000E+00
CALSDV   18    0  0.7284E-12  0.0000E+00
CALSDV   19    0  0.7126E-12  0.0000E+00
CALSDV   20    0  0.7010E-12  0.0000E+00
CALSDV   21    0  0.6911E-12  0.0000E+00
CALSDV   22    0  0.6855E-12  0.0000E+00
CALSDV   23    0  0.6818E-12  0.0000E+00
CALSDV   24    0  0.6801E-12  0.0000E+00
CALSDV   25    0  0.6818E-12  0.0000E+00
CALSDV   26    0  0.6839E-12  0.0000E+00
CALSDV   27    0  0.6890E-12  0.0000E+00
CALSDV   28    0  0.6954E-12  0.0000E+00
CALSDV   29    0  0.7029E-12  0.0000E+00
CALSDV   30    0  0.7135E-12  0.0000E+00
CALSDV   31    0  0.7244E-12  0.0000E+00
CALSDV   32    0  0.7372E-12  0.0000E+00
CALSDV   33    0  0.7521E-12  0.0000E+00
CALSDV   34    0  0.7672E-12  0.0000E+00
CALSDV   35    0  0.7852E-12  0.0000E+00
CALSDV   36    0  0.8042E-12  0.0000E+00
CALSDV   37    0  0.8247E-12  0.0000E+00
CALSDV   38    0  0.8476E-12  0.0000E+00
CALSDV   39    0  0.8716E-12  0.0000E+00
CALSDV   40    0  0.8975E-12  0.0000E+00
CALSDV   41    0  0.9258E-12  0.0000E+00
CALSDV   42    0  0.9550E-12  0.0000E+00
CALSDV   43    0  0.9870E-12  0.0000E+00
CALSDV   44    0  0.1021E-11  0.0000E+00
CALSDV   45    0  0.1056E-11  0.0000E+00
CALSDV   46    0  0.1095E-11  0.0000E+00
CALSDV   47    0  0.1135E-11  0.0000E+00
CALSDV   48    0  0.1179E-11  0.0000E+00
CALSDV   49    0  0.1224E-11  0.0000E+00
CALSDV   50    0  0.1273E-11  0.0000E+00
CALSDV   51    0  0.1324E-11  0.0000E+00
CALSDV   52    0  0.1379E-11  0.0000E+00
CALSDV   53    0  0.1436E-11  0.0000E+00
CALSDV   54    0  0.1498E-11  0.0000E+00
CALSDV   55    0  0.1561E-11  0.0000E+00
CALSDV   56    0  0.1630E-11  0.0000E+00
CALSDV   57    0  0.1695E-11  0.0000E+00
CALSDV   58    0  0.1770E-11  0.0000E+00
CALSDV   59    0  0.1665E-11  0.0000E+00
CALSDV   60    0  0.1734E-11  0.0000E+00
CALSDV    1    1  0.0000E+00  0.0000E+00
CALSDV    2    1  0.3338E-10  0.3210E-10
CALSDV    3    1  0.9727E-11  0.9472E-11
CALSDV    4    1  0.4595E-11  0.4579E-11
CALSDV    5    1  0.3085E-11  0.3076E-11
CALSDV    6    1  0.2284E-11  0.2290E-11
CALSDV    7    1  0.1837E-11  0.1839E-11
CALSDV    8    1  0.1540E-11  0.1543E-11
CALSDV    9    1  0.1324E-11  0.1329E-11
CALSDV   10    1  0.1182E-11  0.1186E-11
CALSDV   11    1  0.1065E-11  0.1069E-11
CALSDV   12    1  0.9789E-12  0.9819E-12
CALSDV   13    1  0.9137E-12  0.9164E-12
CALSDV   14    1  0.8570E-12  0.8604E-12
CALSDV   15    1  0.8167E-12  0.8196E-12
CALSDV   16    1  0.7820E-12  0.7850E-12
CALSDV   17    1  0.7544E-12  0.7572E-12
CALSDV   18    1  0.7341E-12  0.7366E-12
CALSDV   19    1  0.7167E-12  0.7195E-12
CALSDV   20    1  0.7033E-12  0.7058E-12
CALSDV   21    1  0.6948E-12  0.6974E-12
CALSDV   22    1  0.6875E-12  0.6901E-12
CALSDV   23    1  0.6841E-12  0.6863E-12
CALSDV   24    1  0.6829E-12  0.6855E-12
CALSDV   25    1  0.6827E-12  0.6851E-12
CALSDV   26    1  0.6861E-12  0.6884E-12
CALSDV   27    1  0.6902E-12  0.6928E-12
CALSDV   28    1  0.6963E-12  0.6987E-12
CALSDV   29    1  0.7049E-12  0.7075E-12
CALSDV   30    1  0.7138E-12  0.7163E-12
CALSDV   31    1  0.7254E-12  0.7279E-12
CALSDV   32    1  0.7381E-12  0.7407E-12
CALSDV   33    1  0.7523E-12  0.7548E-12
CALSDV   34    1  0.7684E-12  0.7709E-12
CALSDV   35    1  0.7857E-12  0.7883E-12
CALSDV   36    1  0.8045E-12  0.8071E-12
CALSDV   37    1  0.8256E-12  0.8282E-12
CALSDV   38    1  0.8476E-12  0.8504E-12
CALSDV   39    1  0.8719E-12  0.8747E-12
CALSDV   40    1  0.8980E-12  0.9009E-12
CALSDV   41    1  0.9253E-12  0.9283E-12
CALSDV   42    1  0.9556E-12  0.9585E-12
CALSDV   43    1  0.9868E-12  0.9899E-12
CALSDV   44    1  0.1021E-11  0.1024E-11
CALSDV   45    1  0.1057E-11  0.1060E-11
CALSDV   46    1  0.1095E-11  0.1098E-11
CALSDV   47    1  0.1136E-11  0.1139E-11
CALSDV   48    1  0.1179E-11  0.1182E-11
CALSDV   49    1  0.1224E-11  0.1227E-11
CALSDV   50    1  0.1273E-11  0.1276E-11
CALSDV   51    1  0.1324E-11  0.1327E-11
CALSDV   52    1  0.1378E-11  0.1382E-11
CALSDV   53    1  0.1436E-11  0.1439E-11
CALSDV   54    1  0.1497E-11  0.1501E-11
CALSDV   55    1  0.1561E-11  0.1565E-11
CALSDV   56    1  0.1629E-11  0.1634E-11
CALSDV   57    1  0.1695E-11  0.1699E-11
CALSDV   58    1  0.1769E-11  0.1774E-11
CALSDV   59    1  0.1667E-11  0.1672E-11
CALSDV   60    1  0.1736E-11  0.1741E-11
CALSDV    2    2  0.2501E-10  0.2400E-10
CALSDV    3    2  0.1334E-10  0.1354E-10
CALSDV    4    2  0.6350E-11  0.6382E-11
CALSDV    5    2  0.3857E-11  0.3864E-11
CALSDV    6    2  0.2800E-11  0.2805E-11
CALSDV    7    2  0.2132E-11  0.2135E-11
CALSDV    8    2  0.1750E-11  0.1752E-11
CALSDV    9    2  0.1482E-11  0.1486E-11
CALSDV   10    2  0.1292E-11  0.1293E-11
CALSDV   11    2  0.1153E-11  0.1155E-11
CALSDV   12    2  0.1051E-11  0.1052E-11
CALSDV   13    2  0.9660E-12  0.9677E-12
CALSDV   14    2  0.9076E-12  0.9081E-12
CALSDV   15    2  0.8547E-12  0.8556E-12
CALSDV   16    2  0.8162E-12  0.8168E-12
CALSDV   17    2  0.7847E-12  0.7851E-12
CALSDV   18    2  0.7589E-12  0.7597E-12
CALSDV   19    2  0.7395E-12  0.7398E-12
CALSDV   20    2  0.7246E-12  0.7252E-12
CALSDV   21    2  0.7125E-12  0.7128E-12
CALSDV   22    2  0.7050E-12  0.7055E-12
CALSDV   23    2  0.6993E-12  0.6998E-12
CALSDV   24    2  0.6964E-12  0.6966E-12
CALSDV   25    2  0.6968E-12  0.6974E-12
CALSDV   26    2  0.6977E-12  0.6979E-12
CALSDV   27    2  0.7017E-12  0.7022E-12
CALSDV   28    2  0.7078E-12  0.7081E-12
CALSDV   29    2  0.7145E-12  0.7148E-12
CALSDV   30    2  0.7240E-12  0.7245E-12
CALSDV   31    2  0.7347E-12  0.7349E-12
CALSDV   32    2  0.7467E-12  0.7470E-12
CALSDV   33    2  0.7612E-12  0.7615E-12
CALSDV   34    2  0.7763E-12  0.7766E-12
CALSDV   35    2  0.7938E-12  0.7942E-12
CALSDV   36    2  0.8126E-12  0.8128E-12
CALSDV   37    2  0.8329E-12  0.8333E-12
CALSDV   38    2  0.8554E-12  0.8556E-12
CALSDV   39    2  0.8792E-12  0.8795E-12
CALSDV   40    2  0.9049E-12  0.9051E-12
CALSDV   41    2  0.9329E-12  0.9332E-12
CALSDV   42    2  0.9620E-12  0.9621E-12
CALSDV   43    2  0.9940E-12  0.9943E-12
CALSDV   44    2  0.1028E-11  0.1028E-11
CALSDV   45    2  0.1063E-11  0.1063E-11
CALSDV   46    2  0.1102E-11  0.1102E-11
CALSDV   47    2  0.1142E-11  0.1142E-11
CALSDV   48    2  0.1185E-11  0.1185E-11
CALSDV   49    2  0.1231E-11  0.1231E-11
CALSDV   50    2  0.1279E-11  0.1279E-11
CALSDV   51    2  0.1331E-11  0.1331E-11
CALSDV   52    2  0.1385E-11  0.1386E-11
CALSDV   53    2  0.1442E-11  0.1443E-11
CALSDV   54    2  0.1504E-11  0.1504E-11
CALSDV   55    2  0.1568E-11  0.1568E-11
CALSDV   56    2  0.1637E-11  0.1637E-11
CALSDV   57    2  0.1704E-11  0.1704E-11
CALSDV   58    2  0.1778E-11  0.1779E-11
CALSDV   59    2  0.1692E-11  0.1691E-11
CALSDV   60    2  0.1760E-11  0.1759E-11
CALSDV    3    3  0.2914E-10  0.2913E-10
CALSDV    4    3  0.1166E-10  0.1173E-10
CALSDV    5    3  0.8033E-11  0.8008E-11
CALSDV    6    3  0.4158E-11  0.4167E-11
CALSDV    7    3  0.3835E-11  0.3823E-11
CALSDV    8    3  0.2354E-11  0.2360E-11
CALSDV    9    3  0.2298E-11  0.2290E-11
CALSDV   10    3  0.1619E-11  0.1623E-11
CALSDV   11    3  0.1602E-11  0.1599E-11
CALSDV   12    3  0.1243E-11  0.1246E-11
CALSDV   13    3  0.1239E-11  0.1239E-11
CALSDV   14    3  0.1031E-11  0.1032E-11
CALSDV   15    3  0.1031E-11  0.1031E-11
CALSDV   16    3  0.9048E-12  0.9060E-12
CALSDV   17    3  0.9035E-12  0.9037E-12
CALSDV   18    3  0.8250E-12  0.8259E-12
CALSDV   19    3  0.8247E-12  0.8257E-12
CALSDV   20    3  0.7737E-12  0.7746E-12
CALSDV   21    3  0.7775E-12  0.7785E-12
CALSDV   22    3  0.7440E-12  0.7452E-12
CALSDV   23    3  0.7491E-12  0.7504E-12
CALSDV   24    3  0.7292E-12  0.7304E-12
CALSDV   25    3  0.7354E-12  0.7365E-12
CALSDV   26    3  0.7252E-12  0.7265E-12
CALSDV   27    3  0.7342E-12  0.7355E-12
CALSDV   28    3  0.7301E-12  0.7315E-12
CALSDV   29    3  0.7423E-12  0.7437E-12
CALSDV   30    3  0.7432E-12  0.7448E-12
CALSDV   31    3  0.7579E-12  0.7594E-12
CALSDV   32    3  0.7644E-12  0.7660E-12
CALSDV   33    3  0.7807E-12  0.7824E-12
CALSDV   34    3  0.7924E-12  0.7941E-12
CALSDV   35    3  0.8113E-12  0.8132E-12
CALSDV   36    3  0.8268E-12  0.8284E-12
CALSDV   37    3  0.8492E-12  0.8511E-12
CALSDV   38    3  0.8680E-12  0.8698E-12
CALSDV   39    3  0.8936E-12  0.8955E-12
CALSDV   40    3  0.9171E-12  0.9191E-12
CALSDV   41    3  0.9454E-12  0.9474E-12
CALSDV   42    3  0.9737E-12  0.9758E-12
CALSDV   43    3  0.1006E-11  0.1008E-11
CALSDV   44    3  0.1038E-11  0.1040E-11
CALSDV   45    3  0.1075E-11  0.1077E-11
CALSDV   46    3  0.1111E-11  0.1114E-11
CALSDV   47    3  0.1153E-11  0.1155E-11
CALSDV   48    3  0.1195E-11  0.1197E-11
CALSDV   49    3  0.1241E-11  0.1244E-11
CALSDV   50    3  0.1289E-11  0.1292E-11
CALSDV   51    3  0.1341E-11  0.1343E-11
CALSDV   52    3  0.1395E-11  0.1397E-11
CALSDV   53    3  0.1453E-11  0.1456E-11
CALSDV   54    3  0.1513E-11  0.1517E-11
CALSDV   55    3  0.1579E-11  0.1582E-11
CALSDV   56    3  0.1647E-11  0.1650E-11
CALSDV   57    3  0.1717E-11  0.1720E-11
CALSDV   58    3  0.1792E-11  0.1796E-11
CALSDV   59    3  0.1734E-11  0.1737E-11
CALSDV   60    3  0.1802E-11  0.1805E-11
CALSDV    4    4  0.1336E-10  0.1320E-10
CALSDV    5    4  0.1222E-10  0.1199E-10
CALSDV    6    4  0.5129E-11  0.5116E-11
CALSDV    7    4  0.4451E-11  0.4433E-11
CALSDV    8    4  0.2829E-11  0.2815E-11
CALSDV    9    4  0.2443E-11  0.2444E-11
CALSDV   10    4  0.1872E-11  0.1856E-11
CALSDV   11    4  0.1658E-11  0.1661E-11
CALSDV   12    4  0.1405E-11  0.1394E-11
CALSDV   13    4  0.1279E-11  0.1280E-11
CALSDV   14    4  0.1147E-11  0.1140E-11
CALSDV   15    4  0.1068E-11  0.1069E-11
CALSDV   16    4  0.9881E-12  0.9825E-12
CALSDV   17    4  0.9414E-12  0.9420E-12
CALSDV   18    4  0.8898E-12  0.8860E-12
CALSDV   19    4  0.8605E-12  0.8607E-12
CALSDV   20    4  0.8279E-12  0.8251E-12
CALSDV   21    4  0.8095E-12  0.8095E-12
CALSDV   22    4  0.7891E-12  0.7867E-12
CALSDV   23    4  0.7793E-12  0.7792E-12
CALSDV   24    4  0.7670E-12  0.7651E-12
CALSDV   25    4  0.7644E-12  0.7643E-12
CALSDV   26    4  0.7580E-12  0.7566E-12
CALSDV   27    4  0.7605E-12  0.7603E-12
CALSDV   28    4  0.7602E-12  0.7590E-12
CALSDV   29    4  0.7657E-12  0.7656E-12
CALSDV   30    4  0.7710E-12  0.7701E-12
CALSDV   31    4  0.7802E-12  0.7801E-12
CALSDV   32    4  0.7889E-12  0.7880E-12
CALSDV   33    4  0.8026E-12  0.8024E-12
CALSDV   34    4  0.8148E-12  0.8140E-12
CALSDV   35    4  0.8318E-12  0.8315E-12
CALSDV   36    4  0.8482E-12  0.8476E-12
CALSDV   37    4  0.8682E-12  0.8678E-12
CALSDV   38    4  0.8884E-12  0.8879E-12
CALSDV   39    4  0.9121E-12  0.9118E-12
CALSDV   40    4  0.9359E-12  0.9354E-12
CALSDV   41    4  0.9636E-12  0.9633E-12
CALSDV   42    4  0.9913E-12  0.9907E-12
CALSDV   43    4  0.1023E-11  0.1023E-11
CALSDV   44    4  0.1056E-11  0.1055E-11
CALSDV   45    4  0.1091E-11  0.1091E-11
CALSDV   46    4  0.1129E-11  0.1128E-11
CALSDV   47    4  0.1169E-11  0.1168E-11
CALSDV   48    4  0.1211E-11  0.1211E-11
CALSDV   49    4  0.1257E-11  0.1257E-11
CALSDV   50    4  0.1305E-11  0.1304E-11
CALSDV   51    4  0.1357E-11  0.1356E-11
CALSDV   52    4  0.1411E-11  0.1410E-11
CALSDV   53    4  0.1469E-11  0.1468E-11
CALSDV   54    4  0.1530E-11  0.1530E-11
CALSDV   55    4  0.1595E-11  0.1595E-11
CALSDV   56    4  0.1664E-11  0.1663E-11
CALSDV   57    4  0.1736E-11  0.1736E-11
CALSDV   58    4  0.1811E-11  0.1811E-11
CALSDV   59    4  0.1779E-11  0.1778E-11
CALSDV   60    4  0.1848E-11  0.1847E-11
CALSDV    5    5  0.2084E-10  0.2091E-10
CALSDV    6    5  0.9190E-11  0.9194E-11
CALSDV    7    5  0.5831E-11  0.5836E-11
CALSDV    8    5  0.3669E-11  0.3684E-11
CALSDV    9    5  0.3387E-11  0.3386E-11
CALSDV   10    5  0.2267E-11  0.2278E-11
CALSDV   11    5  0.2313E-11  0.2312E-11
CALSDV   12    5  0.1691E-11  0.1697E-11
CALSDV   13    5  0.1737E-11  0.1737E-11
CALSDV   14    5  0.1371E-11  0.1376E-11
CALSDV   15    5  0.1394E-11  0.1395E-11
CALSDV   16    5  0.1171E-11  0.1174E-11
CALSDV   17    5  0.1178E-11  0.1179E-11
CALSDV   18    5  0.1038E-11  0.1040E-11
CALSDV   19    5  0.1039E-11  0.1040E-11
CALSDV   20    5  0.9486E-12  0.9502E-12
CALSDV   21    5  0.9482E-12  0.9491E-12
CALSDV   22    5  0.8882E-12  0.8891E-12
CALSDV   23    5  0.8878E-12  0.8889E-12
CALSDV   24    5  0.8511E-12  0.8520E-12
CALSDV   25    5  0.8517E-12  0.8527E-12
CALSDV   26    5  0.8298E-12  0.8307E-12
CALSDV   27    5  0.8324E-12  0.8333E-12
CALSDV   28    5  0.8207E-12  0.8217E-12
CALSDV   29    5  0.8272E-12  0.8281E-12
CALSDV   30    5  0.8228E-12  0.8237E-12
CALSDV   31    5  0.8322E-12  0.8332E-12
CALSDV   32    5  0.8352E-12  0.8361E-12
CALSDV   33    5  0.8470E-12  0.8477E-12
CALSDV   34    5  0.8560E-12  0.8571E-12
CALSDV   35    5  0.8708E-12  0.8716E-12
CALSDV   36    5  0.8844E-12  0.8854E-12
CALSDV   37    5  0.9031E-12  0.9041E-12
CALSDV   38    5  0.9211E-12  0.9220E-12
CALSDV   39    5  0.9432E-12  0.9444E-12
CALSDV   40    5  0.9661E-12  0.9670E-12
CALSDV   41    5  0.9912E-12  0.9924E-12
CALSDV   42    5  0.1019E-11  0.1020E-11
CALSDV   43    5  0.1049E-11  0.1050E-11
CALSDV   44    5  0.1081E-11  0.1082E-11
CALSDV   45    5  0.1115E-11  0.1116E-11
CALSDV   46    5  0.1152E-11  0.1153E-11
CALSDV   47    5  0.1191E-11  0.1192E-11
CALSDV   48    5  0.1233E-11  0.1235E-11
CALSDV   49    5  0.1277E-11  0.1279E-11
CALSDV   50    5  0.1326E-11  0.1327E-11
CALSDV   51    5  0.1375E-11  0.1377E-11
CALSDV   52    5  0.1430E-11  0.1432E-11
CALSDV   53    5  0.1487E-11  0.1489E-11
CALSDV   54    5  0.1548E-11  0.1550E-11
CALSDV   55    5  0.1613E-11  0.1615E-11
CALSDV   56    5  0.1682E-11  0.1684E-11
CALSDV   57    5  0.1754E-11  0.1756E-11
CALSDV   58    5  0.1831E-11  0.1833E-11
CALSDV   59    5  0.1818E-11  0.1820E-11
CALSDV   60    5  0.1890E-11  0.1892E-11
CALSDV    6    6  0.9988E-11  0.9982E-11
CALSDV    7    6  0.1089E-10  0.1084E-10
CALSDV    8    6  0.4838E-11  0.4842E-11
CALSDV    9    6  0.5074E-11  0.5061E-11
CALSDV   10    6  0.3125E-11  0.3120E-11
CALSDV   11    6  0.3014E-11  0.3009E-11
CALSDV   12    6  0.2169E-11  0.2163E-11
CALSDV   13    6  0.2080E-11  0.2078E-11
CALSDV   14    6  0.1636E-11  0.1634E-11
CALSDV   15    6  0.1596E-11  0.1594E-11
CALSDV   16    6  0.1328E-11  0.1327E-11
CALSDV   17    6  0.1317E-11  0.1315E-11
CALSDV   18    6  0.1139E-11  0.1139E-11
CALSDV   19    6  0.1144E-11  0.1142E-11
CALSDV   20    6  0.1021E-11  0.1022E-11
CALSDV   21    6  0.1032E-11  0.1028E-11
CALSDV   22    6  0.9485E-12  0.9474E-12
CALSDV   23    6  0.9588E-12  0.9574E-12
CALSDV   24    6  0.8997E-12  0.8988E-12
CALSDV   25    6  0.9137E-12  0.9129E-12
CALSDV   26    6  0.8733E-12  0.8722E-12
CALSDV   27    6  0.8882E-12  0.8859E-12
CALSDV   28    6  0.8608E-12  0.8600E-12
CALSDV   29    6  0.8764E-12  0.8744E-12
CALSDV   30    6  0.8608E-12  0.8597E-12
CALSDV   31    6  0.8773E-12  0.8757E-12
CALSDV   32    6  0.8710E-12  0.8692E-12
CALSDV   33    6  0.8894E-12  0.8878E-12
CALSDV   34    6  0.8895E-12  0.8878E-12
CALSDV   35    6  0.9105E-12  0.9086E-12
CALSDV   36    6  0.9168E-12  0.9150E-12
CALSDV   37    6  0.9398E-12  0.9376E-12
CALSDV   38    6  0.9528E-12  0.9509E-12
CALSDV   39    6  0.9780E-12  0.9759E-12
CALSDV   40    6  0.9958E-12  0.9938E-12
CALSDV   41    6  0.1025E-11  0.1023E-11
CALSDV   42    6  0.1047E-11  0.1045E-11
CALSDV   43    6  0.1080E-11  0.1078E-11
CALSDV   44    6  0.1109E-11  0.1107E-11
CALSDV   45    6  0.1145E-11  0.1142E-11
CALSDV   46    6  0.1179E-11  0.1177E-11
CALSDV   47    6  0.1219E-11  0.1217E-11
CALSDV   48    6  0.1260E-11  0.1257E-11
CALSDV   49    6  0.1305E-11  0.1302E-11
CALSDV   50    6  0.1351E-11  0.1348E-11
CALSDV   51    6  0.1402E-11  0.1399E-11
CALSDV   52    6  0.1455E-11  0.1452E-11
CALSDV   53    6  0.1513E-11  0.1510E-11
CALSDV   54    6  0.1573E-11  0.1570E-11
CALSDV   55    6  0.1638E-11  0.1635E-11
CALSDV   56    6  0.1706E-11  0.1702E-11
CALSDV   57    6  0.1781E-11  0.1777E-11
CALSDV   58    6  0.1857E-11  0.1853E-11
CALSDV   59    6  0.1867E-11  0.1863E-11
CALSDV   60    6  0.1936E-11  0.1933E-11
CALSDV    7    7  0.1370E-10  0.1389E-10
CALSDV    8    7  0.8540E-11  0.8586E-11
CALSDV    9    7  0.5120E-11  0.5145E-11
CALSDV   10    7  0.3591E-11  0.3609E-11
CALSDV   11    7  0.3119E-11  0.3135E-11
CALSDV   12    7  0.2175E-11  0.2182E-11
CALSDV   13    7  0.2155E-11  0.2165E-11
CALSDV   14    7  0.1693E-11  0.1700E-11
CALSDV   15    7  0.1640E-11  0.1649E-11
CALSDV   16    7  0.1460E-11  0.1462E-11
CALSDV   17    7  0.1356E-11  0.1357E-11
CALSDV   18    7  0.1304E-11  0.1305E-11
CALSDV   19    7  0.1176E-11  0.1183E-11
CALSDV   20    7  0.1188E-11  0.1189E-11
CALSDV   21    7  0.1068E-11  0.1072E-11
CALSDV   22    7  0.1104E-11  0.1105E-11
CALSDV   23    7  0.9982E-12  0.1005E-11
CALSDV   24    7  0.1042E-11  0.1042E-11
CALSDV   25    7  0.9527E-12  0.9562E-12
CALSDV   26    7  0.1000E-11  0.9995E-12
CALSDV   27    7  0.9292E-12  0.9306E-12
CALSDV   28    7  0.9727E-12  0.9725E-12
CALSDV   29    7  0.9178E-12  0.9192E-12
CALSDV   30    7  0.9588E-12  0.9589E-12
CALSDV   31    7  0.9175E-12  0.9183E-12
CALSDV   32    7  0.9574E-12  0.9576E-12
CALSDV   33    7  0.9284E-12  0.9290E-12
CALSDV   34    7  0.9667E-12  0.9667E-12
CALSDV   35    7  0.9474E-12  0.9475E-12
CALSDV   36    7  0.9849E-12  0.9850E-12
CALSDV   37    7  0.9755E-12  0.9757E-12
CALSDV   38    7  0.1013E-11  0.1013E-11
CALSDV   39    7  0.1012E-11  0.1013E-11
CALSDV   40    7  0.1051E-11  0.1051E-11
CALSDV   41    7  0.1057E-11  0.1057E-11
CALSDV   42    7  0.1097E-11  0.1097E-11
CALSDV   43    7  0.1110E-11  0.1111E-11
CALSDV   44    7  0.1153E-11  0.1153E-11
CALSDV   45    7  0.1174E-11  0.1174E-11
CALSDV   46    7  0.1219E-11  0.1219E-11
CALSDV   47    7  0.1247E-11  0.1247E-11
CALSDV   48    7  0.1296E-11  0.1296E-11
CALSDV   49    7  0.1331E-11  0.1331E-11
CALSDV   50    7  0.1385E-11  0.1385E-11
CALSDV   51    7  0.1426E-11  0.1426E-11
CALSDV   52    7  0.1485E-11  0.1485E-11
CALSDV   53    7  0.1536E-11  0.1536E-11
CALSDV   54    7  0.1601E-11  0.1600E-11
CALSDV   55    7  0.1660E-11  0.1660E-11
CALSDV   56    7  0.1732E-11  0.1732E-11
CALSDV   57    7  0.1802E-11  0.1801E-11
CALSDV   58    7  0.1882E-11  0.1882E-11
CALSDV   59    7  0.1903E-11  0.1903E-11
CALSDV   60    7  0.1979E-11  0.1980E-11
CALSDV    8    8  0.7756E-11  0.7641E-11
CALSDV    9    8  0.7585E-11  0.7662E-11
CALSDV   10    8  0.4631E-11  0.4648E-11
CALSDV   11    8  0.4009E-11  0.4037E-11
CALSDV   12    8  0.3392E-11  0.3385E-11
CALSDV   13    8  0.2827E-11  0.2822E-11
CALSDV   14    8  0.2473E-11  0.2460E-11
CALSDV   15    8  0.2227E-11  0.2218E-11
CALSDV   16    8  0.1893E-11  0.1885E-11
CALSDV   17    8  0.1851E-11  0.1842E-11
CALSDV   18    8  0.1542E-11  0.1534E-11
CALSDV   19    8  0.1590E-11  0.1583E-11
CALSDV   20    8  0.1326E-11  0.1319E-11
CALSDV   21    8  0.1405E-11  0.1398E-11
CALSDV   22    8  0.1191E-11  0.1185E-11
CALSDV   23    8  0.1272E-11  0.1268E-11
CALSDV   24    8  0.1104E-11  0.1102E-11
CALSDV   25    8  0.1179E-11  0.1175E-11
CALSDV   26    8  0.1048E-11  0.1046E-11
CALSDV   27    8  0.1114E-11  0.1112E-11
CALSDV   28    8  0.1017E-11  0.1016E-11
CALSDV   29    8  0.1072E-11  0.1071E-11
CALSDV   30    8  0.1002E-11  0.1001E-11
CALSDV   31    8  0.1049E-11  0.1048E-11
CALSDV   32    8  0.9983E-12  0.9986E-12
CALSDV   33    8  0.1041E-11  0.1040E-11
CALSDV   34    8  0.1007E-11  0.1008E-11
CALSDV   35    8  0.1045E-11  0.1045E-11
CALSDV   36    8  0.1026E-11  0.1027E-11
CALSDV   37    8  0.1060E-11  0.1061E-11
CALSDV   38    8  0.1053E-11  0.1054E-11
CALSDV   39    8  0.1087E-11  0.1088E-11
CALSDV   40    8  0.1090E-11  0.1092E-11
CALSDV   41    8  0.1123E-11  0.1125E-11
CALSDV   42    8  0.1135E-11  0.1137E-11
CALSDV   43    8  0.1171E-11  0.1173E-11
CALSDV   44    8  0.1190E-11  0.1193E-11
CALSDV   45    8  0.1227E-11  0.1229E-11
CALSDV   46    8  0.1256E-11  0.1258E-11
CALSDV   47    8  0.1295E-11  0.1297E-11
CALSDV   48    8  0.1331E-11  0.1333E-11
CALSDV   49    8  0.1375E-11  0.1378E-11
CALSDV   50    8  0.1418E-11  0.1421E-11
CALSDV   51    8  0.1466E-11  0.1469E-11
CALSDV   52    8  0.1517E-11  0.1520E-11
CALSDV   53    8  0.1572E-11  0.1576E-11
CALSDV   54    8  0.1631E-11  0.1635E-11
CALSDV   55    8  0.1693E-11  0.1697E-11
CALSDV   56    8  0.1760E-11  0.1764E-11
CALSDV   57    8  0.1833E-11  0.1837E-11
CALSDV   58    8  0.1910E-11  0.1914E-11
CALSDV   59    8  0.1954E-11  0.1957E-11
CALSDV   60    8  0.2026E-11  0.2030E-11
CALSDV    9    9  0.9365E-11  0.9338E-11
CALSDV   10    9  0.7995E-11  0.7981E-11
CALSDV   11    9  0.4833E-11  0.4830E-11
CALSDV   12    9  0.3755E-11  0.3755E-11
CALSDV   13    9  0.3264E-11  0.3256E-11
CALSDV   14    9  0.2341E-11  0.2341E-11
CALSDV   15    9  0.2266E-11  0.2260E-11
CALSDV   16    9  0.1833E-11  0.1829E-11
CALSDV   17    9  0.1690E-11  0.1686E-11
CALSDV   18    9  0.1591E-11  0.1589E-11
CALSDV   19    9  0.1381E-11  0.1382E-11
CALSDV   20    9  0.1437E-11  0.1435E-11
CALSDV   21    9  0.1216E-11  0.1216E-11
CALSDV   22    9  0.1324E-11  0.1321E-11
CALSDV   23    9  0.1123E-11  0.1123E-11
CALSDV   24    9  0.1240E-11  0.1238E-11
CALSDV   25    9  0.1077E-11  0.1076E-11
CALSDV   26    9  0.1179E-11  0.1178E-11
CALSDV   27    9  0.1046E-11  0.1046E-11
CALSDV   28    9  0.1136E-11  0.1134E-11
CALSDV   29    9  0.1035E-11  0.1035E-11
CALSDV   30    9  0.1108E-11  0.1107E-11
CALSDV   31    9  0.1034E-11  0.1036E-11
CALSDV   32    9  0.1095E-11  0.1093E-11
CALSDV   33    9  0.1041E-11  0.1041E-11
CALSDV   34    9  0.1093E-11  0.1092E-11
CALSDV   35    9  0.1058E-11  0.1059E-11
CALSDV   36    9  0.1102E-11  0.1102E-11
CALSDV   37    9  0.1082E-11  0.1083E-11
CALSDV   38    9  0.1122E-11  0.1122E-11
CALSDV   39    9  0.1114E-11  0.1115E-11
CALSDV   40    9  0.1153E-11  0.1152E-11
CALSDV   41    9  0.1155E-11  0.1156E-11
CALSDV   42    9  0.1192E-11  0.1193E-11
CALSDV   43    9  0.1204E-11  0.1205E-11
CALSDV   44    9  0.1243E-11  0.1243E-11
CALSDV   45    9  0.1262E-11  0.1263E-11
CALSDV   46    9  0.1303E-11  0.1303E-11
CALSDV   47    9  0.1331E-11  0.1332E-11
CALSDV   48    9  0.1375E-11  0.1375E-11
CALSDV   49    9  0.1410E-11  0.1411E-11
CALSDV   50    9  0.1459E-11  0.1460E-11
CALSDV   51    9  0.1500E-11  0.1501E-11
CALSDV   52    9  0.1554E-11  0.1555E-11
CALSDV   53    9  0.1605E-11  0.1606E-11
CALSDV   54    9  0.1666E-11  0.1667E-11
CALSDV   55    9  0.1724E-11  0.1725E-11
CALSDV   56    9  0.1792E-11  0.1793E-11
CALSDV   57    9  0.1863E-11  0.1864E-11
CALSDV   58    9  0.1940E-11  0.1941E-11
CALSDV   59    9  0.1994E-11  0.1996E-11
CALSDV   60    9  0.2067E-11  0.2068E-11
CALSDV   10   10  0.7920E-11  0.7975E-11
CALSDV   11   10  0.6424E-11  0.6386E-11
CALSDV   12   10  0.4361E-11  0.4364E-11
CALSDV   13   10  0.3267E-11  0.3267E-11
CALSDV   14   10  0.3481E-11  0.3481E-11
CALSDV   15   10  0.2491E-11  0.2498E-11
CALSDV   16   10  0.2714E-11  0.2715E-11
CALSDV   17   10  0.2194E-11  0.2199E-11
CALSDV   18   10  0.2178E-11  0.2180E-11
CALSDV   19   10  0.1972E-11  0.1976E-11
CALSDV   20   10  0.1833E-11  0.1836E-11
CALSDV   21   10  0.1780E-11  0.1784E-11
CALSDV   22   10  0.1609E-11  0.1613E-11
CALSDV   23   10  0.1621E-11  0.1624E-11
CALSDV   24   10  0.1459E-11  0.1462E-11
CALSDV   25   10  0.1497E-11  0.1500E-11
CALSDV   26   10  0.1362E-11  0.1366E-11
CALSDV   27   10  0.1401E-11  0.1403E-11
CALSDV   28   10  0.1294E-11  0.1297E-11
CALSDV   29   10  0.1330E-11  0.1332E-11
CALSDV   30   10  0.1251E-11  0.1254E-11
CALSDV   31   10  0.1280E-11  0.1281E-11
CALSDV   32   10  0.1226E-11  0.1229E-11
CALSDV   33   10  0.1249E-11  0.1251E-11
CALSDV   34   10  0.1214E-11  0.1216E-11
CALSDV   35   10  0.1233E-11  0.1235E-11
CALSDV   36   10  0.1215E-11  0.1218E-11
CALSDV   37   10  0.1232E-11  0.1233E-11
CALSDV   38   10  0.1229E-11  0.1230E-11
CALSDV   39   10  0.1244E-11  0.1245E-11
CALSDV   40   10  0.1251E-11  0.1252E-11
CALSDV   41   10  0.1267E-11  0.1268E-11
CALSDV   42   10  0.1284E-11  0.1286E-11
CALSDV   43   10  0.1303E-11  0.1303E-11
CALSDV   44   10  0.1329E-11  0.1329E-11
CALSDV   45   10  0.1348E-11  0.1349E-11
CALSDV   46   10  0.1382E-11  0.1383E-11
CALSDV   47   10  0.1406E-11  0.1407E-11
CALSDV   48   10  0.1448E-11  0.1449E-11
CALSDV   49   10  0.1477E-11  0.1478E-11
CALSDV   50   10  0.1525E-11  0.1526E-11
CALSDV   51   10  0.1559E-11  0.1561E-11
CALSDV   52   10  0.1615E-11  0.1616E-11
CALSDV   53   10  0.1658E-11  0.1659E-11
CALSDV   54   10  0.1722E-11  0.1723E-11
CALSDV   55   10  0.1770E-11  0.1771E-11
CALSDV   56   10  0.1842E-11  0.1843E-11
CALSDV   57   10  0.1905E-11  0.1906E-11
CALSDV   58   10  0.1985E-11  0.1987E-11
CALSDV   59   10  0.2049E-11  0.2050E-11
CALSDV   60   10  0.2129E-11  0.2130E-11
CALSDV   11   11  0.6867E-11  0.6824E-11
CALSDV   12   11  0.7493E-11  0.7505E-11
CALSDV   13   11  0.4551E-11  0.4544E-11
CALSDV   14   11  0.4030E-11  0.4055E-11
CALSDV   15   11  0.3439E-11  0.3445E-11
CALSDV   16   11  0.2745E-11  0.2759E-11
CALSDV   17   11  0.2468E-11  0.2473E-11
CALSDV   18   11  0.2162E-11  0.2172E-11
CALSDV   19   11  0.1840E-11  0.1846E-11
CALSDV   20   11  0.1830E-11  0.1837E-11
CALSDV   21   11  0.1491E-11  0.1494E-11
CALSDV   22   11  0.1609E-11  0.1614E-11
CALSDV   23   11  0.1316E-11  0.1319E-11
CALSDV   24   11  0.1457E-11  0.1461E-11
CALSDV   25   11  0.1229E-11  0.1230E-11
CALSDV   26   11  0.1352E-11  0.1353E-11
CALSDV   27   11  0.1196E-11  0.1197E-11
CALSDV   28   11  0.1281E-11  0.1282E-11
CALSDV   29   11  0.1181E-11  0.1181E-11
CALSDV   30   11  0.1236E-11  0.1236E-11
CALSDV   31   11  0.1181E-11  0.1180E-11
CALSDV   32   11  0.1211E-11  0.1211E-11
CALSDV   33   11  0.1190E-11  0.1190E-11
CALSDV   34   11  0.1204E-11  0.1203E-11
CALSDV   35   11  0.1203E-11  0.1203E-11
CALSDV   36   11  0.1208E-11  0.1207E-11
CALSDV   37   11  0.1226E-11  0.1225E-11
CALSDV   38   11  0.1225E-11  0.1224E-11
CALSDV   39   11  0.1255E-11  0.1254E-11
CALSDV   40   11  0.1253E-11  0.1251E-11
CALSDV   41   11  0.1289E-11  0.1288E-11
CALSDV   42   11  0.1291E-11  0.1289E-11
CALSDV   43   11  0.1333E-11  0.1333E-11
CALSDV   44   11  0.1339E-11  0.1337E-11
CALSDV   45   11  0.1386E-11  0.1385E-11
CALSDV   46   11  0.1396E-11  0.1395E-11
CALSDV   47   11  0.1446E-11  0.1445E-11
CALSDV   48   11  0.1465E-11  0.1463E-11
CALSDV   49   11  0.1519E-11  0.1518E-11
CALSDV   50   11  0.1546E-11  0.1545E-11
CALSDV   51   11  0.1600E-11  0.1599E-11
CALSDV   52   11  0.1638E-11  0.1636E-11
CALSDV   53   11  0.1698E-11  0.1697E-11
CALSDV   54   11  0.1744E-11  0.1743E-11
CALSDV   55   11  0.1809E-11  0.1807E-11
CALSDV   56   11  0.1866E-11  0.1865E-11
CALSDV   57   11  0.1940E-11  0.1939E-11
CALSDV   58   11  0.2010E-11  0.2008E-11
CALSDV   59   11  0.2092E-11  0.2091E-11
CALSDV   60   11  0.2156E-11  0.2155E-11
CALSDV   12   12  0.6962E-11  0.6867E-11
CALSDV   13   12  0.6328E-11  0.6321E-11
CALSDV   14   12  0.4202E-11  0.4218E-11
CALSDV   15   12  0.3142E-11  0.3152E-11
CALSDV   16   12  0.3333E-11  0.3340E-11
CALSDV   17   12  0.2352E-11  0.2359E-11
CALSDV   18   12  0.2583E-11  0.2581E-11
CALSDV   19   12  0.2145E-11  0.2152E-11
CALSDV   20   12  0.2099E-11  0.2098E-11
CALSDV   21   12  0.2000E-11  0.2005E-11
CALSDV   22   12  0.1832E-11  0.1829E-11
CALSDV   23   12  0.1858E-11  0.1862E-11
CALSDV   24   12  0.1682E-11  0.1680E-11
CALSDV   25   12  0.1729E-11  0.1733E-11
CALSDV   26   12  0.1585E-11  0.1584E-11
CALSDV   27   12  0.1623E-11  0.1627E-11
CALSDV   28   12  0.1531E-11  0.1531E-11
CALSDV   29   12  0.1539E-11  0.1543E-11
CALSDV   30   12  0.1491E-11  0.1491E-11
CALSDV   31   12  0.1477E-11  0.1479E-11
CALSDV   32   12  0.1464E-11  0.1464E-11
CALSDV   33   12  0.1433E-11  0.1436E-11
CALSDV   34   12  0.1449E-11  0.1449E-11
CALSDV   35   12  0.1408E-11  0.1410E-11
CALSDV   36   12  0.1441E-11  0.1441E-11
CALSDV   37   12  0.1397E-11  0.1398E-11
CALSDV   38   12  0.1443E-11  0.1444E-11
CALSDV   39   12  0.1399E-11  0.1400E-11
CALSDV   40   12  0.1457E-11  0.1457E-11
CALSDV   41   12  0.1414E-11  0.1415E-11
CALSDV   42   12  0.1476E-11  0.1477E-11
CALSDV   43   12  0.1442E-11  0.1443E-11
CALSDV   44   12  0.1509E-11  0.1509E-11
CALSDV   45   12  0.1480E-11  0.1480E-11
CALSDV   46   12  0.1551E-11  0.1551E-11
CALSDV   47   12  0.1530E-11  0.1530E-11
CALSDV   48   12  0.1602E-11  0.1602E-11
CALSDV   49   12  0.1592E-11  0.1593E-11
CALSDV   50   12  0.1667E-11  0.1668E-11
CALSDV   51   12  0.1666E-11  0.1666E-11
CALSDV   52   12  0.1743E-11  0.1743E-11
CALSDV   53   12  0.1756E-11  0.1756E-11
CALSDV   54   12  0.1836E-11  0.1836E-11
CALSDV   55   12  0.1859E-11  0.1859E-11
CALSDV   56   12  0.1945E-11  0.1945E-11
CALSDV   57   12  0.1984E-11  0.1984E-11
CALSDV   58   12  0.2076E-11  0.2076E-11
CALSDV   59   12  0.2143E-11  0.2143E-11
CALSDV   60   12  0.2236E-11  0.2236E-11
CALSDV   13   13  0.5873E-11  0.5855E-11
CALSDV   14   13  0.6277E-11  0.6291E-11
CALSDV   15   13  0.4381E-11  0.4374E-11
CALSDV   16   13  0.3541E-11  0.3543E-11
CALSDV   17   13  0.3596E-11  0.3585E-11
CALSDV   18   13  0.2696E-11  0.2698E-11
CALSDV   19   13  0.2674E-11  0.2659E-11
CALSDV   20   13  0.2289E-11  0.2288E-11
CALSDV   21   13  0.2022E-11  0.2006E-11
CALSDV   22   13  0.1990E-11  0.1990E-11
CALSDV   23   13  0.1640E-11  0.1627E-11
CALSDV   24   13  0.1753E-11  0.1755E-11
CALSDV   25   13  0.1450E-11  0.1441E-11
CALSDV   26   13  0.1578E-11  0.1579E-11
CALSDV   27   13  0.1361E-11  0.1354E-11
CALSDV   28   13  0.1454E-11  0.1456E-11
CALSDV   29   13  0.1335E-11  0.1331E-11
CALSDV   30   13  0.1375E-11  0.1376E-11
CALSDV   31   13  0.1333E-11  0.1329E-11
CALSDV   32   13  0.1329E-11  0.1330E-11
CALSDV   33   13  0.1340E-11  0.1337E-11
CALSDV   34   13  0.1309E-11  0.1310E-11
CALSDV   35   13  0.1357E-11  0.1355E-11
CALSDV   36   13  0.1310E-11  0.1311E-11
CALSDV   37   13  0.1378E-11  0.1377E-11
CALSDV   38   13  0.1326E-11  0.1326E-11
CALSDV   39   13  0.1405E-11  0.1404E-11
CALSDV   40   13  0.1354E-11  0.1354E-11
CALSDV   41   13  0.1438E-11  0.1437E-11
CALSDV   42   13  0.1393E-11  0.1393E-11
CALSDV   43   13  0.1477E-11  0.1476E-11
CALSDV   44   13  0.1443E-11  0.1442E-11
CALSDV   45   13  0.1524E-11  0.1522E-11
CALSDV   46   13  0.1501E-11  0.1500E-11
CALSDV   47   13  0.1579E-11  0.1577E-11
CALSDV   48   13  0.1569E-11  0.1567E-11
CALSDV   49   13  0.1643E-11  0.1641E-11
CALSDV   50   13  0.1647E-11  0.1647E-11
CALSDV   51   13  0.1716E-11  0.1715E-11
CALSDV   52   13  0.1735E-11  0.1735E-11
CALSDV   53   13  0.1804E-11  0.1803E-11
CALSDV   54   13  0.1838E-11  0.1837E-11
CALSDV   55   13  0.1904E-11  0.1903E-11
CALSDV   56   13  0.1953E-11  0.1952E-11
CALSDV   57   13  0.2026E-11  0.2024E-11
CALSDV   58   13  0.2090E-11  0.2088E-11
CALSDV   59   13  0.2188E-11  0.2186E-11
CALSDV   60   13  0.2250E-11  0.2248E-11
CALSDV   14   14  0.5086E-11  0.5108E-11
CALSDV   15   14  0.6833E-11  0.6774E-11
CALSDV   16   14  0.4174E-11  0.4178E-11
CALSDV   17   14  0.3527E-11  0.3500E-11
CALSDV   18   14  0.3429E-11  0.3428E-11
CALSDV   19   14  0.2502E-11  0.2505E-11
CALSDV   20   14  0.2560E-11  0.2555E-11
CALSDV   21   14  0.2225E-11  0.2229E-11
CALSDV   22   14  0.1997E-11  0.1993E-11
CALSDV   23   14  0.2084E-11  0.2082E-11
CALSDV   24   14  0.1725E-11  0.1722E-11
CALSDV   25   14  0.1960E-11  0.1954E-11
CALSDV   26   14  0.1628E-11  0.1624E-11
CALSDV   27   14  0.1852E-11  0.1841E-11
CALSDV   28   14  0.1594E-11  0.1591E-11
CALSDV   29   14  0.1760E-11  0.1747E-11
CALSDV   30   14  0.1598E-11  0.1596E-11
CALSDV   31   14  0.1688E-11  0.1677E-11
CALSDV   32   14  0.1606E-11  0.1605E-11
CALSDV   33   14  0.1637E-11  0.1626E-11
CALSDV   34   14  0.1614E-11  0.1613E-11
CALSDV   35   14  0.1602E-11  0.1591E-11
CALSDV   36   14  0.1625E-11  0.1624E-11
CALSDV   37   14  0.1584E-11  0.1574E-11
CALSDV   38   14  0.1636E-11  0.1636E-11
CALSDV   39   14  0.1579E-11  0.1569E-11
CALSDV   40   14  0.1651E-11  0.1650E-11
CALSDV   41   14  0.1586E-11  0.1578E-11
CALSDV   42   14  0.1671E-11  0.1671E-11
CALSDV   43   14  0.1606E-11  0.1600E-11
CALSDV   44   14  0.1698E-11  0.1697E-11
CALSDV   45   14  0.1637E-11  0.1631E-11
CALSDV   46   14  0.1732E-11  0.1731E-11
CALSDV   47   14  0.1678E-11  0.1673E-11
CALSDV   48   14  0.1775E-11  0.1775E-11
CALSDV   49   14  0.1732E-11  0.1728E-11
CALSDV   50   14  0.1828E-11  0.1827E-11
CALSDV   51   14  0.1795E-11  0.1792E-11
CALSDV   52   14  0.1890E-11  0.1891E-11
CALSDV   53   14  0.1874E-11  0.1872E-11
CALSDV   54   14  0.1970E-11  0.1970E-11
CALSDV   55   14  0.1964E-11  0.1963E-11
CALSDV   56   14  0.2062E-11  0.2062E-11
CALSDV   57   14  0.2077E-11  0.2077E-11
CALSDV   58   14  0.2178E-11  0.2179E-11
CALSDV   59   14  0.2241E-11  0.2241E-11
CALSDV   60   14  0.2343E-11  0.2343E-11
CALSDV   15   15  0.6274E-11  0.6295E-11
CALSDV   16   15  0.6225E-11  0.6172E-11
CALSDV   17   15  0.4267E-11  0.4239E-11
CALSDV   18   15  0.3278E-11  0.3241E-11
CALSDV   19   15  0.3776E-11  0.3770E-11
CALSDV   20   15  0.2463E-11  0.2444E-11
CALSDV   21   15  0.3016E-11  0.3022E-11
CALSDV   22   15  0.2204E-11  0.2193E-11
CALSDV   23   15  0.2444E-11  0.2448E-11
CALSDV   24   15  0.2017E-11  0.2010E-11
CALSDV   25   15  0.2086E-11  0.2090E-11
CALSDV   26   15  0.1845E-11  0.1840E-11
CALSDV   27   15  0.1886E-11  0.1887E-11
CALSDV   28   15  0.1703E-11  0.1700E-11
CALSDV   29   15  0.1769E-11  0.1770E-11
CALSDV   30   15  0.1599E-11  0.1596E-11
CALSDV   31   15  0.1711E-11  0.1711E-11
CALSDV   32   15  0.1532E-11  0.1529E-11
CALSDV   33   15  0.1680E-11  0.1678E-11
CALSDV   34   15  0.1496E-11  0.1492E-11
CALSDV   35   15  0.1664E-11  0.1662E-11
CALSDV   36   15  0.1485E-11  0.1481E-11
CALSDV   37   15  0.1661E-11  0.1659E-11
CALSDV   38   15  0.1493E-11  0.1488E-11
CALSDV   39   15  0.1667E-11  0.1663E-11
CALSDV   40   15  0.1516E-11  0.1510E-11
CALSDV   41   15  0.1680E-11  0.1675E-11
CALSDV   42   15  0.1551E-11  0.1544E-11
CALSDV   43   15  0.1703E-11  0.1697E-11
CALSDV   44   15  0.1597E-11  0.1589E-11
CALSDV   45   15  0.1732E-11  0.1726E-11
CALSDV   46   15  0.1651E-11  0.1643E-11
CALSDV   47   15  0.1772E-11  0.1765E-11
CALSDV   48   15  0.1714E-11  0.1705E-11
CALSDV   49   15  0.1822E-11  0.1813E-11
CALSDV   50   15  0.1788E-11  0.1778E-11
CALSDV   51   15  0.1879E-11  0.1869E-11
CALSDV   52   15  0.1869E-11  0.1858E-11
CALSDV   53   15  0.1951E-11  0.1940E-11
CALSDV   54   15  0.1964E-11  0.1951E-11
CALSDV   55   15  0.2034E-11  0.2022E-11
CALSDV   56   15  0.2068E-11  0.2055E-11
CALSDV   57   15  0.2139E-11  0.2126E-11
CALSDV   58   15  0.2194E-11  0.2180E-11
CALSDV   59   15  0.2302E-11  0.2288E-11
CALSDV   60   15  0.2359E-11  0.2344E-11
CALSDV   16   16  0.4540E-11  0.4542E-11
CALSDV   17   16  0.6725E-11  0.6688E-11
CALSDV   18   16  0.4259E-11  0.4247E-11
CALSDV   19   16  0.3678E-11  0.3665E-11
CALSDV   20   16  0.3688E-11  0.3673E-11
CALSDV   21   16  0.2713E-11  0.2707E-11
CALSDV   22   16  0.2775E-11  0.2765E-11
CALSDV   23   16  0.2395E-11  0.2395E-11
CALSDV   24   16  0.2140E-11  0.2131E-11
CALSDV   25   16  0.2203E-11  0.2204E-11
CALSDV   26   16  0.1821E-11  0.1814E-11
CALSDV   27   16  0.2045E-11  0.2049E-11
CALSDV   28   16  0.1722E-11  0.1718E-11
CALSDV   29   16  0.1922E-11  0.1926E-11
CALSDV   30   16  0.1711E-11  0.1708E-11
CALSDV   31   16  0.1831E-11  0.1835E-11
CALSDV   32   16  0.1742E-11  0.1740E-11
CALSDV   33   16  0.1772E-11  0.1775E-11
CALSDV   34   16  0.1778E-11  0.1776E-11
CALSDV   35   16  0.1737E-11  0.1741E-11
CALSDV   36   16  0.1806E-11  0.1805E-11
CALSDV   37   16  0.1723E-11  0.1725E-11
CALSDV   38   16  0.1834E-11  0.1833E-11
CALSDV   39   16  0.1725E-11  0.1726E-11
CALSDV   40   16  0.1858E-11  0.1857E-11
CALSDV   41   16  0.1737E-11  0.1736E-11
CALSDV   42   16  0.1880E-11  0.1877E-11
CALSDV   43   16  0.1761E-11  0.1759E-11
CALSDV   44   16  0.1907E-11  0.1903E-11
CALSDV   45   16  0.1793E-11  0.1790E-11
CALSDV   46   16  0.1935E-11  0.1931E-11
CALSDV   47   16  0.1833E-11  0.1829E-11
CALSDV   48   16  0.1970E-11  0.1964E-11
CALSDV   49   16  0.1883E-11  0.1878E-11
CALSDV   50   16  0.2013E-11  0.2007E-11
CALSDV   51   16  0.1941E-11  0.1935E-11
CALSDV   52   16  0.2062E-11  0.2054E-11
CALSDV   53   16  0.2011E-11  0.2004E-11
CALSDV   54   16  0.2126E-11  0.2118E-11
CALSDV   55   16  0.2089E-11  0.2082E-11
CALSDV   56   16  0.2200E-11  0.2192E-11
CALSDV   57   16  0.2188E-11  0.2179E-11
CALSDV   58   16  0.2298E-11  0.2288E-11
CALSDV   59   16  0.2351E-11  0.2341E-11
CALSDV   60   16  0.2458E-11  0.2448E-11
CALSDV   17   17  0.4558E-11  0.4550E-11
CALSDV   18   17  0.5247E-11  0.5297E-11
CALSDV   19   17  0.4099E-11  0.4101E-11
CALSDV   20   17  0.2907E-11  0.2926E-11
CALSDV   21   17  0.3613E-11  0.3612E-11
CALSDV   22   17  0.2628E-11  0.2633E-11
CALSDV   23   17  0.2803E-11  0.2805E-11
CALSDV   24   17  0.2506E-11  0.2505E-11
CALSDV   25   17  0.2217E-11  0.2221E-11
CALSDV   26   17  0.2288E-11  0.2287E-11
CALSDV   27   17  0.1892E-11  0.1897E-11
CALSDV   28   17  0.2043E-11  0.2043E-11
CALSDV   29   17  0.1754E-11  0.1760E-11
CALSDV   30   17  0.1835E-11  0.1836E-11
CALSDV   31   17  0.1699E-11  0.1704E-11
CALSDV   32   17  0.1684E-11  0.1683E-11
CALSDV   33   17  0.1693E-11  0.1698E-11
CALSDV   34   17  0.1593E-11  0.1595E-11
CALSDV   35   17  0.1705E-11  0.1709E-11
CALSDV   36   17  0.1558E-11  0.1560E-11
CALSDV   37   17  0.1722E-11  0.1726E-11
CALSDV   38   17  0.1559E-11  0.1562E-11
CALSDV   39   17  0.1747E-11  0.1750E-11
CALSDV   40   17  0.1590E-11  0.1592E-11
CALSDV   41   17  0.1774E-11  0.1777E-11
CALSDV   42   17  0.1636E-11  0.1639E-11
CALSDV   43   17  0.1805E-11  0.1809E-11
CALSDV   44   17  0.1695E-11  0.1698E-11
CALSDV   45   17  0.1842E-11  0.1845E-11
CALSDV   46   17  0.1760E-11  0.1763E-11
CALSDV   47   17  0.1884E-11  0.1887E-11
CALSDV   48   17  0.1831E-11  0.1835E-11
CALSDV   49   17  0.1935E-11  0.1939E-11
CALSDV   50   17  0.1910E-11  0.1914E-11
CALSDV   51   17  0.1990E-11  0.1994E-11
CALSDV   52   17  0.1992E-11  0.1995E-11
CALSDV   53   17  0.2058E-11  0.2062E-11
CALSDV   54   17  0.2082E-11  0.2087E-11
CALSDV   55   17  0.2133E-11  0.2137E-11
CALSDV   56   17  0.2179E-11  0.2183E-11
CALSDV   57   17  0.2226E-11  0.2230E-11
CALSDV   58   17  0.2292E-11  0.2296E-11
CALSDV   59   17  0.2384E-11  0.2389E-11
CALSDV   60   17  0.2457E-11  0.2461E-11
CALSDV   18   18  0.4914E-11  0.4912E-11
CALSDV   19   18  0.5490E-11  0.5497E-11
CALSDV   20   18  0.4430E-11  0.4430E-11
CALSDV   21   18  0.2947E-11  0.2929E-11
CALSDV   22   18  0.3803E-11  0.3803E-11
CALSDV   23   18  0.2564E-11  0.2552E-11
CALSDV   24   18  0.2825E-11  0.2828E-11
CALSDV   25   18  0.2466E-11  0.2463E-11
CALSDV   26   18  0.2163E-11  0.2164E-11
CALSDV   27   18  0.2307E-11  0.2309E-11
CALSDV   28   18  0.1870E-11  0.1872E-11
CALSDV   29   18  0.2128E-11  0.2131E-11
CALSDV   30   18  0.1838E-11  0.1837E-11
CALSDV   31   18  0.1979E-11  0.1982E-11
CALSDV   32   18  0.1886E-11  0.1886E-11
CALSDV   33   18  0.1875E-11  0.1879E-11
CALSDV   34   18  0.1959E-11  0.1959E-11
CALSDV   35   18  0.1822E-11  0.1824E-11
CALSDV   36   18  0.2024E-11  0.2023E-11
CALSDV   37   18  0.1807E-11  0.1809E-11
CALSDV   38   18  0.2069E-11  0.2070E-11
CALSDV   39   18  0.1814E-11  0.1816E-11
CALSDV   40   18  0.2105E-11  0.2106E-11
CALSDV   41   18  0.1842E-11  0.1844E-11
CALSDV   42   18  0.2132E-11  0.2133E-11
CALSDV   43   18  0.1880E-11  0.1881E-11
CALSDV   44   18  0.2153E-11  0.2154E-11
CALSDV   45   18  0.1922E-11  0.1925E-11
CALSDV   46   18  0.2172E-11  0.2175E-11
CALSDV   47   18  0.1972E-11  0.1975E-11
CALSDV   48   18  0.2195E-11  0.2198E-11
CALSDV   49   18  0.2025E-11  0.2028E-11
CALSDV   50   18  0.2222E-11  0.2224E-11
CALSDV   51   18  0.2081E-11  0.2083E-11
CALSDV   52   18  0.2253E-11  0.2256E-11
CALSDV   53   18  0.2147E-11  0.2150E-11
CALSDV   54   18  0.2296E-11  0.2299E-11
CALSDV   55   18  0.2213E-11  0.2216E-11
CALSDV   56   18  0.2347E-11  0.2350E-11
CALSDV   57   18  0.2297E-11  0.2299E-11
CALSDV   58   18  0.2420E-11  0.2422E-11
CALSDV   59   18  0.2451E-11  0.2453E-11
CALSDV   60   18  0.2565E-11  0.2568E-11
CALSDV   19   19  0.4099E-11  0.4069E-11
CALSDV   20   19  0.5029E-11  0.5033E-11
CALSDV   21   19  0.4109E-11  0.4102E-11
CALSDV   22   19  0.2827E-11  0.2820E-11
CALSDV   23   19  0.3596E-11  0.3594E-11
CALSDV   24   19  0.2839E-11  0.2832E-11
CALSDV   25   19  0.2788E-11  0.2789E-11
CALSDV   26   19  0.2840E-11  0.2839E-11
CALSDV   27   19  0.2232E-11  0.2234E-11
CALSDV   28   19  0.2658E-11  0.2660E-11
CALSDV   29   19  0.1946E-11  0.1946E-11
CALSDV   30   19  0.2410E-11  0.2412E-11
CALSDV   31   19  0.1844E-11  0.1842E-11
CALSDV   32   19  0.2183E-11  0.2184E-11
CALSDV   33   19  0.1813E-11  0.1810E-11
CALSDV   34   19  0.2009E-11  0.2011E-11
CALSDV   35   19  0.1819E-11  0.1816E-11
CALSDV   36   19  0.1902E-11  0.1904E-11
CALSDV   37   19  0.1840E-11  0.1836E-11
CALSDV   38   19  0.1855E-11  0.1857E-11
CALSDV   39   19  0.1865E-11  0.1860E-11
CALSDV   40   19  0.1849E-11  0.1850E-11
CALSDV   41   19  0.1896E-11  0.1891E-11
CALSDV   42   19  0.1875E-11  0.1877E-11
CALSDV   43   19  0.1931E-11  0.1927E-11
CALSDV   44   19  0.1922E-11  0.1923E-11
CALSDV   45   19  0.1971E-11  0.1967E-11
CALSDV   46   19  0.1977E-11  0.1978E-11
CALSDV   47   19  0.2016E-11  0.2014E-11
CALSDV   48   19  0.2041E-11  0.2042E-11
CALSDV   49   19  0.2068E-11  0.2066E-11
CALSDV   50   19  0.2110E-11  0.2111E-11
CALSDV   51   19  0.2124E-11  0.2122E-11
CALSDV   52   19  0.2179E-11  0.2181E-11
CALSDV   53   19  0.2187E-11  0.2186E-11
CALSDV   54   19  0.2257E-11  0.2258E-11
CALSDV   55   19  0.2254E-11  0.2253E-11
CALSDV   56   19  0.2335E-11  0.2336E-11
CALSDV   57   19  0.2335E-11  0.2335E-11
CALSDV   58   19  0.2427E-11  0.2427E-11
CALSDV   59   19  0.2484E-11  0.2483E-11
CALSDV   60   19  0.2580E-11  0.2579E-11
CALSDV   20   20  0.4902E-11  0.4852E-11
CALSDV   21   20  0.5188E-11  0.5206E-11
CALSDV   22   20  0.4533E-11  0.4531E-11
CALSDV   23   20  0.2794E-11  0.2817E-11
CALSDV   24   20  0.3945E-11  0.3944E-11
CALSDV   25   20  0.2660E-11  0.2672E-11
CALSDV   26   20  0.2961E-11  0.2962E-11
CALSDV   27   20  0.2626E-11  0.2631E-11
CALSDV   28   20  0.2285E-11  0.2285E-11
CALSDV   29   20  0.2454E-11  0.2456E-11
CALSDV   30   20  0.1987E-11  0.1986E-11
CALSDV   31   20  0.2241E-11  0.2242E-11
CALSDV   32   20  0.1963E-11  0.1959E-11
CALSDV   33   20  0.2068E-11  0.2068E-11
CALSDV   34   20  0.2027E-11  0.2024E-11
CALSDV   35   20  0.1960E-11  0.1959E-11
CALSDV   36   20  0.2112E-11  0.2109E-11
CALSDV   37   20  0.1917E-11  0.1917E-11
CALSDV   38   20  0.2189E-11  0.2187E-11
CALSDV   39   20  0.1927E-11  0.1927E-11
CALSDV   40   20  0.2246E-11  0.2244E-11
CALSDV   41   20  0.1962E-11  0.1962E-11
CALSDV   42   20  0.2289E-11  0.2287E-11
CALSDV   43   20  0.2017E-11  0.2017E-11
CALSDV   44   20  0.2324E-11  0.2322E-11
CALSDV   45   20  0.2078E-11  0.2077E-11
CALSDV   46   20  0.2349E-11  0.2348E-11
CALSDV   47   20  0.2138E-11  0.2137E-11
CALSDV   48   20  0.2374E-11  0.2372E-11
CALSDV   49   20  0.2199E-11  0.2198E-11
CALSDV   50   20  0.2400E-11  0.2398E-11
CALSDV   51   20  0.2255E-11  0.2254E-11
CALSDV   52   20  0.2425E-11  0.2423E-11
CALSDV   53   20  0.2314E-11  0.2313E-11
CALSDV   54   20  0.2459E-11  0.2457E-11
CALSDV   55   20  0.2370E-11  0.2368E-11
CALSDV   56   20  0.2494E-11  0.2492E-11
CALSDV   57   20  0.2431E-11  0.2429E-11
CALSDV   58   20  0.2548E-11  0.2545E-11
CALSDV   59   20  0.2569E-11  0.2567E-11
CALSDV   60   20  0.2674E-11  0.2673E-11
CALSDV   21   21  0.3991E-11  0.3995E-11
CALSDV   22   21  0.4973E-11  0.4976E-11
CALSDV   23   21  0.4156E-11  0.4156E-11
CALSDV   24   21  0.2697E-11  0.2691E-11
CALSDV   25   21  0.3603E-11  0.3608E-11
CALSDV   26   21  0.2901E-11  0.2896E-11
CALSDV   27   21  0.2811E-11  0.2816E-11
CALSDV   28   21  0.3019E-11  0.3010E-11
CALSDV   29   21  0.2315E-11  0.2319E-11
CALSDV   30   21  0.2889E-11  0.2879E-11
CALSDV   31   21  0.2089E-11  0.2090E-11
CALSDV   32   21  0.2660E-11  0.2649E-11
CALSDV   33   21  0.2032E-11  0.2029E-11
CALSDV   34   21  0.2439E-11  0.2428E-11
CALSDV   35   21  0.2023E-11  0.2019E-11
CALSDV   36   21  0.2270E-11  0.2259E-11
CALSDV   37   21  0.2033E-11  0.2030E-11
CALSDV   38   21  0.2168E-11  0.2157E-11
CALSDV   39   21  0.2053E-11  0.2050E-11
CALSDV   40   21  0.2128E-11  0.2119E-11
CALSDV   41   21  0.2076E-11  0.2075E-11
CALSDV   42   21  0.2128E-11  0.2119E-11
CALSDV   43   21  0.2104E-11  0.2104E-11
CALSDV   44   21  0.2160E-11  0.2153E-11
CALSDV   45   21  0.2139E-11  0.2140E-11
CALSDV   46   21  0.2210E-11  0.2202E-11
CALSDV   47   21  0.2181E-11  0.2182E-11
CALSDV   48   21  0.2266E-11  0.2259E-11
CALSDV   49   21  0.2231E-11  0.2231E-11
CALSDV   50   21  0.2327E-11  0.2321E-11
CALSDV   51   21  0.2281E-11  0.2281E-11
CALSDV   52   21  0.2386E-11  0.2381E-11
CALSDV   53   21  0.2340E-11  0.2339E-11
CALSDV   54   21  0.2448E-11  0.2445E-11
CALSDV   55   21  0.2396E-11  0.2395E-11
CALSDV   56   21  0.2508E-11  0.2504E-11
CALSDV   57   21  0.2461E-11  0.2460E-11
CALSDV   58   21  0.2573E-11  0.2570E-11
CALSDV   59   21  0.2594E-11  0.2592E-11
CALSDV   60   21  0.2705E-11  0.2700E-11
CALSDV   22   22  0.4268E-11  0.4286E-11
CALSDV   23   22  0.5063E-11  0.5066E-11
CALSDV   24   22  0.4523E-11  0.4530E-11
CALSDV   25   22  0.2733E-11  0.2730E-11
CALSDV   26   22  0.3986E-11  0.3994E-11
CALSDV   27   22  0.2807E-11  0.2799E-11
CALSDV   28   22  0.3030E-11  0.3031E-11
CALSDV   29   22  0.2810E-11  0.2805E-11
CALSDV   30   22  0.2380E-11  0.2380E-11
CALSDV   31   22  0.2611E-11  0.2609E-11
CALSDV   32   22  0.2101E-11  0.2098E-11
CALSDV   33   22  0.2353E-11  0.2352E-11
CALSDV   34   22  0.2084E-11  0.2084E-11
CALSDV   35   22  0.2147E-11  0.2149E-11
CALSDV   36   22  0.2153E-11  0.2153E-11
CALSDV   37   22  0.2032E-11  0.2034E-11
CALSDV   38   22  0.2240E-11  0.2239E-11
CALSDV   39   22  0.2006E-11  0.2007E-11
CALSDV   40   22  0.2320E-11  0.2320E-11
CALSDV   41   22  0.2045E-11  0.2048E-11
CALSDV   42   22  0.2383E-11  0.2383E-11
CALSDV   43   22  0.2113E-11  0.2114E-11
CALSDV   44   22  0.2434E-11  0.2434E-11
CALSDV   45   22  0.2197E-11  0.2198E-11
CALSDV   46   22  0.2475E-11  0.2475E-11
CALSDV   47   22  0.2283E-11  0.2284E-11
CALSDV   48   22  0.2512E-11  0.2512E-11
CALSDV   49   22  0.2360E-11  0.2359E-11
CALSDV   50   22  0.2547E-11  0.2545E-11
CALSDV   51   22  0.2427E-11  0.2426E-11
CALSDV   52   22  0.2575E-11  0.2574E-11
CALSDV   53   22  0.2488E-11  0.2486E-11
CALSDV   54   22  0.2608E-11  0.2607E-11
CALSDV   55   22  0.2532E-11  0.2530E-11
CALSDV   56   22  0.2637E-11  0.2635E-11
CALSDV   57   22  0.2578E-11  0.2576E-11
CALSDV   58   22  0.2672E-11  0.2671E-11
CALSDV   59   22  0.2689E-11  0.2686E-11
CALSDV   60   22  0.2781E-11  0.2780E-11
CALSDV   23   23  0.3893E-11  0.3905E-11
CALSDV   24   23  0.4998E-11  0.5040E-11
CALSDV   25   23  0.4204E-11  0.4214E-11
CALSDV   26   23  0.2620E-11  0.2614E-11
CALSDV   27   23  0.3617E-11  0.3609E-11
CALSDV   28   23  0.2917E-11  0.2929E-11
CALSDV   29   23  0.2839E-11  0.2821E-11
CALSDV   30   23  0.3069E-11  0.3079E-11
CALSDV   31   23  0.2402E-11  0.2390E-11
CALSDV   32   23  0.2939E-11  0.2942E-11
CALSDV   33   23  0.2237E-11  0.2224E-11
CALSDV   34   23  0.2700E-11  0.2693E-11
CALSDV   35   23  0.2215E-11  0.2206E-11
CALSDV   36   23  0.2476E-11  0.2459E-11
CALSDV   37   23  0.2222E-11  0.2210E-11
CALSDV   38   23  0.2318E-11  0.2295E-11
CALSDV   39   23  0.2234E-11  0.2219E-11
CALSDV   40   23  0.2241E-11  0.2214E-11
CALSDV   41   23  0.2252E-11  0.2237E-11
CALSDV   42   23  0.2235E-11  0.2208E-11
CALSDV   43   23  0.2276E-11  0.2259E-11
CALSDV   44   23  0.2270E-11  0.2244E-11
CALSDV   45   23  0.2306E-11  0.2290E-11
CALSDV   46   23  0.2332E-11  0.2308E-11
CALSDV   47   23  0.2346E-11  0.2329E-11
CALSDV   48   23  0.2408E-11  0.2386E-11
CALSDV   49   23  0.2392E-11  0.2377E-11
CALSDV   50   23  0.2481E-11  0.2462E-11
CALSDV   51   23  0.2444E-11  0.2430E-11
CALSDV   52   23  0.2551E-11  0.2534E-11
CALSDV   53   23  0.2498E-11  0.2486E-11
CALSDV   54   23  0.2616E-11  0.2603E-11
CALSDV   55   23  0.2548E-11  0.2536E-11
CALSDV   56   23  0.2668E-11  0.2656E-11
CALSDV   57   23  0.2599E-11  0.2590E-11
CALSDV   58   23  0.2720E-11  0.2709E-11
CALSDV   59   23  0.2709E-11  0.2706E-11
CALSDV   60   23  0.2812E-11  0.2829E-11
CALSDV   24   24  0.4135E-11  0.4096E-11
CALSDV   25   24  0.5123E-11  0.5119E-11
CALSDV   26   24  0.4597E-11  0.4592E-11
CALSDV   27   24  0.2787E-11  0.2787E-11
CALSDV   28   24  0.4040E-11  0.4036E-11
CALSDV   29   24  0.3003E-11  0.3002E-11
CALSDV   30   24  0.3102E-11  0.3100E-11
CALSDV   31   24  0.3029E-11  0.3025E-11
CALSDV   32   24  0.2501E-11  0.2501E-11
CALSDV   33   24  0.2801E-11  0.2794E-11
CALSDV   34   24  0.2259E-11  0.2257E-11
CALSDV   35   24  0.2500E-11  0.2492E-11
CALSDV   36   24  0.2253E-11  0.2251E-11
CALSDV   37   24  0.2263E-11  0.2257E-11
CALSDV   38   24  0.2316E-11  0.2313E-11
CALSDV   39   24  0.2146E-11  0.2141E-11
CALSDV   40   24  0.2392E-11  0.2388E-11
CALSDV   41   24  0.2136E-11  0.2133E-11
CALSDV   42   24  0.2465E-11  0.2461E-11
CALSDV   43   24  0.2207E-11  0.2205E-11
CALSDV   44   24  0.2528E-11  0.2524E-11
CALSDV   45   24  0.2306E-11  0.2305E-11
CALSDV   46   24  0.2581E-11  0.2579E-11
CALSDV   47   24  0.2414E-11  0.2413E-11
CALSDV   48   24  0.2630E-11  0.2628E-11
CALSDV   49   24  0.2516E-11  0.2515E-11
CALSDV   50   24  0.2676E-11  0.2673E-11
CALSDV   51   24  0.2597E-11  0.2595E-11
CALSDV   52   24  0.2716E-11  0.2713E-11
CALSDV   53   24  0.2664E-11  0.2661E-11
CALSDV   54   24  0.2754E-11  0.2750E-11
CALSDV   55   24  0.2705E-11  0.2701E-11
CALSDV   56   24  0.2782E-11  0.2778E-11
CALSDV   57   24  0.2731E-11  0.2728E-11
CALSDV   58   24  0.2809E-11  0.2806E-11
CALSDV   59   24  0.2817E-11  0.2815E-11
CALSDV   60   24  0.2894E-11  0.2890E-11
CALSDV   25   25  0.4014E-11  0.3983E-11
CALSDV   26   25  0.5206E-11  0.5212E-11
CALSDV   27   25  0.4519E-11  0.4511E-11
CALSDV   28   25  0.2734E-11  0.2731E-11
CALSDV   29   25  0.3815E-11  0.3808E-11
CALSDV   30   25  0.3086E-11  0.3084E-11
CALSDV   31   25  0.2930E-11  0.2921E-11
CALSDV   32   25  0.3247E-11  0.3250E-11
CALSDV   33   25  0.2520E-11  0.2514E-11
CALSDV   34   25  0.3114E-11  0.3119E-11
CALSDV   35   25  0.2463E-11  0.2459E-11
CALSDV   36   25  0.2874E-11  0.2878E-11
CALSDV   37   25  0.2556E-11  0.2556E-11
CALSDV   38   25  0.2666E-11  0.2668E-11
CALSDV   39   25  0.2645E-11  0.2646E-11
CALSDV   40   25  0.2543E-11  0.2543E-11
CALSDV   41   25  0.2704E-11  0.2706E-11
CALSDV   42   25  0.2502E-11  0.2502E-11
CALSDV   43   25  0.2742E-11  0.2743E-11
CALSDV   44   25  0.2530E-11  0.2529E-11
CALSDV   45   25  0.2763E-11  0.2764E-11
CALSDV   46   25  0.2591E-11  0.2590E-11
CALSDV   47   25  0.2778E-11  0.2778E-11
CALSDV   48   25  0.2665E-11  0.2664E-11
CALSDV   49   25  0.2790E-11  0.2789E-11
CALSDV   50   25  0.2742E-11  0.2740E-11
CALSDV   51   25  0.2797E-11  0.2797E-11
CALSDV   52   25  0.2803E-11  0.2801E-11
CALSDV   53   25  0.2809E-11  0.2808E-11
CALSDV   54   25  0.2856E-11  0.2852E-11
CALSDV   55   25  0.2806E-11  0.2806E-11
CALSDV   56   25  0.2885E-11  0.2882E-11
CALSDV   57   25  0.2806E-11  0.2805E-11
CALSDV   58   25  0.2902E-11  0.2899E-11
CALSDV   59   25  0.2869E-11  0.2868E-11
CALSDV   60   25  0.2971E-11  0.2969E-11
CALSDV   26   26  0.4186E-11  0.4163E-11
CALSDV   27   26  0.5340E-11  0.5337E-11
CALSDV   28   26  0.4723E-11  0.4715E-11
CALSDV   29   26  0.3008E-11  0.3016E-11
CALSDV   30   26  0.4110E-11  0.4105E-11
CALSDV   31   26  0.3308E-11  0.3317E-11
CALSDV   32   26  0.3197E-11  0.3195E-11
CALSDV   33   26  0.3331E-11  0.3338E-11
CALSDV   34   26  0.2665E-11  0.2664E-11
CALSDV   35   26  0.3066E-11  0.3073E-11
CALSDV   36   26  0.2472E-11  0.2468E-11
CALSDV   37   26  0.2721E-11  0.2728E-11
CALSDV   38   26  0.2475E-11  0.2471E-11
CALSDV   39   26  0.2458E-11  0.2462E-11
CALSDV   40   26  0.2525E-11  0.2522E-11
CALSDV   41   26  0.2339E-11  0.2341E-11
CALSDV   42   26  0.2581E-11  0.2578E-11
CALSDV   43   26  0.2344E-11  0.2346E-11
CALSDV   44   26  0.2639E-11  0.2637E-11
CALSDV   45   26  0.2437E-11  0.2438E-11
CALSDV   46   26  0.2695E-11  0.2694E-11
CALSDV   47   26  0.2557E-11  0.2558E-11
CALSDV   48   26  0.2751E-11  0.2750E-11
CALSDV   49   26  0.2676E-11  0.2677E-11
CALSDV   50   26  0.2806E-11  0.2805E-11
CALSDV   51   26  0.2776E-11  0.2776E-11
CALSDV   52   26  0.2855E-11  0.2855E-11
CALSDV   53   26  0.2849E-11  0.2849E-11
CALSDV   54   26  0.2901E-11  0.2900E-11
CALSDV   55   26  0.2884E-11  0.2884E-11
CALSDV   56   26  0.2928E-11  0.2927E-11
CALSDV   57   26  0.2895E-11  0.2894E-11
CALSDV   58   26  0.2947E-11  0.2946E-11
CALSDV   59   26  0.2947E-11  0.2946E-11
CALSDV   60   26  0.3010E-11  0.3009E-11
CALSDV   27   27  0.3993E-11  0.4031E-11
CALSDV   28   27  0.5439E-11  0.5442E-11
CALSDV   29   27  0.4972E-11  0.4965E-11
CALSDV   30   27  0.2926E-11  0.2926E-11
CALSDV   31   27  0.4185E-11  0.4168E-11
CALSDV   32   27  0.3293E-11  0.3297E-11
CALSDV   33   27  0.3124E-11  0.3109E-11
CALSDV   34   27  0.3418E-11  0.3416E-11
CALSDV   35   27  0.2649E-11  0.2644E-11
CALSDV   36   27  0.3233E-11  0.3230E-11
CALSDV   37   27  0.2659E-11  0.2659E-11
CALSDV   38   27  0.2951E-11  0.2952E-11
CALSDV   39   27  0.2861E-11  0.2863E-11
CALSDV   40   27  0.2735E-11  0.2739E-11
CALSDV   41   27  0.3041E-11  0.3044E-11
CALSDV   42   27  0.2638E-11  0.2645E-11
CALSDV   43   27  0.3162E-11  0.3161E-11
CALSDV   44   27  0.2641E-11  0.2649E-11
CALSDV   45   27  0.3229E-11  0.3226E-11
CALSDV   46   27  0.2720E-11  0.2727E-11
CALSDV   47   27  0.3256E-11  0.3251E-11
CALSDV   48   27  0.2822E-11  0.2829E-11
CALSDV   49   27  0.3252E-11  0.3246E-11
CALSDV   50   27  0.2921E-11  0.2927E-11
CALSDV   51   27  0.3225E-11  0.3219E-11
CALSDV   52   27  0.3003E-11  0.3008E-11
CALSDV   53   27  0.3186E-11  0.3182E-11
CALSDV   54   27  0.3061E-11  0.3066E-11
CALSDV   55   27  0.3125E-11  0.3122E-11
CALSDV   56   27  0.3082E-11  0.3086E-11
CALSDV   57   27  0.3056E-11  0.3053E-11
CALSDV   58   27  0.3079E-11  0.3081E-11
CALSDV   59   27  0.3049E-11  0.3046E-11
CALSDV   60   27  0.3110E-11  0.3110E-11
CALSDV   28   28  0.4214E-11  0.4192E-11
CALSDV   29   28  0.5494E-11  0.5500E-11
CALSDV   30   28  0.4892E-11  0.4890E-11
CALSDV   31   28  0.3111E-11  0.3119E-11
CALSDV   32   28  0.4199E-11  0.4205E-11
CALSDV   33   28  0.3527E-11  0.3529E-11
CALSDV   34   28  0.3301E-11  0.3308E-11
CALSDV   35   28  0.3563E-11  0.3568E-11
CALSDV   36   28  0.2839E-11  0.2843E-11
CALSDV   37   28  0.3274E-11  0.3277E-11
CALSDV   38   28  0.2699E-11  0.2702E-11
CALSDV   39   28  0.2905E-11  0.2904E-11
CALSDV   40   28  0.2716E-11  0.2718E-11
CALSDV   41   28  0.2634E-11  0.2629E-11
CALSDV   42   28  0.2754E-11  0.2756E-11
CALSDV   43   28  0.2534E-11  0.2527E-11
CALSDV   44   28  0.2792E-11  0.2795E-11
CALSDV   45   28  0.2570E-11  0.2562E-11
CALSDV   46   28  0.2836E-11  0.2841E-11
CALSDV   47   28  0.2690E-11  0.2686E-11
CALSDV   48   28  0.2886E-11  0.2892E-11
CALSDV   49   28  0.2829E-11  0.2827E-11
CALSDV   50   28  0.2943E-11  0.2950E-11
CALSDV   51   28  0.2947E-11  0.2948E-11
CALSDV   52   28  0.3000E-11  0.3007E-11
CALSDV   53   28  0.3037E-11  0.3039E-11
CALSDV   54   28  0.3051E-11  0.3059E-11
CALSDV   55   28  0.3073E-11  0.3076E-11
CALSDV   56   28  0.3084E-11  0.3089E-11
CALSDV   57   28  0.3065E-11  0.3069E-11
CALSDV   58   28  0.3092E-11  0.3098E-11
CALSDV   59   28  0.3083E-11  0.3085E-11
CALSDV   60   28  0.3131E-11  0.3132E-11
CALSDV   29   29  0.3816E-11  0.3849E-11
CALSDV   30   29  0.5761E-11  0.5748E-11
CALSDV   31   29  0.5190E-11  0.5182E-11
CALSDV   32   29  0.3262E-11  0.3243E-11
CALSDV   33   29  0.4389E-11  0.4377E-11
CALSDV   34   29  0.3624E-11  0.3615E-11
CALSDV   35   29  0.3308E-11  0.3307E-11
CALSDV   36   29  0.3681E-11  0.3678E-11
CALSDV   37   29  0.2815E-11  0.2817E-11
CALSDV   38   29  0.3439E-11  0.3436E-11
CALSDV   39   29  0.2791E-11  0.2796E-11
CALSDV   40   29  0.3136E-11  0.3131E-11
CALSDV   41   29  0.2959E-11  0.2962E-11
CALSDV   42   29  0.2942E-11  0.2936E-11
CALSDV   43   29  0.3117E-11  0.3116E-11
CALSDV   44   29  0.2902E-11  0.2896E-11
CALSDV   45   29  0.3227E-11  0.3223E-11
CALSDV   46   29  0.2964E-11  0.2957E-11
CALSDV   47   29  0.3295E-11  0.3287E-11
CALSDV   48   29  0.3087E-11  0.3082E-11
CALSDV   49   29  0.3326E-11  0.3319E-11
CALSDV   50   29  0.3213E-11  0.3205E-11
CALSDV   51   29  0.3332E-11  0.3322E-11
CALSDV   52   29  0.3304E-11  0.3295E-11
CALSDV   53   29  0.3318E-11  0.3310E-11
CALSDV   54   29  0.3361E-11  0.3353E-11
CALSDV   55   29  0.3271E-11  0.3264E-11
CALSDV   56   29  0.3361E-11  0.3354E-11
CALSDV   57   29  0.3201E-11  0.3196E-11
CALSDV   58   29  0.3313E-11  0.3308E-11
CALSDV   59   29  0.3165E-11  0.3165E-11
CALSDV   60   29  0.3284E-11  0.3284E-11
CALSDV   30   30  0.4732E-11  0.4800E-11
CALSDV   31   30  0.5859E-11  0.5866E-11
CALSDV   32   30  0.5225E-11  0.5232E-11
CALSDV   33   30  0.3296E-11  0.3294E-11
CALSDV   34   30  0.4402E-11  0.4403E-11
CALSDV   35   30  0.3697E-11  0.3701E-11
CALSDV   36   30  0.3508E-11  0.3510E-11
CALSDV   37   30  0.3739E-11  0.3743E-11
CALSDV   38   30  0.3151E-11  0.3154E-11
CALSDV   39   30  0.3454E-11  0.3459E-11
CALSDV   40   30  0.3111E-11  0.3115E-11
CALSDV   41   30  0.3100E-11  0.3105E-11
CALSDV   42   30  0.3174E-11  0.3181E-11
CALSDV   43   30  0.2873E-11  0.2874E-11
CALSDV   44   30  0.3218E-11  0.3227E-11
CALSDV   45   30  0.2824E-11  0.2827E-11
CALSDV   46   30  0.3241E-11  0.3251E-11
CALSDV   47   30  0.2894E-11  0.2899E-11
CALSDV   48   30  0.3257E-11  0.3270E-11
CALSDV   49   30  0.3030E-11  0.3037E-11
CALSDV   50   30  0.3274E-11  0.3288E-11
CALSDV   51   30  0.3161E-11  0.3171E-11
CALSDV   52   30  0.3297E-11  0.3311E-11
CALSDV   53   30  0.3255E-11  0.3266E-11
CALSDV   54   30  0.3320E-11  0.3334E-11
CALSDV   55   30  0.3289E-11  0.3299E-11
CALSDV   56   30  0.3319E-11  0.3331E-11
CALSDV   57   30  0.3263E-11  0.3273E-11
CALSDV   58   30  0.3295E-11  0.3306E-11
CALSDV   59   30  0.3233E-11  0.3237E-11
CALSDV   60   30  0.3282E-11  0.3289E-11
CALSDV   31   31  0.4198E-11  0.4143E-11
CALSDV   32   31  0.6167E-11  0.6181E-11
CALSDV   33   31  0.5353E-11  0.5327E-11
CALSDV   34   31  0.3754E-11  0.3749E-11
CALSDV   35   31  0.4653E-11  0.4636E-11
CALSDV   36   31  0.4072E-11  0.4063E-11
CALSDV   37   31  0.3652E-11  0.3644E-11
CALSDV   38   31  0.4022E-11  0.4024E-11
CALSDV   39   31  0.3131E-11  0.3131E-11
CALSDV   40   31  0.3687E-11  0.3697E-11
CALSDV   41   31  0.2998E-11  0.2996E-11
CALSDV   42   31  0.3330E-11  0.3345E-11
CALSDV   43   31  0.3041E-11  0.3044E-11
CALSDV   44   31  0.3147E-11  0.3160E-11
CALSDV   45   31  0.3111E-11  0.3119E-11
CALSDV   46   31  0.3158E-11  0.3169E-11
CALSDV   47   31  0.3179E-11  0.3189E-11
CALSDV   48   31  0.3271E-11  0.3281E-11
CALSDV   49   31  0.3241E-11  0.3254E-11
CALSDV   50   31  0.3426E-11  0.3438E-11
CALSDV   51   31  0.3294E-11  0.3305E-11
CALSDV   52   31  0.3556E-11  0.3566E-11
CALSDV   53   31  0.3333E-11  0.3346E-11
CALSDV   54   31  0.3626E-11  0.3636E-11
CALSDV   55   31  0.3338E-11  0.3350E-11
CALSDV   56   31  0.3621E-11  0.3634E-11
CALSDV   57   31  0.3302E-11  0.3313E-11
CALSDV   58   31  0.3548E-11  0.3559E-11
CALSDV   59   31  0.3268E-11  0.3271E-11
CALSDV   60   31  0.3463E-11  0.3465E-11
CALSDV   32   32  0.4101E-11  0.4102E-11
CALSDV   33   32  0.5869E-11  0.5863E-11
CALSDV   34   32  0.5331E-11  0.5321E-11
CALSDV   35   32  0.3417E-11  0.3407E-11
CALSDV   36   32  0.4474E-11  0.4470E-11
CALSDV   37   32  0.3991E-11  0.3987E-11
CALSDV   38   32  0.3553E-11  0.3547E-11
CALSDV   39   32  0.4001E-11  0.4000E-11
CALSDV   40   32  0.3209E-11  0.3206E-11
CALSDV   41   32  0.3635E-11  0.3634E-11
CALSDV   42   32  0.3194E-11  0.3191E-11
CALSDV   43   32  0.3225E-11  0.3220E-11
CALSDV   44   32  0.3272E-11  0.3266E-11
CALSDV   45   32  0.2988E-11  0.2983E-11
CALSDV   46   32  0.3326E-11  0.3323E-11
CALSDV   47   32  0.2972E-11  0.2970E-11
CALSDV   48   32  0.3364E-11  0.3358E-11
CALSDV   49   32  0.3090E-11  0.3088E-11
CALSDV   50   32  0.3398E-11  0.3394E-11
CALSDV   51   32  0.3257E-11  0.3256E-11
CALSDV   52   32  0.3436E-11  0.3434E-11
CALSDV   53   32  0.3401E-11  0.3399E-11
CALSDV   54   32  0.3478E-11  0.3473E-11
CALSDV   55   32  0.3463E-11  0.3459E-11
CALSDV   56   32  0.3494E-11  0.3489E-11
CALSDV   57   32  0.3444E-11  0.3440E-11
CALSDV   58   32  0.3467E-11  0.3463E-11
CALSDV   59   32  0.3384E-11  0.3381E-11
CALSDV   60   32  0.3425E-11  0.3423E-11
CALSDV   33   33  0.4305E-11  0.4323E-11
CALSDV   34   33  0.6017E-11  0.6007E-11
CALSDV   35   33  0.5710E-11  0.5722E-11
CALSDV   36   33  0.3499E-11  0.3489E-11
CALSDV   37   33  0.4789E-11  0.4791E-11
CALSDV   38   33  0.4082E-11  0.4081E-11
CALSDV   39   33  0.3619E-11  0.3620E-11
CALSDV   40   33  0.4085E-11  0.4081E-11
CALSDV   41   33  0.3175E-11  0.3176E-11
CALSDV   42   33  0.3708E-11  0.3702E-11
CALSDV   43   33  0.3272E-11  0.3271E-11
CALSDV   44   33  0.3309E-11  0.3303E-11
CALSDV   45   33  0.3530E-11  0.3527E-11
CALSDV   46   33  0.3115E-11  0.3113E-11
CALSDV   47   33  0.3739E-11  0.3735E-11
CALSDV   48   33  0.3156E-11  0.3155E-11
CALSDV   49   33  0.3864E-11  0.3861E-11
CALSDV   50   33  0.3317E-11  0.3317E-11
CALSDV   51   33  0.3911E-11  0.3909E-11
CALSDV   52   33  0.3510E-11  0.3511E-11
CALSDV   53   33  0.3898E-11  0.3896E-11
CALSDV   54   33  0.3663E-11  0.3665E-11
CALSDV   55   33  0.3817E-11  0.3815E-11
CALSDV   56   33  0.3716E-11  0.3719E-11
CALSDV   57   33  0.3673E-11  0.3676E-11
CALSDV   58   33  0.3677E-11  0.3681E-11
CALSDV   59   33  0.3512E-11  0.3515E-11
CALSDV   60   33  0.3582E-11  0.3586E-11
CALSDV   34   34  0.3953E-11  0.3951E-11
CALSDV   35   34  0.5945E-11  0.5942E-11
CALSDV   36   34  0.5546E-11  0.5537E-11
CALSDV   37   34  0.3529E-11  0.3524E-11
CALSDV   38   34  0.4607E-11  0.4602E-11
CALSDV   39   34  0.4258E-11  0.4251E-11
CALSDV   40   34  0.3662E-11  0.3661E-11
CALSDV   41   34  0.4282E-11  0.4271E-11
CALSDV   42   34  0.3348E-11  0.3341E-11
CALSDV   43   34  0.3905E-11  0.3890E-11
CALSDV   44   34  0.3346E-11  0.3337E-11
CALSDV   45   34  0.3514E-11  0.3490E-11
CALSDV   46   34  0.3417E-11  0.3402E-11
CALSDV   47   34  0.3320E-11  0.3294E-11
CALSDV   48   34  0.3463E-11  0.3444E-11
CALSDV   49   34  0.3353E-11  0.3327E-11
CALSDV   50   34  0.3502E-11  0.3482E-11
CALSDV   51   34  0.3485E-11  0.3460E-11
CALSDV   52   34  0.3551E-11  0.3532E-11
CALSDV   53   34  0.3629E-11  0.3609E-11
CALSDV   54   34  0.3606E-11  0.3590E-11
CALSDV   55   34  0.3702E-11  0.3685E-11
CALSDV   56   34  0.3641E-11  0.3628E-11
CALSDV   57   34  0.3667E-11  0.3654E-11
CALSDV   58   34  0.3628E-11  0.3618E-11
CALSDV   59   34  0.3555E-11  0.3548E-11
CALSDV   60   34  0.3563E-11  0.3556E-11
CALSDV   35   35  0.4342E-11  0.4345E-11
CALSDV   36   35  0.6159E-11  0.6177E-11
CALSDV   37   35  0.6064E-11  0.6073E-11
CALSDV   38   35  0.3651E-11  0.3667E-11
CALSDV   39   35  0.5045E-11  0.5054E-11
CALSDV   40   35  0.4339E-11  0.4345E-11
CALSDV   41   35  0.3823E-11  0.3824E-11
CALSDV   42   35  0.4309E-11  0.4307E-11
CALSDV   43   35  0.3381E-11  0.3386E-11
CALSDV   44   35  0.3888E-11  0.3888E-11
CALSDV   45   35  0.3495E-11  0.3501E-11
CALSDV   46   35  0.3496E-11  0.3498E-11
CALSDV   47   35  0.3753E-11  0.3763E-11
CALSDV   48   35  0.3362E-11  0.3365E-11
CALSDV   49   35  0.3955E-11  0.3967E-11
CALSDV   50   35  0.3478E-11  0.3482E-11
CALSDV   51   35  0.4067E-11  0.4079E-11
CALSDV   52   35  0.3680E-11  0.3684E-11
CALSDV   53   35  0.4095E-11  0.4105E-11
CALSDV   54   35  0.3866E-11  0.3871E-11
CALSDV   55   35  0.4031E-11  0.4040E-11
CALSDV   56   35  0.3954E-11  0.3959E-11
CALSDV   57   35  0.3885E-11  0.3891E-11
CALSDV   58   35  0.3910E-11  0.3914E-11
CALSDV   59   35  0.3681E-11  0.3685E-11
CALSDV   60   35  0.3763E-11  0.3767E-11
CALSDV   36   36  0.4094E-11  0.4117E-11
CALSDV   37   36  0.6105E-11  0.6105E-11
CALSDV   38   36  0.5854E-11  0.5867E-11
CALSDV   39   36  0.3710E-11  0.3709E-11
CALSDV   40   36  0.4797E-11  0.4823E-11
CALSDV   41   36  0.4542E-11  0.4545E-11
CALSDV   42   36  0.3834E-11  0.3847E-11
CALSDV   43   36  0.4568E-11  0.4564E-11
CALSDV   44   36  0.3572E-11  0.3567E-11
CALSDV   45   36  0.4195E-11  0.4189E-11
CALSDV   46   36  0.3613E-11  0.3607E-11
CALSDV   47   36  0.3852E-11  0.3847E-11
CALSDV   48   36  0.3691E-11  0.3694E-11
CALSDV   49   36  0.3735E-11  0.3727E-11
CALSDV   50   36  0.3742E-11  0.3752E-11
CALSDV   51   36  0.3810E-11  0.3804E-11
CALSDV   52   36  0.3783E-11  0.3799E-11
CALSDV   53   36  0.3931E-11  0.3924E-11
CALSDV   54   36  0.3827E-11  0.3844E-11
CALSDV   55   36  0.3990E-11  0.3986E-11
CALSDV   56   36  0.3854E-11  0.3869E-11
CALSDV   57   36  0.3936E-11  0.3933E-11
CALSDV   58   36  0.3829E-11  0.3840E-11
CALSDV   59   36  0.3756E-11  0.3753E-11
CALSDV   60   36  0.3727E-11  0.3732E-11
CALSDV   37   37  0.4062E-11  0.4044E-11
CALSDV   38   37  0.6347E-11  0.6358E-11
CALSDV   39   37  0.6408E-11  0.6427E-11
CALSDV   40   37  0.3866E-11  0.3880E-11
CALSDV   41   37  0.5282E-11  0.5293E-11
CALSDV   42   37  0.4620E-11  0.4636E-11
CALSDV   43   37  0.4014E-11  0.4019E-11
CALSDV   44   37  0.4525E-11  0.4538E-11
CALSDV   45   37  0.3572E-11  0.3583E-11
CALSDV   46   37  0.4036E-11  0.4045E-11
CALSDV   47   37  0.3679E-11  0.3689E-11
CALSDV   48   37  0.3640E-11  0.3653E-11
CALSDV   49   37  0.3921E-11  0.3927E-11
CALSDV   50   37  0.3570E-11  0.3583E-11
CALSDV   51   37  0.4103E-11  0.4106E-11
CALSDV   52   37  0.3756E-11  0.3765E-11
CALSDV   53   37  0.4194E-11  0.4197E-11
CALSDV   54   37  0.3984E-11  0.3994E-11
CALSDV   55   37  0.4180E-11  0.4183E-11
CALSDV   56   37  0.4125E-11  0.4134E-11
CALSDV   57   37  0.4058E-11  0.4063E-11
CALSDV   58   37  0.4116E-11  0.4123E-11
CALSDV   59   37  0.3831E-11  0.3839E-11
CALSDV   60   37  0.3936E-11  0.3947E-11
CALSDV   38   38  0.4151E-11  0.4217E-11
CALSDV   39   38  0.6304E-11  0.6270E-11
CALSDV   40   38  0.6195E-11  0.6152E-11
CALSDV   41   38  0.3928E-11  0.3909E-11
CALSDV   42   38  0.5017E-11  0.4990E-11
CALSDV   43   38  0.4822E-11  0.4808E-11
CALSDV   44   38  0.4027E-11  0.4017E-11
CALSDV   45   38  0.4807E-11  0.4797E-11
CALSDV   46   38  0.3796E-11  0.3782E-11
CALSDV   47   38  0.4425E-11  0.4411E-11
CALSDV   48   38  0.3849E-11  0.3836E-11
CALSDV   49   38  0.4141E-11  0.4123E-11
CALSDV   50   38  0.3932E-11  0.3919E-11
CALSDV   51   38  0.4093E-11  0.4072E-11
CALSDV   52   38  0.3983E-11  0.3973E-11
CALSDV   53   38  0.4199E-11  0.4177E-11
CALSDV   54   38  0.4030E-11  0.4019E-11
CALSDV   55   38  0.4266E-11  0.4247E-11
CALSDV   56   38  0.4061E-11  0.4048E-11
CALSDV   57   38  0.4203E-11  0.4186E-11
CALSDV   58   38  0.4034E-11  0.4023E-11
CALSDV   59   38  0.3971E-11  0.3956E-11
CALSDV   60   38  0.3904E-11  0.3886E-11
CALSDV   39   39  0.4127E-11  0.4117E-11
CALSDV   40   39  0.6546E-11  0.6544E-11
CALSDV   41   39  0.6804E-11  0.6799E-11
CALSDV   42   39  0.4148E-11  0.4151E-11
CALSDV   43   39  0.5536E-11  0.5519E-11
CALSDV   44   39  0.4945E-11  0.4943E-11
CALSDV   45   39  0.4200E-11  0.4187E-11
CALSDV   46   39  0.4742E-11  0.4747E-11
CALSDV   47   39  0.3789E-11  0.3793E-11
CALSDV   48   39  0.4173E-11  0.4177E-11
CALSDV   49   39  0.3942E-11  0.3949E-11
CALSDV   50   39  0.3813E-11  0.3809E-11
CALSDV   51   39  0.4196E-11  0.4196E-11
CALSDV   52   39  0.3826E-11  0.3821E-11
CALSDV   53   39  0.4364E-11  0.4361E-11
CALSDV   54   39  0.4073E-11  0.4065E-11
CALSDV   55   39  0.4400E-11  0.4398E-11
CALSDV   56   39  0.4280E-11  0.4275E-11
CALSDV   57   39  0.4296E-11  0.4291E-11
CALSDV   58   39  0.4316E-11  0.4313E-11
CALSDV   59   39  0.4028E-11  0.4026E-11
CALSDV   60   39  0.4127E-11  0.4126E-11
CALSDV   40   40  0.4463E-11  0.4450E-11
CALSDV   41   40  0.6576E-11  0.6572E-11
CALSDV   42   40  0.6797E-11  0.6788E-11
CALSDV   43   40  0.4246E-11  0.4254E-11
CALSDV   44   40  0.5411E-11  0.5401E-11
CALSDV   45   40  0.5156E-11  0.5164E-11
CALSDV   46   40  0.4256E-11  0.4254E-11
CALSDV   47   40  0.5128E-11  0.5124E-11
CALSDV   48   40  0.4108E-11  0.4111E-11
CALSDV   49   40  0.4797E-11  0.4784E-11
CALSDV   50   40  0.4356E-11  0.4352E-11
CALSDV   51   40  0.4594E-11  0.4589E-11
CALSDV   52   40  0.4582E-11  0.4573E-11
CALSDV   53   40  0.4598E-11  0.4583E-11
CALSDV   54   40  0.4689E-11  0.4667E-11
CALSDV   55   40  0.4644E-11  0.4632E-11
CALSDV   56   40  0.4667E-11  0.4646E-11
CALSDV   57   40  0.4551E-11  0.4539E-11
CALSDV   58   40  0.4523E-11  0.4500E-11
CALSDV   59   40  0.4224E-11  0.4219E-11
CALSDV   60   40  0.4217E-11  0.4209E-11
CALSDV   41   41  0.4444E-11  0.4463E-11
CALSDV   42   41  0.6800E-11  0.6801E-11
CALSDV   43   41  0.7241E-11  0.7249E-11
CALSDV   44   41  0.4577E-11  0.4594E-11
CALSDV   45   41  0.5763E-11  0.5767E-11
CALSDV   46   41  0.5376E-11  0.5390E-11
CALSDV   47   41  0.4384E-11  0.4392E-11
CALSDV   48   41  0.5071E-11  0.5079E-11
CALSDV   49   41  0.4089E-11  0.4099E-11
CALSDV   50   41  0.4453E-11  0.4455E-11
CALSDV   51   41  0.4320E-11  0.4330E-11
CALSDV   52   41  0.4129E-11  0.4133E-11
CALSDV   53   41  0.4579E-11  0.4589E-11
CALSDV   54   41  0.4204E-11  0.4203E-11
CALSDV   55   41  0.4680E-11  0.4686E-11
CALSDV   56   41  0.4432E-11  0.4434E-11
CALSDV   57   41  0.4584E-11  0.4589E-11
CALSDV   58   41  0.4520E-11  0.4524E-11
CALSDV   59   41  0.4256E-11  0.4263E-11
CALSDV   60   41  0.4320E-11  0.4323E-11
CALSDV   42   42  0.4741E-11  0.4722E-11
CALSDV   43   42  0.6926E-11  0.6931E-11
CALSDV   44   42  0.7576E-11  0.7574E-11
CALSDV   45   42  0.4677E-11  0.4675E-11
CALSDV   46   42  0.5889E-11  0.5899E-11
CALSDV   47   42  0.5502E-11  0.5508E-11
CALSDV   48   42  0.4501E-11  0.4510E-11
CALSDV   49   42  0.5368E-11  0.5375E-11
CALSDV   50   42  0.4499E-11  0.4504E-11
CALSDV   51   42  0.5011E-11  0.5016E-11
CALSDV   52   42  0.4982E-11  0.4982E-11
CALSDV   53   42  0.4861E-11  0.4864E-11
CALSDV   54   42  0.5331E-11  0.5329E-11
CALSDV   55   42  0.4857E-11  0.4860E-11
CALSDV   56   42  0.5377E-11  0.5376E-11
CALSDV   57   42  0.4798E-11  0.4801E-11
CALSDV   58   42  0.5140E-11  0.5143E-11
CALSDV   59   42  0.4455E-11  0.4455E-11
CALSDV   60   42  0.4628E-11  0.4628E-11
CALSDV   43   43  0.4753E-11  0.4777E-11
CALSDV   44   43  0.7039E-11  0.7017E-11
CALSDV   45   43  0.7719E-11  0.7731E-11
CALSDV   46   43  0.4974E-11  0.4960E-11
CALSDV   47   43  0.5979E-11  0.5985E-11
CALSDV   48   43  0.5734E-11  0.5714E-11
CALSDV   49   43  0.4601E-11  0.4599E-11
CALSDV   50   43  0.5303E-11  0.5291E-11
CALSDV   51   43  0.4487E-11  0.4480E-11
CALSDV   52   43  0.4645E-11  0.4647E-11
CALSDV   53   43  0.4815E-11  0.4817E-11
CALSDV   54   43  0.4426E-11  0.4426E-11
CALSDV   55   43  0.5027E-11  0.5028E-11
CALSDV   56   43  0.4566E-11  0.4560E-11
CALSDV   57   43  0.4957E-11  0.4960E-11
CALSDV   58   43  0.4713E-11  0.4706E-11
CALSDV   59   43  0.4551E-11  0.4549E-11
CALSDV   60   43  0.4535E-11  0.4525E-11
CALSDV   44   44  0.4866E-11  0.4896E-11
CALSDV   45   44  0.7387E-11  0.7374E-11
CALSDV   46   44  0.8126E-11  0.8122E-11
CALSDV   47   44  0.5202E-11  0.5194E-11
CALSDV   48   44  0.6187E-11  0.6173E-11
CALSDV   49   44  0.5945E-11  0.5932E-11
CALSDV   50   44  0.4740E-11  0.4732E-11
CALSDV   51   44  0.5729E-11  0.5732E-11
CALSDV   52   44  0.4871E-11  0.4864E-11
CALSDV   53   44  0.5387E-11  0.5391E-11
CALSDV   54   44  0.5404E-11  0.5413E-11
CALSDV   55   44  0.5237E-11  0.5244E-11
CALSDV   56   44  0.5671E-11  0.5676E-11
CALSDV   57   44  0.5106E-11  0.5110E-11
CALSDV   58   44  0.5520E-11  0.5526E-11
CALSDV   59   44  0.4714E-11  0.4718E-11
CALSDV   60   44  0.4941E-11  0.4944E-11
CALSDV   45   45  0.5699E-11  0.5690E-11
CALSDV   46   45  0.7440E-11  0.7448E-11
CALSDV   47   45  0.8339E-11  0.8336E-11
CALSDV   48   45  0.5385E-11  0.5390E-11
CALSDV   49   45  0.6259E-11  0.6266E-11
CALSDV   50   45  0.6067E-11  0.6070E-11
CALSDV   51   45  0.5099E-11  0.5073E-11
CALSDV   52   45  0.5591E-11  0.5604E-11
CALSDV   53   45  0.5358E-11  0.5334E-11
CALSDV   54   45  0.5063E-11  0.5069E-11
CALSDV   55   45  0.5705E-11  0.5692E-11
CALSDV   56   45  0.4954E-11  0.4963E-11
CALSDV   57   45  0.5638E-11  0.5637E-11
CALSDV   58   45  0.4996E-11  0.5008E-11
CALSDV   59   45  0.5035E-11  0.5036E-11
CALSDV   60   45  0.4783E-11  0.4787E-11
CALSDV   46   46  0.5409E-11  0.5482E-11
CALSDV   47   46  0.8182E-11  0.8180E-11
CALSDV   48   46  0.8589E-11  0.8604E-11
CALSDV   49   46  0.6071E-11  0.6053E-11
CALSDV   50   46  0.6604E-11  0.6586E-11
CALSDV   51   46  0.6642E-11  0.6639E-11
CALSDV   52   46  0.5202E-11  0.5168E-11
CALSDV   53   46  0.6326E-11  0.6346E-11
CALSDV   54   46  0.5282E-11  0.5233E-11
CALSDV   55   46  0.5905E-11  0.5927E-11
CALSDV   56   46  0.5644E-11  0.5598E-11
CALSDV   57   46  0.5580E-11  0.5603E-11
CALSDV   58   46  0.5672E-11  0.5646E-11
CALSDV   59   46  0.5031E-11  0.5042E-11
CALSDV   60   46  0.5163E-11  0.5149E-11
CALSDV   47   47  0.6726E-11  0.6909E-11
CALSDV   48   47  0.7713E-11  0.7698E-11
CALSDV   49   47  0.8769E-11  0.8802E-11
CALSDV   50   47  0.5853E-11  0.5827E-11
CALSDV   51   47  0.6268E-11  0.6270E-11
CALSDV   52   47  0.6430E-11  0.6382E-11
CALSDV   53   47  0.5290E-11  0.5278E-11
CALSDV   54   47  0.5904E-11  0.5873E-11
CALSDV   55   47  0.5711E-11  0.5694E-11
CALSDV   56   47  0.5463E-11  0.5437E-11
CALSDV   57   47  0.5902E-11  0.5893E-11
CALSDV   58   47  0.5351E-11  0.5338E-11
CALSDV   59   47  0.5369E-11  0.5366E-11
CALSDV   60   47  0.5056E-11  0.5050E-11
CALSDV   48   48  0.5810E-11  0.5704E-11
CALSDV   49   48  0.8124E-11  0.8148E-11
CALSDV   50   48  0.9020E-11  0.9017E-11
CALSDV   51   48  0.5962E-11  0.5972E-11
CALSDV   52   48  0.6357E-11  0.6372E-11
CALSDV   53   48  0.6328E-11  0.6337E-11
CALSDV   54   48  0.5226E-11  0.5226E-11
CALSDV   55   48  0.5970E-11  0.5973E-11
CALSDV   56   48  0.5809E-11  0.5802E-11
CALSDV   57   48  0.5659E-11  0.5657E-11
CALSDV   58   48  0.6145E-11  0.6150E-11
CALSDV   59   48  0.5229E-11  0.5228E-11
CALSDV   60   48  0.5644E-11  0.5648E-11
CALSDV   49   49  0.5811E-11  0.5685E-11
CALSDV   50   49  0.7941E-11  0.7945E-11
CALSDV   51   49  0.9767E-11  0.9771E-11
CALSDV   52   49  0.6274E-11  0.6254E-11
CALSDV   53   49  0.6137E-11  0.6085E-11
CALSDV   54   49  0.6870E-11  0.6873E-11
CALSDV   55   49  0.5521E-11  0.5430E-11
CALSDV   56   49  0.6386E-11  0.6386E-11
CALSDV   57   49  0.5841E-11  0.5790E-11
CALSDV   58   49  0.5944E-11  0.5946E-11
CALSDV   59   49  0.5583E-11  0.5569E-11
CALSDV   60   49  0.5459E-11  0.5464E-11
CALSDV   50   50  0.6154E-11  0.6330E-11
CALSDV   51   50  0.9313E-11  0.9319E-11
CALSDV   52   50  0.1028E-10  0.1036E-10
CALSDV   53   50  0.7264E-11  0.7225E-11
CALSDV   54   50  0.6298E-11  0.6341E-11
CALSDV   55   50  0.6931E-11  0.6889E-11
CALSDV   56   50  0.5640E-11  0.5677E-11
CALSDV   57   50  0.6751E-11  0.6711E-11
CALSDV   58   50  0.6216E-11  0.6224E-11
CALSDV   59   50  0.5834E-11  0.5817E-11
CALSDV   60   50  0.5960E-11  0.5959E-11
CALSDV   51   51  0.5782E-11  0.5777E-11
CALSDV   52   51  0.9438E-11  0.9413E-11
CALSDV   53   51  0.1019E-10  0.1020E-10
CALSDV   54   51  0.7799E-11  0.7784E-11
CALSDV   55   51  0.6680E-11  0.6684E-11
CALSDV   56   51  0.7612E-11  0.7560E-11
CALSDV   57   51  0.5897E-11  0.5920E-11
CALSDV   58   51  0.7420E-11  0.7383E-11
CALSDV   59   51  0.6180E-11  0.6183E-11
CALSDV   60   51  0.6221E-11  0.6191E-11
CALSDV   52   52  0.6038E-11  0.6001E-11
CALSDV   53   52  0.9776E-11  0.9785E-11
CALSDV   54   52  0.1060E-10  0.1060E-10
CALSDV   55   52  0.7781E-11  0.7801E-11
CALSDV   56   52  0.6738E-11  0.6740E-11
CALSDV   57   52  0.7684E-11  0.7705E-11
CALSDV   58   52  0.6020E-11  0.6021E-11
CALSDV   59   52  0.6761E-11  0.6769E-11
CALSDV   60   52  0.6445E-11  0.6452E-11
CALSDV   53   53  0.5385E-11  0.5563E-11
CALSDV   54   53  0.9968E-11  0.1000E-10
CALSDV   55   53  0.1008E-10  0.1017E-10
CALSDV   56   53  0.8423E-11  0.8403E-11
CALSDV   57   53  0.6950E-11  0.7018E-11
CALSDV   58   53  0.8461E-11  0.8469E-11
CALSDV   59   53  0.6547E-11  0.6567E-11
CALSDV   60   53  0.7320E-11  0.7285E-11
CALSDV   54   54  0.5679E-11  0.5706E-11
CALSDV   55   54  0.9456E-11  0.9373E-11
CALSDV   56   54  0.1035E-10  0.1037E-10
CALSDV   57   54  0.8693E-11  0.8680E-11
CALSDV   58   54  0.6940E-11  0.6994E-11
CALSDV   59   54  0.7914E-11  0.7947E-11
CALSDV   60   54  0.6725E-11  0.6748E-11
CALSDV   55   55  0.6339E-11  0.6295E-11
CALSDV   56   55  0.9773E-11  0.9775E-11
CALSDV   57   55  0.1067E-10  0.1068E-10
CALSDV   58   55  0.9391E-11  0.9363E-11
CALSDV   59   55  0.7986E-11  0.7979E-11
CALSDV   60   55  0.8732E-11  0.8731E-11
CALSDV   56   56  0.6304E-11  0.6287E-11
CALSDV   57   56  0.8782E-11  0.8776E-11
CALSDV   58   56  0.1111E-10  0.1112E-10
CALSDV   59   56  0.9775E-11  0.9804E-11
CALSDV   60   56  0.8219E-11  0.8235E-11
CALSDV   57   57  0.7091E-11  0.7224E-11
CALSDV   58   57  0.9035E-11  0.9023E-11
CALSDV   59   57  0.1153E-10  0.1164E-10
CALSDV   60   57  0.1022E-10  0.1024E-10
CALSDV   58   58  0.6821E-11  0.6808E-11
CALSDV   59   58  0.6766E-11  0.6776E-11
CALSDV   60   58  0.1236E-10  0.1253E-10
CALSDV   59   59  0.5773E-11  0.5772E-11
CALSDV   60   59  0.7143E-11  0.7108E-11
CALSDV   60   60  0.9356E-11  0.9520E-11
