  This file contains calibrated standard deviations 
       The relevant data lines start with key CALSDV 
       Each such line contains the following data 
           N   M   C_SIGMA   S_SIGMA 
                 FOR M=0 S_SIGMA=0.0 
     
CALSDV    0    0  0.0000E+00  0.0000E+00
CALSDV    1    0  0.0000E+00  0.0000E+00
CALSDV    2    0  0.7926E-10  0.0000E+00
CALSDV    3    0  0.1064E-10  0.0000E+00
CALSDV    4    0  0.4412E-11  0.0000E+00
CALSDV    5    0  0.2942E-11  0.0000E+00
CALSDV    6    0  0.2219E-11  0.0000E+00
CALSDV    7    0  0.1795E-11  0.0000E+00
CALSDV    8    0  0.1512E-11  0.0000E+00
CALSDV    9    0  0.1313E-11  0.0000E+00
CALSDV   10    0  0.1170E-11  0.0000E+00
CALSDV   11    0  0.1061E-11  0.0000E+00
CALSDV   12    0  0.9784E-12  0.0000E+00
CALSDV   13    0  0.9129E-12  0.0000E+00
CALSDV   14    0  0.8617E-12  0.0000E+00
CALSDV   15    0  0.8205E-12  0.0000E+00
CALSDV   16    0  0.7881E-12  0.0000E+00
CALSDV   17    0  0.7618E-12  0.0000E+00
CALSDV   18    0  0.7409E-12  0.0000E+00
CALSDV   19    0  0.7251E-12  0.0000E+00
CALSDV   20    0  0.7131E-12  0.0000E+00
CALSDV   21    0  0.7043E-12  0.0000E+00
CALSDV   22    0  0.6984E-12  0.0000E+00
CALSDV   23    0  0.6953E-12  0.0000E+00
CALSDV   24    0  0.6946E-12  0.0000E+00
CALSDV   25    0  0.6960E-12  0.0000E+00
CALSDV   26    0  0.6995E-12  0.0000E+00
CALSDV   27    0  0.7050E-12  0.0000E+00
CALSDV   28    0  0.7120E-12  0.0000E+00
CALSDV   29    0  0.7209E-12  0.0000E+00
CALSDV   30    0  0.7316E-12  0.0000E+00
CALSDV   31    0  0.7440E-12  0.0000E+00
CALSDV   32    0  0.7578E-12  0.0000E+00
CALSDV   33    0  0.7737E-12  0.0000E+00
CALSDV   34    0  0.7905E-12  0.0000E+00
CALSDV   35    0  0.8095E-12  0.0000E+00
CALSDV   36    0  0.8301E-12  0.0000E+00
CALSDV   37    0  0.8525E-12  0.0000E+00
CALSDV   38    0  0.8769E-12  0.0000E+00
CALSDV   39    0  0.9030E-12  0.0000E+00
CALSDV   40    0  0.9311E-12  0.0000E+00
CALSDV   41    0  0.9612E-12  0.0000E+00
CALSDV   42    0  0.9934E-12  0.0000E+00
CALSDV   43    0  0.1028E-11  0.0000E+00
CALSDV   44    0  0.1064E-11  0.0000E+00
CALSDV   45    0  0.1104E-11  0.0000E+00
CALSDV   46    0  0.1145E-11  0.0000E+00
CALSDV   47    0  0.1189E-11  0.0000E+00
CALSDV   48    0  0.1237E-11  0.0000E+00
CALSDV   49    0  0.1287E-11  0.0000E+00
CALSDV   50    0  0.1340E-11  0.0000E+00
CALSDV   51    0  0.1396E-11  0.0000E+00
CALSDV   52    0  0.1457E-11  0.0000E+00
CALSDV   53    0  0.1520E-11  0.0000E+00
CALSDV   54    0  0.1588E-11  0.0000E+00
CALSDV   55    0  0.1658E-11  0.0000E+00
CALSDV   56    0  0.1734E-11  0.0000E+00
CALSDV   57    0  0.1807E-11  0.0000E+00
CALSDV   58    0  0.1891E-11  0.0000E+00
CALSDV   59    0  0.1783E-11  0.0000E+00
CALSDV   60    0  0.1865E-11  0.0000E+00
CALSDV    1    1  0.0000E+00  0.0000E+00
CALSDV    2    1  0.3358E-10  0.3343E-10
CALSDV    3    1  0.9104E-11  0.9203E-11
CALSDV    4    1  0.4608E-11  0.4650E-11
CALSDV    5    1  0.3097E-11  0.3100E-11
CALSDV    6    1  0.2320E-11  0.2329E-11
CALSDV    7    1  0.1859E-11  0.1859E-11
CALSDV    8    1  0.1556E-11  0.1560E-11
CALSDV    9    1  0.1350E-11  0.1349E-11
CALSDV   10    1  0.1195E-11  0.1197E-11
CALSDV   11    1  0.1081E-11  0.1083E-11
CALSDV   12    1  0.9941E-12  0.9950E-12
CALSDV   13    1  0.9260E-12  0.9269E-12
CALSDV   14    1  0.8725E-12  0.8729E-12
CALSDV   15    1  0.8299E-12  0.8304E-12
CALSDV   16    1  0.7953E-12  0.7959E-12
CALSDV   17    1  0.7684E-12  0.7687E-12
CALSDV   18    1  0.7471E-12  0.7475E-12
CALSDV   19    1  0.7301E-12  0.7306E-12
CALSDV   20    1  0.7176E-12  0.7179E-12
CALSDV   21    1  0.7084E-12  0.7088E-12
CALSDV   22    1  0.7022E-12  0.7027E-12
CALSDV   23    1  0.6987E-12  0.6991E-12
CALSDV   24    1  0.6977E-12  0.6981E-12
CALSDV   25    1  0.6990E-12  0.6994E-12
CALSDV   26    1  0.7020E-12  0.7026E-12
CALSDV   27    1  0.7074E-12  0.7079E-12
CALSDV   28    1  0.7143E-12  0.7148E-12
CALSDV   29    1  0.7232E-12  0.7237E-12
CALSDV   30    1  0.7337E-12  0.7342E-12
CALSDV   31    1  0.7459E-12  0.7464E-12
CALSDV   32    1  0.7597E-12  0.7602E-12
CALSDV   33    1  0.7753E-12  0.7759E-12
CALSDV   34    1  0.7922E-12  0.7928E-12
CALSDV   35    1  0.8112E-12  0.8119E-12
CALSDV   36    1  0.8316E-12  0.8322E-12
CALSDV   37    1  0.8541E-12  0.8547E-12
CALSDV   38    1  0.8782E-12  0.8789E-12
CALSDV   39    1  0.9044E-12  0.9051E-12
CALSDV   40    1  0.9324E-12  0.9332E-12
CALSDV   41    1  0.9624E-12  0.9632E-12
CALSDV   42    1  0.9946E-12  0.9954E-12
CALSDV   43    1  0.1029E-11  0.1030E-11
CALSDV   44    1  0.1066E-11  0.1066E-11
CALSDV   45    1  0.1105E-11  0.1106E-11
CALSDV   46    1  0.1146E-11  0.1147E-11
CALSDV   47    1  0.1191E-11  0.1192E-11
CALSDV   48    1  0.1238E-11  0.1239E-11
CALSDV   49    1  0.1288E-11  0.1289E-11
CALSDV   50    1  0.1341E-11  0.1342E-11
CALSDV   51    1  0.1397E-11  0.1399E-11
CALSDV   52    1  0.1457E-11  0.1459E-11
CALSDV   53    1  0.1521E-11  0.1522E-11
CALSDV   54    1  0.1588E-11  0.1590E-11
CALSDV   55    1  0.1659E-11  0.1660E-11
CALSDV   56    1  0.1735E-11  0.1737E-11
CALSDV   57    1  0.1807E-11  0.1809E-11
CALSDV   58    1  0.1892E-11  0.1894E-11
CALSDV   59    1  0.1787E-11  0.1788E-11
CALSDV   60    1  0.1868E-11  0.1870E-11
CALSDV    2    2  0.2614E-10  0.2229E-10
CALSDV    3    2  0.1293E-10  0.1328E-10
CALSDV    4    2  0.6377E-11  0.6353E-11
CALSDV    5    2  0.3907E-11  0.3914E-11
CALSDV    6    2  0.2833E-11  0.2828E-11
CALSDV    7    2  0.2167E-11  0.2164E-11
CALSDV    8    2  0.1781E-11  0.1777E-11
CALSDV    9    2  0.1501E-11  0.1499E-11
CALSDV   10    2  0.1315E-11  0.1312E-11
CALSDV   11    2  0.1170E-11  0.1168E-11
CALSDV   12    2  0.1067E-11  0.1065E-11
CALSDV   13    2  0.9839E-12  0.9820E-12
CALSDV   14    2  0.9212E-12  0.9194E-12
CALSDV   15    2  0.8699E-12  0.8685E-12
CALSDV   16    2  0.8307E-12  0.8289E-12
CALSDV   17    2  0.7983E-12  0.7967E-12
CALSDV   18    2  0.7734E-12  0.7719E-12
CALSDV   19    2  0.7536E-12  0.7522E-12
CALSDV   20    2  0.7385E-12  0.7370E-12
CALSDV   21    2  0.7272E-12  0.7258E-12
CALSDV   22    2  0.7193E-12  0.7180E-12
CALSDV   23    2  0.7143E-12  0.7130E-12
CALSDV   24    2  0.7122E-12  0.7107E-12
CALSDV   25    2  0.7123E-12  0.7110E-12
CALSDV   26    2  0.7145E-12  0.7131E-12
CALSDV   27    2  0.7190E-12  0.7175E-12
CALSDV   28    2  0.7254E-12  0.7241E-12
CALSDV   29    2  0.7337E-12  0.7322E-12
CALSDV   30    2  0.7434E-12  0.7420E-12
CALSDV   31    2  0.7554E-12  0.7540E-12
CALSDV   32    2  0.7685E-12  0.7670E-12
CALSDV   33    2  0.7839E-12  0.7824E-12
CALSDV   34    2  0.8007E-12  0.7992E-12
CALSDV   35    2  0.8194E-12  0.8178E-12
CALSDV   36    2  0.8396E-12  0.8380E-12
CALSDV   37    2  0.8619E-12  0.8603E-12
CALSDV   38    2  0.8857E-12  0.8841E-12
CALSDV   39    2  0.9118E-12  0.9100E-12
CALSDV   40    2  0.9396E-12  0.9378E-12
CALSDV   41    2  0.9696E-12  0.9678E-12
CALSDV   42    2  0.1002E-11  0.9998E-12
CALSDV   43    2  0.1036E-11  0.1034E-11
CALSDV   44    2  0.1073E-11  0.1070E-11
CALSDV   45    2  0.1112E-11  0.1110E-11
CALSDV   46    2  0.1153E-11  0.1151E-11
CALSDV   47    2  0.1197E-11  0.1195E-11
CALSDV   48    2  0.1245E-11  0.1242E-11
CALSDV   49    2  0.1295E-11  0.1292E-11
CALSDV   50    2  0.1348E-11  0.1345E-11
CALSDV   51    2  0.1404E-11  0.1402E-11
CALSDV   52    2  0.1465E-11  0.1462E-11
CALSDV   53    2  0.1528E-11  0.1525E-11
CALSDV   54    2  0.1596E-11  0.1593E-11
CALSDV   55    2  0.1667E-11  0.1664E-11
CALSDV   56    2  0.1743E-11  0.1740E-11
CALSDV   57    2  0.1817E-11  0.1814E-11
CALSDV   58    2  0.1902E-11  0.1899E-11
CALSDV   59    2  0.1812E-11  0.1809E-11
CALSDV   60    2  0.1893E-11  0.1889E-11
CALSDV    3    3  0.2933E-10  0.2900E-10
CALSDV    4    3  0.1186E-10  0.1181E-10
CALSDV    5    3  0.8190E-11  0.8170E-11
CALSDV    6    3  0.4218E-11  0.4250E-11
CALSDV    7    3  0.3924E-11  0.3917E-11
CALSDV    8    3  0.2377E-11  0.2391E-11
CALSDV    9    3  0.2352E-11  0.2346E-11
CALSDV   10    3  0.1638E-11  0.1647E-11
CALSDV   11    3  0.1637E-11  0.1634E-11
CALSDV   12    3  0.1262E-11  0.1265E-11
CALSDV   13    3  0.1264E-11  0.1261E-11
CALSDV   14    3  0.1048E-11  0.1050E-11
CALSDV   15    3  0.1052E-11  0.1049E-11
CALSDV   16    3  0.9197E-12  0.9204E-12
CALSDV   17    3  0.9228E-12  0.9210E-12
CALSDV   18    3  0.8390E-12  0.8388E-12
CALSDV   19    3  0.8430E-12  0.8407E-12
CALSDV   20    3  0.7888E-12  0.7889E-12
CALSDV   21    3  0.7942E-12  0.7925E-12
CALSDV   22    3  0.7596E-12  0.7589E-12
CALSDV   23    3  0.7666E-12  0.7648E-12
CALSDV   24    3  0.7450E-12  0.7441E-12
CALSDV   25    3  0.7538E-12  0.7523E-12
CALSDV   26    3  0.7423E-12  0.7411E-12
CALSDV   27    3  0.7533E-12  0.7516E-12
CALSDV   28    3  0.7490E-12  0.7478E-12
CALSDV   29    3  0.7624E-12  0.7607E-12
CALSDV   30    3  0.7643E-12  0.7628E-12
CALSDV   31    3  0.7800E-12  0.7781E-12
CALSDV   32    3  0.7871E-12  0.7855E-12
CALSDV   33    3  0.8054E-12  0.8036E-12
CALSDV   34    3  0.8174E-12  0.8158E-12
CALSDV   35    3  0.8386E-12  0.8367E-12
CALSDV   36    3  0.8550E-12  0.8533E-12
CALSDV   37    3  0.8793E-12  0.8773E-12
CALSDV   38    3  0.8998E-12  0.8980E-12
CALSDV   39    3  0.9276E-12  0.9254E-12
CALSDV   40    3  0.9528E-12  0.9508E-12
CALSDV   41    3  0.9841E-12  0.9818E-12
CALSDV   42    3  0.1014E-11  0.1012E-11
CALSDV   43    3  0.1050E-11  0.1047E-11
CALSDV   44    3  0.1084E-11  0.1082E-11
CALSDV   45    3  0.1125E-11  0.1122E-11
CALSDV   46    3  0.1165E-11  0.1162E-11
CALSDV   47    3  0.1210E-11  0.1207E-11
CALSDV   48    3  0.1256E-11  0.1253E-11
CALSDV   49    3  0.1307E-11  0.1304E-11
CALSDV   50    3  0.1359E-11  0.1356E-11
CALSDV   51    3  0.1416E-11  0.1413E-11
CALSDV   52    3  0.1476E-11  0.1472E-11
CALSDV   53    3  0.1540E-11  0.1537E-11
CALSDV   54    3  0.1607E-11  0.1604E-11
CALSDV   55    3  0.1680E-11  0.1676E-11
CALSDV   56    3  0.1755E-11  0.1751E-11
CALSDV   57    3  0.1833E-11  0.1829E-11
CALSDV   58    3  0.1918E-11  0.1913E-11
CALSDV   59    3  0.1859E-11  0.1855E-11
CALSDV   60    3  0.1939E-11  0.1935E-11
CALSDV    4    4  0.1356E-10  0.1350E-10
CALSDV    5    4  0.1196E-10  0.1224E-10
CALSDV    6    4  0.5128E-11  0.5147E-11
CALSDV    7    4  0.4425E-11  0.4498E-11
CALSDV    8    4  0.2840E-11  0.2852E-11
CALSDV    9    4  0.2451E-11  0.2476E-11
CALSDV   10    4  0.1880E-11  0.1892E-11
CALSDV   11    4  0.1672E-11  0.1681E-11
CALSDV   12    4  0.1413E-11  0.1420E-11
CALSDV   13    4  0.1295E-11  0.1300E-11
CALSDV   14    4  0.1153E-11  0.1158E-11
CALSDV   15    4  0.1085E-11  0.1088E-11
CALSDV   16    4  0.9966E-12  0.1001E-11
CALSDV   17    4  0.9560E-12  0.9574E-12
CALSDV   18    4  0.8995E-12  0.9027E-12
CALSDV   19    4  0.8752E-12  0.8763E-12
CALSDV   20    4  0.8382E-12  0.8408E-12
CALSDV   21    4  0.8245E-12  0.8255E-12
CALSDV   22    4  0.8007E-12  0.8026E-12
CALSDV   23    4  0.7944E-12  0.7955E-12
CALSDV   24    4  0.7803E-12  0.7821E-12
CALSDV   25    4  0.7797E-12  0.7807E-12
CALSDV   26    4  0.7730E-12  0.7747E-12
CALSDV   27    4  0.7772E-12  0.7782E-12
CALSDV   28    4  0.7761E-12  0.7777E-12
CALSDV   29    4  0.7844E-12  0.7854E-12
CALSDV   30    4  0.7886E-12  0.7899E-12
CALSDV   31    4  0.8004E-12  0.8014E-12
CALSDV   32    4  0.8091E-12  0.8104E-12
CALSDV   33    4  0.8245E-12  0.8256E-12
CALSDV   34    4  0.8376E-12  0.8388E-12
CALSDV   35    4  0.8563E-12  0.8574E-12
CALSDV   36    4  0.8736E-12  0.8750E-12
CALSDV   37    4  0.8960E-12  0.8972E-12
CALSDV   38    4  0.9172E-12  0.9186E-12
CALSDV   39    4  0.9434E-12  0.9446E-12
CALSDV   40    4  0.9688E-12  0.9703E-12
CALSDV   41    4  0.9990E-12  0.1000E-11
CALSDV   42    4  0.1029E-11  0.1031E-11
CALSDV   43    4  0.1064E-11  0.1065E-11
CALSDV   44    4  0.1099E-11  0.1100E-11
CALSDV   45    4  0.1138E-11  0.1139E-11
CALSDV   46    4  0.1178E-11  0.1180E-11
CALSDV   47    4  0.1222E-11  0.1224E-11
CALSDV   48    4  0.1268E-11  0.1270E-11
CALSDV   49    4  0.1319E-11  0.1320E-11
CALSDV   50    4  0.1371E-11  0.1373E-11
CALSDV   51    4  0.1428E-11  0.1430E-11
CALSDV   52    4  0.1487E-11  0.1489E-11
CALSDV   53    4  0.1552E-11  0.1554E-11
CALSDV   54    4  0.1619E-11  0.1621E-11
CALSDV   55    4  0.1691E-11  0.1693E-11
CALSDV   56    4  0.1767E-11  0.1769E-11
CALSDV   57    4  0.1847E-11  0.1849E-11
CALSDV   58    4  0.1932E-11  0.1934E-11
CALSDV   59    4  0.1899E-11  0.1901E-11
CALSDV   60    4  0.1981E-11  0.1983E-11
CALSDV    5    5  0.2104E-10  0.2103E-10
CALSDV    6    5  0.9230E-11  0.9227E-11
CALSDV    7    5  0.5892E-11  0.5881E-11
CALSDV    8    5  0.3711E-11  0.3713E-11
CALSDV    9    5  0.3441E-11  0.3441E-11
CALSDV   10    5  0.2278E-11  0.2282E-11
CALSDV   11    5  0.2350E-11  0.2352E-11
CALSDV   12    5  0.1708E-11  0.1712E-11
CALSDV   13    5  0.1765E-11  0.1765E-11
CALSDV   14    5  0.1390E-11  0.1390E-11
CALSDV   15    5  0.1417E-11  0.1417E-11
CALSDV   16    5  0.1189E-11  0.1189E-11
CALSDV   17    5  0.1198E-11  0.1199E-11
CALSDV   18    5  0.1056E-11  0.1056E-11
CALSDV   19    5  0.1057E-11  0.1058E-11
CALSDV   20    5  0.9659E-12  0.9661E-12
CALSDV   21    5  0.9648E-12  0.9661E-12
CALSDV   22    5  0.9058E-12  0.9062E-12
CALSDV   23    5  0.9056E-12  0.9063E-12
CALSDV   24    5  0.8682E-12  0.8687E-12
CALSDV   25    5  0.8698E-12  0.8706E-12
CALSDV   26    5  0.8473E-12  0.8480E-12
CALSDV   27    5  0.8510E-12  0.8522E-12
CALSDV   28    5  0.8400E-12  0.8405E-12
CALSDV   29    5  0.8467E-12  0.8473E-12
CALSDV   30    5  0.8437E-12  0.8445E-12
CALSDV   31    5  0.8534E-12  0.8539E-12
CALSDV   32    5  0.8576E-12  0.8582E-12
CALSDV   33    5  0.8704E-12  0.8710E-12
CALSDV   34    5  0.8804E-12  0.8811E-12
CALSDV   35    5  0.8967E-12  0.8975E-12
CALSDV   36    5  0.9118E-12  0.9125E-12
CALSDV   37    5  0.9317E-12  0.9325E-12
CALSDV   38    5  0.9518E-12  0.9526E-12
CALSDV   39    5  0.9757E-12  0.9763E-12
CALSDV   40    5  0.1000E-11  0.1001E-11
CALSDV   41    5  0.1028E-11  0.1029E-11
CALSDV   42    5  0.1058E-11  0.1059E-11
CALSDV   43    5  0.1090E-11  0.1091E-11
CALSDV   44    5  0.1125E-11  0.1126E-11
CALSDV   45    5  0.1162E-11  0.1163E-11
CALSDV   46    5  0.1203E-11  0.1204E-11
CALSDV   47    5  0.1245E-11  0.1246E-11
CALSDV   48    5  0.1292E-11  0.1293E-11
CALSDV   49    5  0.1340E-11  0.1341E-11
CALSDV   50    5  0.1393E-11  0.1394E-11
CALSDV   51    5  0.1448E-11  0.1449E-11
CALSDV   52    5  0.1508E-11  0.1509E-11
CALSDV   53    5  0.1571E-11  0.1572E-11
CALSDV   54    5  0.1639E-11  0.1640E-11
CALSDV   55    5  0.1710E-11  0.1712E-11
CALSDV   56    5  0.1787E-11  0.1788E-11
CALSDV   57    5  0.1867E-11  0.1869E-11
CALSDV   58    5  0.1953E-11  0.1955E-11
CALSDV   59    5  0.1941E-11  0.1942E-11
CALSDV   60    5  0.2026E-11  0.2027E-11
CALSDV    6    6  0.1006E-10  0.1006E-10
CALSDV    7    6  0.1089E-10  0.1098E-10
CALSDV    8    6  0.4894E-11  0.4884E-11
CALSDV    9    6  0.5071E-11  0.5129E-11
CALSDV   10    6  0.3164E-11  0.3148E-11
CALSDV   11    6  0.3017E-11  0.3050E-11
CALSDV   12    6  0.2191E-11  0.2174E-11
CALSDV   13    6  0.2092E-11  0.2110E-11
CALSDV   14    6  0.1650E-11  0.1637E-11
CALSDV   15    6  0.1608E-11  0.1618E-11
CALSDV   16    6  0.1340E-11  0.1329E-11
CALSDV   17    6  0.1329E-11  0.1335E-11
CALSDV   18    6  0.1153E-11  0.1146E-11
CALSDV   19    6  0.1156E-11  0.1159E-11
CALSDV   20    6  0.1035E-11  0.1030E-11
CALSDV   21    6  0.1045E-11  0.1046E-11
CALSDV   22    6  0.9614E-12  0.9566E-12
CALSDV   23    6  0.9741E-12  0.9743E-12
CALSDV   24    6  0.9148E-12  0.9116E-12
CALSDV   25    6  0.9294E-12  0.9297E-12
CALSDV   26    6  0.8896E-12  0.8861E-12
CALSDV   27    6  0.9053E-12  0.9040E-12
CALSDV   28    6  0.8783E-12  0.8761E-12
CALSDV   29    6  0.8953E-12  0.8944E-12
CALSDV   30    6  0.8799E-12  0.8775E-12
CALSDV   31    6  0.8984E-12  0.8973E-12
CALSDV   32    6  0.8920E-12  0.8897E-12
CALSDV   33    6  0.9121E-12  0.9111E-12
CALSDV   34    6  0.9131E-12  0.9113E-12
CALSDV   35    6  0.9357E-12  0.9343E-12
CALSDV   36    6  0.9434E-12  0.9413E-12
CALSDV   37    6  0.9685E-12  0.9665E-12
CALSDV   38    6  0.9824E-12  0.9801E-12
CALSDV   39    6  0.1010E-11  0.1009E-11
CALSDV   40    6  0.1030E-11  0.1027E-11
CALSDV   41    6  0.1061E-11  0.1059E-11
CALSDV   42    6  0.1086E-11  0.1084E-11
CALSDV   43    6  0.1121E-11  0.1119E-11
CALSDV   44    6  0.1153E-11  0.1150E-11
CALSDV   45    6  0.1192E-11  0.1190E-11
CALSDV   46    6  0.1230E-11  0.1227E-11
CALSDV   47    6  0.1274E-11  0.1271E-11
CALSDV   48    6  0.1318E-11  0.1315E-11
CALSDV   49    6  0.1368E-11  0.1365E-11
CALSDV   50    6  0.1418E-11  0.1415E-11
CALSDV   51    6  0.1475E-11  0.1471E-11
CALSDV   52    6  0.1533E-11  0.1530E-11
CALSDV   53    6  0.1596E-11  0.1593E-11
CALSDV   54    6  0.1663E-11  0.1659E-11
CALSDV   55    6  0.1735E-11  0.1732E-11
CALSDV   56    6  0.1811E-11  0.1807E-11
CALSDV   57    6  0.1894E-11  0.1890E-11
CALSDV   58    6  0.1978E-11  0.1974E-11
CALSDV   59    6  0.1990E-11  0.1987E-11
CALSDV   60    6  0.2073E-11  0.2069E-11
CALSDV    7    7  0.1410E-10  0.1408E-10
CALSDV    8    7  0.8636E-11  0.8622E-11
CALSDV    9    7  0.5186E-11  0.5197E-11
CALSDV   10    7  0.3617E-11  0.3601E-11
CALSDV   11    7  0.3168E-11  0.3171E-11
CALSDV   12    7  0.2186E-11  0.2176E-11
CALSDV   13    7  0.2180E-11  0.2179E-11
CALSDV   14    7  0.1718E-11  0.1712E-11
CALSDV   15    7  0.1659E-11  0.1656E-11
CALSDV   16    7  0.1480E-11  0.1480E-11
CALSDV   17    7  0.1367E-11  0.1364E-11
CALSDV   18    7  0.1324E-11  0.1324E-11
CALSDV   19    7  0.1192E-11  0.1190E-11
CALSDV   20    7  0.1209E-11  0.1210E-11
CALSDV   21    7  0.1083E-11  0.1081E-11
CALSDV   22    7  0.1125E-11  0.1126E-11
CALSDV   23    7  0.1013E-11  0.1013E-11
CALSDV   24    7  0.1063E-11  0.1064E-11
CALSDV   25    7  0.9704E-12  0.9708E-12
CALSDV   26    7  0.1020E-11  0.1021E-11
CALSDV   27    7  0.9462E-12  0.9464E-12
CALSDV   28    7  0.9943E-12  0.9952E-12
CALSDV   29    7  0.9363E-12  0.9367E-12
CALSDV   30    7  0.9819E-12  0.9827E-12
CALSDV   31    7  0.9380E-12  0.9389E-12
CALSDV   32    7  0.9817E-12  0.9826E-12
CALSDV   33    7  0.9506E-12  0.9512E-12
CALSDV   34    7  0.9925E-12  0.9932E-12
CALSDV   35    7  0.9724E-12  0.9731E-12
CALSDV   36    7  0.1013E-11  0.1014E-11
CALSDV   37    7  0.1004E-11  0.1004E-11
CALSDV   38    7  0.1044E-11  0.1045E-11
CALSDV   39    7  0.1043E-11  0.1044E-11
CALSDV   40    7  0.1085E-11  0.1086E-11
CALSDV   41    7  0.1093E-11  0.1094E-11
CALSDV   42    7  0.1136E-11  0.1137E-11
CALSDV   43    7  0.1152E-11  0.1152E-11
CALSDV   44    7  0.1197E-11  0.1198E-11
CALSDV   45    7  0.1220E-11  0.1221E-11
CALSDV   46    7  0.1270E-11  0.1271E-11
CALSDV   47    7  0.1300E-11  0.1302E-11
CALSDV   48    7  0.1354E-11  0.1355E-11
CALSDV   49    7  0.1392E-11  0.1394E-11
CALSDV   50    7  0.1451E-11  0.1452E-11
CALSDV   51    7  0.1498E-11  0.1499E-11
CALSDV   52    7  0.1562E-11  0.1563E-11
CALSDV   53    7  0.1618E-11  0.1620E-11
CALSDV   54    7  0.1690E-11  0.1691E-11
CALSDV   55    7  0.1756E-11  0.1757E-11
CALSDV   56    7  0.1836E-11  0.1837E-11
CALSDV   57    7  0.1914E-11  0.1915E-11
CALSDV   58    7  0.2003E-11  0.2004E-11
CALSDV   59    7  0.2026E-11  0.2027E-11
CALSDV   60    7  0.2116E-11  0.2118E-11
CALSDV    8    8  0.7532E-11  0.7560E-11
CALSDV    9    8  0.7604E-11  0.7637E-11
CALSDV   10    8  0.4688E-11  0.4721E-11
CALSDV   11    8  0.4031E-11  0.4039E-11
CALSDV   12    8  0.3413E-11  0.3450E-11
CALSDV   13    8  0.2853E-11  0.2852E-11
CALSDV   14    8  0.2472E-11  0.2505E-11
CALSDV   15    8  0.2263E-11  0.2260E-11
CALSDV   16    8  0.1887E-11  0.1913E-11
CALSDV   17    8  0.1882E-11  0.1879E-11
CALSDV   18    8  0.1538E-11  0.1555E-11
CALSDV   19    8  0.1617E-11  0.1613E-11
CALSDV   20    8  0.1326E-11  0.1339E-11
CALSDV   21    8  0.1428E-11  0.1426E-11
CALSDV   22    8  0.1194E-11  0.1204E-11
CALSDV   23    8  0.1294E-11  0.1292E-11
CALSDV   24    8  0.1112E-11  0.1119E-11
CALSDV   25    8  0.1199E-11  0.1198E-11
CALSDV   26    8  0.1061E-11  0.1066E-11
CALSDV   27    8  0.1135E-11  0.1134E-11
CALSDV   28    8  0.1032E-11  0.1036E-11
CALSDV   29    8  0.1094E-11  0.1093E-11
CALSDV   30    8  0.1019E-11  0.1022E-11
CALSDV   31    8  0.1071E-11  0.1070E-11
CALSDV   32    8  0.1020E-11  0.1022E-11
CALSDV   33    8  0.1065E-11  0.1064E-11
CALSDV   34    8  0.1031E-11  0.1033E-11
CALSDV   35    8  0.1071E-11  0.1071E-11
CALSDV   36    8  0.1053E-11  0.1054E-11
CALSDV   37    8  0.1090E-11  0.1090E-11
CALSDV   38    8  0.1084E-11  0.1085E-11
CALSDV   39    8  0.1121E-11  0.1119E-11
CALSDV   40    8  0.1125E-11  0.1125E-11
CALSDV   41    8  0.1161E-11  0.1161E-11
CALSDV   42    8  0.1176E-11  0.1176E-11
CALSDV   43    8  0.1213E-11  0.1212E-11
CALSDV   44    8  0.1236E-11  0.1236E-11
CALSDV   45    8  0.1276E-11  0.1275E-11
CALSDV   46    8  0.1308E-11  0.1307E-11
CALSDV   47    8  0.1351E-11  0.1350E-11
CALSDV   48    8  0.1391E-11  0.1390E-11
CALSDV   49    8  0.1439E-11  0.1438E-11
CALSDV   50    8  0.1487E-11  0.1486E-11
CALSDV   51    8  0.1540E-11  0.1539E-11
CALSDV   52    8  0.1597E-11  0.1596E-11
CALSDV   53    8  0.1657E-11  0.1656E-11
CALSDV   54    8  0.1723E-11  0.1722E-11
CALSDV   55    8  0.1792E-11  0.1791E-11
CALSDV   56    8  0.1867E-11  0.1866E-11
CALSDV   57    8  0.1949E-11  0.1947E-11
CALSDV   58    8  0.2035E-11  0.2033E-11
CALSDV   59    8  0.2081E-11  0.2079E-11
CALSDV   60    8  0.2167E-11  0.2166E-11
CALSDV    9    9  0.9587E-11  0.9604E-11
CALSDV   10    9  0.8011E-11  0.7978E-11
CALSDV   11    9  0.4910E-11  0.4907E-11
CALSDV   12    9  0.3735E-11  0.3715E-11
CALSDV   13    9  0.3317E-11  0.3313E-11
CALSDV   14    9  0.2327E-11  0.2316E-11
CALSDV   15    9  0.2291E-11  0.2289E-11
CALSDV   16    9  0.1843E-11  0.1836E-11
CALSDV   17    9  0.1704E-11  0.1704E-11
CALSDV   18    9  0.1608E-11  0.1604E-11
CALSDV   19    9  0.1389E-11  0.1390E-11
CALSDV   20    9  0.1456E-11  0.1453E-11
CALSDV   21    9  0.1224E-11  0.1225E-11
CALSDV   22    9  0.1345E-11  0.1342E-11
CALSDV   23    9  0.1135E-11  0.1135E-11
CALSDV   24    9  0.1262E-11  0.1260E-11
CALSDV   25    9  0.1088E-11  0.1088E-11
CALSDV   26    9  0.1201E-11  0.1199E-11
CALSDV   27    9  0.1064E-11  0.1063E-11
CALSDV   28    9  0.1159E-11  0.1157E-11
CALSDV   29    9  0.1054E-11  0.1053E-11
CALSDV   30    9  0.1133E-11  0.1131E-11
CALSDV   31    9  0.1055E-11  0.1055E-11
CALSDV   32    9  0.1120E-11  0.1119E-11
CALSDV   33    9  0.1066E-11  0.1066E-11
CALSDV   34    9  0.1120E-11  0.1119E-11
CALSDV   35    9  0.1085E-11  0.1084E-11
CALSDV   36    9  0.1132E-11  0.1131E-11
CALSDV   37    9  0.1113E-11  0.1112E-11
CALSDV   38    9  0.1155E-11  0.1154E-11
CALSDV   39    9  0.1149E-11  0.1148E-11
CALSDV   40    9  0.1189E-11  0.1188E-11
CALSDV   41    9  0.1193E-11  0.1192E-11
CALSDV   42    9  0.1233E-11  0.1232E-11
CALSDV   43    9  0.1247E-11  0.1246E-11
CALSDV   44    9  0.1288E-11  0.1287E-11
CALSDV   45    9  0.1311E-11  0.1310E-11
CALSDV   46    9  0.1355E-11  0.1354E-11
CALSDV   47    9  0.1386E-11  0.1385E-11
CALSDV   48    9  0.1434E-11  0.1433E-11
CALSDV   49    9  0.1474E-11  0.1472E-11
CALSDV   50    9  0.1527E-11  0.1525E-11
CALSDV   51    9  0.1574E-11  0.1572E-11
CALSDV   52    9  0.1633E-11  0.1631E-11
CALSDV   53    9  0.1689E-11  0.1688E-11
CALSDV   54    9  0.1756E-11  0.1754E-11
CALSDV   55    9  0.1822E-11  0.1820E-11
CALSDV   56    9  0.1898E-11  0.1896E-11
CALSDV   57    9  0.1977E-11  0.1975E-11
CALSDV   58    9  0.2063E-11  0.2061E-11
CALSDV   59    9  0.2122E-11  0.2119E-11
CALSDV   60    9  0.2207E-11  0.2204E-11
CALSDV   10   10  0.7725E-11  0.7758E-11
CALSDV   11   10  0.6418E-11  0.6386E-11
CALSDV   12   10  0.4419E-11  0.4432E-11
CALSDV   13   10  0.3260E-11  0.3233E-11
CALSDV   14   10  0.3527E-11  0.3539E-11
CALSDV   15   10  0.2524E-11  0.2507E-11
CALSDV   16   10  0.2731E-11  0.2743E-11
CALSDV   17   10  0.2246E-11  0.2233E-11
CALSDV   18   10  0.2181E-11  0.2193E-11
CALSDV   19   10  0.2023E-11  0.2012E-11
CALSDV   20   10  0.1831E-11  0.1842E-11
CALSDV   21   10  0.1827E-11  0.1818E-11
CALSDV   22   10  0.1609E-11  0.1617E-11
CALSDV   23   10  0.1663E-11  0.1656E-11
CALSDV   24   10  0.1464E-11  0.1471E-11
CALSDV   25   10  0.1534E-11  0.1528E-11
CALSDV   26   10  0.1369E-11  0.1376E-11
CALSDV   27   10  0.1435E-11  0.1430E-11
CALSDV   28   10  0.1306E-11  0.1312E-11
CALSDV   29   10  0.1362E-11  0.1358E-11
CALSDV   30   10  0.1266E-11  0.1272E-11
CALSDV   31   10  0.1311E-11  0.1308E-11
CALSDV   32   10  0.1245E-11  0.1249E-11
CALSDV   33   10  0.1280E-11  0.1278E-11
CALSDV   34   10  0.1237E-11  0.1240E-11
CALSDV   35   10  0.1265E-11  0.1264E-11
CALSDV   36   10  0.1242E-11  0.1245E-11
CALSDV   37   10  0.1266E-11  0.1265E-11
CALSDV   38   10  0.1258E-11  0.1261E-11
CALSDV   39   10  0.1280E-11  0.1279E-11
CALSDV   40   10  0.1285E-11  0.1288E-11
CALSDV   41   10  0.1307E-11  0.1306E-11
CALSDV   42   10  0.1323E-11  0.1325E-11
CALSDV   43   10  0.1346E-11  0.1346E-11
CALSDV   44   10  0.1373E-11  0.1374E-11
CALSDV   45   10  0.1398E-11  0.1398E-11
CALSDV   46   10  0.1433E-11  0.1434E-11
CALSDV   47   10  0.1462E-11  0.1462E-11
CALSDV   48   10  0.1506E-11  0.1507E-11
CALSDV   49   10  0.1540E-11  0.1540E-11
CALSDV   50   10  0.1592E-11  0.1593E-11
CALSDV   51   10  0.1632E-11  0.1633E-11
CALSDV   52   10  0.1693E-11  0.1694E-11
CALSDV   53   10  0.1741E-11  0.1741E-11
CALSDV   54   10  0.1810E-11  0.1811E-11
CALSDV   55   10  0.1867E-11  0.1868E-11
CALSDV   56   10  0.1946E-11  0.1947E-11
CALSDV   57   10  0.2018E-11  0.2019E-11
CALSDV   58   10  0.2107E-11  0.2109E-11
CALSDV   59   10  0.2176E-11  0.2177E-11
CALSDV   60   10  0.2269E-11  0.2271E-11
CALSDV   11   11  0.6937E-11  0.7009E-11
CALSDV   12   11  0.7533E-11  0.7540E-11
CALSDV   13   11  0.4619E-11  0.4633E-11
CALSDV   14   11  0.4029E-11  0.4027E-11
CALSDV   15   11  0.3499E-11  0.3508E-11
CALSDV   16   11  0.2738E-11  0.2738E-11
CALSDV   17   11  0.2505E-11  0.2511E-11
CALSDV   18   11  0.2173E-11  0.2172E-11
CALSDV   19   11  0.1862E-11  0.1866E-11
CALSDV   20   11  0.1843E-11  0.1843E-11
CALSDV   21   11  0.1504E-11  0.1508E-11
CALSDV   22   11  0.1625E-11  0.1624E-11
CALSDV   23   11  0.1326E-11  0.1329E-11
CALSDV   24   11  0.1473E-11  0.1472E-11
CALSDV   25   11  0.1244E-11  0.1247E-11
CALSDV   26   11  0.1369E-11  0.1368E-11
CALSDV   27   11  0.1210E-11  0.1213E-11
CALSDV   28   11  0.1299E-11  0.1298E-11
CALSDV   29   11  0.1200E-11  0.1202E-11
CALSDV   30   11  0.1255E-11  0.1255E-11
CALSDV   31   11  0.1202E-11  0.1204E-11
CALSDV   32   11  0.1233E-11  0.1232E-11
CALSDV   33   11  0.1213E-11  0.1215E-11
CALSDV   34   11  0.1226E-11  0.1227E-11
CALSDV   35   11  0.1232E-11  0.1233E-11
CALSDV   36   11  0.1235E-11  0.1235E-11
CALSDV   37   11  0.1257E-11  0.1258E-11
CALSDV   38   11  0.1255E-11  0.1255E-11
CALSDV   39   11  0.1288E-11  0.1289E-11
CALSDV   40   11  0.1286E-11  0.1286E-11
CALSDV   41   11  0.1328E-11  0.1329E-11
CALSDV   42   11  0.1328E-11  0.1328E-11
CALSDV   43   11  0.1376E-11  0.1377E-11
CALSDV   44   11  0.1382E-11  0.1382E-11
CALSDV   45   11  0.1434E-11  0.1434E-11
CALSDV   46   11  0.1446E-11  0.1446E-11
CALSDV   47   11  0.1501E-11  0.1502E-11
CALSDV   48   11  0.1522E-11  0.1522E-11
CALSDV   49   11  0.1581E-11  0.1581E-11
CALSDV   50   11  0.1611E-11  0.1611E-11
CALSDV   51   11  0.1673E-11  0.1673E-11
CALSDV   52   11  0.1714E-11  0.1714E-11
CALSDV   53   11  0.1780E-11  0.1781E-11
CALSDV   54   11  0.1832E-11  0.1832E-11
CALSDV   55   11  0.1905E-11  0.1905E-11
CALSDV   56   11  0.1969E-11  0.1969E-11
CALSDV   57   11  0.2052E-11  0.2053E-11
CALSDV   58   11  0.2129E-11  0.2130E-11
CALSDV   59   11  0.2219E-11  0.2220E-11
CALSDV   60   11  0.2295E-11  0.2295E-11
CALSDV   12   12  0.6928E-11  0.6792E-11
CALSDV   13   12  0.6323E-11  0.6324E-11
CALSDV   14   12  0.4275E-11  0.4262E-11
CALSDV   15   12  0.3125E-11  0.3127E-11
CALSDV   16   12  0.3396E-11  0.3390E-11
CALSDV   17   12  0.2374E-11  0.2381E-11
CALSDV   18   12  0.2617E-11  0.2611E-11
CALSDV   19   12  0.2188E-11  0.2195E-11
CALSDV   20   12  0.2120E-11  0.2116E-11
CALSDV   21   12  0.2045E-11  0.2051E-11
CALSDV   22   12  0.1842E-11  0.1837E-11
CALSDV   23   12  0.1900E-11  0.1906E-11
CALSDV   24   12  0.1690E-11  0.1686E-11
CALSDV   25   12  0.1768E-11  0.1773E-11
CALSDV   26   12  0.1600E-11  0.1599E-11
CALSDV   27   12  0.1658E-11  0.1662E-11
CALSDV   28   12  0.1545E-11  0.1544E-11
CALSDV   29   12  0.1572E-11  0.1575E-11
CALSDV   30   12  0.1509E-11  0.1508E-11
CALSDV   31   12  0.1509E-11  0.1511E-11
CALSDV   32   12  0.1486E-11  0.1485E-11
CALSDV   33   12  0.1466E-11  0.1467E-11
CALSDV   34   12  0.1473E-11  0.1473E-11
CALSDV   35   12  0.1440E-11  0.1441E-11
CALSDV   36   12  0.1470E-11  0.1470E-11
CALSDV   37   12  0.1431E-11  0.1431E-11
CALSDV   38   12  0.1477E-11  0.1476E-11
CALSDV   39   12  0.1437E-11  0.1436E-11
CALSDV   40   12  0.1493E-11  0.1492E-11
CALSDV   41   12  0.1455E-11  0.1454E-11
CALSDV   42   12  0.1519E-11  0.1518E-11
CALSDV   43   12  0.1486E-11  0.1485E-11
CALSDV   44   12  0.1556E-11  0.1554E-11
CALSDV   45   12  0.1530E-11  0.1529E-11
CALSDV   46   12  0.1603E-11  0.1602E-11
CALSDV   47   12  0.1587E-11  0.1585E-11
CALSDV   48   12  0.1662E-11  0.1661E-11
CALSDV   49   12  0.1656E-11  0.1654E-11
CALSDV   50   12  0.1735E-11  0.1734E-11
CALSDV   51   12  0.1740E-11  0.1738E-11
CALSDV   52   12  0.1822E-11  0.1821E-11
CALSDV   53   12  0.1839E-11  0.1837E-11
CALSDV   54   12  0.1927E-11  0.1925E-11
CALSDV   55   12  0.1956E-11  0.1955E-11
CALSDV   56   12  0.2049E-11  0.2048E-11
CALSDV   57   12  0.2098E-11  0.2096E-11
CALSDV   58   12  0.2199E-11  0.2197E-11
CALSDV   59   12  0.2272E-11  0.2271E-11
CALSDV   60   12  0.2379E-11  0.2378E-11
CALSDV   13   13  0.5879E-11  0.5881E-11
CALSDV   14   13  0.6291E-11  0.6303E-11
CALSDV   15   13  0.4453E-11  0.4460E-11
CALSDV   16   13  0.3545E-11  0.3552E-11
CALSDV   17   13  0.3654E-11  0.3656E-11
CALSDV   18   13  0.2717E-11  0.2722E-11
CALSDV   19   13  0.2708E-11  0.2710E-11
CALSDV   20   13  0.2321E-11  0.2321E-11
CALSDV   21   13  0.2035E-11  0.2036E-11
CALSDV   22   13  0.2016E-11  0.2016E-11
CALSDV   23   13  0.1645E-11  0.1645E-11
CALSDV   24   13  0.1777E-11  0.1775E-11
CALSDV   25   13  0.1452E-11  0.1452E-11
CALSDV   26   13  0.1596E-11  0.1595E-11
CALSDV   27   13  0.1372E-11  0.1372E-11
CALSDV   28   13  0.1471E-11  0.1471E-11
CALSDV   29   13  0.1348E-11  0.1348E-11
CALSDV   30   13  0.1392E-11  0.1392E-11
CALSDV   31   13  0.1350E-11  0.1350E-11
CALSDV   32   13  0.1348E-11  0.1348E-11
CALSDV   33   13  0.1363E-11  0.1363E-11
CALSDV   34   13  0.1330E-11  0.1331E-11
CALSDV   35   13  0.1383E-11  0.1384E-11
CALSDV   36   13  0.1334E-11  0.1335E-11
CALSDV   37   13  0.1409E-11  0.1409E-11
CALSDV   38   13  0.1353E-11  0.1354E-11
CALSDV   39   13  0.1440E-11  0.1440E-11
CALSDV   40   13  0.1386E-11  0.1387E-11
CALSDV   41   13  0.1477E-11  0.1477E-11
CALSDV   42   13  0.1430E-11  0.1431E-11
CALSDV   43   13  0.1521E-11  0.1521E-11
CALSDV   44   13  0.1484E-11  0.1485E-11
CALSDV   45   13  0.1572E-11  0.1573E-11
CALSDV   46   13  0.1550E-11  0.1550E-11
CALSDV   47   13  0.1634E-11  0.1634E-11
CALSDV   48   13  0.1624E-11  0.1626E-11
CALSDV   49   13  0.1705E-11  0.1706E-11
CALSDV   50   13  0.1711E-11  0.1712E-11
CALSDV   51   13  0.1788E-11  0.1789E-11
CALSDV   52   13  0.1811E-11  0.1812E-11
CALSDV   53   13  0.1886E-11  0.1887E-11
CALSDV   54   13  0.1925E-11  0.1925E-11
CALSDV   55   13  0.2000E-11  0.2000E-11
CALSDV   56   13  0.2055E-11  0.2055E-11
CALSDV   57   13  0.2137E-11  0.2138E-11
CALSDV   58   13  0.2209E-11  0.2210E-11
CALSDV   59   13  0.2316E-11  0.2317E-11
CALSDV   60   13  0.2389E-11  0.2390E-11
CALSDV   14   14  0.5100E-11  0.5056E-11
CALSDV   15   14  0.6705E-11  0.6697E-11
CALSDV   16   14  0.4224E-11  0.4219E-11
CALSDV   17   14  0.3441E-11  0.3425E-11
CALSDV   18   14  0.3476E-11  0.3471E-11
CALSDV   19   14  0.2512E-11  0.2506E-11
CALSDV   20   14  0.2589E-11  0.2587E-11
CALSDV   21   14  0.2271E-11  0.2273E-11
CALSDV   22   14  0.2013E-11  0.2014E-11
CALSDV   23   14  0.2129E-11  0.2134E-11
CALSDV   24   14  0.1732E-11  0.1735E-11
CALSDV   25   14  0.1997E-11  0.2003E-11
CALSDV   26   14  0.1631E-11  0.1634E-11
CALSDV   27   14  0.1879E-11  0.1885E-11
CALSDV   28   14  0.1607E-11  0.1611E-11
CALSDV   29   14  0.1782E-11  0.1787E-11
CALSDV   30   14  0.1612E-11  0.1615E-11
CALSDV   31   14  0.1708E-11  0.1712E-11
CALSDV   32   14  0.1624E-11  0.1627E-11
CALSDV   33   14  0.1656E-11  0.1659E-11
CALSDV   34   14  0.1638E-11  0.1640E-11
CALSDV   35   14  0.1622E-11  0.1625E-11
CALSDV   36   14  0.1652E-11  0.1654E-11
CALSDV   37   14  0.1606E-11  0.1608E-11
CALSDV   38   14  0.1668E-11  0.1669E-11
CALSDV   39   14  0.1605E-11  0.1607E-11
CALSDV   40   14  0.1687E-11  0.1689E-11
CALSDV   41   14  0.1618E-11  0.1619E-11
CALSDV   42   14  0.1712E-11  0.1713E-11
CALSDV   43   14  0.1643E-11  0.1644E-11
CALSDV   44   14  0.1744E-11  0.1745E-11
CALSDV   45   14  0.1680E-11  0.1680E-11
CALSDV   46   14  0.1784E-11  0.1785E-11
CALSDV   47   14  0.1729E-11  0.1729E-11
CALSDV   48   14  0.1834E-11  0.1834E-11
CALSDV   49   14  0.1790E-11  0.1790E-11
CALSDV   50   14  0.1895E-11  0.1895E-11
CALSDV   51   14  0.1864E-11  0.1864E-11
CALSDV   52   14  0.1969E-11  0.1969E-11
CALSDV   53   14  0.1954E-11  0.1953E-11
CALSDV   54   14  0.2059E-11  0.2058E-11
CALSDV   55   14  0.2059E-11  0.2059E-11
CALSDV   56   14  0.2166E-11  0.2165E-11
CALSDV   57   14  0.2189E-11  0.2189E-11
CALSDV   58   14  0.2300E-11  0.2300E-11
CALSDV   59   14  0.2370E-11  0.2370E-11
CALSDV   60   14  0.2488E-11  0.2488E-11
CALSDV   15   15  0.6156E-11  0.6151E-11
CALSDV   16   15  0.6042E-11  0.6084E-11
CALSDV   17   15  0.4318E-11  0.4341E-11
CALSDV   18   15  0.3151E-11  0.3174E-11
CALSDV   19   15  0.3813E-11  0.3832E-11
CALSDV   20   15  0.2445E-11  0.2459E-11
CALSDV   21   15  0.3028E-11  0.3045E-11
CALSDV   22   15  0.2227E-11  0.2236E-11
CALSDV   23   15  0.2429E-11  0.2443E-11
CALSDV   24   15  0.2039E-11  0.2046E-11
CALSDV   25   15  0.2060E-11  0.2072E-11
CALSDV   26   15  0.1857E-11  0.1865E-11
CALSDV   27   15  0.1856E-11  0.1866E-11
CALSDV   28   15  0.1707E-11  0.1714E-11
CALSDV   29   15  0.1751E-11  0.1758E-11
CALSDV   30   15  0.1596E-11  0.1604E-11
CALSDV   31   15  0.1699E-11  0.1705E-11
CALSDV   32   15  0.1527E-11  0.1535E-11
CALSDV   33   15  0.1675E-11  0.1682E-11
CALSDV   34   15  0.1492E-11  0.1499E-11
CALSDV   35   15  0.1668E-11  0.1675E-11
CALSDV   36   15  0.1484E-11  0.1492E-11
CALSDV   37   15  0.1671E-11  0.1679E-11
CALSDV   38   15  0.1496E-11  0.1504E-11
CALSDV   39   15  0.1683E-11  0.1691E-11
CALSDV   40   15  0.1524E-11  0.1533E-11
CALSDV   41   15  0.1702E-11  0.1711E-11
CALSDV   42   15  0.1565E-11  0.1575E-11
CALSDV   43   15  0.1730E-11  0.1740E-11
CALSDV   44   15  0.1618E-11  0.1628E-11
CALSDV   45   15  0.1767E-11  0.1777E-11
CALSDV   46   15  0.1680E-11  0.1690E-11
CALSDV   47   15  0.1813E-11  0.1824E-11
CALSDV   48   15  0.1752E-11  0.1763E-11
CALSDV   49   15  0.1869E-11  0.1881E-11
CALSDV   50   15  0.1834E-11  0.1846E-11
CALSDV   51   15  0.1937E-11  0.1949E-11
CALSDV   52   15  0.1927E-11  0.1940E-11
CALSDV   53   15  0.2018E-11  0.2031E-11
CALSDV   54   15  0.2033E-11  0.2047E-11
CALSDV   55   15  0.2115E-11  0.2129E-11
CALSDV   56   15  0.2152E-11  0.2168E-11
CALSDV   57   15  0.2235E-11  0.2250E-11
CALSDV   58   15  0.2296E-11  0.2311E-11
CALSDV   59   15  0.2416E-11  0.2432E-11
CALSDV   60   15  0.2483E-11  0.2500E-11
CALSDV   16   16  0.4477E-11  0.4486E-11
CALSDV   17   16  0.6584E-11  0.6587E-11
CALSDV   18   16  0.4288E-11  0.4300E-11
CALSDV   19   16  0.3556E-11  0.3551E-11
CALSDV   20   16  0.3712E-11  0.3714E-11
CALSDV   21   16  0.2682E-11  0.2684E-11
CALSDV   22   16  0.2792E-11  0.2791E-11
CALSDV   23   16  0.2422E-11  0.2424E-11
CALSDV   24   16  0.2143E-11  0.2141E-11
CALSDV   25   16  0.2249E-11  0.2248E-11
CALSDV   26   16  0.1823E-11  0.1822E-11
CALSDV   27   16  0.2092E-11  0.2091E-11
CALSDV   28   16  0.1724E-11  0.1724E-11
CALSDV   29   16  0.1963E-11  0.1961E-11
CALSDV   30   16  0.1726E-11  0.1727E-11
CALSDV   31   16  0.1868E-11  0.1865E-11
CALSDV   32   16  0.1761E-11  0.1763E-11
CALSDV   33   16  0.1805E-11  0.1801E-11
CALSDV   34   16  0.1801E-11  0.1802E-11
CALSDV   35   16  0.1769E-11  0.1766E-11
CALSDV   36   16  0.1835E-11  0.1838E-11
CALSDV   37   16  0.1755E-11  0.1751E-11
CALSDV   38   16  0.1866E-11  0.1869E-11
CALSDV   39   16  0.1757E-11  0.1754E-11
CALSDV   40   16  0.1894E-11  0.1897E-11
CALSDV   41   16  0.1772E-11  0.1770E-11
CALSDV   42   16  0.1922E-11  0.1924E-11
CALSDV   43   16  0.1800E-11  0.1798E-11
CALSDV   44   16  0.1952E-11  0.1954E-11
CALSDV   45   16  0.1837E-11  0.1836E-11
CALSDV   46   16  0.1986E-11  0.1989E-11
CALSDV   47   16  0.1883E-11  0.1884E-11
CALSDV   48   16  0.2027E-11  0.2030E-11
CALSDV   49   16  0.1940E-11  0.1941E-11
CALSDV   50   16  0.2076E-11  0.2079E-11
CALSDV   51   16  0.2007E-11  0.2009E-11
CALSDV   52   16  0.2136E-11  0.2139E-11
CALSDV   53   16  0.2086E-11  0.2088E-11
CALSDV   54   16  0.2209E-11  0.2213E-11
CALSDV   55   16  0.2178E-11  0.2181E-11
CALSDV   56   16  0.2297E-11  0.2302E-11
CALSDV   57   16  0.2293E-11  0.2296E-11
CALSDV   58   16  0.2412E-11  0.2416E-11
CALSDV   59   16  0.2473E-11  0.2477E-11
CALSDV   60   16  0.2596E-11  0.2601E-11
CALSDV   17   17  0.4422E-11  0.4421E-11
CALSDV   18   17  0.5273E-11  0.5268E-11
CALSDV   19   17  0.4150E-11  0.4156E-11
CALSDV   20   17  0.2909E-11  0.2904E-11
CALSDV   21   17  0.3657E-11  0.3663E-11
CALSDV   22   17  0.2667E-11  0.2666E-11
CALSDV   23   17  0.2827E-11  0.2831E-11
CALSDV   24   17  0.2557E-11  0.2560E-11
CALSDV   25   17  0.2220E-11  0.2222E-11
CALSDV   26   17  0.2332E-11  0.2336E-11
CALSDV   27   17  0.1886E-11  0.1886E-11
CALSDV   28   17  0.2078E-11  0.2083E-11
CALSDV   29   17  0.1742E-11  0.1742E-11
CALSDV   30   17  0.1860E-11  0.1865E-11
CALSDV   31   17  0.1698E-11  0.1698E-11
CALSDV   32   17  0.1704E-11  0.1709E-11
CALSDV   33   17  0.1698E-11  0.1699E-11
CALSDV   34   17  0.1615E-11  0.1618E-11
CALSDV   35   17  0.1715E-11  0.1717E-11
CALSDV   36   17  0.1579E-11  0.1584E-11
CALSDV   37   17  0.1740E-11  0.1742E-11
CALSDV   38   17  0.1585E-11  0.1589E-11
CALSDV   39   17  0.1770E-11  0.1772E-11
CALSDV   40   17  0.1619E-11  0.1624E-11
CALSDV   41   17  0.1803E-11  0.1805E-11
CALSDV   42   17  0.1671E-11  0.1676E-11
CALSDV   43   17  0.1841E-11  0.1843E-11
CALSDV   44   17  0.1735E-11  0.1740E-11
CALSDV   45   17  0.1885E-11  0.1888E-11
CALSDV   46   17  0.1809E-11  0.1813E-11
CALSDV   47   17  0.1934E-11  0.1938E-11
CALSDV   48   17  0.1889E-11  0.1893E-11
CALSDV   49   17  0.1993E-11  0.1996E-11
CALSDV   50   17  0.1975E-11  0.1980E-11
CALSDV   51   17  0.2060E-11  0.2064E-11
CALSDV   52   17  0.2068E-11  0.2072E-11
CALSDV   53   17  0.2137E-11  0.2141E-11
CALSDV   54   17  0.2169E-11  0.2174E-11
CALSDV   55   17  0.2226E-11  0.2230E-11
CALSDV   56   17  0.2281E-11  0.2286E-11
CALSDV   57   17  0.2335E-11  0.2340E-11
CALSDV   58   17  0.2410E-11  0.2416E-11
CALSDV   59   17  0.2512E-11  0.2518E-11
CALSDV   60   17  0.2599E-11  0.2605E-11
CALSDV   18   18  0.4942E-11  0.4899E-11
CALSDV   19   18  0.5462E-11  0.5458E-11
CALSDV   20   18  0.4484E-11  0.4469E-11
CALSDV   21   18  0.2894E-11  0.2895E-11
CALSDV   22   18  0.3850E-11  0.3843E-11
CALSDV   23   18  0.2569E-11  0.2568E-11
CALSDV   24   18  0.2864E-11  0.2859E-11
CALSDV   25   18  0.2501E-11  0.2501E-11
CALSDV   26   18  0.2186E-11  0.2180E-11
CALSDV   27   18  0.2348E-11  0.2347E-11
CALSDV   28   18  0.1895E-11  0.1889E-11
CALSDV   29   18  0.2167E-11  0.2164E-11
CALSDV   30   18  0.1857E-11  0.1853E-11
CALSDV   31   18  0.2014E-11  0.2011E-11
CALSDV   32   18  0.1919E-11  0.1915E-11
CALSDV   33   18  0.1910E-11  0.1908E-11
CALSDV   34   18  0.1998E-11  0.1995E-11
CALSDV   35   18  0.1857E-11  0.1855E-11
CALSDV   36   18  0.2067E-11  0.2063E-11
CALSDV   37   18  0.1841E-11  0.1840E-11
CALSDV   38   18  0.2118E-11  0.2115E-11
CALSDV   39   18  0.1853E-11  0.1853E-11
CALSDV   40   18  0.2157E-11  0.2155E-11
CALSDV   41   18  0.1883E-11  0.1883E-11
CALSDV   42   18  0.2187E-11  0.2185E-11
CALSDV   43   18  0.1925E-11  0.1925E-11
CALSDV   44   18  0.2212E-11  0.2211E-11
CALSDV   45   18  0.1975E-11  0.1975E-11
CALSDV   46   18  0.2238E-11  0.2236E-11
CALSDV   47   18  0.2031E-11  0.2030E-11
CALSDV   48   18  0.2266E-11  0.2264E-11
CALSDV   49   18  0.2091E-11  0.2091E-11
CALSDV   50   18  0.2298E-11  0.2297E-11
CALSDV   51   18  0.2157E-11  0.2157E-11
CALSDV   52   18  0.2339E-11  0.2338E-11
CALSDV   53   18  0.2231E-11  0.2230E-11
CALSDV   54   18  0.2390E-11  0.2389E-11
CALSDV   55   18  0.2311E-11  0.2311E-11
CALSDV   56   18  0.2455E-11  0.2454E-11
CALSDV   57   18  0.2410E-11  0.2410E-11
CALSDV   58   18  0.2544E-11  0.2543E-11
CALSDV   59   18  0.2584E-11  0.2583E-11
CALSDV   60   18  0.2715E-11  0.2714E-11
CALSDV   19   19  0.4037E-11  0.4047E-11
CALSDV   20   19  0.5045E-11  0.5048E-11
CALSDV   21   19  0.4158E-11  0.4156E-11
CALSDV   22   19  0.2812E-11  0.2816E-11
CALSDV   23   19  0.3639E-11  0.3640E-11
CALSDV   24   19  0.2859E-11  0.2868E-11
CALSDV   25   19  0.2824E-11  0.2825E-11
CALSDV   26   19  0.2883E-11  0.2894E-11
CALSDV   27   19  0.2257E-11  0.2258E-11
CALSDV   28   19  0.2699E-11  0.2710E-11
CALSDV   29   19  0.1966E-11  0.1967E-11
CALSDV   30   19  0.2443E-11  0.2454E-11
CALSDV   31   19  0.1853E-11  0.1854E-11
CALSDV   32   19  0.2206E-11  0.2217E-11
CALSDV   33   19  0.1826E-11  0.1824E-11
CALSDV   34   19  0.2029E-11  0.2040E-11
CALSDV   35   19  0.1834E-11  0.1831E-11
CALSDV   36   19  0.1922E-11  0.1931E-11
CALSDV   37   19  0.1856E-11  0.1853E-11
CALSDV   38   19  0.1875E-11  0.1883E-11
CALSDV   39   19  0.1885E-11  0.1882E-11
CALSDV   40   19  0.1874E-11  0.1881E-11
CALSDV   41   19  0.1921E-11  0.1919E-11
CALSDV   42   19  0.1905E-11  0.1912E-11
CALSDV   43   19  0.1961E-11  0.1960E-11
CALSDV   44   19  0.1957E-11  0.1963E-11
CALSDV   45   19  0.2008E-11  0.2007E-11
CALSDV   46   19  0.2020E-11  0.2026E-11
CALSDV   47   19  0.2061E-11  0.2062E-11
CALSDV   48   19  0.2093E-11  0.2098E-11
CALSDV   49   19  0.2121E-11  0.2122E-11
CALSDV   50   19  0.2171E-11  0.2175E-11
CALSDV   51   19  0.2188E-11  0.2189E-11
CALSDV   52   19  0.2254E-11  0.2258E-11
CALSDV   53   19  0.2262E-11  0.2264E-11
CALSDV   54   19  0.2341E-11  0.2345E-11
CALSDV   55   19  0.2344E-11  0.2346E-11
CALSDV   56   19  0.2435E-11  0.2438E-11
CALSDV   57   19  0.2441E-11  0.2444E-11
CALSDV   58   19  0.2544E-11  0.2547E-11
CALSDV   59   19  0.2611E-11  0.2614E-11
CALSDV   60   19  0.2722E-11  0.2725E-11
CALSDV   20   20  0.4860E-11  0.4861E-11
CALSDV   21   20  0.5185E-11  0.5192E-11
CALSDV   22   20  0.4593E-11  0.4593E-11
CALSDV   23   20  0.2783E-11  0.2789E-11
CALSDV   24   20  0.3997E-11  0.4000E-11
CALSDV   25   20  0.2686E-11  0.2688E-11
CALSDV   26   20  0.3005E-11  0.3007E-11
CALSDV   27   20  0.2672E-11  0.2676E-11
CALSDV   28   20  0.2312E-11  0.2312E-11
CALSDV   29   20  0.2496E-11  0.2502E-11
CALSDV   30   20  0.2014E-11  0.2015E-11
CALSDV   31   20  0.2277E-11  0.2283E-11
CALSDV   32   20  0.1982E-11  0.1984E-11
CALSDV   33   20  0.2099E-11  0.2103E-11
CALSDV   34   20  0.2057E-11  0.2058E-11
CALSDV   35   20  0.1990E-11  0.1994E-11
CALSDV   36   20  0.2149E-11  0.2151E-11
CALSDV   37   20  0.1950E-11  0.1953E-11
CALSDV   38   20  0.2230E-11  0.2231E-11
CALSDV   39   20  0.1960E-11  0.1963E-11
CALSDV   40   20  0.2293E-11  0.2294E-11
CALSDV   41   20  0.2002E-11  0.2005E-11
CALSDV   42   20  0.2341E-11  0.2343E-11
CALSDV   43   20  0.2061E-11  0.2063E-11
CALSDV   44   20  0.2379E-11  0.2381E-11
CALSDV   45   20  0.2127E-11  0.2128E-11
CALSDV   46   20  0.2411E-11  0.2412E-11
CALSDV   47   20  0.2195E-11  0.2196E-11
CALSDV   48   20  0.2441E-11  0.2442E-11
CALSDV   49   20  0.2263E-11  0.2263E-11
CALSDV   50   20  0.2473E-11  0.2473E-11
CALSDV   51   20  0.2329E-11  0.2330E-11
CALSDV   52   20  0.2508E-11  0.2508E-11
CALSDV   53   20  0.2396E-11  0.2397E-11
CALSDV   54   20  0.2549E-11  0.2550E-11
CALSDV   55   20  0.2465E-11  0.2466E-11
CALSDV   56   20  0.2598E-11  0.2599E-11
CALSDV   57   20  0.2542E-11  0.2544E-11
CALSDV   58   20  0.2667E-11  0.2669E-11
CALSDV   59   20  0.2700E-11  0.2702E-11
CALSDV   60   20  0.2821E-11  0.2822E-11
CALSDV   21   21  0.4008E-11  0.4007E-11
CALSDV   22   21  0.5017E-11  0.5009E-11
CALSDV   23   21  0.4205E-11  0.4199E-11
CALSDV   24   21  0.2697E-11  0.2700E-11
CALSDV   25   21  0.3647E-11  0.3642E-11
CALSDV   26   21  0.2933E-11  0.2929E-11
CALSDV   27   21  0.2851E-11  0.2845E-11
CALSDV   28   21  0.3068E-11  0.3062E-11
CALSDV   29   21  0.2348E-11  0.2345E-11
CALSDV   30   21  0.2932E-11  0.2927E-11
CALSDV   31   21  0.2126E-11  0.2125E-11
CALSDV   32   21  0.2692E-11  0.2688E-11
CALSDV   33   21  0.2058E-11  0.2057E-11
CALSDV   34   21  0.2461E-11  0.2458E-11
CALSDV   35   21  0.2048E-11  0.2047E-11
CALSDV   36   21  0.2290E-11  0.2287E-11
CALSDV   37   21  0.2058E-11  0.2056E-11
CALSDV   38   21  0.2189E-11  0.2186E-11
CALSDV   39   21  0.2078E-11  0.2075E-11
CALSDV   40   21  0.2150E-11  0.2148E-11
CALSDV   41   21  0.2102E-11  0.2100E-11
CALSDV   42   21  0.2157E-11  0.2155E-11
CALSDV   43   21  0.2136E-11  0.2133E-11
CALSDV   44   21  0.2195E-11  0.2193E-11
CALSDV   45   21  0.2178E-11  0.2174E-11
CALSDV   46   21  0.2251E-11  0.2250E-11
CALSDV   47   21  0.2227E-11  0.2223E-11
CALSDV   48   21  0.2316E-11  0.2314E-11
CALSDV   49   21  0.2284E-11  0.2279E-11
CALSDV   50   21  0.2387E-11  0.2384E-11
CALSDV   51   21  0.2347E-11  0.2342E-11
CALSDV   52   21  0.2459E-11  0.2455E-11
CALSDV   53   21  0.2414E-11  0.2410E-11
CALSDV   54   21  0.2533E-11  0.2529E-11
CALSDV   55   21  0.2486E-11  0.2482E-11
CALSDV   56   21  0.2607E-11  0.2603E-11
CALSDV   57   21  0.2569E-11  0.2565E-11
CALSDV   58   21  0.2691E-11  0.2687E-11
CALSDV   59   21  0.2723E-11  0.2718E-11
CALSDV   60   21  0.2849E-11  0.2845E-11
CALSDV   22   22  0.4254E-11  0.4238E-11
CALSDV   23   22  0.5086E-11  0.5087E-11
CALSDV   24   22  0.4603E-11  0.4597E-11
CALSDV   25   22  0.2730E-11  0.2735E-11
CALSDV   26   22  0.4052E-11  0.4046E-11
CALSDV   27   22  0.2824E-11  0.2825E-11
CALSDV   28   22  0.3079E-11  0.3075E-11
CALSDV   29   22  0.2855E-11  0.2856E-11
CALSDV   30   22  0.2407E-11  0.2408E-11
CALSDV   31   22  0.2652E-11  0.2653E-11
CALSDV   32   22  0.2130E-11  0.2133E-11
CALSDV   33   22  0.2390E-11  0.2390E-11
CALSDV   34   22  0.2107E-11  0.2109E-11
CALSDV   35   22  0.2180E-11  0.2179E-11
CALSDV   36   22  0.2184E-11  0.2184E-11
CALSDV   37   22  0.2065E-11  0.2065E-11
CALSDV   38   22  0.2278E-11  0.2278E-11
CALSDV   39   22  0.2043E-11  0.2041E-11
CALSDV   40   22  0.2363E-11  0.2362E-11
CALSDV   41   22  0.2084E-11  0.2083E-11
CALSDV   42   22  0.2432E-11  0.2431E-11
CALSDV   43   22  0.2160E-11  0.2159E-11
CALSDV   44   22  0.2488E-11  0.2487E-11
CALSDV   45   22  0.2250E-11  0.2250E-11
CALSDV   46   22  0.2536E-11  0.2535E-11
CALSDV   47   22  0.2340E-11  0.2340E-11
CALSDV   48   22  0.2578E-11  0.2577E-11
CALSDV   49   22  0.2425E-11  0.2425E-11
CALSDV   50   22  0.2617E-11  0.2617E-11
CALSDV   51   22  0.2502E-11  0.2501E-11
CALSDV   52   22  0.2657E-11  0.2656E-11
CALSDV   53   22  0.2569E-11  0.2568E-11
CALSDV   54   22  0.2697E-11  0.2696E-11
CALSDV   55   22  0.2628E-11  0.2628E-11
CALSDV   56   22  0.2740E-11  0.2739E-11
CALSDV   57   22  0.2689E-11  0.2688E-11
CALSDV   58   22  0.2792E-11  0.2792E-11
CALSDV   59   22  0.2821E-11  0.2821E-11
CALSDV   60   22  0.2927E-11  0.2928E-11
CALSDV   23   23  0.3949E-11  0.3928E-11
CALSDV   24   23  0.5056E-11  0.5059E-11
CALSDV   25   23  0.4245E-11  0.4235E-11
CALSDV   26   23  0.2623E-11  0.2618E-11
CALSDV   27   23  0.3646E-11  0.3637E-11
CALSDV   28   23  0.2963E-11  0.2955E-11
CALSDV   29   23  0.2862E-11  0.2853E-11
CALSDV   30   23  0.3143E-11  0.3135E-11
CALSDV   31   23  0.2427E-11  0.2421E-11
CALSDV   32   23  0.3005E-11  0.2999E-11
CALSDV   33   23  0.2278E-11  0.2271E-11
CALSDV   34   23  0.2752E-11  0.2747E-11
CALSDV   35   23  0.2253E-11  0.2244E-11
CALSDV   36   23  0.2513E-11  0.2509E-11
CALSDV   37   23  0.2261E-11  0.2250E-11
CALSDV   38   23  0.2348E-11  0.2346E-11
CALSDV   39   23  0.2272E-11  0.2261E-11
CALSDV   40   23  0.2270E-11  0.2267E-11
CALSDV   41   23  0.2289E-11  0.2277E-11
CALSDV   42   23  0.2262E-11  0.2261E-11
CALSDV   43   23  0.2311E-11  0.2300E-11
CALSDV   44   23  0.2304E-11  0.2302E-11
CALSDV   45   23  0.2345E-11  0.2334E-11
CALSDV   46   23  0.2372E-11  0.2371E-11
CALSDV   47   23  0.2390E-11  0.2380E-11
CALSDV   48   23  0.2454E-11  0.2453E-11
CALSDV   49   23  0.2444E-11  0.2435E-11
CALSDV   50   23  0.2538E-11  0.2536E-11
CALSDV   51   23  0.2505E-11  0.2497E-11
CALSDV   52   23  0.2619E-11  0.2616E-11
CALSDV   53   23  0.2570E-11  0.2562E-11
CALSDV   54   23  0.2695E-11  0.2691E-11
CALSDV   55   23  0.2634E-11  0.2627E-11
CALSDV   56   23  0.2763E-11  0.2759E-11
CALSDV   57   23  0.2703E-11  0.2696E-11
CALSDV   58   23  0.2833E-11  0.2828E-11
CALSDV   59   23  0.2840E-11  0.2830E-11
CALSDV   60   23  0.2972E-11  0.2959E-11
CALSDV   24   24  0.4110E-11  0.4115E-11
CALSDV   25   24  0.5151E-11  0.5154E-11
CALSDV   26   24  0.4668E-11  0.4682E-11
CALSDV   27   24  0.2789E-11  0.2792E-11
CALSDV   28   24  0.4100E-11  0.4107E-11
CALSDV   29   24  0.3020E-11  0.3018E-11
CALSDV   30   24  0.3149E-11  0.3153E-11
CALSDV   31   24  0.3074E-11  0.3070E-11
CALSDV   32   24  0.2532E-11  0.2533E-11
CALSDV   33   24  0.2836E-11  0.2833E-11
CALSDV   34   24  0.2297E-11  0.2297E-11
CALSDV   35   24  0.2526E-11  0.2525E-11
CALSDV   36   24  0.2285E-11  0.2284E-11
CALSDV   37   24  0.2285E-11  0.2286E-11
CALSDV   38   24  0.2352E-11  0.2351E-11
CALSDV   39   24  0.2168E-11  0.2169E-11
CALSDV   40   24  0.2434E-11  0.2431E-11
CALSDV   41   24  0.2168E-11  0.2167E-11
CALSDV   42   24  0.2511E-11  0.2508E-11
CALSDV   43   24  0.2243E-11  0.2242E-11
CALSDV   44   24  0.2578E-11  0.2575E-11
CALSDV   45   24  0.2353E-11  0.2352E-11
CALSDV   46   24  0.2638E-11  0.2635E-11
CALSDV   47   24  0.2471E-11  0.2468E-11
CALSDV   48   24  0.2694E-11  0.2691E-11
CALSDV   49   24  0.2580E-11  0.2577E-11
CALSDV   50   24  0.2747E-11  0.2743E-11
CALSDV   51   24  0.2672E-11  0.2669E-11
CALSDV   52   24  0.2795E-11  0.2792E-11
CALSDV   53   24  0.2746E-11  0.2743E-11
CALSDV   54   24  0.2842E-11  0.2838E-11
CALSDV   55   24  0.2800E-11  0.2797E-11
CALSDV   56   24  0.2883E-11  0.2879E-11
CALSDV   57   24  0.2843E-11  0.2838E-11
CALSDV   58   24  0.2927E-11  0.2922E-11
CALSDV   59   24  0.2951E-11  0.2947E-11
CALSDV   60   24  0.3039E-11  0.3036E-11
CALSDV   25   25  0.4013E-11  0.4002E-11
CALSDV   26   25  0.5252E-11  0.5266E-11
CALSDV   27   25  0.4513E-11  0.4512E-11
CALSDV   28   25  0.2737E-11  0.2748E-11
CALSDV   29   25  0.3805E-11  0.3810E-11
CALSDV   30   25  0.3113E-11  0.3115E-11
CALSDV   31   25  0.2933E-11  0.2937E-11
CALSDV   32   25  0.3310E-11  0.3310E-11
CALSDV   33   25  0.2537E-11  0.2536E-11
CALSDV   34   25  0.3175E-11  0.3175E-11
CALSDV   35   25  0.2502E-11  0.2500E-11
CALSDV   36   25  0.2929E-11  0.2931E-11
CALSDV   37   25  0.2589E-11  0.2585E-11
CALSDV   38   25  0.2712E-11  0.2716E-11
CALSDV   39   25  0.2676E-11  0.2671E-11
CALSDV   40   25  0.2584E-11  0.2589E-11
CALSDV   41   25  0.2734E-11  0.2729E-11
CALSDV   42   25  0.2547E-11  0.2552E-11
CALSDV   43   25  0.2770E-11  0.2764E-11
CALSDV   44   25  0.2576E-11  0.2581E-11
CALSDV   45   25  0.2791E-11  0.2787E-11
CALSDV   46   25  0.2642E-11  0.2649E-11
CALSDV   47   25  0.2810E-11  0.2805E-11
CALSDV   48   25  0.2723E-11  0.2729E-11
CALSDV   49   25  0.2828E-11  0.2824E-11
CALSDV   50   25  0.2804E-11  0.2810E-11
CALSDV   51   25  0.2848E-11  0.2846E-11
CALSDV   52   25  0.2876E-11  0.2882E-11
CALSDV   53   25  0.2869E-11  0.2867E-11
CALSDV   54   25  0.2935E-11  0.2941E-11
CALSDV   55   25  0.2886E-11  0.2887E-11
CALSDV   56   25  0.2979E-11  0.2984E-11
CALSDV   57   25  0.2905E-11  0.2905E-11
CALSDV   58   25  0.3014E-11  0.3018E-11
CALSDV   59   25  0.2992E-11  0.2994E-11
CALSDV   60   25  0.3112E-11  0.3115E-11
CALSDV   26   26  0.4178E-11  0.4162E-11
CALSDV   27   26  0.5359E-11  0.5365E-11
CALSDV   28   26  0.4794E-11  0.4798E-11
CALSDV   29   26  0.3002E-11  0.3018E-11
CALSDV   30   26  0.4171E-11  0.4173E-11
CALSDV   31   26  0.3314E-11  0.3324E-11
CALSDV   32   26  0.3244E-11  0.3244E-11
CALSDV   33   26  0.3372E-11  0.3381E-11
CALSDV   34   26  0.2699E-11  0.2697E-11
CALSDV   35   26  0.3100E-11  0.3105E-11
CALSDV   36   26  0.2515E-11  0.2513E-11
CALSDV   37   26  0.2747E-11  0.2751E-11
CALSDV   38   26  0.2511E-11  0.2510E-11
CALSDV   39   26  0.2480E-11  0.2483E-11
CALSDV   40   26  0.2561E-11  0.2562E-11
CALSDV   41   26  0.2360E-11  0.2362E-11
CALSDV   42   26  0.2621E-11  0.2623E-11
CALSDV   43   26  0.2376E-11  0.2378E-11
CALSDV   44   26  0.2682E-11  0.2684E-11
CALSDV   45   26  0.2476E-11  0.2477E-11
CALSDV   46   26  0.2743E-11  0.2744E-11
CALSDV   47   26  0.2606E-11  0.2609E-11
CALSDV   48   26  0.2805E-11  0.2806E-11
CALSDV   49   26  0.2736E-11  0.2738E-11
CALSDV   50   26  0.2868E-11  0.2868E-11
CALSDV   51   26  0.2847E-11  0.2849E-11
CALSDV   52   26  0.2929E-11  0.2929E-11
CALSDV   53   26  0.2928E-11  0.2930E-11
CALSDV   54   26  0.2982E-11  0.2983E-11
CALSDV   55   26  0.2979E-11  0.2981E-11
CALSDV   56   26  0.3026E-11  0.3027E-11
CALSDV   57   26  0.3003E-11  0.3005E-11
CALSDV   58   26  0.3061E-11  0.3061E-11
CALSDV   59   26  0.3079E-11  0.3079E-11
CALSDV   60   26  0.3152E-11  0.3152E-11
CALSDV   27   27  0.3994E-11  0.3976E-11
CALSDV   28   27  0.5488E-11  0.5490E-11
CALSDV   29   27  0.5008E-11  0.4987E-11
CALSDV   30   27  0.2933E-11  0.2938E-11
CALSDV   31   27  0.4195E-11  0.4176E-11
CALSDV   32   27  0.3319E-11  0.3318E-11
CALSDV   33   27  0.3135E-11  0.3123E-11
CALSDV   34   27  0.3479E-11  0.3475E-11
CALSDV   35   27  0.2668E-11  0.2661E-11
CALSDV   36   27  0.3289E-11  0.3286E-11
CALSDV   37   27  0.2705E-11  0.2702E-11
CALSDV   38   27  0.3005E-11  0.3003E-11
CALSDV   39   27  0.2906E-11  0.2902E-11
CALSDV   40   27  0.2783E-11  0.2783E-11
CALSDV   41   27  0.3089E-11  0.3084E-11
CALSDV   42   27  0.2684E-11  0.2683E-11
CALSDV   43   27  0.3212E-11  0.3205E-11
CALSDV   44   27  0.2694E-11  0.2694E-11
CALSDV   45   27  0.3280E-11  0.3273E-11
CALSDV   46   27  0.2773E-11  0.2773E-11
CALSDV   47   27  0.3308E-11  0.3301E-11
CALSDV   48   27  0.2881E-11  0.2880E-11
CALSDV   49   27  0.3309E-11  0.3302E-11
CALSDV   50   27  0.2987E-11  0.2986E-11
CALSDV   51   27  0.3291E-11  0.3284E-11
CALSDV   52   27  0.3078E-11  0.3077E-11
CALSDV   53   27  0.3260E-11  0.3253E-11
CALSDV   54   27  0.3145E-11  0.3143E-11
CALSDV   55   27  0.3215E-11  0.3209E-11
CALSDV   56   27  0.3181E-11  0.3178E-11
CALSDV   57   27  0.3163E-11  0.3157E-11
CALSDV   58   27  0.3194E-11  0.3191E-11
CALSDV   59   27  0.3179E-11  0.3175E-11
CALSDV   60   27  0.3254E-11  0.3251E-11
CALSDV   28   28  0.4202E-11  0.4212E-11
CALSDV   29   28  0.5521E-11  0.5530E-11
CALSDV   30   28  0.4947E-11  0.4958E-11
CALSDV   31   28  0.3121E-11  0.3122E-11
CALSDV   32   28  0.4254E-11  0.4258E-11
CALSDV   33   28  0.3537E-11  0.3535E-11
CALSDV   34   28  0.3339E-11  0.3341E-11
CALSDV   35   28  0.3615E-11  0.3609E-11
CALSDV   36   28  0.2867E-11  0.2866E-11
CALSDV   37   28  0.3316E-11  0.3310E-11
CALSDV   38   28  0.2741E-11  0.2738E-11
CALSDV   39   28  0.2935E-11  0.2928E-11
CALSDV   40   28  0.2751E-11  0.2749E-11
CALSDV   41   28  0.2659E-11  0.2652E-11
CALSDV   42   28  0.2790E-11  0.2788E-11
CALSDV   43   28  0.2557E-11  0.2551E-11
CALSDV   44   28  0.2831E-11  0.2831E-11
CALSDV   45   28  0.2604E-11  0.2600E-11
CALSDV   46   28  0.2878E-11  0.2879E-11
CALSDV   47   28  0.2733E-11  0.2731E-11
CALSDV   48   28  0.2934E-11  0.2936E-11
CALSDV   49   28  0.2883E-11  0.2883E-11
CALSDV   50   28  0.2999E-11  0.3001E-11
CALSDV   51   28  0.3017E-11  0.3018E-11
CALSDV   52   28  0.3067E-11  0.3069E-11
CALSDV   53   28  0.3115E-11  0.3116E-11
CALSDV   54   28  0.3131E-11  0.3134E-11
CALSDV   55   28  0.3168E-11  0.3169E-11
CALSDV   56   28  0.3178E-11  0.3180E-11
CALSDV   57   28  0.3176E-11  0.3177E-11
CALSDV   58   28  0.3206E-11  0.3207E-11
CALSDV   59   28  0.3215E-11  0.3217E-11
CALSDV   60   28  0.3272E-11  0.3274E-11
CALSDV   29   29  0.3835E-11  0.3831E-11
CALSDV   30   29  0.5771E-11  0.5772E-11
CALSDV   31   29  0.5239E-11  0.5213E-11
CALSDV   32   29  0.3221E-11  0.3232E-11
CALSDV   33   29  0.4416E-11  0.4394E-11
CALSDV   34   29  0.3614E-11  0.3614E-11
CALSDV   35   29  0.3328E-11  0.3320E-11
CALSDV   36   29  0.3724E-11  0.3723E-11
CALSDV   37   29  0.2837E-11  0.2834E-11
CALSDV   38   29  0.3485E-11  0.3483E-11
CALSDV   39   29  0.2839E-11  0.2844E-11
CALSDV   40   29  0.3185E-11  0.3181E-11
CALSDV   41   29  0.3011E-11  0.3012E-11
CALSDV   42   29  0.2990E-11  0.2987E-11
CALSDV   43   29  0.3172E-11  0.3172E-11
CALSDV   44   29  0.2948E-11  0.2946E-11
CALSDV   45   29  0.3285E-11  0.3283E-11
CALSDV   46   29  0.3019E-11  0.3019E-11
CALSDV   47   29  0.3353E-11  0.3350E-11
CALSDV   48   29  0.3145E-11  0.3145E-11
CALSDV   49   29  0.3389E-11  0.3386E-11
CALSDV   50   29  0.3272E-11  0.3273E-11
CALSDV   51   29  0.3402E-11  0.3398E-11
CALSDV   52   29  0.3376E-11  0.3376E-11
CALSDV   53   29  0.3393E-11  0.3390E-11
CALSDV   54   29  0.3438E-11  0.3439E-11
CALSDV   55   29  0.3361E-11  0.3359E-11
CALSDV   56   29  0.3453E-11  0.3454E-11
CALSDV   57   29  0.3305E-11  0.3305E-11
CALSDV   58   29  0.3423E-11  0.3425E-11
CALSDV   59   29  0.3296E-11  0.3296E-11
CALSDV   60   29  0.3427E-11  0.3427E-11
CALSDV   30   30  0.4744E-11  0.4765E-11
CALSDV   31   30  0.5844E-11  0.5821E-11
CALSDV   32   30  0.5272E-11  0.5271E-11
CALSDV   33   30  0.3282E-11  0.3275E-11
CALSDV   34   30  0.4438E-11  0.4444E-11
CALSDV   35   30  0.3710E-11  0.3705E-11
CALSDV   36   30  0.3530E-11  0.3536E-11
CALSDV   37   30  0.3786E-11  0.3788E-11
CALSDV   38   30  0.3165E-11  0.3164E-11
CALSDV   39   30  0.3481E-11  0.3481E-11
CALSDV   40   30  0.3135E-11  0.3129E-11
CALSDV   41   30  0.3109E-11  0.3108E-11
CALSDV   42   30  0.3190E-11  0.3181E-11
CALSDV   43   30  0.2871E-11  0.2865E-11
CALSDV   44   30  0.3235E-11  0.3223E-11
CALSDV   45   30  0.2820E-11  0.2813E-11
CALSDV   46   30  0.3261E-11  0.3247E-11
CALSDV   47   30  0.2911E-11  0.2904E-11
CALSDV   48   30  0.3284E-11  0.3268E-11
CALSDV   49   30  0.3065E-11  0.3058E-11
CALSDV   50   30  0.3314E-11  0.3299E-11
CALSDV   51   30  0.3215E-11  0.3210E-11
CALSDV   52   30  0.3351E-11  0.3338E-11
CALSDV   53   30  0.3327E-11  0.3323E-11
CALSDV   54   30  0.3387E-11  0.3376E-11
CALSDV   55   30  0.3380E-11  0.3378E-11
CALSDV   56   30  0.3409E-11  0.3401E-11
CALSDV   57   30  0.3372E-11  0.3370E-11
CALSDV   58   30  0.3406E-11  0.3401E-11
CALSDV   59   30  0.3367E-11  0.3363E-11
CALSDV   60   30  0.3425E-11  0.3420E-11
CALSDV   31   31  0.4074E-11  0.4106E-11
CALSDV   32   31  0.6125E-11  0.6133E-11
CALSDV   33   31  0.5365E-11  0.5354E-11
CALSDV   34   31  0.3678E-11  0.3669E-11
CALSDV   35   31  0.4636E-11  0.4628E-11
CALSDV   36   31  0.4042E-11  0.4033E-11
CALSDV   37   31  0.3638E-11  0.3634E-11
CALSDV   38   31  0.4061E-11  0.4057E-11
CALSDV   39   31  0.3141E-11  0.3139E-11
CALSDV   40   31  0.3734E-11  0.3732E-11
CALSDV   41   31  0.3044E-11  0.3041E-11
CALSDV   42   31  0.3384E-11  0.3381E-11
CALSDV   43   31  0.3093E-11  0.3092E-11
CALSDV   44   31  0.3198E-11  0.3195E-11
CALSDV   45   31  0.3164E-11  0.3167E-11
CALSDV   46   31  0.3205E-11  0.3202E-11
CALSDV   47   31  0.3228E-11  0.3233E-11
CALSDV   48   31  0.3333E-11  0.3332E-11
CALSDV   49   31  0.3288E-11  0.3292E-11
CALSDV   50   31  0.3497E-11  0.3499E-11
CALSDV   51   31  0.3344E-11  0.3349E-11
CALSDV   52   31  0.3636E-11  0.3640E-11
CALSDV   53   31  0.3390E-11  0.3395E-11
CALSDV   54   31  0.3719E-11  0.3724E-11
CALSDV   55   31  0.3412E-11  0.3417E-11
CALSDV   56   31  0.3729E-11  0.3736E-11
CALSDV   57   31  0.3397E-11  0.3402E-11
CALSDV   58   31  0.3669E-11  0.3676E-11
CALSDV   59   31  0.3391E-11  0.3389E-11
CALSDV   60   31  0.3613E-11  0.3612E-11
CALSDV   32   32  0.4094E-11  0.4088E-11
CALSDV   33   32  0.5905E-11  0.5896E-11
CALSDV   34   32  0.5386E-11  0.5382E-11
CALSDV   35   32  0.3436E-11  0.3428E-11
CALSDV   36   32  0.4519E-11  0.4520E-11
CALSDV   37   32  0.4005E-11  0.4000E-11
CALSDV   38   32  0.3581E-11  0.3579E-11
CALSDV   39   32  0.4055E-11  0.4057E-11
CALSDV   40   32  0.3235E-11  0.3228E-11
CALSDV   41   32  0.3680E-11  0.3681E-11
CALSDV   42   32  0.3227E-11  0.3224E-11
CALSDV   43   32  0.3254E-11  0.3256E-11
CALSDV   44   32  0.3288E-11  0.3290E-11
CALSDV   45   32  0.3008E-11  0.3009E-11
CALSDV   46   32  0.3334E-11  0.3341E-11
CALSDV   47   32  0.2993E-11  0.2990E-11
CALSDV   48   32  0.3367E-11  0.3376E-11
CALSDV   49   32  0.3127E-11  0.3126E-11
CALSDV   50   32  0.3408E-11  0.3417E-11
CALSDV   51   32  0.3310E-11  0.3310E-11
CALSDV   52   32  0.3463E-11  0.3471E-11
CALSDV   53   32  0.3465E-11  0.3465E-11
CALSDV   54   32  0.3521E-11  0.3528E-11
CALSDV   55   32  0.3549E-11  0.3551E-11
CALSDV   56   32  0.3561E-11  0.3566E-11
CALSDV   57   32  0.3547E-11  0.3548E-11
CALSDV   58   32  0.3563E-11  0.3566E-11
CALSDV   59   32  0.3512E-11  0.3511E-11
CALSDV   60   32  0.3558E-11  0.3559E-11
CALSDV   33   33  0.4338E-11  0.4336E-11
CALSDV   34   33  0.6037E-11  0.6032E-11
CALSDV   35   33  0.5807E-11  0.5801E-11
CALSDV   36   33  0.3499E-11  0.3496E-11
CALSDV   37   33  0.4869E-11  0.4863E-11
CALSDV   38   33  0.4086E-11  0.4086E-11
CALSDV   39   33  0.3667E-11  0.3665E-11
CALSDV   40   33  0.4133E-11  0.4137E-11
CALSDV   41   33  0.3209E-11  0.3211E-11
CALSDV   42   33  0.3756E-11  0.3760E-11
CALSDV   43   33  0.3324E-11  0.3327E-11
CALSDV   44   33  0.3357E-11  0.3360E-11
CALSDV   45   33  0.3589E-11  0.3591E-11
CALSDV   46   33  0.3165E-11  0.3166E-11
CALSDV   47   33  0.3808E-11  0.3807E-11
CALSDV   48   33  0.3208E-11  0.3207E-11
CALSDV   49   33  0.3943E-11  0.3941E-11
CALSDV   50   33  0.3386E-11  0.3385E-11
CALSDV   51   33  0.4000E-11  0.3998E-11
CALSDV   52   33  0.3592E-11  0.3589E-11
CALSDV   53   33  0.3993E-11  0.3991E-11
CALSDV   54   33  0.3749E-11  0.3748E-11
CALSDV   55   33  0.3924E-11  0.3921E-11
CALSDV   56   33  0.3823E-11  0.3822E-11
CALSDV   57   33  0.3791E-11  0.3790E-11
CALSDV   58   33  0.3798E-11  0.3798E-11
CALSDV   59   33  0.3652E-11  0.3650E-11
CALSDV   60   33  0.3728E-11  0.3728E-11
CALSDV   34   34  0.3979E-11  0.3956E-11
CALSDV   35   34  0.6004E-11  0.5993E-11
CALSDV   36   34  0.5613E-11  0.5605E-11
CALSDV   37   34  0.3562E-11  0.3555E-11
CALSDV   38   34  0.4665E-11  0.4654E-11
CALSDV   39   34  0.4276E-11  0.4271E-11
CALSDV   40   34  0.3705E-11  0.3699E-11
CALSDV   41   34  0.4337E-11  0.4330E-11
CALSDV   42   34  0.3389E-11  0.3385E-11
CALSDV   43   34  0.3948E-11  0.3940E-11
CALSDV   44   34  0.3399E-11  0.3394E-11
CALSDV   45   34  0.3539E-11  0.3529E-11
CALSDV   46   34  0.3457E-11  0.3451E-11
CALSDV   47   34  0.3339E-11  0.3331E-11
CALSDV   48   34  0.3498E-11  0.3490E-11
CALSDV   49   34  0.3371E-11  0.3363E-11
CALSDV   50   34  0.3536E-11  0.3527E-11
CALSDV   51   34  0.3522E-11  0.3517E-11
CALSDV   52   34  0.3592E-11  0.3583E-11
CALSDV   53   34  0.3685E-11  0.3680E-11
CALSDV   54   34  0.3662E-11  0.3653E-11
CALSDV   55   34  0.3780E-11  0.3775E-11
CALSDV   56   34  0.3719E-11  0.3712E-11
CALSDV   57   34  0.3767E-11  0.3763E-11
CALSDV   58   34  0.3728E-11  0.3722E-11
CALSDV   59   34  0.3684E-11  0.3679E-11
CALSDV   60   34  0.3700E-11  0.3695E-11
CALSDV   35   35  0.4350E-11  0.4347E-11
CALSDV   36   35  0.6208E-11  0.6213E-11
CALSDV   37   35  0.6165E-11  0.6161E-11
CALSDV   38   35  0.3684E-11  0.3686E-11
CALSDV   39   35  0.5136E-11  0.5132E-11
CALSDV   40   35  0.4357E-11  0.4352E-11
CALSDV   41   35  0.3881E-11  0.3880E-11
CALSDV   42   35  0.4365E-11  0.4360E-11
CALSDV   43   35  0.3430E-11  0.3430E-11
CALSDV   44   35  0.3942E-11  0.3936E-11
CALSDV   45   35  0.3556E-11  0.3559E-11
CALSDV   46   35  0.3550E-11  0.3545E-11
CALSDV   47   35  0.3818E-11  0.3822E-11
CALSDV   48   35  0.3423E-11  0.3422E-11
CALSDV   49   35  0.4026E-11  0.4030E-11
CALSDV   50   35  0.3543E-11  0.3544E-11
CALSDV   51   35  0.4144E-11  0.4149E-11
CALSDV   52   35  0.3765E-11  0.3767E-11
CALSDV   53   35  0.4179E-11  0.4182E-11
CALSDV   54   35  0.3964E-11  0.3966E-11
CALSDV   55   35  0.4130E-11  0.4134E-11
CALSDV   56   35  0.4064E-11  0.4067E-11
CALSDV   57   35  0.3996E-11  0.3999E-11
CALSDV   58   35  0.4035E-11  0.4037E-11
CALSDV   59   35  0.3813E-11  0.3814E-11
CALSDV   60   35  0.3914E-11  0.3915E-11
CALSDV   36   36  0.4144E-11  0.4146E-11
CALSDV   37   36  0.6155E-11  0.6166E-11
CALSDV   38   36  0.5906E-11  0.5924E-11
CALSDV   39   36  0.3745E-11  0.3753E-11
CALSDV   40   36  0.4858E-11  0.4868E-11
CALSDV   41   36  0.4561E-11  0.4563E-11
CALSDV   42   36  0.3882E-11  0.3887E-11
CALSDV   43   36  0.4614E-11  0.4618E-11
CALSDV   44   36  0.3615E-11  0.3615E-11
CALSDV   45   36  0.4228E-11  0.4230E-11
CALSDV   46   36  0.3664E-11  0.3665E-11
CALSDV   47   36  0.3871E-11  0.3875E-11
CALSDV   48   36  0.3739E-11  0.3742E-11
CALSDV   49   36  0.3749E-11  0.3755E-11
CALSDV   50   36  0.3790E-11  0.3793E-11
CALSDV   51   36  0.3828E-11  0.3834E-11
CALSDV   52   36  0.3837E-11  0.3841E-11
CALSDV   53   36  0.3970E-11  0.3975E-11
CALSDV   54   36  0.3895E-11  0.3899E-11
CALSDV   55   36  0.4059E-11  0.4064E-11
CALSDV   56   36  0.3942E-11  0.3946E-11
CALSDV   57   36  0.4026E-11  0.4029E-11
CALSDV   58   36  0.3937E-11  0.3940E-11
CALSDV   59   36  0.3878E-11  0.3881E-11
CALSDV   60   36  0.3865E-11  0.3868E-11
CALSDV   37   37  0.4048E-11  0.4051E-11
CALSDV   38   37  0.6398E-11  0.6406E-11
CALSDV   39   37  0.6522E-11  0.6521E-11
CALSDV   40   37  0.3912E-11  0.3920E-11
CALSDV   41   37  0.5380E-11  0.5377E-11
CALSDV   42   37  0.4649E-11  0.4654E-11
CALSDV   43   37  0.4073E-11  0.4075E-11
CALSDV   44   37  0.4586E-11  0.4592E-11
CALSDV   45   37  0.3627E-11  0.3628E-11
CALSDV   46   37  0.4090E-11  0.4098E-11
CALSDV   47   37  0.3748E-11  0.3752E-11
CALSDV   48   37  0.3691E-11  0.3705E-11
CALSDV   49   37  0.3990E-11  0.3994E-11
CALSDV   50   37  0.3631E-11  0.3643E-11
CALSDV   51   37  0.4178E-11  0.4181E-11
CALSDV   52   37  0.3824E-11  0.3832E-11
CALSDV   53   37  0.4275E-11  0.4277E-11
CALSDV   54   37  0.4073E-11  0.4079E-11
CALSDV   55   37  0.4278E-11  0.4277E-11
CALSDV   56   37  0.4238E-11  0.4240E-11
CALSDV   57   37  0.4170E-11  0.4168E-11
CALSDV   58   37  0.4241E-11  0.4240E-11
CALSDV   59   37  0.3965E-11  0.3964E-11
CALSDV   60   37  0.4089E-11  0.4089E-11
CALSDV   38   38  0.4223E-11  0.4233E-11
CALSDV   39   38  0.6344E-11  0.6344E-11
CALSDV   40   38  0.6222E-11  0.6217E-11
CALSDV   41   38  0.3967E-11  0.3964E-11
CALSDV   42   38  0.5062E-11  0.5056E-11
CALSDV   43   38  0.4843E-11  0.4849E-11
CALSDV   44   38  0.4074E-11  0.4068E-11
CALSDV   45   38  0.4867E-11  0.4870E-11
CALSDV   46   38  0.3845E-11  0.3842E-11
CALSDV   47   38  0.4481E-11  0.4476E-11
CALSDV   48   38  0.3913E-11  0.3906E-11
CALSDV   49   38  0.4186E-11  0.4176E-11
CALSDV   50   38  0.3988E-11  0.3979E-11
CALSDV   51   38  0.4145E-11  0.4130E-11
CALSDV   52   38  0.4042E-11  0.4030E-11
CALSDV   53   38  0.4252E-11  0.4240E-11
CALSDV   54   38  0.4095E-11  0.4084E-11
CALSDV   55   38  0.4343E-11  0.4333E-11
CALSDV   56   38  0.4144E-11  0.4133E-11
CALSDV   57   38  0.4301E-11  0.4292E-11
CALSDV   58   38  0.4140E-11  0.4128E-11
CALSDV   59   38  0.4093E-11  0.4086E-11
CALSDV   60   38  0.4036E-11  0.4028E-11
CALSDV   39   39  0.4111E-11  0.4124E-11
CALSDV   40   39  0.6598E-11  0.6597E-11
CALSDV   41   39  0.6912E-11  0.6908E-11
CALSDV   42   39  0.4206E-11  0.4204E-11
CALSDV   43   39  0.5629E-11  0.5627E-11
CALSDV   44   39  0.4970E-11  0.4968E-11
CALSDV   45   39  0.4258E-11  0.4259E-11
CALSDV   46   39  0.4799E-11  0.4796E-11
CALSDV   47   39  0.3846E-11  0.3847E-11
CALSDV   48   39  0.4224E-11  0.4218E-11
CALSDV   49   39  0.4011E-11  0.4014E-11
CALSDV   50   39  0.3850E-11  0.3845E-11
CALSDV   51   39  0.4267E-11  0.4269E-11
CALSDV   52   39  0.3880E-11  0.3876E-11
CALSDV   53   39  0.4441E-11  0.4442E-11
CALSDV   54   39  0.4137E-11  0.4138E-11
CALSDV   55   39  0.4491E-11  0.4493E-11
CALSDV   56   39  0.4373E-11  0.4375E-11
CALSDV   57   39  0.4397E-11  0.4399E-11
CALSDV   58   39  0.4433E-11  0.4435E-11
CALSDV   59   39  0.4153E-11  0.4154E-11
CALSDV   60   39  0.4270E-11  0.4272E-11
CALSDV   40   40  0.4497E-11  0.4494E-11
CALSDV   41   40  0.6641E-11  0.6643E-11
CALSDV   42   40  0.6808E-11  0.6808E-11
CALSDV   43   40  0.4299E-11  0.4305E-11
CALSDV   44   40  0.5440E-11  0.5446E-11
CALSDV   45   40  0.5189E-11  0.5192E-11
CALSDV   46   40  0.4297E-11  0.4302E-11
CALSDV   47   40  0.5197E-11  0.5200E-11
CALSDV   48   40  0.4160E-11  0.4160E-11
CALSDV   49   40  0.4867E-11  0.4865E-11
CALSDV   50   40  0.4413E-11  0.4404E-11
CALSDV   51   40  0.4675E-11  0.4675E-11
CALSDV   52   40  0.4626E-11  0.4618E-11
CALSDV   53   40  0.4691E-11  0.4688E-11
CALSDV   54   40  0.4729E-11  0.4719E-11
CALSDV   55   40  0.4745E-11  0.4743E-11
CALSDV   56   40  0.4723E-11  0.4717E-11
CALSDV   57   40  0.4660E-11  0.4660E-11
CALSDV   58   40  0.4602E-11  0.4597E-11
CALSDV   59   40  0.4358E-11  0.4359E-11
CALSDV   60   40  0.4340E-11  0.4340E-11
CALSDV   41   41  0.4439E-11  0.4401E-11
CALSDV   42   41  0.6851E-11  0.6844E-11
CALSDV   43   41  0.7347E-11  0.7346E-11
CALSDV   44   41  0.4648E-11  0.4644E-11
CALSDV   45   41  0.5867E-11  0.5869E-11
CALSDV   46   41  0.5405E-11  0.5403E-11
CALSDV   47   41  0.4452E-11  0.4450E-11
CALSDV   48   41  0.5115E-11  0.5114E-11
CALSDV   49   41  0.4146E-11  0.4141E-11
CALSDV   50   41  0.4480E-11  0.4479E-11
CALSDV   51   41  0.4395E-11  0.4389E-11
CALSDV   52   41  0.4152E-11  0.4156E-11
CALSDV   53   41  0.4657E-11  0.4654E-11
CALSDV   54   41  0.4257E-11  0.4259E-11
CALSDV   55   41  0.4768E-11  0.4766E-11
CALSDV   56   41  0.4513E-11  0.4513E-11
CALSDV   57   41  0.4684E-11  0.4683E-11
CALSDV   58   41  0.4629E-11  0.4630E-11
CALSDV   59   41  0.4382E-11  0.4380E-11
CALSDV   60   41  0.4465E-11  0.4464E-11
CALSDV   42   42  0.4739E-11  0.4754E-11
CALSDV   43   42  0.6991E-11  0.6997E-11
CALSDV   44   42  0.7628E-11  0.7636E-11
CALSDV   45   42  0.4733E-11  0.4732E-11
CALSDV   46   42  0.5946E-11  0.5959E-11
CALSDV   47   42  0.5540E-11  0.5541E-11
CALSDV   48   42  0.4550E-11  0.4555E-11
CALSDV   49   42  0.5447E-11  0.5446E-11
CALSDV   50   42  0.4552E-11  0.4555E-11
CALSDV   51   42  0.5104E-11  0.5100E-11
CALSDV   52   42  0.5056E-11  0.5059E-11
CALSDV   53   42  0.4962E-11  0.4959E-11
CALSDV   54   42  0.5405E-11  0.5409E-11
CALSDV   55   42  0.4980E-11  0.4980E-11
CALSDV   56   42  0.5465E-11  0.5469E-11
CALSDV   57   42  0.4917E-11  0.4918E-11
CALSDV   58   42  0.5241E-11  0.5245E-11
CALSDV   59   42  0.4584E-11  0.4586E-11
CALSDV   60   42  0.4760E-11  0.4764E-11
CALSDV   43   43  0.4729E-11  0.4718E-11
CALSDV   44   43  0.7059E-11  0.7069E-11
CALSDV   45   43  0.7802E-11  0.7812E-11
CALSDV   46   43  0.5030E-11  0.5045E-11
CALSDV   47   43  0.6079E-11  0.6082E-11
CALSDV   48   43  0.5745E-11  0.5747E-11
CALSDV   49   43  0.4642E-11  0.4648E-11
CALSDV   50   43  0.5322E-11  0.5325E-11
CALSDV   51   43  0.4503E-11  0.4515E-11
CALSDV   52   43  0.4671E-11  0.4673E-11
CALSDV   53   43  0.4850E-11  0.4862E-11
CALSDV   54   43  0.4453E-11  0.4458E-11
CALSDV   55   43  0.5077E-11  0.5087E-11
CALSDV   56   43  0.4633E-11  0.4634E-11
CALSDV   57   43  0.5029E-11  0.5032E-11
CALSDV   58   43  0.4806E-11  0.4803E-11
CALSDV   59   43  0.4655E-11  0.4661E-11
CALSDV   60   43  0.4659E-11  0.4660E-11
CALSDV   44   44  0.4906E-11  0.4905E-11
CALSDV   45   44  0.7421E-11  0.7442E-11
CALSDV   46   44  0.8177E-11  0.8183E-11
CALSDV   47   44  0.5227E-11  0.5230E-11
CALSDV   48   44  0.6240E-11  0.6239E-11
CALSDV   49   44  0.5949E-11  0.5944E-11
CALSDV   50   44  0.4783E-11  0.4775E-11
CALSDV   51   44  0.5785E-11  0.5787E-11
CALSDV   52   44  0.4933E-11  0.4923E-11
CALSDV   53   44  0.5462E-11  0.5465E-11
CALSDV   54   44  0.5507E-11  0.5502E-11
CALSDV   55   44  0.5336E-11  0.5336E-11
CALSDV   56   44  0.5786E-11  0.5782E-11
CALSDV   57   44  0.5231E-11  0.5230E-11
CALSDV   58   44  0.5640E-11  0.5636E-11
CALSDV   59   44  0.4850E-11  0.4847E-11
CALSDV   60   44  0.5082E-11  0.5081E-11
CALSDV   45   45  0.5581E-11  0.5547E-11
CALSDV   46   45  0.7391E-11  0.7399E-11
CALSDV   47   45  0.8404E-11  0.8385E-11
CALSDV   48   45  0.5454E-11  0.5446E-11
CALSDV   49   45  0.6336E-11  0.6326E-11
CALSDV   50   45  0.6053E-11  0.6048E-11
CALSDV   51   45  0.5065E-11  0.5059E-11
CALSDV   52   45  0.5561E-11  0.5553E-11
CALSDV   53   45  0.5273E-11  0.5265E-11
CALSDV   54   45  0.5013E-11  0.5000E-11
CALSDV   55   45  0.5673E-11  0.5663E-11
CALSDV   56   45  0.4931E-11  0.4920E-11
CALSDV   57   45  0.5649E-11  0.5643E-11
CALSDV   58   45  0.5050E-11  0.5048E-11
CALSDV   59   45  0.5108E-11  0.5105E-11
CALSDV   60   45  0.4892E-11  0.4894E-11
CALSDV   46   46  0.5352E-11  0.5379E-11
CALSDV   47   46  0.8122E-11  0.8138E-11
CALSDV   48   46  0.8670E-11  0.8617E-11
CALSDV   49   46  0.6033E-11  0.6044E-11
CALSDV   50   46  0.6642E-11  0.6632E-11
CALSDV   51   46  0.6607E-11  0.6619E-11
CALSDV   52   46  0.5215E-11  0.5216E-11
CALSDV   53   46  0.6354E-11  0.6357E-11
CALSDV   54   46  0.5299E-11  0.5310E-11
CALSDV   55   46  0.5968E-11  0.5971E-11
CALSDV   56   46  0.5706E-11  0.5721E-11
CALSDV   57   46  0.5663E-11  0.5679E-11
CALSDV   58   46  0.5751E-11  0.5772E-11
CALSDV   59   46  0.5156E-11  0.5169E-11
CALSDV   60   46  0.5278E-11  0.5287E-11
CALSDV   47   47  0.8627E-11  0.8711E-11
CALSDV   48   47  0.7662E-11  0.7674E-11
CALSDV   49   47  0.9089E-11  0.9068E-11
CALSDV   50   47  0.5917E-11  0.5952E-11
CALSDV   51   47  0.6375E-11  0.6349E-11
CALSDV   52   47  0.6366E-11  0.6406E-11
CALSDV   53   47  0.5312E-11  0.5290E-11
CALSDV   54   47  0.5806E-11  0.5819E-11
CALSDV   55   47  0.5705E-11  0.5700E-11
CALSDV   56   47  0.5357E-11  0.5385E-11
CALSDV   57   47  0.5936E-11  0.5933E-11
CALSDV   58   47  0.5313E-11  0.5345E-11
CALSDV   59   47  0.5453E-11  0.5448E-11
CALSDV   60   47  0.5139E-11  0.5148E-11
CALSDV   48   48  0.6390E-11  0.6369E-11
CALSDV   49   48  0.8194E-11  0.8209E-11
CALSDV   50   48  0.9159E-11  0.9168E-11
CALSDV   51   48  0.6031E-11  0.6054E-11
CALSDV   52   48  0.6441E-11  0.6451E-11
CALSDV   53   48  0.6400E-11  0.6410E-11
CALSDV   54   48  0.5274E-11  0.5286E-11
CALSDV   55   48  0.6092E-11  0.6081E-11
CALSDV   56   48  0.5881E-11  0.5884E-11
CALSDV   57   48  0.5785E-11  0.5775E-11
CALSDV   58   48  0.6270E-11  0.6276E-11
CALSDV   59   48  0.5359E-11  0.5341E-11
CALSDV   60   48  0.5786E-11  0.5793E-11
CALSDV   49   49  0.6722E-11  0.6764E-11
CALSDV   50   49  0.7915E-11  0.7947E-11
CALSDV   51   49  0.1050E-10  0.1049E-10
CALSDV   52   49  0.6365E-11  0.6385E-11
CALSDV   53   49  0.6200E-11  0.6218E-11
CALSDV   54   49  0.6847E-11  0.6891E-11
CALSDV   55   49  0.5708E-11  0.5751E-11
CALSDV   56   49  0.6322E-11  0.6367E-11
CALSDV   57   49  0.5873E-11  0.5879E-11
CALSDV   58   49  0.5927E-11  0.5968E-11
CALSDV   59   49  0.5692E-11  0.5692E-11
CALSDV   60   49  0.5523E-11  0.5545E-11
CALSDV   50   50  0.7854E-11  0.7733E-11
CALSDV   51   50  0.9883E-11  0.9909E-11
CALSDV   52   50  0.1099E-10  0.1112E-10
CALSDV   53   50  0.8024E-11  0.7988E-11
CALSDV   54   50  0.6376E-11  0.6381E-11
CALSDV   55   50  0.6955E-11  0.6931E-11
CALSDV   56   50  0.5759E-11  0.5780E-11
CALSDV   57   50  0.6931E-11  0.6925E-11
CALSDV   58   50  0.6286E-11  0.6285E-11
CALSDV   59   50  0.5928E-11  0.5924E-11
CALSDV   60   50  0.6095E-11  0.6092E-11
CALSDV   51   51  0.7331E-11  0.7251E-11
CALSDV   52   51  0.1011E-10  0.1011E-10
CALSDV   53   51  0.1109E-10  0.1109E-10
CALSDV   54   51  0.8701E-11  0.8714E-11
CALSDV   55   51  0.7293E-11  0.7282E-11
CALSDV   56   51  0.7632E-11  0.7605E-11
CALSDV   57   51  0.6221E-11  0.6220E-11
CALSDV   58   51  0.7680E-11  0.7656E-11
CALSDV   59   51  0.6570E-11  0.6567E-11
CALSDV   60   51  0.6308E-11  0.6296E-11
CALSDV   52   52  0.7723E-11  0.7736E-11
CALSDV   53   52  0.1041E-10  0.1041E-10
CALSDV   54   52  0.1154E-10  0.1157E-10
CALSDV   55   52  0.8644E-11  0.8632E-11
CALSDV   56   52  0.7155E-11  0.7159E-11
CALSDV   57   52  0.7862E-11  0.7855E-11
CALSDV   58   52  0.6124E-11  0.6117E-11
CALSDV   59   52  0.7018E-11  0.7022E-11
CALSDV   60   52  0.6700E-11  0.6701E-11
CALSDV   53   53  0.7274E-11  0.7288E-11
CALSDV   54   53  0.1075E-10  0.1071E-10
CALSDV   55   53  0.1112E-10  0.1122E-10
CALSDV   56   53  0.9441E-11  0.9448E-11
CALSDV   57   53  0.7727E-11  0.7774E-11
CALSDV   58   53  0.8744E-11  0.8730E-11
CALSDV   59   53  0.7047E-11  0.7113E-11
CALSDV   60   53  0.7643E-11  0.7653E-11
CALSDV   54   54  0.7246E-11  0.7378E-11
CALSDV   55   54  0.9897E-11  0.9887E-11
CALSDV   56   54  0.1151E-10  0.1144E-10
CALSDV   57   54  0.9937E-11  0.9880E-11
CALSDV   58   54  0.7655E-11  0.7626E-11
CALSDV   59   54  0.8218E-11  0.8211E-11
CALSDV   60   54  0.7109E-11  0.7083E-11
CALSDV   55   55  0.8340E-11  0.8317E-11
CALSDV   56   55  0.1034E-10  0.1032E-10
CALSDV   57   55  0.1197E-10  0.1192E-10
CALSDV   58   55  0.1058E-10  0.1057E-10
CALSDV   59   55  0.8963E-11  0.8932E-11
CALSDV   60   55  0.9083E-11  0.9078E-11
CALSDV   56   56  0.7783E-11  0.7872E-11
CALSDV   57   56  0.9569E-11  0.9569E-11
CALSDV   58   56  0.1287E-10  0.1288E-10
CALSDV   59   56  0.1130E-10  0.1128E-10
CALSDV   60   56  0.9407E-11  0.9406E-11
CALSDV   57   57  0.9019E-11  0.9001E-11
CALSDV   58   57  0.9940E-11  0.9975E-11
CALSDV   59   57  0.1287E-10  0.1269E-10
CALSDV   60   57  0.1167E-10  0.1165E-10
CALSDV   58   58  0.7664E-11  0.7782E-11
CALSDV   59   58  0.6576E-11  0.6590E-11
CALSDV   60   58  0.1440E-10  0.1437E-10
CALSDV   59   59  0.6801E-11  0.6805E-11
CALSDV   60   59  0.6874E-11  0.6754E-11
CALSDV   60   60  0.1322E-10  0.1295E-10
