  This file contains calibrated standard deviations 
       The relevant data lines start with key CALSDV 
       Each such line contains the following data 
           N   M   C_SIGMA   S_SIGMA 
                 FOR M=0 S_SIGMA=0.0 
     
CALSDV    0    0  0.0000E+00  0.0000E+00
CALSDV    1    0  0.0000E+00  0.0000E+00
CALSDV    2    0  0.3796E-10  0.0000E+00
CALSDV    3    0  0.6429E-11  0.0000E+00
CALSDV    4    0  0.2667E-11  0.0000E+00
CALSDV    5    0  0.1811E-11  0.0000E+00
CALSDV    6    0  0.1388E-11  0.0000E+00
CALSDV    7    0  0.1119E-11  0.0000E+00
CALSDV    8    0  0.9487E-12  0.0000E+00
CALSDV    9    0  0.8242E-12  0.0000E+00
CALSDV   10    0  0.7363E-12  0.0000E+00
CALSDV   11    0  0.6686E-12  0.0000E+00
CALSDV   12    0  0.6173E-12  0.0000E+00
CALSDV   13    0  0.5770E-12  0.0000E+00
CALSDV   14    0  0.5451E-12  0.0000E+00
CALSDV   15    0  0.5199E-12  0.0000E+00
CALSDV   16    0  0.4998E-12  0.0000E+00
CALSDV   17    0  0.4837E-12  0.0000E+00
CALSDV   18    0  0.4711E-12  0.0000E+00
CALSDV   19    0  0.4615E-12  0.0000E+00
CALSDV   20    0  0.4546E-12  0.0000E+00
CALSDV   21    0  0.4496E-12  0.0000E+00
CALSDV   22    0  0.4462E-12  0.0000E+00
CALSDV   23    0  0.4449E-12  0.0000E+00
CALSDV   24    0  0.4448E-12  0.0000E+00
CALSDV   25    0  0.4465E-12  0.0000E+00
CALSDV   26    0  0.4490E-12  0.0000E+00
CALSDV   27    0  0.4530E-12  0.0000E+00
CALSDV   28    0  0.4580E-12  0.0000E+00
CALSDV   29    0  0.4644E-12  0.0000E+00
CALSDV   30    0  0.4716E-12  0.0000E+00
CALSDV   31    0  0.4801E-12  0.0000E+00
CALSDV   32    0  0.4896E-12  0.0000E+00
CALSDV   33    0  0.5002E-12  0.0000E+00
CALSDV   34    0  0.5117E-12  0.0000E+00
CALSDV   35    0  0.5246E-12  0.0000E+00
CALSDV   36    0  0.5384E-12  0.0000E+00
CALSDV   37    0  0.5535E-12  0.0000E+00
CALSDV   38    0  0.5697E-12  0.0000E+00
CALSDV   39    0  0.5872E-12  0.0000E+00
CALSDV   40    0  0.6059E-12  0.0000E+00
CALSDV   41    0  0.6260E-12  0.0000E+00
CALSDV   42    0  0.6475E-12  0.0000E+00
CALSDV   43    0  0.6704E-12  0.0000E+00
CALSDV   44    0  0.6949E-12  0.0000E+00
CALSDV   45    0  0.7209E-12  0.0000E+00
CALSDV   46    0  0.7485E-12  0.0000E+00
CALSDV   47    0  0.7781E-12  0.0000E+00
CALSDV   48    0  0.8094E-12  0.0000E+00
CALSDV   49    0  0.8427E-12  0.0000E+00
CALSDV   50    0  0.8780E-12  0.0000E+00
CALSDV   51    0  0.9154E-12  0.0000E+00
CALSDV   52    0  0.9553E-12  0.0000E+00
CALSDV   53    0  0.9973E-12  0.0000E+00
CALSDV   54    0  0.1042E-11  0.0000E+00
CALSDV   55    0  0.1089E-11  0.0000E+00
CALSDV   56    0  0.1139E-11  0.0000E+00
CALSDV   57    0  0.1188E-11  0.0000E+00
CALSDV   58    0  0.1244E-11  0.0000E+00
CALSDV   59    0  0.1172E-11  0.0000E+00
CALSDV   60    0  0.1229E-11  0.0000E+00
CALSDV    1    1  0.0000E+00  0.0000E+00
CALSDV    2    1  0.2677E-10  0.2580E-10
CALSDV    3    1  0.5396E-11  0.5521E-11
CALSDV    4    1  0.3153E-11  0.3123E-11
CALSDV    5    1  0.1931E-11  0.1933E-11
CALSDV    6    1  0.1448E-11  0.1447E-11
CALSDV    7    1  0.1166E-11  0.1165E-11
CALSDV    8    1  0.9774E-12  0.9763E-12
CALSDV    9    1  0.8470E-12  0.8471E-12
CALSDV   10    1  0.7526E-12  0.7518E-12
CALSDV   11    1  0.6818E-12  0.6809E-12
CALSDV   12    1  0.6276E-12  0.6272E-12
CALSDV   13    1  0.5858E-12  0.5848E-12
CALSDV   14    1  0.5526E-12  0.5520E-12
CALSDV   15    1  0.5258E-12  0.5251E-12
CALSDV   16    1  0.5052E-12  0.5042E-12
CALSDV   17    1  0.4881E-12  0.4881E-12
CALSDV   18    1  0.4755E-12  0.4749E-12
CALSDV   19    1  0.4655E-12  0.4650E-12
CALSDV   20    1  0.4581E-12  0.4572E-12
CALSDV   21    1  0.4524E-12  0.4521E-12
CALSDV   22    1  0.4494E-12  0.4486E-12
CALSDV   23    1  0.4476E-12  0.4469E-12
CALSDV   24    1  0.4474E-12  0.4470E-12
CALSDV   25    1  0.4486E-12  0.4479E-12
CALSDV   26    1  0.4511E-12  0.4507E-12
CALSDV   27    1  0.4551E-12  0.4544E-12
CALSDV   28    1  0.4600E-12  0.4595E-12
CALSDV   29    1  0.4662E-12  0.4655E-12
CALSDV   30    1  0.4736E-12  0.4729E-12
CALSDV   31    1  0.4817E-12  0.4812E-12
CALSDV   32    1  0.4912E-12  0.4906E-12
CALSDV   33    1  0.5018E-12  0.5011E-12
CALSDV   34    1  0.5135E-12  0.5128E-12
CALSDV   35    1  0.5261E-12  0.5255E-12
CALSDV   36    1  0.5400E-12  0.5393E-12
CALSDV   37    1  0.5550E-12  0.5544E-12
CALSDV   38    1  0.5713E-12  0.5705E-12
CALSDV   39    1  0.5886E-12  0.5879E-12
CALSDV   40    1  0.6074E-12  0.6067E-12
CALSDV   41    1  0.6275E-12  0.6267E-12
CALSDV   42    1  0.6490E-12  0.6482E-12
CALSDV   43    1  0.6719E-12  0.6711E-12
CALSDV   44    1  0.6963E-12  0.6955E-12
CALSDV   45    1  0.7223E-12  0.7214E-12
CALSDV   46    1  0.7500E-12  0.7493E-12
CALSDV   47    1  0.7796E-12  0.7786E-12
CALSDV   48    1  0.8109E-12  0.8099E-12
CALSDV   49    1  0.8441E-12  0.8431E-12
CALSDV   50    1  0.8796E-12  0.8785E-12
CALSDV   51    1  0.9169E-12  0.9158E-12
CALSDV   52    1  0.9568E-12  0.9559E-12
CALSDV   53    1  0.9988E-12  0.9977E-12
CALSDV   54    1  0.1044E-11  0.1043E-11
CALSDV   55    1  0.1090E-11  0.1089E-11
CALSDV   56    1  0.1141E-11  0.1139E-11
CALSDV   57    1  0.1189E-11  0.1188E-11
CALSDV   58    1  0.1246E-11  0.1244E-11
CALSDV   59    1  0.1175E-11  0.1174E-11
CALSDV   60    1  0.1232E-11  0.1231E-11
CALSDV    2    2  0.2133E-10  0.1754E-10
CALSDV    3    2  0.9092E-11  0.8961E-11
CALSDV    4    2  0.4151E-11  0.4130E-11
CALSDV    5    2  0.2495E-11  0.2495E-11
CALSDV    6    2  0.1780E-11  0.1774E-11
CALSDV    7    2  0.1362E-11  0.1358E-11
CALSDV    8    2  0.1119E-11  0.1116E-11
CALSDV    9    2  0.9451E-12  0.9429E-12
CALSDV   10    2  0.8284E-12  0.8269E-12
CALSDV   11    2  0.7391E-12  0.7371E-12
CALSDV   12    2  0.6739E-12  0.6722E-12
CALSDV   13    2  0.6224E-12  0.6213E-12
CALSDV   14    2  0.5829E-12  0.5816E-12
CALSDV   15    2  0.5515E-12  0.5506E-12
CALSDV   16    2  0.5268E-12  0.5259E-12
CALSDV   17    2  0.5074E-12  0.5060E-12
CALSDV   18    2  0.4919E-12  0.4910E-12
CALSDV   19    2  0.4797E-12  0.4790E-12
CALSDV   20    2  0.4709E-12  0.4701E-12
CALSDV   21    2  0.4643E-12  0.4635E-12
CALSDV   22    2  0.4597E-12  0.4589E-12
CALSDV   23    2  0.4572E-12  0.4563E-12
CALSDV   24    2  0.4561E-12  0.4554E-12
CALSDV   25    2  0.4571E-12  0.4561E-12
CALSDV   26    2  0.4587E-12  0.4580E-12
CALSDV   27    2  0.4621E-12  0.4613E-12
CALSDV   28    2  0.4667E-12  0.4658E-12
CALSDV   29    2  0.4726E-12  0.4717E-12
CALSDV   30    2  0.4793E-12  0.4784E-12
CALSDV   31    2  0.4876E-12  0.4866E-12
CALSDV   32    2  0.4967E-12  0.4957E-12
CALSDV   33    2  0.5069E-12  0.5061E-12
CALSDV   34    2  0.5183E-12  0.5174E-12
CALSDV   35    2  0.5310E-12  0.5301E-12
CALSDV   36    2  0.5446E-12  0.5436E-12
CALSDV   37    2  0.5595E-12  0.5585E-12
CALSDV   38    2  0.5756E-12  0.5745E-12
CALSDV   39    2  0.5930E-12  0.5919E-12
CALSDV   40    2  0.6116E-12  0.6104E-12
CALSDV   41    2  0.6316E-12  0.6304E-12
CALSDV   42    2  0.6530E-12  0.6518E-12
CALSDV   43    2  0.6758E-12  0.6746E-12
CALSDV   44    2  0.7003E-12  0.6988E-12
CALSDV   45    2  0.7262E-12  0.7249E-12
CALSDV   46    2  0.7538E-12  0.7524E-12
CALSDV   47    2  0.7834E-12  0.7818E-12
CALSDV   48    2  0.8146E-12  0.8131E-12
CALSDV   49    2  0.8480E-12  0.8463E-12
CALSDV   50    2  0.8832E-12  0.8816E-12
CALSDV   51    2  0.9208E-12  0.9191E-12
CALSDV   52    2  0.9607E-12  0.9588E-12
CALSDV   53    2  0.1003E-11  0.1001E-11
CALSDV   54    2  0.1048E-11  0.1046E-11
CALSDV   55    2  0.1095E-11  0.1093E-11
CALSDV   56    2  0.1145E-11  0.1143E-11
CALSDV   57    2  0.1195E-11  0.1193E-11
CALSDV   58    2  0.1251E-11  0.1248E-11
CALSDV   59    2  0.1191E-11  0.1189E-11
CALSDV   60    2  0.1248E-11  0.1246E-11
CALSDV    3    3  0.2011E-10  0.1967E-10
CALSDV    4    3  0.8287E-11  0.8260E-11
CALSDV    5    3  0.5613E-11  0.5572E-11
CALSDV    6    3  0.3006E-11  0.3005E-11
CALSDV    7    3  0.2566E-11  0.2558E-11
CALSDV    8    3  0.1637E-11  0.1638E-11
CALSDV    9    3  0.1524E-11  0.1521E-11
CALSDV   10    3  0.1114E-11  0.1113E-11
CALSDV   11    3  0.1062E-11  0.1061E-11
CALSDV   12    3  0.8306E-12  0.8308E-12
CALSDV   13    3  0.8132E-12  0.8126E-12
CALSDV   14    3  0.6909E-12  0.6905E-12
CALSDV   15    3  0.6748E-12  0.6747E-12
CALSDV   16    3  0.5956E-12  0.5956E-12
CALSDV   17    3  0.5923E-12  0.5927E-12
CALSDV   18    3  0.5418E-12  0.5420E-12
CALSDV   19    3  0.5400E-12  0.5398E-12
CALSDV   20    3  0.5106E-12  0.5106E-12
CALSDV   21    3  0.5097E-12  0.5100E-12
CALSDV   22    3  0.4892E-12  0.4892E-12
CALSDV   23    3  0.4914E-12  0.4918E-12
CALSDV   24    3  0.4813E-12  0.4814E-12
CALSDV   25    3  0.4844E-12  0.4847E-12
CALSDV   26    3  0.4780E-12  0.4783E-12
CALSDV   27    3  0.4845E-12  0.4848E-12
CALSDV   28    3  0.4835E-12  0.4837E-12
CALSDV   29    3  0.4912E-12  0.4915E-12
CALSDV   30    3  0.4935E-12  0.4938E-12
CALSDV   31    3  0.5033E-12  0.5036E-12
CALSDV   32    3  0.5089E-12  0.5093E-12
CALSDV   33    3  0.5207E-12  0.5210E-12
CALSDV   34    3  0.5293E-12  0.5297E-12
CALSDV   35    3  0.5430E-12  0.5434E-12
CALSDV   36    3  0.5545E-12  0.5550E-12
CALSDV   37    3  0.5703E-12  0.5708E-12
CALSDV   38    3  0.5844E-12  0.5850E-12
CALSDV   39    3  0.6026E-12  0.6031E-12
CALSDV   40    3  0.6198E-12  0.6203E-12
CALSDV   41    3  0.6404E-12  0.6410E-12
CALSDV   42    3  0.6605E-12  0.6611E-12
CALSDV   43    3  0.6840E-12  0.6846E-12
CALSDV   44    3  0.7073E-12  0.7080E-12
CALSDV   45    3  0.7336E-12  0.7345E-12
CALSDV   46    3  0.7606E-12  0.7613E-12
CALSDV   47    3  0.7905E-12  0.7912E-12
CALSDV   48    3  0.8209E-12  0.8218E-12
CALSDV   49    3  0.8546E-12  0.8555E-12
CALSDV   50    3  0.8894E-12  0.8903E-12
CALSDV   51    3  0.9272E-12  0.9283E-12
CALSDV   52    3  0.9667E-12  0.9677E-12
CALSDV   53    3  0.1009E-11  0.1010E-11
CALSDV   54    3  0.1054E-11  0.1055E-11
CALSDV   55    3  0.1102E-11  0.1103E-11
CALSDV   56    3  0.1152E-11  0.1153E-11
CALSDV   57    3  0.1203E-11  0.1205E-11
CALSDV   58    3  0.1259E-11  0.1261E-11
CALSDV   59    3  0.1221E-11  0.1222E-11
CALSDV   60    3  0.1278E-11  0.1278E-11
CALSDV    4    4  0.1054E-10  0.1081E-10
CALSDV    5    4  0.8225E-11  0.8256E-11
CALSDV    6    4  0.3450E-11  0.3484E-11
CALSDV    7    4  0.2899E-11  0.2913E-11
CALSDV    8    4  0.1814E-11  0.1832E-11
CALSDV    9    4  0.1580E-11  0.1584E-11
CALSDV   10    4  0.1204E-11  0.1213E-11
CALSDV   11    4  0.1081E-11  0.1083E-11
CALSDV   12    4  0.9075E-12  0.9136E-12
CALSDV   13    4  0.8337E-12  0.8364E-12
CALSDV   14    4  0.7430E-12  0.7465E-12
CALSDV   15    4  0.6944E-12  0.6959E-12
CALSDV   16    4  0.6375E-12  0.6407E-12
CALSDV   17    4  0.6109E-12  0.6122E-12
CALSDV   18    4  0.5730E-12  0.5752E-12
CALSDV   19    4  0.5613E-12  0.5624E-12
CALSDV   20    4  0.5369E-12  0.5387E-12
CALSDV   21    4  0.5292E-12  0.5302E-12
CALSDV   22    4  0.5141E-12  0.5158E-12
CALSDV   23    4  0.5112E-12  0.5120E-12
CALSDV   24    4  0.5029E-12  0.5042E-12
CALSDV   25    4  0.5017E-12  0.5025E-12
CALSDV   26    4  0.4980E-12  0.4994E-12
CALSDV   27    4  0.5006E-12  0.5014E-12
CALSDV   28    4  0.5005E-12  0.5017E-12
CALSDV   29    4  0.5058E-12  0.5070E-12
CALSDV   30    4  0.5090E-12  0.5101E-12
CALSDV   31    4  0.5172E-12  0.5182E-12
CALSDV   32    4  0.5232E-12  0.5243E-12
CALSDV   33    4  0.5336E-12  0.5346E-12
CALSDV   34    4  0.5424E-12  0.5436E-12
CALSDV   35    4  0.5553E-12  0.5563E-12
CALSDV   36    4  0.5668E-12  0.5680E-12
CALSDV   37    4  0.5819E-12  0.5830E-12
CALSDV   38    4  0.5962E-12  0.5974E-12
CALSDV   39    4  0.6137E-12  0.6150E-12
CALSDV   40    4  0.6309E-12  0.6321E-12
CALSDV   41    4  0.6510E-12  0.6522E-12
CALSDV   42    4  0.6712E-12  0.6725E-12
CALSDV   43    4  0.6941E-12  0.6954E-12
CALSDV   44    4  0.7174E-12  0.7189E-12
CALSDV   45    4  0.7436E-12  0.7450E-12
CALSDV   46    4  0.7703E-12  0.7719E-12
CALSDV   47    4  0.7999E-12  0.8014E-12
CALSDV   48    4  0.8305E-12  0.8322E-12
CALSDV   49    4  0.8640E-12  0.8656E-12
CALSDV   50    4  0.8987E-12  0.9005E-12
CALSDV   51    4  0.9364E-12  0.9383E-12
CALSDV   52    4  0.9758E-12  0.9778E-12
CALSDV   53    4  0.1019E-11  0.1020E-11
CALSDV   54    4  0.1063E-11  0.1065E-11
CALSDV   55    4  0.1111E-11  0.1113E-11
CALSDV   56    4  0.1161E-11  0.1164E-11
CALSDV   57    4  0.1214E-11  0.1217E-11
CALSDV   58    4  0.1270E-11  0.1273E-11
CALSDV   59    4  0.1250E-11  0.1252E-11
CALSDV   60    4  0.1307E-11  0.1309E-11
CALSDV    5    5  0.1449E-10  0.1446E-10
CALSDV    6    5  0.6076E-11  0.6058E-11
CALSDV    7    5  0.3940E-11  0.3927E-11
CALSDV    8    5  0.2594E-11  0.2597E-11
CALSDV    9    5  0.2242E-11  0.2240E-11
CALSDV   10    5  0.1615E-11  0.1620E-11
CALSDV   11    5  0.1531E-11  0.1532E-11
CALSDV   12    5  0.1204E-11  0.1206E-11
CALSDV   13    5  0.1159E-11  0.1159E-11
CALSDV   14    5  0.9610E-12  0.9622E-12
CALSDV   15    5  0.9221E-12  0.9225E-12
CALSDV   16    5  0.8017E-12  0.8024E-12
CALSDV   17    5  0.7785E-12  0.7781E-12
CALSDV   18    5  0.7113E-12  0.7114E-12
CALSDV   19    5  0.6850E-12  0.6852E-12
CALSDV   20    5  0.6337E-12  0.6346E-12
CALSDV   21    5  0.6254E-12  0.6255E-12
CALSDV   22    5  0.5961E-12  0.5968E-12
CALSDV   23    5  0.5892E-12  0.5894E-12
CALSDV   24    5  0.5698E-12  0.5702E-12
CALSDV   25    5  0.5639E-12  0.5642E-12
CALSDV   26    5  0.5538E-12  0.5541E-12
CALSDV   27    5  0.5528E-12  0.5530E-12
CALSDV   28    5  0.5492E-12  0.5497E-12
CALSDV   29    5  0.5485E-12  0.5490E-12
CALSDV   30    5  0.5491E-12  0.5495E-12
CALSDV   31    5  0.5537E-12  0.5541E-12
CALSDV   32    5  0.5589E-12  0.5591E-12
CALSDV   33    5  0.5651E-12  0.5655E-12
CALSDV   34    5  0.5731E-12  0.5735E-12
CALSDV   35    5  0.5830E-12  0.5833E-12
CALSDV   36    5  0.5943E-12  0.5947E-12
CALSDV   37    5  0.6064E-12  0.6069E-12
CALSDV   38    5  0.6208E-12  0.6212E-12
CALSDV   39    5  0.6358E-12  0.6363E-12
CALSDV   40    5  0.6533E-12  0.6537E-12
CALSDV   41    5  0.6710E-12  0.6716E-12
CALSDV   42    5  0.6915E-12  0.6920E-12
CALSDV   43    5  0.7124E-12  0.7131E-12
CALSDV   44    5  0.7362E-12  0.7368E-12
CALSDV   45    5  0.7604E-12  0.7612E-12
CALSDV   46    5  0.7879E-12  0.7886E-12
CALSDV   47    5  0.8157E-12  0.8165E-12
CALSDV   48    5  0.8469E-12  0.8476E-12
CALSDV   49    5  0.8787E-12  0.8796E-12
CALSDV   50    5  0.9142E-12  0.9149E-12
CALSDV   51    5  0.9505E-12  0.9515E-12
CALSDV   52    5  0.9905E-12  0.9915E-12
CALSDV   53    5  0.1032E-11  0.1033E-11
CALSDV   54    5  0.1077E-11  0.1078E-11
CALSDV   55    5  0.1124E-11  0.1126E-11
CALSDV   56    5  0.1175E-11  0.1176E-11
CALSDV   57    5  0.1228E-11  0.1230E-11
CALSDV   58    5  0.1286E-11  0.1287E-11
CALSDV   59    5  0.1279E-11  0.1279E-11
CALSDV   60    5  0.1339E-11  0.1339E-11
CALSDV    6    6  0.7492E-11  0.7504E-11
CALSDV    7    6  0.7914E-11  0.8005E-11
CALSDV    8    6  0.3443E-11  0.3437E-11
CALSDV    9    6  0.3733E-11  0.3767E-11
CALSDV   10    6  0.2125E-11  0.2121E-11
CALSDV   11    6  0.2159E-11  0.2175E-11
CALSDV   12    6  0.1461E-11  0.1460E-11
CALSDV   13    6  0.1474E-11  0.1485E-11
CALSDV   14    6  0.1085E-11  0.1087E-11
CALSDV   15    6  0.1110E-11  0.1115E-11
CALSDV   16    6  0.8778E-12  0.8812E-12
CALSDV   17    6  0.8984E-12  0.9009E-12
CALSDV   18    6  0.7840E-12  0.7855E-12
CALSDV   19    6  0.7696E-12  0.7718E-12
CALSDV   20    6  0.6823E-12  0.6847E-12
CALSDV   21    6  0.6870E-12  0.6885E-12
CALSDV   22    6  0.6353E-12  0.6367E-12
CALSDV   23    6  0.6387E-12  0.6397E-12
CALSDV   24    6  0.5929E-12  0.5951E-12
CALSDV   25    6  0.6072E-12  0.6083E-12
CALSDV   26    6  0.5769E-12  0.5786E-12
CALSDV   27    6  0.5912E-12  0.5919E-12
CALSDV   28    6  0.5746E-12  0.5760E-12
CALSDV   29    6  0.5825E-12  0.5834E-12
CALSDV   30    6  0.5715E-12  0.5731E-12
CALSDV   31    6  0.5847E-12  0.5855E-12
CALSDV   32    6  0.5812E-12  0.5825E-12
CALSDV   33    6  0.5927E-12  0.5938E-12
CALSDV   34    6  0.5931E-12  0.5945E-12
CALSDV   35    6  0.6090E-12  0.6097E-12
CALSDV   36    6  0.6141E-12  0.6152E-12
CALSDV   37    6  0.6304E-12  0.6314E-12
CALSDV   38    6  0.6396E-12  0.6408E-12
CALSDV   39    6  0.6584E-12  0.6594E-12
CALSDV   40    6  0.6715E-12  0.6727E-12
CALSDV   41    6  0.6923E-12  0.6934E-12
CALSDV   42    6  0.7092E-12  0.7105E-12
CALSDV   43    6  0.7326E-12  0.7336E-12
CALSDV   44    6  0.7535E-12  0.7546E-12
CALSDV   45    6  0.7797E-12  0.7806E-12
CALSDV   46    6  0.8044E-12  0.8058E-12
CALSDV   47    6  0.8337E-12  0.8351E-12
CALSDV   48    6  0.8631E-12  0.8642E-12
CALSDV   49    6  0.8960E-12  0.8973E-12
CALSDV   50    6  0.9297E-12  0.9311E-12
CALSDV   51    6  0.9669E-12  0.9685E-12
CALSDV   52    6  0.1006E-11  0.1007E-11
CALSDV   53    6  0.1048E-11  0.1049E-11
CALSDV   54    6  0.1092E-11  0.1093E-11
CALSDV   55    6  0.1140E-11  0.1141E-11
CALSDV   56    6  0.1190E-11  0.1192E-11
CALSDV   57    6  0.1245E-11  0.1246E-11
CALSDV   58    6  0.1301E-11  0.1302E-11
CALSDV   59    6  0.1310E-11  0.1312E-11
CALSDV   60    6  0.1369E-11  0.1371E-11
CALSDV    7    7  0.1089E-10  0.1070E-10
CALSDV    8    7  0.5781E-11  0.5823E-11
CALSDV    9    7  0.3704E-11  0.3649E-11
CALSDV   10    7  0.2612E-11  0.2598E-11
CALSDV   11    7  0.2134E-11  0.2121E-11
CALSDV   12    7  0.1622E-11  0.1611E-11
CALSDV   13    7  0.1447E-11  0.1449E-11
CALSDV   14    7  0.1234E-11  0.1224E-11
CALSDV   15    7  0.1103E-11  0.1097E-11
CALSDV   16    7  0.1031E-11  0.1029E-11
CALSDV   17    7  0.9176E-12  0.9176E-12
CALSDV   18    7  0.9069E-12  0.9043E-12
CALSDV   19    7  0.8088E-12  0.8106E-12
CALSDV   20    7  0.8234E-12  0.8218E-12
CALSDV   21    7  0.7243E-12  0.7252E-12
CALSDV   22    7  0.7647E-12  0.7627E-12
CALSDV   23    7  0.6692E-12  0.6684E-12
CALSDV   24    7  0.7008E-12  0.6988E-12
CALSDV   25    7  0.6386E-12  0.6376E-12
CALSDV   26    7  0.6709E-12  0.6694E-12
CALSDV   27    7  0.6229E-12  0.6218E-12
CALSDV   28    7  0.6535E-12  0.6522E-12
CALSDV   29    7  0.6165E-12  0.6156E-12
CALSDV   30    7  0.6446E-12  0.6429E-12
CALSDV   31    7  0.6161E-12  0.6146E-12
CALSDV   32    7  0.6453E-12  0.6440E-12
CALSDV   33    7  0.6233E-12  0.6217E-12
CALSDV   34    7  0.6495E-12  0.6478E-12
CALSDV   35    7  0.6368E-12  0.6354E-12
CALSDV   36    7  0.6639E-12  0.6625E-12
CALSDV   37    7  0.6574E-12  0.6558E-12
CALSDV   38    7  0.6838E-12  0.6823E-12
CALSDV   39    7  0.6840E-12  0.6823E-12
CALSDV   40    7  0.7115E-12  0.7099E-12
CALSDV   41    7  0.7167E-12  0.7152E-12
CALSDV   42    7  0.7453E-12  0.7438E-12
CALSDV   43    7  0.7557E-12  0.7542E-12
CALSDV   44    7  0.7863E-12  0.7847E-12
CALSDV   45    7  0.8017E-12  0.8002E-12
CALSDV   46    7  0.8346E-12  0.8329E-12
CALSDV   47    7  0.8549E-12  0.8533E-12
CALSDV   48    7  0.8905E-12  0.8888E-12
CALSDV   49    7  0.9163E-12  0.9145E-12
CALSDV   50    7  0.9552E-12  0.9535E-12
CALSDV   51    7  0.9864E-12  0.9845E-12
CALSDV   52    7  0.1029E-11  0.1027E-11
CALSDV   53    7  0.1066E-11  0.1064E-11
CALSDV   54    7  0.1114E-11  0.1112E-11
CALSDV   55    7  0.1158E-11  0.1156E-11
CALSDV   56    7  0.1211E-11  0.1208E-11
CALSDV   57    7  0.1262E-11  0.1260E-11
CALSDV   58    7  0.1322E-11  0.1319E-11
CALSDV   59    7  0.1339E-11  0.1336E-11
CALSDV   60    7  0.1402E-11  0.1400E-11
CALSDV    8    8  0.5640E-11  0.5621E-11
CALSDV    9    8  0.6088E-11  0.5999E-11
CALSDV   10    8  0.3341E-11  0.3333E-11
CALSDV   11    8  0.3397E-11  0.3347E-11
CALSDV   12    8  0.2410E-11  0.2395E-11
CALSDV   13    8  0.2293E-11  0.2258E-11
CALSDV   14    8  0.1729E-11  0.1717E-11
CALSDV   15    8  0.1706E-11  0.1687E-11
CALSDV   16    8  0.1362E-11  0.1354E-11
CALSDV   17    8  0.1382E-11  0.1371E-11
CALSDV   18    8  0.1081E-11  0.1073E-11
CALSDV   19    8  0.1156E-11  0.1149E-11
CALSDV   20    8  0.9462E-12  0.9419E-12
CALSDV   21    8  0.1013E-11  0.1007E-11
CALSDV   22    8  0.8535E-12  0.8506E-12
CALSDV   23    8  0.8977E-12  0.8936E-12
CALSDV   24    8  0.7671E-12  0.7647E-12
CALSDV   25    8  0.8175E-12  0.8139E-12
CALSDV   26    8  0.7421E-12  0.7403E-12
CALSDV   27    8  0.7668E-12  0.7644E-12
CALSDV   28    8  0.6912E-12  0.6897E-12
CALSDV   29    8  0.7352E-12  0.7333E-12
CALSDV   30    8  0.6833E-12  0.6824E-12
CALSDV   31    8  0.7190E-12  0.7172E-12
CALSDV   32    8  0.6857E-12  0.6851E-12
CALSDV   33    8  0.7083E-12  0.7070E-12
CALSDV   34    8  0.6839E-12  0.6831E-12
CALSDV   35    8  0.7113E-12  0.7100E-12
CALSDV   36    8  0.6999E-12  0.6995E-12
CALSDV   37    8  0.7208E-12  0.7199E-12
CALSDV   38    8  0.7153E-12  0.7148E-12
CALSDV   39    8  0.7401E-12  0.7392E-12
CALSDV   40    8  0.7428E-12  0.7423E-12
CALSDV   41    8  0.7662E-12  0.7654E-12
CALSDV   42    8  0.7750E-12  0.7745E-12
CALSDV   43    8  0.8000E-12  0.7994E-12
CALSDV   44    8  0.8146E-12  0.8143E-12
CALSDV   45    8  0.8413E-12  0.8406E-12
CALSDV   46    8  0.8617E-12  0.8612E-12
CALSDV   47    8  0.8906E-12  0.8899E-12
CALSDV   48    8  0.9165E-12  0.9160E-12
CALSDV   49    8  0.9485E-12  0.9478E-12
CALSDV   50    8  0.9800E-12  0.9794E-12
CALSDV   51    8  0.1016E-11  0.1015E-11
CALSDV   52    8  0.1053E-11  0.1052E-11
CALSDV   53    8  0.1093E-11  0.1092E-11
CALSDV   54    8  0.1136E-11  0.1135E-11
CALSDV   55    8  0.1182E-11  0.1181E-11
CALSDV   56    8  0.1232E-11  0.1231E-11
CALSDV   57    8  0.1286E-11  0.1284E-11
CALSDV   58    8  0.1342E-11  0.1341E-11
CALSDV   59    8  0.1376E-11  0.1374E-11
CALSDV   60    8  0.1437E-11  0.1435E-11
CALSDV    9    9  0.7745E-11  0.7730E-11
CALSDV   10    9  0.5655E-11  0.5660E-11
CALSDV   11    9  0.3495E-11  0.3507E-11
CALSDV   12    9  0.2810E-11  0.2802E-11
CALSDV   13    9  0.2257E-11  0.2271E-11
CALSDV   14    9  0.1745E-11  0.1740E-11
CALSDV   15    9  0.1539E-11  0.1548E-11
CALSDV   16    9  0.1302E-11  0.1303E-11
CALSDV   17    9  0.1181E-11  0.1186E-11
CALSDV   18    9  0.1116E-11  0.1116E-11
CALSDV   19    9  0.9410E-12  0.9445E-12
CALSDV   20    9  0.1013E-11  0.1014E-11
CALSDV   21    9  0.8391E-12  0.8421E-12
CALSDV   22    9  0.8981E-12  0.8982E-12
CALSDV   23    9  0.7919E-12  0.7927E-12
CALSDV   24    9  0.8499E-12  0.8499E-12
CALSDV   25    9  0.7320E-12  0.7328E-12
CALSDV   26    9  0.8238E-12  0.8239E-12
CALSDV   27    9  0.7154E-12  0.7159E-12
CALSDV   28    9  0.7681E-12  0.7680E-12
CALSDV   29    9  0.6956E-12  0.6956E-12
CALSDV   30    9  0.7479E-12  0.7472E-12
CALSDV   31    9  0.6975E-12  0.6968E-12
CALSDV   32    9  0.7404E-12  0.7400E-12
CALSDV   33    9  0.7066E-12  0.7064E-12
CALSDV   34    9  0.7400E-12  0.7398E-12
CALSDV   35    9  0.7132E-12  0.7128E-12
CALSDV   36    9  0.7495E-12  0.7492E-12
CALSDV   37    9  0.7320E-12  0.7317E-12
CALSDV   38    9  0.7607E-12  0.7601E-12
CALSDV   39    9  0.7536E-12  0.7534E-12
CALSDV   40    9  0.7833E-12  0.7832E-12
CALSDV   41    9  0.7836E-12  0.7835E-12
CALSDV   42    9  0.8120E-12  0.8116E-12
CALSDV   43    9  0.8193E-12  0.8193E-12
CALSDV   44    9  0.8489E-12  0.8488E-12
CALSDV   45    9  0.8619E-12  0.8617E-12
CALSDV   46    9  0.8933E-12  0.8930E-12
CALSDV   47    9  0.9118E-12  0.9114E-12
CALSDV   48    9  0.9455E-12  0.9454E-12
CALSDV   49    9  0.9696E-12  0.9696E-12
CALSDV   50    9  0.1007E-11  0.1007E-11
CALSDV   51    9  0.1036E-11  0.1036E-11
CALSDV   52    9  0.1077E-11  0.1077E-11
CALSDV   53    9  0.1113E-11  0.1113E-11
CALSDV   54    9  0.1159E-11  0.1159E-11
CALSDV   55    9  0.1201E-11  0.1201E-11
CALSDV   56    9  0.1252E-11  0.1252E-11
CALSDV   57    9  0.1304E-11  0.1304E-11
CALSDV   58    9  0.1362E-11  0.1362E-11
CALSDV   59    9  0.1401E-11  0.1401E-11
CALSDV   60    9  0.1464E-11  0.1463E-11
CALSDV   10   10  0.4826E-11  0.4839E-11
CALSDV   11   10  0.4823E-11  0.4796E-11
CALSDV   12   10  0.3062E-11  0.3063E-11
CALSDV   13   10  0.2607E-11  0.2597E-11
CALSDV   14   10  0.2401E-11  0.2413E-11
CALSDV   15   10  0.1971E-11  0.1968E-11
CALSDV   16   10  0.1820E-11  0.1831E-11
CALSDV   17   10  0.1646E-11  0.1647E-11
CALSDV   18   10  0.1451E-11  0.1454E-11
CALSDV   19   10  0.1452E-11  0.1454E-11
CALSDV   20   10  0.1228E-11  0.1232E-11
CALSDV   21   10  0.1305E-11  0.1307E-11
CALSDV   22   10  0.1062E-11  0.1068E-11
CALSDV   23   10  0.1171E-11  0.1173E-11
CALSDV   24   10  0.9914E-12  0.9922E-12
CALSDV   25   10  0.1085E-11  0.1087E-11
CALSDV   26   10  0.9253E-12  0.9267E-12
CALSDV   27   10  0.1005E-11  0.1007E-11
CALSDV   28   10  0.8731E-12  0.8752E-12
CALSDV   29   10  0.9407E-12  0.9418E-12
CALSDV   30   10  0.8570E-12  0.8569E-12
CALSDV   31   10  0.8961E-12  0.8975E-12
CALSDV   32   10  0.8160E-12  0.8170E-12
CALSDV   33   10  0.8723E-12  0.8734E-12
CALSDV   34   10  0.8177E-12  0.8184E-12
CALSDV   35   10  0.8611E-12  0.8620E-12
CALSDV   36   10  0.8265E-12  0.8264E-12
CALSDV   37   10  0.8527E-12  0.8532E-12
CALSDV   38   10  0.8288E-12  0.8294E-12
CALSDV   39   10  0.8598E-12  0.8602E-12
CALSDV   40   10  0.8503E-12  0.8504E-12
CALSDV   41   10  0.8734E-12  0.8737E-12
CALSDV   42   10  0.8717E-12  0.8721E-12
CALSDV   43   10  0.8978E-12  0.8978E-12
CALSDV   44   10  0.9058E-12  0.9060E-12
CALSDV   45   10  0.9302E-12  0.9300E-12
CALSDV   46   10  0.9456E-12  0.9454E-12
CALSDV   47   10  0.9714E-12  0.9712E-12
CALSDV   48   10  0.9943E-12  0.9941E-12
CALSDV   49   10  0.1022E-11  0.1022E-11
CALSDV   50   10  0.1052E-11  0.1051E-11
CALSDV   51   10  0.1082E-11  0.1082E-11
CALSDV   52   10  0.1119E-11  0.1118E-11
CALSDV   53   10  0.1153E-11  0.1152E-11
CALSDV   54   10  0.1196E-11  0.1195E-11
CALSDV   55   10  0.1237E-11  0.1236E-11
CALSDV   56   10  0.1287E-11  0.1285E-11
CALSDV   57   10  0.1335E-11  0.1334E-11
CALSDV   58   10  0.1393E-11  0.1392E-11
CALSDV   59   10  0.1443E-11  0.1442E-11
CALSDV   60   10  0.1507E-11  0.1505E-11
CALSDV   11   11  0.5347E-11  0.5391E-11
CALSDV   12   11  0.5087E-11  0.5152E-11
CALSDV   13   11  0.3201E-11  0.3200E-11
CALSDV   14   11  0.2780E-11  0.2835E-11
CALSDV   15   11  0.2363E-11  0.2366E-11
CALSDV   16   11  0.1845E-11  0.1876E-11
CALSDV   17   11  0.1698E-11  0.1704E-11
CALSDV   18   11  0.1515E-11  0.1526E-11
CALSDV   19   11  0.1276E-11  0.1277E-11
CALSDV   20   11  0.1209E-11  0.1215E-11
CALSDV   21   11  0.1056E-11  0.1057E-11
CALSDV   22   11  0.1079E-11  0.1082E-11
CALSDV   23   11  0.9037E-12  0.9058E-12
CALSDV   24   11  0.1024E-11  0.1026E-11
CALSDV   25   11  0.8664E-12  0.8660E-12
CALSDV   26   11  0.9151E-12  0.9161E-12
CALSDV   27   11  0.8475E-12  0.8470E-12
CALSDV   28   11  0.8831E-12  0.8845E-12
CALSDV   29   11  0.8123E-12  0.8129E-12
CALSDV   30   11  0.8703E-12  0.8715E-12
CALSDV   31   11  0.8126E-12  0.8122E-12
CALSDV   32   11  0.8280E-12  0.8291E-12
CALSDV   33   11  0.8039E-12  0.8041E-12
CALSDV   34   11  0.8154E-12  0.8169E-12
CALSDV   35   11  0.8179E-12  0.8182E-12
CALSDV   36   11  0.8235E-12  0.8247E-12
CALSDV   37   11  0.8366E-12  0.8365E-12
CALSDV   38   11  0.8366E-12  0.8375E-12
CALSDV   39   11  0.8498E-12  0.8501E-12
CALSDV   40   11  0.8551E-12  0.8566E-12
CALSDV   41   11  0.8773E-12  0.8772E-12
CALSDV   42   11  0.8801E-12  0.8813E-12
CALSDV   43   11  0.9069E-12  0.9073E-12
CALSDV   44   11  0.9145E-12  0.9156E-12
CALSDV   45   11  0.9457E-12  0.9460E-12
CALSDV   46   11  0.9568E-12  0.9580E-12
CALSDV   47   11  0.9902E-12  0.9907E-12
CALSDV   48   11  0.1007E-11  0.1008E-11
CALSDV   49   11  0.1043E-11  0.1044E-11
CALSDV   50   11  0.1066E-11  0.1067E-11
CALSDV   51   11  0.1104E-11  0.1105E-11
CALSDV   52   11  0.1134E-11  0.1135E-11
CALSDV   53   11  0.1175E-11  0.1176E-11
CALSDV   54   11  0.1212E-11  0.1213E-11
CALSDV   55   11  0.1258E-11  0.1259E-11
CALSDV   56   11  0.1302E-11  0.1303E-11
CALSDV   57   11  0.1356E-11  0.1357E-11
CALSDV   58   11  0.1408E-11  0.1409E-11
CALSDV   59   11  0.1468E-11  0.1469E-11
CALSDV   60   11  0.1525E-11  0.1525E-11
CALSDV   12   12  0.4192E-11  0.4183E-11
CALSDV   13   12  0.4564E-11  0.4570E-11
CALSDV   14   12  0.2858E-11  0.2846E-11
CALSDV   15   12  0.2320E-11  0.2324E-11
CALSDV   16   12  0.2289E-11  0.2286E-11
CALSDV   17   12  0.1731E-11  0.1729E-11
CALSDV   18   12  0.1786E-11  0.1786E-11
CALSDV   19   12  0.1664E-11  0.1662E-11
CALSDV   20   12  0.1430E-11  0.1432E-11
CALSDV   21   12  0.1444E-11  0.1443E-11
CALSDV   22   12  0.1227E-11  0.1229E-11
CALSDV   23   12  0.1363E-11  0.1362E-11
CALSDV   24   12  0.1119E-11  0.1120E-11
CALSDV   25   12  0.1292E-11  0.1291E-11
CALSDV   26   12  0.1070E-11  0.1071E-11
CALSDV   27   12  0.1194E-11  0.1193E-11
CALSDV   28   12  0.1034E-11  0.1035E-11
CALSDV   29   12  0.1143E-11  0.1142E-11
CALSDV   30   12  0.1012E-11  0.1012E-11
CALSDV   31   12  0.1084E-11  0.1082E-11
CALSDV   32   12  0.9933E-12  0.9931E-12
CALSDV   33   12  0.1037E-11  0.1036E-11
CALSDV   34   12  0.9817E-12  0.9805E-12
CALSDV   35   12  0.1006E-11  0.1005E-11
CALSDV   36   12  0.9627E-12  0.9622E-12
CALSDV   37   12  0.9938E-12  0.9928E-12
CALSDV   38   12  0.9737E-12  0.9731E-12
CALSDV   39   12  0.9935E-12  0.9926E-12
CALSDV   40   12  0.9893E-12  0.9888E-12
CALSDV   41   12  0.9919E-12  0.9911E-12
CALSDV   42   12  0.9994E-12  0.9990E-12
CALSDV   43   12  0.1009E-11  0.1008E-11
CALSDV   44   12  0.1026E-11  0.1026E-11
CALSDV   45   12  0.1031E-11  0.1031E-11
CALSDV   46   12  0.1057E-11  0.1056E-11
CALSDV   47   12  0.1065E-11  0.1065E-11
CALSDV   48   12  0.1098E-11  0.1096E-11
CALSDV   49   12  0.1108E-11  0.1107E-11
CALSDV   50   12  0.1147E-11  0.1145E-11
CALSDV   51   12  0.1161E-11  0.1160E-11
CALSDV   52   12  0.1206E-11  0.1204E-11
CALSDV   53   12  0.1224E-11  0.1223E-11
CALSDV   54   12  0.1274E-11  0.1273E-11
CALSDV   55   12  0.1300E-11  0.1299E-11
CALSDV   56   12  0.1356E-11  0.1355E-11
CALSDV   57   12  0.1392E-11  0.1391E-11
CALSDV   58   12  0.1455E-11  0.1453E-11
CALSDV   59   12  0.1509E-11  0.1508E-11
CALSDV   60   12  0.1580E-11  0.1579E-11
CALSDV   13   13  0.3990E-11  0.4041E-11
CALSDV   14   13  0.4283E-11  0.4277E-11
CALSDV   15   13  0.2973E-11  0.2985E-11
CALSDV   16   13  0.2473E-11  0.2463E-11
CALSDV   17   13  0.2422E-11  0.2424E-11
CALSDV   18   13  0.1847E-11  0.1834E-11
CALSDV   19   13  0.1841E-11  0.1841E-11
CALSDV   20   13  0.1662E-11  0.1661E-11
CALSDV   21   13  0.1406E-11  0.1407E-11
CALSDV   22   13  0.1391E-11  0.1388E-11
CALSDV   23   13  0.1141E-11  0.1141E-11
CALSDV   24   13  0.1192E-11  0.1187E-11
CALSDV   25   13  0.1027E-11  0.1028E-11
CALSDV   26   13  0.1094E-11  0.1091E-11
CALSDV   27   13  0.9590E-12  0.9594E-12
CALSDV   28   13  0.1041E-11  0.1039E-11
CALSDV   29   13  0.9443E-12  0.9459E-12
CALSDV   30   13  0.9554E-12  0.9523E-12
CALSDV   31   13  0.9531E-12  0.9542E-12
CALSDV   32   13  0.9400E-12  0.9382E-12
CALSDV   33   13  0.9338E-12  0.9343E-12
CALSDV   34   13  0.9287E-12  0.9268E-12
CALSDV   35   13  0.9373E-12  0.9384E-12
CALSDV   36   13  0.9035E-12  0.9022E-12
CALSDV   37   13  0.9451E-12  0.9459E-12
CALSDV   38   13  0.9052E-12  0.9047E-12
CALSDV   39   13  0.9657E-12  0.9669E-12
CALSDV   40   13  0.9302E-12  0.9299E-12
CALSDV   41   13  0.9897E-12  0.9909E-12
CALSDV   42   13  0.9585E-12  0.9590E-12
CALSDV   43   13  0.1011E-11  0.1011E-11
CALSDV   44   13  0.9876E-12  0.9870E-12
CALSDV   45   13  0.1045E-11  0.1046E-11
CALSDV   46   13  0.1029E-11  0.1030E-11
CALSDV   47   13  0.1084E-11  0.1085E-11
CALSDV   48   13  0.1078E-11  0.1078E-11
CALSDV   49   13  0.1131E-11  0.1133E-11
CALSDV   50   13  0.1136E-11  0.1136E-11
CALSDV   51   13  0.1186E-11  0.1187E-11
CALSDV   52   13  0.1201E-11  0.1202E-11
CALSDV   53   13  0.1250E-11  0.1252E-11
CALSDV   54   13  0.1276E-11  0.1277E-11
CALSDV   55   13  0.1325E-11  0.1327E-11
CALSDV   56   13  0.1362E-11  0.1363E-11
CALSDV   57   13  0.1415E-11  0.1417E-11
CALSDV   58   13  0.1463E-11  0.1465E-11
CALSDV   59   13  0.1535E-11  0.1537E-11
CALSDV   60   13  0.1589E-11  0.1591E-11
CALSDV   14   14  0.3519E-11  0.3517E-11
CALSDV   15   14  0.4708E-11  0.4705E-11
CALSDV   16   14  0.2801E-11  0.2796E-11
CALSDV   17   14  0.2534E-11  0.2531E-11
CALSDV   18   14  0.2288E-11  0.2288E-11
CALSDV   19   14  0.1827E-11  0.1825E-11
CALSDV   20   14  0.1836E-11  0.1835E-11
CALSDV   21   14  0.1733E-11  0.1731E-11
CALSDV   22   14  0.1425E-11  0.1424E-11
CALSDV   23   14  0.1575E-11  0.1571E-11
CALSDV   24   14  0.1248E-11  0.1244E-11
CALSDV   25   14  0.1394E-11  0.1390E-11
CALSDV   26   14  0.1162E-11  0.1157E-11
CALSDV   27   14  0.1341E-11  0.1337E-11
CALSDV   28   14  0.1131E-11  0.1128E-11
CALSDV   29   14  0.1287E-11  0.1284E-11
CALSDV   30   14  0.1149E-11  0.1144E-11
CALSDV   31   14  0.1211E-11  0.1209E-11
CALSDV   32   14  0.1130E-11  0.1127E-11
CALSDV   33   14  0.1189E-11  0.1186E-11
CALSDV   34   14  0.1146E-11  0.1143E-11
CALSDV   35   14  0.1140E-11  0.1138E-11
CALSDV   36   14  0.1140E-11  0.1138E-11
CALSDV   37   14  0.1111E-11  0.1110E-11
CALSDV   38   14  0.1128E-11  0.1128E-11
CALSDV   39   14  0.1105E-11  0.1103E-11
CALSDV   40   14  0.1133E-11  0.1132E-11
CALSDV   41   14  0.1106E-11  0.1106E-11
CALSDV   42   14  0.1151E-11  0.1150E-11
CALSDV   43   14  0.1120E-11  0.1119E-11
CALSDV   44   14  0.1170E-11  0.1169E-11
CALSDV   45   14  0.1132E-11  0.1132E-11
CALSDV   46   14  0.1189E-11  0.1188E-11
CALSDV   47   14  0.1163E-11  0.1162E-11
CALSDV   48   14  0.1221E-11  0.1221E-11
CALSDV   49   14  0.1200E-11  0.1199E-11
CALSDV   50   14  0.1261E-11  0.1259E-11
CALSDV   51   14  0.1247E-11  0.1246E-11
CALSDV   52   14  0.1310E-11  0.1308E-11
CALSDV   53   14  0.1304E-11  0.1302E-11
CALSDV   54   14  0.1368E-11  0.1366E-11
CALSDV   55   14  0.1372E-11  0.1370E-11
CALSDV   56   14  0.1439E-11  0.1437E-11
CALSDV   57   14  0.1456E-11  0.1453E-11
CALSDV   58   14  0.1527E-11  0.1524E-11
CALSDV   59   14  0.1577E-11  0.1574E-11
CALSDV   60   14  0.1657E-11  0.1654E-11
CALSDV   15   15  0.3978E-11  0.3924E-11
CALSDV   16   15  0.4229E-11  0.4207E-11
CALSDV   17   15  0.2944E-11  0.2948E-11
CALSDV   18   15  0.2305E-11  0.2285E-11
CALSDV   19   15  0.2531E-11  0.2528E-11
CALSDV   20   15  0.1804E-11  0.1791E-11
CALSDV   21   15  0.2148E-11  0.2144E-11
CALSDV   22   15  0.1609E-11  0.1599E-11
CALSDV   23   15  0.1699E-11  0.1695E-11
CALSDV   24   15  0.1525E-11  0.1519E-11
CALSDV   25   15  0.1435E-11  0.1430E-11
CALSDV   26   15  0.1372E-11  0.1365E-11
CALSDV   27   15  0.1256E-11  0.1256E-11
CALSDV   28   15  0.1276E-11  0.1269E-11
CALSDV   29   15  0.1204E-11  0.1202E-11
CALSDV   30   15  0.1202E-11  0.1197E-11
CALSDV   31   15  0.1170E-11  0.1167E-11
CALSDV   32   15  0.1159E-11  0.1154E-11
CALSDV   33   15  0.1140E-11  0.1140E-11
CALSDV   34   15  0.1118E-11  0.1112E-11
CALSDV   35   15  0.1152E-11  0.1151E-11
CALSDV   36   15  0.1121E-11  0.1117E-11
CALSDV   37   15  0.1127E-11  0.1126E-11
CALSDV   38   15  0.1086E-11  0.1084E-11
CALSDV   39   15  0.1120E-11  0.1121E-11
CALSDV   40   15  0.1082E-11  0.1080E-11
CALSDV   41   15  0.1138E-11  0.1139E-11
CALSDV   42   15  0.1098E-11  0.1097E-11
CALSDV   43   15  0.1155E-11  0.1157E-11
CALSDV   44   15  0.1122E-11  0.1122E-11
CALSDV   45   15  0.1177E-11  0.1179E-11
CALSDV   46   15  0.1158E-11  0.1158E-11
CALSDV   47   15  0.1203E-11  0.1206E-11
CALSDV   48   15  0.1191E-11  0.1192E-11
CALSDV   49   15  0.1242E-11  0.1245E-11
CALSDV   50   15  0.1242E-11  0.1243E-11
CALSDV   51   15  0.1287E-11  0.1290E-11
CALSDV   52   15  0.1299E-11  0.1301E-11
CALSDV   53   15  0.1341E-11  0.1344E-11
CALSDV   54   15  0.1365E-11  0.1367E-11
CALSDV   55   15  0.1406E-11  0.1409E-11
CALSDV   56   15  0.1442E-11  0.1445E-11
CALSDV   57   15  0.1486E-11  0.1488E-11
CALSDV   58   15  0.1533E-11  0.1536E-11
CALSDV   59   15  0.1607E-11  0.1609E-11
CALSDV   60   15  0.1664E-11  0.1666E-11
CALSDV   16   16  0.3245E-11  0.3235E-11
CALSDV   17   16  0.4611E-11  0.4629E-11
CALSDV   18   16  0.2867E-11  0.2860E-11
CALSDV   19   16  0.2640E-11  0.2669E-11
CALSDV   20   16  0.2418E-11  0.2422E-11
CALSDV   21   16  0.1985E-11  0.2008E-11
CALSDV   22   16  0.1989E-11  0.1998E-11
CALSDV   23   16  0.1789E-11  0.1803E-11
CALSDV   24   16  0.1547E-11  0.1557E-11
CALSDV   25   16  0.1711E-11  0.1715E-11
CALSDV   26   16  0.1368E-11  0.1375E-11
CALSDV   27   16  0.1533E-11  0.1531E-11
CALSDV   28   16  0.1274E-11  0.1281E-11
CALSDV   29   16  0.1384E-11  0.1379E-11
CALSDV   30   16  0.1250E-11  0.1253E-11
CALSDV   31   16  0.1347E-11  0.1345E-11
CALSDV   32   16  0.1270E-11  0.1274E-11
CALSDV   33   16  0.1297E-11  0.1296E-11
CALSDV   34   16  0.1297E-11  0.1302E-11
CALSDV   35   16  0.1258E-11  0.1257E-11
CALSDV   36   16  0.1291E-11  0.1294E-11
CALSDV   37   16  0.1256E-11  0.1257E-11
CALSDV   38   16  0.1322E-11  0.1324E-11
CALSDV   39   16  0.1213E-11  0.1213E-11
CALSDV   40   16  0.1309E-11  0.1310E-11
CALSDV   41   16  0.1212E-11  0.1212E-11
CALSDV   42   16  0.1303E-11  0.1303E-11
CALSDV   43   16  0.1232E-11  0.1232E-11
CALSDV   44   16  0.1325E-11  0.1325E-11
CALSDV   45   16  0.1244E-11  0.1245E-11
CALSDV   46   16  0.1343E-11  0.1342E-11
CALSDV   47   16  0.1271E-11  0.1272E-11
CALSDV   48   16  0.1362E-11  0.1362E-11
CALSDV   49   16  0.1301E-11  0.1302E-11
CALSDV   50   16  0.1390E-11  0.1389E-11
CALSDV   51   16  0.1345E-11  0.1344E-11
CALSDV   52   16  0.1428E-11  0.1427E-11
CALSDV   53   16  0.1394E-11  0.1394E-11
CALSDV   54   16  0.1474E-11  0.1473E-11
CALSDV   55   16  0.1455E-11  0.1453E-11
CALSDV   56   16  0.1533E-11  0.1531E-11
CALSDV   57   16  0.1528E-11  0.1526E-11
CALSDV   58   16  0.1606E-11  0.1604E-11
CALSDV   59   16  0.1648E-11  0.1645E-11
CALSDV   60   16  0.1734E-11  0.1730E-11
CALSDV   17   17  0.2794E-11  0.2825E-11
CALSDV   18   17  0.3540E-11  0.3528E-11
CALSDV   19   17  0.2781E-11  0.2778E-11
CALSDV   20   17  0.2053E-11  0.2048E-11
CALSDV   21   17  0.2416E-11  0.2420E-11
CALSDV   22   17  0.1918E-11  0.1920E-11
CALSDV   23   17  0.2024E-11  0.2026E-11
CALSDV   24   17  0.1800E-11  0.1802E-11
CALSDV   25   17  0.1616E-11  0.1620E-11
CALSDV   26   17  0.1696E-11  0.1698E-11
CALSDV   27   17  0.1379E-11  0.1381E-11
CALSDV   28   17  0.1533E-11  0.1533E-11
CALSDV   29   17  0.1279E-11  0.1280E-11
CALSDV   30   17  0.1366E-11  0.1368E-11
CALSDV   31   17  0.1207E-11  0.1207E-11
CALSDV   32   17  0.1242E-11  0.1246E-11
CALSDV   33   17  0.1222E-11  0.1222E-11
CALSDV   34   17  0.1202E-11  0.1205E-11
CALSDV   35   17  0.1202E-11  0.1202E-11
CALSDV   36   17  0.1161E-11  0.1161E-11
CALSDV   37   17  0.1224E-11  0.1224E-11
CALSDV   38   17  0.1149E-11  0.1152E-11
CALSDV   39   17  0.1250E-11  0.1249E-11
CALSDV   40   17  0.1178E-11  0.1181E-11
CALSDV   41   17  0.1216E-11  0.1217E-11
CALSDV   42   17  0.1152E-11  0.1153E-11
CALSDV   43   17  0.1241E-11  0.1242E-11
CALSDV   44   17  0.1181E-11  0.1183E-11
CALSDV   45   17  0.1277E-11  0.1277E-11
CALSDV   46   17  0.1232E-11  0.1235E-11
CALSDV   47   17  0.1298E-11  0.1298E-11
CALSDV   48   17  0.1274E-11  0.1273E-11
CALSDV   49   17  0.1334E-11  0.1334E-11
CALSDV   50   17  0.1325E-11  0.1325E-11
CALSDV   51   17  0.1375E-11  0.1374E-11
CALSDV   52   17  0.1382E-11  0.1381E-11
CALSDV   53   17  0.1426E-11  0.1425E-11
CALSDV   54   17  0.1448E-11  0.1447E-11
CALSDV   55   17  0.1486E-11  0.1483E-11
CALSDV   56   17  0.1523E-11  0.1520E-11
CALSDV   57   17  0.1556E-11  0.1554E-11
CALSDV   58   17  0.1606E-11  0.1605E-11
CALSDV   59   17  0.1673E-11  0.1673E-11
CALSDV   60   17  0.1736E-11  0.1735E-11
CALSDV   18   18  0.3459E-11  0.3515E-11
CALSDV   19   18  0.3921E-11  0.3909E-11
CALSDV   20   18  0.3109E-11  0.3122E-11
CALSDV   21   18  0.2256E-11  0.2242E-11
CALSDV   22   18  0.2630E-11  0.2642E-11
CALSDV   23   18  0.1980E-11  0.1972E-11
CALSDV   24   18  0.2078E-11  0.2085E-11
CALSDV   25   18  0.1825E-11  0.1821E-11
CALSDV   26   18  0.1730E-11  0.1733E-11
CALSDV   27   18  0.1753E-11  0.1751E-11
CALSDV   28   18  0.1473E-11  0.1470E-11
CALSDV   29   18  0.1638E-11  0.1637E-11
CALSDV   30   18  0.1440E-11  0.1436E-11
CALSDV   31   18  0.1522E-11  0.1521E-11
CALSDV   32   18  0.1439E-11  0.1436E-11
CALSDV   33   18  0.1397E-11  0.1396E-11
CALSDV   34   18  0.1435E-11  0.1432E-11
CALSDV   35   18  0.1386E-11  0.1387E-11
CALSDV   36   18  0.1488E-11  0.1486E-11
CALSDV   37   18  0.1344E-11  0.1344E-11
CALSDV   38   18  0.1497E-11  0.1495E-11
CALSDV   39   18  0.1357E-11  0.1356E-11
CALSDV   40   18  0.1519E-11  0.1518E-11
CALSDV   41   18  0.1346E-11  0.1346E-11
CALSDV   42   18  0.1526E-11  0.1525E-11
CALSDV   43   18  0.1325E-11  0.1325E-11
CALSDV   44   18  0.1497E-11  0.1497E-11
CALSDV   45   18  0.1356E-11  0.1357E-11
CALSDV   46   18  0.1511E-11  0.1511E-11
CALSDV   47   18  0.1388E-11  0.1389E-11
CALSDV   48   18  0.1530E-11  0.1530E-11
CALSDV   49   18  0.1413E-11  0.1413E-11
CALSDV   50   18  0.1541E-11  0.1541E-11
CALSDV   51   18  0.1451E-11  0.1450E-11
CALSDV   52   18  0.1563E-11  0.1563E-11
CALSDV   53   18  0.1494E-11  0.1494E-11
CALSDV   54   18  0.1594E-11  0.1594E-11
CALSDV   55   18  0.1546E-11  0.1545E-11
CALSDV   56   18  0.1637E-11  0.1637E-11
CALSDV   57   18  0.1607E-11  0.1607E-11
CALSDV   58   18  0.1694E-11  0.1693E-11
CALSDV   59   18  0.1722E-11  0.1721E-11
CALSDV   60   18  0.1811E-11  0.1810E-11
CALSDV   19   19  0.2797E-11  0.2791E-11
CALSDV   20   19  0.3559E-11  0.3579E-11
CALSDV   21   19  0.2851E-11  0.2849E-11
CALSDV   22   19  0.2134E-11  0.2150E-11
CALSDV   23   19  0.2525E-11  0.2523E-11
CALSDV   24   19  0.2126E-11  0.2138E-11
CALSDV   25   19  0.2045E-11  0.2043E-11
CALSDV   26   19  0.2015E-11  0.2028E-11
CALSDV   27   19  0.1784E-11  0.1783E-11
CALSDV   28   19  0.1921E-11  0.1926E-11
CALSDV   29   19  0.1506E-11  0.1504E-11
CALSDV   30   19  0.1771E-11  0.1774E-11
CALSDV   31   19  0.1407E-11  0.1405E-11
CALSDV   32   19  0.1615E-11  0.1619E-11
CALSDV   33   19  0.1394E-11  0.1390E-11
CALSDV   34   19  0.1494E-11  0.1496E-11
CALSDV   35   19  0.1364E-11  0.1361E-11
CALSDV   36   19  0.1372E-11  0.1377E-11
CALSDV   37   19  0.1402E-11  0.1400E-11
CALSDV   38   19  0.1369E-11  0.1373E-11
CALSDV   39   19  0.1357E-11  0.1355E-11
CALSDV   40   19  0.1337E-11  0.1339E-11
CALSDV   41   19  0.1405E-11  0.1403E-11
CALSDV   42   19  0.1375E-11  0.1376E-11
CALSDV   43   19  0.1404E-11  0.1402E-11
CALSDV   44   19  0.1360E-11  0.1363E-11
CALSDV   45   19  0.1379E-11  0.1377E-11
CALSDV   46   19  0.1361E-11  0.1362E-11
CALSDV   47   19  0.1420E-11  0.1418E-11
CALSDV   48   19  0.1415E-11  0.1417E-11
CALSDV   49   19  0.1456E-11  0.1455E-11
CALSDV   50   19  0.1461E-11  0.1462E-11
CALSDV   51   19  0.1479E-11  0.1477E-11
CALSDV   52   19  0.1504E-11  0.1505E-11
CALSDV   53   19  0.1524E-11  0.1523E-11
CALSDV   54   19  0.1559E-11  0.1560E-11
CALSDV   55   19  0.1573E-11  0.1573E-11
CALSDV   56   19  0.1621E-11  0.1624E-11
CALSDV   57   19  0.1633E-11  0.1634E-11
CALSDV   58   19  0.1692E-11  0.1695E-11
CALSDV   59   19  0.1744E-11  0.1745E-11
CALSDV   60   19  0.1815E-11  0.1818E-11
CALSDV   20   20  0.3617E-11  0.3680E-11
CALSDV   21   20  0.3772E-11  0.3735E-11
CALSDV   22   20  0.3309E-11  0.3332E-11
CALSDV   23   20  0.2217E-11  0.2196E-11
CALSDV   24   20  0.2913E-11  0.2919E-11
CALSDV   25   20  0.2168E-11  0.2164E-11
CALSDV   26   20  0.2196E-11  0.2199E-11
CALSDV   27   20  0.2014E-11  0.2013E-11
CALSDV   28   20  0.1902E-11  0.1909E-11
CALSDV   29   20  0.1867E-11  0.1868E-11
CALSDV   30   20  0.1666E-11  0.1676E-11
CALSDV   31   20  0.1742E-11  0.1743E-11
CALSDV   32   20  0.1562E-11  0.1567E-11
CALSDV   33   20  0.1623E-11  0.1623E-11
CALSDV   34   20  0.1579E-11  0.1586E-11
CALSDV   35   20  0.1556E-11  0.1557E-11
CALSDV   36   20  0.1627E-11  0.1632E-11
CALSDV   37   20  0.1472E-11  0.1471E-11
CALSDV   38   20  0.1626E-11  0.1628E-11
CALSDV   39   20  0.1470E-11  0.1469E-11
CALSDV   40   20  0.1671E-11  0.1674E-11
CALSDV   41   20  0.1468E-11  0.1467E-11
CALSDV   42   20  0.1664E-11  0.1666E-11
CALSDV   43   20  0.1516E-11  0.1514E-11
CALSDV   44   20  0.1710E-11  0.1711E-11
CALSDV   45   20  0.1476E-11  0.1473E-11
CALSDV   46   20  0.1663E-11  0.1663E-11
CALSDV   47   20  0.1504E-11  0.1502E-11
CALSDV   48   20  0.1658E-11  0.1658E-11
CALSDV   49   20  0.1549E-11  0.1547E-11
CALSDV   50   20  0.1685E-11  0.1684E-11
CALSDV   51   20  0.1575E-11  0.1573E-11
CALSDV   52   20  0.1693E-11  0.1692E-11
CALSDV   53   20  0.1608E-11  0.1606E-11
CALSDV   54   20  0.1709E-11  0.1707E-11
CALSDV   55   20  0.1650E-11  0.1648E-11
CALSDV   56   20  0.1739E-11  0.1737E-11
CALSDV   57   20  0.1699E-11  0.1696E-11
CALSDV   58   20  0.1781E-11  0.1779E-11
CALSDV   59   20  0.1801E-11  0.1799E-11
CALSDV   60   20  0.1886E-11  0.1884E-11
CALSDV   21   21  0.2950E-11  0.2975E-11
CALSDV   22   21  0.3654E-11  0.3649E-11
CALSDV   23   21  0.2977E-11  0.2969E-11
CALSDV   24   21  0.2180E-11  0.2178E-11
CALSDV   25   21  0.2713E-11  0.2711E-11
CALSDV   26   21  0.2323E-11  0.2320E-11
CALSDV   27   21  0.2095E-11  0.2094E-11
CALSDV   28   21  0.2263E-11  0.2260E-11
CALSDV   29   21  0.1930E-11  0.1929E-11
CALSDV   30   21  0.2106E-11  0.2106E-11
CALSDV   31   21  0.1757E-11  0.1761E-11
CALSDV   32   21  0.1989E-11  0.1989E-11
CALSDV   33   21  0.1612E-11  0.1614E-11
CALSDV   34   21  0.1854E-11  0.1851E-11
CALSDV   35   21  0.1566E-11  0.1566E-11
CALSDV   36   21  0.1744E-11  0.1742E-11
CALSDV   37   21  0.1587E-11  0.1586E-11
CALSDV   38   21  0.1690E-11  0.1687E-11
CALSDV   39   21  0.1591E-11  0.1591E-11
CALSDV   40   21  0.1617E-11  0.1616E-11
CALSDV   41   21  0.1608E-11  0.1610E-11
CALSDV   42   21  0.1597E-11  0.1596E-11
CALSDV   43   21  0.1595E-11  0.1595E-11
CALSDV   44   21  0.1612E-11  0.1609E-11
CALSDV   45   21  0.1600E-11  0.1599E-11
CALSDV   46   21  0.1650E-11  0.1647E-11
CALSDV   47   21  0.1572E-11  0.1573E-11
CALSDV   48   21  0.1589E-11  0.1587E-11
CALSDV   49   21  0.1598E-11  0.1598E-11
CALSDV   50   21  0.1636E-11  0.1633E-11
CALSDV   51   21  0.1619E-11  0.1618E-11
CALSDV   52   21  0.1679E-11  0.1677E-11
CALSDV   53   21  0.1648E-11  0.1647E-11
CALSDV   54   21  0.1703E-11  0.1700E-11
CALSDV   55   21  0.1679E-11  0.1676E-11
CALSDV   56   21  0.1746E-11  0.1743E-11
CALSDV   57   21  0.1725E-11  0.1723E-11
CALSDV   58   21  0.1797E-11  0.1795E-11
CALSDV   59   21  0.1823E-11  0.1821E-11
CALSDV   60   21  0.1905E-11  0.1903E-11
CALSDV   22   22  0.3540E-11  0.3556E-11
CALSDV   23   22  0.3709E-11  0.3700E-11
CALSDV   24   22  0.3424E-11  0.3410E-11
CALSDV   25   22  0.2193E-11  0.2187E-11
CALSDV   26   22  0.3165E-11  0.3155E-11
CALSDV   27   22  0.2359E-11  0.2360E-11
CALSDV   28   22  0.2343E-11  0.2339E-11
CALSDV   29   22  0.2287E-11  0.2283E-11
CALSDV   30   22  0.2026E-11  0.2024E-11
CALSDV   31   22  0.2030E-11  0.2023E-11
CALSDV   32   22  0.1890E-11  0.1886E-11
CALSDV   33   22  0.1867E-11  0.1861E-11
CALSDV   34   22  0.1771E-11  0.1768E-11
CALSDV   35   22  0.1744E-11  0.1739E-11
CALSDV   36   22  0.1739E-11  0.1732E-11
CALSDV   37   22  0.1663E-11  0.1658E-11
CALSDV   38   22  0.1761E-11  0.1756E-11
CALSDV   39   22  0.1652E-11  0.1642E-11
CALSDV   40   22  0.1817E-11  0.1811E-11
CALSDV   41   22  0.1653E-11  0.1646E-11
CALSDV   42   22  0.1842E-11  0.1838E-11
CALSDV   43   22  0.1615E-11  0.1613E-11
CALSDV   44   22  0.1825E-11  0.1824E-11
CALSDV   45   22  0.1690E-11  0.1686E-11
CALSDV   46   22  0.1861E-11  0.1859E-11
CALSDV   47   22  0.1687E-11  0.1684E-11
CALSDV   48   22  0.1850E-11  0.1847E-11
CALSDV   49   22  0.1667E-11  0.1666E-11
CALSDV   50   22  0.1794E-11  0.1793E-11
CALSDV   51   22  0.1723E-11  0.1722E-11
CALSDV   52   22  0.1826E-11  0.1825E-11
CALSDV   53   22  0.1744E-11  0.1744E-11
CALSDV   54   22  0.1833E-11  0.1833E-11
CALSDV   55   22  0.1764E-11  0.1764E-11
CALSDV   56   22  0.1841E-11  0.1840E-11
CALSDV   57   22  0.1795E-11  0.1796E-11
CALSDV   58   22  0.1868E-11  0.1869E-11
CALSDV   59   22  0.1883E-11  0.1883E-11
CALSDV   60   22  0.1959E-11  0.1959E-11
CALSDV   23   23  0.3017E-11  0.2959E-11
CALSDV   24   23  0.3758E-11  0.3786E-11
CALSDV   25   23  0.3102E-11  0.3091E-11
CALSDV   26   23  0.2204E-11  0.2194E-11
CALSDV   27   23  0.2930E-11  0.2925E-11
CALSDV   28   23  0.2488E-11  0.2476E-11
CALSDV   29   23  0.2219E-11  0.2215E-11
CALSDV   30   23  0.2541E-11  0.2541E-11
CALSDV   31   23  0.2023E-11  0.2033E-11
CALSDV   32   23  0.2308E-11  0.2312E-11
CALSDV   33   23  0.1987E-11  0.2002E-11
CALSDV   34   23  0.2156E-11  0.2168E-11
CALSDV   35   23  0.1892E-11  0.1899E-11
CALSDV   36   23  0.2058E-11  0.2072E-11
CALSDV   37   23  0.1824E-11  0.1827E-11
CALSDV   38   23  0.1981E-11  0.1992E-11
CALSDV   39   23  0.1793E-11  0.1797E-11
CALSDV   40   23  0.1934E-11  0.1944E-11
CALSDV   41   23  0.1800E-11  0.1804E-11
CALSDV   42   23  0.1925E-11  0.1934E-11
CALSDV   43   23  0.1839E-11  0.1844E-11
CALSDV   44   23  0.1944E-11  0.1950E-11
CALSDV   45   23  0.1788E-11  0.1797E-11
CALSDV   46   23  0.1880E-11  0.1890E-11
CALSDV   47   23  0.1840E-11  0.1847E-11
CALSDV   48   23  0.1942E-11  0.1950E-11
CALSDV   49   23  0.1755E-11  0.1759E-11
CALSDV   50   23  0.1884E-11  0.1887E-11
CALSDV   51   23  0.1762E-11  0.1768E-11
CALSDV   52   23  0.1874E-11  0.1880E-11
CALSDV   53   23  0.1794E-11  0.1800E-11
CALSDV   54   23  0.1901E-11  0.1908E-11
CALSDV   55   23  0.1796E-11  0.1801E-11
CALSDV   56   23  0.1904E-11  0.1908E-11
CALSDV   57   23  0.1819E-11  0.1824E-11
CALSDV   58   23  0.1917E-11  0.1921E-11
CALSDV   59   23  0.1900E-11  0.1903E-11
CALSDV   60   23  0.2001E-11  0.2003E-11
CALSDV   24   24  0.3429E-11  0.3478E-11
CALSDV   25   24  0.3778E-11  0.3771E-11
CALSDV   26   24  0.3460E-11  0.3477E-11
CALSDV   27   24  0.2260E-11  0.2244E-11
CALSDV   28   24  0.3338E-11  0.3348E-11
CALSDV   29   24  0.2570E-11  0.2565E-11
CALSDV   30   24  0.2526E-11  0.2532E-11
CALSDV   31   24  0.2610E-11  0.2612E-11
CALSDV   32   24  0.2147E-11  0.2149E-11
CALSDV   33   24  0.2273E-11  0.2274E-11
CALSDV   34   24  0.2094E-11  0.2096E-11
CALSDV   35   24  0.2015E-11  0.2017E-11
CALSDV   36   24  0.2023E-11  0.2025E-11
CALSDV   37   24  0.1889E-11  0.1888E-11
CALSDV   38   24  0.1974E-11  0.1971E-11
CALSDV   39   24  0.1829E-11  0.1826E-11
CALSDV   40   24  0.1957E-11  0.1957E-11
CALSDV   41   24  0.1819E-11  0.1819E-11
CALSDV   42   24  0.1970E-11  0.1970E-11
CALSDV   43   24  0.1842E-11  0.1842E-11
CALSDV   44   24  0.2004E-11  0.2001E-11
CALSDV   45   24  0.1913E-11  0.1910E-11
CALSDV   46   24  0.2064E-11  0.2063E-11
CALSDV   47   24  0.1888E-11  0.1888E-11
CALSDV   48   24  0.2012E-11  0.2013E-11
CALSDV   49   24  0.1931E-11  0.1931E-11
CALSDV   50   24  0.2039E-11  0.2040E-11
CALSDV   51   24  0.1870E-11  0.1868E-11
CALSDV   52   24  0.1951E-11  0.1950E-11
CALSDV   53   24  0.1914E-11  0.1913E-11
CALSDV   54   24  0.1976E-11  0.1977E-11
CALSDV   55   24  0.1915E-11  0.1914E-11
CALSDV   56   24  0.1970E-11  0.1970E-11
CALSDV   57   24  0.1909E-11  0.1910E-11
CALSDV   58   24  0.1968E-11  0.1968E-11
CALSDV   59   24  0.1970E-11  0.1970E-11
CALSDV   60   24  0.2035E-11  0.2036E-11
CALSDV   25   25  0.2956E-11  0.3006E-11
CALSDV   26   25  0.3920E-11  0.3925E-11
CALSDV   27   25  0.3258E-11  0.3269E-11
CALSDV   28   25  0.2268E-11  0.2267E-11
CALSDV   29   25  0.3149E-11  0.3150E-11
CALSDV   30   25  0.2625E-11  0.2631E-11
CALSDV   31   25  0.2432E-11  0.2432E-11
CALSDV   32   25  0.2814E-11  0.2818E-11
CALSDV   33   25  0.2158E-11  0.2153E-11
CALSDV   34   25  0.2556E-11  0.2559E-11
CALSDV   35   25  0.2194E-11  0.2187E-11
CALSDV   36   25  0.2331E-11  0.2332E-11
CALSDV   37   25  0.2169E-11  0.2164E-11
CALSDV   38   25  0.2241E-11  0.2238E-11
CALSDV   39   25  0.2121E-11  0.2114E-11
CALSDV   40   25  0.2210E-11  0.2207E-11
CALSDV   41   25  0.2085E-11  0.2079E-11
CALSDV   42   25  0.2209E-11  0.2206E-11
CALSDV   43   25  0.2070E-11  0.2063E-11
CALSDV   44   25  0.2226E-11  0.2223E-11
CALSDV   45   25  0.2065E-11  0.2061E-11
CALSDV   46   25  0.2235E-11  0.2233E-11
CALSDV   47   25  0.2093E-11  0.2090E-11
CALSDV   48   25  0.2262E-11  0.2261E-11
CALSDV   49   25  0.2093E-11  0.2090E-11
CALSDV   50   25  0.2270E-11  0.2269E-11
CALSDV   51   25  0.1999E-11  0.1995E-11
CALSDV   52   25  0.2197E-11  0.2196E-11
CALSDV   53   25  0.1948E-11  0.1948E-11
CALSDV   54   25  0.2121E-11  0.2121E-11
CALSDV   55   25  0.1982E-11  0.1983E-11
CALSDV   56   25  0.2132E-11  0.2134E-11
CALSDV   57   25  0.1943E-11  0.1945E-11
CALSDV   58   25  0.2080E-11  0.2081E-11
CALSDV   59   25  0.1991E-11  0.1993E-11
CALSDV   60   25  0.2112E-11  0.2114E-11
CALSDV   26   26  0.3341E-11  0.3377E-11
CALSDV   27   26  0.3923E-11  0.3904E-11
CALSDV   28   26  0.3516E-11  0.3524E-11
CALSDV   29   26  0.2388E-11  0.2373E-11
CALSDV   30   26  0.3442E-11  0.3442E-11
CALSDV   31   26  0.2801E-11  0.2799E-11
CALSDV   32   26  0.2725E-11  0.2721E-11
CALSDV   33   26  0.2953E-11  0.2947E-11
CALSDV   34   26  0.2314E-11  0.2318E-11
CALSDV   35   26  0.2603E-11  0.2596E-11
CALSDV   36   26  0.2287E-11  0.2291E-11
CALSDV   37   26  0.2243E-11  0.2237E-11
CALSDV   38   26  0.2266E-11  0.2268E-11
CALSDV   39   26  0.2069E-11  0.2064E-11
CALSDV   40   26  0.2228E-11  0.2228E-11
CALSDV   41   26  0.2025E-11  0.2021E-11
CALSDV   42   26  0.2204E-11  0.2206E-11
CALSDV   43   26  0.2052E-11  0.2050E-11
CALSDV   44   26  0.2194E-11  0.2197E-11
CALSDV   45   26  0.2114E-11  0.2114E-11
CALSDV   46   26  0.2210E-11  0.2213E-11
CALSDV   47   26  0.2175E-11  0.2175E-11
CALSDV   48   26  0.2240E-11  0.2242E-11
CALSDV   49   26  0.2194E-11  0.2196E-11
CALSDV   50   26  0.2260E-11  0.2261E-11
CALSDV   51   26  0.2267E-11  0.2270E-11
CALSDV   52   26  0.2322E-11  0.2322E-11
CALSDV   53   26  0.2087E-11  0.2088E-11
CALSDV   54   26  0.2114E-11  0.2114E-11
CALSDV   55   26  0.2104E-11  0.2105E-11
CALSDV   56   26  0.2128E-11  0.2128E-11
CALSDV   57   26  0.2076E-11  0.2076E-11
CALSDV   58   26  0.2122E-11  0.2123E-11
CALSDV   59   26  0.2071E-11  0.2071E-11
CALSDV   60   26  0.2123E-11  0.2123E-11
CALSDV   27   27  0.2913E-11  0.2910E-11
CALSDV   28   27  0.4042E-11  0.4043E-11
CALSDV   29   27  0.3472E-11  0.3465E-11
CALSDV   30   27  0.2345E-11  0.2351E-11
CALSDV   31   27  0.3340E-11  0.3329E-11
CALSDV   32   27  0.2788E-11  0.2790E-11
CALSDV   33   27  0.2671E-11  0.2659E-11
CALSDV   34   27  0.3060E-11  0.3060E-11
CALSDV   35   27  0.2346E-11  0.2339E-11
CALSDV   36   27  0.2804E-11  0.2805E-11
CALSDV   37   27  0.2380E-11  0.2373E-11
CALSDV   38   27  0.2496E-11  0.2498E-11
CALSDV   39   27  0.2407E-11  0.2397E-11
CALSDV   40   27  0.2359E-11  0.2363E-11
CALSDV   41   27  0.2392E-11  0.2380E-11
CALSDV   42   27  0.2348E-11  0.2351E-11
CALSDV   43   27  0.2378E-11  0.2364E-11
CALSDV   44   27  0.2400E-11  0.2404E-11
CALSDV   45   27  0.2365E-11  0.2352E-11
CALSDV   46   27  0.2467E-11  0.2471E-11
CALSDV   47   27  0.2367E-11  0.2357E-11
CALSDV   48   27  0.2530E-11  0.2534E-11
CALSDV   49   27  0.2387E-11  0.2376E-11
CALSDV   50   27  0.2576E-11  0.2577E-11
CALSDV   51   27  0.2347E-11  0.2335E-11
CALSDV   52   27  0.2526E-11  0.2526E-11
CALSDV   53   27  0.2394E-11  0.2384E-11
CALSDV   54   27  0.2553E-11  0.2551E-11
CALSDV   55   27  0.2135E-11  0.2129E-11
CALSDV   56   27  0.2312E-11  0.2313E-11
CALSDV   57   27  0.2138E-11  0.2135E-11
CALSDV   58   27  0.2292E-11  0.2293E-11
CALSDV   59   27  0.2125E-11  0.2124E-11
CALSDV   60   27  0.2251E-11  0.2252E-11
CALSDV   28   28  0.3314E-11  0.3282E-11
CALSDV   29   28  0.4074E-11  0.4074E-11
CALSDV   30   28  0.3670E-11  0.3644E-11
CALSDV   31   28  0.2462E-11  0.2470E-11
CALSDV   32   28  0.3501E-11  0.3487E-11
CALSDV   33   28  0.3019E-11  0.3010E-11
CALSDV   34   28  0.2898E-11  0.2887E-11
CALSDV   35   28  0.3250E-11  0.3241E-11
CALSDV   36   28  0.2560E-11  0.2554E-11
CALSDV   37   28  0.2928E-11  0.2920E-11
CALSDV   38   28  0.2519E-11  0.2513E-11
CALSDV   39   28  0.2516E-11  0.2510E-11
CALSDV   40   28  0.2496E-11  0.2497E-11
CALSDV   41   28  0.2289E-11  0.2283E-11
CALSDV   42   28  0.2456E-11  0.2462E-11
CALSDV   43   28  0.2238E-11  0.2233E-11
CALSDV   44   28  0.2435E-11  0.2441E-11
CALSDV   45   28  0.2293E-11  0.2291E-11
CALSDV   46   28  0.2435E-11  0.2442E-11
CALSDV   47   28  0.2389E-11  0.2388E-11
CALSDV   48   28  0.2452E-11  0.2459E-11
CALSDV   49   28  0.2488E-11  0.2485E-11
CALSDV   50   28  0.2490E-11  0.2495E-11
CALSDV   51   28  0.2583E-11  0.2580E-11
CALSDV   52   28  0.2559E-11  0.2562E-11
CALSDV   53   28  0.2582E-11  0.2579E-11
CALSDV   54   28  0.2567E-11  0.2569E-11
CALSDV   55   28  0.2415E-11  0.2414E-11
CALSDV   56   28  0.2449E-11  0.2453E-11
CALSDV   57   28  0.2268E-11  0.2268E-11
CALSDV   58   28  0.2288E-11  0.2291E-11
CALSDV   59   28  0.2255E-11  0.2255E-11
CALSDV   60   28  0.2294E-11  0.2295E-11
CALSDV   29   29  0.2837E-11  0.2822E-11
CALSDV   30   29  0.4266E-11  0.4267E-11
CALSDV   31   29  0.3763E-11  0.3773E-11
CALSDV   32   29  0.2591E-11  0.2590E-11
CALSDV   33   29  0.3540E-11  0.3568E-11
CALSDV   34   29  0.3086E-11  0.3084E-11
CALSDV   35   29  0.2904E-11  0.2916E-11
CALSDV   36   29  0.3340E-11  0.3337E-11
CALSDV   37   29  0.2605E-11  0.2601E-11
CALSDV   38   29  0.3089E-11  0.3085E-11
CALSDV   39   29  0.2606E-11  0.2600E-11
CALSDV   40   29  0.2752E-11  0.2744E-11
CALSDV   41   29  0.2631E-11  0.2631E-11
CALSDV   42   29  0.2580E-11  0.2573E-11
CALSDV   43   29  0.2627E-11  0.2638E-11
CALSDV   44   29  0.2569E-11  0.2564E-11
CALSDV   45   29  0.2629E-11  0.2644E-11
CALSDV   46   29  0.2645E-11  0.2638E-11
CALSDV   47   29  0.2641E-11  0.2657E-11
CALSDV   48   29  0.2750E-11  0.2744E-11
CALSDV   49   29  0.2657E-11  0.2675E-11
CALSDV   50   29  0.2845E-11  0.2840E-11
CALSDV   51   29  0.2682E-11  0.2697E-11
CALSDV   52   29  0.2917E-11  0.2912E-11
CALSDV   53   29  0.2725E-11  0.2732E-11
CALSDV   54   29  0.2961E-11  0.2956E-11
CALSDV   55   29  0.2688E-11  0.2694E-11
CALSDV   56   29  0.2889E-11  0.2885E-11
CALSDV   57   29  0.2373E-11  0.2377E-11
CALSDV   58   29  0.2538E-11  0.2537E-11
CALSDV   59   29  0.2421E-11  0.2423E-11
CALSDV   60   29  0.2567E-11  0.2565E-11
CALSDV   30   30  0.3675E-11  0.3717E-11
CALSDV   31   30  0.4460E-11  0.4650E-11
CALSDV   32   30  0.4031E-11  0.4036E-11
CALSDV   33   30  0.2715E-11  0.2578E-11
CALSDV   34   30  0.3682E-11  0.3674E-11
CALSDV   35   30  0.3298E-11  0.3160E-11
CALSDV   36   30  0.3155E-11  0.3132E-11
CALSDV   37   30  0.3539E-11  0.3502E-11
CALSDV   38   30  0.3021E-11  0.2985E-11
CALSDV   39   30  0.3277E-11  0.3279E-11
CALSDV   40   30  0.3022E-11  0.2983E-11
CALSDV   41   30  0.2921E-11  0.2909E-11
CALSDV   42   30  0.2977E-11  0.2931E-11
CALSDV   43   30  0.2708E-11  0.2672E-11
CALSDV   44   30  0.2909E-11  0.2854E-11
CALSDV   45   30  0.2661E-11  0.2610E-11
CALSDV   46   30  0.2855E-11  0.2802E-11
CALSDV   47   30  0.2709E-11  0.2658E-11
CALSDV   48   30  0.2828E-11  0.2783E-11
CALSDV   49   30  0.2800E-11  0.2755E-11
CALSDV   50   30  0.2834E-11  0.2797E-11
CALSDV   51   30  0.2902E-11  0.2866E-11
CALSDV   52   30  0.2877E-11  0.2849E-11
CALSDV   53   30  0.2948E-11  0.2921E-11
CALSDV   54   30  0.2907E-11  0.2886E-11
CALSDV   55   30  0.2973E-11  0.2959E-11
CALSDV   56   30  0.2939E-11  0.2932E-11
CALSDV   57   30  0.3088E-11  0.3081E-11
CALSDV   58   30  0.3070E-11  0.3066E-11
CALSDV   59   30  0.2570E-11  0.2557E-11
CALSDV   60   30  0.2615E-11  0.2608E-11
CALSDV   31   31  0.3255E-11  0.3183E-11
CALSDV   32   31  0.4648E-11  0.4639E-11
CALSDV   33   31  0.4154E-11  0.4160E-11
CALSDV   34   31  0.2951E-11  0.2914E-11
CALSDV   35   31  0.3882E-11  0.3869E-11
CALSDV   36   31  0.3579E-11  0.3535E-11
CALSDV   37   31  0.3218E-11  0.3224E-11
CALSDV   38   31  0.3764E-11  0.3728E-11
CALSDV   39   31  0.2984E-11  0.2993E-11
CALSDV   40   31  0.3449E-11  0.3429E-11
CALSDV   41   31  0.2962E-11  0.2954E-11
CALSDV   42   31  0.3090E-11  0.3083E-11
CALSDV   43   31  0.2937E-11  0.2913E-11
CALSDV   44   31  0.2906E-11  0.2908E-11
CALSDV   45   31  0.2914E-11  0.2881E-11
CALSDV   46   31  0.2892E-11  0.2896E-11
CALSDV   47   31  0.2918E-11  0.2877E-11
CALSDV   48   31  0.2971E-11  0.2974E-11
CALSDV   49   31  0.2940E-11  0.2903E-11
CALSDV   50   31  0.3083E-11  0.3086E-11
CALSDV   51   31  0.2977E-11  0.2951E-11
CALSDV   52   31  0.3186E-11  0.3191E-11
CALSDV   53   31  0.3002E-11  0.2988E-11
CALSDV   54   31  0.3222E-11  0.3228E-11
CALSDV   55   31  0.3020E-11  0.3015E-11
CALSDV   56   31  0.3232E-11  0.3242E-11
CALSDV   57   31  0.3127E-11  0.3129E-11
CALSDV   58   31  0.3340E-11  0.3351E-11
CALSDV   59   31  0.2932E-11  0.2935E-11
CALSDV   60   31  0.3065E-11  0.3069E-11
CALSDV   32   32  0.3240E-11  0.3388E-11
CALSDV   33   32  0.4686E-11  0.4687E-11
CALSDV   34   32  0.4228E-11  0.4233E-11
CALSDV   35   32  0.2687E-11  0.2681E-11
CALSDV   36   32  0.3744E-11  0.3753E-11
CALSDV   37   32  0.3557E-11  0.3544E-11
CALSDV   38   32  0.3133E-11  0.3154E-11
CALSDV   39   32  0.3796E-11  0.3777E-11
CALSDV   40   32  0.3125E-11  0.3154E-11
CALSDV   41   32  0.3440E-11  0.3418E-11
CALSDV   42   32  0.3181E-11  0.3220E-11
CALSDV   43   32  0.3033E-11  0.3020E-11
CALSDV   44   32  0.3112E-11  0.3159E-11
CALSDV   45   32  0.2829E-11  0.2819E-11
CALSDV   46   32  0.3018E-11  0.3063E-11
CALSDV   47   32  0.2806E-11  0.2808E-11
CALSDV   48   32  0.2966E-11  0.3008E-11
CALSDV   49   32  0.2892E-11  0.2900E-11
CALSDV   50   32  0.2963E-11  0.3001E-11
CALSDV   51   32  0.3020E-11  0.3028E-11
CALSDV   52   32  0.3010E-11  0.3041E-11
CALSDV   53   32  0.3116E-11  0.3124E-11
CALSDV   54   32  0.3074E-11  0.3096E-11
CALSDV   55   32  0.3162E-11  0.3167E-11
CALSDV   56   32  0.3123E-11  0.3138E-11
CALSDV   57   32  0.3291E-11  0.3293E-11
CALSDV   58   32  0.3262E-11  0.3272E-11
CALSDV   59   32  0.3193E-11  0.3192E-11
CALSDV   60   32  0.3220E-11  0.3225E-11
CALSDV   33   33  0.3231E-11  0.3228E-11
CALSDV   34   33  0.4842E-11  0.4850E-11
CALSDV   35   33  0.4530E-11  0.4530E-11
CALSDV   36   33  0.2817E-11  0.2813E-11
CALSDV   37   33  0.4052E-11  0.4050E-11
CALSDV   38   33  0.3762E-11  0.3765E-11
CALSDV   39   33  0.3266E-11  0.3263E-11
CALSDV   40   33  0.3945E-11  0.3953E-11
CALSDV   41   33  0.3181E-11  0.3176E-11
CALSDV   42   33  0.3523E-11  0.3530E-11
CALSDV   43   33  0.3292E-11  0.3283E-11
CALSDV   44   33  0.3139E-11  0.3140E-11
CALSDV   45   33  0.3314E-11  0.3304E-11
CALSDV   46   33  0.3015E-11  0.3007E-11
CALSDV   47   33  0.3298E-11  0.3291E-11
CALSDV   48   33  0.3073E-11  0.3065E-11
CALSDV   49   33  0.3296E-11  0.3294E-11
CALSDV   50   33  0.3214E-11  0.3207E-11
CALSDV   51   33  0.3319E-11  0.3315E-11
CALSDV   52   33  0.3366E-11  0.3357E-11
CALSDV   53   33  0.3327E-11  0.3325E-11
CALSDV   54   33  0.3451E-11  0.3445E-11
CALSDV   55   33  0.3325E-11  0.3325E-11
CALSDV   56   33  0.3477E-11  0.3470E-11
CALSDV   57   33  0.3415E-11  0.3413E-11
CALSDV   58   33  0.3595E-11  0.3587E-11
CALSDV   59   33  0.3301E-11  0.3299E-11
CALSDV   60   33  0.3460E-11  0.3456E-11
CALSDV   34   34  0.3261E-11  0.3255E-11
CALSDV   35   34  0.4969E-11  0.4969E-11
CALSDV   36   34  0.4524E-11  0.4519E-11
CALSDV   37   34  0.2810E-11  0.2818E-11
CALSDV   38   34  0.3937E-11  0.3935E-11
CALSDV   39   34  0.3911E-11  0.3916E-11
CALSDV   40   34  0.3250E-11  0.3249E-11
CALSDV   41   34  0.4146E-11  0.4141E-11
CALSDV   42   34  0.3346E-11  0.3344E-11
CALSDV   43   34  0.3717E-11  0.3705E-11
CALSDV   44   34  0.3462E-11  0.3454E-11
CALSDV   45   34  0.3326E-11  0.3311E-11
CALSDV   46   34  0.3381E-11  0.3372E-11
CALSDV   47   34  0.3189E-11  0.3175E-11
CALSDV   48   34  0.3264E-11  0.3252E-11
CALSDV   49   34  0.3220E-11  0.3210E-11
CALSDV   50   34  0.3204E-11  0.3193E-11
CALSDV   51   34  0.3334E-11  0.3321E-11
CALSDV   52   34  0.3224E-11  0.3211E-11
CALSDV   53   34  0.3426E-11  0.3414E-11
CALSDV   54   34  0.3282E-11  0.3272E-11
CALSDV   55   34  0.3471E-11  0.3462E-11
CALSDV   56   34  0.3348E-11  0.3342E-11
CALSDV   57   34  0.3581E-11  0.3577E-11
CALSDV   58   34  0.3486E-11  0.3482E-11
CALSDV   59   34  0.3433E-11  0.3431E-11
CALSDV   60   34  0.3439E-11  0.3436E-11
CALSDV   35   35  0.3450E-11  0.3406E-11
CALSDV   36   35  0.5197E-11  0.5181E-11
CALSDV   37   35  0.4912E-11  0.4919E-11
CALSDV   38   35  0.2952E-11  0.2955E-11
CALSDV   39   35  0.4381E-11  0.4387E-11
CALSDV   40   35  0.4143E-11  0.4141E-11
CALSDV   41   35  0.3486E-11  0.3486E-11
CALSDV   42   35  0.4319E-11  0.4312E-11
CALSDV   43   35  0.3442E-11  0.3434E-11
CALSDV   44   35  0.3776E-11  0.3769E-11
CALSDV   45   35  0.3610E-11  0.3608E-11
CALSDV   46   35  0.3364E-11  0.3358E-11
CALSDV   47   35  0.3643E-11  0.3645E-11
CALSDV   48   35  0.3314E-11  0.3310E-11
CALSDV   49   35  0.3620E-11  0.3626E-11
CALSDV   50   35  0.3456E-11  0.3449E-11
CALSDV   51   35  0.3624E-11  0.3629E-11
CALSDV   52   35  0.3643E-11  0.3634E-11
CALSDV   53   35  0.3629E-11  0.3633E-11
CALSDV   54   35  0.3761E-11  0.3753E-11
CALSDV   55   35  0.3628E-11  0.3629E-11
CALSDV   56   35  0.3807E-11  0.3798E-11
CALSDV   57   35  0.3704E-11  0.3705E-11
CALSDV   58   35  0.3917E-11  0.3911E-11
CALSDV   59   35  0.3515E-11  0.3517E-11
CALSDV   60   35  0.3700E-11  0.3699E-11
CALSDV   36   36  0.3648E-11  0.3622E-11
CALSDV   37   36  0.5231E-11  0.5233E-11
CALSDV   38   36  0.4802E-11  0.4792E-11
CALSDV   39   36  0.2956E-11  0.2958E-11
CALSDV   40   36  0.4156E-11  0.4145E-11
CALSDV   41   36  0.4227E-11  0.4226E-11
CALSDV   42   36  0.3424E-11  0.3422E-11
CALSDV   43   36  0.4466E-11  0.4459E-11
CALSDV   44   36  0.3627E-11  0.3627E-11
CALSDV   45   36  0.4003E-11  0.3992E-11
CALSDV   46   36  0.3833E-11  0.3825E-11
CALSDV   47   36  0.3664E-11  0.3655E-11
CALSDV   48   36  0.3770E-11  0.3760E-11
CALSDV   49   36  0.3630E-11  0.3626E-11
CALSDV   50   36  0.3641E-11  0.3629E-11
CALSDV   51   36  0.3733E-11  0.3731E-11
CALSDV   52   36  0.3585E-11  0.3577E-11
CALSDV   53   36  0.3831E-11  0.3822E-11
CALSDV   54   36  0.3605E-11  0.3595E-11
CALSDV   55   36  0.3881E-11  0.3867E-11
CALSDV   56   36  0.3652E-11  0.3644E-11
CALSDV   57   36  0.3958E-11  0.3949E-11
CALSDV   58   36  0.3767E-11  0.3762E-11
CALSDV   59   36  0.3677E-11  0.3677E-11
CALSDV   60   36  0.3640E-11  0.3641E-11
CALSDV   37   37  0.3491E-11  0.3481E-11
CALSDV   38   37  0.5454E-11  0.5446E-11
CALSDV   39   37  0.5224E-11  0.5229E-11
CALSDV   40   37  0.3116E-11  0.3117E-11
CALSDV   41   37  0.4660E-11  0.4665E-11
CALSDV   42   37  0.4471E-11  0.4465E-11
CALSDV   43   37  0.3703E-11  0.3701E-11
CALSDV   44   37  0.4642E-11  0.4635E-11
CALSDV   45   37  0.3689E-11  0.3677E-11
CALSDV   46   37  0.4017E-11  0.4016E-11
CALSDV   47   37  0.3903E-11  0.3892E-11
CALSDV   48   37  0.3597E-11  0.3593E-11
CALSDV   49   37  0.3947E-11  0.3935E-11
CALSDV   50   37  0.3631E-11  0.3618E-11
CALSDV   51   37  0.3927E-11  0.3919E-11
CALSDV   52   37  0.3845E-11  0.3834E-11
CALSDV   53   37  0.3923E-11  0.3913E-11
CALSDV   54   37  0.4028E-11  0.4013E-11
CALSDV   55   37  0.3935E-11  0.3923E-11
CALSDV   56   37  0.4133E-11  0.4116E-11
CALSDV   57   37  0.3998E-11  0.3984E-11
CALSDV   58   37  0.4241E-11  0.4225E-11
CALSDV   59   37  0.3723E-11  0.3713E-11
CALSDV   60   37  0.3926E-11  0.3915E-11
CALSDV   38   38  0.3762E-11  0.3796E-11
CALSDV   39   38  0.5412E-11  0.5419E-11
CALSDV   40   38  0.5027E-11  0.5048E-11
CALSDV   41   38  0.3119E-11  0.3127E-11
CALSDV   42   38  0.4360E-11  0.4370E-11
CALSDV   43   38  0.4496E-11  0.4498E-11
CALSDV   44   38  0.3609E-11  0.3616E-11
CALSDV   45   38  0.4730E-11  0.4722E-11
CALSDV   46   38  0.3889E-11  0.3896E-11
CALSDV   47   38  0.4256E-11  0.4262E-11
CALSDV   48   38  0.4161E-11  0.4182E-11
CALSDV   49   38  0.4007E-11  0.4020E-11
CALSDV   50   38  0.4129E-11  0.4156E-11
CALSDV   51   38  0.4102E-11  0.4121E-11
CALSDV   52   38  0.4023E-11  0.4048E-11
CALSDV   53   38  0.4246E-11  0.4258E-11
CALSDV   54   38  0.3984E-11  0.4001E-11
CALSDV   55   38  0.4329E-11  0.4331E-11
CALSDV   56   38  0.4006E-11  0.4017E-11
CALSDV   57   38  0.4397E-11  0.4395E-11
CALSDV   58   38  0.4089E-11  0.4100E-11
CALSDV   59   38  0.3958E-11  0.3963E-11
CALSDV   60   38  0.3859E-11  0.3870E-11
CALSDV   39   39  0.3600E-11  0.3582E-11
CALSDV   40   39  0.5619E-11  0.5622E-11
CALSDV   41   39  0.5505E-11  0.5500E-11
CALSDV   42   39  0.3314E-11  0.3304E-11
CALSDV   43   39  0.4906E-11  0.4896E-11
CALSDV   44   39  0.4755E-11  0.4756E-11
CALSDV   45   39  0.3918E-11  0.3916E-11
CALSDV   46   39  0.4899E-11  0.4909E-11
CALSDV   47   39  0.3934E-11  0.3929E-11
CALSDV   48   39  0.4236E-11  0.4230E-11
CALSDV   49   39  0.4201E-11  0.4166E-11
CALSDV   50   39  0.3850E-11  0.3835E-11
CALSDV   51   39  0.4270E-11  0.4248E-11
CALSDV   52   39  0.3977E-11  0.3974E-11
CALSDV   53   39  0.4257E-11  0.4249E-11
CALSDV   54   39  0.4234E-11  0.4232E-11
CALSDV   55   39  0.4255E-11  0.4250E-11
CALSDV   56   39  0.4421E-11  0.4419E-11
CALSDV   57   39  0.4304E-11  0.4292E-11
CALSDV   58   39  0.4564E-11  0.4558E-11
CALSDV   59   39  0.3942E-11  0.3932E-11
CALSDV   60   39  0.4158E-11  0.4150E-11
CALSDV   40   40  0.3881E-11  0.3870E-11
CALSDV   41   40  0.5575E-11  0.5566E-11
CALSDV   42   40  0.5362E-11  0.5353E-11
CALSDV   43   40  0.3348E-11  0.3355E-11
CALSDV   44   40  0.4663E-11  0.4654E-11
CALSDV   45   40  0.4775E-11  0.4763E-11
CALSDV   46   40  0.3860E-11  0.3853E-11
CALSDV   47   40  0.4979E-11  0.4965E-11
CALSDV   48   40  0.4163E-11  0.4159E-11
CALSDV   49   40  0.4540E-11  0.4540E-11
CALSDV   50   40  0.4508E-11  0.4510E-11
CALSDV   51   40  0.4426E-11  0.4432E-11
CALSDV   52   40  0.4546E-11  0.4554E-11
CALSDV   53   40  0.4618E-11  0.4629E-11
CALSDV   54   40  0.4478E-11  0.4491E-11
CALSDV   55   40  0.4782E-11  0.4796E-11
CALSDV   56   40  0.4440E-11  0.4458E-11
CALSDV   57   40  0.4858E-11  0.4864E-11
CALSDV   58   40  0.4480E-11  0.4489E-11
CALSDV   59   40  0.4263E-11  0.4264E-11
CALSDV   60   40  0.4124E-11  0.4126E-11
CALSDV   41   41  0.3763E-11  0.3765E-11
CALSDV   42   41  0.5757E-11  0.5763E-11
CALSDV   43   41  0.5803E-11  0.5797E-11
CALSDV   44   41  0.3554E-11  0.3554E-11
CALSDV   45   41  0.5141E-11  0.5134E-11
CALSDV   46   41  0.5044E-11  0.5047E-11
CALSDV   47   41  0.4139E-11  0.4133E-11
CALSDV   48   41  0.5134E-11  0.5143E-11
CALSDV   49   41  0.4196E-11  0.4193E-11
CALSDV   50   41  0.4444E-11  0.4446E-11
CALSDV   51   41  0.4511E-11  0.4500E-11
CALSDV   52   41  0.4148E-11  0.4149E-11
CALSDV   53   41  0.4626E-11  0.4614E-11
CALSDV   54   41  0.4385E-11  0.4388E-11
CALSDV   55   41  0.4635E-11  0.4621E-11
CALSDV   56   41  0.4679E-11  0.4685E-11
CALSDV   57   41  0.4644E-11  0.4640E-11
CALSDV   58   41  0.4871E-11  0.4882E-11
CALSDV   59   41  0.4173E-11  0.4174E-11
CALSDV   60   41  0.4390E-11  0.4394E-11
CALSDV   42   42  0.3914E-11  0.3932E-11
CALSDV   43   42  0.5738E-11  0.5736E-11
CALSDV   44   42  0.5763E-11  0.5781E-11
CALSDV   45   42  0.3641E-11  0.3638E-11
CALSDV   46   42  0.5013E-11  0.5031E-11
CALSDV   47   42  0.5047E-11  0.5048E-11
CALSDV   48   42  0.4133E-11  0.4135E-11
CALSDV   49   42  0.5177E-11  0.5179E-11
CALSDV   50   42  0.4430E-11  0.4437E-11
CALSDV   51   42  0.4766E-11  0.4768E-11
CALSDV   52   42  0.4845E-11  0.4858E-11
CALSDV   53   42  0.4760E-11  0.4764E-11
CALSDV   54   42  0.4954E-11  0.4971E-11
CALSDV   55   42  0.5039E-11  0.5042E-11
CALSDV   56   42  0.4926E-11  0.4936E-11
CALSDV   57   42  0.5214E-11  0.5209E-11
CALSDV   58   42  0.4913E-11  0.4914E-11
CALSDV   59   42  0.4529E-11  0.4524E-11
CALSDV   60   42  0.4403E-11  0.4402E-11
CALSDV   43   43  0.3942E-11  0.3920E-11
CALSDV   44   43  0.5900E-11  0.5896E-11
CALSDV   45   43  0.6138E-11  0.6131E-11
CALSDV   46   43  0.3834E-11  0.3833E-11
CALSDV   47   43  0.5378E-11  0.5376E-11
CALSDV   48   43  0.5330E-11  0.5327E-11
CALSDV   49   43  0.4351E-11  0.4351E-11
CALSDV   50   43  0.5318E-11  0.5318E-11
CALSDV   51   43  0.4480E-11  0.4480E-11
CALSDV   52   43  0.4625E-11  0.4614E-11
CALSDV   53   43  0.4860E-11  0.4853E-11
CALSDV   54   43  0.4466E-11  0.4452E-11
CALSDV   55   43  0.5002E-11  0.4995E-11
CALSDV   56   43  0.4818E-11  0.4812E-11
CALSDV   57   43  0.5024E-11  0.5018E-11
CALSDV   58   43  0.5150E-11  0.5141E-11
CALSDV   59   43  0.4437E-11  0.4433E-11
CALSDV   60   43  0.4632E-11  0.4625E-11
CALSDV   44   44  0.3902E-11  0.3892E-11
CALSDV   45   44  0.5929E-11  0.5917E-11
CALSDV   46   44  0.6302E-11  0.6316E-11
CALSDV   47   44  0.3994E-11  0.3985E-11
CALSDV   48   44  0.5459E-11  0.5462E-11
CALSDV   49   44  0.5348E-11  0.5336E-11
CALSDV   50   44  0.4427E-11  0.4418E-11
CALSDV   51   44  0.5373E-11  0.5365E-11
CALSDV   52   44  0.4719E-11  0.4699E-11
CALSDV   53   44  0.4998E-11  0.4987E-11
CALSDV   54   44  0.5209E-11  0.5204E-11
CALSDV   55   44  0.5117E-11  0.5114E-11
CALSDV   56   44  0.5382E-11  0.5381E-11
CALSDV   57   44  0.5438E-11  0.5436E-11
CALSDV   58   44  0.5380E-11  0.5375E-11
CALSDV   59   44  0.4771E-11  0.4765E-11
CALSDV   60   44  0.4709E-11  0.4704E-11
CALSDV   45   45  0.4424E-11  0.4430E-11
CALSDV   46   45  0.6123E-11  0.6139E-11
CALSDV   47   45  0.6649E-11  0.6619E-11
CALSDV   48   45  0.4216E-11  0.4234E-11
CALSDV   49   45  0.5680E-11  0.5688E-11
CALSDV   50   45  0.5714E-11  0.5733E-11
CALSDV   51   45  0.4609E-11  0.4639E-11
CALSDV   52   45  0.5668E-11  0.5671E-11
CALSDV   53   45  0.4979E-11  0.4974E-11
CALSDV   54   45  0.5082E-11  0.5048E-11
CALSDV   55   45  0.5520E-11  0.5512E-11
CALSDV   56   45  0.5063E-11  0.5043E-11
CALSDV   57   45  0.5655E-11  0.5647E-11
CALSDV   58   45  0.5440E-11  0.5440E-11
CALSDV   59   45  0.4828E-11  0.4828E-11
CALSDV   60   45  0.4898E-11  0.4902E-11
CALSDV   46   46  0.4462E-11  0.4467E-11
CALSDV   47   46  0.6234E-11  0.6234E-11
CALSDV   48   46  0.7042E-11  0.7005E-11
CALSDV   49   46  0.4572E-11  0.4569E-11
CALSDV   50   46  0.6121E-11  0.6074E-11
CALSDV   51   46  0.5866E-11  0.5872E-11
CALSDV   52   46  0.4915E-11  0.4872E-11
CALSDV   53   46  0.5828E-11  0.5834E-11
CALSDV   54   46  0.5264E-11  0.5198E-11
CALSDV   55   46  0.5525E-11  0.5504E-11
CALSDV   56   46  0.5907E-11  0.5815E-11
CALSDV   57   46  0.5689E-11  0.5616E-11
CALSDV   58   46  0.6096E-11  0.5987E-11
CALSDV   59   46  0.5023E-11  0.4964E-11
CALSDV   60   46  0.5170E-11  0.5100E-11
CALSDV   47   47  0.4284E-11  0.4278E-11
CALSDV   48   47  0.6202E-11  0.6190E-11
CALSDV   49   47  0.7016E-11  0.7026E-11
CALSDV   50   47  0.4569E-11  0.4565E-11
CALSDV   51   47  0.5816E-11  0.5819E-11
CALSDV   52   47  0.5913E-11  0.5915E-11
CALSDV   53   47  0.4703E-11  0.4685E-11
CALSDV   54   47  0.5625E-11  0.5628E-11
CALSDV   55   47  0.5256E-11  0.5246E-11
CALSDV   56   47  0.5083E-11  0.5081E-11
CALSDV   57   47  0.5861E-11  0.5860E-11
CALSDV   58   47  0.5363E-11  0.5348E-11
CALSDV   59   47  0.5118E-11  0.5116E-11
CALSDV   60   47  0.5030E-11  0.5019E-11
CALSDV   48   48  0.4215E-11  0.4211E-11
CALSDV   49   48  0.6288E-11  0.6291E-11
CALSDV   50   48  0.7456E-11  0.7429E-11
CALSDV   51   48  0.4662E-11  0.4650E-11
CALSDV   52   48  0.6054E-11  0.6045E-11
CALSDV   53   48  0.5623E-11  0.5627E-11
CALSDV   54   48  0.4707E-11  0.4711E-11
CALSDV   55   48  0.5372E-11  0.5384E-11
CALSDV   56   48  0.5447E-11  0.5421E-11
CALSDV   57   48  0.5320E-11  0.5324E-11
CALSDV   58   48  0.6252E-11  0.6219E-11
CALSDV   59   48  0.4951E-11  0.4952E-11
CALSDV   60   48  0.5461E-11  0.5442E-11
CALSDV   49   49  0.3875E-11  0.3874E-11
CALSDV   50   49  0.6312E-11  0.6309E-11
CALSDV   51   49  0.7259E-11  0.7278E-11
CALSDV   52   49  0.4898E-11  0.4920E-11
CALSDV   53   49  0.5596E-11  0.5614E-11
CALSDV   54   49  0.5994E-11  0.6014E-11
CALSDV   55   49  0.4601E-11  0.4623E-11
CALSDV   56   49  0.5594E-11  0.5598E-11
CALSDV   57   49  0.5513E-11  0.5525E-11
CALSDV   58   49  0.5406E-11  0.5412E-11
CALSDV   59   49  0.5253E-11  0.5270E-11
CALSDV   60   49  0.5100E-11  0.5110E-11
CALSDV   50   50  0.4125E-11  0.4103E-11
CALSDV   51   50  0.6782E-11  0.6786E-11
CALSDV   52   50  0.7804E-11  0.7793E-11
CALSDV   53   50  0.4910E-11  0.4905E-11
CALSDV   54   50  0.5835E-11  0.5835E-11
CALSDV   55   50  0.5811E-11  0.5815E-11
CALSDV   56   50  0.4733E-11  0.4717E-11
CALSDV   57   50  0.5831E-11  0.5851E-11
CALSDV   58   50  0.5921E-11  0.5919E-11
CALSDV   59   50  0.5208E-11  0.5210E-11
CALSDV   60   50  0.5666E-11  0.5655E-11
CALSDV   51   51  0.3511E-11  0.3520E-11
CALSDV   52   51  0.6791E-11  0.6771E-11
CALSDV   53   51  0.7315E-11  0.7318E-11
CALSDV   54   51  0.5227E-11  0.5240E-11
CALSDV   55   51  0.5156E-11  0.5171E-11
CALSDV   56   51  0.6270E-11  0.6282E-11
CALSDV   57   51  0.4941E-11  0.4952E-11
CALSDV   58   51  0.6150E-11  0.6164E-11
CALSDV   59   51  0.5254E-11  0.5264E-11
CALSDV   60   51  0.5428E-11  0.5430E-11
CALSDV   52   52  0.3792E-11  0.3803E-11
CALSDV   53   52  0.7201E-11  0.7180E-11
CALSDV   54   52  0.7693E-11  0.7681E-11
CALSDV   55   52  0.5084E-11  0.5066E-11
CALSDV   56   52  0.5139E-11  0.5142E-11
CALSDV   57   52  0.6243E-11  0.6211E-11
CALSDV   58   52  0.5022E-11  0.5025E-11
CALSDV   59   52  0.5655E-11  0.5640E-11
CALSDV   60   52  0.5546E-11  0.5552E-11
CALSDV   53   53  0.3062E-11  0.3085E-11
CALSDV   54   53  0.7325E-11  0.7325E-11
CALSDV   55   53  0.7002E-11  0.7009E-11
CALSDV   56   53  0.5499E-11  0.5520E-11
CALSDV   57   53  0.4833E-11  0.4852E-11
CALSDV   58   53  0.6854E-11  0.6851E-11
CALSDV   59   53  0.5048E-11  0.5063E-11
CALSDV   60   53  0.6071E-11  0.6077E-11
CALSDV   54   54  0.3524E-11  0.3449E-11
CALSDV   55   54  0.6887E-11  0.6901E-11
CALSDV   56   54  0.7088E-11  0.7110E-11
CALSDV   57   54  0.5424E-11  0.5459E-11
CALSDV   58   54  0.4590E-11  0.4612E-11
CALSDV   59   54  0.6084E-11  0.6129E-11
CALSDV   60   54  0.5186E-11  0.5199E-11
CALSDV   55   55  0.3086E-11  0.3065E-11
CALSDV   56   55  0.7136E-11  0.7134E-11
CALSDV   57   55  0.6552E-11  0.6553E-11
CALSDV   58   55  0.6007E-11  0.6005E-11
CALSDV   59   55  0.5124E-11  0.5132E-11
CALSDV   60   55  0.6639E-11  0.6646E-11
CALSDV   56   56  0.3411E-11  0.3458E-11
CALSDV   57   56  0.5462E-11  0.5462E-11
CALSDV   58   56  0.6405E-11  0.6355E-11
CALSDV   59   56  0.5836E-11  0.5830E-11
CALSDV   60   56  0.5021E-11  0.4982E-11
CALSDV   57   57  0.3574E-11  0.3549E-11
CALSDV   58   57  0.5740E-11  0.5764E-11
CALSDV   59   57  0.6966E-11  0.6941E-11
CALSDV   60   57  0.6297E-11  0.6278E-11
CALSDV   58   58  0.3670E-11  0.3717E-11
CALSDV   59   58  0.4327E-11  0.4038E-11
CALSDV   60   58  0.6802E-11  0.6753E-11
CALSDV   59   59  0.3040E-11  0.3014E-11
CALSDV   60   59  0.4468E-11  0.4538E-11
CALSDV   60   60  0.4491E-11  0.4331E-11
