  This file contains calibrated standard deviations 
       The relevant data lines start with key CALSDV 
       Each such line contains the following data 
           N   M   C_SIGMA   S_SIGMA 
                 FOR M=0 S_SIGMA=0.0 
     
CALSDV    0    0  0.0000E+00  0.0000E+00
CALSDV    1    0  0.0000E+00  0.0000E+00
CALSDV    2    0  0.5704E-10  0.0000E+00
CALSDV    3    0  0.1005E-10  0.0000E+00
CALSDV    4    0  0.3454E-11  0.0000E+00
CALSDV    5    0  0.2341E-11  0.0000E+00
CALSDV    6    0  0.1795E-11  0.0000E+00
CALSDV    7    0  0.1447E-11  0.0000E+00
CALSDV    8    0  0.1221E-11  0.0000E+00
CALSDV    9    0  0.1063E-11  0.0000E+00
CALSDV   10    0  0.9477E-12  0.0000E+00
CALSDV   11    0  0.8602E-12  0.0000E+00
CALSDV   12    0  0.7926E-12  0.0000E+00
CALSDV   13    0  0.7401E-12  0.0000E+00
CALSDV   14    0  0.6986E-12  0.0000E+00
CALSDV   15    0  0.6654E-12  0.0000E+00
CALSDV   16    0  0.6393E-12  0.0000E+00
CALSDV   17    0  0.6182E-12  0.0000E+00
CALSDV   18    0  0.6018E-12  0.0000E+00
CALSDV   19    0  0.5889E-12  0.0000E+00
CALSDV   20    0  0.5792E-12  0.0000E+00
CALSDV   21    0  0.5723E-12  0.0000E+00
CALSDV   22    0  0.5677E-12  0.0000E+00
CALSDV   23    0  0.5653E-12  0.0000E+00
CALSDV   24    0  0.5648E-12  0.0000E+00
CALSDV   25    0  0.5661E-12  0.0000E+00
CALSDV   26    0  0.5690E-12  0.0000E+00
CALSDV   27    0  0.5735E-12  0.0000E+00
CALSDV   28    0  0.5793E-12  0.0000E+00
CALSDV   29    0  0.5866E-12  0.0000E+00
CALSDV   30    0  0.5953E-12  0.0000E+00
CALSDV   31    0  0.6054E-12  0.0000E+00
CALSDV   32    0  0.6167E-12  0.0000E+00
CALSDV   33    0  0.6294E-12  0.0000E+00
CALSDV   34    0  0.6433E-12  0.0000E+00
CALSDV   35    0  0.6587E-12  0.0000E+00
CALSDV   36    0  0.6753E-12  0.0000E+00
CALSDV   37    0  0.6935E-12  0.0000E+00
CALSDV   38    0  0.7131E-12  0.0000E+00
CALSDV   39    0  0.7342E-12  0.0000E+00
CALSDV   40    0  0.7568E-12  0.0000E+00
CALSDV   41    0  0.7811E-12  0.0000E+00
CALSDV   42    0  0.8070E-12  0.0000E+00
CALSDV   43    0  0.8346E-12  0.0000E+00
CALSDV   44    0  0.8641E-12  0.0000E+00
CALSDV   45    0  0.8956E-12  0.0000E+00
CALSDV   46    0  0.9289E-12  0.0000E+00
CALSDV   47    0  0.9644E-12  0.0000E+00
CALSDV   48    0  0.1002E-11  0.0000E+00
CALSDV   49    0  0.1042E-11  0.0000E+00
CALSDV   50    0  0.1085E-11  0.0000E+00
CALSDV   51    0  0.1130E-11  0.0000E+00
CALSDV   52    0  0.1178E-11  0.0000E+00
CALSDV   53    0  0.1228E-11  0.0000E+00
CALSDV   54    0  0.1282E-11  0.0000E+00
CALSDV   55    0  0.1337E-11  0.0000E+00
CALSDV   56    0  0.1398E-11  0.0000E+00
CALSDV   57    0  0.1455E-11  0.0000E+00
CALSDV   58    0  0.1520E-11  0.0000E+00
CALSDV   59    0  0.1436E-11  0.0000E+00
CALSDV   60    0  0.1495E-11  0.0000E+00
CALSDV    1    1  0.0000E+00  0.0000E+00
CALSDV    2    1  0.2420E-10  0.2440E-10
CALSDV    3    1  0.7165E-11  0.7098E-11
CALSDV    4    1  0.3683E-11  0.3680E-11
CALSDV    5    1  0.2500E-11  0.2491E-11
CALSDV    6    1  0.1878E-11  0.1873E-11
CALSDV    7    1  0.1507E-11  0.1503E-11
CALSDV    8    1  0.1261E-11  0.1258E-11
CALSDV    9    1  0.1092E-11  0.1089E-11
CALSDV   10    1  0.9697E-12  0.9664E-12
CALSDV   11    1  0.8776E-12  0.8746E-12
CALSDV   12    1  0.8070E-12  0.8048E-12
CALSDV   13    1  0.7520E-12  0.7495E-12
CALSDV   14    1  0.7087E-12  0.7064E-12
CALSDV   15    1  0.6743E-12  0.6720E-12
CALSDV   16    1  0.6464E-12  0.6445E-12
CALSDV   17    1  0.6249E-12  0.6228E-12
CALSDV   18    1  0.6076E-12  0.6056E-12
CALSDV   19    1  0.5942E-12  0.5924E-12
CALSDV   20    1  0.5841E-12  0.5821E-12
CALSDV   21    1  0.5767E-12  0.5749E-12
CALSDV   22    1  0.5719E-12  0.5700E-12
CALSDV   23    1  0.5693E-12  0.5674E-12
CALSDV   24    1  0.5684E-12  0.5666E-12
CALSDV   25    1  0.5695E-12  0.5677E-12
CALSDV   26    1  0.5723E-12  0.5704E-12
CALSDV   27    1  0.5767E-12  0.5748E-12
CALSDV   28    1  0.5823E-12  0.5805E-12
CALSDV   29    1  0.5896E-12  0.5877E-12
CALSDV   30    1  0.5982E-12  0.5963E-12
CALSDV   31    1  0.6081E-12  0.6062E-12
CALSDV   32    1  0.6194E-12  0.6174E-12
CALSDV   33    1  0.6320E-12  0.6301E-12
CALSDV   34    1  0.6459E-12  0.6439E-12
CALSDV   35    1  0.6613E-12  0.6592E-12
CALSDV   36    1  0.6779E-12  0.6758E-12
CALSDV   37    1  0.6961E-12  0.6939E-12
CALSDV   38    1  0.7157E-12  0.7134E-12
CALSDV   39    1  0.7368E-12  0.7345E-12
CALSDV   40    1  0.7594E-12  0.7569E-12
CALSDV   41    1  0.7838E-12  0.7812E-12
CALSDV   42    1  0.8096E-12  0.8069E-12
CALSDV   43    1  0.8374E-12  0.8346E-12
CALSDV   44    1  0.8668E-12  0.8640E-12
CALSDV   45    1  0.8983E-12  0.8953E-12
CALSDV   46    1  0.9318E-12  0.9287E-12
CALSDV   47    1  0.9672E-12  0.9641E-12
CALSDV   48    1  0.1005E-11  0.1002E-11
CALSDV   49    1  0.1045E-11  0.1042E-11
CALSDV   50    1  0.1088E-11  0.1084E-11
CALSDV   51    1  0.1133E-11  0.1129E-11
CALSDV   52    1  0.1181E-11  0.1177E-11
CALSDV   53    1  0.1231E-11  0.1227E-11
CALSDV   54    1  0.1285E-11  0.1281E-11
CALSDV   55    1  0.1341E-11  0.1337E-11
CALSDV   56    1  0.1401E-11  0.1397E-11
CALSDV   57    1  0.1459E-11  0.1454E-11
CALSDV   58    1  0.1524E-11  0.1519E-11
CALSDV   59    1  0.1442E-11  0.1437E-11
CALSDV   60    1  0.1501E-11  0.1496E-11
CALSDV    2    2  0.2266E-10  0.2261E-10
CALSDV    3    2  0.1082E-10  0.1075E-10
CALSDV    4    2  0.5139E-11  0.5118E-11
CALSDV    5    2  0.3165E-11  0.3150E-11
CALSDV    6    2  0.2303E-11  0.2294E-11
CALSDV    7    2  0.1760E-11  0.1751E-11
CALSDV    8    2  0.1442E-11  0.1436E-11
CALSDV    9    2  0.1217E-11  0.1212E-11
CALSDV   10    2  0.1067E-11  0.1062E-11
CALSDV   11    2  0.9496E-12  0.9459E-12
CALSDV   12    2  0.8654E-12  0.8624E-12
CALSDV   13    2  0.7984E-12  0.7952E-12
CALSDV   14    2  0.7476E-12  0.7450E-12
CALSDV   15    2  0.7063E-12  0.7038E-12
CALSDV   16    2  0.6746E-12  0.6721E-12
CALSDV   17    2  0.6485E-12  0.6463E-12
CALSDV   18    2  0.6286E-12  0.6264E-12
CALSDV   19    2  0.6126E-12  0.6104E-12
CALSDV   20    2  0.6005E-12  0.5984E-12
CALSDV   21    2  0.5915E-12  0.5894E-12
CALSDV   22    2  0.5852E-12  0.5834E-12
CALSDV   23    2  0.5814E-12  0.5793E-12
CALSDV   24    2  0.5796E-12  0.5777E-12
CALSDV   25    2  0.5800E-12  0.5778E-12
CALSDV   26    2  0.5818E-12  0.5800E-12
CALSDV   27    2  0.5856E-12  0.5834E-12
CALSDV   28    2  0.5908E-12  0.5887E-12
CALSDV   29    2  0.5974E-12  0.5955E-12
CALSDV   30    2  0.6056E-12  0.6035E-12
CALSDV   31    2  0.6153E-12  0.6132E-12
CALSDV   32    2  0.6261E-12  0.6239E-12
CALSDV   33    2  0.6385E-12  0.6363E-12
CALSDV   34    2  0.6521E-12  0.6500E-12
CALSDV   35    2  0.6673E-12  0.6650E-12
CALSDV   36    2  0.6837E-12  0.6813E-12
CALSDV   37    2  0.7017E-12  0.6994E-12
CALSDV   38    2  0.7210E-12  0.7186E-12
CALSDV   39    2  0.7421E-12  0.7395E-12
CALSDV   40    2  0.7645E-12  0.7619E-12
CALSDV   41    2  0.7887E-12  0.7860E-12
CALSDV   42    2  0.8145E-12  0.8118E-12
CALSDV   43    2  0.8421E-12  0.8393E-12
CALSDV   44    2  0.8715E-12  0.8686E-12
CALSDV   45    2  0.9029E-12  0.8999E-12
CALSDV   46    2  0.9362E-12  0.9332E-12
CALSDV   47    2  0.9718E-12  0.9686E-12
CALSDV   48    2  0.1009E-11  0.1006E-11
CALSDV   49    2  0.1049E-11  0.1046E-11
CALSDV   50    2  0.1092E-11  0.1089E-11
CALSDV   51    2  0.1137E-11  0.1134E-11
CALSDV   52    2  0.1185E-11  0.1181E-11
CALSDV   53    2  0.1236E-11  0.1232E-11
CALSDV   54    2  0.1289E-11  0.1285E-11
CALSDV   55    2  0.1346E-11  0.1342E-11
CALSDV   56    2  0.1406E-11  0.1402E-11
CALSDV   57    2  0.1465E-11  0.1461E-11
CALSDV   58    2  0.1530E-11  0.1525E-11
CALSDV   59    2  0.1461E-11  0.1457E-11
CALSDV   60    2  0.1520E-11  0.1515E-11
CALSDV    3    3  0.2448E-10  0.2463E-10
CALSDV    4    3  0.9913E-11  0.9954E-11
CALSDV    5    3  0.6848E-11  0.6803E-11
CALSDV    6    3  0.3535E-11  0.3554E-11
CALSDV    7    3  0.3244E-11  0.3219E-11
CALSDV    8    3  0.1975E-11  0.1980E-11
CALSDV    9    3  0.1935E-11  0.1922E-11
CALSDV   10    3  0.1345E-11  0.1348E-11
CALSDV   11    3  0.1344E-11  0.1338E-11
CALSDV   12    3  0.1033E-11  0.1035E-11
CALSDV   13    3  0.1035E-11  0.1031E-11
CALSDV   14    3  0.8562E-12  0.8572E-12
CALSDV   15    3  0.8594E-12  0.8571E-12
CALSDV   16    3  0.7498E-12  0.7503E-12
CALSDV   17    3  0.7530E-12  0.7514E-12
CALSDV   18    3  0.6836E-12  0.6840E-12
CALSDV   19    3  0.6873E-12  0.6860E-12
CALSDV   20    3  0.6427E-12  0.6427E-12
CALSDV   21    3  0.6474E-12  0.6462E-12
CALSDV   22    3  0.6186E-12  0.6185E-12
CALSDV   23    3  0.6246E-12  0.6237E-12
CALSDV   24    3  0.6067E-12  0.6065E-12
CALSDV   25    3  0.6142E-12  0.6134E-12
CALSDV   26    3  0.6044E-12  0.6041E-12
CALSDV   27    3  0.6137E-12  0.6127E-12
CALSDV   28    3  0.6099E-12  0.6095E-12
CALSDV   29    3  0.6210E-12  0.6201E-12
CALSDV   30    3  0.6223E-12  0.6218E-12
CALSDV   31    3  0.6352E-12  0.6344E-12
CALSDV   32    3  0.6408E-12  0.6402E-12
CALSDV   33    3  0.6558E-12  0.6549E-12
CALSDV   34    3  0.6652E-12  0.6648E-12
CALSDV   35    3  0.6826E-12  0.6816E-12
CALSDV   36    3  0.6957E-12  0.6951E-12
CALSDV   37    3  0.7153E-12  0.7146E-12
CALSDV   38    3  0.7320E-12  0.7313E-12
CALSDV   39    3  0.7544E-12  0.7535E-12
CALSDV   40    3  0.7747E-12  0.7739E-12
CALSDV   41    3  0.8000E-12  0.7991E-12
CALSDV   42    3  0.8239E-12  0.8231E-12
CALSDV   43    3  0.8526E-12  0.8516E-12
CALSDV   44    3  0.8804E-12  0.8796E-12
CALSDV   45    3  0.9126E-12  0.9116E-12
CALSDV   46    3  0.9448E-12  0.9438E-12
CALSDV   47    3  0.9810E-12  0.9799E-12
CALSDV   48    3  0.1018E-11  0.1017E-11
CALSDV   49    3  0.1058E-11  0.1057E-11
CALSDV   50    3  0.1100E-11  0.1099E-11
CALSDV   51    3  0.1146E-11  0.1144E-11
CALSDV   52    3  0.1193E-11  0.1192E-11
CALSDV   53    3  0.1244E-11  0.1243E-11
CALSDV   54    3  0.1298E-11  0.1296E-11
CALSDV   55    3  0.1355E-11  0.1354E-11
CALSDV   56    3  0.1415E-11  0.1413E-11
CALSDV   57    3  0.1477E-11  0.1475E-11
CALSDV   58    3  0.1542E-11  0.1540E-11
CALSDV   59    3  0.1498E-11  0.1497E-11
CALSDV   60    3  0.1555E-11  0.1554E-11
CALSDV    4    4  0.1220E-10  0.1193E-10
CALSDV    5    4  0.9978E-11  0.9909E-11
CALSDV    6    4  0.4297E-11  0.4249E-11
CALSDV    7    4  0.3644E-11  0.3635E-11
CALSDV    8    4  0.2339E-11  0.2314E-11
CALSDV    9    4  0.1995E-11  0.1995E-11
CALSDV   10    4  0.1541E-11  0.1525E-11
CALSDV   11    4  0.1364E-11  0.1361E-11
CALSDV   12    4  0.1154E-11  0.1144E-11
CALSDV   13    4  0.1056E-11  0.1054E-11
CALSDV   14    4  0.9404E-12  0.9334E-12
CALSDV   15    4  0.8842E-12  0.8814E-12
CALSDV   16    4  0.8134E-12  0.8082E-12
CALSDV   17    4  0.7795E-12  0.7762E-12
CALSDV   18    4  0.7338E-12  0.7291E-12
CALSDV   19    4  0.7139E-12  0.7110E-12
CALSDV   20    4  0.6839E-12  0.6801E-12
CALSDV   21    4  0.6728E-12  0.6701E-12
CALSDV   22    4  0.6534E-12  0.6499E-12
CALSDV   23    4  0.6486E-12  0.6461E-12
CALSDV   24    4  0.6370E-12  0.6338E-12
CALSDV   25    4  0.6369E-12  0.6343E-12
CALSDV   26    4  0.6313E-12  0.6282E-12
CALSDV   27    4  0.6348E-12  0.6323E-12
CALSDV   28    4  0.6340E-12  0.6312E-12
CALSDV   29    4  0.6409E-12  0.6383E-12
CALSDV   30    4  0.6441E-12  0.6413E-12
CALSDV   31    4  0.6540E-12  0.6514E-12
CALSDV   32    4  0.6609E-12  0.6581E-12
CALSDV   33    4  0.6735E-12  0.6709E-12
CALSDV   34    4  0.6841E-12  0.6811E-12
CALSDV   35    4  0.6994E-12  0.6967E-12
CALSDV   36    4  0.7132E-12  0.7103E-12
CALSDV   37    4  0.7316E-12  0.7286E-12
CALSDV   38    4  0.7487E-12  0.7456E-12
CALSDV   39    4  0.7700E-12  0.7669E-12
CALSDV   40    4  0.7905E-12  0.7873E-12
CALSDV   41    4  0.8149E-12  0.8117E-12
CALSDV   42    4  0.8393E-12  0.8360E-12
CALSDV   43    4  0.8671E-12  0.8637E-12
CALSDV   44    4  0.8952E-12  0.8917E-12
CALSDV   45    4  0.9269E-12  0.9233E-12
CALSDV   46    4  0.9591E-12  0.9554E-12
CALSDV   47    4  0.9948E-12  0.9911E-12
CALSDV   48    4  0.1032E-11  0.1028E-11
CALSDV   49    4  0.1072E-11  0.1068E-11
CALSDV   50    4  0.1114E-11  0.1110E-11
CALSDV   51    4  0.1159E-11  0.1155E-11
CALSDV   52    4  0.1207E-11  0.1202E-11
CALSDV   53    4  0.1258E-11  0.1253E-11
CALSDV   54    4  0.1312E-11  0.1307E-11
CALSDV   55    4  0.1369E-11  0.1364E-11
CALSDV   56    4  0.1429E-11  0.1424E-11
CALSDV   57    4  0.1493E-11  0.1488E-11
CALSDV   58    4  0.1559E-11  0.1553E-11
CALSDV   59    4  0.1536E-11  0.1531E-11
CALSDV   60    4  0.1595E-11  0.1589E-11
CALSDV    5    5  0.1767E-10  0.1775E-10
CALSDV    6    5  0.7405E-11  0.7404E-11
CALSDV    7    5  0.4904E-11  0.4887E-11
CALSDV    8    5  0.2977E-11  0.2974E-11
CALSDV    9    5  0.2843E-11  0.2829E-11
CALSDV   10    5  0.1848E-11  0.1848E-11
CALSDV   11    5  0.1944E-11  0.1937E-11
CALSDV   12    5  0.1382E-11  0.1383E-11
CALSDV   13    5  0.1458E-11  0.1453E-11
CALSDV   14    5  0.1127E-11  0.1127E-11
CALSDV   15    5  0.1169E-11  0.1165E-11
CALSDV   16    5  0.9654E-12  0.9658E-12
CALSDV   17    5  0.9871E-12  0.9855E-12
CALSDV   18    5  0.8583E-12  0.8587E-12
CALSDV   19    5  0.8694E-12  0.8683E-12
CALSDV   20    5  0.7862E-12  0.7865E-12
CALSDV   21    5  0.7925E-12  0.7918E-12
CALSDV   22    5  0.7382E-12  0.7385E-12
CALSDV   23    5  0.7430E-12  0.7422E-12
CALSDV   24    5  0.7082E-12  0.7083E-12
CALSDV   25    5  0.7129E-12  0.7123E-12
CALSDV   26    5  0.6914E-12  0.6916E-12
CALSDV   27    5  0.6973E-12  0.6968E-12
CALSDV   28    5  0.6857E-12  0.6857E-12
CALSDV   29    5  0.6929E-12  0.6927E-12
CALSDV   30    5  0.6887E-12  0.6889E-12
CALSDV   31    5  0.6980E-12  0.6978E-12
CALSDV   32    5  0.7000E-12  0.7001E-12
CALSDV   33    5  0.7114E-12  0.7113E-12
CALSDV   34    5  0.7184E-12  0.7185E-12
CALSDV   35    5  0.7324E-12  0.7322E-12
CALSDV   36    5  0.7438E-12  0.7440E-12
CALSDV   37    5  0.7605E-12  0.7603E-12
CALSDV   38    5  0.7762E-12  0.7763E-12
CALSDV   39    5  0.7957E-12  0.7957E-12
CALSDV   40    5  0.8154E-12  0.8154E-12
CALSDV   41    5  0.8382E-12  0.8381E-12
CALSDV   42    5  0.8617E-12  0.8618E-12
CALSDV   43    5  0.8881E-12  0.8880E-12
CALSDV   44    5  0.9158E-12  0.9159E-12
CALSDV   45    5  0.9459E-12  0.9459E-12
CALSDV   46    5  0.9782E-12  0.9782E-12
CALSDV   47    5  0.1012E-11  0.1012E-11
CALSDV   48    5  0.1049E-11  0.1049E-11
CALSDV   49    5  0.1088E-11  0.1088E-11
CALSDV   50    5  0.1130E-11  0.1130E-11
CALSDV   51    5  0.1174E-11  0.1174E-11
CALSDV   52    5  0.1222E-11  0.1222E-11
CALSDV   53    5  0.1272E-11  0.1272E-11
CALSDV   54    5  0.1326E-11  0.1326E-11
CALSDV   55    5  0.1383E-11  0.1383E-11
CALSDV   56    5  0.1443E-11  0.1443E-11
CALSDV   57    5  0.1507E-11  0.1507E-11
CALSDV   58    5  0.1574E-11  0.1574E-11
CALSDV   59    5  0.1569E-11  0.1569E-11
CALSDV   60    5  0.1630E-11  0.1629E-11
CALSDV    6    6  0.8488E-11  0.8441E-11
CALSDV    7    6  0.9121E-11  0.9077E-11
CALSDV    8    6  0.4147E-11  0.4146E-11
CALSDV    9    6  0.4237E-11  0.4224E-11
CALSDV   10    6  0.2606E-11  0.2612E-11
CALSDV   11    6  0.2500E-11  0.2491E-11
CALSDV   12    6  0.1783E-11  0.1786E-11
CALSDV   13    6  0.1723E-11  0.1720E-11
CALSDV   14    6  0.1337E-11  0.1340E-11
CALSDV   15    6  0.1321E-11  0.1318E-11
CALSDV   16    6  0.1084E-11  0.1084E-11
CALSDV   17    6  0.1090E-11  0.1087E-11
CALSDV   18    6  0.9326E-12  0.9331E-12
CALSDV   19    6  0.9458E-12  0.9448E-12
CALSDV   20    6  0.8378E-12  0.8381E-12
CALSDV   21    6  0.8550E-12  0.8537E-12
CALSDV   22    6  0.7793E-12  0.7789E-12
CALSDV   23    6  0.7959E-12  0.7955E-12
CALSDV   24    6  0.7429E-12  0.7424E-12
CALSDV   25    6  0.7597E-12  0.7592E-12
CALSDV   26    6  0.7227E-12  0.7224E-12
CALSDV   27    6  0.7393E-12  0.7390E-12
CALSDV   28    6  0.7145E-12  0.7144E-12
CALSDV   29    6  0.7315E-12  0.7312E-12
CALSDV   30    6  0.7164E-12  0.7161E-12
CALSDV   31    6  0.7337E-12  0.7334E-12
CALSDV   32    6  0.7265E-12  0.7262E-12
CALSDV   33    6  0.7447E-12  0.7446E-12
CALSDV   34    6  0.7439E-12  0.7438E-12
CALSDV   35    6  0.7635E-12  0.7634E-12
CALSDV   36    6  0.7688E-12  0.7683E-12
CALSDV   37    6  0.7900E-12  0.7897E-12
CALSDV   38    6  0.7999E-12  0.8000E-12
CALSDV   39    6  0.8232E-12  0.8236E-12
CALSDV   40    6  0.8386E-12  0.8383E-12
CALSDV   41    6  0.8646E-12  0.8641E-12
CALSDV   42    6  0.8841E-12  0.8842E-12
CALSDV   43    6  0.9129E-12  0.9129E-12
CALSDV   44    6  0.9375E-12  0.9375E-12
CALSDV   45    6  0.9696E-12  0.9696E-12
CALSDV   46    6  0.9990E-12  0.9990E-12
CALSDV   47    6  0.1035E-11  0.1035E-11
CALSDV   48    6  0.1070E-11  0.1070E-11
CALSDV   49    6  0.1110E-11  0.1110E-11
CALSDV   50    6  0.1150E-11  0.1150E-11
CALSDV   51    6  0.1195E-11  0.1195E-11
CALSDV   52    6  0.1241E-11  0.1241E-11
CALSDV   53    6  0.1292E-11  0.1292E-11
CALSDV   54    6  0.1345E-11  0.1345E-11
CALSDV   55    6  0.1403E-11  0.1402E-11
CALSDV   56    6  0.1462E-11  0.1462E-11
CALSDV   57    6  0.1528E-11  0.1527E-11
CALSDV   58    6  0.1594E-11  0.1594E-11
CALSDV   59    6  0.1608E-11  0.1608E-11
CALSDV   60    6  0.1667E-11  0.1667E-11
CALSDV    7    7  0.1244E-10  0.1228E-10
CALSDV    8    7  0.6921E-11  0.6930E-11
CALSDV    9    7  0.4402E-11  0.4381E-11
CALSDV   10    7  0.2864E-11  0.2898E-11
CALSDV   11    7  0.2625E-11  0.2619E-11
CALSDV   12    7  0.1757E-11  0.1778E-11
CALSDV   13    7  0.1804E-11  0.1800E-11
CALSDV   14    7  0.1391E-11  0.1404E-11
CALSDV   15    7  0.1373E-11  0.1370E-11
CALSDV   16    7  0.1208E-11  0.1213E-11
CALSDV   17    7  0.1129E-11  0.1127E-11
CALSDV   18    7  0.1084E-11  0.1086E-11
CALSDV   19    7  0.9844E-12  0.9830E-12
CALSDV   20    7  0.9914E-12  0.9929E-12
CALSDV   21    7  0.8926E-12  0.8925E-12
CALSDV   22    7  0.9232E-12  0.9238E-12
CALSDV   23    7  0.8351E-12  0.8344E-12
CALSDV   24    7  0.8729E-12  0.8733E-12
CALSDV   25    7  0.7984E-12  0.7982E-12
CALSDV   26    7  0.8381E-12  0.8386E-12
CALSDV   27    7  0.7777E-12  0.7774E-12
CALSDV   28    7  0.8163E-12  0.8168E-12
CALSDV   29    7  0.7686E-12  0.7688E-12
CALSDV   30    7  0.8058E-12  0.8065E-12
CALSDV   31    7  0.7699E-12  0.7698E-12
CALSDV   32    7  0.8052E-12  0.8060E-12
CALSDV   33    7  0.7793E-12  0.7796E-12
CALSDV   34    7  0.8135E-12  0.8142E-12
CALSDV   35    7  0.7968E-12  0.7969E-12
CALSDV   36    7  0.8301E-12  0.8310E-12
CALSDV   37    7  0.8215E-12  0.8217E-12
CALSDV   38    7  0.8550E-12  0.8558E-12
CALSDV   39    7  0.8535E-12  0.8540E-12
CALSDV   40    7  0.8877E-12  0.8887E-12
CALSDV   41    7  0.8929E-12  0.8936E-12
CALSDV   42    7  0.9283E-12  0.9293E-12
CALSDV   43    7  0.9400E-12  0.9408E-12
CALSDV   44    7  0.9774E-12  0.9785E-12
CALSDV   45    7  0.9952E-12  0.9961E-12
CALSDV   46    7  0.1035E-11  0.1036E-11
CALSDV   47    7  0.1059E-11  0.1060E-11
CALSDV   48    7  0.1102E-11  0.1104E-11
CALSDV   49    7  0.1133E-11  0.1134E-11
CALSDV   50    7  0.1180E-11  0.1181E-11
CALSDV   51    7  0.1217E-11  0.1218E-11
CALSDV   52    7  0.1268E-11  0.1270E-11
CALSDV   53    7  0.1313E-11  0.1314E-11
CALSDV   54    7  0.1370E-11  0.1371E-11
CALSDV   55    7  0.1422E-11  0.1423E-11
CALSDV   56    7  0.1485E-11  0.1487E-11
CALSDV   57    7  0.1547E-11  0.1548E-11
CALSDV   58    7  0.1617E-11  0.1619E-11
CALSDV   59    7  0.1640E-11  0.1641E-11
CALSDV   60    7  0.1706E-11  0.1707E-11
CALSDV    8    8  0.6396E-11  0.6145E-11
CALSDV    9    8  0.6386E-11  0.6373E-11
CALSDV   10    8  0.4004E-11  0.3997E-11
CALSDV   11    8  0.3419E-11  0.3386E-11
CALSDV   12    8  0.2893E-11  0.2879E-11
CALSDV   13    8  0.2412E-11  0.2378E-11
CALSDV   14    8  0.2090E-11  0.2079E-11
CALSDV   15    8  0.1894E-11  0.1870E-11
CALSDV   16    8  0.1594E-11  0.1585E-11
CALSDV   17    8  0.1565E-11  0.1552E-11
CALSDV   18    8  0.1292E-11  0.1287E-11
CALSDV   19    8  0.1345E-11  0.1328E-11
CALSDV   20    8  0.1111E-11  0.1105E-11
CALSDV   21    8  0.1186E-11  0.1173E-11
CALSDV   22    8  0.9949E-12  0.9915E-12
CALSDV   23    8  0.1074E-11  0.1063E-11
CALSDV   24    8  0.9228E-12  0.9205E-12
CALSDV   25    8  0.9940E-12  0.9855E-12
CALSDV   26    8  0.8780E-12  0.8759E-12
CALSDV   27    8  0.9396E-12  0.9322E-12
CALSDV   28    8  0.8519E-12  0.8501E-12
CALSDV   29    8  0.9042E-12  0.8983E-12
CALSDV   30    8  0.8398E-12  0.8382E-12
CALSDV   31    8  0.8848E-12  0.8796E-12
CALSDV   32    8  0.8389E-12  0.8373E-12
CALSDV   33    8  0.8779E-12  0.8735E-12
CALSDV   34    8  0.8475E-12  0.8461E-12
CALSDV   35    8  0.8823E-12  0.8784E-12
CALSDV   36    8  0.8644E-12  0.8631E-12
CALSDV   37    8  0.8966E-12  0.8932E-12
CALSDV   38    8  0.8894E-12  0.8880E-12
CALSDV   39    8  0.9202E-12  0.9171E-12
CALSDV   40    8  0.9221E-12  0.9207E-12
CALSDV   41    8  0.9527E-12  0.9498E-12
CALSDV   42    8  0.9626E-12  0.9610E-12
CALSDV   43    8  0.9940E-12  0.9913E-12
CALSDV   44    8  0.1011E-11  0.1009E-11
CALSDV   45    8  0.1044E-11  0.1042E-11
CALSDV   46    8  0.1068E-11  0.1067E-11
CALSDV   47    8  0.1104E-11  0.1101E-11
CALSDV   48    8  0.1135E-11  0.1133E-11
CALSDV   49    8  0.1174E-11  0.1171E-11
CALSDV   50    8  0.1211E-11  0.1209E-11
CALSDV   51    8  0.1254E-11  0.1252E-11
CALSDV   52    8  0.1298E-11  0.1297E-11
CALSDV   53    8  0.1347E-11  0.1345E-11
CALSDV   54    8  0.1399E-11  0.1397E-11
CALSDV   55    8  0.1454E-11  0.1451E-11
CALSDV   56    8  0.1513E-11  0.1511E-11
CALSDV   57    8  0.1578E-11  0.1575E-11
CALSDV   58    8  0.1645E-11  0.1643E-11
CALSDV   59    8  0.1687E-11  0.1684E-11
CALSDV   60    8  0.1749E-11  0.1746E-11
CALSDV    9    9  0.8667E-11  0.8622E-11
CALSDV   10    9  0.6384E-11  0.6420E-11
CALSDV   11    9  0.4187E-11  0.4171E-11
CALSDV   12    9  0.2923E-11  0.2945E-11
CALSDV   13    9  0.2750E-11  0.2749E-11
CALSDV   14    9  0.1840E-11  0.1846E-11
CALSDV   15    9  0.1891E-11  0.1893E-11
CALSDV   16    9  0.1477E-11  0.1480E-11
CALSDV   17    9  0.1409E-11  0.1412E-11
CALSDV   18    9  0.1304E-11  0.1307E-11
CALSDV   19    9  0.1149E-11  0.1154E-11
CALSDV   20    9  0.1191E-11  0.1192E-11
CALSDV   21    9  0.1012E-11  0.1016E-11
CALSDV   22    9  0.1104E-11  0.1106E-11
CALSDV   23    9  0.9381E-12  0.9418E-12
CALSDV   24    9  0.1039E-11  0.1040E-11
CALSDV   25    9  0.8985E-12  0.9007E-12
CALSDV   26    9  0.9905E-12  0.9908E-12
CALSDV   27    9  0.8769E-12  0.8790E-12
CALSDV   28    9  0.9562E-12  0.9560E-12
CALSDV   29    9  0.8686E-12  0.8693E-12
CALSDV   30    9  0.9340E-12  0.9345E-12
CALSDV   31    9  0.8679E-12  0.8698E-12
CALSDV   32    9  0.9239E-12  0.9235E-12
CALSDV   33    9  0.8763E-12  0.8770E-12
CALSDV   34    9  0.9236E-12  0.9228E-12
CALSDV   35    9  0.8915E-12  0.8921E-12
CALSDV   36    9  0.9325E-12  0.9320E-12
CALSDV   37    9  0.9134E-12  0.9133E-12
CALSDV   38    9  0.9501E-12  0.9499E-12
CALSDV   39    9  0.9419E-12  0.9424E-12
CALSDV   40    9  0.9768E-12  0.9763E-12
CALSDV   41    9  0.9778E-12  0.9780E-12
CALSDV   42    9  0.1012E-11  0.1011E-11
CALSDV   43    9  0.1021E-11  0.1021E-11
CALSDV   44    9  0.1056E-11  0.1055E-11
CALSDV   45    9  0.1073E-11  0.1072E-11
CALSDV   46    9  0.1109E-11  0.1108E-11
CALSDV   47    9  0.1133E-11  0.1132E-11
CALSDV   48    9  0.1172E-11  0.1171E-11
CALSDV   49    9  0.1202E-11  0.1201E-11
CALSDV   50    9  0.1245E-11  0.1245E-11
CALSDV   51    9  0.1282E-11  0.1281E-11
CALSDV   52    9  0.1330E-11  0.1329E-11
CALSDV   53    9  0.1374E-11  0.1373E-11
CALSDV   54    9  0.1427E-11  0.1427E-11
CALSDV   55    9  0.1479E-11  0.1478E-11
CALSDV   56    9  0.1539E-11  0.1538E-11
CALSDV   57    9  0.1601E-11  0.1600E-11
CALSDV   58    9  0.1670E-11  0.1669E-11
CALSDV   59    9  0.1720E-11  0.1719E-11
CALSDV   60    9  0.1782E-11  0.1781E-11
CALSDV   10   10  0.5527E-11  0.5691E-11
CALSDV   11   10  0.5163E-11  0.5202E-11
CALSDV   12   10  0.3685E-11  0.3686E-11
CALSDV   13   10  0.2659E-11  0.2664E-11
CALSDV   14   10  0.2921E-11  0.2920E-11
CALSDV   15   10  0.2114E-11  0.2112E-11
CALSDV   16   10  0.2226E-11  0.2226E-11
CALSDV   17   10  0.1887E-11  0.1884E-11
CALSDV   18   10  0.1759E-11  0.1759E-11
CALSDV   19   10  0.1701E-11  0.1698E-11
CALSDV   20   10  0.1466E-11  0.1467E-11
CALSDV   21   10  0.1537E-11  0.1534E-11
CALSDV   22   10  0.1286E-11  0.1286E-11
CALSDV   23   10  0.1399E-11  0.1397E-11
CALSDV   24   10  0.1170E-11  0.1172E-11
CALSDV   25   10  0.1289E-11  0.1287E-11
CALSDV   26   10  0.1098E-11  0.1098E-11
CALSDV   27   10  0.1204E-11  0.1202E-11
CALSDV   28   10  0.1051E-11  0.1052E-11
CALSDV   29   10  0.1140E-11  0.1139E-11
CALSDV   30   10  0.1023E-11  0.1024E-11
CALSDV   31   10  0.1095E-11  0.1094E-11
CALSDV   32   10  0.1008E-11  0.1009E-11
CALSDV   33   10  0.1067E-11  0.1066E-11
CALSDV   34   10  0.1005E-11  0.1005E-11
CALSDV   35   10  0.1052E-11  0.1051E-11
CALSDV   36   10  0.1011E-11  0.1011E-11
CALSDV   37   10  0.1050E-11  0.1049E-11
CALSDV   38   10  0.1025E-11  0.1026E-11
CALSDV   39   10  0.1059E-11  0.1059E-11
CALSDV   40   10  0.1049E-11  0.1050E-11
CALSDV   41   10  0.1079E-11  0.1079E-11
CALSDV   42   10  0.1081E-11  0.1082E-11
CALSDV   43   10  0.1109E-11  0.1109E-11
CALSDV   44   10  0.1121E-11  0.1122E-11
CALSDV   45   10  0.1149E-11  0.1149E-11
CALSDV   46   10  0.1170E-11  0.1171E-11
CALSDV   47   10  0.1200E-11  0.1200E-11
CALSDV   48   10  0.1229E-11  0.1230E-11
CALSDV   49   10  0.1261E-11  0.1261E-11
CALSDV   50   10  0.1298E-11  0.1299E-11
CALSDV   51   10  0.1334E-11  0.1334E-11
CALSDV   52   10  0.1379E-11  0.1379E-11
CALSDV   53   10  0.1419E-11  0.1420E-11
CALSDV   54   10  0.1472E-11  0.1473E-11
CALSDV   55   10  0.1519E-11  0.1519E-11
CALSDV   56   10  0.1580E-11  0.1580E-11
CALSDV   57   10  0.1637E-11  0.1638E-11
CALSDV   58   10  0.1707E-11  0.1708E-11
CALSDV   59   10  0.1767E-11  0.1767E-11
CALSDV   60   10  0.1833E-11  0.1834E-11
CALSDV   11   11  0.6046E-11  0.6090E-11
CALSDV   12   11  0.5727E-11  0.5683E-11
CALSDV   13   11  0.3896E-11  0.3908E-11
CALSDV   14   11  0.2926E-11  0.2900E-11
CALSDV   15   11  0.2889E-11  0.2890E-11
CALSDV   16   11  0.2005E-11  0.1992E-11
CALSDV   17   11  0.2060E-11  0.2056E-11
CALSDV   18   11  0.1639E-11  0.1632E-11
CALSDV   19   11  0.1535E-11  0.1528E-11
CALSDV   20   11  0.1434E-11  0.1431E-11
CALSDV   21   11  0.1243E-11  0.1237E-11
CALSDV   22   11  0.1294E-11  0.1290E-11
CALSDV   23   11  0.1097E-11  0.1091E-11
CALSDV   24   11  0.1191E-11  0.1188E-11
CALSDV   25   11  0.1029E-11  0.1025E-11
CALSDV   26   11  0.1117E-11  0.1116E-11
CALSDV   27   11  0.1001E-11  0.9978E-12
CALSDV   28   11  0.1067E-11  0.1066E-11
CALSDV   29   11  0.9921E-12  0.9901E-12
CALSDV   30   11  0.1035E-11  0.1035E-11
CALSDV   31   11  0.9940E-12  0.9920E-12
CALSDV   32   11  0.1018E-11  0.1018E-11
CALSDV   33   11  0.1002E-11  0.1001E-11
CALSDV   34   11  0.1013E-11  0.1014E-11
CALSDV   35   11  0.1016E-11  0.1016E-11
CALSDV   36   11  0.1020E-11  0.1020E-11
CALSDV   37   11  0.1036E-11  0.1036E-11
CALSDV   38   11  0.1036E-11  0.1036E-11
CALSDV   39   11  0.1061E-11  0.1061E-11
CALSDV   40   11  0.1060E-11  0.1061E-11
CALSDV   41   11  0.1093E-11  0.1093E-11
CALSDV   42   11  0.1094E-11  0.1095E-11
CALSDV   43   11  0.1131E-11  0.1132E-11
CALSDV   44   11  0.1136E-11  0.1137E-11
CALSDV   45   11  0.1177E-11  0.1178E-11
CALSDV   46   11  0.1187E-11  0.1189E-11
CALSDV   47   11  0.1231E-11  0.1232E-11
CALSDV   48   11  0.1248E-11  0.1249E-11
CALSDV   49   11  0.1294E-11  0.1295E-11
CALSDV   50   11  0.1318E-11  0.1319E-11
CALSDV   51   11  0.1367E-11  0.1368E-11
CALSDV   52   11  0.1399E-11  0.1401E-11
CALSDV   53   11  0.1452E-11  0.1453E-11
CALSDV   54   11  0.1493E-11  0.1494E-11
CALSDV   55   11  0.1550E-11  0.1551E-11
CALSDV   56   11  0.1600E-11  0.1602E-11
CALSDV   57   11  0.1666E-11  0.1668E-11
CALSDV   58   11  0.1727E-11  0.1729E-11
CALSDV   59   11  0.1801E-11  0.1803E-11
CALSDV   60   11  0.1856E-11  0.1858E-11
CALSDV   12   12  0.5059E-11  0.5078E-11
CALSDV   13   12  0.5019E-11  0.4998E-11
CALSDV   14   12  0.3444E-11  0.3450E-11
CALSDV   15   12  0.2467E-11  0.2447E-11
CALSDV   16   12  0.2790E-11  0.2790E-11
CALSDV   17   12  0.1956E-11  0.1953E-11
CALSDV   18   12  0.2142E-11  0.2140E-11
CALSDV   19   12  0.1833E-11  0.1836E-11
CALSDV   20   12  0.1717E-11  0.1719E-11
CALSDV   21   12  0.1725E-11  0.1728E-11
CALSDV   22   12  0.1475E-11  0.1479E-11
CALSDV   23   12  0.1608E-11  0.1609E-11
CALSDV   24   12  0.1345E-11  0.1350E-11
CALSDV   25   12  0.1497E-11  0.1498E-11
CALSDV   26   12  0.1274E-11  0.1278E-11
CALSDV   27   12  0.1403E-11  0.1404E-11
CALSDV   28   12  0.1232E-11  0.1236E-11
CALSDV   29   12  0.1327E-11  0.1328E-11
CALSDV   30   12  0.1208E-11  0.1211E-11
CALSDV   31   12  0.1271E-11  0.1272E-11
CALSDV   32   12  0.1194E-11  0.1197E-11
CALSDV   33   12  0.1231E-11  0.1232E-11
CALSDV   34   12  0.1188E-11  0.1191E-11
CALSDV   35   12  0.1206E-11  0.1208E-11
CALSDV   36   12  0.1189E-11  0.1192E-11
CALSDV   37   12  0.1194E-11  0.1196E-11
CALSDV   38   12  0.1198E-11  0.1201E-11
CALSDV   39   12  0.1196E-11  0.1197E-11
CALSDV   40   12  0.1214E-11  0.1216E-11
CALSDV   41   12  0.1207E-11  0.1209E-11
CALSDV   42   12  0.1237E-11  0.1239E-11
CALSDV   43   12  0.1230E-11  0.1232E-11
CALSDV   44   12  0.1268E-11  0.1271E-11
CALSDV   45   12  0.1262E-11  0.1265E-11
CALSDV   46   12  0.1308E-11  0.1310E-11
CALSDV   47   12  0.1306E-11  0.1308E-11
CALSDV   48   12  0.1357E-11  0.1359E-11
CALSDV   49   12  0.1360E-11  0.1362E-11
CALSDV   50   12  0.1415E-11  0.1418E-11
CALSDV   51   12  0.1425E-11  0.1427E-11
CALSDV   52   12  0.1485E-11  0.1488E-11
CALSDV   53   12  0.1503E-11  0.1505E-11
CALSDV   54   12  0.1568E-11  0.1571E-11
CALSDV   55   12  0.1594E-11  0.1596E-11
CALSDV   56   12  0.1665E-11  0.1668E-11
CALSDV   57   12  0.1705E-11  0.1708E-11
CALSDV   58   12  0.1783E-11  0.1786E-11
CALSDV   59   12  0.1845E-11  0.1848E-11
CALSDV   60   12  0.1922E-11  0.1925E-11
CALSDV   13   13  0.4834E-11  0.4836E-11
CALSDV   14   13  0.4997E-11  0.4998E-11
CALSDV   15   13  0.3712E-11  0.3710E-11
CALSDV   16   13  0.2717E-11  0.2722E-11
CALSDV   17   13  0.2998E-11  0.2996E-11
CALSDV   18   13  0.2080E-11  0.2080E-11
CALSDV   19   13  0.2209E-11  0.2206E-11
CALSDV   20   13  0.1792E-11  0.1791E-11
CALSDV   21   13  0.1661E-11  0.1658E-11
CALSDV   22   13  0.1581E-11  0.1580E-11
CALSDV   23   13  0.1346E-11  0.1343E-11
CALSDV   24   13  0.1412E-11  0.1410E-11
CALSDV   25   13  0.1192E-11  0.1190E-11
CALSDV   26   13  0.1283E-11  0.1281E-11
CALSDV   27   13  0.1130E-11  0.1128E-11
CALSDV   28   13  0.1194E-11  0.1193E-11
CALSDV   29   13  0.1113E-11  0.1111E-11
CALSDV   30   13  0.1138E-11  0.1137E-11
CALSDV   31   13  0.1116E-11  0.1114E-11
CALSDV   32   13  0.1108E-11  0.1106E-11
CALSDV   33   13  0.1129E-11  0.1127E-11
CALSDV   34   13  0.1098E-11  0.1096E-11
CALSDV   35   13  0.1146E-11  0.1144E-11
CALSDV   36   13  0.1103E-11  0.1100E-11
CALSDV   37   13  0.1168E-11  0.1165E-11
CALSDV   38   13  0.1119E-11  0.1117E-11
CALSDV   39   13  0.1193E-11  0.1190E-11
CALSDV   40   13  0.1147E-11  0.1145E-11
CALSDV   41   13  0.1223E-11  0.1220E-11
CALSDV   42   13  0.1182E-11  0.1180E-11
CALSDV   43   13  0.1258E-11  0.1255E-11
CALSDV   44   13  0.1226E-11  0.1224E-11
CALSDV   45   13  0.1299E-11  0.1296E-11
CALSDV   46   13  0.1278E-11  0.1276E-11
CALSDV   47   13  0.1347E-11  0.1345E-11
CALSDV   48   13  0.1338E-11  0.1336E-11
CALSDV   49   13  0.1404E-11  0.1401E-11
CALSDV   50   13  0.1407E-11  0.1405E-11
CALSDV   51   13  0.1469E-11  0.1467E-11
CALSDV   52   13  0.1485E-11  0.1483E-11
CALSDV   53   13  0.1546E-11  0.1544E-11
CALSDV   54   13  0.1575E-11  0.1573E-11
CALSDV   55   13  0.1635E-11  0.1633E-11
CALSDV   56   13  0.1677E-11  0.1675E-11
CALSDV   57   13  0.1742E-11  0.1740E-11
CALSDV   58   13  0.1798E-11  0.1796E-11
CALSDV   59   13  0.1886E-11  0.1884E-11
CALSDV   60   13  0.1938E-11  0.1936E-11
CALSDV   14   14  0.4180E-11  0.4181E-11
CALSDV   15   14  0.5193E-11  0.5194E-11
CALSDV   16   14  0.3447E-11  0.3445E-11
CALSDV   17   14  0.2624E-11  0.2624E-11
CALSDV   18   14  0.2832E-11  0.2834E-11
CALSDV   19   14  0.2013E-11  0.2017E-11
CALSDV   20   14  0.2118E-11  0.2122E-11
CALSDV   21   14  0.1872E-11  0.1876E-11
CALSDV   22   14  0.1658E-11  0.1660E-11
CALSDV   23   14  0.1773E-11  0.1777E-11
CALSDV   24   14  0.1430E-11  0.1433E-11
CALSDV   25   14  0.1667E-11  0.1673E-11
CALSDV   26   14  0.1345E-11  0.1348E-11
CALSDV   27   14  0.1569E-11  0.1575E-11
CALSDV   28   14  0.1323E-11  0.1326E-11
CALSDV   29   14  0.1486E-11  0.1491E-11
CALSDV   30   14  0.1326E-11  0.1328E-11
CALSDV   31   14  0.1422E-11  0.1426E-11
CALSDV   32   14  0.1335E-11  0.1338E-11
CALSDV   33   14  0.1376E-11  0.1379E-11
CALSDV   34   14  0.1347E-11  0.1349E-11
CALSDV   35   14  0.1346E-11  0.1350E-11
CALSDV   36   14  0.1359E-11  0.1361E-11
CALSDV   37   14  0.1331E-11  0.1334E-11
CALSDV   38   14  0.1372E-11  0.1375E-11
CALSDV   39   14  0.1328E-11  0.1331E-11
CALSDV   40   14  0.1388E-11  0.1391E-11
CALSDV   41   14  0.1337E-11  0.1340E-11
CALSDV   42   14  0.1409E-11  0.1412E-11
CALSDV   43   14  0.1356E-11  0.1358E-11
CALSDV   44   14  0.1435E-11  0.1438E-11
CALSDV   45   14  0.1385E-11  0.1387E-11
CALSDV   46   14  0.1467E-11  0.1470E-11
CALSDV   47   14  0.1423E-11  0.1426E-11
CALSDV   48   14  0.1507E-11  0.1510E-11
CALSDV   49   14  0.1471E-11  0.1474E-11
CALSDV   50   14  0.1555E-11  0.1558E-11
CALSDV   51   14  0.1529E-11  0.1532E-11
CALSDV   52   14  0.1613E-11  0.1616E-11
CALSDV   53   14  0.1600E-11  0.1602E-11
CALSDV   54   14  0.1684E-11  0.1686E-11
CALSDV   55   14  0.1682E-11  0.1684E-11
CALSDV   56   14  0.1767E-11  0.1770E-11
CALSDV   57   14  0.1782E-11  0.1785E-11
CALSDV   58   14  0.1872E-11  0.1874E-11
CALSDV   59   14  0.1928E-11  0.1930E-11
CALSDV   60   14  0.2015E-11  0.2018E-11
CALSDV   15   15  0.4904E-11  0.4858E-11
CALSDV   16   15  0.5124E-11  0.5148E-11
CALSDV   17   15  0.3578E-11  0.3611E-11
CALSDV   18   15  0.2698E-11  0.2724E-11
CALSDV   19   15  0.3098E-11  0.3138E-11
CALSDV   20   15  0.2047E-11  0.2066E-11
CALSDV   21   15  0.2425E-11  0.2452E-11
CALSDV   22   15  0.1825E-11  0.1846E-11
CALSDV   23   15  0.1928E-11  0.1945E-11
CALSDV   24   15  0.1670E-11  0.1689E-11
CALSDV   25   15  0.1628E-11  0.1639E-11
CALSDV   26   15  0.1537E-11  0.1549E-11
CALSDV   27   15  0.1470E-11  0.1480E-11
CALSDV   28   15  0.1430E-11  0.1436E-11
CALSDV   29   15  0.1395E-11  0.1402E-11
CALSDV   30   15  0.1351E-11  0.1355E-11
CALSDV   31   15  0.1364E-11  0.1372E-11
CALSDV   32   15  0.1299E-11  0.1303E-11
CALSDV   33   15  0.1354E-11  0.1362E-11
CALSDV   34   15  0.1272E-11  0.1276E-11
CALSDV   35   15  0.1356E-11  0.1364E-11
CALSDV   36   15  0.1264E-11  0.1270E-11
CALSDV   37   15  0.1365E-11  0.1373E-11
CALSDV   38   15  0.1271E-11  0.1280E-11
CALSDV   39   15  0.1378E-11  0.1388E-11
CALSDV   40   15  0.1290E-11  0.1301E-11
CALSDV   41   15  0.1397E-11  0.1408E-11
CALSDV   42   15  0.1319E-11  0.1332E-11
CALSDV   43   15  0.1422E-11  0.1434E-11
CALSDV   44   15  0.1357E-11  0.1372E-11
CALSDV   45   15  0.1452E-11  0.1466E-11
CALSDV   46   15  0.1403E-11  0.1419E-11
CALSDV   47   15  0.1489E-11  0.1504E-11
CALSDV   48   15  0.1458E-11  0.1474E-11
CALSDV   49   15  0.1534E-11  0.1551E-11
CALSDV   50   15  0.1519E-11  0.1538E-11
CALSDV   51   15  0.1587E-11  0.1606E-11
CALSDV   52   15  0.1590E-11  0.1609E-11
CALSDV   53   15  0.1651E-11  0.1671E-11
CALSDV   54   15  0.1670E-11  0.1691E-11
CALSDV   55   15  0.1726E-11  0.1747E-11
CALSDV   56   15  0.1762E-11  0.1784E-11
CALSDV   57   15  0.1819E-11  0.1841E-11
CALSDV   58   15  0.1872E-11  0.1895E-11
CALSDV   59   15  0.1962E-11  0.1986E-11
CALSDV   60   15  0.2014E-11  0.2038E-11
CALSDV   16   16  0.3693E-11  0.3695E-11
CALSDV   17   16  0.4931E-11  0.4947E-11
CALSDV   18   16  0.3507E-11  0.3526E-11
CALSDV   19   16  0.2596E-11  0.2597E-11
CALSDV   20   16  0.3006E-11  0.3017E-11
CALSDV   21   16  0.2098E-11  0.2098E-11
CALSDV   22   16  0.2263E-11  0.2269E-11
CALSDV   23   16  0.1970E-11  0.1974E-11
CALSDV   24   16  0.1755E-11  0.1757E-11
CALSDV   25   16  0.1856E-11  0.1858E-11
CALSDV   26   16  0.1508E-11  0.1510E-11
CALSDV   27   16  0.1735E-11  0.1738E-11
CALSDV   28   16  0.1434E-11  0.1437E-11
CALSDV   29   16  0.1630E-11  0.1632E-11
CALSDV   30   16  0.1437E-11  0.1441E-11
CALSDV   31   16  0.1549E-11  0.1551E-11
CALSDV   32   16  0.1466E-11  0.1471E-11
CALSDV   33   16  0.1493E-11  0.1495E-11
CALSDV   34   16  0.1497E-11  0.1503E-11
CALSDV   35   16  0.1460E-11  0.1463E-11
CALSDV   36   16  0.1525E-11  0.1531E-11
CALSDV   37   16  0.1446E-11  0.1449E-11
CALSDV   38   16  0.1549E-11  0.1555E-11
CALSDV   39   16  0.1447E-11  0.1450E-11
CALSDV   40   16  0.1571E-11  0.1577E-11
CALSDV   41   16  0.1459E-11  0.1462E-11
CALSDV   42   16  0.1593E-11  0.1598E-11
CALSDV   43   16  0.1481E-11  0.1485E-11
CALSDV   44   16  0.1616E-11  0.1622E-11
CALSDV   45   16  0.1511E-11  0.1515E-11
CALSDV   46   16  0.1643E-11  0.1649E-11
CALSDV   47   16  0.1549E-11  0.1554E-11
CALSDV   48   16  0.1674E-11  0.1680E-11
CALSDV   49   16  0.1594E-11  0.1599E-11
CALSDV   50   16  0.1712E-11  0.1719E-11
CALSDV   51   16  0.1648E-11  0.1653E-11
CALSDV   52   16  0.1758E-11  0.1764E-11
CALSDV   53   16  0.1710E-11  0.1716E-11
CALSDV   54   16  0.1814E-11  0.1820E-11
CALSDV   55   16  0.1782E-11  0.1788E-11
CALSDV   56   16  0.1881E-11  0.1888E-11
CALSDV   57   16  0.1870E-11  0.1877E-11
CALSDV   58   16  0.1968E-11  0.1975E-11
CALSDV   59   16  0.2013E-11  0.2020E-11
CALSDV   60   16  0.2107E-11  0.2114E-11
CALSDV   17   17  0.3503E-11  0.3480E-11
CALSDV   18   17  0.4299E-11  0.4309E-11
CALSDV   19   17  0.3411E-11  0.3417E-11
CALSDV   20   17  0.2379E-11  0.2391E-11
CALSDV   21   17  0.2998E-11  0.2998E-11
CALSDV   22   17  0.2193E-11  0.2200E-11
CALSDV   23   17  0.2309E-11  0.2307E-11
CALSDV   24   17  0.2093E-11  0.2093E-11
CALSDV   25   17  0.1804E-11  0.1804E-11
CALSDV   26   17  0.1908E-11  0.1904E-11
CALSDV   27   17  0.1523E-11  0.1523E-11
CALSDV   28   17  0.1705E-11  0.1700E-11
CALSDV   29   17  0.1402E-11  0.1403E-11
CALSDV   30   17  0.1532E-11  0.1528E-11
CALSDV   31   17  0.1367E-11  0.1368E-11
CALSDV   32   17  0.1410E-11  0.1405E-11
CALSDV   33   17  0.1372E-11  0.1373E-11
CALSDV   34   17  0.1338E-11  0.1335E-11
CALSDV   35   17  0.1392E-11  0.1393E-11
CALSDV   36   17  0.1312E-11  0.1309E-11
CALSDV   37   17  0.1419E-11  0.1420E-11
CALSDV   38   17  0.1317E-11  0.1316E-11
CALSDV   39   17  0.1449E-11  0.1449E-11
CALSDV   40   17  0.1346E-11  0.1345E-11
CALSDV   41   17  0.1480E-11  0.1481E-11
CALSDV   42   17  0.1388E-11  0.1389E-11
CALSDV   43   17  0.1515E-11  0.1516E-11
CALSDV   44   17  0.1441E-11  0.1442E-11
CALSDV   45   17  0.1552E-11  0.1555E-11
CALSDV   46   17  0.1499E-11  0.1502E-11
CALSDV   47   17  0.1595E-11  0.1597E-11
CALSDV   48   17  0.1565E-11  0.1565E-11
CALSDV   49   17  0.1642E-11  0.1645E-11
CALSDV   50   17  0.1632E-11  0.1635E-11
CALSDV   51   17  0.1695E-11  0.1699E-11
CALSDV   52   17  0.1705E-11  0.1709E-11
CALSDV   53   17  0.1757E-11  0.1761E-11
CALSDV   54   17  0.1785E-11  0.1788E-11
CALSDV   55   17  0.1826E-11  0.1830E-11
CALSDV   56   17  0.1871E-11  0.1875E-11
CALSDV   57   17  0.1910E-11  0.1914E-11
CALSDV   58   17  0.1972E-11  0.1976E-11
CALSDV   59   17  0.2050E-11  0.2054E-11
CALSDV   60   17  0.2113E-11  0.2118E-11
CALSDV   18   18  0.3973E-11  0.3962E-11
CALSDV   19   18  0.4379E-11  0.4386E-11
CALSDV   20   18  0.3683E-11  0.3696E-11
CALSDV   21   18  0.2275E-11  0.2285E-11
CALSDV   22   18  0.3149E-11  0.3156E-11
CALSDV   23   18  0.2070E-11  0.2081E-11
CALSDV   24   18  0.2345E-11  0.2349E-11
CALSDV   25   18  0.2043E-11  0.2050E-11
CALSDV   26   18  0.1802E-11  0.1804E-11
CALSDV   27   18  0.1935E-11  0.1940E-11
CALSDV   28   18  0.1567E-11  0.1572E-11
CALSDV   29   18  0.1800E-11  0.1803E-11
CALSDV   30   18  0.1536E-11  0.1541E-11
CALSDV   31   18  0.1684E-11  0.1685E-11
CALSDV   32   18  0.1584E-11  0.1591E-11
CALSDV   33   18  0.1604E-11  0.1605E-11
CALSDV   34   18  0.1648E-11  0.1656E-11
CALSDV   35   18  0.1561E-11  0.1562E-11
CALSDV   36   18  0.1705E-11  0.1711E-11
CALSDV   37   18  0.1547E-11  0.1549E-11
CALSDV   38   18  0.1749E-11  0.1755E-11
CALSDV   39   18  0.1555E-11  0.1557E-11
CALSDV   40   18  0.1782E-11  0.1788E-11
CALSDV   41   18  0.1578E-11  0.1581E-11
CALSDV   42   18  0.1807E-11  0.1813E-11
CALSDV   43   18  0.1609E-11  0.1613E-11
CALSDV   44   18  0.1829E-11  0.1835E-11
CALSDV   45   18  0.1647E-11  0.1651E-11
CALSDV   46   18  0.1849E-11  0.1855E-11
CALSDV   47   18  0.1690E-11  0.1693E-11
CALSDV   48   18  0.1871E-11  0.1877E-11
CALSDV   49   18  0.1736E-11  0.1740E-11
CALSDV   50   18  0.1897E-11  0.1903E-11
CALSDV   51   18  0.1786E-11  0.1790E-11
CALSDV   52   18  0.1928E-11  0.1933E-11
CALSDV   53   18  0.1841E-11  0.1846E-11
CALSDV   54   18  0.1966E-11  0.1972E-11
CALSDV   55   18  0.1901E-11  0.1906E-11
CALSDV   56   18  0.2014E-11  0.2020E-11
CALSDV   57   18  0.1974E-11  0.1980E-11
CALSDV   58   18  0.2079E-11  0.2086E-11
CALSDV   59   18  0.2108E-11  0.2115E-11
CALSDV   60   18  0.2204E-11  0.2212E-11
CALSDV   19   19  0.3345E-11  0.3338E-11
CALSDV   20   19  0.4149E-11  0.4158E-11
CALSDV   21   19  0.3428E-11  0.3431E-11
CALSDV   22   19  0.2304E-11  0.2320E-11
CALSDV   23   19  0.3006E-11  0.3009E-11
CALSDV   24   19  0.2334E-11  0.2348E-11
CALSDV   25   19  0.2337E-11  0.2339E-11
CALSDV   26   19  0.2332E-11  0.2345E-11
CALSDV   27   19  0.1868E-11  0.1868E-11
CALSDV   28   19  0.2171E-11  0.2187E-11
CALSDV   29   19  0.1620E-11  0.1621E-11
CALSDV   30   19  0.1961E-11  0.1977E-11
CALSDV   31   19  0.1521E-11  0.1521E-11
CALSDV   32   19  0.1771E-11  0.1787E-11
CALSDV   33   19  0.1495E-11  0.1496E-11
CALSDV   34   19  0.1632E-11  0.1646E-11
CALSDV   35   19  0.1502E-11  0.1505E-11
CALSDV   36   19  0.1550E-11  0.1563E-11
CALSDV   37   19  0.1523E-11  0.1527E-11
CALSDV   38   19  0.1519E-11  0.1529E-11
CALSDV   39   19  0.1551E-11  0.1555E-11
CALSDV   40   19  0.1525E-11  0.1534E-11
CALSDV   41   19  0.1584E-11  0.1588E-11
CALSDV   42   19  0.1557E-11  0.1565E-11
CALSDV   43   19  0.1621E-11  0.1624E-11
CALSDV   44   19  0.1604E-11  0.1610E-11
CALSDV   45   19  0.1662E-11  0.1664E-11
CALSDV   46   19  0.1662E-11  0.1666E-11
CALSDV   47   19  0.1707E-11  0.1709E-11
CALSDV   48   19  0.1723E-11  0.1727E-11
CALSDV   49   19  0.1756E-11  0.1758E-11
CALSDV   50   19  0.1789E-11  0.1791E-11
CALSDV   51   19  0.1809E-11  0.1811E-11
CALSDV   52   19  0.1856E-11  0.1858E-11
CALSDV   53   19  0.1868E-11  0.1870E-11
CALSDV   54   19  0.1926E-11  0.1928E-11
CALSDV   55   19  0.1930E-11  0.1932E-11
CALSDV   56   19  0.1999E-11  0.2002E-11
CALSDV   57   19  0.2004E-11  0.2005E-11
CALSDV   58   19  0.2083E-11  0.2085E-11
CALSDV   59   19  0.2135E-11  0.2137E-11
CALSDV   60   19  0.2215E-11  0.2217E-11
CALSDV   20   20  0.3810E-11  0.3814E-11
CALSDV   21   20  0.4252E-11  0.4245E-11
CALSDV   22   20  0.3794E-11  0.3807E-11
CALSDV   23   20  0.2241E-11  0.2246E-11
CALSDV   24   20  0.3285E-11  0.3298E-11
CALSDV   25   20  0.2180E-11  0.2189E-11
CALSDV   26   20  0.2465E-11  0.2474E-11
CALSDV   27   20  0.2181E-11  0.2187E-11
CALSDV   28   20  0.1899E-11  0.1906E-11
CALSDV   29   20  0.2050E-11  0.2053E-11
CALSDV   30   20  0.1657E-11  0.1662E-11
CALSDV   31   20  0.1884E-11  0.1887E-11
CALSDV   32   20  0.1631E-11  0.1638E-11
CALSDV   33   20  0.1748E-11  0.1750E-11
CALSDV   34   20  0.1693E-11  0.1700E-11
CALSDV   35   20  0.1666E-11  0.1668E-11
CALSDV   36   20  0.1772E-11  0.1778E-11
CALSDV   37   20  0.1636E-11  0.1639E-11
CALSDV   38   20  0.1841E-11  0.1848E-11
CALSDV   39   20  0.1646E-11  0.1649E-11
CALSDV   40   20  0.1896E-11  0.1903E-11
CALSDV   41   20  0.1679E-11  0.1683E-11
CALSDV   42   20  0.1938E-11  0.1945E-11
CALSDV   43   20  0.1725E-11  0.1731E-11
CALSDV   44   20  0.1971E-11  0.1978E-11
CALSDV   45   20  0.1777E-11  0.1783E-11
CALSDV   46   20  0.1998E-11  0.2005E-11
CALSDV   47   20  0.1830E-11  0.1836E-11
CALSDV   48   20  0.2023E-11  0.2029E-11
CALSDV   49   20  0.1882E-11  0.1889E-11
CALSDV   50   20  0.2047E-11  0.2054E-11
CALSDV   51   20  0.1933E-11  0.1940E-11
CALSDV   52   20  0.2073E-11  0.2080E-11
CALSDV   53   20  0.1983E-11  0.1990E-11
CALSDV   54   20  0.2104E-11  0.2111E-11
CALSDV   55   20  0.2032E-11  0.2040E-11
CALSDV   56   20  0.2139E-11  0.2146E-11
CALSDV   57   20  0.2088E-11  0.2095E-11
CALSDV   58   20  0.2187E-11  0.2194E-11
CALSDV   59   20  0.2207E-11  0.2215E-11
CALSDV   60   20  0.2296E-11  0.2304E-11
CALSDV   21   21  0.3414E-11  0.3420E-11
CALSDV   22   21  0.4125E-11  0.4128E-11
CALSDV   23   21  0.3463E-11  0.3471E-11
CALSDV   24   21  0.2231E-11  0.2231E-11
CALSDV   25   21  0.3010E-11  0.3019E-11
CALSDV   26   21  0.2428E-11  0.2422E-11
CALSDV   27   21  0.2367E-11  0.2372E-11
CALSDV   28   21  0.2522E-11  0.2516E-11
CALSDV   29   21  0.1957E-11  0.1957E-11
CALSDV   30   21  0.2402E-11  0.2392E-11
CALSDV   31   21  0.1765E-11  0.1765E-11
CALSDV   32   21  0.2202E-11  0.2191E-11
CALSDV   33   21  0.1699E-11  0.1700E-11
CALSDV   34   21  0.2011E-11  0.1999E-11
CALSDV   35   21  0.1686E-11  0.1688E-11
CALSDV   36   21  0.1868E-11  0.1859E-11
CALSDV   37   21  0.1693E-11  0.1697E-11
CALSDV   38   21  0.1785E-11  0.1778E-11
CALSDV   39   21  0.1711E-11  0.1715E-11
CALSDV   40   21  0.1756E-11  0.1749E-11
CALSDV   41   21  0.1734E-11  0.1740E-11
CALSDV   42   21  0.1764E-11  0.1760E-11
CALSDV   43   21  0.1765E-11  0.1770E-11
CALSDV   44   21  0.1799E-11  0.1797E-11
CALSDV   45   21  0.1801E-11  0.1806E-11
CALSDV   46   21  0.1848E-11  0.1847E-11
CALSDV   47   21  0.1843E-11  0.1848E-11
CALSDV   48   21  0.1905E-11  0.1904E-11
CALSDV   49   21  0.1890E-11  0.1894E-11
CALSDV   50   21  0.1964E-11  0.1964E-11
CALSDV   51   21  0.1941E-11  0.1944E-11
CALSDV   52   21  0.2023E-11  0.2025E-11
CALSDV   53   21  0.1994E-11  0.1998E-11
CALSDV   54   21  0.2083E-11  0.2085E-11
CALSDV   55   21  0.2049E-11  0.2052E-11
CALSDV   56   21  0.2141E-11  0.2143E-11
CALSDV   57   21  0.2109E-11  0.2112E-11
CALSDV   58   21  0.2204E-11  0.2206E-11
CALSDV   59   21  0.2227E-11  0.2229E-11
CALSDV   60   21  0.2318E-11  0.2321E-11
CALSDV   22   22  0.3484E-11  0.3490E-11
CALSDV   23   22  0.4208E-11  0.4216E-11
CALSDV   24   22  0.3838E-11  0.3844E-11
CALSDV   25   22  0.2240E-11  0.2245E-11
CALSDV   26   22  0.3358E-11  0.3365E-11
CALSDV   27   22  0.2315E-11  0.2314E-11
CALSDV   28   22  0.2548E-11  0.2555E-11
CALSDV   29   22  0.2337E-11  0.2338E-11
CALSDV   30   22  0.1996E-11  0.2002E-11
CALSDV   31   22  0.2177E-11  0.2177E-11
CALSDV   32   22  0.1765E-11  0.1769E-11
CALSDV   33   22  0.1973E-11  0.1971E-11
CALSDV   34   22  0.1745E-11  0.1749E-11
CALSDV   35   22  0.1812E-11  0.1810E-11
CALSDV   36   22  0.1809E-11  0.1812E-11
CALSDV   37   22  0.1727E-11  0.1724E-11
CALSDV   38   22  0.1890E-11  0.1892E-11
CALSDV   39   22  0.1714E-11  0.1711E-11
CALSDV   40   22  0.1963E-11  0.1964E-11
CALSDV   41   22  0.1750E-11  0.1746E-11
CALSDV   42   22  0.2023E-11  0.2023E-11
CALSDV   43   22  0.1812E-11  0.1811E-11
CALSDV   44   22  0.2073E-11  0.2072E-11
CALSDV   45   22  0.1885E-11  0.1884E-11
CALSDV   46   22  0.2113E-11  0.2112E-11
CALSDV   47   22  0.1958E-11  0.1957E-11
CALSDV   48   22  0.2148E-11  0.2147E-11
CALSDV   49   22  0.2024E-11  0.2024E-11
CALSDV   50   22  0.2180E-11  0.2178E-11
CALSDV   51   22  0.2083E-11  0.2083E-11
CALSDV   52   22  0.2208E-11  0.2208E-11
CALSDV   53   22  0.2133E-11  0.2134E-11
CALSDV   54   22  0.2237E-11  0.2237E-11
CALSDV   55   22  0.2174E-11  0.2175E-11
CALSDV   56   22  0.2265E-11  0.2266E-11
CALSDV   57   22  0.2214E-11  0.2215E-11
CALSDV   58   22  0.2299E-11  0.2300E-11
CALSDV   59   22  0.2312E-11  0.2313E-11
CALSDV   60   22  0.2389E-11  0.2393E-11
CALSDV   23   23  0.3391E-11  0.3395E-11
CALSDV   24   23  0.4196E-11  0.4192E-11
CALSDV   25   23  0.3500E-11  0.3517E-11
CALSDV   26   23  0.2202E-11  0.2192E-11
CALSDV   27   23  0.3009E-11  0.3028E-11
CALSDV   28   23  0.2488E-11  0.2483E-11
CALSDV   29   23  0.2376E-11  0.2391E-11
CALSDV   30   23  0.2635E-11  0.2639E-11
CALSDV   31   23  0.2028E-11  0.2034E-11
CALSDV   32   23  0.2530E-11  0.2535E-11
CALSDV   33   23  0.1905E-11  0.1902E-11
CALSDV   34   23  0.2334E-11  0.2334E-11
CALSDV   35   23  0.1884E-11  0.1876E-11
CALSDV   36   23  0.2149E-11  0.2141E-11
CALSDV   37   23  0.1890E-11  0.1882E-11
CALSDV   38   23  0.2018E-11  0.2005E-11
CALSDV   39   23  0.1903E-11  0.1895E-11
CALSDV   40   23  0.1951E-11  0.1936E-11
CALSDV   41   23  0.1918E-11  0.1913E-11
CALSDV   42   23  0.1940E-11  0.1924E-11
CALSDV   43   23  0.1939E-11  0.1936E-11
CALSDV   44   23  0.1967E-11  0.1953E-11
CALSDV   45   23  0.1966E-11  0.1966E-11
CALSDV   46   23  0.2016E-11  0.2004E-11
CALSDV   47   23  0.2001E-11  0.2004E-11
CALSDV   48   23  0.2073E-11  0.2066E-11
CALSDV   49   23  0.2041E-11  0.2047E-11
CALSDV   50   23  0.2133E-11  0.2129E-11
CALSDV   51   23  0.2086E-11  0.2094E-11
CALSDV   52   23  0.2190E-11  0.2190E-11
CALSDV   53   23  0.2134E-11  0.2143E-11
CALSDV   54   23  0.2243E-11  0.2245E-11
CALSDV   55   23  0.2178E-11  0.2188E-11
CALSDV   56   23  0.2287E-11  0.2293E-11
CALSDV   57   23  0.2221E-11  0.2235E-11
CALSDV   58   23  0.2329E-11  0.2340E-11
CALSDV   59   23  0.2321E-11  0.2333E-11
CALSDV   60   23  0.2428E-11  0.2425E-11
CALSDV   24   24  0.3386E-11  0.3404E-11
CALSDV   25   24  0.4268E-11  0.4268E-11
CALSDV   26   24  0.3899E-11  0.3904E-11
CALSDV   27   24  0.2292E-11  0.2303E-11
CALSDV   28   24  0.3408E-11  0.3416E-11
CALSDV   29   24  0.2475E-11  0.2482E-11
CALSDV   30   24  0.2614E-11  0.2626E-11
CALSDV   31   24  0.2518E-11  0.2522E-11
CALSDV   32   24  0.2102E-11  0.2112E-11
CALSDV   33   24  0.2329E-11  0.2332E-11
CALSDV   34   24  0.1901E-11  0.1909E-11
CALSDV   35   24  0.2087E-11  0.2087E-11
CALSDV   36   24  0.1891E-11  0.1894E-11
CALSDV   37   24  0.1900E-11  0.1900E-11
CALSDV   38   24  0.1948E-11  0.1951E-11
CALSDV   39   24  0.1812E-11  0.1813E-11
CALSDV   40   24  0.2021E-11  0.2023E-11
CALSDV   41   24  0.1817E-11  0.1817E-11
CALSDV   42   24  0.2088E-11  0.2091E-11
CALSDV   43   24  0.1880E-11  0.1882E-11
CALSDV   44   24  0.2147E-11  0.2151E-11
CALSDV   45   24  0.1971E-11  0.1974E-11
CALSDV   46   24  0.2200E-11  0.2205E-11
CALSDV   47   24  0.2066E-11  0.2070E-11
CALSDV   48   24  0.2247E-11  0.2252E-11
CALSDV   49   24  0.2153E-11  0.2158E-11
CALSDV   50   24  0.2289E-11  0.2294E-11
CALSDV   51   24  0.2226E-11  0.2230E-11
CALSDV   52   24  0.2327E-11  0.2332E-11
CALSDV   53   24  0.2282E-11  0.2286E-11
CALSDV   54   24  0.2360E-11  0.2365E-11
CALSDV   55   24  0.2318E-11  0.2323E-11
CALSDV   56   24  0.2387E-11  0.2391E-11
CALSDV   57   24  0.2342E-11  0.2347E-11
CALSDV   58   24  0.2411E-11  0.2416E-11
CALSDV   59   24  0.2416E-11  0.2422E-11
CALSDV   60   24  0.2483E-11  0.2488E-11
CALSDV   25   25  0.3356E-11  0.3357E-11
CALSDV   26   25  0.4347E-11  0.4352E-11
CALSDV   27   25  0.3654E-11  0.3652E-11
CALSDV   28   25  0.2264E-11  0.2261E-11
CALSDV   29   25  0.3100E-11  0.3106E-11
CALSDV   30   25  0.2589E-11  0.2585E-11
CALSDV   31   25  0.2434E-11  0.2437E-11
CALSDV   32   25  0.2759E-11  0.2757E-11
CALSDV   33   25  0.2121E-11  0.2121E-11
CALSDV   34   25  0.2656E-11  0.2659E-11
CALSDV   35   25  0.2061E-11  0.2064E-11
CALSDV   36   25  0.2462E-11  0.2470E-11
CALSDV   37   25  0.2094E-11  0.2100E-11
CALSDV   38   25  0.2289E-11  0.2302E-11
CALSDV   39   25  0.2133E-11  0.2143E-11
CALSDV   40   25  0.2185E-11  0.2200E-11
CALSDV   41   25  0.2164E-11  0.2176E-11
CALSDV   42   25  0.2152E-11  0.2168E-11
CALSDV   43   25  0.2187E-11  0.2200E-11
CALSDV   44   25  0.2173E-11  0.2188E-11
CALSDV   45   25  0.2209E-11  0.2223E-11
CALSDV   46   25  0.2223E-11  0.2237E-11
CALSDV   47   25  0.2234E-11  0.2247E-11
CALSDV   48   25  0.2287E-11  0.2298E-11
CALSDV   49   25  0.2263E-11  0.2274E-11
CALSDV   50   25  0.2349E-11  0.2358E-11
CALSDV   51   25  0.2295E-11  0.2303E-11
CALSDV   52   25  0.2404E-11  0.2409E-11
CALSDV   53   25  0.2327E-11  0.2332E-11
CALSDV   54   25  0.2448E-11  0.2450E-11
CALSDV   55   25  0.2354E-11  0.2355E-11
CALSDV   56   25  0.2475E-11  0.2476E-11
CALSDV   57   25  0.2373E-11  0.2374E-11
CALSDV   58   25  0.2491E-11  0.2490E-11
CALSDV   59   25  0.2442E-11  0.2441E-11
CALSDV   60   25  0.2550E-11  0.2549E-11
CALSDV   26   26  0.3426E-11  0.3412E-11
CALSDV   27   26  0.4403E-11  0.4407E-11
CALSDV   28   26  0.3992E-11  0.4002E-11
CALSDV   29   26  0.2426E-11  0.2416E-11
CALSDV   30   26  0.3470E-11  0.3471E-11
CALSDV   31   26  0.2688E-11  0.2682E-11
CALSDV   32   26  0.2697E-11  0.2695E-11
CALSDV   33   26  0.2736E-11  0.2731E-11
CALSDV   34   26  0.2237E-11  0.2235E-11
CALSDV   35   26  0.2515E-11  0.2510E-11
CALSDV   36   26  0.2075E-11  0.2075E-11
CALSDV   37   26  0.2234E-11  0.2232E-11
CALSDV   38   26  0.2069E-11  0.2069E-11
CALSDV   39   26  0.2026E-11  0.2026E-11
CALSDV   40   26  0.2115E-11  0.2116E-11
CALSDV   41   26  0.1940E-11  0.1942E-11
CALSDV   42   26  0.2173E-11  0.2173E-11
CALSDV   43   26  0.1965E-11  0.1967E-11
CALSDV   44   26  0.2231E-11  0.2232E-11
CALSDV   45   26  0.2056E-11  0.2057E-11
CALSDV   46   26  0.2287E-11  0.2289E-11
CALSDV   47   26  0.2169E-11  0.2171E-11
CALSDV   48   26  0.2344E-11  0.2345E-11
CALSDV   49   26  0.2279E-11  0.2281E-11
CALSDV   50   26  0.2397E-11  0.2398E-11
CALSDV   51   26  0.2371E-11  0.2372E-11
CALSDV   52   26  0.2445E-11  0.2447E-11
CALSDV   53   26  0.2437E-11  0.2438E-11
CALSDV   54   26  0.2487E-11  0.2488E-11
CALSDV   55   26  0.2472E-11  0.2473E-11
CALSDV   56   26  0.2515E-11  0.2516E-11
CALSDV   57   26  0.2482E-11  0.2482E-11
CALSDV   58   26  0.2532E-11  0.2532E-11
CALSDV   59   26  0.2528E-11  0.2529E-11
CALSDV   60   26  0.2583E-11  0.2585E-11
CALSDV   27   27  0.3262E-11  0.3278E-11
CALSDV   28   27  0.4529E-11  0.4520E-11
CALSDV   29   27  0.3912E-11  0.3907E-11
CALSDV   30   27  0.2396E-11  0.2393E-11
CALSDV   31   27  0.3293E-11  0.3292E-11
CALSDV   32   27  0.2732E-11  0.2735E-11
CALSDV   33   27  0.2546E-11  0.2545E-11
CALSDV   34   27  0.2879E-11  0.2882E-11
CALSDV   35   27  0.2227E-11  0.2226E-11
CALSDV   36   27  0.2741E-11  0.2744E-11
CALSDV   37   27  0.2218E-11  0.2221E-11
CALSDV   38   27  0.2526E-11  0.2528E-11
CALSDV   39   27  0.2306E-11  0.2314E-11
CALSDV   40   27  0.2357E-11  0.2361E-11
CALSDV   41   27  0.2389E-11  0.2402E-11
CALSDV   42   27  0.2281E-11  0.2286E-11
CALSDV   43   27  0.2446E-11  0.2462E-11
CALSDV   44   27  0.2291E-11  0.2295E-11
CALSDV   45   27  0.2482E-11  0.2502E-11
CALSDV   46   27  0.2352E-11  0.2357E-11
CALSDV   47   27  0.2509E-11  0.2529E-11
CALSDV   48   27  0.2435E-11  0.2439E-11
CALSDV   49   27  0.2529E-11  0.2548E-11
CALSDV   50   27  0.2516E-11  0.2521E-11
CALSDV   51   27  0.2545E-11  0.2561E-11
CALSDV   52   27  0.2584E-11  0.2588E-11
CALSDV   53   27  0.2555E-11  0.2568E-11
CALSDV   54   27  0.2630E-11  0.2633E-11
CALSDV   55   27  0.2554E-11  0.2563E-11
CALSDV   56   27  0.2649E-11  0.2651E-11
CALSDV   57   27  0.2541E-11  0.2547E-11
CALSDV   58   27  0.2644E-11  0.2646E-11
CALSDV   59   27  0.2567E-11  0.2572E-11
CALSDV   60   27  0.2669E-11  0.2670E-11
CALSDV   28   28  0.3428E-11  0.3423E-11
CALSDV   29   28  0.4552E-11  0.4555E-11
CALSDV   30   28  0.4115E-11  0.4118E-11
CALSDV   31   28  0.2543E-11  0.2540E-11
CALSDV   32   28  0.3540E-11  0.3537E-11
CALSDV   33   28  0.2889E-11  0.2889E-11
CALSDV   34   28  0.2778E-11  0.2778E-11
CALSDV   35   28  0.2942E-11  0.2946E-11
CALSDV   36   28  0.2375E-11  0.2379E-11
CALSDV   37   28  0.2691E-11  0.2697E-11
CALSDV   38   28  0.2255E-11  0.2262E-11
CALSDV   39   28  0.2382E-11  0.2388E-11
CALSDV   40   28  0.2260E-11  0.2266E-11
CALSDV   41   28  0.2164E-11  0.2171E-11
CALSDV   42   28  0.2294E-11  0.2301E-11
CALSDV   43   28  0.2092E-11  0.2099E-11
CALSDV   44   28  0.2337E-11  0.2344E-11
CALSDV   45   28  0.2144E-11  0.2150E-11
CALSDV   46   28  0.2386E-11  0.2392E-11
CALSDV   47   28  0.2261E-11  0.2266E-11
CALSDV   48   28  0.2442E-11  0.2447E-11
CALSDV   49   28  0.2391E-11  0.2395E-11
CALSDV   50   28  0.2501E-11  0.2506E-11
CALSDV   51   28  0.2505E-11  0.2510E-11
CALSDV   52   28  0.2560E-11  0.2564E-11
CALSDV   53   28  0.2587E-11  0.2591E-11
CALSDV   54   28  0.2611E-11  0.2615E-11
CALSDV   55   28  0.2627E-11  0.2630E-11
CALSDV   56   28  0.2644E-11  0.2648E-11
CALSDV   57   28  0.2625E-11  0.2628E-11
CALSDV   58   28  0.2655E-11  0.2659E-11
CALSDV   59   28  0.2641E-11  0.2645E-11
CALSDV   60   28  0.2685E-11  0.2689E-11
CALSDV   29   29  0.3170E-11  0.3176E-11
CALSDV   30   29  0.4745E-11  0.4751E-11
CALSDV   31   29  0.4234E-11  0.4215E-11
CALSDV   32   29  0.2620E-11  0.2627E-11
CALSDV   33   29  0.3560E-11  0.3542E-11
CALSDV   34   29  0.2968E-11  0.2967E-11
CALSDV   35   29  0.2730E-11  0.2719E-11
CALSDV   36   29  0.3079E-11  0.3067E-11
CALSDV   37   29  0.2368E-11  0.2368E-11
CALSDV   38   29  0.2898E-11  0.2887E-11
CALSDV   39   29  0.2361E-11  0.2361E-11
CALSDV   40   29  0.2669E-11  0.2655E-11
CALSDV   41   29  0.2469E-11  0.2466E-11
CALSDV   42   29  0.2523E-11  0.2508E-11
CALSDV   43   29  0.2569E-11  0.2569E-11
CALSDV   44   29  0.2493E-11  0.2481E-11
CALSDV   45   29  0.2643E-11  0.2643E-11
CALSDV   46   29  0.2552E-11  0.2543E-11
CALSDV   47   29  0.2690E-11  0.2692E-11
CALSDV   48   29  0.2654E-11  0.2642E-11
CALSDV   49   29  0.2726E-11  0.2723E-11
CALSDV   50   29  0.2754E-11  0.2744E-11
CALSDV   51   29  0.2747E-11  0.2743E-11
CALSDV   52   29  0.2834E-11  0.2824E-11
CALSDV   53   29  0.2755E-11  0.2751E-11
CALSDV   54   29  0.2879E-11  0.2870E-11
CALSDV   55   29  0.2742E-11  0.2738E-11
CALSDV   56   29  0.2880E-11  0.2872E-11
CALSDV   57   29  0.2704E-11  0.2702E-11
CALSDV   58   29  0.2840E-11  0.2835E-11
CALSDV   59   29  0.2693E-11  0.2692E-11
CALSDV   60   29  0.2815E-11  0.2812E-11
CALSDV   30   30  0.3743E-11  0.3715E-11
CALSDV   31   30  0.4903E-11  0.4882E-11
CALSDV   32   30  0.4343E-11  0.4334E-11
CALSDV   33   30  0.2767E-11  0.2751E-11
CALSDV   34   30  0.3679E-11  0.3670E-11
CALSDV   35   30  0.3104E-11  0.3090E-11
CALSDV   36   30  0.2932E-11  0.2924E-11
CALSDV   37   30  0.3153E-11  0.3148E-11
CALSDV   38   30  0.2617E-11  0.2605E-11
CALSDV   39   30  0.2902E-11  0.2898E-11
CALSDV   40   30  0.2566E-11  0.2556E-11
CALSDV   41   30  0.2604E-11  0.2602E-11
CALSDV   42   30  0.2595E-11  0.2585E-11
CALSDV   43   30  0.2417E-11  0.2415E-11
CALSDV   44   30  0.2626E-11  0.2617E-11
CALSDV   45   30  0.2383E-11  0.2380E-11
CALSDV   46   30  0.2653E-11  0.2644E-11
CALSDV   47   30  0.2462E-11  0.2456E-11
CALSDV   48   30  0.2683E-11  0.2675E-11
CALSDV   49   30  0.2586E-11  0.2581E-11
CALSDV   50   30  0.2720E-11  0.2713E-11
CALSDV   51   30  0.2704E-11  0.2700E-11
CALSDV   52   30  0.2762E-11  0.2757E-11
CALSDV   53   30  0.2791E-11  0.2785E-11
CALSDV   54   30  0.2802E-11  0.2796E-11
CALSDV   55   30  0.2824E-11  0.2819E-11
CALSDV   56   30  0.2823E-11  0.2817E-11
CALSDV   57   30  0.2802E-11  0.2797E-11
CALSDV   58   30  0.2815E-11  0.2809E-11
CALSDV   59   30  0.2778E-11  0.2769E-11
CALSDV   60   30  0.2811E-11  0.2803E-11
CALSDV   31   31  0.3471E-11  0.3426E-11
CALSDV   32   31  0.4992E-11  0.4980E-11
CALSDV   33   31  0.4458E-11  0.4467E-11
CALSDV   34   31  0.2915E-11  0.2911E-11
CALSDV   35   31  0.3838E-11  0.3844E-11
CALSDV   36   31  0.3271E-11  0.3280E-11
CALSDV   37   31  0.3025E-11  0.3022E-11
CALSDV   38   31  0.3316E-11  0.3324E-11
CALSDV   39   31  0.2632E-11  0.2628E-11
CALSDV   40   31  0.3070E-11  0.3078E-11
CALSDV   41   31  0.2551E-11  0.2553E-11
CALSDV   42   31  0.2807E-11  0.2815E-11
CALSDV   43   31  0.2588E-11  0.2596E-11
CALSDV   44   31  0.2675E-11  0.2680E-11
CALSDV   45   31  0.2647E-11  0.2659E-11
CALSDV   46   31  0.2694E-11  0.2696E-11
CALSDV   47   31  0.2705E-11  0.2716E-11
CALSDV   48   31  0.2803E-11  0.2802E-11
CALSDV   49   31  0.2758E-11  0.2768E-11
CALSDV   50   31  0.2936E-11  0.2932E-11
CALSDV   51   31  0.2806E-11  0.2815E-11
CALSDV   52   31  0.3046E-11  0.3040E-11
CALSDV   53   31  0.2842E-11  0.2849E-11
CALSDV   54   31  0.3108E-11  0.3101E-11
CALSDV   55   31  0.2853E-11  0.2857E-11
CALSDV   56   31  0.3108E-11  0.3100E-11
CALSDV   57   31  0.2827E-11  0.2828E-11
CALSDV   58   31  0.3043E-11  0.3036E-11
CALSDV   59   31  0.2797E-11  0.2799E-11
CALSDV   60   31  0.2964E-11  0.2963E-11
CALSDV   32   32  0.3415E-11  0.3383E-11
CALSDV   33   32  0.4902E-11  0.4889E-11
CALSDV   34   32  0.4476E-11  0.4457E-11
CALSDV   35   32  0.2850E-11  0.2844E-11
CALSDV   36   32  0.3758E-11  0.3751E-11
CALSDV   37   32  0.3333E-11  0.3335E-11
CALSDV   38   32  0.2987E-11  0.2988E-11
CALSDV   39   32  0.3370E-11  0.3378E-11
CALSDV   40   32  0.2693E-11  0.2695E-11
CALSDV   41   32  0.3051E-11  0.3068E-11
CALSDV   42   32  0.2662E-11  0.2664E-11
CALSDV   43   32  0.2700E-11  0.2718E-11
CALSDV   44   32  0.2697E-11  0.2697E-11
CALSDV   45   32  0.2499E-11  0.2517E-11
CALSDV   46   32  0.2727E-11  0.2730E-11
CALSDV   47   32  0.2487E-11  0.2506E-11
CALSDV   48   32  0.2761E-11  0.2761E-11
CALSDV   49   32  0.2606E-11  0.2615E-11
CALSDV   50   32  0.2805E-11  0.2804E-11
CALSDV   51   32  0.2756E-11  0.2768E-11
CALSDV   52   32  0.2861E-11  0.2860E-11
CALSDV   53   32  0.2884E-11  0.2892E-11
CALSDV   54   32  0.2918E-11  0.2916E-11
CALSDV   55   32  0.2951E-11  0.2955E-11
CALSDV   56   32  0.2952E-11  0.2951E-11
CALSDV   57   32  0.2938E-11  0.2943E-11
CALSDV   58   32  0.2947E-11  0.2949E-11
CALSDV   59   32  0.2891E-11  0.2893E-11
CALSDV   60   32  0.2923E-11  0.2921E-11
CALSDV   33   33  0.3410E-11  0.3366E-11
CALSDV   34   33  0.5017E-11  0.5004E-11
CALSDV   35   33  0.4818E-11  0.4794E-11
CALSDV   36   33  0.2870E-11  0.2855E-11
CALSDV   37   33  0.4010E-11  0.4002E-11
CALSDV   38   33  0.3370E-11  0.3355E-11
CALSDV   39   33  0.3040E-11  0.3036E-11
CALSDV   40   33  0.3419E-11  0.3408E-11
CALSDV   41   33  0.2680E-11  0.2675E-11
CALSDV   42   33  0.3123E-11  0.3114E-11
CALSDV   43   33  0.2752E-11  0.2748E-11
CALSDV   44   33  0.2814E-11  0.2805E-11
CALSDV   45   33  0.2938E-11  0.2936E-11
CALSDV   46   33  0.2673E-11  0.2663E-11
CALSDV   47   33  0.3094E-11  0.3096E-11
CALSDV   48   33  0.2716E-11  0.2706E-11
CALSDV   49   33  0.3195E-11  0.3199E-11
CALSDV   50   33  0.2862E-11  0.2853E-11
CALSDV   51   33  0.3244E-11  0.3247E-11
CALSDV   52   33  0.3024E-11  0.3018E-11
CALSDV   53   33  0.3249E-11  0.3251E-11
CALSDV   54   33  0.3145E-11  0.3141E-11
CALSDV   55   33  0.3203E-11  0.3205E-11
CALSDV   56   33  0.3194E-11  0.3190E-11
CALSDV   57   33  0.3104E-11  0.3105E-11
CALSDV   58   33  0.3155E-11  0.3154E-11
CALSDV   59   33  0.2989E-11  0.2986E-11
CALSDV   60   33  0.3070E-11  0.3066E-11
CALSDV   34   34  0.3370E-11  0.3369E-11
CALSDV   35   34  0.4999E-11  0.5002E-11
CALSDV   36   34  0.4667E-11  0.4672E-11
CALSDV   37   34  0.2965E-11  0.2971E-11
CALSDV   38   34  0.3880E-11  0.3886E-11
CALSDV   39   34  0.3562E-11  0.3564E-11
CALSDV   40   34  0.3101E-11  0.3103E-11
CALSDV   41   34  0.3598E-11  0.3602E-11
CALSDV   42   34  0.2839E-11  0.2834E-11
CALSDV   43   34  0.3261E-11  0.3270E-11
CALSDV   44   34  0.2823E-11  0.2819E-11
CALSDV   45   34  0.2914E-11  0.2926E-11
CALSDV   46   34  0.2851E-11  0.2851E-11
CALSDV   47   34  0.2748E-11  0.2762E-11
CALSDV   48   34  0.2876E-11  0.2877E-11
CALSDV   49   34  0.2778E-11  0.2792E-11
CALSDV   50   34  0.2912E-11  0.2913E-11
CALSDV   51   34  0.2912E-11  0.2922E-11
CALSDV   52   34  0.2967E-11  0.2970E-11
CALSDV   53   34  0.3052E-11  0.3060E-11
CALSDV   54   34  0.3034E-11  0.3037E-11
CALSDV   55   34  0.3131E-11  0.3136E-11
CALSDV   56   34  0.3085E-11  0.3087E-11
CALSDV   57   34  0.3117E-11  0.3118E-11
CALSDV   58   34  0.3087E-11  0.3089E-11
CALSDV   59   34  0.3031E-11  0.3032E-11
CALSDV   60   34  0.3043E-11  0.3043E-11
CALSDV   35   35  0.3366E-11  0.3387E-11
CALSDV   36   35  0.5184E-11  0.5179E-11
CALSDV   37   35  0.5151E-11  0.5149E-11
CALSDV   38   35  0.3047E-11  0.3043E-11
CALSDV   39   35  0.4275E-11  0.4275E-11
CALSDV   40   35  0.3604E-11  0.3601E-11
CALSDV   41   35  0.3233E-11  0.3233E-11
CALSDV   42   35  0.3613E-11  0.3608E-11
CALSDV   43   35  0.2852E-11  0.2854E-11
CALSDV   44   35  0.3275E-11  0.3266E-11
CALSDV   45   35  0.2934E-11  0.2936E-11
CALSDV   46   35  0.2973E-11  0.2964E-11
CALSDV   47   35  0.3134E-11  0.3135E-11
CALSDV   48   35  0.2890E-11  0.2882E-11
CALSDV   49   35  0.3300E-11  0.3299E-11
CALSDV   50   35  0.3000E-11  0.2992E-11
CALSDV   51   35  0.3401E-11  0.3400E-11
CALSDV   52   35  0.3185E-11  0.3178E-11
CALSDV   53   35  0.3437E-11  0.3435E-11
CALSDV   54   35  0.3342E-11  0.3336E-11
CALSDV   55   35  0.3405E-11  0.3403E-11
CALSDV   56   35  0.3412E-11  0.3406E-11
CALSDV   57   35  0.3297E-11  0.3293E-11
CALSDV   58   35  0.3366E-11  0.3362E-11
CALSDV   59   35  0.3136E-11  0.3134E-11
CALSDV   60   35  0.3231E-11  0.3229E-11
CALSDV   36   36  0.3566E-11  0.3575E-11
CALSDV   37   36  0.5160E-11  0.5153E-11
CALSDV   38   36  0.4928E-11  0.4935E-11
CALSDV   39   36  0.3136E-11  0.3139E-11
CALSDV   40   36  0.4053E-11  0.4057E-11
CALSDV   41   36  0.3820E-11  0.3818E-11
CALSDV   42   36  0.3259E-11  0.3258E-11
CALSDV   43   36  0.3860E-11  0.3853E-11
CALSDV   44   36  0.3039E-11  0.3035E-11
CALSDV   45   36  0.3532E-11  0.3521E-11
CALSDV   46   36  0.3059E-11  0.3054E-11
CALSDV   47   36  0.3232E-11  0.3217E-11
CALSDV   48   36  0.3100E-11  0.3100E-11
CALSDV   49   36  0.3128E-11  0.3110E-11
CALSDV   50   36  0.3133E-11  0.3135E-11
CALSDV   51   36  0.3193E-11  0.3175E-11
CALSDV   52   36  0.3175E-11  0.3175E-11
CALSDV   53   36  0.3310E-11  0.3295E-11
CALSDV   54   36  0.3230E-11  0.3230E-11
CALSDV   55   36  0.3380E-11  0.3370E-11
CALSDV   56   36  0.3273E-11  0.3274E-11
CALSDV   57   36  0.3343E-11  0.3335E-11
CALSDV   58   36  0.3267E-11  0.3265E-11
CALSDV   59   36  0.3204E-11  0.3198E-11
CALSDV   60   36  0.3188E-11  0.3184E-11
CALSDV   37   37  0.3336E-11  0.3337E-11
CALSDV   38   37  0.5359E-11  0.5362E-11
CALSDV   39   37  0.5469E-11  0.5483E-11
CALSDV   40   37  0.3265E-11  0.3268E-11
CALSDV   41   37  0.4500E-11  0.4518E-11
CALSDV   42   37  0.3864E-11  0.3865E-11
CALSDV   43   37  0.3404E-11  0.3413E-11
CALSDV   44   37  0.3802E-11  0.3805E-11
CALSDV   45   37  0.3025E-11  0.3039E-11
CALSDV   46   37  0.3397E-11  0.3405E-11
CALSDV   47   37  0.3122E-11  0.3136E-11
CALSDV   48   37  0.3093E-11  0.3103E-11
CALSDV   49   37  0.3326E-11  0.3340E-11
CALSDV   50   37  0.3065E-11  0.3077E-11
CALSDV   51   37  0.3489E-11  0.3502E-11
CALSDV   52   37  0.3236E-11  0.3244E-11
CALSDV   53   37  0.3575E-11  0.3588E-11
CALSDV   54   37  0.3443E-11  0.3449E-11
CALSDV   55   37  0.3575E-11  0.3586E-11
CALSDV   56   37  0.3564E-11  0.3571E-11
CALSDV   57   37  0.3475E-11  0.3483E-11
CALSDV   58   37  0.3544E-11  0.3549E-11
CALSDV   59   37  0.3281E-11  0.3288E-11
CALSDV   60   37  0.3383E-11  0.3386E-11
CALSDV   38   38  0.3708E-11  0.3682E-11
CALSDV   39   38  0.5348E-11  0.5330E-11
CALSDV   40   38  0.5216E-11  0.5214E-11
CALSDV   41   38  0.3332E-11  0.3347E-11
CALSDV   42   38  0.4241E-11  0.4242E-11
CALSDV   43   38  0.4070E-11  0.4096E-11
CALSDV   44   38  0.3416E-11  0.3427E-11
CALSDV   45   38  0.4107E-11  0.4127E-11
CALSDV   46   38  0.3233E-11  0.3252E-11
CALSDV   47   38  0.3811E-11  0.3822E-11
CALSDV   48   38  0.3292E-11  0.3302E-11
CALSDV   49   38  0.3582E-11  0.3593E-11
CALSDV   50   38  0.3360E-11  0.3361E-11
CALSDV   51   38  0.3544E-11  0.3555E-11
CALSDV   52   38  0.3407E-11  0.3402E-11
CALSDV   53   38  0.3619E-11  0.3629E-11
CALSDV   54   38  0.3452E-11  0.3445E-11
CALSDV   55   38  0.3672E-11  0.3678E-11
CALSDV   56   38  0.3484E-11  0.3479E-11
CALSDV   57   38  0.3606E-11  0.3614E-11
CALSDV   58   38  0.3460E-11  0.3462E-11
CALSDV   59   38  0.3396E-11  0.3404E-11
CALSDV   60   38  0.3345E-11  0.3342E-11
CALSDV   39   39  0.3436E-11  0.3446E-11
CALSDV   40   39  0.5546E-11  0.5552E-11
CALSDV   41   39  0.5817E-11  0.5810E-11
CALSDV   42   39  0.3533E-11  0.3527E-11
CALSDV   43   39  0.4729E-11  0.4728E-11
CALSDV   44   39  0.4152E-11  0.4142E-11
CALSDV   45   39  0.3571E-11  0.3571E-11
CALSDV   46   39  0.3999E-11  0.3995E-11
CALSDV   47   39  0.3225E-11  0.3224E-11
CALSDV   48   39  0.3532E-11  0.3529E-11
CALSDV   49   39  0.3360E-11  0.3366E-11
CALSDV   50   39  0.3244E-11  0.3248E-11
CALSDV   51   39  0.3580E-11  0.3586E-11
CALSDV   52   39  0.3284E-11  0.3293E-11
CALSDV   53   39  0.3730E-11  0.3737E-11
CALSDV   54   39  0.3499E-11  0.3508E-11
CALSDV   55   39  0.3771E-11  0.3776E-11
CALSDV   56   39  0.3684E-11  0.3691E-11
CALSDV   57   39  0.3684E-11  0.3683E-11
CALSDV   58   39  0.3715E-11  0.3715E-11
CALSDV   59   39  0.3454E-11  0.3452E-11
CALSDV   60   39  0.3542E-11  0.3540E-11
CALSDV   40   40  0.3841E-11  0.3859E-11
CALSDV   41   40  0.5601E-11  0.5598E-11
CALSDV   42   40  0.5636E-11  0.5637E-11
CALSDV   43   40  0.3615E-11  0.3612E-11
CALSDV   44   40  0.4519E-11  0.4521E-11
CALSDV   45   40  0.4371E-11  0.4375E-11
CALSDV   46   40  0.3621E-11  0.3616E-11
CALSDV   47   40  0.4398E-11  0.4404E-11
CALSDV   48   40  0.3496E-11  0.3488E-11
CALSDV   49   40  0.4148E-11  0.4152E-11
CALSDV   50   40  0.3642E-11  0.3636E-11
CALSDV   51   40  0.4004E-11  0.4004E-11
CALSDV   52   40  0.3769E-11  0.3772E-11
CALSDV   53   40  0.4007E-11  0.4007E-11
CALSDV   54   40  0.3835E-11  0.3839E-11
CALSDV   55   40  0.4028E-11  0.4025E-11
CALSDV   56   40  0.3841E-11  0.3847E-11
CALSDV   57   40  0.3924E-11  0.3922E-11
CALSDV   58   40  0.3765E-11  0.3768E-11
CALSDV   59   40  0.3632E-11  0.3629E-11
CALSDV   60   40  0.3560E-11  0.3561E-11
CALSDV   41   41  0.3662E-11  0.3664E-11
CALSDV   42   41  0.5760E-11  0.5776E-11
CALSDV   43   41  0.6176E-11  0.6180E-11
CALSDV   44   41  0.3862E-11  0.3862E-11
CALSDV   45   41  0.4933E-11  0.4937E-11
CALSDV   46   41  0.4466E-11  0.4464E-11
CALSDV   47   41  0.3729E-11  0.3732E-11
CALSDV   48   41  0.4208E-11  0.4207E-11
CALSDV   49   41  0.3452E-11  0.3458E-11
CALSDV   50   41  0.3690E-11  0.3691E-11
CALSDV   51   41  0.3650E-11  0.3658E-11
CALSDV   52   41  0.3450E-11  0.3456E-11
CALSDV   53   41  0.3878E-11  0.3883E-11
CALSDV   54   41  0.3565E-11  0.3574E-11
CALSDV   55   41  0.3979E-11  0.3983E-11
CALSDV   56   41  0.3785E-11  0.3792E-11
CALSDV   57   41  0.3910E-11  0.3911E-11
CALSDV   58   41  0.3872E-11  0.3877E-11
CALSDV   59   41  0.3641E-11  0.3641E-11
CALSDV   60   41  0.3704E-11  0.3706E-11
CALSDV   42   42  0.3971E-11  0.3997E-11
CALSDV   43   42  0.5896E-11  0.5907E-11
CALSDV   44   42  0.6177E-11  0.6198E-11
CALSDV   45   42  0.3952E-11  0.3951E-11
CALSDV   46   42  0.4853E-11  0.4872E-11
CALSDV   47   42  0.4656E-11  0.4648E-11
CALSDV   48   42  0.3822E-11  0.3826E-11
CALSDV   49   42  0.4612E-11  0.4608E-11
CALSDV   50   42  0.3790E-11  0.3792E-11
CALSDV   51   42  0.4359E-11  0.4358E-11
CALSDV   52   42  0.4080E-11  0.4094E-11
CALSDV   53   42  0.4254E-11  0.4254E-11
CALSDV   54   42  0.4286E-11  0.4310E-11
CALSDV   55   42  0.4248E-11  0.4255E-11
CALSDV   56   42  0.4320E-11  0.4351E-11
CALSDV   57   42  0.4156E-11  0.4166E-11
CALSDV   58   42  0.4180E-11  0.4209E-11
CALSDV   59   42  0.3831E-11  0.3837E-11
CALSDV   60   42  0.3845E-11  0.3861E-11
CALSDV   43   43  0.3879E-11  0.3858E-11
CALSDV   44   43  0.5971E-11  0.5982E-11
CALSDV   45   43  0.6563E-11  0.6567E-11
CALSDV   46   43  0.4205E-11  0.4202E-11
CALSDV   47   43  0.5120E-11  0.5112E-11
CALSDV   48   43  0.4761E-11  0.4767E-11
CALSDV   49   43  0.3884E-11  0.3883E-11
CALSDV   50   43  0.4383E-11  0.4400E-11
CALSDV   51   43  0.3732E-11  0.3737E-11
CALSDV   52   43  0.3849E-11  0.3868E-11
CALSDV   53   43  0.4002E-11  0.4015E-11
CALSDV   54   43  0.3706E-11  0.3716E-11
CALSDV   55   43  0.4200E-11  0.4211E-11
CALSDV   56   43  0.3880E-11  0.3885E-11
CALSDV   57   43  0.4171E-11  0.4179E-11
CALSDV   58   43  0.4023E-11  0.4025E-11
CALSDV   59   43  0.3861E-11  0.3865E-11
CALSDV   60   43  0.3873E-11  0.3873E-11
CALSDV   44   44  0.4084E-11  0.4081E-11
CALSDV   45   44  0.6270E-11  0.6273E-11
CALSDV   46   44  0.6776E-11  0.6760E-11
CALSDV   47   44  0.4351E-11  0.4351E-11
CALSDV   48   44  0.5188E-11  0.5174E-11
CALSDV   49   44  0.4983E-11  0.4979E-11
CALSDV   50   44  0.4024E-11  0.4019E-11
CALSDV   51   44  0.4879E-11  0.4879E-11
CALSDV   52   44  0.4123E-11  0.4111E-11
CALSDV   53   44  0.4644E-11  0.4643E-11
CALSDV   54   44  0.4536E-11  0.4523E-11
CALSDV   55   44  0.4546E-11  0.4543E-11
CALSDV   56   44  0.4737E-11  0.4720E-11
CALSDV   57   44  0.4435E-11  0.4428E-11
CALSDV   58   44  0.4619E-11  0.4604E-11
CALSDV   59   44  0.4066E-11  0.4060E-11
CALSDV   60   44  0.4170E-11  0.4160E-11
CALSDV   45   45  0.4249E-11  0.4233E-11
CALSDV   46   45  0.6286E-11  0.6315E-11
CALSDV   47   45  0.7004E-11  0.7017E-11
CALSDV   48   45  0.4575E-11  0.4597E-11
CALSDV   49   45  0.5305E-11  0.5302E-11
CALSDV   50   45  0.5081E-11  0.5099E-11
CALSDV   51   45  0.4171E-11  0.4165E-11
CALSDV   52   45  0.4657E-11  0.4682E-11
CALSDV   53   45  0.4279E-11  0.4266E-11
CALSDV   54   45  0.4201E-11  0.4227E-11
CALSDV   55   45  0.4595E-11  0.4586E-11
CALSDV   56   45  0.4144E-11  0.4168E-11
CALSDV   57   45  0.4611E-11  0.4600E-11
CALSDV   58   45  0.4242E-11  0.4255E-11
CALSDV   59   45  0.4196E-11  0.4194E-11
CALSDV   60   45  0.4077E-11  0.4087E-11
CALSDV   46   46  0.4599E-11  0.4608E-11
CALSDV   47   46  0.6819E-11  0.6808E-11
CALSDV   48   46  0.7327E-11  0.7293E-11
CALSDV   49   46  0.4997E-11  0.4961E-11
CALSDV   50   46  0.5625E-11  0.5627E-11
CALSDV   51   46  0.5552E-11  0.5539E-11
CALSDV   52   46  0.4462E-11  0.4466E-11
CALSDV   53   46  0.5382E-11  0.5366E-11
CALSDV   54   46  0.4553E-11  0.4552E-11
CALSDV   55   46  0.5086E-11  0.5061E-11
CALSDV   56   46  0.4871E-11  0.4869E-11
CALSDV   57   46  0.4823E-11  0.4803E-11
CALSDV   58   46  0.4874E-11  0.4872E-11
CALSDV   59   46  0.4348E-11  0.4331E-11
CALSDV   60   46  0.4424E-11  0.4415E-11
CALSDV   47   47  0.4173E-11  0.4175E-11
CALSDV   48   47  0.6497E-11  0.6509E-11
CALSDV   49   47  0.7348E-11  0.7367E-11
CALSDV   50   47  0.4969E-11  0.4985E-11
CALSDV   51   47  0.5360E-11  0.5364E-11
CALSDV   52   47  0.5369E-11  0.5380E-11
CALSDV   53   47  0.4348E-11  0.4350E-11
CALSDV   54   47  0.4867E-11  0.4891E-11
CALSDV   55   47  0.4637E-11  0.4629E-11
CALSDV   56   47  0.4491E-11  0.4519E-11
CALSDV   57   47  0.4857E-11  0.4851E-11
CALSDV   58   47  0.4463E-11  0.4484E-11
CALSDV   59   47  0.4488E-11  0.4489E-11
CALSDV   60   47  0.4290E-11  0.4302E-11
CALSDV   48   48  0.4204E-11  0.4192E-11
CALSDV   49   48  0.6898E-11  0.6882E-11
CALSDV   50   48  0.7659E-11  0.7674E-11
CALSDV   51   48  0.4999E-11  0.5001E-11
CALSDV   52   48  0.5430E-11  0.5445E-11
CALSDV   53   48  0.5373E-11  0.5370E-11
CALSDV   54   48  0.4427E-11  0.4429E-11
CALSDV   55   48  0.5112E-11  0.5110E-11
CALSDV   56   48  0.4924E-11  0.4912E-11
CALSDV   57   48  0.4864E-11  0.4858E-11
CALSDV   58   48  0.5240E-11  0.5226E-11
CALSDV   59   48  0.4486E-11  0.4483E-11
CALSDV   60   48  0.4813E-11  0.4808E-11
CALSDV   49   49  0.3895E-11  0.3885E-11
CALSDV   50   49  0.6745E-11  0.6761E-11
CALSDV   51   49  0.7562E-11  0.7571E-11
CALSDV   52   49  0.5304E-11  0.5310E-11
CALSDV   53   49  0.5226E-11  0.5234E-11
CALSDV   54   49  0.5633E-11  0.5646E-11
CALSDV   55   49  0.4453E-11  0.4459E-11
CALSDV   56   49  0.5160E-11  0.5174E-11
CALSDV   57   49  0.4855E-11  0.4860E-11
CALSDV   58   49  0.4853E-11  0.4864E-11
CALSDV   59   49  0.4721E-11  0.4721E-11
CALSDV   60   49  0.4568E-11  0.4576E-11
CALSDV   50   50  0.4074E-11  0.4086E-11
CALSDV   51   50  0.7460E-11  0.7442E-11
CALSDV   52   50  0.7931E-11  0.7921E-11
CALSDV   53   50  0.5314E-11  0.5314E-11
CALSDV   54   50  0.5360E-11  0.5360E-11
CALSDV   55   50  0.5828E-11  0.5824E-11
CALSDV   56   50  0.4698E-11  0.4693E-11
CALSDV   57   50  0.5615E-11  0.5618E-11
CALSDV   58   50  0.5264E-11  0.5262E-11
CALSDV   59   50  0.4988E-11  0.4990E-11
CALSDV   60   50  0.5087E-11  0.5087E-11
CALSDV   51   51  0.3682E-11  0.3684E-11
CALSDV   52   51  0.7242E-11  0.7275E-11
CALSDV   53   51  0.7659E-11  0.7676E-11
CALSDV   54   51  0.5687E-11  0.5697E-11
CALSDV   55   51  0.5131E-11  0.5147E-11
CALSDV   56   51  0.6121E-11  0.6138E-11
CALSDV   57   51  0.4854E-11  0.4876E-11
CALSDV   58   51  0.5720E-11  0.5745E-11
CALSDV   59   51  0.4987E-11  0.5001E-11
CALSDV   60   51  0.5082E-11  0.5104E-11
CALSDV   52   52  0.3873E-11  0.3891E-11
CALSDV   53   52  0.7750E-11  0.7757E-11
CALSDV   54   52  0.7933E-11  0.7922E-11
CALSDV   55   52  0.5648E-11  0.5642E-11
CALSDV   56   52  0.5156E-11  0.5137E-11
CALSDV   57   52  0.6243E-11  0.6248E-11
CALSDV   58   52  0.5053E-11  0.5045E-11
CALSDV   59   52  0.5598E-11  0.5602E-11
CALSDV   60   52  0.5293E-11  0.5287E-11
CALSDV   53   53  0.3393E-11  0.3374E-11
CALSDV   54   53  0.7656E-11  0.7746E-11
CALSDV   55   53  0.7541E-11  0.7516E-11
CALSDV   56   53  0.6102E-11  0.6106E-11
CALSDV   57   53  0.5204E-11  0.5181E-11
CALSDV   58   53  0.6661E-11  0.6721E-11
CALSDV   59   53  0.5211E-11  0.5198E-11
CALSDV   60   53  0.5859E-11  0.5911E-11
CALSDV   54   54  0.3708E-11  0.3683E-11
CALSDV   55   54  0.7478E-11  0.7482E-11
CALSDV   56   54  0.7609E-11  0.7613E-11
CALSDV   57   54  0.6116E-11  0.6112E-11
CALSDV   58   54  0.5046E-11  0.5070E-11
CALSDV   59   54  0.6336E-11  0.6322E-11
CALSDV   60   54  0.5365E-11  0.5374E-11
CALSDV   55   55  0.3584E-11  0.3618E-11
CALSDV   56   55  0.7677E-11  0.7654E-11
CALSDV   57   55  0.7467E-11  0.7481E-11
CALSDV   58   55  0.6738E-11  0.6744E-11
CALSDV   59   55  0.5729E-11  0.5747E-11
CALSDV   60   55  0.6909E-11  0.6916E-11
CALSDV   56   56  0.3839E-11  0.3820E-11
CALSDV   57   56  0.6316E-11  0.6310E-11
CALSDV   58   56  0.7258E-11  0.7238E-11
CALSDV   59   56  0.6675E-11  0.6678E-11
CALSDV   60   56  0.5591E-11  0.5575E-11
CALSDV   57   57  0.4099E-11  0.4164E-11
CALSDV   58   57  0.6571E-11  0.6549E-11
CALSDV   59   57  0.8144E-11  0.8140E-11
CALSDV   60   57  0.7191E-11  0.7205E-11
CALSDV   58   58  0.4233E-11  0.4219E-11
CALSDV   59   58  0.4701E-11  0.4727E-11
CALSDV   60   58  0.7915E-11  0.7844E-11
CALSDV   59   59  0.3287E-11  0.3217E-11
CALSDV   60   59  0.5117E-11  0.5121E-11
CALSDV   60   60  0.3862E-11  0.3835E-11
