  This file contains calibrated standard deviations 
       The relevant data lines start with key CALSDV 
       Each such line contains the following data 
           N   M   C_SIGMA   S_SIGMA 
                 FOR M=0 S_SIGMA=0.0 
     
CALSDV    0    0  0.0000E+00  0.0000E+00
CALSDV    1    0  0.0000E+00  0.0000E+00
CALSDV    2    0  0.8770E-10  0.0000E+00
CALSDV    3    0  0.1849E-10  0.0000E+00
CALSDV    4    0  0.6682E-11  0.0000E+00
CALSDV    5    0  0.4597E-11  0.0000E+00
CALSDV    6    0  0.3543E-11  0.0000E+00
CALSDV    7    0  0.2893E-11  0.0000E+00
CALSDV    8    0  0.2471E-11  0.0000E+00
CALSDV    9    0  0.2162E-11  0.0000E+00
CALSDV   10    0  0.1946E-11  0.0000E+00
CALSDV   11    0  0.1781E-11  0.0000E+00
CALSDV   12    0  0.1647E-11  0.0000E+00
CALSDV   13    0  0.1552E-11  0.0000E+00
CALSDV   14    0  0.1470E-11  0.0000E+00
CALSDV   15    0  0.1409E-11  0.0000E+00
CALSDV   16    0  0.1360E-11  0.0000E+00
CALSDV   17    0  0.1322E-11  0.0000E+00
CALSDV   18    0  0.1292E-11  0.0000E+00
CALSDV   19    0  0.1271E-11  0.0000E+00
CALSDV   20    0  0.1256E-11  0.0000E+00
CALSDV   21    0  0.1246E-11  0.0000E+00
CALSDV   22    0  0.1240E-11  0.0000E+00
CALSDV   23    0  0.1241E-11  0.0000E+00
CALSDV   24    0  0.1244E-11  0.0000E+00
CALSDV   25    0  0.1251E-11  0.0000E+00
CALSDV   26    0  0.1262E-11  0.0000E+00
CALSDV   27    0  0.1276E-11  0.0000E+00
CALSDV   28    0  0.1295E-11  0.0000E+00
CALSDV   29    0  0.1315E-11  0.0000E+00
CALSDV   30    0  0.1338E-11  0.0000E+00
CALSDV   31    0  0.1366E-11  0.0000E+00
CALSDV   32    0  0.1396E-11  0.0000E+00
CALSDV   33    0  0.1429E-11  0.0000E+00
CALSDV   34    0  0.1465E-11  0.0000E+00
CALSDV   35    0  0.1504E-11  0.0000E+00
CALSDV   36    0  0.1547E-11  0.0000E+00
CALSDV   37    0  0.1593E-11  0.0000E+00
CALSDV   38    0  0.1643E-11  0.0000E+00
CALSDV   39    0  0.1695E-11  0.0000E+00
CALSDV   40    0  0.1753E-11  0.0000E+00
CALSDV   41    0  0.1813E-11  0.0000E+00
CALSDV   42    0  0.1878E-11  0.0000E+00
CALSDV   43    0  0.1947E-11  0.0000E+00
CALSDV   44    0  0.2021E-11  0.0000E+00
CALSDV   45    0  0.2099E-11  0.0000E+00
CALSDV   46    0  0.2182E-11  0.0000E+00
CALSDV   47    0  0.2270E-11  0.0000E+00
CALSDV   48    0  0.2364E-11  0.0000E+00
CALSDV   49    0  0.2462E-11  0.0000E+00
CALSDV   50    0  0.2568E-11  0.0000E+00
CALSDV   51    0  0.2677E-11  0.0000E+00
CALSDV   52    0  0.2796E-11  0.0000E+00
CALSDV   53    0  0.2916E-11  0.0000E+00
CALSDV   54    0  0.3047E-11  0.0000E+00
CALSDV   55    0  0.3181E-11  0.0000E+00
CALSDV   56    0  0.3327E-11  0.0000E+00
CALSDV   57    0  0.3467E-11  0.0000E+00
CALSDV   58    0  0.3590E-11  0.0000E+00
CALSDV   59    0  0.3404E-11  0.0000E+00
CALSDV   60    0  0.3498E-11  0.0000E+00
CALSDV    1    1  0.0000E+00  0.0000E+00
CALSDV    2    1  0.4013E-10  0.4137E-10
CALSDV    3    1  0.1419E-10  0.1428E-10
CALSDV    4    1  0.7130E-11  0.7098E-11
CALSDV    5    1  0.4882E-11  0.4836E-11
CALSDV    6    1  0.3700E-11  0.3677E-11
CALSDV    7    1  0.3005E-11  0.2987E-11
CALSDV    8    1  0.2549E-11  0.2528E-11
CALSDV    9    1  0.2235E-11  0.2214E-11
CALSDV   10    1  0.1995E-11  0.1975E-11
CALSDV   11    1  0.1815E-11  0.1799E-11
CALSDV   12    1  0.1685E-11  0.1670E-11
CALSDV   13    1  0.1576E-11  0.1563E-11
CALSDV   14    1  0.1496E-11  0.1482E-11
CALSDV   15    1  0.1430E-11  0.1417E-11
CALSDV   16    1  0.1378E-11  0.1367E-11
CALSDV   17    1  0.1339E-11  0.1326E-11
CALSDV   18    1  0.1308E-11  0.1297E-11
CALSDV   19    1  0.1284E-11  0.1275E-11
CALSDV   20    1  0.1268E-11  0.1258E-11
CALSDV   21    1  0.1259E-11  0.1247E-11
CALSDV   22    1  0.1252E-11  0.1243E-11
CALSDV   23    1  0.1251E-11  0.1240E-11
CALSDV   24    1  0.1255E-11  0.1244E-11
CALSDV   25    1  0.1262E-11  0.1253E-11
CALSDV   26    1  0.1273E-11  0.1261E-11
CALSDV   27    1  0.1287E-11  0.1276E-11
CALSDV   28    1  0.1304E-11  0.1293E-11
CALSDV   29    1  0.1325E-11  0.1314E-11
CALSDV   30    1  0.1349E-11  0.1337E-11
CALSDV   31    1  0.1376E-11  0.1364E-11
CALSDV   32    1  0.1405E-11  0.1393E-11
CALSDV   33    1  0.1439E-11  0.1427E-11
CALSDV   34    1  0.1474E-11  0.1462E-11
CALSDV   35    1  0.1515E-11  0.1502E-11
CALSDV   36    1  0.1556E-11  0.1544E-11
CALSDV   37    1  0.1604E-11  0.1590E-11
CALSDV   38    1  0.1652E-11  0.1638E-11
CALSDV   39    1  0.1706E-11  0.1693E-11
CALSDV   40    1  0.1762E-11  0.1748E-11
CALSDV   41    1  0.1823E-11  0.1809E-11
CALSDV   42    1  0.1888E-11  0.1874E-11
CALSDV   43    1  0.1958E-11  0.1942E-11
CALSDV   44    1  0.2031E-11  0.2015E-11
CALSDV   45    1  0.2109E-11  0.2094E-11
CALSDV   46    1  0.2192E-11  0.2177E-11
CALSDV   47    1  0.2281E-11  0.2265E-11
CALSDV   48    1  0.2376E-11  0.2358E-11
CALSDV   49    1  0.2474E-11  0.2457E-11
CALSDV   50    1  0.2581E-11  0.2562E-11
CALSDV   51    1  0.2685E-11  0.2673E-11
CALSDV   52    1  0.2806E-11  0.2792E-11
CALSDV   53    1  0.2923E-11  0.2915E-11
CALSDV   54    1  0.3056E-11  0.3045E-11
CALSDV   55    1  0.3190E-11  0.3181E-11
CALSDV   56    1  0.3335E-11  0.3322E-11
CALSDV   57    1  0.3479E-11  0.3464E-11
CALSDV   58    1  0.3602E-11  0.3586E-11
CALSDV   59    1  0.3423E-11  0.3404E-11
CALSDV   60    1  0.3521E-11  0.3495E-11
CALSDV    2    2  0.3807E-10  0.4022E-10
CALSDV    3    2  0.2008E-10  0.2085E-10
CALSDV    4    2  0.9749E-11  0.9946E-11
CALSDV    5    2  0.6013E-11  0.6104E-11
CALSDV    6    2  0.4442E-11  0.4534E-11
CALSDV    7    2  0.3438E-11  0.3499E-11
CALSDV    8    2  0.2862E-11  0.2908E-11
CALSDV    9    2  0.2431E-11  0.2472E-11
CALSDV   10    2  0.2153E-11  0.2190E-11
CALSDV   11    2  0.1932E-11  0.1968E-11
CALSDV   12    2  0.1771E-11  0.1802E-11
CALSDV   13    2  0.1649E-11  0.1676E-11
CALSDV   14    2  0.1551E-11  0.1578E-11
CALSDV   15    2  0.1474E-11  0.1500E-11
CALSDV   16    2  0.1415E-11  0.1441E-11
CALSDV   17    2  0.1368E-11  0.1392E-11
CALSDV   18    2  0.1332E-11  0.1356E-11
CALSDV   19    2  0.1305E-11  0.1328E-11
CALSDV   20    2  0.1286E-11  0.1309E-11
CALSDV   21    2  0.1272E-11  0.1293E-11
CALSDV   22    2  0.1263E-11  0.1286E-11
CALSDV   23    2  0.1261E-11  0.1283E-11
CALSDV   24    2  0.1262E-11  0.1283E-11
CALSDV   25    2  0.1267E-11  0.1288E-11
CALSDV   26    2  0.1276E-11  0.1299E-11
CALSDV   27    2  0.1289E-11  0.1311E-11
CALSDV   28    2  0.1305E-11  0.1328E-11
CALSDV   29    2  0.1324E-11  0.1348E-11
CALSDV   30    2  0.1347E-11  0.1369E-11
CALSDV   31    2  0.1373E-11  0.1397E-11
CALSDV   32    2  0.1401E-11  0.1426E-11
CALSDV   33    2  0.1434E-11  0.1458E-11
CALSDV   34    2  0.1469E-11  0.1494E-11
CALSDV   35    2  0.1507E-11  0.1534E-11
CALSDV   36    2  0.1549E-11  0.1576E-11
CALSDV   37    2  0.1594E-11  0.1622E-11
CALSDV   38    2  0.1643E-11  0.1673E-11
CALSDV   39    2  0.1695E-11  0.1725E-11
CALSDV   40    2  0.1751E-11  0.1783E-11
CALSDV   41    2  0.1811E-11  0.1844E-11
CALSDV   42    2  0.1874E-11  0.1908E-11
CALSDV   43    2  0.1943E-11  0.1978E-11
CALSDV   44    2  0.2015E-11  0.2052E-11
CALSDV   45    2  0.2093E-11  0.2131E-11
CALSDV   46    2  0.2175E-11  0.2215E-11
CALSDV   47    2  0.2262E-11  0.2304E-11
CALSDV   48    2  0.2356E-11  0.2398E-11
CALSDV   49    2  0.2452E-11  0.2499E-11
CALSDV   50    2  0.2557E-11  0.2604E-11
CALSDV   51    2  0.2663E-11  0.2716E-11
CALSDV   52    2  0.2780E-11  0.2835E-11
CALSDV   53    2  0.2900E-11  0.2959E-11
CALSDV   54    2  0.3031E-11  0.3093E-11
CALSDV   55    2  0.3166E-11  0.3228E-11
CALSDV   56    2  0.3309E-11  0.3372E-11
CALSDV   57    2  0.3452E-11  0.3516E-11
CALSDV   58    2  0.3580E-11  0.3642E-11
CALSDV   59    2  0.3430E-11  0.3487E-11
CALSDV   60    2  0.3525E-11  0.3576E-11
CALSDV    3    3  0.4276E-10  0.4294E-10
CALSDV    4    3  0.1772E-10  0.1748E-10
CALSDV    5    3  0.1256E-10  0.1249E-10
CALSDV    6    3  0.6467E-11  0.6427E-11
CALSDV    7    3  0.6125E-11  0.6095E-11
CALSDV    8    3  0.3798E-11  0.3749E-11
CALSDV    9    3  0.3767E-11  0.3745E-11
CALSDV   10    3  0.2669E-11  0.2638E-11
CALSDV   11    3  0.2680E-11  0.2658E-11
CALSDV   12    3  0.2105E-11  0.2077E-11
CALSDV   13    3  0.2111E-11  0.2090E-11
CALSDV   14    3  0.1780E-11  0.1755E-11
CALSDV   15    3  0.1785E-11  0.1767E-11
CALSDV   16    3  0.1583E-11  0.1563E-11
CALSDV   17    3  0.1590E-11  0.1571E-11
CALSDV   18    3  0.1462E-11  0.1443E-11
CALSDV   19    3  0.1471E-11  0.1453E-11
CALSDV   20    3  0.1390E-11  0.1370E-11
CALSDV   21    3  0.1401E-11  0.1386E-11
CALSDV   22    3  0.1353E-11  0.1333E-11
CALSDV   23    3  0.1365E-11  0.1349E-11
CALSDV   24    3  0.1338E-11  0.1320E-11
CALSDV   25    3  0.1357E-11  0.1339E-11
CALSDV   26    3  0.1343E-11  0.1326E-11
CALSDV   27    3  0.1367E-11  0.1349E-11
CALSDV   28    3  0.1366E-11  0.1348E-11
CALSDV   29    3  0.1395E-11  0.1375E-11
CALSDV   30    3  0.1404E-11  0.1386E-11
CALSDV   31    3  0.1436E-11  0.1418E-11
CALSDV   32    3  0.1456E-11  0.1436E-11
CALSDV   33    3  0.1494E-11  0.1474E-11
CALSDV   34    3  0.1521E-11  0.1501E-11
CALSDV   35    3  0.1565E-11  0.1544E-11
CALSDV   36    3  0.1600E-11  0.1579E-11
CALSDV   37    3  0.1650E-11  0.1629E-11
CALSDV   38    3  0.1693E-11  0.1672E-11
CALSDV   39    3  0.1751E-11  0.1728E-11
CALSDV   40    3  0.1801E-11  0.1780E-11
CALSDV   41    3  0.1865E-11  0.1843E-11
CALSDV   42    3  0.1927E-11  0.1903E-11
CALSDV   43    3  0.1998E-11  0.1974E-11
CALSDV   44    3  0.2068E-11  0.2044E-11
CALSDV   45    3  0.2149E-11  0.2123E-11
CALSDV   46    3  0.2229E-11  0.2204E-11
CALSDV   47    3  0.2319E-11  0.2293E-11
CALSDV   48    3  0.2412E-11  0.2385E-11
CALSDV   49    3  0.2511E-11  0.2484E-11
CALSDV   50    3  0.2615E-11  0.2588E-11
CALSDV   51    3  0.2725E-11  0.2698E-11
CALSDV   52    3  0.2843E-11  0.2816E-11
CALSDV   53    3  0.2967E-11  0.2939E-11
CALSDV   54    3  0.3099E-11  0.3071E-11
CALSDV   55    3  0.3238E-11  0.3209E-11
CALSDV   56    3  0.3374E-11  0.3351E-11
CALSDV   57    3  0.3525E-11  0.3503E-11
CALSDV   58    3  0.3655E-11  0.3636E-11
CALSDV   59    3  0.3560E-11  0.3543E-11
CALSDV   60    3  0.3648E-11  0.3632E-11
CALSDV    4    4  0.2076E-10  0.2067E-10
CALSDV    5    4  0.1890E-10  0.1939E-10
CALSDV    6    4  0.8136E-11  0.8324E-11
CALSDV    7    4  0.7025E-11  0.7129E-11
CALSDV    8    4  0.4574E-11  0.4643E-11
CALSDV    9    4  0.3924E-11  0.3992E-11
CALSDV   10    4  0.3084E-11  0.3126E-11
CALSDV   11    4  0.2737E-11  0.2784E-11
CALSDV   12    4  0.2339E-11  0.2379E-11
CALSDV   13    4  0.2155E-11  0.2195E-11
CALSDV   14    4  0.1935E-11  0.1972E-11
CALSDV   15    4  0.1827E-11  0.1863E-11
CALSDV   16    4  0.1692E-11  0.1728E-11
CALSDV   17    4  0.1628E-11  0.1661E-11
CALSDV   18    4  0.1543E-11  0.1578E-11
CALSDV   19    4  0.1507E-11  0.1541E-11
CALSDV   20    4  0.1453E-11  0.1487E-11
CALSDV   21    4  0.1433E-11  0.1468E-11
CALSDV   22    4  0.1402E-11  0.1433E-11
CALSDV   23    4  0.1395E-11  0.1429E-11
CALSDV   24    4  0.1377E-11  0.1409E-11
CALSDV   25    4  0.1381E-11  0.1414E-11
CALSDV   26    4  0.1374E-11  0.1408E-11
CALSDV   27    4  0.1388E-11  0.1420E-11
CALSDV   28    4  0.1391E-11  0.1426E-11
CALSDV   29    4  0.1411E-11  0.1444E-11
CALSDV   30    4  0.1423E-11  0.1459E-11
CALSDV   31    4  0.1450E-11  0.1485E-11
CALSDV   32    4  0.1471E-11  0.1507E-11
CALSDV   33    4  0.1503E-11  0.1540E-11
CALSDV   34    4  0.1532E-11  0.1570E-11
CALSDV   35    4  0.1570E-11  0.1610E-11
CALSDV   36    4  0.1607E-11  0.1647E-11
CALSDV   37    4  0.1652E-11  0.1694E-11
CALSDV   38    4  0.1697E-11  0.1740E-11
CALSDV   39    4  0.1749E-11  0.1794E-11
CALSDV   40    4  0.1801E-11  0.1848E-11
CALSDV   41    4  0.1862E-11  0.1910E-11
CALSDV   42    4  0.1922E-11  0.1971E-11
CALSDV   43    4  0.1991E-11  0.2042E-11
CALSDV   44    4  0.2061E-11  0.2114E-11
CALSDV   45    4  0.2139E-11  0.2193E-11
CALSDV   46    4  0.2218E-11  0.2276E-11
CALSDV   47    4  0.2305E-11  0.2364E-11
CALSDV   48    4  0.2396E-11  0.2458E-11
CALSDV   49    4  0.2494E-11  0.2557E-11
CALSDV   50    4  0.2597E-11  0.2663E-11
CALSDV   51    4  0.2707E-11  0.2775E-11
CALSDV   52    4  0.2822E-11  0.2893E-11
CALSDV   53    4  0.2946E-11  0.3018E-11
CALSDV   54    4  0.3078E-11  0.3152E-11
CALSDV   55    4  0.3218E-11  0.3290E-11
CALSDV   56    4  0.3356E-11  0.3431E-11
CALSDV   57    4  0.3510E-11  0.3584E-11
CALSDV   58    4  0.3649E-11  0.3723E-11
CALSDV   59    4  0.3618E-11  0.3666E-11
CALSDV   60    4  0.3706E-11  0.3754E-11
CALSDV    5    5  0.2999E-10  0.2980E-10
CALSDV    6    5  0.1436E-10  0.1445E-10
CALSDV    7    5  0.9297E-11  0.9347E-11
CALSDV    8    5  0.5807E-11  0.5825E-11
CALSDV    9    5  0.5560E-11  0.5596E-11
CALSDV   10    5  0.3679E-11  0.3690E-11
CALSDV   11    5  0.3859E-11  0.3892E-11
CALSDV   12    5  0.2808E-11  0.2822E-11
CALSDV   13    5  0.2929E-11  0.2954E-11
CALSDV   14    5  0.2313E-11  0.2326E-11
CALSDV   15    5  0.2383E-11  0.2403E-11
CALSDV   16    5  0.2003E-11  0.2020E-11
CALSDV   17    5  0.2039E-11  0.2058E-11
CALSDV   18    5  0.1804E-11  0.1820E-11
CALSDV   19    5  0.1820E-11  0.1837E-11
CALSDV   20    5  0.1674E-11  0.1686E-11
CALSDV   21    5  0.1682E-11  0.1697E-11
CALSDV   22    5  0.1585E-11  0.1598E-11
CALSDV   23    5  0.1594E-11  0.1608E-11
CALSDV   24    5  0.1537E-11  0.1548E-11
CALSDV   25    5  0.1545E-11  0.1559E-11
CALSDV   26    5  0.1512E-11  0.1526E-11
CALSDV   27    5  0.1525E-11  0.1540E-11
CALSDV   28    5  0.1512E-11  0.1525E-11
CALSDV   29    5  0.1530E-11  0.1544E-11
CALSDV   30    5  0.1531E-11  0.1545E-11
CALSDV   31    5  0.1554E-11  0.1569E-11
CALSDV   32    5  0.1567E-11  0.1582E-11
CALSDV   33    5  0.1598E-11  0.1611E-11
CALSDV   34    5  0.1620E-11  0.1635E-11
CALSDV   35    5  0.1656E-11  0.1671E-11
CALSDV   36    5  0.1689E-11  0.1704E-11
CALSDV   37    5  0.1732E-11  0.1747E-11
CALSDV   38    5  0.1774E-11  0.1789E-11
CALSDV   39    5  0.1823E-11  0.1839E-11
CALSDV   40    5  0.1875E-11  0.1890E-11
CALSDV   41    5  0.1932E-11  0.1949E-11
CALSDV   42    5  0.1993E-11  0.2011E-11
CALSDV   43    5  0.2058E-11  0.2076E-11
CALSDV   44    5  0.2128E-11  0.2147E-11
CALSDV   45    5  0.2204E-11  0.2223E-11
CALSDV   46    5  0.2284E-11  0.2304E-11
CALSDV   47    5  0.2369E-11  0.2389E-11
CALSDV   48    5  0.2462E-11  0.2483E-11
CALSDV   49    5  0.2556E-11  0.2579E-11
CALSDV   50    5  0.2661E-11  0.2685E-11
CALSDV   51    5  0.2769E-11  0.2793E-11
CALSDV   52    5  0.2887E-11  0.2912E-11
CALSDV   53    5  0.3009E-11  0.3034E-11
CALSDV   54    5  0.3142E-11  0.3168E-11
CALSDV   55    5  0.3280E-11  0.3306E-11
CALSDV   56    5  0.3419E-11  0.3444E-11
CALSDV   57    5  0.3573E-11  0.3602E-11
CALSDV   58    5  0.3722E-11  0.3750E-11
CALSDV   59    5  0.3716E-11  0.3747E-11
CALSDV   60    5  0.3808E-11  0.3836E-11
CALSDV    6    6  0.1589E-10  0.1547E-10
CALSDV    7    6  0.1723E-10  0.1688E-10
CALSDV    8    6  0.7951E-11  0.7854E-11
CALSDV    9    6  0.8092E-11  0.7921E-11
CALSDV   10    6  0.5197E-11  0.5109E-11
CALSDV   11    6  0.4880E-11  0.4778E-11
CALSDV   12    6  0.3641E-11  0.3567E-11
CALSDV   13    6  0.3454E-11  0.3394E-11
CALSDV   14    6  0.2787E-11  0.2727E-11
CALSDV   15    6  0.2709E-11  0.2662E-11
CALSDV   16    6  0.2299E-11  0.2249E-11
CALSDV   17    6  0.2279E-11  0.2243E-11
CALSDV   18    6  0.2003E-11  0.1964E-11
CALSDV   19    6  0.2007E-11  0.1979E-11
CALSDV   20    6  0.1819E-11  0.1786E-11
CALSDV   21    6  0.1837E-11  0.1814E-11
CALSDV   22    6  0.1709E-11  0.1679E-11
CALSDV   23    6  0.1732E-11  0.1713E-11
CALSDV   24    6  0.1641E-11  0.1615E-11
CALSDV   25    6  0.1669E-11  0.1650E-11
CALSDV   26    6  0.1608E-11  0.1585E-11
CALSDV   27    6  0.1640E-11  0.1622E-11
CALSDV   28    6  0.1601E-11  0.1579E-11
CALSDV   29    6  0.1636E-11  0.1618E-11
CALSDV   30    6  0.1615E-11  0.1593E-11
CALSDV   31    6  0.1654E-11  0.1636E-11
CALSDV   32    6  0.1649E-11  0.1627E-11
CALSDV   33    6  0.1690E-11  0.1672E-11
CALSDV   34    6  0.1699E-11  0.1678E-11
CALSDV   35    6  0.1746E-11  0.1727E-11
CALSDV   36    6  0.1767E-11  0.1745E-11
CALSDV   37    6  0.1818E-11  0.1797E-11
CALSDV   38    6  0.1851E-11  0.1827E-11
CALSDV   39    6  0.1907E-11  0.1885E-11
CALSDV   40    6  0.1950E-11  0.1926E-11
CALSDV   41    6  0.2014E-11  0.1990E-11
CALSDV   42    6  0.2066E-11  0.2042E-11
CALSDV   43    6  0.2138E-11  0.2114E-11
CALSDV   44    6  0.2203E-11  0.2176E-11
CALSDV   45    6  0.2283E-11  0.2256E-11
CALSDV   46    6  0.2359E-11  0.2330E-11
CALSDV   47    6  0.2448E-11  0.2417E-11
CALSDV   48    6  0.2535E-11  0.2504E-11
CALSDV   49    6  0.2635E-11  0.2602E-11
CALSDV   50    6  0.2736E-11  0.2702E-11
CALSDV   51    6  0.2849E-11  0.2813E-11
CALSDV   52    6  0.2964E-11  0.2926E-11
CALSDV   53    6  0.3090E-11  0.3050E-11
CALSDV   54    6  0.3221E-11  0.3179E-11
CALSDV   55    6  0.3360E-11  0.3320E-11
CALSDV   56    6  0.3500E-11  0.3456E-11
CALSDV   57    6  0.3657E-11  0.3616E-11
CALSDV   58    6  0.3811E-11  0.3769E-11
CALSDV   59    6  0.3844E-11  0.3814E-11
CALSDV   60    6  0.3928E-11  0.3898E-11
CALSDV    7    7  0.2077E-10  0.2103E-10
CALSDV    8    7  0.1377E-10  0.1392E-10
CALSDV    9    7  0.8341E-11  0.8382E-11
CALSDV   10    7  0.5825E-11  0.5929E-11
CALSDV   11    7  0.5253E-11  0.5284E-11
CALSDV   12    7  0.3639E-11  0.3694E-11
CALSDV   13    7  0.3685E-11  0.3726E-11
CALSDV   14    7  0.2916E-11  0.2945E-11
CALSDV   15    7  0.2855E-11  0.2889E-11
CALSDV   16    7  0.2532E-11  0.2560E-11
CALSDV   17    7  0.2375E-11  0.2414E-11
CALSDV   18    7  0.2281E-11  0.2303E-11
CALSDV   19    7  0.2094E-11  0.2121E-11
CALSDV   20    7  0.2100E-11  0.2121E-11
CALSDV   21    7  0.1917E-11  0.1945E-11
CALSDV   22    7  0.1970E-11  0.1993E-11
CALSDV   23    7  0.1807E-11  0.1838E-11
CALSDV   24    7  0.1881E-11  0.1901E-11
CALSDV   25    7  0.1745E-11  0.1769E-11
CALSDV   26    7  0.1820E-11  0.1841E-11
CALSDV   27    7  0.1710E-11  0.1739E-11
CALSDV   28    7  0.1789E-11  0.1809E-11
CALSDV   29    7  0.1702E-11  0.1731E-11
CALSDV   30    7  0.1779E-11  0.1803E-11
CALSDV   31    7  0.1716E-11  0.1743E-11
CALSDV   32    7  0.1791E-11  0.1816E-11
CALSDV   33    7  0.1748E-11  0.1779E-11
CALSDV   34    7  0.1823E-11  0.1849E-11
CALSDV   35    7  0.1799E-11  0.1828E-11
CALSDV   36    7  0.1874E-11  0.1902E-11
CALSDV   37    7  0.1866E-11  0.1899E-11
CALSDV   38    7  0.1942E-11  0.1973E-11
CALSDV   39    7  0.1951E-11  0.1986E-11
CALSDV   40    7  0.2029E-11  0.2063E-11
CALSDV   41    7  0.2052E-11  0.2089E-11
CALSDV   42    7  0.2135E-11  0.2172E-11
CALSDV   43    7  0.2173E-11  0.2211E-11
CALSDV   44    7  0.2261E-11  0.2299E-11
CALSDV   45    7  0.2311E-11  0.2353E-11
CALSDV   46    7  0.2407E-11  0.2449E-11
CALSDV   47    7  0.2471E-11  0.2515E-11
CALSDV   48    7  0.2574E-11  0.2619E-11
CALSDV   49    7  0.2652E-11  0.2699E-11
CALSDV   50    7  0.2766E-11  0.2815E-11
CALSDV   51    7  0.2860E-11  0.2911E-11
CALSDV   52    7  0.2986E-11  0.3038E-11
CALSDV   53    7  0.3096E-11  0.3150E-11
CALSDV   54    7  0.3233E-11  0.3290E-11
CALSDV   55    7  0.3360E-11  0.3422E-11
CALSDV   56    7  0.3506E-11  0.3565E-11
CALSDV   57    7  0.3657E-11  0.3717E-11
CALSDV   58    7  0.3824E-11  0.3879E-11
CALSDV   59    7  0.3886E-11  0.3939E-11
CALSDV   60    7  0.3993E-11  0.4028E-11
CALSDV    8    8  0.1278E-10  0.1320E-10
CALSDV    9    8  0.1261E-10  0.1247E-10
CALSDV   10    8  0.7750E-11  0.7690E-11
CALSDV   11    8  0.6658E-11  0.6551E-11
CALSDV   12    8  0.5689E-11  0.5694E-11
CALSDV   13    8  0.4690E-11  0.4611E-11
CALSDV   14    8  0.4174E-11  0.4185E-11
CALSDV   15    8  0.3748E-11  0.3670E-11
CALSDV   16    8  0.3255E-11  0.3246E-11
CALSDV   17    8  0.3151E-11  0.3093E-11
CALSDV   18    8  0.2692E-11  0.2687E-11
CALSDV   19    8  0.2744E-11  0.2704E-11
CALSDV   20    8  0.2352E-11  0.2342E-11
CALSDV   21    8  0.2459E-11  0.2426E-11
CALSDV   22    8  0.2137E-11  0.2132E-11
CALSDV   23    8  0.2260E-11  0.2231E-11
CALSDV   24    8  0.2005E-11  0.2000E-11
CALSDV   25    8  0.2126E-11  0.2099E-11
CALSDV   26    8  0.1932E-11  0.1921E-11
CALSDV   27    8  0.2035E-11  0.2011E-11
CALSDV   28    8  0.1892E-11  0.1880E-11
CALSDV   29    8  0.1984E-11  0.1962E-11
CALSDV   30    8  0.1881E-11  0.1868E-11
CALSDV   31    8  0.1965E-11  0.1941E-11
CALSDV   32    8  0.1894E-11  0.1878E-11
CALSDV   33    8  0.1970E-11  0.1945E-11
CALSDV   34    8  0.1927E-11  0.1909E-11
CALSDV   35    8  0.1999E-11  0.1974E-11
CALSDV   36    8  0.1981E-11  0.1959E-11
CALSDV   37    8  0.2047E-11  0.2023E-11
CALSDV   38    8  0.2051E-11  0.2028E-11
CALSDV   39    8  0.2120E-11  0.2092E-11
CALSDV   40    8  0.2142E-11  0.2114E-11
CALSDV   41    8  0.2212E-11  0.2181E-11
CALSDV   42    8  0.2247E-11  0.2219E-11
CALSDV   43    8  0.2323E-11  0.2290E-11
CALSDV   44    8  0.2375E-11  0.2343E-11
CALSDV   45    8  0.2454E-11  0.2420E-11
CALSDV   46    8  0.2522E-11  0.2487E-11
CALSDV   47    8  0.2608E-11  0.2571E-11
CALSDV   48    8  0.2691E-11  0.2651E-11
CALSDV   49    8  0.2787E-11  0.2745E-11
CALSDV   50    8  0.2884E-11  0.2841E-11
CALSDV   51    8  0.2991E-11  0.2947E-11
CALSDV   52    8  0.3104E-11  0.3058E-11
CALSDV   53    8  0.3226E-11  0.3177E-11
CALSDV   54    8  0.3352E-11  0.3303E-11
CALSDV   55    8  0.3489E-11  0.3437E-11
CALSDV   56    8  0.3628E-11  0.3576E-11
CALSDV   57    8  0.3782E-11  0.3731E-11
CALSDV   58    8  0.3944E-11  0.3893E-11
CALSDV   59    8  0.4044E-11  0.4003E-11
CALSDV   60    8  0.4143E-11  0.4101E-11
CALSDV    9    9  0.1474E-10  0.1480E-10
CALSDV   10    9  0.1287E-10  0.1302E-10
CALSDV   11    9  0.7994E-11  0.7986E-11
CALSDV   12    9  0.6042E-11  0.6103E-11
CALSDV   13    9  0.5534E-11  0.5517E-11
CALSDV   14    9  0.3867E-11  0.3894E-11
CALSDV   15    9  0.3901E-11  0.3895E-11
CALSDV   16    9  0.3133E-11  0.3129E-11
CALSDV   17    9  0.2978E-11  0.2982E-11
CALSDV   18    9  0.2782E-11  0.2769E-11
CALSDV   19    9  0.2476E-11  0.2481E-11
CALSDV   20    9  0.2549E-11  0.2541E-11
CALSDV   21    9  0.2205E-11  0.2208E-11
CALSDV   22    9  0.2377E-11  0.2371E-11
CALSDV   23    9  0.2062E-11  0.2065E-11
CALSDV   24    9  0.2251E-11  0.2247E-11
CALSDV   25    9  0.1988E-11  0.1986E-11
CALSDV   26    9  0.2163E-11  0.2159E-11
CALSDV   27    9  0.1955E-11  0.1952E-11
CALSDV   28    9  0.2104E-11  0.2101E-11
CALSDV   29    9  0.1946E-11  0.1944E-11
CALSDV   30    9  0.2073E-11  0.2071E-11
CALSDV   31    9  0.1958E-11  0.1954E-11
CALSDV   32    9  0.2068E-11  0.2065E-11
CALSDV   33    9  0.1987E-11  0.1982E-11
CALSDV   34    9  0.2083E-11  0.2080E-11
CALSDV   35    9  0.2033E-11  0.2028E-11
CALSDV   36    9  0.2119E-11  0.2117E-11
CALSDV   37    9  0.2094E-11  0.2090E-11
CALSDV   38    9  0.2175E-11  0.2172E-11
CALSDV   39    9  0.2172E-11  0.2168E-11
CALSDV   40    9  0.2251E-11  0.2248E-11
CALSDV   41    9  0.2269E-11  0.2264E-11
CALSDV   42    9  0.2348E-11  0.2344E-11
CALSDV   43    9  0.2381E-11  0.2375E-11
CALSDV   44    9  0.2464E-11  0.2460E-11
CALSDV   45    9  0.2514E-11  0.2507E-11
CALSDV   46    9  0.2602E-11  0.2597E-11
CALSDV   47    9  0.2666E-11  0.2659E-11
CALSDV   48    9  0.2763E-11  0.2756E-11
CALSDV   49    9  0.2842E-11  0.2833E-11
CALSDV   50    9  0.2949E-11  0.2940E-11
CALSDV   51    9  0.3043E-11  0.3034E-11
CALSDV   52    9  0.3163E-11  0.3154E-11
CALSDV   53    9  0.3274E-11  0.3263E-11
CALSDV   54    9  0.3403E-11  0.3393E-11
CALSDV   55    9  0.3532E-11  0.3521E-11
CALSDV   56    9  0.3674E-11  0.3662E-11
CALSDV   57    9  0.3826E-11  0.3812E-11
CALSDV   58    9  0.3989E-11  0.3978E-11
CALSDV   59    9  0.4117E-11  0.4103E-11
CALSDV   60    9  0.4217E-11  0.4209E-11
CALSDV   10   10  0.1189E-10  0.1197E-10
CALSDV   11   10  0.1073E-10  0.1061E-10
CALSDV   12   10  0.7296E-11  0.7413E-11
CALSDV   13   10  0.5497E-11  0.5458E-11
CALSDV   14   10  0.5799E-11  0.5840E-11
CALSDV   15   10  0.4223E-11  0.4238E-11
CALSDV   16   10  0.4438E-11  0.4475E-11
CALSDV   17   10  0.3724E-11  0.3763E-11
CALSDV   18   10  0.3546E-11  0.3584E-11
CALSDV   19   10  0.3371E-11  0.3410E-11
CALSDV   20   10  0.2999E-11  0.3034E-11
CALSDV   21   10  0.3079E-11  0.3107E-11
CALSDV   22   10  0.2665E-11  0.2703E-11
CALSDV   23   10  0.2834E-11  0.2864E-11
CALSDV   24   10  0.2466E-11  0.2501E-11
CALSDV   25   10  0.2645E-11  0.2674E-11
CALSDV   26   10  0.2343E-11  0.2375E-11
CALSDV   27   10  0.2505E-11  0.2530E-11
CALSDV   28   10  0.2273E-11  0.2302E-11
CALSDV   29   10  0.2407E-11  0.2431E-11
CALSDV   30   10  0.2237E-11  0.2266E-11
CALSDV   31   10  0.2344E-11  0.2370E-11
CALSDV   32   10  0.2227E-11  0.2257E-11
CALSDV   33   10  0.2313E-11  0.2342E-11
CALSDV   34   10  0.2240E-11  0.2270E-11
CALSDV   35   10  0.2310E-11  0.2340E-11
CALSDV   36   10  0.2272E-11  0.2302E-11
CALSDV   37   10  0.2331E-11  0.2363E-11
CALSDV   38   10  0.2322E-11  0.2355E-11
CALSDV   39   10  0.2377E-11  0.2410E-11
CALSDV   40   10  0.2393E-11  0.2427E-11
CALSDV   41   10  0.2446E-11  0.2480E-11
CALSDV   42   10  0.2482E-11  0.2518E-11
CALSDV   43   10  0.2534E-11  0.2573E-11
CALSDV   44   10  0.2590E-11  0.2628E-11
CALSDV   45   10  0.2646E-11  0.2686E-11
CALSDV   46   10  0.2719E-11  0.2760E-11
CALSDV   47   10  0.2781E-11  0.2824E-11
CALSDV   48   10  0.2871E-11  0.2914E-11
CALSDV   49   10  0.2942E-11  0.2987E-11
CALSDV   50   10  0.3044E-11  0.3093E-11
CALSDV   51   10  0.3127E-11  0.3178E-11
CALSDV   52   10  0.3248E-11  0.3300E-11
CALSDV   53   10  0.3345E-11  0.3400E-11
CALSDV   54   10  0.3476E-11  0.3531E-11
CALSDV   55   10  0.3589E-11  0.3649E-11
CALSDV   56   10  0.3736E-11  0.3798E-11
CALSDV   57   10  0.3875E-11  0.3931E-11
CALSDV   58   10  0.4048E-11  0.4107E-11
CALSDV   59   10  0.4198E-11  0.4245E-11
CALSDV   60   10  0.4317E-11  0.4360E-11
CALSDV   11   11  0.1094E-10  0.1088E-10
CALSDV   12   11  0.1163E-10  0.1158E-10
CALSDV   13   11  0.7693E-11  0.7652E-11
CALSDV   14   11  0.6079E-11  0.6023E-11
CALSDV   15   11  0.5895E-11  0.5885E-11
CALSDV   16   11  0.4243E-11  0.4193E-11
CALSDV   17   11  0.4274E-11  0.4256E-11
CALSDV   18   11  0.3497E-11  0.3463E-11
CALSDV   19   11  0.3246E-11  0.3224E-11
CALSDV   20   11  0.3083E-11  0.3058E-11
CALSDV   21   11  0.2679E-11  0.2657E-11
CALSDV   22   11  0.2802E-11  0.2787E-11
CALSDV   23   11  0.2395E-11  0.2374E-11
CALSDV   24   11  0.2604E-11  0.2586E-11
CALSDV   25   11  0.2267E-11  0.2249E-11
CALSDV   26   11  0.2462E-11  0.2448E-11
CALSDV   27   11  0.2220E-11  0.2205E-11
CALSDV   28   11  0.2369E-11  0.2358E-11
CALSDV   29   11  0.2213E-11  0.2201E-11
CALSDV   30   11  0.2316E-11  0.2305E-11
CALSDV   31   11  0.2231E-11  0.2222E-11
CALSDV   32   11  0.2297E-11  0.2286E-11
CALSDV   33   11  0.2262E-11  0.2255E-11
CALSDV   34   11  0.2301E-11  0.2292E-11
CALSDV   35   11  0.2309E-11  0.2302E-11
CALSDV   36   11  0.2333E-11  0.2323E-11
CALSDV   37   11  0.2369E-11  0.2360E-11
CALSDV   38   11  0.2384E-11  0.2377E-11
CALSDV   39   11  0.2442E-11  0.2434E-11
CALSDV   40   11  0.2455E-11  0.2448E-11
CALSDV   41   11  0.2530E-11  0.2523E-11
CALSDV   42   11  0.2550E-11  0.2540E-11
CALSDV   43   11  0.2633E-11  0.2626E-11
CALSDV   44   11  0.2661E-11  0.2653E-11
CALSDV   45   11  0.2754E-11  0.2747E-11
CALSDV   46   11  0.2794E-11  0.2785E-11
CALSDV   47   11  0.2895E-11  0.2887E-11
CALSDV   48   11  0.2948E-11  0.2940E-11
CALSDV   49   11  0.3059E-11  0.3050E-11
CALSDV   50   11  0.3129E-11  0.3118E-11
CALSDV   51   11  0.3247E-11  0.3237E-11
CALSDV   52   11  0.3336E-11  0.3325E-11
CALSDV   53   11  0.3462E-11  0.3452E-11
CALSDV   54   11  0.3565E-11  0.3555E-11
CALSDV   55   11  0.3704E-11  0.3694E-11
CALSDV   56   11  0.3828E-11  0.3819E-11
CALSDV   57   11  0.3984E-11  0.3975E-11
CALSDV   58   11  0.4137E-11  0.4128E-11
CALSDV   59   11  0.4317E-11  0.4309E-11
CALSDV   60   11  0.4406E-11  0.4399E-11
CALSDV   12   12  0.1073E-10  0.1066E-10
CALSDV   13   12  0.1045E-10  0.1038E-10
CALSDV   14   12  0.7159E-11  0.7164E-11
CALSDV   15   12  0.5265E-11  0.5242E-11
CALSDV   16   12  0.5766E-11  0.5773E-11
CALSDV   17   12  0.4079E-11  0.4070E-11
CALSDV   18   12  0.4423E-11  0.4430E-11
CALSDV   19   12  0.3753E-11  0.3746E-11
CALSDV   20   12  0.3567E-11  0.3574E-11
CALSDV   21   12  0.3513E-11  0.3514E-11
CALSDV   22   12  0.3095E-11  0.3101E-11
CALSDV   23   12  0.3289E-11  0.3290E-11
CALSDV   24   12  0.2848E-11  0.2853E-11
CALSDV   25   12  0.3087E-11  0.3092E-11
CALSDV   26   12  0.2728E-11  0.2728E-11
CALSDV   27   12  0.2925E-11  0.2926E-11
CALSDV   28   12  0.2664E-11  0.2671E-11
CALSDV   29   12  0.2799E-11  0.2803E-11
CALSDV   30   12  0.2636E-11  0.2642E-11
CALSDV   31   12  0.2714E-11  0.2718E-11
CALSDV   32   12  0.2633E-11  0.2637E-11
CALSDV   33   12  0.2663E-11  0.2668E-11
CALSDV   34   12  0.2645E-11  0.2650E-11
CALSDV   35   12  0.2645E-11  0.2647E-11
CALSDV   36   12  0.2673E-11  0.2678E-11
CALSDV   37   12  0.2652E-11  0.2655E-11
CALSDV   38   12  0.2713E-11  0.2719E-11
CALSDV   39   12  0.2683E-11  0.2689E-11
CALSDV   40   12  0.2770E-11  0.2780E-11
CALSDV   41   12  0.2738E-11  0.2745E-11
CALSDV   42   12  0.2843E-11  0.2855E-11
CALSDV   43   12  0.2816E-11  0.2826E-11
CALSDV   44   12  0.2935E-11  0.2948E-11
CALSDV   45   12  0.2916E-11  0.2928E-11
CALSDV   46   12  0.3046E-11  0.3061E-11
CALSDV   47   12  0.3038E-11  0.3053E-11
CALSDV   48   12  0.3177E-11  0.3194E-11
CALSDV   49   12  0.3185E-11  0.3201E-11
CALSDV   50   12  0.3333E-11  0.3351E-11
CALSDV   51   12  0.3359E-11  0.3377E-11
CALSDV   52   12  0.3516E-11  0.3536E-11
CALSDV   53   12  0.3560E-11  0.3582E-11
CALSDV   54   12  0.3720E-11  0.3744E-11
CALSDV   55   12  0.3789E-11  0.3812E-11
CALSDV   56   12  0.3964E-11  0.3988E-11
CALSDV   57   12  0.4060E-11  0.4082E-11
CALSDV   58   12  0.4257E-11  0.4280E-11
CALSDV   59   12  0.4409E-11  0.4428E-11
CALSDV   60   12  0.4550E-11  0.4571E-11
CALSDV   13   13  0.9167E-11  0.9262E-11
CALSDV   14   13  0.1024E-10  0.1026E-10
CALSDV   15   13  0.7446E-11  0.7479E-11
CALSDV   16   13  0.5673E-11  0.5688E-11
CALSDV   17   13  0.6201E-11  0.6209E-11
CALSDV   18   13  0.4417E-11  0.4416E-11
CALSDV   19   13  0.4643E-11  0.4652E-11
CALSDV   20   13  0.3836E-11  0.3839E-11
CALSDV   21   13  0.3546E-11  0.3553E-11
CALSDV   22   13  0.3406E-11  0.3419E-11
CALSDV   23   13  0.2920E-11  0.2934E-11
CALSDV   24   13  0.3075E-11  0.3090E-11
CALSDV   25   13  0.2619E-11  0.2637E-11
CALSDV   26   13  0.2828E-11  0.2843E-11
CALSDV   27   13  0.2499E-11  0.2518E-11
CALSDV   28   13  0.2651E-11  0.2670E-11
CALSDV   29   13  0.2477E-11  0.2497E-11
CALSDV   30   13  0.2549E-11  0.2568E-11
CALSDV   31   13  0.2497E-11  0.2516E-11
CALSDV   32   13  0.2500E-11  0.2516E-11
CALSDV   33   13  0.2539E-11  0.2557E-11
CALSDV   34   13  0.2495E-11  0.2509E-11
CALSDV   35   13  0.2595E-11  0.2609E-11
CALSDV   36   13  0.2520E-11  0.2536E-11
CALSDV   37   13  0.2657E-11  0.2671E-11
CALSDV   38   13  0.2573E-11  0.2588E-11
CALSDV   39   13  0.2732E-11  0.2744E-11
CALSDV   40   13  0.2651E-11  0.2666E-11
CALSDV   41   13  0.2816E-11  0.2830E-11
CALSDV   42   13  0.2746E-11  0.2760E-11
CALSDV   43   13  0.2913E-11  0.2927E-11
CALSDV   44   13  0.2861E-11  0.2878E-11
CALSDV   45   13  0.3027E-11  0.3039E-11
CALSDV   46   13  0.2995E-11  0.3011E-11
CALSDV   47   13  0.3156E-11  0.3168E-11
CALSDV   48   13  0.3152E-11  0.3167E-11
CALSDV   49   13  0.3306E-11  0.3320E-11
CALSDV   50   13  0.3327E-11  0.3343E-11
CALSDV   51   13  0.3477E-11  0.3492E-11
CALSDV   52   13  0.3527E-11  0.3544E-11
CALSDV   53   13  0.3673E-11  0.3689E-11
CALSDV   54   13  0.3744E-11  0.3765E-11
CALSDV   55   13  0.3892E-11  0.3912E-11
CALSDV   56   13  0.3998E-11  0.4020E-11
CALSDV   57   13  0.4154E-11  0.4175E-11
CALSDV   58   13  0.4297E-11  0.4319E-11
CALSDV   59   13  0.4509E-11  0.4529E-11
CALSDV   60   13  0.4594E-11  0.4611E-11
CALSDV   14   14  0.8539E-11  0.8498E-11
CALSDV   15   14  0.1086E-10  0.1055E-10
CALSDV   16   14  0.7330E-11  0.7085E-11
CALSDV   17   14  0.5601E-11  0.5452E-11
CALSDV   18   14  0.6055E-11  0.5940E-11
CALSDV   19   14  0.4315E-11  0.4182E-11
CALSDV   20   14  0.4561E-11  0.4487E-11
CALSDV   21   14  0.3964E-11  0.3876E-11
CALSDV   22   14  0.3605E-11  0.3516E-11
CALSDV   23   14  0.3733E-11  0.3668E-11
CALSDV   24   14  0.3134E-11  0.3048E-11
CALSDV   25   14  0.3521E-11  0.3465E-11
CALSDV   26   14  0.2960E-11  0.2871E-11
CALSDV   27   14  0.3336E-11  0.3282E-11
CALSDV   28   14  0.2929E-11  0.2840E-11
CALSDV   29   14  0.3188E-11  0.3135E-11
CALSDV   30   14  0.2950E-11  0.2871E-11
CALSDV   31   14  0.3082E-11  0.3028E-11
CALSDV   32   14  0.2990E-11  0.2915E-11
CALSDV   33   14  0.3017E-11  0.2959E-11
CALSDV   34   14  0.3038E-11  0.2963E-11
CALSDV   35   14  0.2992E-11  0.2926E-11
CALSDV   36   14  0.3090E-11  0.3014E-11
CALSDV   37   14  0.2993E-11  0.2924E-11
CALSDV   38   14  0.3146E-11  0.3068E-11
CALSDV   39   14  0.3021E-11  0.2949E-11
CALSDV   40   14  0.3210E-11  0.3126E-11
CALSDV   41   14  0.3077E-11  0.2997E-11
CALSDV   42   14  0.3284E-11  0.3196E-11
CALSDV   43   14  0.3151E-11  0.3064E-11
CALSDV   44   14  0.3367E-11  0.3276E-11
CALSDV   45   14  0.3249E-11  0.3156E-11
CALSDV   46   14  0.3469E-11  0.3371E-11
CALSDV   47   14  0.3369E-11  0.3267E-11
CALSDV   48   14  0.3589E-11  0.3482E-11
CALSDV   49   14  0.3512E-11  0.3403E-11
CALSDV   50   14  0.3729E-11  0.3615E-11
CALSDV   51   14  0.3678E-11  0.3558E-11
CALSDV   52   14  0.3892E-11  0.3768E-11
CALSDV   53   14  0.3869E-11  0.3739E-11
CALSDV   54   14  0.4074E-11  0.3942E-11
CALSDV   55   14  0.4080E-11  0.3945E-11
CALSDV   56   14  0.4293E-11  0.4156E-11
CALSDV   57   14  0.4330E-11  0.4197E-11
CALSDV   58   14  0.4556E-11  0.4421E-11
CALSDV   59   14  0.4695E-11  0.4553E-11
CALSDV   60   14  0.4864E-11  0.4716E-11
CALSDV   15   15  0.9336E-11  0.9377E-11
CALSDV   16   15  0.1074E-10  0.1058E-10
CALSDV   17   15  0.7487E-11  0.7239E-11
CALSDV   18   15  0.5755E-11  0.5695E-11
CALSDV   19   15  0.6560E-11  0.6426E-11
CALSDV   20   15  0.4504E-11  0.4344E-11
CALSDV   21   15  0.5154E-11  0.5074E-11
CALSDV   22   15  0.4032E-11  0.3893E-11
CALSDV   23   15  0.4112E-11  0.4048E-11
CALSDV   24   15  0.3678E-11  0.3573E-11
CALSDV   25   15  0.3521E-11  0.3433E-11
CALSDV   26   15  0.3381E-11  0.3296E-11
CALSDV   27   15  0.3226E-11  0.3133E-11
CALSDV   28   15  0.3150E-11  0.3080E-11
CALSDV   29   15  0.3095E-11  0.3007E-11
CALSDV   30   15  0.2986E-11  0.2924E-11
CALSDV   31   15  0.3055E-11  0.2974E-11
CALSDV   32   15  0.2894E-11  0.2831E-11
CALSDV   33   15  0.3062E-11  0.2988E-11
CALSDV   34   15  0.2860E-11  0.2795E-11
CALSDV   35   15  0.3095E-11  0.3023E-11
CALSDV   36   15  0.2872E-11  0.2801E-11
CALSDV   37   15  0.3141E-11  0.3071E-11
CALSDV   38   15  0.2918E-11  0.2841E-11
CALSDV   39   15  0.3202E-11  0.3127E-11
CALSDV   40   15  0.2993E-11  0.2907E-11
CALSDV   41   15  0.3274E-11  0.3194E-11
CALSDV   42   15  0.3089E-11  0.2998E-11
CALSDV   43   15  0.3356E-11  0.3270E-11
CALSDV   44   15  0.3205E-11  0.3108E-11
CALSDV   45   15  0.3454E-11  0.3361E-11
CALSDV   46   15  0.3339E-11  0.3235E-11
CALSDV   47   15  0.3569E-11  0.3466E-11
CALSDV   48   15  0.3494E-11  0.3382E-11
CALSDV   49   15  0.3701E-11  0.3590E-11
CALSDV   50   15  0.3669E-11  0.3548E-11
CALSDV   51   15  0.3858E-11  0.3733E-11
CALSDV   52   15  0.3860E-11  0.3731E-11
CALSDV   53   15  0.4030E-11  0.3897E-11
CALSDV   54   15  0.4071E-11  0.3933E-11
CALSDV   55   15  0.4225E-11  0.4084E-11
CALSDV   56   15  0.4311E-11  0.4165E-11
CALSDV   57   15  0.4459E-11  0.4315E-11
CALSDV   58   15  0.4591E-11  0.4440E-11
CALSDV   59   15  0.4830E-11  0.4663E-11
CALSDV   60   15  0.4910E-11  0.4733E-11
CALSDV   16   16  0.7770E-11  0.7662E-11
CALSDV   17   16  0.1048E-10  0.1032E-10
CALSDV   18   16  0.7548E-11  0.7378E-11
CALSDV   19   16  0.5618E-11  0.5510E-11
CALSDV   20   16  0.6510E-11  0.6398E-11
CALSDV   21   16  0.4546E-11  0.4465E-11
CALSDV   22   16  0.4938E-11  0.4871E-11
CALSDV   23   16  0.4244E-11  0.4194E-11
CALSDV   24   16  0.3841E-11  0.3807E-11
CALSDV   25   16  0.3983E-11  0.3953E-11
CALSDV   26   16  0.3320E-11  0.3285E-11
CALSDV   27   16  0.3735E-11  0.3708E-11
CALSDV   28   16  0.3165E-11  0.3129E-11
CALSDV   29   16  0.3535E-11  0.3502E-11
CALSDV   30   16  0.3188E-11  0.3146E-11
CALSDV   31   16  0.3381E-11  0.3355E-11
CALSDV   32   16  0.3268E-11  0.3226E-11
CALSDV   33   16  0.3291E-11  0.3265E-11
CALSDV   34   16  0.3360E-11  0.3317E-11
CALSDV   35   16  0.3250E-11  0.3223E-11
CALSDV   36   16  0.3453E-11  0.3404E-11
CALSDV   37   16  0.3256E-11  0.3221E-11
CALSDV   38   16  0.3537E-11  0.3480E-11
CALSDV   39   16  0.3291E-11  0.3256E-11
CALSDV   40   16  0.3618E-11  0.3556E-11
CALSDV   41   16  0.3348E-11  0.3314E-11
CALSDV   42   16  0.3692E-11  0.3634E-11
CALSDV   43   16  0.3432E-11  0.3390E-11
CALSDV   44   16  0.3774E-11  0.3712E-11
CALSDV   45   16  0.3531E-11  0.3487E-11
CALSDV   46   16  0.3863E-11  0.3799E-11
CALSDV   47   16  0.3650E-11  0.3596E-11
CALSDV   48   16  0.3965E-11  0.3896E-11
CALSDV   49   16  0.3784E-11  0.3726E-11
CALSDV   50   16  0.4083E-11  0.4012E-11
CALSDV   51   16  0.3938E-11  0.3879E-11
CALSDV   52   16  0.4215E-11  0.4141E-11
CALSDV   53   16  0.4109E-11  0.4042E-11
CALSDV   54   16  0.4364E-11  0.4290E-11
CALSDV   55   16  0.4296E-11  0.4231E-11
CALSDV   56   16  0.4546E-11  0.4473E-11
CALSDV   57   16  0.4520E-11  0.4454E-11
CALSDV   58   16  0.4770E-11  0.4697E-11
CALSDV   59   16  0.4880E-11  0.4810E-11
CALSDV   60   16  0.5069E-11  0.4987E-11
CALSDV   17   17  0.7477E-11  0.7396E-11
CALSDV   18   17  0.9174E-11  0.9070E-11
CALSDV   19   17  0.7354E-11  0.7256E-11
CALSDV   20   17  0.5173E-11  0.5079E-11
CALSDV   21   17  0.6476E-11  0.6422E-11
CALSDV   22   17  0.4773E-11  0.4705E-11
CALSDV   23   17  0.5046E-11  0.5006E-11
CALSDV   24   17  0.4564E-11  0.4508E-11
CALSDV   25   17  0.3991E-11  0.3947E-11
CALSDV   26   17  0.4177E-11  0.4129E-11
CALSDV   27   17  0.3406E-11  0.3371E-11
CALSDV   28   17  0.3762E-11  0.3722E-11
CALSDV   29   17  0.3164E-11  0.3126E-11
CALSDV   30   17  0.3421E-11  0.3383E-11
CALSDV   31   17  0.3109E-11  0.3070E-11
CALSDV   32   17  0.3179E-11  0.3146E-11
CALSDV   33   17  0.3133E-11  0.3102E-11
CALSDV   34   17  0.3051E-11  0.3021E-11
CALSDV   35   17  0.3200E-11  0.3166E-11
CALSDV   36   17  0.3015E-11  0.2984E-11
CALSDV   37   17  0.3280E-11  0.3251E-11
CALSDV   38   17  0.3056E-11  0.3021E-11
CALSDV   39   17  0.3371E-11  0.3336E-11
CALSDV   40   17  0.3142E-11  0.3107E-11
CALSDV   41   17  0.3466E-11  0.3428E-11
CALSDV   42   17  0.3258E-11  0.3221E-11
CALSDV   43   17  0.3566E-11  0.3525E-11
CALSDV   44   17  0.3399E-11  0.3359E-11
CALSDV   45   17  0.3677E-11  0.3630E-11
CALSDV   46   17  0.3558E-11  0.3511E-11
CALSDV   47   17  0.3800E-11  0.3747E-11
CALSDV   48   17  0.3726E-11  0.3676E-11
CALSDV   49   17  0.3931E-11  0.3875E-11
CALSDV   50   17  0.3910E-11  0.3852E-11
CALSDV   51   17  0.4081E-11  0.4020E-11
CALSDV   52   17  0.4101E-11  0.4042E-11
CALSDV   53   17  0.4240E-11  0.4178E-11
CALSDV   54   17  0.4299E-11  0.4241E-11
CALSDV   55   17  0.4415E-11  0.4355E-11
CALSDV   56   17  0.4524E-11  0.4464E-11
CALSDV   57   17  0.4626E-11  0.4565E-11
CALSDV   58   17  0.4779E-11  0.4716E-11
CALSDV   59   17  0.4980E-11  0.4913E-11
CALSDV   60   17  0.5078E-11  0.5017E-11
CALSDV   18   18  0.8786E-11  0.8750E-11
CALSDV   19   18  0.9429E-11  0.9429E-11
CALSDV   20   18  0.7959E-11  0.8016E-11
CALSDV   21   18  0.5075E-11  0.5108E-11
CALSDV   22   18  0.6830E-11  0.6846E-11
CALSDV   23   18  0.4592E-11  0.4613E-11
CALSDV   24   18  0.5178E-11  0.5177E-11
CALSDV   25   18  0.4502E-11  0.4513E-11
CALSDV   26   18  0.4035E-11  0.4035E-11
CALSDV   27   18  0.4253E-11  0.4265E-11
CALSDV   28   18  0.3539E-11  0.3540E-11
CALSDV   29   18  0.3967E-11  0.3977E-11
CALSDV   30   18  0.3463E-11  0.3463E-11
CALSDV   31   18  0.3729E-11  0.3738E-11
CALSDV   32   18  0.3566E-11  0.3567E-11
CALSDV   33   18  0.3575E-11  0.3573E-11
CALSDV   34   18  0.3707E-11  0.3715E-11
CALSDV   35   18  0.3503E-11  0.3504E-11
CALSDV   36   18  0.3843E-11  0.3852E-11
CALSDV   37   18  0.3496E-11  0.3498E-11
CALSDV   38   18  0.3963E-11  0.3975E-11
CALSDV   39   18  0.3545E-11  0.3542E-11
CALSDV   40   18  0.4062E-11  0.4074E-11
CALSDV   41   18  0.3622E-11  0.3624E-11
CALSDV   42   18  0.4150E-11  0.4160E-11
CALSDV   43   18  0.3720E-11  0.3720E-11
CALSDV   44   18  0.4226E-11  0.4237E-11
CALSDV   45   18  0.3837E-11  0.3837E-11
CALSDV   46   18  0.4304E-11  0.4314E-11
CALSDV   47   18  0.3962E-11  0.3965E-11
CALSDV   48   18  0.4385E-11  0.4397E-11
CALSDV   49   18  0.4098E-11  0.4101E-11
CALSDV   50   18  0.4476E-11  0.4486E-11
CALSDV   51   18  0.4240E-11  0.4244E-11
CALSDV   52   18  0.4574E-11  0.4584E-11
CALSDV   53   18  0.4391E-11  0.4395E-11
CALSDV   54   18  0.4685E-11  0.4696E-11
CALSDV   55   18  0.4550E-11  0.4561E-11
CALSDV   56   18  0.4822E-11  0.4836E-11
CALSDV   57   18  0.4738E-11  0.4746E-11
CALSDV   58   18  0.4998E-11  0.5009E-11
CALSDV   59   18  0.5077E-11  0.5086E-11
CALSDV   60   18  0.5261E-11  0.5274E-11
CALSDV   19   19  0.7156E-11  0.7115E-11
CALSDV   20   19  0.8925E-11  0.8939E-11
CALSDV   21   19  0.7454E-11  0.7430E-11
CALSDV   22   19  0.5041E-11  0.5061E-11
CALSDV   23   19  0.6564E-11  0.6548E-11
CALSDV   24   19  0.5097E-11  0.5094E-11
CALSDV   25   19  0.5155E-11  0.5146E-11
CALSDV   26   19  0.5121E-11  0.5117E-11
CALSDV   27   19  0.4152E-11  0.4150E-11
CALSDV   28   19  0.4795E-11  0.4795E-11
CALSDV   29   19  0.3632E-11  0.3634E-11
CALSDV   30   19  0.4363E-11  0.4368E-11
CALSDV   31   19  0.3426E-11  0.3437E-11
CALSDV   32   19  0.3981E-11  0.3987E-11
CALSDV   33   19  0.3392E-11  0.3403E-11
CALSDV   34   19  0.3706E-11  0.3712E-11
CALSDV   35   19  0.3440E-11  0.3437E-11
CALSDV   36   19  0.3558E-11  0.3562E-11
CALSDV   37   19  0.3514E-11  0.3506E-11
CALSDV   38   19  0.3511E-11  0.3513E-11
CALSDV   39   19  0.3610E-11  0.3597E-11
CALSDV   40   19  0.3554E-11  0.3555E-11
CALSDV   41   19  0.3709E-11  0.3700E-11
CALSDV   42   19  0.3651E-11  0.3650E-11
CALSDV   43   19  0.3821E-11  0.3809E-11
CALSDV   44   19  0.3778E-11  0.3776E-11
CALSDV   45   19  0.3940E-11  0.3924E-11
CALSDV   46   19  0.3931E-11  0.3926E-11
CALSDV   47   19  0.4065E-11  0.4049E-11
CALSDV   48   19  0.4094E-11  0.4086E-11
CALSDV   49   19  0.4200E-11  0.4183E-11
CALSDV   50   19  0.4268E-11  0.4259E-11
CALSDV   51   19  0.4346E-11  0.4330E-11
CALSDV   52   19  0.4442E-11  0.4430E-11
CALSDV   53   19  0.4496E-11  0.4478E-11
CALSDV   54   19  0.4626E-11  0.4611E-11
CALSDV   55   19  0.4658E-11  0.4641E-11
CALSDV   56   19  0.4818E-11  0.4802E-11
CALSDV   57   19  0.4841E-11  0.4821E-11
CALSDV   58   19  0.5031E-11  0.5013E-11
CALSDV   59   19  0.5171E-11  0.5151E-11
CALSDV   60   19  0.5303E-11  0.5287E-11
CALSDV   20   20  0.8734E-11  0.8777E-11
CALSDV   21   20  0.9253E-11  0.9241E-11
CALSDV   22   20  0.8354E-11  0.8354E-11
CALSDV   23   20  0.5061E-11  0.5054E-11
CALSDV   24   20  0.7212E-11  0.7225E-11
CALSDV   25   20  0.4899E-11  0.4889E-11
CALSDV   26   20  0.5501E-11  0.5503E-11
CALSDV   27   20  0.4890E-11  0.4880E-11
CALSDV   28   20  0.4305E-11  0.4312E-11
CALSDV   29   20  0.4608E-11  0.4599E-11
CALSDV   30   20  0.3786E-11  0.3795E-11
CALSDV   31   20  0.4259E-11  0.4251E-11
CALSDV   32   20  0.3727E-11  0.3726E-11
CALSDV   33   20  0.3982E-11  0.3969E-11
CALSDV   34   20  0.3861E-11  0.3857E-11
CALSDV   35   20  0.3818E-11  0.3806E-11
CALSDV   36   20  0.4042E-11  0.4036E-11
CALSDV   37   20  0.3775E-11  0.3762E-11
CALSDV   38   20  0.4205E-11  0.4206E-11
CALSDV   39   20  0.3813E-11  0.3798E-11
CALSDV   40   20  0.4353E-11  0.4354E-11
CALSDV   41   20  0.3911E-11  0.3899E-11
CALSDV   42   20  0.4478E-11  0.4476E-11
CALSDV   43   20  0.4042E-11  0.4031E-11
CALSDV   44   20  0.4587E-11  0.4581E-11
CALSDV   45   20  0.4186E-11  0.4169E-11
CALSDV   46   20  0.4683E-11  0.4673E-11
CALSDV   47   20  0.4334E-11  0.4319E-11
CALSDV   48   20  0.4772E-11  0.4760E-11
CALSDV   49   20  0.4482E-11  0.4461E-11
CALSDV   50   20  0.4862E-11  0.4845E-11
CALSDV   51   20  0.4626E-11  0.4608E-11
CALSDV   52   20  0.4951E-11  0.4933E-11
CALSDV   53   20  0.4759E-11  0.4739E-11
CALSDV   54   20  0.5045E-11  0.5025E-11
CALSDV   55   20  0.4896E-11  0.4878E-11
CALSDV   56   20  0.5154E-11  0.5135E-11
CALSDV   57   20  0.5042E-11  0.5023E-11
CALSDV   58   20  0.5287E-11  0.5268E-11
CALSDV   59   20  0.5343E-11  0.5325E-11
CALSDV   60   20  0.5504E-11  0.5495E-11
CALSDV   21   21  0.7280E-11  0.7282E-11
CALSDV   22   21  0.9026E-11  0.9030E-11
CALSDV   23   21  0.7642E-11  0.7684E-11
CALSDV   24   21  0.4998E-11  0.5001E-11
CALSDV   25   21  0.6667E-11  0.6700E-11
CALSDV   26   21  0.5337E-11  0.5369E-11
CALSDV   27   21  0.5280E-11  0.5310E-11
CALSDV   28   21  0.5537E-11  0.5574E-11
CALSDV   29   21  0.4363E-11  0.4400E-11
CALSDV   30   21  0.5286E-11  0.5322E-11
CALSDV   31   21  0.3950E-11  0.3982E-11
CALSDV   32   21  0.4871E-11  0.4899E-11
CALSDV   33   21  0.3818E-11  0.3846E-11
CALSDV   34   21  0.4485E-11  0.4500E-11
CALSDV   35   21  0.3816E-11  0.3844E-11
CALSDV   36   21  0.4203E-11  0.4217E-11
CALSDV   37   21  0.3868E-11  0.3889E-11
CALSDV   38   21  0.4064E-11  0.4075E-11
CALSDV   39   21  0.3938E-11  0.3964E-11
CALSDV   40   21  0.4026E-11  0.4043E-11
CALSDV   41   21  0.4029E-11  0.4054E-11
CALSDV   42   21  0.4090E-11  0.4096E-11
CALSDV   43   21  0.4137E-11  0.4161E-11
CALSDV   44   21  0.4204E-11  0.4218E-11
CALSDV   45   21  0.4252E-11  0.4280E-11
CALSDV   46   21  0.4345E-11  0.4367E-11
CALSDV   47   21  0.4377E-11  0.4408E-11
CALSDV   48   21  0.4504E-11  0.4527E-11
CALSDV   49   21  0.4507E-11  0.4543E-11
CALSDV   50   21  0.4664E-11  0.4697E-11
CALSDV   51   21  0.4644E-11  0.4683E-11
CALSDV   52   21  0.4825E-11  0.4860E-11
CALSDV   53   21  0.4786E-11  0.4825E-11
CALSDV   54   21  0.4981E-11  0.5021E-11
CALSDV   55   21  0.4927E-11  0.4969E-11
CALSDV   56   21  0.5143E-11  0.5181E-11
CALSDV   57   21  0.5076E-11  0.5121E-11
CALSDV   58   21  0.5303E-11  0.5348E-11
CALSDV   59   21  0.5371E-11  0.5417E-11
CALSDV   60   21  0.5541E-11  0.5572E-11
CALSDV   22   22  0.8228E-11  0.8101E-11
CALSDV   23   22  0.9261E-11  0.9263E-11
CALSDV   24   22  0.8583E-11  0.8473E-11
CALSDV   25   22  0.5116E-11  0.5114E-11
CALSDV   26   22  0.7471E-11  0.7426E-11
CALSDV   27   22  0.5245E-11  0.5217E-11
CALSDV   28   22  0.5761E-11  0.5743E-11
CALSDV   29   22  0.5300E-11  0.5290E-11
CALSDV   30   22  0.4580E-11  0.4571E-11
CALSDV   31   22  0.4956E-11  0.4954E-11
CALSDV   32   22  0.4083E-11  0.4082E-11
CALSDV   33   22  0.4528E-11  0.4525E-11
CALSDV   34   22  0.4030E-11  0.4032E-11
CALSDV   35   22  0.4193E-11  0.4190E-11
CALSDV   36   22  0.4163E-11  0.4173E-11
CALSDV   37   22  0.4017E-11  0.4018E-11
CALSDV   38   22  0.4352E-11  0.4362E-11
CALSDV   39   22  0.4009E-11  0.4009E-11
CALSDV   40   22  0.4530E-11  0.4542E-11
CALSDV   41   22  0.4098E-11  0.4107E-11
CALSDV   42   22  0.4688E-11  0.4707E-11
CALSDV   43   22  0.4255E-11  0.4271E-11
CALSDV   44   22  0.4830E-11  0.4849E-11
CALSDV   45   22  0.4443E-11  0.4465E-11
CALSDV   46   22  0.4955E-11  0.4979E-11
CALSDV   47   22  0.4631E-11  0.4656E-11
CALSDV   48   22  0.5064E-11  0.5092E-11
CALSDV   49   22  0.4804E-11  0.4838E-11
CALSDV   50   22  0.5164E-11  0.5197E-11
CALSDV   51   22  0.4960E-11  0.5002E-11
CALSDV   52   22  0.5255E-11  0.5297E-11
CALSDV   53   22  0.5093E-11  0.5140E-11
CALSDV   54   22  0.5345E-11  0.5390E-11
CALSDV   55   22  0.5211E-11  0.5259E-11
CALSDV   56   22  0.5436E-11  0.5482E-11
CALSDV   57   22  0.5312E-11  0.5368E-11
CALSDV   58   22  0.5529E-11  0.5584E-11
CALSDV   59   22  0.5571E-11  0.5614E-11
CALSDV   60   22  0.5734E-11  0.5730E-11
CALSDV   23   23  0.7347E-11  0.7589E-11
CALSDV   24   23  0.9322E-11  0.9282E-11
CALSDV   25   23  0.7933E-11  0.7947E-11
CALSDV   26   23  0.5019E-11  0.5078E-11
CALSDV   27   23  0.6863E-11  0.6822E-11
CALSDV   28   23  0.5556E-11  0.5590E-11
CALSDV   29   23  0.5459E-11  0.5424E-11
CALSDV   30   23  0.5891E-11  0.5895E-11
CALSDV   31   23  0.4644E-11  0.4602E-11
CALSDV   32   23  0.5684E-11  0.5659E-11
CALSDV   33   23  0.4354E-11  0.4310E-11
CALSDV   34   23  0.5289E-11  0.5234E-11
CALSDV   35   23  0.4309E-11  0.4257E-11
CALSDV   36   23  0.4915E-11  0.4840E-11
CALSDV   37   23  0.4359E-11  0.4287E-11
CALSDV   38   23  0.4667E-11  0.4571E-11
CALSDV   39   23  0.4436E-11  0.4346E-11
CALSDV   40   23  0.4572E-11  0.4474E-11
CALSDV   41   23  0.4516E-11  0.4412E-11
CALSDV   42   23  0.4587E-11  0.4488E-11
CALSDV   43   23  0.4615E-11  0.4504E-11
CALSDV   44   23  0.4683E-11  0.4587E-11
CALSDV   45   23  0.4717E-11  0.4612E-11
CALSDV   46   23  0.4831E-11  0.4742E-11
CALSDV   47   23  0.4834E-11  0.4735E-11
CALSDV   48   23  0.4992E-11  0.4919E-11
CALSDV   49   23  0.4952E-11  0.4867E-11
CALSDV   50   23  0.5155E-11  0.5088E-11
CALSDV   51   23  0.5076E-11  0.5001E-11
CALSDV   52   23  0.5308E-11  0.5247E-11
CALSDV   53   23  0.5198E-11  0.5131E-11
CALSDV   54   23  0.5450E-11  0.5395E-11
CALSDV   55   23  0.5318E-11  0.5257E-11
CALSDV   56   23  0.5573E-11  0.5523E-11
CALSDV   57   23  0.5428E-11  0.5374E-11
CALSDV   58   23  0.5686E-11  0.5640E-11
CALSDV   59   23  0.5668E-11  0.5626E-11
CALSDV   60   23  0.5834E-11  0.5828E-11
CALSDV   24   24  0.7848E-11  0.7887E-11
CALSDV   25   24  0.9446E-11  0.9496E-11
CALSDV   26   24  0.8719E-11  0.8737E-11
CALSDV   27   24  0.5273E-11  0.5315E-11
CALSDV   28   24  0.7624E-11  0.7641E-11
CALSDV   29   24  0.5632E-11  0.5673E-11
CALSDV   30   24  0.5959E-11  0.5962E-11
CALSDV   31   24  0.5748E-11  0.5782E-11
CALSDV   32   24  0.4861E-11  0.4878E-11
CALSDV   33   24  0.5354E-11  0.5389E-11
CALSDV   34   24  0.4422E-11  0.4442E-11
CALSDV   35   24  0.4837E-11  0.4873E-11
CALSDV   36   24  0.4393E-11  0.4409E-11
CALSDV   37   24  0.4444E-11  0.4481E-11
CALSDV   38   24  0.4521E-11  0.4533E-11
CALSDV   39   24  0.4266E-11  0.4293E-11
CALSDV   40   24  0.4698E-11  0.4709E-11
CALSDV   41   24  0.4301E-11  0.4323E-11
CALSDV   42   24  0.4873E-11  0.4887E-11
CALSDV   43   24  0.4457E-11  0.4485E-11
CALSDV   44   24  0.5038E-11  0.5054E-11
CALSDV   45   24  0.4677E-11  0.4703E-11
CALSDV   46   24  0.5192E-11  0.5207E-11
CALSDV   47   24  0.4920E-11  0.4940E-11
CALSDV   48   24  0.5336E-11  0.5348E-11
CALSDV   49   24  0.5140E-11  0.5165E-11
CALSDV   50   24  0.5462E-11  0.5476E-11
CALSDV   51   24  0.5330E-11  0.5352E-11
CALSDV   52   24  0.5574E-11  0.5596E-11
CALSDV   53   24  0.5470E-11  0.5506E-11
CALSDV   54   24  0.5669E-11  0.5702E-11
CALSDV   55   24  0.5580E-11  0.5617E-11
CALSDV   56   24  0.5755E-11  0.5793E-11
CALSDV   57   24  0.5642E-11  0.5688E-11
CALSDV   58   24  0.5824E-11  0.5869E-11
CALSDV   59   24  0.5838E-11  0.5884E-11
CALSDV   60   24  0.5961E-11  0.5988E-11
CALSDV   25   25  0.7604E-11  0.7570E-11
CALSDV   26   25  0.9709E-11  0.9728E-11
CALSDV   27   25  0.8375E-11  0.8428E-11
CALSDV   28   25  0.5239E-11  0.5286E-11
CALSDV   29   25  0.7153E-11  0.7155E-11
CALSDV   30   25  0.5854E-11  0.5885E-11
CALSDV   31   25  0.5662E-11  0.5651E-11
CALSDV   32   25  0.6217E-11  0.6226E-11
CALSDV   33   25  0.4900E-11  0.4889E-11
CALSDV   34   25  0.6001E-11  0.6000E-11
CALSDV   35   25  0.4721E-11  0.4710E-11
CALSDV   36   25  0.5578E-11  0.5580E-11
CALSDV   37   25  0.4786E-11  0.4774E-11
CALSDV   38   25  0.5219E-11  0.5220E-11
CALSDV   39   25  0.4886E-11  0.4871E-11
CALSDV   40   25  0.5013E-11  0.5018E-11
CALSDV   41   25  0.4997E-11  0.4975E-11
CALSDV   42   25  0.4993E-11  0.4992E-11
CALSDV   43   25  0.5096E-11  0.5075E-11
CALSDV   44   25  0.5084E-11  0.5086E-11
CALSDV   45   25  0.5195E-11  0.5177E-11
CALSDV   46   25  0.5237E-11  0.5240E-11
CALSDV   47   25  0.5301E-11  0.5283E-11
CALSDV   48   25  0.5428E-11  0.5425E-11
CALSDV   49   25  0.5408E-11  0.5389E-11
CALSDV   50   25  0.5605E-11  0.5604E-11
CALSDV   51   25  0.5507E-11  0.5501E-11
CALSDV   52   25  0.5757E-11  0.5767E-11
CALSDV   53   25  0.5607E-11  0.5600E-11
CALSDV   54   25  0.5885E-11  0.5892E-11
CALSDV   55   25  0.5685E-11  0.5691E-11
CALSDV   56   25  0.5975E-11  0.5990E-11
CALSDV   57   25  0.5743E-11  0.5750E-11
CALSDV   58   25  0.6031E-11  0.6040E-11
CALSDV   59   25  0.5920E-11  0.5933E-11
CALSDV   60   25  0.6126E-11  0.6136E-11
CALSDV   26   26  0.7712E-11  0.7788E-11
CALSDV   27   26  0.9814E-11  0.9864E-11
CALSDV   28   26  0.8977E-11  0.9035E-11
CALSDV   29   26  0.5608E-11  0.5619E-11
CALSDV   30   26  0.7810E-11  0.7848E-11
CALSDV   31   26  0.6181E-11  0.6193E-11
CALSDV   32   26  0.6166E-11  0.6190E-11
CALSDV   33   26  0.6331E-11  0.6325E-11
CALSDV   34   26  0.5191E-11  0.5207E-11
CALSDV   35   26  0.5880E-11  0.5872E-11
CALSDV   36   26  0.4849E-11  0.4842E-11
CALSDV   37   26  0.5281E-11  0.5268E-11
CALSDV   38   26  0.4833E-11  0.4827E-11
CALSDV   39   26  0.4834E-11  0.4827E-11
CALSDV   40   26  0.4936E-11  0.4936E-11
CALSDV   41   26  0.4650E-11  0.4645E-11
CALSDV   42   26  0.5092E-11  0.5088E-11
CALSDV   43   26  0.4722E-11  0.4724E-11
CALSDV   44   26  0.5255E-11  0.5259E-11
CALSDV   45   26  0.4935E-11  0.4947E-11
CALSDV   46   26  0.5422E-11  0.5420E-11
CALSDV   47   26  0.5204E-11  0.5210E-11
CALSDV   48   26  0.5585E-11  0.5583E-11
CALSDV   49   26  0.5481E-11  0.5474E-11
CALSDV   50   26  0.5739E-11  0.5732E-11
CALSDV   51   26  0.5708E-11  0.5699E-11
CALSDV   52   26  0.5887E-11  0.5877E-11
CALSDV   53   26  0.5877E-11  0.5865E-11
CALSDV   54   26  0.6007E-11  0.5994E-11
CALSDV   55   26  0.5983E-11  0.5970E-11
CALSDV   56   26  0.6099E-11  0.6085E-11
CALSDV   57   26  0.6017E-11  0.6004E-11
CALSDV   58   26  0.6153E-11  0.6140E-11
CALSDV   59   26  0.6142E-11  0.6131E-11
CALSDV   60   26  0.6226E-11  0.6220E-11
CALSDV   27   27  0.7557E-11  0.7553E-11
CALSDV   28   27  0.1019E-10  0.1019E-10
CALSDV   29   27  0.9138E-11  0.9047E-11
CALSDV   30   27  0.5631E-11  0.5608E-11
CALSDV   31   27  0.7695E-11  0.7659E-11
CALSDV   32   27  0.6282E-11  0.6279E-11
CALSDV   33   27  0.6006E-11  0.5974E-11
CALSDV   34   27  0.6583E-11  0.6580E-11
CALSDV   35   27  0.5198E-11  0.5197E-11
CALSDV   36   27  0.6276E-11  0.6280E-11
CALSDV   37   27  0.5096E-11  0.5099E-11
CALSDV   38   27  0.5798E-11  0.5801E-11
CALSDV   39   27  0.5259E-11  0.5256E-11
CALSDV   40   27  0.5437E-11  0.5438E-11
CALSDV   41   27  0.5444E-11  0.5439E-11
CALSDV   42   27  0.5294E-11  0.5293E-11
CALSDV   43   27  0.5609E-11  0.5591E-11
CALSDV   44   27  0.5363E-11  0.5365E-11
CALSDV   45   27  0.5746E-11  0.5725E-11
CALSDV   46   27  0.5546E-11  0.5556E-11
CALSDV   47   27  0.5876E-11  0.5846E-11
CALSDV   48   27  0.5772E-11  0.5788E-11
CALSDV   49   27  0.5977E-11  0.5944E-11
CALSDV   50   27  0.6001E-11  0.6012E-11
CALSDV   51   27  0.6062E-11  0.6025E-11
CALSDV   52   27  0.6193E-11  0.6202E-11
CALSDV   53   27  0.6131E-11  0.6099E-11
CALSDV   54   27  0.6334E-11  0.6343E-11
CALSDV   55   27  0.6162E-11  0.6139E-11
CALSDV   56   27  0.6407E-11  0.6416E-11
CALSDV   57   27  0.6144E-11  0.6140E-11
CALSDV   58   27  0.6412E-11  0.6426E-11
CALSDV   59   27  0.6234E-11  0.6229E-11
CALSDV   60   27  0.6430E-11  0.6436E-11
CALSDV   28   28  0.7715E-11  0.7726E-11
CALSDV   29   28  0.1027E-10  0.1027E-10
CALSDV   30   28  0.9377E-11  0.9363E-11
CALSDV   31   28  0.5967E-11  0.5952E-11
CALSDV   32   28  0.8066E-11  0.8070E-11
CALSDV   33   28  0.6745E-11  0.6741E-11
CALSDV   34   28  0.6411E-11  0.6433E-11
CALSDV   35   28  0.6937E-11  0.6918E-11
CALSDV   36   28  0.5569E-11  0.5549E-11
CALSDV   37   28  0.6439E-11  0.6408E-11
CALSDV   38   28  0.5310E-11  0.5299E-11
CALSDV   39   28  0.5780E-11  0.5744E-11
CALSDV   40   28  0.5326E-11  0.5309E-11
CALSDV   41   28  0.5318E-11  0.5275E-11
CALSDV   42   28  0.5415E-11  0.5402E-11
CALSDV   43   28  0.5157E-11  0.5108E-11
CALSDV   44   28  0.5541E-11  0.5528E-11
CALSDV   45   28  0.5279E-11  0.5231E-11
CALSDV   46   28  0.5697E-11  0.5674E-11
CALSDV   47   28  0.5556E-11  0.5495E-11
CALSDV   48   28  0.5864E-11  0.5842E-11
CALSDV   49   28  0.5839E-11  0.5794E-11
CALSDV   50   28  0.6022E-11  0.6008E-11
CALSDV   51   28  0.6093E-11  0.6066E-11
CALSDV   52   28  0.6192E-11  0.6180E-11
CALSDV   53   28  0.6290E-11  0.6263E-11
CALSDV   54   28  0.6338E-11  0.6325E-11
CALSDV   55   28  0.6396E-11  0.6370E-11
CALSDV   56   28  0.6442E-11  0.6420E-11
CALSDV   57   28  0.6393E-11  0.6367E-11
CALSDV   58   28  0.6477E-11  0.6453E-11
CALSDV   59   28  0.6445E-11  0.6417E-11
CALSDV   60   28  0.6495E-11  0.6483E-11
CALSDV   29   29  0.7226E-11  0.7263E-11
CALSDV   30   29  0.1081E-10  0.1072E-10
CALSDV   31   29  0.9851E-11  0.9820E-11
CALSDV   32   29  0.6195E-11  0.6119E-11
CALSDV   33   29  0.8336E-11  0.8339E-11
CALSDV   34   29  0.6887E-11  0.6846E-11
CALSDV   35   29  0.6458E-11  0.6452E-11
CALSDV   36   29  0.7113E-11  0.7068E-11
CALSDV   37   29  0.5591E-11  0.5562E-11
CALSDV   38   29  0.6706E-11  0.6661E-11
CALSDV   39   29  0.5494E-11  0.5456E-11
CALSDV   40   29  0.6192E-11  0.6137E-11
CALSDV   41   29  0.5685E-11  0.5651E-11
CALSDV   42   29  0.5885E-11  0.5831E-11
CALSDV   43   29  0.5909E-11  0.5886E-11
CALSDV   44   29  0.5843E-11  0.5784E-11
CALSDV   45   29  0.6115E-11  0.6099E-11
CALSDV   46   29  0.6033E-11  0.5971E-11
CALSDV   47   29  0.6277E-11  0.6269E-11
CALSDV   48   29  0.6309E-11  0.6256E-11
CALSDV   49   29  0.6429E-11  0.6415E-11
CALSDV   50   29  0.6573E-11  0.6528E-11
CALSDV   51   29  0.6529E-11  0.6517E-11
CALSDV   52   29  0.6801E-11  0.6759E-11
CALSDV   53   29  0.6598E-11  0.6592E-11
CALSDV   54   29  0.6938E-11  0.6901E-11
CALSDV   55   29  0.6627E-11  0.6602E-11
CALSDV   56   29  0.6986E-11  0.6943E-11
CALSDV   57   29  0.6563E-11  0.6542E-11
CALSDV   58   29  0.6906E-11  0.6871E-11
CALSDV   59   29  0.6569E-11  0.6529E-11
CALSDV   60   29  0.6809E-11  0.6774E-11
CALSDV   30   30  0.8207E-11  0.8265E-11
CALSDV   31   30  0.1140E-10  0.1122E-10
CALSDV   32   30  0.1005E-10  0.9899E-11
CALSDV   33   30  0.6641E-11  0.6500E-11
CALSDV   34   30  0.8465E-11  0.8509E-11
CALSDV   35   30  0.7270E-11  0.7147E-11
CALSDV   36   30  0.6808E-11  0.6827E-11
CALSDV   37   30  0.7374E-11  0.7353E-11
CALSDV   38   30  0.6092E-11  0.6112E-11
CALSDV   39   30  0.6838E-11  0.6868E-11
CALSDV   40   30  0.5966E-11  0.5994E-11
CALSDV   41   30  0.6195E-11  0.6257E-11
CALSDV   42   30  0.6029E-11  0.6058E-11
CALSDV   43   30  0.5833E-11  0.5860E-11
CALSDV   44   30  0.6133E-11  0.6142E-11
CALSDV   45   30  0.5789E-11  0.5800E-11
CALSDV   46   30  0.6239E-11  0.6240E-11
CALSDV   47   30  0.5984E-11  0.5997E-11
CALSDV   48   30  0.6353E-11  0.6367E-11
CALSDV   49   30  0.6273E-11  0.6316E-11
CALSDV   50   30  0.6473E-11  0.6517E-11
CALSDV   51   30  0.6537E-11  0.6608E-11
CALSDV   52   30  0.6619E-11  0.6667E-11
CALSDV   53   30  0.6737E-11  0.6820E-11
CALSDV   54   30  0.6743E-11  0.6800E-11
CALSDV   55   30  0.6827E-11  0.6915E-11
CALSDV   56   30  0.6826E-11  0.6889E-11
CALSDV   57   30  0.6767E-11  0.6869E-11
CALSDV   58   30  0.6814E-11  0.6898E-11
CALSDV   59   30  0.6746E-11  0.6778E-11
CALSDV   60   30  0.6782E-11  0.6808E-11
CALSDV   31   31  0.7755E-11  0.7725E-11
CALSDV   32   31  0.1127E-10  0.1153E-10
CALSDV   33   31  0.1022E-10  0.1054E-10
CALSDV   34   31  0.6640E-11  0.6897E-11
CALSDV   35   31  0.8902E-11  0.8949E-11
CALSDV   36   31  0.7481E-11  0.7600E-11
CALSDV   37   31  0.7030E-11  0.7017E-11
CALSDV   38   31  0.7648E-11  0.7686E-11
CALSDV   39   31  0.6125E-11  0.6128E-11
CALSDV   40   31  0.7125E-11  0.7123E-11
CALSDV   41   31  0.5949E-11  0.5990E-11
CALSDV   42   31  0.6529E-11  0.6527E-11
CALSDV   43   31  0.6067E-11  0.6102E-11
CALSDV   44   31  0.6261E-11  0.6256E-11
CALSDV   45   31  0.6247E-11  0.6277E-11
CALSDV   46   31  0.6334E-11  0.6327E-11
CALSDV   47   31  0.6434E-11  0.6469E-11
CALSDV   48   31  0.6617E-11  0.6610E-11
CALSDV   49   31  0.6607E-11  0.6625E-11
CALSDV   50   31  0.6986E-11  0.6957E-11
CALSDV   51   31  0.6776E-11  0.6773E-11
CALSDV   52   31  0.7299E-11  0.7258E-11
CALSDV   53   31  0.6912E-11  0.6887E-11
CALSDV   54   31  0.7500E-11  0.7428E-11
CALSDV   55   31  0.6974E-11  0.6930E-11
CALSDV   56   31  0.7547E-11  0.7465E-11
CALSDV   57   31  0.6936E-11  0.6861E-11
CALSDV   58   31  0.7432E-11  0.7333E-11
CALSDV   59   31  0.6844E-11  0.6831E-11
CALSDV   60   31  0.7169E-11  0.7160E-11
CALSDV   32   32  0.7823E-11  0.7616E-11
CALSDV   33   32  0.1126E-10  0.1123E-10
CALSDV   34   32  0.1040E-10  0.1040E-10
CALSDV   35   32  0.6760E-11  0.6724E-11
CALSDV   36   32  0.8781E-11  0.8781E-11
CALSDV   37   32  0.7834E-11  0.7813E-11
CALSDV   38   32  0.7048E-11  0.7013E-11
CALSDV   39   32  0.7992E-11  0.7975E-11
CALSDV   40   32  0.6381E-11  0.6342E-11
CALSDV   41   32  0.7358E-11  0.7330E-11
CALSDV   42   32  0.6320E-11  0.6283E-11
CALSDV   43   32  0.6608E-11  0.6562E-11
CALSDV   44   32  0.6389E-11  0.6375E-11
CALSDV   45   32  0.6184E-11  0.6146E-11
CALSDV   46   32  0.6473E-11  0.6478E-11
CALSDV   47   32  0.6167E-11  0.6127E-11
CALSDV   48   32  0.6590E-11  0.6593E-11
CALSDV   49   32  0.6426E-11  0.6396E-11
CALSDV   50   32  0.6723E-11  0.6733E-11
CALSDV   51   32  0.6773E-11  0.6742E-11
CALSDV   52   32  0.6916E-11  0.6912E-11
CALSDV   53   32  0.7081E-11  0.7047E-11
CALSDV   54   32  0.7097E-11  0.7076E-11
CALSDV   55   32  0.7243E-11  0.7205E-11
CALSDV   56   32  0.7216E-11  0.7187E-11
CALSDV   57   32  0.7199E-11  0.7172E-11
CALSDV   58   32  0.7213E-11  0.7195E-11
CALSDV   59   32  0.7081E-11  0.7060E-11
CALSDV   60   32  0.7106E-11  0.7086E-11
CALSDV   33   33  0.8264E-11  0.8202E-11
CALSDV   34   33  0.1160E-10  0.1159E-10
CALSDV   35   33  0.1131E-10  0.1125E-10
CALSDV   36   33  0.6858E-11  0.6888E-11
CALSDV   37   33  0.9439E-11  0.9421E-11
CALSDV   38   33  0.7922E-11  0.7955E-11
CALSDV   39   33  0.7267E-11  0.7260E-11
CALSDV   40   33  0.8060E-11  0.8053E-11
CALSDV   41   33  0.6433E-11  0.6437E-11
CALSDV   42   33  0.7391E-11  0.7398E-11
CALSDV   43   33  0.6539E-11  0.6549E-11
CALSDV   44   33  0.6697E-11  0.6712E-11
CALSDV   45   33  0.6909E-11  0.6934E-11
CALSDV   46   33  0.6430E-11  0.6442E-11
CALSDV   47   33  0.7275E-11  0.7275E-11
CALSDV   48   33  0.6574E-11  0.6576E-11
CALSDV   49   33  0.7540E-11  0.7535E-11
CALSDV   50   33  0.6952E-11  0.6944E-11
CALSDV   51   33  0.7700E-11  0.7688E-11
CALSDV   52   33  0.7363E-11  0.7358E-11
CALSDV   53   33  0.7766E-11  0.7757E-11
CALSDV   54   33  0.7674E-11  0.7685E-11
CALSDV   55   33  0.7726E-11  0.7727E-11
CALSDV   56   33  0.7811E-11  0.7827E-11
CALSDV   57   33  0.7525E-11  0.7534E-11
CALSDV   58   33  0.7720E-11  0.7734E-11
CALSDV   59   33  0.7275E-11  0.7288E-11
CALSDV   60   33  0.7457E-11  0.7466E-11
CALSDV   34   34  0.7833E-11  0.7895E-11
CALSDV   35   34  0.1159E-10  0.1164E-10
CALSDV   36   34  0.1094E-10  0.1107E-10
CALSDV   37   34  0.7067E-11  0.7207E-11
CALSDV   38   34  0.9200E-11  0.9199E-11
CALSDV   39   34  0.8437E-11  0.8510E-11
CALSDV   40   34  0.7385E-11  0.7399E-11
CALSDV   41   34  0.8644E-11  0.8656E-11
CALSDV   42   34  0.6775E-11  0.6776E-11
CALSDV   43   34  0.8000E-11  0.7988E-11
CALSDV   44   34  0.6786E-11  0.6768E-11
CALSDV   45   34  0.7292E-11  0.7271E-11
CALSDV   46   34  0.6912E-11  0.6867E-11
CALSDV   47   34  0.6980E-11  0.6963E-11
CALSDV   48   34  0.7008E-11  0.6969E-11
CALSDV   49   34  0.7032E-11  0.7026E-11
CALSDV   50   34  0.7129E-11  0.7085E-11
CALSDV   51   34  0.7304E-11  0.7290E-11
CALSDV   52   34  0.7297E-11  0.7240E-11
CALSDV   53   34  0.7608E-11  0.7580E-11
CALSDV   54   34  0.7484E-11  0.7427E-11
CALSDV   55   34  0.7776E-11  0.7739E-11
CALSDV   56   34  0.7629E-11  0.7570E-11
CALSDV   57   34  0.7711E-11  0.7662E-11
CALSDV   58   34  0.7620E-11  0.7571E-11
CALSDV   59   34  0.7458E-11  0.7451E-11
CALSDV   60   34  0.7419E-11  0.7412E-11
CALSDV   35   35  0.8077E-11  0.8279E-11
CALSDV   36   35  0.1211E-10  0.1209E-10
CALSDV   37   35  0.1215E-10  0.1213E-10
CALSDV   38   35  0.7376E-11  0.7352E-11
CALSDV   39   35  0.1011E-10  0.1012E-10
CALSDV   40   35  0.8588E-11  0.8584E-11
CALSDV   41   35  0.7765E-11  0.7775E-11
CALSDV   42   35  0.8606E-11  0.8612E-11
CALSDV   43   35  0.6889E-11  0.6891E-11
CALSDV   44   35  0.7830E-11  0.7840E-11
CALSDV   45   35  0.7049E-11  0.7041E-11
CALSDV   46   35  0.7154E-11  0.7163E-11
CALSDV   47   35  0.7482E-11  0.7485E-11
CALSDV   48   35  0.7011E-11  0.7004E-11
CALSDV   49   35  0.7871E-11  0.7877E-11
CALSDV   50   35  0.7286E-11  0.7299E-11
CALSDV   51   35  0.8137E-11  0.8161E-11
CALSDV   52   35  0.7748E-11  0.7767E-11
CALSDV   53   35  0.8267E-11  0.8298E-11
CALSDV   54   35  0.8146E-11  0.8163E-11
CALSDV   55   35  0.8246E-11  0.8266E-11
CALSDV   56   35  0.8350E-11  0.8351E-11
CALSDV   57   35  0.8024E-11  0.8043E-11
CALSDV   58   35  0.8243E-11  0.8253E-11
CALSDV   59   35  0.7673E-11  0.7681E-11
CALSDV   60   35  0.7869E-11  0.7869E-11
CALSDV   36   36  0.8487E-11  0.8444E-11
CALSDV   37   36  0.1211E-10  0.1210E-10
CALSDV   38   36  0.1178E-10  0.1172E-10
CALSDV   39   36  0.7639E-11  0.7610E-11
CALSDV   40   36  0.9733E-11  0.9726E-11
CALSDV   41   36  0.9172E-11  0.9152E-11
CALSDV   42   36  0.7858E-11  0.7836E-11
CALSDV   43   36  0.9342E-11  0.9312E-11
CALSDV   44   36  0.7316E-11  0.7302E-11
CALSDV   45   36  0.8721E-11  0.8670E-11
CALSDV   46   36  0.7418E-11  0.7408E-11
CALSDV   47   36  0.8145E-11  0.8081E-11
CALSDV   48   36  0.7585E-11  0.7580E-11
CALSDV   49   36  0.7978E-11  0.7917E-11
CALSDV   50   36  0.7716E-11  0.7720E-11
CALSDV   51   36  0.8104E-11  0.8048E-11
CALSDV   52   36  0.7868E-11  0.7860E-11
CALSDV   53   36  0.8340E-11  0.8288E-11
CALSDV   54   36  0.8019E-11  0.8007E-11
CALSDV   55   36  0.8463E-11  0.8415E-11
CALSDV   56   36  0.8118E-11  0.8100E-11
CALSDV   57   36  0.8299E-11  0.8270E-11
CALSDV   58   36  0.8086E-11  0.8073E-11
CALSDV   59   36  0.7926E-11  0.7902E-11
CALSDV   60   36  0.7811E-11  0.7790E-11
CALSDV   37   37  0.8187E-11  0.8132E-11
CALSDV   38   37  0.1262E-10  0.1265E-10
CALSDV   39   37  0.1291E-10  0.1304E-10
CALSDV   40   37  0.7929E-11  0.7977E-11
CALSDV   41   37  0.1072E-10  0.1075E-10
CALSDV   42   37  0.9291E-11  0.9285E-11
CALSDV   43   37  0.8232E-11  0.8238E-11
CALSDV   44   37  0.9163E-11  0.9148E-11
CALSDV   45   37  0.7366E-11  0.7369E-11
CALSDV   46   37  0.8256E-11  0.8262E-11
CALSDV   47   37  0.7584E-11  0.7608E-11
CALSDV   48   37  0.7565E-11  0.7600E-11
CALSDV   49   37  0.8061E-11  0.8086E-11
CALSDV   50   37  0.7545E-11  0.7561E-11
CALSDV   51   37  0.8476E-11  0.8486E-11
CALSDV   52   37  0.7982E-11  0.7991E-11
CALSDV   53   37  0.8725E-11  0.8743E-11
CALSDV   54   37  0.8482E-11  0.8501E-11
CALSDV   55   37  0.8769E-11  0.8780E-11
CALSDV   56   37  0.8791E-11  0.8809E-11
CALSDV   57   37  0.8565E-11  0.8548E-11
CALSDV   58   37  0.8727E-11  0.8732E-11
CALSDV   59   37  0.8084E-11  0.8088E-11
CALSDV   60   37  0.8280E-11  0.8288E-11
CALSDV   38   38  0.8950E-11  0.8943E-11
CALSDV   39   38  0.1272E-10  0.1265E-10
CALSDV   40   38  0.1272E-10  0.1252E-10
CALSDV   41   38  0.8290E-11  0.8119E-11
CALSDV   42   38  0.1041E-10  0.1027E-10
CALSDV   43   38  0.9890E-11  0.9823E-11
CALSDV   44   38  0.8381E-11  0.8299E-11
CALSDV   45   38  0.9987E-11  0.9949E-11
CALSDV   46   38  0.7916E-11  0.7865E-11
CALSDV   47   38  0.9393E-11  0.9371E-11
CALSDV   48   38  0.8108E-11  0.8102E-11
CALSDV   49   38  0.8972E-11  0.8933E-11
CALSDV   50   38  0.8349E-11  0.8363E-11
CALSDV   51   38  0.8929E-11  0.8931E-11
CALSDV   52   38  0.8539E-11  0.8549E-11
CALSDV   53   38  0.9086E-11  0.9126E-11
CALSDV   54   38  0.8692E-11  0.8692E-11
CALSDV   55   38  0.9183E-11  0.9219E-11
CALSDV   56   38  0.8770E-11  0.8760E-11
CALSDV   57   38  0.8999E-11  0.9010E-11
CALSDV   58   38  0.8673E-11  0.8662E-11
CALSDV   59   38  0.8454E-11  0.8434E-11
CALSDV   60   38  0.8252E-11  0.8240E-11
CALSDV   39   39  0.8512E-11  0.8464E-11
CALSDV   40   39  0.1319E-10  0.1324E-10
CALSDV   41   39  0.1387E-10  0.1388E-10
CALSDV   42   39  0.8604E-11  0.8693E-11
CALSDV   43   39  0.1134E-10  0.1134E-10
CALSDV   44   39  0.1003E-10  0.1007E-10
CALSDV   45   39  0.8658E-11  0.8709E-11
CALSDV   46   39  0.9715E-11  0.9765E-11
CALSDV   47   39  0.7872E-11  0.7923E-11
CALSDV   48   39  0.8681E-11  0.8740E-11
CALSDV   49   39  0.8233E-11  0.8252E-11
CALSDV   50   39  0.8051E-11  0.8100E-11
CALSDV   51   39  0.8783E-11  0.8777E-11
CALSDV   52   39  0.8183E-11  0.8222E-11
CALSDV   53   39  0.9157E-11  0.9171E-11
CALSDV   54   39  0.8694E-11  0.8755E-11
CALSDV   55   39  0.9286E-11  0.9318E-11
CALSDV   56   39  0.9144E-11  0.9196E-11
CALSDV   57   39  0.9093E-11  0.9125E-11
CALSDV   58   39  0.9204E-11  0.9256E-11
CALSDV   59   39  0.8530E-11  0.8581E-11
CALSDV   60   39  0.8709E-11  0.8726E-11
CALSDV   40   40  0.9397E-11  0.9384E-11
CALSDV   41   40  0.1341E-10  0.1343E-10
CALSDV   42   40  0.1376E-10  0.1376E-10
CALSDV   43   40  0.8900E-11  0.8957E-11
CALSDV   44   40  0.1112E-10  0.1110E-10
CALSDV   45   40  0.1058E-10  0.1058E-10
CALSDV   46   40  0.8877E-11  0.8888E-11
CALSDV   47   40  0.1060E-10  0.1062E-10
CALSDV   48   40  0.8544E-11  0.8531E-11
CALSDV   49   40  0.1006E-10  0.1007E-10
CALSDV   50   40  0.8967E-11  0.8938E-11
CALSDV   51   40  0.9789E-11  0.9779E-11
CALSDV   52   40  0.9375E-11  0.9358E-11
CALSDV   53   40  0.9871E-11  0.9852E-11
CALSDV   54   40  0.9601E-11  0.9581E-11
CALSDV   55   40  0.9964E-11  0.9931E-11
CALSDV   56   40  0.9640E-11  0.9646E-11
CALSDV   57   40  0.9725E-11  0.9700E-11
CALSDV   58   40  0.9439E-11  0.9432E-11
CALSDV   59   40  0.9011E-11  0.9003E-11
CALSDV   60   40  0.8829E-11  0.8818E-11
CALSDV   41   41  0.8983E-11  0.8973E-11
CALSDV   42   41  0.1392E-10  0.1378E-10
CALSDV   43   41  0.1498E-10  0.1475E-10
CALSDV   44   41  0.9517E-11  0.9454E-11
CALSDV   45   41  0.1196E-10  0.1187E-10
CALSDV   46   41  0.1093E-10  0.1088E-10
CALSDV   47   41  0.9138E-11  0.9084E-11
CALSDV   48   41  0.1041E-10  0.1039E-10
CALSDV   49   41  0.8539E-11  0.8485E-11
CALSDV   50   41  0.9287E-11  0.9271E-11
CALSDV   51   41  0.9056E-11  0.9005E-11
CALSDV   52   41  0.8768E-11  0.8758E-11
CALSDV   53   41  0.9609E-11  0.9584E-11
CALSDV   54   41  0.9028E-11  0.9023E-11
CALSDV   55   41  0.9872E-11  0.9844E-11
CALSDV   56   41  0.9522E-11  0.9504E-11
CALSDV   57   41  0.9726E-11  0.9677E-11
CALSDV   58   41  0.9698E-11  0.9664E-11
CALSDV   59   41  0.9080E-11  0.9021E-11
CALSDV   60   41  0.9207E-11  0.9152E-11
CALSDV   42   42  0.9825E-11  0.9794E-11
CALSDV   43   42  0.1422E-10  0.1425E-10
CALSDV   44   42  0.1513E-10  0.1527E-10
CALSDV   45   42  0.9770E-11  0.9799E-11
CALSDV   46   42  0.1198E-10  0.1205E-10
CALSDV   47   42  0.1129E-10  0.1130E-10
CALSDV   48   42  0.9436E-11  0.9471E-11
CALSDV   49   42  0.1114E-10  0.1115E-10
CALSDV   50   42  0.9243E-11  0.9277E-11
CALSDV   51   42  0.1058E-10  0.1056E-10
CALSDV   52   42  0.9972E-11  0.1001E-10
CALSDV   53   42  0.1038E-10  0.1038E-10
CALSDV   54   42  0.1054E-10  0.1059E-10
CALSDV   55   42  0.1046E-10  0.1044E-10
CALSDV   56   42  0.1069E-10  0.1074E-10
CALSDV   57   42  0.1029E-10  0.1027E-10
CALSDV   58   42  0.1040E-10  0.1043E-10
CALSDV   59   42  0.9516E-11  0.9501E-11
CALSDV   60   42  0.9512E-11  0.9542E-11
CALSDV   43   43  0.9523E-11  0.9542E-11
CALSDV   44   43  0.1453E-10  0.1447E-10
CALSDV   45   43  0.1593E-10  0.1593E-10
CALSDV   46   43  0.1036E-10  0.1036E-10
CALSDV   47   43  0.1245E-10  0.1244E-10
CALSDV   48   43  0.1184E-10  0.1181E-10
CALSDV   49   43  0.9569E-11  0.9569E-11
CALSDV   50   43  0.1116E-10  0.1111E-10
CALSDV   51   43  0.9279E-11  0.9296E-11
CALSDV   52   43  0.1006E-10  0.1002E-10
CALSDV   53   43  0.1001E-10  0.1003E-10
CALSDV   54   43  0.9714E-11  0.9686E-11
CALSDV   55   43  0.1051E-10  0.1053E-10
CALSDV   56   43  0.1001E-10  0.9993E-11
CALSDV   57   43  0.1044E-10  0.1043E-10
CALSDV   58   43  0.1021E-10  0.1019E-10
CALSDV   59   43  0.9649E-11  0.9651E-11
CALSDV   60   43  0.9662E-11  0.9671E-11
CALSDV   44   44  0.1007E-10  0.1012E-10
CALSDV   45   44  0.1529E-10  0.1518E-10
CALSDV   46   44  0.1683E-10  0.1651E-10
CALSDV   47   44  0.1089E-10  0.1064E-10
CALSDV   48   44  0.1295E-10  0.1286E-10
CALSDV   49   44  0.1225E-10  0.1211E-10
CALSDV   50   44  0.1004E-10  0.9961E-11
CALSDV   51   44  0.1194E-10  0.1184E-10
CALSDV   52   44  0.1009E-10  0.1006E-10
CALSDV   53   44  0.1137E-10  0.1131E-10
CALSDV   54   44  0.1108E-10  0.1108E-10
CALSDV   55   44  0.1119E-10  0.1115E-10
CALSDV   56   44  0.1163E-10  0.1166E-10
CALSDV   57   44  0.1095E-10  0.1098E-10
CALSDV   58   44  0.1138E-10  0.1144E-10
CALSDV   59   44  0.1012E-10  0.1008E-10
CALSDV   60   44  0.1032E-10  0.1029E-10
CALSDV   45   45  0.1031E-10  0.1067E-10
CALSDV   46   45  0.1573E-10  0.1586E-10
CALSDV   47   45  0.1718E-10  0.1707E-10
CALSDV   48   45  0.1141E-10  0.1143E-10
CALSDV   49   45  0.1303E-10  0.1302E-10
CALSDV   50   45  0.1272E-10  0.1271E-10
CALSDV   51   45  0.1032E-10  0.1032E-10
CALSDV   52   45  0.1197E-10  0.1202E-10
CALSDV   53   45  0.1064E-10  0.1059E-10
CALSDV   54   45  0.1108E-10  0.1112E-10
CALSDV   55   45  0.1147E-10  0.1146E-10
CALSDV   56   45  0.1090E-10  0.1096E-10
CALSDV   57   45  0.1152E-10  0.1155E-10
CALSDV   58   45  0.1094E-10  0.1101E-10
CALSDV   59   45  0.1049E-10  0.1051E-10
CALSDV   60   45  0.1027E-10  0.1033E-10
CALSDV   46   46  0.1097E-10  0.1109E-10
CALSDV   47   46  0.1659E-10  0.1668E-10
CALSDV   48   46  0.1775E-10  0.1814E-10
CALSDV   49   46  0.1198E-10  0.1223E-10
CALSDV   50   46  0.1375E-10  0.1378E-10
CALSDV   51   46  0.1329E-10  0.1337E-10
CALSDV   52   46  0.1086E-10  0.1079E-10
CALSDV   53   46  0.1290E-10  0.1295E-10
CALSDV   54   46  0.1110E-10  0.1099E-10
CALSDV   55   46  0.1228E-10  0.1233E-10
CALSDV   56   46  0.1204E-10  0.1187E-10
CALSDV   57   46  0.1184E-10  0.1180E-10
CALSDV   58   46  0.1218E-10  0.1199E-10
CALSDV   59   46  0.1079E-10  0.1079E-10
CALSDV   60   46  0.1100E-10  0.1095E-10
CALSDV   47   47  0.1032E-10  0.1014E-10
CALSDV   48   47  0.1614E-10  0.1628E-10
CALSDV   49   47  0.1789E-10  0.1819E-10
CALSDV   50   47  0.1228E-10  0.1256E-10
CALSDV   51   47  0.1313E-10  0.1327E-10
CALSDV   52   47  0.1363E-10  0.1379E-10
CALSDV   53   47  0.1066E-10  0.1081E-10
CALSDV   54   47  0.1283E-10  0.1294E-10
CALSDV   55   47  0.1146E-10  0.1151E-10
CALSDV   56   47  0.1202E-10  0.1212E-10
CALSDV   57   47  0.1212E-10  0.1208E-10
CALSDV   58   47  0.1175E-10  0.1178E-10
CALSDV   59   47  0.1125E-10  0.1125E-10
CALSDV   60   47  0.1096E-10  0.1097E-10
CALSDV   48   48  0.1071E-10  0.1070E-10
CALSDV   49   48  0.1698E-10  0.1707E-10
CALSDV   50   48  0.1894E-10  0.1915E-10
CALSDV   51   48  0.1243E-10  0.1258E-10
CALSDV   52   48  0.1363E-10  0.1371E-10
CALSDV   53   48  0.1342E-10  0.1347E-10
CALSDV   54   48  0.1113E-10  0.1119E-10
CALSDV   55   48  0.1288E-10  0.1291E-10
CALSDV   56   48  0.1224E-10  0.1228E-10
CALSDV   57   48  0.1229E-10  0.1228E-10
CALSDV   58   48  0.1302E-10  0.1304E-10
CALSDV   59   48  0.1129E-10  0.1133E-10
CALSDV   60   48  0.1197E-10  0.1201E-10
CALSDV   49   49  0.9802E-11  0.9717E-11
CALSDV   50   49  0.1713E-10  0.1703E-10
CALSDV   51   49  0.1875E-10  0.1864E-10
CALSDV   52   49  0.1344E-10  0.1337E-10
CALSDV   53   49  0.1305E-10  0.1302E-10
CALSDV   54   49  0.1482E-10  0.1478E-10
CALSDV   55   49  0.1131E-10  0.1128E-10
CALSDV   56   49  0.1409E-10  0.1402E-10
CALSDV   57   49  0.1235E-10  0.1230E-10
CALSDV   58   49  0.1317E-10  0.1312E-10
CALSDV   59   49  0.1194E-10  0.1194E-10
CALSDV   60   49  0.1190E-10  0.1185E-10
CALSDV   50   50  0.1048E-10  0.1032E-10
CALSDV   51   50  0.1841E-10  0.1844E-10
CALSDV   52   50  0.1979E-10  0.1976E-10
CALSDV   53   50  0.1337E-10  0.1340E-10
CALSDV   54   50  0.1351E-10  0.1352E-10
CALSDV   55   50  0.1470E-10  0.1476E-10
CALSDV   56   50  0.1187E-10  0.1186E-10
CALSDV   57   50  0.1421E-10  0.1424E-10
CALSDV   58   50  0.1319E-10  0.1323E-10
CALSDV   59   50  0.1261E-10  0.1263E-10
CALSDV   60   50  0.1272E-10  0.1274E-10
CALSDV   51   51  0.9385E-11  0.9440E-11
CALSDV   52   51  0.1836E-10  0.1859E-10
CALSDV   53   51  0.1908E-10  0.1917E-10
CALSDV   54   51  0.1440E-10  0.1458E-10
CALSDV   55   51  0.1297E-10  0.1306E-10
CALSDV   56   51  0.1621E-10  0.1625E-10
CALSDV   57   51  0.1242E-10  0.1247E-10
CALSDV   58   51  0.1534E-10  0.1540E-10
CALSDV   59   51  0.1265E-10  0.1273E-10
CALSDV   60   51  0.1325E-10  0.1337E-10
CALSDV   52   52  0.1002E-10  0.1001E-10
CALSDV   53   52  0.1939E-10  0.1924E-10
CALSDV   54   52  0.1998E-10  0.1982E-10
CALSDV   55   52  0.1448E-10  0.1433E-10
CALSDV   56   52  0.1316E-10  0.1308E-10
CALSDV   57   52  0.1600E-10  0.1601E-10
CALSDV   58   52  0.1292E-10  0.1282E-10
CALSDV   59   52  0.1432E-10  0.1429E-10
CALSDV   60   52  0.1339E-10  0.1331E-10
CALSDV   53   53  0.9021E-11  0.8931E-11
CALSDV   54   53  0.1967E-10  0.1956E-10
CALSDV   55   53  0.1911E-10  0.1911E-10
CALSDV   56   53  0.1578E-10  0.1570E-10
CALSDV   57   53  0.1343E-10  0.1352E-10
CALSDV   58   53  0.1767E-10  0.1756E-10
CALSDV   59   53  0.1333E-10  0.1342E-10
CALSDV   60   53  0.1541E-10  0.1525E-10
CALSDV   54   54  0.9826E-11  0.9734E-11
CALSDV   55   54  0.1879E-10  0.1889E-10
CALSDV   56   54  0.1932E-10  0.1951E-10
CALSDV   57   54  0.1580E-10  0.1587E-10
CALSDV   58   54  0.1311E-10  0.1323E-10
CALSDV   59   54  0.1630E-10  0.1635E-10
CALSDV   60   54  0.1366E-10  0.1378E-10
CALSDV   55   55  0.9644E-11  0.9636E-11
CALSDV   56   55  0.1955E-10  0.1945E-10
CALSDV   57   55  0.1927E-10  0.1936E-10
CALSDV   58   55  0.1737E-10  0.1734E-10
CALSDV   59   55  0.1487E-10  0.1487E-10
CALSDV   60   55  0.1776E-10  0.1771E-10
CALSDV   56   56  0.1019E-10  0.1011E-10
CALSDV   57   56  0.1620E-10  0.1633E-10
CALSDV   58   56  0.1869E-10  0.1898E-10
CALSDV   59   56  0.1726E-10  0.1743E-10
CALSDV   60   56  0.1439E-10  0.1462E-10
CALSDV   57   57  0.1116E-10  0.1105E-10
CALSDV   58   57  0.1695E-10  0.1688E-10
CALSDV   59   57  0.2108E-10  0.2114E-10
CALSDV   60   57  0.1843E-10  0.1849E-10
CALSDV   58   58  0.1112E-10  0.1125E-10
CALSDV   59   58  0.1386E-10  0.1373E-10
CALSDV   60   58  0.2092E-10  0.2055E-10
CALSDV   59   59  0.9978E-11  0.9903E-11
CALSDV   60   59  0.1402E-10  0.1397E-10
CALSDV   60   60  0.1054E-10  0.1092E-10
