  This file contains calibrated standard deviations 
       The relevant data lines start with key CALSDV 
       Each such line contains the following data 
           N   M   C_SIGMA   S_SIGMA 
                 FOR M=0 S_SIGMA=0.0 
     
CALSDV    0    0  0.0000E+00  0.0000E+00
CALSDV    1    0  0.0000E+00  0.0000E+00
CALSDV    2    0  0.4080E-10  0.0000E+00
CALSDV    3    0  0.9298E-11  0.0000E+00
CALSDV    4    0  0.3556E-11  0.0000E+00
CALSDV    5    0  0.2393E-11  0.0000E+00
CALSDV    6    0  0.1823E-11  0.0000E+00
CALSDV    7    0  0.1472E-11  0.0000E+00
CALSDV    8    0  0.1242E-11  0.0000E+00
CALSDV    9    0  0.1082E-11  0.0000E+00
CALSDV   10    0  0.9654E-12  0.0000E+00
CALSDV   11    0  0.8771E-12  0.0000E+00
CALSDV   12    0  0.8085E-12  0.0000E+00
CALSDV   13    0  0.7565E-12  0.0000E+00
CALSDV   14    0  0.7139E-12  0.0000E+00
CALSDV   15    0  0.6808E-12  0.0000E+00
CALSDV   16    0  0.6539E-12  0.0000E+00
CALSDV   17    0  0.6334E-12  0.0000E+00
CALSDV   18    0  0.6163E-12  0.0000E+00
CALSDV   19    0  0.6040E-12  0.0000E+00
CALSDV   20    0  0.5949E-12  0.0000E+00
CALSDV   21    0  0.5881E-12  0.0000E+00
CALSDV   22    0  0.5838E-12  0.0000E+00
CALSDV   23    0  0.5822E-12  0.0000E+00
CALSDV   24    0  0.5822E-12  0.0000E+00
CALSDV   25    0  0.5840E-12  0.0000E+00
CALSDV   26    0  0.5880E-12  0.0000E+00
CALSDV   27    0  0.5934E-12  0.0000E+00
CALSDV   28    0  0.5997E-12  0.0000E+00
CALSDV   29    0  0.6083E-12  0.0000E+00
CALSDV   30    0  0.6181E-12  0.0000E+00
CALSDV   31    0  0.6294E-12  0.0000E+00
CALSDV   32    0  0.6421E-12  0.0000E+00
CALSDV   33    0  0.6566E-12  0.0000E+00
CALSDV   34    0  0.6715E-12  0.0000E+00
CALSDV   35    0  0.6889E-12  0.0000E+00
CALSDV   36    0  0.7071E-12  0.0000E+00
CALSDV   37    0  0.7276E-12  0.0000E+00
CALSDV   38    0  0.7495E-12  0.0000E+00
CALSDV   39    0  0.7732E-12  0.0000E+00
CALSDV   40    0  0.7986E-12  0.0000E+00
CALSDV   41    0  0.8259E-12  0.0000E+00
CALSDV   42    0  0.8549E-12  0.0000E+00
CALSDV   43    0  0.8863E-12  0.0000E+00
CALSDV   44    0  0.9195E-12  0.0000E+00
CALSDV   45    0  0.9552E-12  0.0000E+00
CALSDV   46    0  0.9931E-12  0.0000E+00
CALSDV   47    0  0.1033E-11  0.0000E+00
CALSDV   48    0  0.1077E-11  0.0000E+00
CALSDV   49    0  0.1122E-11  0.0000E+00
CALSDV   50    0  0.1171E-11  0.0000E+00
CALSDV   51    0  0.1222E-11  0.0000E+00
CALSDV   52    0  0.1278E-11  0.0000E+00
CALSDV   53    0  0.1336E-11  0.0000E+00
CALSDV   54    0  0.1399E-11  0.0000E+00
CALSDV   55    0  0.1463E-11  0.0000E+00
CALSDV   56    0  0.1534E-11  0.0000E+00
CALSDV   57    0  0.1602E-11  0.0000E+00
CALSDV   58    0  0.1677E-11  0.0000E+00
CALSDV   59    0  0.1590E-11  0.0000E+00
CALSDV   60    0  0.1651E-11  0.0000E+00
CALSDV    1    1  0.0000E+00  0.0000E+00
CALSDV    2    1  0.2525E-10  0.2467E-10
CALSDV    3    1  0.7276E-11  0.7132E-11
CALSDV    4    1  0.3796E-11  0.3749E-11
CALSDV    5    1  0.2541E-11  0.2511E-11
CALSDV    6    1  0.1912E-11  0.1891E-11
CALSDV    7    1  0.1535E-11  0.1520E-11
CALSDV    8    1  0.1288E-11  0.1275E-11
CALSDV    9    1  0.1115E-11  0.1104E-11
CALSDV   10    1  0.9903E-12  0.9807E-12
CALSDV   11    1  0.8973E-12  0.8888E-12
CALSDV   12    1  0.8262E-12  0.8182E-12
CALSDV   13    1  0.7699E-12  0.7627E-12
CALSDV   14    1  0.7264E-12  0.7198E-12
CALSDV   15    1  0.6917E-12  0.6850E-12
CALSDV   16    1  0.6637E-12  0.6575E-12
CALSDV   17    1  0.6414E-12  0.6353E-12
CALSDV   18    1  0.6246E-12  0.6188E-12
CALSDV   19    1  0.6116E-12  0.6055E-12
CALSDV   20    1  0.6010E-12  0.5957E-12
CALSDV   21    1  0.5945E-12  0.5890E-12
CALSDV   22    1  0.5900E-12  0.5843E-12
CALSDV   23    1  0.5878E-12  0.5822E-12
CALSDV   24    1  0.5876E-12  0.5822E-12
CALSDV   25    1  0.5897E-12  0.5842E-12
CALSDV   26    1  0.5928E-12  0.5873E-12
CALSDV   27    1  0.5982E-12  0.5927E-12
CALSDV   28    1  0.6047E-12  0.5991E-12
CALSDV   29    1  0.6133E-12  0.6075E-12
CALSDV   30    1  0.6228E-12  0.6172E-12
CALSDV   31    1  0.6341E-12  0.6284E-12
CALSDV   32    1  0.6468E-12  0.6408E-12
CALSDV   33    1  0.6611E-12  0.6551E-12
CALSDV   34    1  0.6762E-12  0.6701E-12
CALSDV   35    1  0.6937E-12  0.6874E-12
CALSDV   36    1  0.7120E-12  0.7056E-12
CALSDV   37    1  0.7322E-12  0.7258E-12
CALSDV   38    1  0.7543E-12  0.7477E-12
CALSDV   39    1  0.7780E-12  0.7711E-12
CALSDV   40    1  0.8035E-12  0.7963E-12
CALSDV   41    1  0.8310E-12  0.8236E-12
CALSDV   42    1  0.8601E-12  0.8525E-12
CALSDV   43    1  0.8914E-12  0.8836E-12
CALSDV   44    1  0.9250E-12  0.9168E-12
CALSDV   45    1  0.9606E-12  0.9520E-12
CALSDV   46    1  0.9987E-12  0.9900E-12
CALSDV   47    1  0.1039E-11  0.1030E-11
CALSDV   48    1  0.1083E-11  0.1073E-11
CALSDV   49    1  0.1128E-11  0.1119E-11
CALSDV   50    1  0.1178E-11  0.1167E-11
CALSDV   51    1  0.1229E-11  0.1218E-11
CALSDV   52    1  0.1285E-11  0.1274E-11
CALSDV   53    1  0.1343E-11  0.1331E-11
CALSDV   54    1  0.1406E-11  0.1394E-11
CALSDV   55    1  0.1471E-11  0.1458E-11
CALSDV   56    1  0.1542E-11  0.1529E-11
CALSDV   57    1  0.1610E-11  0.1596E-11
CALSDV   58    1  0.1686E-11  0.1671E-11
CALSDV   59    1  0.1600E-11  0.1587E-11
CALSDV   60    1  0.1661E-11  0.1648E-11
CALSDV    2    2  0.2366E-10  0.2362E-10
CALSDV    3    2  0.1074E-10  0.1070E-10
CALSDV    4    2  0.5180E-11  0.5195E-11
CALSDV    5    2  0.3212E-11  0.3212E-11
CALSDV    6    2  0.2332E-11  0.2328E-11
CALSDV    7    2  0.1786E-11  0.1779E-11
CALSDV    8    2  0.1464E-11  0.1460E-11
CALSDV    9    2  0.1237E-11  0.1233E-11
CALSDV   10    2  0.1085E-11  0.1082E-11
CALSDV   11    2  0.9678E-12  0.9647E-12
CALSDV   12    2  0.8818E-12  0.8788E-12
CALSDV   13    2  0.8149E-12  0.8120E-12
CALSDV   14    2  0.7632E-12  0.7605E-12
CALSDV   15    2  0.7222E-12  0.7198E-12
CALSDV   16    2  0.6894E-12  0.6869E-12
CALSDV   17    2  0.6640E-12  0.6615E-12
CALSDV   18    2  0.6436E-12  0.6413E-12
CALSDV   19    2  0.6282E-12  0.6258E-12
CALSDV   20    2  0.6162E-12  0.6138E-12
CALSDV   21    2  0.6074E-12  0.6052E-12
CALSDV   22    2  0.6017E-12  0.5996E-12
CALSDV   23    2  0.5985E-12  0.5962E-12
CALSDV   24    2  0.5971E-12  0.5950E-12
CALSDV   25    2  0.5983E-12  0.5961E-12
CALSDV   26    2  0.6007E-12  0.5985E-12
CALSDV   27    2  0.6052E-12  0.6030E-12
CALSDV   28    2  0.6117E-12  0.6095E-12
CALSDV   29    2  0.6196E-12  0.6172E-12
CALSDV   30    2  0.6285E-12  0.6262E-12
CALSDV   31    2  0.6396E-12  0.6373E-12
CALSDV   32    2  0.6514E-12  0.6491E-12
CALSDV   33    2  0.6655E-12  0.6631E-12
CALSDV   34    2  0.6808E-12  0.6784E-12
CALSDV   35    2  0.6977E-12  0.6953E-12
CALSDV   36    2  0.7159E-12  0.7133E-12
CALSDV   37    2  0.7362E-12  0.7337E-12
CALSDV   38    2  0.7576E-12  0.7548E-12
CALSDV   39    2  0.7812E-12  0.7785E-12
CALSDV   40    2  0.8064E-12  0.8036E-12
CALSDV   41    2  0.8336E-12  0.8306E-12
CALSDV   42    2  0.8626E-12  0.8596E-12
CALSDV   43    2  0.8939E-12  0.8908E-12
CALSDV   44    2  0.9270E-12  0.9238E-12
CALSDV   45    2  0.9627E-12  0.9594E-12
CALSDV   46    2  0.1001E-11  0.9971E-12
CALSDV   47    2  0.1041E-11  0.1037E-11
CALSDV   48    2  0.1084E-11  0.1080E-11
CALSDV   49    2  0.1130E-11  0.1126E-11
CALSDV   50    2  0.1179E-11  0.1175E-11
CALSDV   51    2  0.1230E-11  0.1226E-11
CALSDV   52    2  0.1286E-11  0.1282E-11
CALSDV   53    2  0.1344E-11  0.1340E-11
CALSDV   54    2  0.1407E-11  0.1402E-11
CALSDV   55    2  0.1472E-11  0.1468E-11
CALSDV   56    2  0.1543E-11  0.1538E-11
CALSDV   57    2  0.1612E-11  0.1607E-11
CALSDV   58    2  0.1688E-11  0.1683E-11
CALSDV   59    2  0.1616E-11  0.1612E-11
CALSDV   60    2  0.1676E-11  0.1672E-11
CALSDV    3    3  0.2443E-10  0.2462E-10
CALSDV    4    3  0.1023E-10  0.1020E-10
CALSDV    5    3  0.6935E-11  0.6982E-11
CALSDV    6    3  0.3653E-11  0.3649E-11
CALSDV    7    3  0.3284E-11  0.3301E-11
CALSDV    8    3  0.2030E-11  0.2022E-11
CALSDV    9    3  0.1966E-11  0.1970E-11
CALSDV   10    3  0.1384E-11  0.1380E-11
CALSDV   11    3  0.1365E-11  0.1370E-11
CALSDV   12    3  0.1057E-11  0.1056E-11
CALSDV   13    3  0.1054E-11  0.1057E-11
CALSDV   14    3  0.8773E-12  0.8774E-12
CALSDV   15    3  0.8763E-12  0.8787E-12
CALSDV   16    3  0.7685E-12  0.7688E-12
CALSDV   17    3  0.7687E-12  0.7712E-12
CALSDV   18    3  0.7003E-12  0.7015E-12
CALSDV   19    3  0.7027E-12  0.7047E-12
CALSDV   20    3  0.6589E-12  0.6600E-12
CALSDV   21    3  0.6632E-12  0.6653E-12
CALSDV   22    3  0.6350E-12  0.6365E-12
CALSDV   23    3  0.6411E-12  0.6430E-12
CALSDV   24    3  0.6237E-12  0.6254E-12
CALSDV   25    3  0.6316E-12  0.6336E-12
CALSDV   26    3  0.6227E-12  0.6244E-12
CALSDV   27    3  0.6327E-12  0.6346E-12
CALSDV   28    3  0.6298E-12  0.6317E-12
CALSDV   29    3  0.6418E-12  0.6439E-12
CALSDV   30    3  0.6443E-12  0.6461E-12
CALSDV   31    3  0.6583E-12  0.6605E-12
CALSDV   32    3  0.6650E-12  0.6669E-12
CALSDV   33    3  0.6813E-12  0.6836E-12
CALSDV   34    3  0.6927E-12  0.6949E-12
CALSDV   35    3  0.7117E-12  0.7140E-12
CALSDV   36    3  0.7267E-12  0.7291E-12
CALSDV   37    3  0.7485E-12  0.7510E-12
CALSDV   38    3  0.7672E-12  0.7695E-12
CALSDV   39    3  0.7919E-12  0.7946E-12
CALSDV   40    3  0.8148E-12  0.8174E-12
CALSDV   41    3  0.8431E-12  0.8458E-12
CALSDV   42    3  0.8704E-12  0.8731E-12
CALSDV   43    3  0.9023E-12  0.9054E-12
CALSDV   44    3  0.9341E-12  0.9370E-12
CALSDV   45    3  0.9702E-12  0.9734E-12
CALSDV   46    3  0.1007E-11  0.1010E-11
CALSDV   47    3  0.1048E-11  0.1051E-11
CALSDV   48    3  0.1090E-11  0.1093E-11
CALSDV   49    3  0.1136E-11  0.1140E-11
CALSDV   50    3  0.1184E-11  0.1188E-11
CALSDV   51    3  0.1236E-11  0.1240E-11
CALSDV   52    3  0.1290E-11  0.1295E-11
CALSDV   53    3  0.1350E-11  0.1355E-11
CALSDV   54    3  0.1411E-11  0.1417E-11
CALSDV   55    3  0.1478E-11  0.1483E-11
CALSDV   56    3  0.1548E-11  0.1554E-11
CALSDV   57    3  0.1620E-11  0.1626E-11
CALSDV   58    3  0.1696E-11  0.1702E-11
CALSDV   59    3  0.1652E-11  0.1658E-11
CALSDV   60    3  0.1712E-11  0.1716E-11
CALSDV    4    4  0.1283E-10  0.1236E-10
CALSDV    5    4  0.1009E-10  0.9959E-11
CALSDV    6    4  0.4364E-11  0.4313E-11
CALSDV    7    4  0.3671E-11  0.3640E-11
CALSDV    8    4  0.2359E-11  0.2343E-11
CALSDV    9    4  0.2019E-11  0.2010E-11
CALSDV   10    4  0.1555E-11  0.1545E-11
CALSDV   11    4  0.1383E-11  0.1378E-11
CALSDV   12    4  0.1167E-11  0.1161E-11
CALSDV   13    4  0.1075E-11  0.1072E-11
CALSDV   14    4  0.9542E-12  0.9499E-12
CALSDV   15    4  0.9006E-12  0.8981E-12
CALSDV   16    4  0.8255E-12  0.8221E-12
CALSDV   17    4  0.7956E-12  0.7930E-12
CALSDV   18    4  0.7472E-12  0.7444E-12
CALSDV   19    4  0.7295E-12  0.7275E-12
CALSDV   20    4  0.6982E-12  0.6954E-12
CALSDV   21    4  0.6890E-12  0.6872E-12
CALSDV   22    4  0.6687E-12  0.6663E-12
CALSDV   23    4  0.6656E-12  0.6638E-12
CALSDV   24    4  0.6533E-12  0.6512E-12
CALSDV   25    4  0.6548E-12  0.6528E-12
CALSDV   26    4  0.6495E-12  0.6473E-12
CALSDV   27    4  0.6545E-12  0.6526E-12
CALSDV   28    4  0.6538E-12  0.6518E-12
CALSDV   29    4  0.6624E-12  0.6605E-12
CALSDV   30    4  0.6662E-12  0.6642E-12
CALSDV   31    4  0.6777E-12  0.6759E-12
CALSDV   32    4  0.6856E-12  0.6837E-12
CALSDV   33    4  0.7003E-12  0.6984E-12
CALSDV   34    4  0.7119E-12  0.7099E-12
CALSDV   35    4  0.7294E-12  0.7275E-12
CALSDV   36    4  0.7450E-12  0.7431E-12
CALSDV   37    4  0.7658E-12  0.7639E-12
CALSDV   38    4  0.7846E-12  0.7825E-12
CALSDV   39    4  0.8087E-12  0.8068E-12
CALSDV   40    4  0.8317E-12  0.8296E-12
CALSDV   41    4  0.8591E-12  0.8571E-12
CALSDV   42    4  0.8865E-12  0.8844E-12
CALSDV   43    4  0.9181E-12  0.9159E-12
CALSDV   44    4  0.9499E-12  0.9476E-12
CALSDV   45    4  0.9859E-12  0.9835E-12
CALSDV   46    4  0.1022E-11  0.1020E-11
CALSDV   47    4  0.1063E-11  0.1061E-11
CALSDV   48    4  0.1105E-11  0.1103E-11
CALSDV   49    4  0.1151E-11  0.1149E-11
CALSDV   50    4  0.1199E-11  0.1196E-11
CALSDV   51    4  0.1252E-11  0.1249E-11
CALSDV   52    4  0.1306E-11  0.1303E-11
CALSDV   53    4  0.1366E-11  0.1362E-11
CALSDV   54    4  0.1428E-11  0.1424E-11
CALSDV   55    4  0.1495E-11  0.1491E-11
CALSDV   56    4  0.1565E-11  0.1561E-11
CALSDV   57    4  0.1639E-11  0.1636E-11
CALSDV   58    4  0.1716E-11  0.1712E-11
CALSDV   59    4  0.1694E-11  0.1690E-11
CALSDV   60    4  0.1754E-11  0.1750E-11
CALSDV    5    5  0.1760E-10  0.1769E-10
CALSDV    6    5  0.7497E-11  0.7492E-11
CALSDV    7    5  0.4945E-11  0.4949E-11
CALSDV    8    5  0.2998E-11  0.3003E-11
CALSDV    9    5  0.2870E-11  0.2869E-11
CALSDV   10    5  0.1858E-11  0.1857E-11
CALSDV   11    5  0.1967E-11  0.1968E-11
CALSDV   12    5  0.1403E-11  0.1402E-11
CALSDV   13    5  0.1478E-11  0.1479E-11
CALSDV   14    5  0.1144E-11  0.1141E-11
CALSDV   15    5  0.1185E-11  0.1186E-11
CALSDV   16    5  0.9831E-12  0.9807E-12
CALSDV   17    5  0.1003E-11  0.1003E-11
CALSDV   18    5  0.8756E-12  0.8741E-12
CALSDV   19    5  0.8859E-12  0.8863E-12
CALSDV   20    5  0.8036E-12  0.8024E-12
CALSDV   21    5  0.8092E-12  0.8087E-12
CALSDV   22    5  0.7558E-12  0.7547E-12
CALSDV   23    5  0.7602E-12  0.7600E-12
CALSDV   24    5  0.7269E-12  0.7260E-12
CALSDV   25    5  0.7315E-12  0.7311E-12
CALSDV   26    5  0.7111E-12  0.7102E-12
CALSDV   27    5  0.7171E-12  0.7167E-12
CALSDV   28    5  0.7072E-12  0.7062E-12
CALSDV   29    5  0.7149E-12  0.7144E-12
CALSDV   30    5  0.7121E-12  0.7111E-12
CALSDV   31    5  0.7221E-12  0.7215E-12
CALSDV   32    5  0.7262E-12  0.7252E-12
CALSDV   33    5  0.7386E-12  0.7380E-12
CALSDV   34    5  0.7475E-12  0.7466E-12
CALSDV   35    5  0.7632E-12  0.7624E-12
CALSDV   36    5  0.7768E-12  0.7758E-12
CALSDV   37    5  0.7952E-12  0.7944E-12
CALSDV   38    5  0.8135E-12  0.8125E-12
CALSDV   39    5  0.8355E-12  0.8346E-12
CALSDV   40    5  0.8576E-12  0.8566E-12
CALSDV   41    5  0.8833E-12  0.8824E-12
CALSDV   42    5  0.9103E-12  0.9090E-12
CALSDV   43    5  0.9397E-12  0.9386E-12
CALSDV   44    5  0.9718E-12  0.9704E-12
CALSDV   45    5  0.1006E-11  0.1004E-11
CALSDV   46    5  0.1043E-11  0.1041E-11
CALSDV   47    5  0.1082E-11  0.1080E-11
CALSDV   48    5  0.1124E-11  0.1122E-11
CALSDV   49    5  0.1168E-11  0.1167E-11
CALSDV   50    5  0.1217E-11  0.1215E-11
CALSDV   51    5  0.1268E-11  0.1266E-11
CALSDV   52    5  0.1323E-11  0.1321E-11
CALSDV   53    5  0.1381E-11  0.1379E-11
CALSDV   54    5  0.1444E-11  0.1441E-11
CALSDV   55    5  0.1510E-11  0.1508E-11
CALSDV   56    5  0.1581E-11  0.1579E-11
CALSDV   57    5  0.1655E-11  0.1653E-11
CALSDV   58    5  0.1734E-11  0.1731E-11
CALSDV   59    5  0.1729E-11  0.1727E-11
CALSDV   60    5  0.1791E-11  0.1789E-11
CALSDV    6    6  0.8431E-11  0.8573E-11
CALSDV    7    6  0.9195E-11  0.9198E-11
CALSDV    8    6  0.4218E-11  0.4241E-11
CALSDV    9    6  0.4262E-11  0.4283E-11
CALSDV   10    6  0.2636E-11  0.2644E-11
CALSDV   11    6  0.2507E-11  0.2522E-11
CALSDV   12    6  0.1795E-11  0.1800E-11
CALSDV   13    6  0.1731E-11  0.1742E-11
CALSDV   14    6  0.1345E-11  0.1347E-11
CALSDV   15    6  0.1332E-11  0.1338E-11
CALSDV   16    6  0.1093E-11  0.1093E-11
CALSDV   17    6  0.1103E-11  0.1106E-11
CALSDV   18    6  0.9422E-12  0.9429E-12
CALSDV   19    6  0.9609E-12  0.9618E-12
CALSDV   20    6  0.8493E-12  0.8488E-12
CALSDV   21    6  0.8700E-12  0.8702E-12
CALSDV   22    6  0.7922E-12  0.7913E-12
CALSDV   23    6  0.8129E-12  0.8129E-12
CALSDV   24    6  0.7576E-12  0.7565E-12
CALSDV   25    6  0.7779E-12  0.7775E-12
CALSDV   26    6  0.7398E-12  0.7386E-12
CALSDV   27    6  0.7598E-12  0.7588E-12
CALSDV   28    6  0.7342E-12  0.7327E-12
CALSDV   29    6  0.7535E-12  0.7522E-12
CALSDV   30    6  0.7385E-12  0.7366E-12
CALSDV   31    6  0.7587E-12  0.7568E-12
CALSDV   32    6  0.7516E-12  0.7495E-12
CALSDV   33    6  0.7725E-12  0.7706E-12
CALSDV   34    6  0.7725E-12  0.7706E-12
CALSDV   35    6  0.7950E-12  0.7930E-12
CALSDV   36    6  0.8011E-12  0.7984E-12
CALSDV   37    6  0.8254E-12  0.8229E-12
CALSDV   38    6  0.8372E-12  0.8349E-12
CALSDV   39    6  0.8639E-12  0.8615E-12
CALSDV   40    6  0.8811E-12  0.8784E-12
CALSDV   41    6  0.9106E-12  0.9079E-12
CALSDV   42    6  0.9327E-12  0.9300E-12
CALSDV   43    6  0.9654E-12  0.9627E-12
CALSDV   44    6  0.9936E-12  0.9906E-12
CALSDV   45    6  0.1030E-11  0.1027E-11
CALSDV   46    6  0.1064E-11  0.1061E-11
CALSDV   47    6  0.1105E-11  0.1102E-11
CALSDV   48    6  0.1145E-11  0.1141E-11
CALSDV   49    6  0.1191E-11  0.1187E-11
CALSDV   50    6  0.1237E-11  0.1233E-11
CALSDV   51    6  0.1289E-11  0.1285E-11
CALSDV   52    6  0.1343E-11  0.1339E-11
CALSDV   53    6  0.1402E-11  0.1397E-11
CALSDV   54    6  0.1463E-11  0.1458E-11
CALSDV   55    6  0.1530E-11  0.1526E-11
CALSDV   56    6  0.1600E-11  0.1595E-11
CALSDV   57    6  0.1677E-11  0.1672E-11
CALSDV   58    6  0.1755E-11  0.1749E-11
CALSDV   59    6  0.1770E-11  0.1766E-11
CALSDV   60    6  0.1831E-11  0.1826E-11
CALSDV    7    7  0.1238E-10  0.1246E-10
CALSDV    8    7  0.6987E-11  0.6981E-11
CALSDV    9    7  0.4420E-11  0.4454E-11
CALSDV   10    7  0.2892E-11  0.2893E-11
CALSDV   11    7  0.2642E-11  0.2654E-11
CALSDV   12    7  0.1763E-11  0.1771E-11
CALSDV   13    7  0.1814E-11  0.1824E-11
CALSDV   14    7  0.1409E-11  0.1411E-11
CALSDV   15    7  0.1384E-11  0.1391E-11
CALSDV   16    7  0.1221E-11  0.1226E-11
CALSDV   17    7  0.1141E-11  0.1145E-11
CALSDV   18    7  0.1099E-11  0.1100E-11
CALSDV   19    7  0.9961E-12  0.9984E-12
CALSDV   20    7  0.1007E-11  0.1008E-11
CALSDV   21    7  0.9067E-12  0.9072E-12
CALSDV   22    7  0.9389E-12  0.9403E-12
CALSDV   23    7  0.8489E-12  0.8503E-12
CALSDV   24    7  0.8899E-12  0.8909E-12
CALSDV   25    7  0.8146E-12  0.8155E-12
CALSDV   26    7  0.8562E-12  0.8570E-12
CALSDV   27    7  0.7957E-12  0.7962E-12
CALSDV   28    7  0.8363E-12  0.8369E-12
CALSDV   29    7  0.7890E-12  0.7895E-12
CALSDV   30    7  0.8284E-12  0.8286E-12
CALSDV   31    7  0.7928E-12  0.7928E-12
CALSDV   32    7  0.8304E-12  0.8306E-12
CALSDV   33    7  0.8053E-12  0.8054E-12
CALSDV   34    7  0.8420E-12  0.8419E-12
CALSDV   35    7  0.8264E-12  0.8264E-12
CALSDV   36    7  0.8622E-12  0.8619E-12
CALSDV   37    7  0.8552E-12  0.8548E-12
CALSDV   38    7  0.8916E-12  0.8912E-12
CALSDV   39    7  0.8924E-12  0.8918E-12
CALSDV   40    7  0.9297E-12  0.9292E-12
CALSDV   41    7  0.9378E-12  0.9372E-12
CALSDV   42    7  0.9760E-12  0.9754E-12
CALSDV   43    7  0.9912E-12  0.9904E-12
CALSDV   44    7  0.1032E-11  0.1032E-11
CALSDV   45    7  0.1054E-11  0.1053E-11
CALSDV   46    7  0.1099E-11  0.1098E-11
CALSDV   47    7  0.1128E-11  0.1127E-11
CALSDV   48    7  0.1176E-11  0.1175E-11
CALSDV   49    7  0.1212E-11  0.1211E-11
CALSDV   50    7  0.1266E-11  0.1264E-11
CALSDV   51    7  0.1310E-11  0.1308E-11
CALSDV   52    7  0.1369E-11  0.1367E-11
CALSDV   53    7  0.1421E-11  0.1420E-11
CALSDV   54    7  0.1487E-11  0.1485E-11
CALSDV   55    7  0.1548E-11  0.1547E-11
CALSDV   56    7  0.1622E-11  0.1621E-11
CALSDV   57    7  0.1695E-11  0.1694E-11
CALSDV   58    7  0.1776E-11  0.1775E-11
CALSDV   59    7  0.1801E-11  0.1800E-11
CALSDV   60    7  0.1868E-11  0.1868E-11
CALSDV    8    8  0.6000E-11  0.6090E-11
CALSDV    9    8  0.6385E-11  0.6377E-11
CALSDV   10    8  0.4090E-11  0.4063E-11
CALSDV   11    8  0.3458E-11  0.3412E-11
CALSDV   12    8  0.2938E-11  0.2913E-11
CALSDV   13    8  0.2440E-11  0.2399E-11
CALSDV   14    8  0.2108E-11  0.2091E-11
CALSDV   15    8  0.1922E-11  0.1898E-11
CALSDV   16    8  0.1605E-11  0.1590E-11
CALSDV   17    8  0.1592E-11  0.1573E-11
CALSDV   18    8  0.1302E-11  0.1288E-11
CALSDV   19    8  0.1365E-11  0.1353E-11
CALSDV   20    8  0.1120E-11  0.1109E-11
CALSDV   21    8  0.1205E-11  0.1196E-11
CALSDV   22    8  0.1008E-11  0.9979E-12
CALSDV   23    8  0.1092E-11  0.1085E-11
CALSDV   24    8  0.9368E-12  0.9276E-12
CALSDV   25    8  0.1013E-11  0.1007E-11
CALSDV   26    8  0.8952E-12  0.8872E-12
CALSDV   27    8  0.9593E-12  0.9538E-12
CALSDV   28    8  0.8707E-12  0.8643E-12
CALSDV   29    8  0.9262E-12  0.9215E-12
CALSDV   30    8  0.8619E-12  0.8560E-12
CALSDV   31    8  0.9090E-12  0.9049E-12
CALSDV   32    8  0.8644E-12  0.8590E-12
CALSDV   33    8  0.9052E-12  0.9012E-12
CALSDV   34    8  0.8757E-12  0.8708E-12
CALSDV   35    8  0.9127E-12  0.9088E-12
CALSDV   36    8  0.8971E-12  0.8925E-12
CALSDV   37    8  0.9311E-12  0.9277E-12
CALSDV   38    8  0.9261E-12  0.9214E-12
CALSDV   39    8  0.9598E-12  0.9559E-12
CALSDV   40    8  0.9644E-12  0.9600E-12
CALSDV   41    8  0.9977E-12  0.9939E-12
CALSDV   42    8  0.1011E-11  0.1006E-11
CALSDV   43    8  0.1046E-11  0.1042E-11
CALSDV   44    8  0.1066E-11  0.1062E-11
CALSDV   45    8  0.1103E-11  0.1099E-11
CALSDV   46    8  0.1132E-11  0.1127E-11
CALSDV   47    8  0.1173E-11  0.1168E-11
CALSDV   48    8  0.1209E-11  0.1204E-11
CALSDV   49    8  0.1253E-11  0.1248E-11
CALSDV   50    8  0.1297E-11  0.1291E-11
CALSDV   51    8  0.1348E-11  0.1342E-11
CALSDV   52    8  0.1399E-11  0.1393E-11
CALSDV   53    8  0.1456E-11  0.1449E-11
CALSDV   54    8  0.1516E-11  0.1509E-11
CALSDV   55    8  0.1581E-11  0.1574E-11
CALSDV   56    8  0.1651E-11  0.1643E-11
CALSDV   57    8  0.1727E-11  0.1719E-11
CALSDV   58    8  0.1806E-11  0.1798E-11
CALSDV   59    8  0.1852E-11  0.1844E-11
CALSDV   60    8  0.1913E-11  0.1908E-11
CALSDV    9    9  0.8869E-11  0.8951E-11
CALSDV   10    9  0.6417E-11  0.6422E-11
CALSDV   11    9  0.4264E-11  0.4278E-11
CALSDV   12    9  0.2931E-11  0.2936E-11
CALSDV   13    9  0.2794E-11  0.2803E-11
CALSDV   14    9  0.1842E-11  0.1839E-11
CALSDV   15    9  0.1915E-11  0.1920E-11
CALSDV   16    9  0.1490E-11  0.1487E-11
CALSDV   17    9  0.1428E-11  0.1430E-11
CALSDV   18    9  0.1319E-11  0.1318E-11
CALSDV   19    9  0.1166E-11  0.1166E-11
CALSDV   20    9  0.1207E-11  0.1206E-11
CALSDV   21    9  0.1029E-11  0.1027E-11
CALSDV   22    9  0.1120E-11  0.1119E-11
CALSDV   23    9  0.9554E-12  0.9532E-12
CALSDV   24    9  0.1055E-11  0.1054E-11
CALSDV   25    9  0.9144E-12  0.9131E-12
CALSDV   26    9  0.1008E-11  0.1008E-11
CALSDV   27    9  0.8960E-12  0.8938E-12
CALSDV   28    9  0.9740E-12  0.9739E-12
CALSDV   29    9  0.8892E-12  0.8873E-12
CALSDV   30    9  0.9546E-12  0.9543E-12
CALSDV   31    9  0.8926E-12  0.8901E-12
CALSDV   32    9  0.9466E-12  0.9458E-12
CALSDV   33    9  0.9032E-12  0.9010E-12
CALSDV   34    9  0.9496E-12  0.9486E-12
CALSDV   35    9  0.9217E-12  0.9193E-12
CALSDV   36    9  0.9624E-12  0.9611E-12
CALSDV   37    9  0.9477E-12  0.9453E-12
CALSDV   38    9  0.9851E-12  0.9836E-12
CALSDV   39    9  0.9812E-12  0.9788E-12
CALSDV   40    9  0.1017E-11  0.1015E-11
CALSDV   41    9  0.1023E-11  0.1020E-11
CALSDV   42    9  0.1058E-11  0.1056E-11
CALSDV   43    9  0.1073E-11  0.1070E-11
CALSDV   44    9  0.1110E-11  0.1107E-11
CALSDV   45    9  0.1131E-11  0.1129E-11
CALSDV   46    9  0.1171E-11  0.1168E-11
CALSDV   47    9  0.1200E-11  0.1197E-11
CALSDV   48    9  0.1244E-11  0.1241E-11
CALSDV   49    9  0.1281E-11  0.1277E-11
CALSDV   50    9  0.1330E-11  0.1326E-11
CALSDV   51    9  0.1374E-11  0.1370E-11
CALSDV   52    9  0.1428E-11  0.1425E-11
CALSDV   53    9  0.1481E-11  0.1477E-11
CALSDV   54    9  0.1543E-11  0.1538E-11
CALSDV   55    9  0.1605E-11  0.1600E-11
CALSDV   56    9  0.1675E-11  0.1671E-11
CALSDV   57    9  0.1749E-11  0.1745E-11
CALSDV   58    9  0.1828E-11  0.1824E-11
CALSDV   59    9  0.1884E-11  0.1880E-11
CALSDV   60    9  0.1945E-11  0.1942E-11
CALSDV   10   10  0.5391E-11  0.5408E-11
CALSDV   11   10  0.5174E-11  0.5154E-11
CALSDV   12   10  0.3740E-11  0.3734E-11
CALSDV   13   10  0.2679E-11  0.2667E-11
CALSDV   14   10  0.2961E-11  0.2962E-11
CALSDV   15   10  0.2141E-11  0.2137E-11
CALSDV   16   10  0.2244E-11  0.2247E-11
CALSDV   17   10  0.1923E-11  0.1923E-11
CALSDV   18   10  0.1769E-11  0.1772E-11
CALSDV   19   10  0.1733E-11  0.1735E-11
CALSDV   20   10  0.1475E-11  0.1476E-11
CALSDV   21   10  0.1567E-11  0.1568E-11
CALSDV   22   10  0.1294E-11  0.1295E-11
CALSDV   23   10  0.1428E-11  0.1428E-11
CALSDV   24   10  0.1183E-11  0.1183E-11
CALSDV   25   10  0.1317E-11  0.1317E-11
CALSDV   26   10  0.1111E-11  0.1112E-11
CALSDV   27   10  0.1231E-11  0.1231E-11
CALSDV   28   10  0.1067E-11  0.1068E-11
CALSDV   29   10  0.1168E-11  0.1167E-11
CALSDV   30   10  0.1043E-11  0.1043E-11
CALSDV   31   10  0.1124E-11  0.1124E-11
CALSDV   32   10  0.1031E-11  0.1031E-11
CALSDV   33   10  0.1097E-11  0.1097E-11
CALSDV   34   10  0.1031E-11  0.1031E-11
CALSDV   35   10  0.1086E-11  0.1085E-11
CALSDV   36   10  0.1042E-11  0.1041E-11
CALSDV   37   10  0.1087E-11  0.1086E-11
CALSDV   38   10  0.1061E-11  0.1061E-11
CALSDV   39   10  0.1100E-11  0.1100E-11
CALSDV   40   10  0.1090E-11  0.1089E-11
CALSDV   41   10  0.1125E-11  0.1124E-11
CALSDV   42   10  0.1128E-11  0.1127E-11
CALSDV   43   10  0.1162E-11  0.1160E-11
CALSDV   44   10  0.1175E-11  0.1174E-11
CALSDV   45   10  0.1209E-11  0.1208E-11
CALSDV   46   10  0.1232E-11  0.1231E-11
CALSDV   47   10  0.1268E-11  0.1267E-11
CALSDV   48   10  0.1302E-11  0.1300E-11
CALSDV   49   10  0.1340E-11  0.1339E-11
CALSDV   50   10  0.1383E-11  0.1381E-11
CALSDV   51   10  0.1426E-11  0.1424E-11
CALSDV   52   10  0.1477E-11  0.1476E-11
CALSDV   53   10  0.1526E-11  0.1524E-11
CALSDV   54   10  0.1587E-11  0.1585E-11
CALSDV   55   10  0.1645E-11  0.1642E-11
CALSDV   56   10  0.1716E-11  0.1713E-11
CALSDV   57   10  0.1786E-11  0.1783E-11
CALSDV   58   10  0.1866E-11  0.1864E-11
CALSDV   59   10  0.1933E-11  0.1931E-11
CALSDV   60   10  0.1999E-11  0.1997E-11
CALSDV   11   11  0.6377E-11  0.6357E-11
CALSDV   12   11  0.5700E-11  0.5695E-11
CALSDV   13   11  0.4019E-11  0.4005E-11
CALSDV   14   11  0.2923E-11  0.2910E-11
CALSDV   15   11  0.2962E-11  0.2953E-11
CALSDV   16   11  0.2006E-11  0.2003E-11
CALSDV   17   11  0.2101E-11  0.2098E-11
CALSDV   18   11  0.1651E-11  0.1652E-11
CALSDV   19   11  0.1559E-11  0.1560E-11
CALSDV   20   11  0.1444E-11  0.1446E-11
CALSDV   21   11  0.1261E-11  0.1261E-11
CALSDV   22   11  0.1303E-11  0.1305E-11
CALSDV   23   11  0.1112E-11  0.1113E-11
CALSDV   24   11  0.1203E-11  0.1204E-11
CALSDV   25   11  0.1046E-11  0.1046E-11
CALSDV   26   11  0.1130E-11  0.1131E-11
CALSDV   27   11  0.1019E-11  0.1019E-11
CALSDV   28   11  0.1083E-11  0.1082E-11
CALSDV   29   11  0.1011E-11  0.1010E-11
CALSDV   30   11  0.1053E-11  0.1051E-11
CALSDV   31   11  0.1016E-11  0.1015E-11
CALSDV   32   11  0.1039E-11  0.1037E-11
CALSDV   33   11  0.1028E-11  0.1027E-11
CALSDV   34   11  0.1037E-11  0.1035E-11
CALSDV   35   11  0.1046E-11  0.1045E-11
CALSDV   36   11  0.1048E-11  0.1046E-11
CALSDV   37   11  0.1070E-11  0.1068E-11
CALSDV   38   11  0.1069E-11  0.1067E-11
CALSDV   39   11  0.1100E-11  0.1098E-11
CALSDV   40   11  0.1099E-11  0.1097E-11
CALSDV   41   11  0.1137E-11  0.1135E-11
CALSDV   42   11  0.1139E-11  0.1137E-11
CALSDV   43   11  0.1182E-11  0.1180E-11
CALSDV   44   11  0.1189E-11  0.1187E-11
CALSDV   45   11  0.1236E-11  0.1234E-11
CALSDV   46   11  0.1248E-11  0.1246E-11
CALSDV   47   11  0.1298E-11  0.1296E-11
CALSDV   48   11  0.1319E-11  0.1316E-11
CALSDV   49   11  0.1372E-11  0.1369E-11
CALSDV   50   11  0.1402E-11  0.1398E-11
CALSDV   51   11  0.1459E-11  0.1456E-11
CALSDV   52   11  0.1497E-11  0.1494E-11
CALSDV   53   11  0.1558E-11  0.1555E-11
CALSDV   54   11  0.1607E-11  0.1604E-11
CALSDV   55   11  0.1675E-11  0.1672E-11
CALSDV   56   11  0.1735E-11  0.1731E-11
CALSDV   57   11  0.1814E-11  0.1810E-11
CALSDV   58   11  0.1886E-11  0.1882E-11
CALSDV   59   11  0.1969E-11  0.1965E-11
CALSDV   60   11  0.2021E-11  0.2018E-11
CALSDV   12   12  0.5003E-11  0.4993E-11
CALSDV   13   12  0.5010E-11  0.5028E-11
CALSDV   14   12  0.3497E-11  0.3498E-11
CALSDV   15   12  0.2464E-11  0.2474E-11
CALSDV   16   12  0.2833E-11  0.2839E-11
CALSDV   17   12  0.1978E-11  0.1982E-11
CALSDV   18   12  0.2167E-11  0.2175E-11
CALSDV   19   12  0.1876E-11  0.1880E-11
CALSDV   20   12  0.1737E-11  0.1743E-11
CALSDV   21   12  0.1765E-11  0.1769E-11
CALSDV   22   12  0.1494E-11  0.1499E-11
CALSDV   23   12  0.1647E-11  0.1650E-11
CALSDV   24   12  0.1363E-11  0.1365E-11
CALSDV   25   12  0.1535E-11  0.1538E-11
CALSDV   26   12  0.1294E-11  0.1295E-11
CALSDV   27   12  0.1439E-11  0.1442E-11
CALSDV   28   12  0.1254E-11  0.1254E-11
CALSDV   29   12  0.1363E-11  0.1366E-11
CALSDV   30   12  0.1232E-11  0.1232E-11
CALSDV   31   12  0.1306E-11  0.1309E-11
CALSDV   32   12  0.1220E-11  0.1219E-11
CALSDV   33   12  0.1268E-11  0.1270E-11
CALSDV   34   12  0.1218E-11  0.1216E-11
CALSDV   35   12  0.1244E-11  0.1246E-11
CALSDV   36   12  0.1222E-11  0.1221E-11
CALSDV   37   12  0.1235E-11  0.1237E-11
CALSDV   38   12  0.1235E-11  0.1234E-11
CALSDV   39   12  0.1240E-11  0.1241E-11
CALSDV   40   12  0.1256E-11  0.1256E-11
CALSDV   41   12  0.1256E-11  0.1257E-11
CALSDV   42   12  0.1285E-11  0.1284E-11
CALSDV   43   12  0.1284E-11  0.1285E-11
CALSDV   44   12  0.1323E-11  0.1322E-11
CALSDV   45   12  0.1324E-11  0.1324E-11
CALSDV   46   12  0.1370E-11  0.1369E-11
CALSDV   47   12  0.1376E-11  0.1376E-11
CALSDV   48   12  0.1428E-11  0.1428E-11
CALSDV   49   12  0.1439E-11  0.1439E-11
CALSDV   50   12  0.1499E-11  0.1498E-11
CALSDV   51   12  0.1517E-11  0.1517E-11
CALSDV   52   12  0.1583E-11  0.1583E-11
CALSDV   53   12  0.1609E-11  0.1609E-11
CALSDV   54   12  0.1682E-11  0.1681E-11
CALSDV   55   12  0.1719E-11  0.1719E-11
CALSDV   56   12  0.1800E-11  0.1798E-11
CALSDV   57   12  0.1852E-11  0.1851E-11
CALSDV   58   12  0.1942E-11  0.1941E-11
CALSDV   59   12  0.2014E-11  0.2013E-11
CALSDV   60   12  0.2091E-11  0.2089E-11
CALSDV   13   13  0.5084E-11  0.5046E-11
CALSDV   14   13  0.4996E-11  0.5019E-11
CALSDV   15   13  0.3828E-11  0.3810E-11
CALSDV   16   13  0.2735E-11  0.2761E-11
CALSDV   17   13  0.3076E-11  0.3068E-11
CALSDV   18   13  0.2108E-11  0.2118E-11
CALSDV   19   13  0.2261E-11  0.2258E-11
CALSDV   20   13  0.1827E-11  0.1829E-11
CALSDV   21   13  0.1698E-11  0.1696E-11
CALSDV   22   13  0.1607E-11  0.1607E-11
CALSDV   23   13  0.1375E-11  0.1374E-11
CALSDV   24   13  0.1433E-11  0.1431E-11
CALSDV   25   13  0.1218E-11  0.1215E-11
CALSDV   26   13  0.1304E-11  0.1301E-11
CALSDV   27   13  0.1155E-11  0.1151E-11
CALSDV   28   13  0.1216E-11  0.1211E-11
CALSDV   29   13  0.1139E-11  0.1136E-11
CALSDV   30   13  0.1161E-11  0.1156E-11
CALSDV   31   13  0.1144E-11  0.1140E-11
CALSDV   32   13  0.1132E-11  0.1127E-11
CALSDV   33   13  0.1157E-11  0.1153E-11
CALSDV   34   13  0.1124E-11  0.1119E-11
CALSDV   35   13  0.1178E-11  0.1173E-11
CALSDV   36   13  0.1132E-11  0.1126E-11
CALSDV   37   13  0.1203E-11  0.1198E-11
CALSDV   38   13  0.1154E-11  0.1147E-11
CALSDV   39   13  0.1232E-11  0.1227E-11
CALSDV   40   13  0.1187E-11  0.1180E-11
CALSDV   41   13  0.1268E-11  0.1263E-11
CALSDV   42   13  0.1228E-11  0.1222E-11
CALSDV   43   13  0.1309E-11  0.1303E-11
CALSDV   44   13  0.1279E-11  0.1272E-11
CALSDV   45   13  0.1357E-11  0.1351E-11
CALSDV   46   13  0.1340E-11  0.1332E-11
CALSDV   47   13  0.1415E-11  0.1408E-11
CALSDV   48   13  0.1409E-11  0.1402E-11
CALSDV   49   13  0.1482E-11  0.1475E-11
CALSDV   50   13  0.1490E-11  0.1481E-11
CALSDV   51   13  0.1561E-11  0.1553E-11
CALSDV   52   13  0.1583E-11  0.1574E-11
CALSDV   53   13  0.1652E-11  0.1644E-11
CALSDV   54   13  0.1689E-11  0.1680E-11
CALSDV   55   13  0.1760E-11  0.1751E-11
CALSDV   56   13  0.1812E-11  0.1802E-11
CALSDV   57   13  0.1890E-11  0.1880E-11
CALSDV   58   13  0.1958E-11  0.1947E-11
CALSDV   59   13  0.2056E-11  0.2046E-11
CALSDV   60   13  0.2107E-11  0.2096E-11
CALSDV   14   14  0.4253E-11  0.4275E-11
CALSDV   15   14  0.5125E-11  0.5177E-11
CALSDV   16   14  0.3505E-11  0.3514E-11
CALSDV   17   14  0.2593E-11  0.2627E-11
CALSDV   18   14  0.2880E-11  0.2884E-11
CALSDV   19   14  0.2021E-11  0.2044E-11
CALSDV   20   14  0.2153E-11  0.2159E-11
CALSDV   21   14  0.1914E-11  0.1928E-11
CALSDV   22   14  0.1681E-11  0.1690E-11
CALSDV   23   14  0.1819E-11  0.1827E-11
CALSDV   24   14  0.1450E-11  0.1461E-11
CALSDV   25   14  0.1713E-11  0.1719E-11
CALSDV   26   14  0.1364E-11  0.1375E-11
CALSDV   27   14  0.1614E-11  0.1620E-11
CALSDV   28   14  0.1346E-11  0.1356E-11
CALSDV   29   14  0.1530E-11  0.1536E-11
CALSDV   30   14  0.1351E-11  0.1359E-11
CALSDV   31   14  0.1464E-11  0.1471E-11
CALSDV   32   14  0.1364E-11  0.1372E-11
CALSDV   33   14  0.1418E-11  0.1424E-11
CALSDV   34   14  0.1378E-11  0.1385E-11
CALSDV   35   14  0.1389E-11  0.1396E-11
CALSDV   36   14  0.1393E-11  0.1399E-11
CALSDV   37   14  0.1373E-11  0.1381E-11
CALSDV   38   14  0.1411E-11  0.1416E-11
CALSDV   39   14  0.1374E-11  0.1381E-11
CALSDV   40   14  0.1431E-11  0.1437E-11
CALSDV   41   14  0.1386E-11  0.1394E-11
CALSDV   42   14  0.1457E-11  0.1463E-11
CALSDV   43   14  0.1410E-11  0.1417E-11
CALSDV   44   14  0.1489E-11  0.1495E-11
CALSDV   45   14  0.1445E-11  0.1453E-11
CALSDV   46   14  0.1528E-11  0.1535E-11
CALSDV   47   14  0.1490E-11  0.1499E-11
CALSDV   48   14  0.1577E-11  0.1584E-11
CALSDV   49   14  0.1548E-11  0.1557E-11
CALSDV   50   14  0.1635E-11  0.1643E-11
CALSDV   51   14  0.1618E-11  0.1627E-11
CALSDV   52   14  0.1707E-11  0.1715E-11
CALSDV   53   14  0.1701E-11  0.1710E-11
CALSDV   54   14  0.1792E-11  0.1801E-11
CALSDV   55   14  0.1801E-11  0.1811E-11
CALSDV   56   14  0.1895E-11  0.1905E-11
CALSDV   57   14  0.1924E-11  0.1934E-11
CALSDV   58   14  0.2024E-11  0.2035E-11
CALSDV   59   14  0.2092E-11  0.2104E-11
CALSDV   60   14  0.2180E-11  0.2191E-11
CALSDV   15   15  0.4855E-11  0.4846E-11
CALSDV   16   15  0.5139E-11  0.5037E-11
CALSDV   17   15  0.3734E-11  0.3657E-11
CALSDV   18   15  0.2738E-11  0.2685E-11
CALSDV   19   15  0.3200E-11  0.3145E-11
CALSDV   20   15  0.2107E-11  0.2084E-11
CALSDV   21   15  0.2472E-11  0.2434E-11
CALSDV   22   15  0.1900E-11  0.1862E-11
CALSDV   23   15  0.1938E-11  0.1909E-11
CALSDV   24   15  0.1730E-11  0.1690E-11
CALSDV   25   15  0.1623E-11  0.1599E-11
CALSDV   26   15  0.1574E-11  0.1544E-11
CALSDV   27   15  0.1462E-11  0.1440E-11
CALSDV   28   15  0.1452E-11  0.1428E-11
CALSDV   29   15  0.1392E-11  0.1372E-11
CALSDV   30   15  0.1365E-11  0.1347E-11
CALSDV   31   15  0.1367E-11  0.1349E-11
CALSDV   32   15  0.1313E-11  0.1297E-11
CALSDV   33   15  0.1366E-11  0.1349E-11
CALSDV   34   15  0.1289E-11  0.1273E-11
CALSDV   35   15  0.1375E-11  0.1360E-11
CALSDV   36   15  0.1288E-11  0.1271E-11
CALSDV   37   15  0.1391E-11  0.1375E-11
CALSDV   38   15  0.1301E-11  0.1283E-11
CALSDV   39   15  0.1414E-11  0.1397E-11
CALSDV   40   15  0.1329E-11  0.1309E-11
CALSDV   41   15  0.1442E-11  0.1423E-11
CALSDV   42   15  0.1369E-11  0.1347E-11
CALSDV   43   15  0.1477E-11  0.1456E-11
CALSDV   44   15  0.1418E-11  0.1393E-11
CALSDV   45   15  0.1519E-11  0.1495E-11
CALSDV   46   15  0.1477E-11  0.1449E-11
CALSDV   47   15  0.1569E-11  0.1541E-11
CALSDV   48   15  0.1544E-11  0.1513E-11
CALSDV   49   15  0.1629E-11  0.1597E-11
CALSDV   50   15  0.1620E-11  0.1586E-11
CALSDV   51   15  0.1698E-11  0.1663E-11
CALSDV   52   15  0.1708E-11  0.1670E-11
CALSDV   53   15  0.1779E-11  0.1739E-11
CALSDV   54   15  0.1808E-11  0.1766E-11
CALSDV   55   15  0.1877E-11  0.1833E-11
CALSDV   56   15  0.1923E-11  0.1877E-11
CALSDV   57   15  0.1994E-11  0.1948E-11
CALSDV   58   15  0.2060E-11  0.2011E-11
CALSDV   59   15  0.2166E-11  0.2115E-11
CALSDV   60   15  0.2217E-11  0.2165E-11
CALSDV   16   16  0.3756E-11  0.3732E-11
CALSDV   17   16  0.4932E-11  0.4931E-11
CALSDV   18   16  0.3597E-11  0.3585E-11
CALSDV   19   16  0.2609E-11  0.2605E-11
CALSDV   20   16  0.3069E-11  0.3060E-11
CALSDV   21   16  0.2132E-11  0.2122E-11
CALSDV   22   16  0.2303E-11  0.2299E-11
CALSDV   23   16  0.2022E-11  0.2015E-11
CALSDV   24   16  0.1780E-11  0.1775E-11
CALSDV   25   16  0.1906E-11  0.1902E-11
CALSDV   26   16  0.1532E-11  0.1527E-11
CALSDV   27   16  0.1781E-11  0.1780E-11
CALSDV   28   16  0.1459E-11  0.1455E-11
CALSDV   29   16  0.1672E-11  0.1673E-11
CALSDV   30   16  0.1467E-11  0.1463E-11
CALSDV   31   16  0.1591E-11  0.1593E-11
CALSDV   32   16  0.1499E-11  0.1496E-11
CALSDV   33   16  0.1538E-11  0.1539E-11
CALSDV   34   16  0.1535E-11  0.1532E-11
CALSDV   35   16  0.1505E-11  0.1507E-11
CALSDV   36   16  0.1567E-11  0.1564E-11
CALSDV   37   16  0.1494E-11  0.1496E-11
CALSDV   38   16  0.1595E-11  0.1593E-11
CALSDV   39   16  0.1497E-11  0.1498E-11
CALSDV   40   16  0.1621E-11  0.1618E-11
CALSDV   41   16  0.1514E-11  0.1514E-11
CALSDV   42   16  0.1648E-11  0.1645E-11
CALSDV   43   16  0.1541E-11  0.1539E-11
CALSDV   44   16  0.1678E-11  0.1674E-11
CALSDV   45   16  0.1577E-11  0.1575E-11
CALSDV   46   16  0.1712E-11  0.1708E-11
CALSDV   47   16  0.1624E-11  0.1621E-11
CALSDV   48   16  0.1752E-11  0.1748E-11
CALSDV   49   16  0.1678E-11  0.1675E-11
CALSDV   50   16  0.1801E-11  0.1796E-11
CALSDV   51   16  0.1745E-11  0.1740E-11
CALSDV   52   16  0.1860E-11  0.1854E-11
CALSDV   53   16  0.1819E-11  0.1814E-11
CALSDV   54   16  0.1931E-11  0.1924E-11
CALSDV   55   16  0.1910E-11  0.1904E-11
CALSDV   56   16  0.2018E-11  0.2012E-11
CALSDV   57   16  0.2020E-11  0.2015E-11
CALSDV   58   16  0.2131E-11  0.2124E-11
CALSDV   59   16  0.2190E-11  0.2184E-11
CALSDV   60   16  0.2285E-11  0.2277E-11
CALSDV   17   17  0.3539E-11  0.3519E-11
CALSDV   18   17  0.4301E-11  0.4330E-11
CALSDV   19   17  0.3479E-11  0.3480E-11
CALSDV   20   17  0.2393E-11  0.2418E-11
CALSDV   21   17  0.3058E-11  0.3058E-11
CALSDV   22   17  0.2232E-11  0.2245E-11
CALSDV   23   17  0.2357E-11  0.2357E-11
CALSDV   24   17  0.2141E-11  0.2148E-11
CALSDV   25   17  0.1842E-11  0.1841E-11
CALSDV   26   17  0.1949E-11  0.1954E-11
CALSDV   27   17  0.1556E-11  0.1554E-11
CALSDV   28   17  0.1739E-11  0.1744E-11
CALSDV   29   17  0.1431E-11  0.1428E-11
CALSDV   30   17  0.1562E-11  0.1566E-11
CALSDV   31   17  0.1396E-11  0.1393E-11
CALSDV   32   17  0.1438E-11  0.1441E-11
CALSDV   33   17  0.1402E-11  0.1399E-11
CALSDV   34   17  0.1370E-11  0.1371E-11
CALSDV   35   17  0.1424E-11  0.1422E-11
CALSDV   36   17  0.1344E-11  0.1345E-11
CALSDV   37   17  0.1455E-11  0.1452E-11
CALSDV   38   17  0.1355E-11  0.1354E-11
CALSDV   39   17  0.1488E-11  0.1486E-11
CALSDV   40   17  0.1387E-11  0.1387E-11
CALSDV   41   17  0.1523E-11  0.1522E-11
CALSDV   42   17  0.1434E-11  0.1434E-11
CALSDV   43   17  0.1564E-11  0.1563E-11
CALSDV   44   17  0.1493E-11  0.1493E-11
CALSDV   45   17  0.1610E-11  0.1609E-11
CALSDV   46   17  0.1560E-11  0.1560E-11
CALSDV   47   17  0.1660E-11  0.1659E-11
CALSDV   48   17  0.1633E-11  0.1634E-11
CALSDV   49   17  0.1718E-11  0.1718E-11
CALSDV   50   17  0.1713E-11  0.1714E-11
CALSDV   51   17  0.1784E-11  0.1785E-11
CALSDV   52   17  0.1799E-11  0.1801E-11
CALSDV   53   17  0.1858E-11  0.1860E-11
CALSDV   54   17  0.1893E-11  0.1895E-11
CALSDV   55   17  0.1946E-11  0.1948E-11
CALSDV   56   17  0.2000E-11  0.2002E-11
CALSDV   57   17  0.2053E-11  0.2054E-11
CALSDV   58   17  0.2125E-11  0.2127E-11
CALSDV   59   17  0.2219E-11  0.2221E-11
CALSDV   60   17  0.2282E-11  0.2283E-11
CALSDV   18   18  0.3911E-11  0.3954E-11
CALSDV   19   18  0.4420E-11  0.4414E-11
CALSDV   20   18  0.3764E-11  0.3748E-11
CALSDV   21   18  0.2315E-11  0.2302E-11
CALSDV   22   18  0.3220E-11  0.3211E-11
CALSDV   23   18  0.2119E-11  0.2104E-11
CALSDV   24   18  0.2400E-11  0.2394E-11
CALSDV   25   18  0.2097E-11  0.2087E-11
CALSDV   26   18  0.1843E-11  0.1838E-11
CALSDV   27   18  0.1983E-11  0.1976E-11
CALSDV   28   18  0.1604E-11  0.1598E-11
CALSDV   29   18  0.1844E-11  0.1839E-11
CALSDV   30   18  0.1572E-11  0.1564E-11
CALSDV   31   18  0.1725E-11  0.1720E-11
CALSDV   32   18  0.1622E-11  0.1615E-11
CALSDV   33   18  0.1644E-11  0.1639E-11
CALSDV   34   18  0.1687E-11  0.1681E-11
CALSDV   35   18  0.1605E-11  0.1600E-11
CALSDV   36   18  0.1747E-11  0.1740E-11
CALSDV   37   18  0.1594E-11  0.1589E-11
CALSDV   38   18  0.1794E-11  0.1787E-11
CALSDV   39   18  0.1607E-11  0.1601E-11
CALSDV   40   18  0.1831E-11  0.1824E-11
CALSDV   41   18  0.1632E-11  0.1626E-11
CALSDV   42   18  0.1862E-11  0.1854E-11
CALSDV   43   18  0.1669E-11  0.1662E-11
CALSDV   44   18  0.1889E-11  0.1881E-11
CALSDV   45   18  0.1714E-11  0.1706E-11
CALSDV   46   18  0.1918E-11  0.1909E-11
CALSDV   47   18  0.1765E-11  0.1756E-11
CALSDV   48   18  0.1949E-11  0.1940E-11
CALSDV   49   18  0.1821E-11  0.1812E-11
CALSDV   50   18  0.1985E-11  0.1975E-11
CALSDV   51   18  0.1883E-11  0.1873E-11
CALSDV   52   18  0.2030E-11  0.2020E-11
CALSDV   53   18  0.1952E-11  0.1941E-11
CALSDV   54   18  0.2082E-11  0.2071E-11
CALSDV   55   18  0.2029E-11  0.2019E-11
CALSDV   56   18  0.2151E-11  0.2140E-11
CALSDV   57   18  0.2125E-11  0.2114E-11
CALSDV   58   18  0.2242E-11  0.2230E-11
CALSDV   59   18  0.2288E-11  0.2276E-11
CALSDV   60   18  0.2385E-11  0.2372E-11
CALSDV   19   19  0.3385E-11  0.3407E-11
CALSDV   20   19  0.4181E-11  0.4180E-11
CALSDV   21   19  0.3488E-11  0.3488E-11
CALSDV   22   19  0.2329E-11  0.2322E-11
CALSDV   23   19  0.3063E-11  0.3065E-11
CALSDV   24   19  0.2372E-11  0.2370E-11
CALSDV   25   19  0.2384E-11  0.2387E-11
CALSDV   26   19  0.2381E-11  0.2380E-11
CALSDV   27   19  0.1911E-11  0.1914E-11
CALSDV   28   19  0.2217E-11  0.2216E-11
CALSDV   29   19  0.1660E-11  0.1663E-11
CALSDV   30   19  0.2001E-11  0.2001E-11
CALSDV   31   19  0.1558E-11  0.1560E-11
CALSDV   32   19  0.1808E-11  0.1807E-11
CALSDV   33   19  0.1533E-11  0.1536E-11
CALSDV   34   19  0.1666E-11  0.1667E-11
CALSDV   35   19  0.1540E-11  0.1544E-11
CALSDV   36   19  0.1586E-11  0.1587E-11
CALSDV   37   19  0.1564E-11  0.1567E-11
CALSDV   38   19  0.1557E-11  0.1559E-11
CALSDV   39   19  0.1594E-11  0.1596E-11
CALSDV   40   19  0.1567E-11  0.1568E-11
CALSDV   41   19  0.1632E-11  0.1633E-11
CALSDV   42   19  0.1604E-11  0.1605E-11
CALSDV   43   19  0.1672E-11  0.1674E-11
CALSDV   44   19  0.1656E-11  0.1657E-11
CALSDV   45   19  0.1719E-11  0.1720E-11
CALSDV   46   19  0.1719E-11  0.1720E-11
CALSDV   47   19  0.1772E-11  0.1773E-11
CALSDV   48   19  0.1791E-11  0.1792E-11
CALSDV   49   19  0.1831E-11  0.1832E-11
CALSDV   50   19  0.1868E-11  0.1869E-11
CALSDV   51   19  0.1897E-11  0.1897E-11
CALSDV   52   19  0.1948E-11  0.1948E-11
CALSDV   53   19  0.1969E-11  0.1968E-11
CALSDV   54   19  0.2033E-11  0.2032E-11
CALSDV   55   19  0.2049E-11  0.2048E-11
CALSDV   56   19  0.2126E-11  0.2126E-11
CALSDV   57   19  0.2145E-11  0.2144E-11
CALSDV   58   19  0.2236E-11  0.2235E-11
CALSDV   59   19  0.2305E-11  0.2305E-11
CALSDV   60   19  0.2383E-11  0.2383E-11
CALSDV   20   20  0.3752E-11  0.3746E-11
CALSDV   21   20  0.4295E-11  0.4292E-11
CALSDV   22   20  0.3866E-11  0.3859E-11
CALSDV   23   20  0.2276E-11  0.2273E-11
CALSDV   24   20  0.3363E-11  0.3356E-11
CALSDV   25   20  0.2224E-11  0.2225E-11
CALSDV   26   20  0.2523E-11  0.2522E-11
CALSDV   27   20  0.2233E-11  0.2233E-11
CALSDV   28   20  0.1946E-11  0.1947E-11
CALSDV   29   20  0.2096E-11  0.2096E-11
CALSDV   30   20  0.1698E-11  0.1700E-11
CALSDV   31   20  0.1925E-11  0.1925E-11
CALSDV   32   20  0.1668E-11  0.1670E-11
CALSDV   33   20  0.1787E-11  0.1787E-11
CALSDV   34   20  0.1731E-11  0.1733E-11
CALSDV   35   20  0.1704E-11  0.1705E-11
CALSDV   36   20  0.1812E-11  0.1814E-11
CALSDV   37   20  0.1677E-11  0.1678E-11
CALSDV   38   20  0.1883E-11  0.1886E-11
CALSDV   39   20  0.1689E-11  0.1692E-11
CALSDV   40   20  0.1943E-11  0.1945E-11
CALSDV   41   20  0.1729E-11  0.1732E-11
CALSDV   42   20  0.1990E-11  0.1991E-11
CALSDV   43   20  0.1782E-11  0.1785E-11
CALSDV   44   20  0.2029E-11  0.2031E-11
CALSDV   45   20  0.1839E-11  0.1841E-11
CALSDV   46   20  0.2062E-11  0.2063E-11
CALSDV   47   20  0.1900E-11  0.1902E-11
CALSDV   48   20  0.2095E-11  0.2096E-11
CALSDV   49   20  0.1961E-11  0.1964E-11
CALSDV   50   20  0.2130E-11  0.2131E-11
CALSDV   51   20  0.2024E-11  0.2027E-11
CALSDV   52   20  0.2169E-11  0.2171E-11
CALSDV   53   20  0.2086E-11  0.2089E-11
CALSDV   54   20  0.2213E-11  0.2216E-11
CALSDV   55   20  0.2155E-11  0.2158E-11
CALSDV   56   20  0.2267E-11  0.2269E-11
CALSDV   57   20  0.2230E-11  0.2235E-11
CALSDV   58   20  0.2341E-11  0.2345E-11
CALSDV   59   20  0.2381E-11  0.2385E-11
CALSDV   60   20  0.2469E-11  0.2472E-11
CALSDV   21   21  0.3476E-11  0.3476E-11
CALSDV   22   21  0.4175E-11  0.4179E-11
CALSDV   23   21  0.3520E-11  0.3522E-11
CALSDV   24   21  0.2255E-11  0.2262E-11
CALSDV   25   21  0.3071E-11  0.3067E-11
CALSDV   26   21  0.2453E-11  0.2461E-11
CALSDV   27   21  0.2417E-11  0.2412E-11
CALSDV   28   21  0.2553E-11  0.2562E-11
CALSDV   29   21  0.2005E-11  0.2002E-11
CALSDV   30   21  0.2422E-11  0.2432E-11
CALSDV   31   21  0.1814E-11  0.1814E-11
CALSDV   32   21  0.2213E-11  0.2224E-11
CALSDV   33   21  0.1745E-11  0.1746E-11
CALSDV   34   21  0.2014E-11  0.2027E-11
CALSDV   35   21  0.1732E-11  0.1732E-11
CALSDV   36   21  0.1869E-11  0.1883E-11
CALSDV   37   21  0.1740E-11  0.1741E-11
CALSDV   38   21  0.1790E-11  0.1804E-11
CALSDV   39   21  0.1760E-11  0.1759E-11
CALSDV   40   21  0.1763E-11  0.1778E-11
CALSDV   41   21  0.1787E-11  0.1786E-11
CALSDV   42   21  0.1782E-11  0.1796E-11
CALSDV   43   21  0.1822E-11  0.1821E-11
CALSDV   44   21  0.1826E-11  0.1839E-11
CALSDV   45   21  0.1863E-11  0.1862E-11
CALSDV   46   21  0.1887E-11  0.1899E-11
CALSDV   47   21  0.1911E-11  0.1911E-11
CALSDV   48   21  0.1955E-11  0.1965E-11
CALSDV   49   21  0.1967E-11  0.1967E-11
CALSDV   50   21  0.2028E-11  0.2038E-11
CALSDV   51   21  0.2028E-11  0.2029E-11
CALSDV   52   21  0.2105E-11  0.2112E-11
CALSDV   53   21  0.2094E-11  0.2095E-11
CALSDV   54   21  0.2181E-11  0.2187E-11
CALSDV   55   21  0.2166E-11  0.2169E-11
CALSDV   56   21  0.2262E-11  0.2267E-11
CALSDV   57   21  0.2250E-11  0.2253E-11
CALSDV   58   21  0.2351E-11  0.2357E-11
CALSDV   59   21  0.2396E-11  0.2400E-11
CALSDV   60   21  0.2484E-11  0.2488E-11
CALSDV   22   22  0.3421E-11  0.3443E-11
CALSDV   23   22  0.4255E-11  0.4269E-11
CALSDV   24   22  0.3902E-11  0.3902E-11
CALSDV   25   22  0.2279E-11  0.2273E-11
CALSDV   26   22  0.3432E-11  0.3431E-11
CALSDV   27   22  0.2364E-11  0.2359E-11
CALSDV   28   22  0.2606E-11  0.2605E-11
CALSDV   29   22  0.2397E-11  0.2397E-11
CALSDV   30   22  0.2045E-11  0.2045E-11
CALSDV   31   22  0.2231E-11  0.2232E-11
CALSDV   32   22  0.1813E-11  0.1814E-11
CALSDV   33   22  0.2020E-11  0.2020E-11
CALSDV   34   22  0.1790E-11  0.1791E-11
CALSDV   35   22  0.1855E-11  0.1854E-11
CALSDV   36   22  0.1852E-11  0.1854E-11
CALSDV   37   22  0.1770E-11  0.1767E-11
CALSDV   38   22  0.1934E-11  0.1936E-11
CALSDV   39   22  0.1759E-11  0.1757E-11
CALSDV   40   22  0.2011E-11  0.2012E-11
CALSDV   41   22  0.1799E-11  0.1797E-11
CALSDV   42   22  0.2075E-11  0.2076E-11
CALSDV   43   22  0.1868E-11  0.1865E-11
CALSDV   44   22  0.2131E-11  0.2129E-11
CALSDV   45   22  0.1949E-11  0.1946E-11
CALSDV   46   22  0.2179E-11  0.2178E-11
CALSDV   47   22  0.2029E-11  0.2026E-11
CALSDV   48   22  0.2221E-11  0.2220E-11
CALSDV   49   22  0.2104E-11  0.2101E-11
CALSDV   50   22  0.2262E-11  0.2260E-11
CALSDV   51   22  0.2175E-11  0.2172E-11
CALSDV   52   22  0.2305E-11  0.2302E-11
CALSDV   53   22  0.2239E-11  0.2234E-11
CALSDV   54   22  0.2347E-11  0.2343E-11
CALSDV   55   22  0.2299E-11  0.2294E-11
CALSDV   56   22  0.2395E-11  0.2392E-11
CALSDV   57   22  0.2362E-11  0.2358E-11
CALSDV   58   22  0.2452E-11  0.2448E-11
CALSDV   59   22  0.2488E-11  0.2484E-11
CALSDV   60   22  0.2561E-11  0.2563E-11
CALSDV   23   23  0.3399E-11  0.3414E-11
CALSDV   24   23  0.4233E-11  0.4273E-11
CALSDV   25   23  0.3552E-11  0.3581E-11
CALSDV   26   23  0.2220E-11  0.2240E-11
CALSDV   27   23  0.3071E-11  0.3082E-11
CALSDV   28   23  0.2524E-11  0.2532E-11
CALSDV   29   23  0.2433E-11  0.2430E-11
CALSDV   30   23  0.2680E-11  0.2697E-11
CALSDV   31   23  0.2080E-11  0.2077E-11
CALSDV   32   23  0.2565E-11  0.2584E-11
CALSDV   33   23  0.1952E-11  0.1954E-11
CALSDV   34   23  0.2357E-11  0.2375E-11
CALSDV   35   23  0.1921E-11  0.1929E-11
CALSDV   36   23  0.2160E-11  0.2179E-11
CALSDV   37   23  0.1920E-11  0.1932E-11
CALSDV   38   23  0.2023E-11  0.2041E-11
CALSDV   39   23  0.1927E-11  0.1943E-11
CALSDV   40   23  0.1957E-11  0.1974E-11
CALSDV   41   23  0.1944E-11  0.1959E-11
CALSDV   42   23  0.1952E-11  0.1964E-11
CALSDV   43   23  0.1970E-11  0.1985E-11
CALSDV   44   23  0.1990E-11  0.1998E-11
CALSDV   45   23  0.2006E-11  0.2019E-11
CALSDV   46   23  0.2050E-11  0.2054E-11
CALSDV   47   23  0.2053E-11  0.2064E-11
CALSDV   48   23  0.2125E-11  0.2123E-11
CALSDV   49   23  0.2106E-11  0.2111E-11
CALSDV   50   23  0.2201E-11  0.2194E-11
CALSDV   51   23  0.2168E-11  0.2169E-11
CALSDV   52   23  0.2277E-11  0.2266E-11
CALSDV   53   23  0.2234E-11  0.2229E-11
CALSDV   54   23  0.2350E-11  0.2336E-11
CALSDV   55   23  0.2301E-11  0.2293E-11
CALSDV   56   23  0.2420E-11  0.2405E-11
CALSDV   57   23  0.2376E-11  0.2361E-11
CALSDV   58   23  0.2498E-11  0.2475E-11
CALSDV   59   23  0.2505E-11  0.2495E-11
CALSDV   60   23  0.2581E-11  0.2610E-11
CALSDV   24   24  0.3345E-11  0.3328E-11
CALSDV   25   24  0.4325E-11  0.4324E-11
CALSDV   26   24  0.3961E-11  0.3963E-11
CALSDV   27   24  0.2333E-11  0.2337E-11
CALSDV   28   24  0.3480E-11  0.3486E-11
CALSDV   29   24  0.2530E-11  0.2536E-11
CALSDV   30   24  0.2671E-11  0.2679E-11
CALSDV   31   24  0.2588E-11  0.2591E-11
CALSDV   32   24  0.2154E-11  0.2158E-11
CALSDV   33   24  0.2394E-11  0.2397E-11
CALSDV   34   24  0.1956E-11  0.1959E-11
CALSDV   35   24  0.2142E-11  0.2143E-11
CALSDV   36   24  0.1945E-11  0.1944E-11
CALSDV   37   24  0.1951E-11  0.1953E-11
CALSDV   38   24  0.2002E-11  0.2001E-11
CALSDV   39   24  0.1862E-11  0.1863E-11
CALSDV   40   24  0.2073E-11  0.2072E-11
CALSDV   41   24  0.1870E-11  0.1870E-11
CALSDV   42   24  0.2143E-11  0.2141E-11
CALSDV   43   24  0.1939E-11  0.1940E-11
CALSDV   44   24  0.2208E-11  0.2206E-11
CALSDV   45   24  0.2038E-11  0.2037E-11
CALSDV   46   24  0.2269E-11  0.2267E-11
CALSDV   47   24  0.2140E-11  0.2139E-11
CALSDV   48   24  0.2324E-11  0.2322E-11
CALSDV   49   24  0.2237E-11  0.2236E-11
CALSDV   50   24  0.2376E-11  0.2374E-11
CALSDV   51   24  0.2320E-11  0.2319E-11
CALSDV   52   24  0.2424E-11  0.2423E-11
CALSDV   53   24  0.2388E-11  0.2387E-11
CALSDV   54   24  0.2472E-11  0.2471E-11
CALSDV   55   24  0.2443E-11  0.2443E-11
CALSDV   56   24  0.2519E-11  0.2517E-11
CALSDV   57   24  0.2490E-11  0.2490E-11
CALSDV   58   24  0.2569E-11  0.2569E-11
CALSDV   59   24  0.2599E-11  0.2599E-11
CALSDV   60   24  0.2661E-11  0.2660E-11
CALSDV   25   25  0.3338E-11  0.3340E-11
CALSDV   26   25  0.4418E-11  0.4416E-11
CALSDV   27   25  0.3714E-11  0.3712E-11
CALSDV   28   25  0.2304E-11  0.2304E-11
CALSDV   29   25  0.3168E-11  0.3162E-11
CALSDV   30   25  0.2641E-11  0.2642E-11
CALSDV   31   25  0.2489E-11  0.2485E-11
CALSDV   32   25  0.2825E-11  0.2828E-11
CALSDV   33   25  0.2172E-11  0.2170E-11
CALSDV   34   25  0.2719E-11  0.2721E-11
CALSDV   35   25  0.2110E-11  0.2111E-11
CALSDV   36   25  0.2517E-11  0.2520E-11
CALSDV   37   25  0.2137E-11  0.2136E-11
CALSDV   38   25  0.2340E-11  0.2344E-11
CALSDV   39   25  0.2172E-11  0.2169E-11
CALSDV   40   25  0.2233E-11  0.2238E-11
CALSDV   41   25  0.2199E-11  0.2195E-11
CALSDV   42   25  0.2204E-11  0.2207E-11
CALSDV   43   25  0.2222E-11  0.2216E-11
CALSDV   44   25  0.2227E-11  0.2230E-11
CALSDV   45   25  0.2247E-11  0.2241E-11
CALSDV   46   25  0.2284E-11  0.2286E-11
CALSDV   47   25  0.2283E-11  0.2276E-11
CALSDV   48   25  0.2356E-11  0.2357E-11
CALSDV   49   25  0.2325E-11  0.2318E-11
CALSDV   50   25  0.2429E-11  0.2428E-11
CALSDV   51   25  0.2370E-11  0.2363E-11
CALSDV   52   25  0.2495E-11  0.2492E-11
CALSDV   53   25  0.2416E-11  0.2410E-11
CALSDV   54   25  0.2551E-11  0.2547E-11
CALSDV   55   25  0.2466E-11  0.2459E-11
CALSDV   56   25  0.2601E-11  0.2597E-11
CALSDV   57   25  0.2512E-11  0.2506E-11
CALSDV   58   25  0.2645E-11  0.2639E-11
CALSDV   59   25  0.2616E-11  0.2610E-11
CALSDV   60   25  0.2724E-11  0.2722E-11
CALSDV   26   26  0.3393E-11  0.3387E-11
CALSDV   27   26  0.4477E-11  0.4466E-11
CALSDV   28   26  0.4065E-11  0.4057E-11
CALSDV   29   26  0.2461E-11  0.2459E-11
CALSDV   30   26  0.3549E-11  0.3540E-11
CALSDV   31   26  0.2746E-11  0.2744E-11
CALSDV   32   26  0.2756E-11  0.2754E-11
CALSDV   33   26  0.2814E-11  0.2811E-11
CALSDV   34   26  0.2291E-11  0.2290E-11
CALSDV   35   26  0.2590E-11  0.2587E-11
CALSDV   36   26  0.2135E-11  0.2134E-11
CALSDV   37   26  0.2300E-11  0.2298E-11
CALSDV   38   26  0.2133E-11  0.2131E-11
CALSDV   39   26  0.2087E-11  0.2086E-11
CALSDV   40   26  0.2182E-11  0.2178E-11
CALSDV   41   26  0.2001E-11  0.1999E-11
CALSDV   42   26  0.2240E-11  0.2235E-11
CALSDV   43   26  0.2030E-11  0.2028E-11
CALSDV   44   26  0.2300E-11  0.2296E-11
CALSDV   45   26  0.2126E-11  0.2124E-11
CALSDV   46   26  0.2361E-11  0.2356E-11
CALSDV   47   26  0.2246E-11  0.2245E-11
CALSDV   48   26  0.2424E-11  0.2420E-11
CALSDV   49   26  0.2365E-11  0.2364E-11
CALSDV   50   26  0.2487E-11  0.2484E-11
CALSDV   51   26  0.2469E-11  0.2469E-11
CALSDV   52   26  0.2548E-11  0.2548E-11
CALSDV   53   26  0.2541E-11  0.2542E-11
CALSDV   54   26  0.2597E-11  0.2597E-11
CALSDV   55   26  0.2596E-11  0.2597E-11
CALSDV   56   26  0.2645E-11  0.2647E-11
CALSDV   57   26  0.2628E-11  0.2630E-11
CALSDV   58   26  0.2688E-11  0.2689E-11
CALSDV   59   26  0.2708E-11  0.2710E-11
CALSDV   60   26  0.2760E-11  0.2760E-11
CALSDV   27   27  0.3263E-11  0.3281E-11
CALSDV   28   27  0.4596E-11  0.4603E-11
CALSDV   29   27  0.3989E-11  0.3970E-11
CALSDV   30   27  0.2440E-11  0.2441E-11
CALSDV   31   27  0.3372E-11  0.3355E-11
CALSDV   32   27  0.2796E-11  0.2794E-11
CALSDV   33   27  0.2607E-11  0.2602E-11
CALSDV   34   27  0.2960E-11  0.2961E-11
CALSDV   35   27  0.2283E-11  0.2283E-11
CALSDV   36   27  0.2820E-11  0.2821E-11
CALSDV   37   27  0.2277E-11  0.2277E-11
CALSDV   38   27  0.2598E-11  0.2598E-11
CALSDV   39   27  0.2366E-11  0.2358E-11
CALSDV   40   27  0.2426E-11  0.2424E-11
CALSDV   41   27  0.2450E-11  0.2435E-11
CALSDV   42   27  0.2351E-11  0.2347E-11
CALSDV   43   27  0.2509E-11  0.2489E-11
CALSDV   44   27  0.2365E-11  0.2361E-11
CALSDV   45   27  0.2550E-11  0.2527E-11
CALSDV   46   27  0.2433E-11  0.2427E-11
CALSDV   47   27  0.2582E-11  0.2557E-11
CALSDV   48   27  0.2523E-11  0.2517E-11
CALSDV   49   27  0.2610E-11  0.2587E-11
CALSDV   50   27  0.2612E-11  0.2606E-11
CALSDV   51   27  0.2638E-11  0.2618E-11
CALSDV   52   27  0.2689E-11  0.2685E-11
CALSDV   53   27  0.2662E-11  0.2648E-11
CALSDV   54   27  0.2749E-11  0.2745E-11
CALSDV   55   27  0.2676E-11  0.2665E-11
CALSDV   56   27  0.2782E-11  0.2779E-11
CALSDV   57   27  0.2686E-11  0.2679E-11
CALSDV   58   27  0.2803E-11  0.2801E-11
CALSDV   59   27  0.2747E-11  0.2743E-11
CALSDV   60   27  0.2846E-11  0.2846E-11
CALSDV   28   28  0.3441E-11  0.3448E-11
CALSDV   29   28  0.4647E-11  0.4627E-11
CALSDV   30   28  0.4201E-11  0.4192E-11
CALSDV   31   28  0.2601E-11  0.2586E-11
CALSDV   32   28  0.3622E-11  0.3622E-11
CALSDV   33   28  0.2965E-11  0.2959E-11
CALSDV   34   28  0.2845E-11  0.2847E-11
CALSDV   35   28  0.3039E-11  0.3039E-11
CALSDV   36   28  0.2438E-11  0.2439E-11
CALSDV   37   28  0.2788E-11  0.2792E-11
CALSDV   38   28  0.2329E-11  0.2329E-11
CALSDV   39   28  0.2468E-11  0.2474E-11
CALSDV   40   28  0.2337E-11  0.2336E-11
CALSDV   41   28  0.2245E-11  0.2250E-11
CALSDV   42   28  0.2376E-11  0.2374E-11
CALSDV   43   28  0.2171E-11  0.2176E-11
CALSDV   44   28  0.2420E-11  0.2420E-11
CALSDV   45   28  0.2227E-11  0.2229E-11
CALSDV   46   28  0.2472E-11  0.2472E-11
CALSDV   47   28  0.2349E-11  0.2351E-11
CALSDV   48   28  0.2532E-11  0.2532E-11
CALSDV   49   28  0.2487E-11  0.2489E-11
CALSDV   50   28  0.2599E-11  0.2601E-11
CALSDV   51   28  0.2610E-11  0.2613E-11
CALSDV   52   28  0.2668E-11  0.2671E-11
CALSDV   53   28  0.2703E-11  0.2706E-11
CALSDV   54   28  0.2732E-11  0.2736E-11
CALSDV   55   28  0.2758E-11  0.2761E-11
CALSDV   56   28  0.2782E-11  0.2785E-11
CALSDV   57   28  0.2775E-11  0.2778E-11
CALSDV   58   28  0.2815E-11  0.2817E-11
CALSDV   59   28  0.2826E-11  0.2826E-11
CALSDV   60   28  0.2866E-11  0.2865E-11
CALSDV   29   29  0.3218E-11  0.3217E-11
CALSDV   30   29  0.4825E-11  0.4806E-11
CALSDV   31   29  0.4319E-11  0.4299E-11
CALSDV   32   29  0.2654E-11  0.2650E-11
CALSDV   33   29  0.3638E-11  0.3632E-11
CALSDV   34   29  0.3023E-11  0.3025E-11
CALSDV   35   29  0.2789E-11  0.2795E-11
CALSDV   36   29  0.3153E-11  0.3161E-11
CALSDV   37   29  0.2430E-11  0.2438E-11
CALSDV   38   29  0.2975E-11  0.2986E-11
CALSDV   39   29  0.2430E-11  0.2438E-11
CALSDV   40   29  0.2741E-11  0.2751E-11
CALSDV   41   29  0.2536E-11  0.2542E-11
CALSDV   42   29  0.2593E-11  0.2603E-11
CALSDV   43   29  0.2639E-11  0.2643E-11
CALSDV   44   29  0.2565E-11  0.2574E-11
CALSDV   45   29  0.2713E-11  0.2717E-11
CALSDV   46   29  0.2631E-11  0.2641E-11
CALSDV   47   29  0.2768E-11  0.2770E-11
CALSDV   48   29  0.2739E-11  0.2749E-11
CALSDV   49   29  0.2809E-11  0.2811E-11
CALSDV   50   29  0.2849E-11  0.2860E-11
CALSDV   51   29  0.2841E-11  0.2845E-11
CALSDV   52   29  0.2938E-11  0.2951E-11
CALSDV   53   29  0.2859E-11  0.2866E-11
CALSDV   54   29  0.2994E-11  0.3008E-11
CALSDV   55   29  0.2867E-11  0.2875E-11
CALSDV   56   29  0.3015E-11  0.3029E-11
CALSDV   57   29  0.2845E-11  0.2858E-11
CALSDV   58   29  0.2992E-11  0.3009E-11
CALSDV   59   29  0.2874E-11  0.2881E-11
CALSDV   60   29  0.2996E-11  0.3004E-11
CALSDV   30   30  0.3786E-11  0.3785E-11
CALSDV   31   30  0.4974E-11  0.4951E-11
CALSDV   32   30  0.4452E-11  0.4426E-11
CALSDV   33   30  0.2814E-11  0.2815E-11
CALSDV   34   30  0.3769E-11  0.3772E-11
CALSDV   35   30  0.3193E-11  0.3190E-11
CALSDV   36   30  0.2994E-11  0.3009E-11
CALSDV   37   30  0.3273E-11  0.3275E-11
CALSDV   38   30  0.2667E-11  0.2671E-11
CALSDV   39   30  0.3020E-11  0.3028E-11
CALSDV   40   30  0.2617E-11  0.2622E-11
CALSDV   41   30  0.2713E-11  0.2719E-11
CALSDV   42   30  0.2644E-11  0.2650E-11
CALSDV   43   30  0.2519E-11  0.2522E-11
CALSDV   44   30  0.2678E-11  0.2684E-11
CALSDV   45   30  0.2478E-11  0.2479E-11
CALSDV   46   30  0.2710E-11  0.2714E-11
CALSDV   47   30  0.2555E-11  0.2556E-11
CALSDV   48   30  0.2748E-11  0.2753E-11
CALSDV   49   30  0.2682E-11  0.2687E-11
CALSDV   50   30  0.2797E-11  0.2804E-11
CALSDV   51   30  0.2809E-11  0.2818E-11
CALSDV   52   30  0.2855E-11  0.2866E-11
CALSDV   53   30  0.2904E-11  0.2916E-11
CALSDV   54   30  0.2912E-11  0.2924E-11
CALSDV   55   30  0.2956E-11  0.2969E-11
CALSDV   56   30  0.2956E-11  0.2970E-11
CALSDV   57   30  0.2960E-11  0.2976E-11
CALSDV   58   30  0.2979E-11  0.2995E-11
CALSDV   59   30  0.2961E-11  0.2965E-11
CALSDV   60   30  0.2991E-11  0.2994E-11
CALSDV   31   31  0.3468E-11  0.3442E-11
CALSDV   32   31  0.5044E-11  0.5071E-11
CALSDV   33   31  0.4612E-11  0.4584E-11
CALSDV   34   31  0.2914E-11  0.2929E-11
CALSDV   35   31  0.3957E-11  0.3933E-11
CALSDV   36   31  0.3313E-11  0.3320E-11
CALSDV   37   31  0.3100E-11  0.3082E-11
CALSDV   38   31  0.3397E-11  0.3398E-11
CALSDV   39   31  0.2695E-11  0.2684E-11
CALSDV   40   31  0.3160E-11  0.3156E-11
CALSDV   41   31  0.2631E-11  0.2624E-11
CALSDV   42   31  0.2897E-11  0.2891E-11
CALSDV   43   31  0.2677E-11  0.2675E-11
CALSDV   44   31  0.2769E-11  0.2762E-11
CALSDV   45   31  0.2746E-11  0.2744E-11
CALSDV   46   31  0.2791E-11  0.2783E-11
CALSDV   47   31  0.2812E-11  0.2807E-11
CALSDV   48   31  0.2908E-11  0.2900E-11
CALSDV   49   31  0.2873E-11  0.2867E-11
CALSDV   50   31  0.3052E-11  0.3042E-11
CALSDV   51   31  0.2933E-11  0.2923E-11
CALSDV   52   31  0.3177E-11  0.3164E-11
CALSDV   53   31  0.2982E-11  0.2970E-11
CALSDV   54   31  0.3251E-11  0.3238E-11
CALSDV   55   31  0.3010E-11  0.2995E-11
CALSDV   56   31  0.3270E-11  0.3255E-11
CALSDV   57   31  0.3007E-11  0.2992E-11
CALSDV   58   31  0.3234E-11  0.3218E-11
CALSDV   59   31  0.3006E-11  0.2992E-11
CALSDV   60   31  0.3172E-11  0.3160E-11
CALSDV   32   32  0.3460E-11  0.3472E-11
CALSDV   33   32  0.4990E-11  0.5005E-11
CALSDV   34   32  0.4555E-11  0.4581E-11
CALSDV   35   32  0.2899E-11  0.2911E-11
CALSDV   36   32  0.3852E-11  0.3855E-11
CALSDV   37   32  0.3423E-11  0.3431E-11
CALSDV   38   32  0.3068E-11  0.3071E-11
CALSDV   39   32  0.3502E-11  0.3495E-11
CALSDV   40   32  0.2774E-11  0.2776E-11
CALSDV   41   32  0.3198E-11  0.3187E-11
CALSDV   42   32  0.2755E-11  0.2757E-11
CALSDV   43   32  0.2844E-11  0.2833E-11
CALSDV   44   32  0.2790E-11  0.2790E-11
CALSDV   45   32  0.2639E-11  0.2631E-11
CALSDV   46   32  0.2823E-11  0.2821E-11
CALSDV   47   32  0.2623E-11  0.2617E-11
CALSDV   48   32  0.2857E-11  0.2853E-11
CALSDV   49   32  0.2739E-11  0.2730E-11
CALSDV   50   32  0.2909E-11  0.2903E-11
CALSDV   51   32  0.2897E-11  0.2888E-11
CALSDV   52   32  0.2976E-11  0.2969E-11
CALSDV   53   32  0.3033E-11  0.3024E-11
CALSDV   54   32  0.3048E-11  0.3041E-11
CALSDV   55   32  0.3114E-11  0.3104E-11
CALSDV   56   32  0.3106E-11  0.3098E-11
CALSDV   57   32  0.3124E-11  0.3113E-11
CALSDV   58   32  0.3130E-11  0.3122E-11
CALSDV   59   32  0.3101E-11  0.3098E-11
CALSDV   60   32  0.3121E-11  0.3120E-11
CALSDV   33   33  0.3384E-11  0.3377E-11
CALSDV   34   33  0.5129E-11  0.5120E-11
CALSDV   35   33  0.4917E-11  0.4903E-11
CALSDV   36   33  0.2935E-11  0.2922E-11
CALSDV   37   33  0.4115E-11  0.4100E-11
CALSDV   38   33  0.3455E-11  0.3445E-11
CALSDV   39   33  0.3131E-11  0.3125E-11
CALSDV   40   33  0.3528E-11  0.3518E-11
CALSDV   41   33  0.2765E-11  0.2762E-11
CALSDV   42   33  0.3231E-11  0.3222E-11
CALSDV   43   33  0.2837E-11  0.2835E-11
CALSDV   44   33  0.2914E-11  0.2907E-11
CALSDV   45   33  0.3015E-11  0.3012E-11
CALSDV   46   33  0.2774E-11  0.2768E-11
CALSDV   47   33  0.3169E-11  0.3165E-11
CALSDV   48   33  0.2822E-11  0.2817E-11
CALSDV   49   33  0.3274E-11  0.3269E-11
CALSDV   50   33  0.2980E-11  0.2975E-11
CALSDV   51   33  0.3336E-11  0.3330E-11
CALSDV   52   33  0.3156E-11  0.3151E-11
CALSDV   53   33  0.3358E-11  0.3352E-11
CALSDV   54   33  0.3293E-11  0.3288E-11
CALSDV   55   33  0.3340E-11  0.3334E-11
CALSDV   56   33  0.3360E-11  0.3356E-11
CALSDV   57   33  0.3272E-11  0.3266E-11
CALSDV   58   33  0.3347E-11  0.3343E-11
CALSDV   59   33  0.3191E-11  0.3187E-11
CALSDV   60   33  0.3277E-11  0.3273E-11
CALSDV   34   34  0.3423E-11  0.3428E-11
CALSDV   35   34  0.5113E-11  0.5111E-11
CALSDV   36   34  0.4763E-11  0.4768E-11
CALSDV   37   34  0.3029E-11  0.3030E-11
CALSDV   38   34  0.3975E-11  0.3975E-11
CALSDV   39   34  0.3656E-11  0.3654E-11
CALSDV   40   34  0.3183E-11  0.3184E-11
CALSDV   41   34  0.3724E-11  0.3719E-11
CALSDV   42   34  0.2927E-11  0.2926E-11
CALSDV   43   34  0.3396E-11  0.3387E-11
CALSDV   44   34  0.2928E-11  0.2931E-11
CALSDV   45   34  0.3048E-11  0.3040E-11
CALSDV   46   34  0.2959E-11  0.2963E-11
CALSDV   47   34  0.2884E-11  0.2877E-11
CALSDV   48   34  0.2983E-11  0.2986E-11
CALSDV   49   34  0.2915E-11  0.2909E-11
CALSDV   50   34  0.3019E-11  0.3022E-11
CALSDV   51   34  0.3056E-11  0.3050E-11
CALSDV   52   34  0.3084E-11  0.3083E-11
CALSDV   53   34  0.3207E-11  0.3198E-11
CALSDV   54   34  0.3165E-11  0.3163E-11
CALSDV   55   34  0.3302E-11  0.3294E-11
CALSDV   56   34  0.3238E-11  0.3234E-11
CALSDV   57   34  0.3307E-11  0.3299E-11
CALSDV   58   34  0.3270E-11  0.3264E-11
CALSDV   59   34  0.3247E-11  0.3242E-11
CALSDV   60   34  0.3242E-11  0.3239E-11
CALSDV   35   35  0.3371E-11  0.3342E-11
CALSDV   36   35  0.5308E-11  0.5302E-11
CALSDV   37   35  0.5254E-11  0.5252E-11
CALSDV   38   35  0.3126E-11  0.3114E-11
CALSDV   39   35  0.4377E-11  0.4375E-11
CALSDV   40   35  0.3706E-11  0.3693E-11
CALSDV   41   35  0.3329E-11  0.3327E-11
CALSDV   42   35  0.3731E-11  0.3725E-11
CALSDV   43   35  0.2947E-11  0.2946E-11
CALSDV   44   35  0.3380E-11  0.3383E-11
CALSDV   45   35  0.3028E-11  0.3032E-11
CALSDV   46   35  0.3064E-11  0.3074E-11
CALSDV   47   35  0.3218E-11  0.3222E-11
CALSDV   48   35  0.2982E-11  0.2994E-11
CALSDV   49   35  0.3381E-11  0.3385E-11
CALSDV   50   35  0.3103E-11  0.3114E-11
CALSDV   51   35  0.3487E-11  0.3492E-11
CALSDV   52   35  0.3305E-11  0.3317E-11
CALSDV   53   35  0.3539E-11  0.3544E-11
CALSDV   54   35  0.3482E-11  0.3491E-11
CALSDV   55   35  0.3532E-11  0.3538E-11
CALSDV   56   35  0.3575E-11  0.3583E-11
CALSDV   57   35  0.3456E-11  0.3463E-11
CALSDV   58   35  0.3556E-11  0.3563E-11
CALSDV   59   35  0.3336E-11  0.3338E-11
CALSDV   60   35  0.3439E-11  0.3441E-11
CALSDV   36   36  0.3605E-11  0.3587E-11
CALSDV   37   36  0.5275E-11  0.5271E-11
CALSDV   38   36  0.5027E-11  0.5024E-11
CALSDV   39   36  0.3205E-11  0.3212E-11
CALSDV   40   36  0.4145E-11  0.4146E-11
CALSDV   41   36  0.3909E-11  0.3923E-11
CALSDV   42   36  0.3340E-11  0.3345E-11
CALSDV   43   36  0.3967E-11  0.3990E-11
CALSDV   44   36  0.3129E-11  0.3136E-11
CALSDV   45   36  0.3637E-11  0.3663E-11
CALSDV   46   36  0.3166E-11  0.3171E-11
CALSDV   47   36  0.3333E-11  0.3360E-11
CALSDV   48   36  0.3211E-11  0.3213E-11
CALSDV   49   36  0.3238E-11  0.3261E-11
CALSDV   50   36  0.3243E-11  0.3242E-11
CALSDV   51   36  0.3317E-11  0.3333E-11
CALSDV   52   36  0.3287E-11  0.3284E-11
CALSDV   53   36  0.3451E-11  0.3464E-11
CALSDV   54   36  0.3354E-11  0.3351E-11
CALSDV   55   36  0.3544E-11  0.3550E-11
CALSDV   56   36  0.3417E-11  0.3416E-11
CALSDV   57   36  0.3528E-11  0.3535E-11
CALSDV   58   36  0.3439E-11  0.3441E-11
CALSDV   59   36  0.3414E-11  0.3420E-11
CALSDV   60   36  0.3378E-11  0.3383E-11
CALSDV   37   37  0.3340E-11  0.3321E-11
CALSDV   38   37  0.5492E-11  0.5490E-11
CALSDV   39   37  0.5594E-11  0.5589E-11
CALSDV   40   37  0.3353E-11  0.3342E-11
CALSDV   41   37  0.4623E-11  0.4629E-11
CALSDV   42   37  0.3977E-11  0.3971E-11
CALSDV   43   37  0.3514E-11  0.3516E-11
CALSDV   44   37  0.3938E-11  0.3930E-11
CALSDV   45   37  0.3132E-11  0.3137E-11
CALSDV   46   37  0.3525E-11  0.3519E-11
CALSDV   47   37  0.3232E-11  0.3240E-11
CALSDV   48   37  0.3210E-11  0.3202E-11
CALSDV   49   37  0.3435E-11  0.3442E-11
CALSDV   50   37  0.3185E-11  0.3179E-11
CALSDV   51   37  0.3600E-11  0.3607E-11
CALSDV   52   37  0.3369E-11  0.3363E-11
CALSDV   53   37  0.3698E-11  0.3702E-11
CALSDV   54   37  0.3593E-11  0.3590E-11
CALSDV   55   37  0.3721E-11  0.3723E-11
CALSDV   56   37  0.3737E-11  0.3737E-11
CALSDV   57   37  0.3647E-11  0.3651E-11
CALSDV   58   37  0.3740E-11  0.3745E-11
CALSDV   59   37  0.3487E-11  0.3490E-11
CALSDV   60   37  0.3596E-11  0.3596E-11
CALSDV   38   38  0.3730E-11  0.3686E-11
CALSDV   39   38  0.5452E-11  0.5453E-11
CALSDV   40   38  0.5317E-11  0.5320E-11
CALSDV   41   38  0.3420E-11  0.3416E-11
CALSDV   42   38  0.4339E-11  0.4338E-11
CALSDV   43   38  0.4182E-11  0.4191E-11
CALSDV   44   38  0.3521E-11  0.3512E-11
CALSDV   45   38  0.4239E-11  0.4247E-11
CALSDV   46   38  0.3350E-11  0.3343E-11
CALSDV   47   38  0.3940E-11  0.3940E-11
CALSDV   48   38  0.3423E-11  0.3402E-11
CALSDV   49   38  0.3713E-11  0.3716E-11
CALSDV   50   38  0.3486E-11  0.3456E-11
CALSDV   51   38  0.3693E-11  0.3692E-11
CALSDV   52   38  0.3533E-11  0.3496E-11
CALSDV   53   38  0.3788E-11  0.3780E-11
CALSDV   54   38  0.3588E-11  0.3544E-11
CALSDV   55   38  0.3866E-11  0.3849E-11
CALSDV   56   38  0.3640E-11  0.3601E-11
CALSDV   57   38  0.3821E-11  0.3800E-11
CALSDV   58   38  0.3651E-11  0.3610E-11
CALSDV   59   38  0.3632E-11  0.3612E-11
CALSDV   60   38  0.3537E-11  0.3528E-11
CALSDV   39   39  0.3456E-11  0.3436E-11
CALSDV   40   39  0.5685E-11  0.5679E-11
CALSDV   41   39  0.5945E-11  0.5930E-11
CALSDV   42   39  0.3615E-11  0.3621E-11
CALSDV   43   39  0.4858E-11  0.4852E-11
CALSDV   44   39  0.4270E-11  0.4265E-11
CALSDV   45   39  0.3681E-11  0.3691E-11
CALSDV   46   39  0.4142E-11  0.4136E-11
CALSDV   47   39  0.3339E-11  0.3328E-11
CALSDV   48   39  0.3666E-11  0.3655E-11
CALSDV   49   39  0.3478E-11  0.3479E-11
CALSDV   50   39  0.3367E-11  0.3363E-11
CALSDV   51   39  0.3700E-11  0.3705E-11
CALSDV   52   39  0.3410E-11  0.3418E-11
CALSDV   53   39  0.3859E-11  0.3865E-11
CALSDV   54   39  0.3643E-11  0.3656E-11
CALSDV   55   39  0.3921E-11  0.3924E-11
CALSDV   56   39  0.3856E-11  0.3865E-11
CALSDV   57   39  0.3858E-11  0.3860E-11
CALSDV   58   39  0.3910E-11  0.3916E-11
CALSDV   59   39  0.3659E-11  0.3656E-11
CALSDV   60   39  0.3754E-11  0.3753E-11
CALSDV   40   40  0.3849E-11  0.3882E-11
CALSDV   41   40  0.5719E-11  0.5711E-11
CALSDV   42   40  0.5731E-11  0.5743E-11
CALSDV   43   40  0.3702E-11  0.3704E-11
CALSDV   44   40  0.4617E-11  0.4628E-11
CALSDV   45   40  0.4484E-11  0.4481E-11
CALSDV   46   40  0.3723E-11  0.3722E-11
CALSDV   47   40  0.4535E-11  0.4522E-11
CALSDV   48   40  0.3601E-11  0.3597E-11
CALSDV   49   40  0.4291E-11  0.4266E-11
CALSDV   50   40  0.3752E-11  0.3749E-11
CALSDV   51   40  0.4157E-11  0.4130E-11
CALSDV   52   40  0.3874E-11  0.3879E-11
CALSDV   53   40  0.4184E-11  0.4157E-11
CALSDV   54   40  0.3941E-11  0.3952E-11
CALSDV   55   40  0.4225E-11  0.4206E-11
CALSDV   56   40  0.3966E-11  0.3978E-11
CALSDV   57   40  0.4141E-11  0.4128E-11
CALSDV   58   40  0.3922E-11  0.3933E-11
CALSDV   59   40  0.3861E-11  0.3854E-11
CALSDV   60   40  0.3741E-11  0.3747E-11
CALSDV   41   41  0.3682E-11  0.3668E-11
CALSDV   42   41  0.5894E-11  0.5904E-11
CALSDV   43   41  0.6309E-11  0.6323E-11
CALSDV   44   41  0.3956E-11  0.3958E-11
CALSDV   45   41  0.5072E-11  0.5077E-11
CALSDV   46   41  0.4598E-11  0.4592E-11
CALSDV   47   41  0.3854E-11  0.3850E-11
CALSDV   48   41  0.4360E-11  0.4352E-11
CALSDV   49   41  0.3574E-11  0.3567E-11
CALSDV   50   41  0.3830E-11  0.3822E-11
CALSDV   51   41  0.3789E-11  0.3778E-11
CALSDV   52   41  0.3588E-11  0.3579E-11
CALSDV   53   41  0.4028E-11  0.4017E-11
CALSDV   54   41  0.3719E-11  0.3710E-11
CALSDV   55   41  0.4145E-11  0.4137E-11
CALSDV   56   41  0.3965E-11  0.3955E-11
CALSDV   57   41  0.4097E-11  0.4088E-11
CALSDV   58   41  0.4080E-11  0.4070E-11
CALSDV   59   41  0.3852E-11  0.3847E-11
CALSDV   60   41  0.3919E-11  0.3916E-11
CALSDV   42   42  0.4036E-11  0.4002E-11
CALSDV   43   42  0.6028E-11  0.6021E-11
CALSDV   44   42  0.6314E-11  0.6313E-11
CALSDV   45   42  0.4050E-11  0.4054E-11
CALSDV   46   42  0.4988E-11  0.4993E-11
CALSDV   47   42  0.4776E-11  0.4778E-11
CALSDV   48   42  0.3938E-11  0.3939E-11
CALSDV   49   42  0.4754E-11  0.4756E-11
CALSDV   50   42  0.3897E-11  0.3904E-11
CALSDV   51   42  0.4508E-11  0.4508E-11
CALSDV   52   42  0.4194E-11  0.4219E-11
CALSDV   53   42  0.4418E-11  0.4421E-11
CALSDV   54   42  0.4408E-11  0.4447E-11
CALSDV   55   42  0.4442E-11  0.4449E-11
CALSDV   56   42  0.4461E-11  0.4503E-11
CALSDV   57   42  0.4368E-11  0.4381E-11
CALSDV   58   42  0.4348E-11  0.4383E-11
CALSDV   59   42  0.4058E-11  0.4066E-11
CALSDV   60   42  0.4034E-11  0.4053E-11
CALSDV   43   43  0.3864E-11  0.3911E-11
CALSDV   44   43  0.6107E-11  0.6103E-11
CALSDV   45   43  0.6717E-11  0.6720E-11
CALSDV   46   43  0.4315E-11  0.4315E-11
CALSDV   47   43  0.5266E-11  0.5268E-11
CALSDV   48   43  0.4912E-11  0.4902E-11
CALSDV   49   43  0.4010E-11  0.4011E-11
CALSDV   50   43  0.4559E-11  0.4543E-11
CALSDV   51   43  0.3854E-11  0.3856E-11
CALSDV   52   43  0.4015E-11  0.4000E-11
CALSDV   53   43  0.4151E-11  0.4149E-11
CALSDV   54   43  0.3868E-11  0.3854E-11
CALSDV   55   43  0.4373E-11  0.4369E-11
CALSDV   56   43  0.4061E-11  0.4049E-11
CALSDV   57   43  0.4364E-11  0.4360E-11
CALSDV   58   43  0.4228E-11  0.4218E-11
CALSDV   59   43  0.4072E-11  0.4069E-11
CALSDV   60   43  0.4087E-11  0.4081E-11
CALSDV   44   44  0.4138E-11  0.4155E-11
CALSDV   45   44  0.6404E-11  0.6392E-11
CALSDV   46   44  0.6936E-11  0.6929E-11
CALSDV   47   44  0.4453E-11  0.4451E-11
CALSDV   48   44  0.5337E-11  0.5345E-11
CALSDV   49   44  0.5101E-11  0.5110E-11
CALSDV   50   44  0.4150E-11  0.4151E-11
CALSDV   51   44  0.5025E-11  0.5037E-11
CALSDV   52   44  0.4240E-11  0.4236E-11
CALSDV   53   44  0.4801E-11  0.4810E-11
CALSDV   54   44  0.4679E-11  0.4678E-11
CALSDV   55   44  0.4725E-11  0.4733E-11
CALSDV   56   44  0.4905E-11  0.4905E-11
CALSDV   57   44  0.4637E-11  0.4648E-11
CALSDV   58   44  0.4805E-11  0.4813E-11
CALSDV   59   44  0.4286E-11  0.4291E-11
CALSDV   60   44  0.4368E-11  0.4373E-11
CALSDV   45   45  0.4301E-11  0.4264E-11
CALSDV   46   45  0.6425E-11  0.6419E-11
CALSDV   47   45  0.7179E-11  0.7193E-11
CALSDV   48   45  0.4722E-11  0.4740E-11
CALSDV   49   45  0.5466E-11  0.5454E-11
CALSDV   50   45  0.5335E-11  0.5327E-11
CALSDV   51   45  0.4270E-11  0.4265E-11
CALSDV   52   45  0.4996E-11  0.4968E-11
CALSDV   53   45  0.4357E-11  0.4354E-11
CALSDV   54   45  0.4550E-11  0.4520E-11
CALSDV   55   45  0.4719E-11  0.4707E-11
CALSDV   56   45  0.4461E-11  0.4441E-11
CALSDV   57   45  0.4777E-11  0.4761E-11
CALSDV   58   45  0.4526E-11  0.4506E-11
CALSDV   59   45  0.4396E-11  0.4390E-11
CALSDV   60   45  0.4323E-11  0.4311E-11
CALSDV   46   46  0.4680E-11  0.4667E-11
CALSDV   47   46  0.6876E-11  0.6961E-11
CALSDV   48   46  0.7477E-11  0.7584E-11
CALSDV   49   46  0.4964E-11  0.5037E-11
CALSDV   50   46  0.5807E-11  0.5761E-11
CALSDV   51   46  0.5557E-11  0.5601E-11
CALSDV   52   46  0.4572E-11  0.4535E-11
CALSDV   53   46  0.5438E-11  0.5472E-11
CALSDV   54   46  0.4676E-11  0.4615E-11
CALSDV   55   46  0.5191E-11  0.5207E-11
CALSDV   56   46  0.5074E-11  0.4957E-11
CALSDV   57   46  0.5008E-11  0.4962E-11
CALSDV   58   46  0.5139E-11  0.4987E-11
CALSDV   59   46  0.4570E-11  0.4533E-11
CALSDV   60   46  0.4668E-11  0.4584E-11
CALSDV   47   47  0.4228E-11  0.4218E-11
CALSDV   48   47  0.6635E-11  0.6638E-11
CALSDV   49   47  0.7552E-11  0.7535E-11
CALSDV   50   47  0.5132E-11  0.5116E-11
CALSDV   51   47  0.5514E-11  0.5511E-11
CALSDV   52   47  0.5641E-11  0.5621E-11
CALSDV   53   47  0.4443E-11  0.4438E-11
CALSDV   54   47  0.5232E-11  0.5208E-11
CALSDV   55   47  0.4735E-11  0.4734E-11
CALSDV   56   47  0.4856E-11  0.4833E-11
CALSDV   57   47  0.5004E-11  0.5007E-11
CALSDV   58   47  0.4772E-11  0.4769E-11
CALSDV   59   47  0.4683E-11  0.4684E-11
CALSDV   60   47  0.4543E-11  0.4544E-11
CALSDV   48   48  0.4251E-11  0.4227E-11
CALSDV   49   48  0.7030E-11  0.7025E-11
CALSDV   50   48  0.7872E-11  0.7885E-11
CALSDV   51   48  0.5131E-11  0.5136E-11
CALSDV   52   48  0.5618E-11  0.5614E-11
CALSDV   53   48  0.5517E-11  0.5515E-11
CALSDV   54   48  0.4563E-11  0.4547E-11
CALSDV   55   48  0.5288E-11  0.5283E-11
CALSDV   56   48  0.5062E-11  0.5050E-11
CALSDV   57   48  0.5054E-11  0.5048E-11
CALSDV   58   48  0.5420E-11  0.5407E-11
CALSDV   59   48  0.4693E-11  0.4690E-11
CALSDV   60   48  0.5019E-11  0.5012E-11
CALSDV   49   49  0.3905E-11  0.3895E-11
CALSDV   50   49  0.6849E-11  0.6847E-11
CALSDV   51   49  0.7737E-11  0.7765E-11
CALSDV   52   49  0.5442E-11  0.5457E-11
CALSDV   53   49  0.5366E-11  0.5375E-11
CALSDV   54   49  0.5797E-11  0.5807E-11
CALSDV   55   49  0.4565E-11  0.4568E-11
CALSDV   56   49  0.5349E-11  0.5360E-11
CALSDV   57   49  0.4998E-11  0.5010E-11
CALSDV   58   49  0.5052E-11  0.5061E-11
CALSDV   59   49  0.4908E-11  0.4918E-11
CALSDV   60   49  0.4764E-11  0.4775E-11
CALSDV   50   50  0.4079E-11  0.4096E-11
CALSDV   51   50  0.7585E-11  0.7603E-11
CALSDV   52   50  0.8124E-11  0.8150E-11
CALSDV   53   50  0.5452E-11  0.5464E-11
CALSDV   54   50  0.5502E-11  0.5521E-11
CALSDV   55   50  0.5937E-11  0.5956E-11
CALSDV   56   50  0.4802E-11  0.4820E-11
CALSDV   57   50  0.5763E-11  0.5780E-11
CALSDV   58   50  0.5415E-11  0.5422E-11
CALSDV   59   50  0.5172E-11  0.5185E-11
CALSDV   60   50  0.5278E-11  0.5283E-11
CALSDV   51   51  0.3658E-11  0.3654E-11
CALSDV   52   51  0.7349E-11  0.7351E-11
CALSDV   53   51  0.7841E-11  0.7834E-11
CALSDV   54   51  0.5850E-11  0.5847E-11
CALSDV   55   51  0.5247E-11  0.5241E-11
CALSDV   56   51  0.6275E-11  0.6245E-11
CALSDV   57   51  0.4972E-11  0.4969E-11
CALSDV   58   51  0.5905E-11  0.5874E-11
CALSDV   59   51  0.5163E-11  0.5161E-11
CALSDV   60   51  0.5274E-11  0.5266E-11
CALSDV   52   52  0.3860E-11  0.3845E-11
CALSDV   53   52  0.7906E-11  0.7898E-11
CALSDV   54   52  0.8131E-11  0.8119E-11
CALSDV   55   52  0.5794E-11  0.5783E-11
CALSDV   56   52  0.5268E-11  0.5276E-11
CALSDV   57   52  0.6389E-11  0.6378E-11
CALSDV   58   52  0.5174E-11  0.5186E-11
CALSDV   59   52  0.5783E-11  0.5775E-11
CALSDV   60   52  0.5468E-11  0.5472E-11
CALSDV   53   53  0.3324E-11  0.3334E-11
CALSDV   54   53  0.7786E-11  0.7803E-11
CALSDV   55   53  0.7669E-11  0.7678E-11
CALSDV   56   53  0.6258E-11  0.6255E-11
CALSDV   57   53  0.5282E-11  0.5295E-11
CALSDV   58   53  0.6801E-11  0.6805E-11
CALSDV   59   53  0.5361E-11  0.5347E-11
CALSDV   60   53  0.6024E-11  0.6033E-11
CALSDV   54   54  0.3616E-11  0.3621E-11
CALSDV   55   54  0.7639E-11  0.7610E-11
CALSDV   56   54  0.7738E-11  0.7802E-11
CALSDV   57   54  0.6256E-11  0.6284E-11
CALSDV   58   54  0.5170E-11  0.5154E-11
CALSDV   59   54  0.6514E-11  0.6498E-11
CALSDV   60   54  0.5528E-11  0.5514E-11
CALSDV   55   55  0.3520E-11  0.3496E-11
CALSDV   56   55  0.7797E-11  0.7785E-11
CALSDV   57   55  0.7546E-11  0.7569E-11
CALSDV   58   55  0.6903E-11  0.6884E-11
CALSDV   59   55  0.5838E-11  0.5856E-11
CALSDV   60   55  0.7080E-11  0.7055E-11
CALSDV   56   56  0.3728E-11  0.3712E-11
CALSDV   57   56  0.6430E-11  0.6423E-11
CALSDV   58   56  0.7325E-11  0.7312E-11
CALSDV   59   56  0.6864E-11  0.6872E-11
CALSDV   60   56  0.5662E-11  0.5663E-11
CALSDV   57   57  0.4119E-11  0.4094E-11
CALSDV   58   57  0.6662E-11  0.6644E-11
CALSDV   59   57  0.8180E-11  0.8210E-11
CALSDV   60   57  0.7417E-11  0.7398E-11
CALSDV   58   58  0.4140E-11  0.4152E-11
CALSDV   59   58  0.4716E-11  0.4702E-11
CALSDV   60   58  0.7778E-11  0.7904E-11
CALSDV   59   59  0.3175E-11  0.3136E-11
CALSDV   60   59  0.4971E-11  0.4924E-11
CALSDV   60   60  0.3800E-11  0.3714E-11
