  This file contains calibrated standard deviations 
       The relevant data lines start with key CALSDV 
       Each such line contains the following data 
           N   M   C_SIGMA   S_SIGMA 
                 FOR M=0 S_SIGMA=0.0 
     
CALSDV    0    0  0.0000E+00  0.0000E+00
CALSDV    1    0  0.0000E+00  0.0000E+00
CALSDV    2    0  0.4724E-10  0.0000E+00
CALSDV    3    0  0.1051E-10  0.0000E+00
CALSDV    4    0  0.3824E-11  0.0000E+00
CALSDV    5    0  0.2632E-11  0.0000E+00
CALSDV    6    0  0.2006E-11  0.0000E+00
CALSDV    7    0  0.1656E-11  0.0000E+00
CALSDV    8    0  0.1401E-11  0.0000E+00
CALSDV    9    0  0.1232E-11  0.0000E+00
CALSDV   10    0  0.1111E-11  0.0000E+00
CALSDV   11    0  0.1014E-11  0.0000E+00
CALSDV   12    0  0.9439E-12  0.0000E+00
CALSDV   13    0  0.8852E-12  0.0000E+00
CALSDV   14    0  0.8428E-12  0.0000E+00
CALSDV   15    0  0.8071E-12  0.0000E+00
CALSDV   16    0  0.7806E-12  0.0000E+00
CALSDV   17    0  0.7595E-12  0.0000E+00
CALSDV   18    0  0.7424E-12  0.0000E+00
CALSDV   19    0  0.7321E-12  0.0000E+00
CALSDV   20    0  0.7236E-12  0.0000E+00
CALSDV   21    0  0.7193E-12  0.0000E+00
CALSDV   22    0  0.7174E-12  0.0000E+00
CALSDV   23    0  0.7183E-12  0.0000E+00
CALSDV   24    0  0.7212E-12  0.0000E+00
CALSDV   25    0  0.7266E-12  0.0000E+00
CALSDV   26    0  0.7345E-12  0.0000E+00
CALSDV   27    0  0.7441E-12  0.0000E+00
CALSDV   28    0  0.7552E-12  0.0000E+00
CALSDV   29    0  0.7691E-12  0.0000E+00
CALSDV   30    0  0.7841E-12  0.0000E+00
CALSDV   31    0  0.8017E-12  0.0000E+00
CALSDV   32    0  0.8205E-12  0.0000E+00
CALSDV   33    0  0.8415E-12  0.0000E+00
CALSDV   34    0  0.8647E-12  0.0000E+00
CALSDV   35    0  0.8897E-12  0.0000E+00
CALSDV   36    0  0.9166E-12  0.0000E+00
CALSDV   37    0  0.9461E-12  0.0000E+00
CALSDV   38    0  0.9774E-12  0.0000E+00
CALSDV   39    0  0.1011E-11  0.0000E+00
CALSDV   40    0  0.1047E-11  0.0000E+00
CALSDV   41    0  0.1086E-11  0.0000E+00
CALSDV   42    0  0.1128E-11  0.0000E+00
CALSDV   43    0  0.1172E-11  0.0000E+00
CALSDV   44    0  0.1219E-11  0.0000E+00
CALSDV   45    0  0.1269E-11  0.0000E+00
CALSDV   46    0  0.1323E-11  0.0000E+00
CALSDV   47    0  0.1380E-11  0.0000E+00
CALSDV   48    0  0.1441E-11  0.0000E+00
CALSDV   49    0  0.1506E-11  0.0000E+00
CALSDV   50    0  0.1574E-11  0.0000E+00
CALSDV   51    0  0.1647E-11  0.0000E+00
CALSDV   52    0  0.1725E-11  0.0000E+00
CALSDV   53    0  0.1807E-11  0.0000E+00
CALSDV   54    0  0.1895E-11  0.0000E+00
CALSDV   55    0  0.1987E-11  0.0000E+00
CALSDV   56    0  0.2086E-11  0.0000E+00
CALSDV   57    0  0.2184E-11  0.0000E+00
CALSDV   58    0  0.2294E-11  0.0000E+00
CALSDV   59    0  0.2166E-11  0.0000E+00
CALSDV   60    0  0.2270E-11  0.0000E+00
CALSDV    1    1  0.0000E+00  0.0000E+00
CALSDV    2    1  0.2479E-10  0.2488E-10
CALSDV    3    1  0.7487E-11  0.7613E-11
CALSDV    4    1  0.4107E-11  0.4099E-11
CALSDV    5    1  0.2764E-11  0.2749E-11
CALSDV    6    1  0.2134E-11  0.2128E-11
CALSDV    7    1  0.1710E-11  0.1701E-11
CALSDV    8    1  0.1455E-11  0.1450E-11
CALSDV    9    1  0.1270E-11  0.1264E-11
CALSDV   10    1  0.1133E-11  0.1128E-11
CALSDV   11    1  0.1037E-11  0.1030E-11
CALSDV   12    1  0.9577E-12  0.9525E-12
CALSDV   13    1  0.9002E-12  0.8967E-12
CALSDV   14    1  0.8540E-12  0.8488E-12
CALSDV   15    1  0.8185E-12  0.8142E-12
CALSDV   16    1  0.7896E-12  0.7850E-12
CALSDV   17    1  0.7675E-12  0.7633E-12
CALSDV   18    1  0.7522E-12  0.7476E-12
CALSDV   19    1  0.7380E-12  0.7349E-12
CALSDV   20    1  0.7305E-12  0.7270E-12
CALSDV   21    1  0.7255E-12  0.7209E-12
CALSDV   22    1  0.7229E-12  0.7195E-12
CALSDV   23    1  0.7235E-12  0.7195E-12
CALSDV   24    1  0.7267E-12  0.7230E-12
CALSDV   25    1  0.7319E-12  0.7282E-12
CALSDV   26    1  0.7392E-12  0.7350E-12
CALSDV   27    1  0.7484E-12  0.7446E-12
CALSDV   28    1  0.7602E-12  0.7564E-12
CALSDV   29    1  0.7732E-12  0.7692E-12
CALSDV   30    1  0.7889E-12  0.7847E-12
CALSDV   31    1  0.8057E-12  0.8014E-12
CALSDV   32    1  0.8249E-12  0.8210E-12
CALSDV   33    1  0.8461E-12  0.8418E-12
CALSDV   34    1  0.8688E-12  0.8644E-12
CALSDV   35    1  0.8939E-12  0.8894E-12
CALSDV   36    1  0.9211E-12  0.9164E-12
CALSDV   37    1  0.9500E-12  0.9455E-12
CALSDV   38    1  0.9819E-12  0.9768E-12
CALSDV   39    1  0.1015E-11  0.1011E-11
CALSDV   40    1  0.1052E-11  0.1047E-11
CALSDV   41    1  0.1091E-11  0.1085E-11
CALSDV   42    1  0.1132E-11  0.1127E-11
CALSDV   43    1  0.1176E-11  0.1171E-11
CALSDV   44    1  0.1224E-11  0.1218E-11
CALSDV   45    1  0.1274E-11  0.1268E-11
CALSDV   46    1  0.1328E-11  0.1322E-11
CALSDV   47    1  0.1385E-11  0.1379E-11
CALSDV   48    1  0.1446E-11  0.1440E-11
CALSDV   49    1  0.1511E-11  0.1504E-11
CALSDV   50    1  0.1580E-11  0.1573E-11
CALSDV   51    1  0.1652E-11  0.1645E-11
CALSDV   52    1  0.1731E-11  0.1723E-11
CALSDV   53    1  0.1813E-11  0.1804E-11
CALSDV   54    1  0.1902E-11  0.1892E-11
CALSDV   55    1  0.1993E-11  0.1983E-11
CALSDV   56    1  0.2093E-11  0.2083E-11
CALSDV   57    1  0.2192E-11  0.2181E-11
CALSDV   58    1  0.2302E-11  0.2290E-11
CALSDV   59    1  0.2179E-11  0.2164E-11
CALSDV   60    1  0.2283E-11  0.2267E-11
CALSDV    2    2  0.2572E-10  0.2369E-10
CALSDV    3    2  0.1165E-10  0.1171E-10
CALSDV    4    2  0.5525E-11  0.5551E-11
CALSDV    5    2  0.3533E-11  0.3525E-11
CALSDV    6    2  0.2543E-11  0.2550E-11
CALSDV    7    2  0.1999E-11  0.2003E-11
CALSDV    8    2  0.1646E-11  0.1648E-11
CALSDV    9    2  0.1408E-11  0.1409E-11
CALSDV   10    2  0.1243E-11  0.1243E-11
CALSDV   11    2  0.1117E-11  0.1117E-11
CALSDV   12    2  0.1026E-11  0.1026E-11
CALSDV   13    2  0.9517E-12  0.9523E-12
CALSDV   14    2  0.8974E-12  0.8975E-12
CALSDV   15    2  0.8537E-12  0.8544E-12
CALSDV   16    2  0.8208E-12  0.8208E-12
CALSDV   17    2  0.7939E-12  0.7946E-12
CALSDV   18    2  0.7729E-12  0.7732E-12
CALSDV   19    2  0.7594E-12  0.7594E-12
CALSDV   20    2  0.7476E-12  0.7485E-12
CALSDV   21    2  0.7416E-12  0.7411E-12
CALSDV   22    2  0.7373E-12  0.7377E-12
CALSDV   23    2  0.7367E-12  0.7367E-12
CALSDV   24    2  0.7380E-12  0.7383E-12
CALSDV   25    2  0.7424E-12  0.7425E-12
CALSDV   26    2  0.7492E-12  0.7494E-12
CALSDV   27    2  0.7579E-12  0.7579E-12
CALSDV   28    2  0.7680E-12  0.7684E-12
CALSDV   29    2  0.7813E-12  0.7815E-12
CALSDV   30    2  0.7957E-12  0.7958E-12
CALSDV   31    2  0.8128E-12  0.8130E-12
CALSDV   32    2  0.8310E-12  0.8312E-12
CALSDV   33    2  0.8519E-12  0.8517E-12
CALSDV   34    2  0.8743E-12  0.8748E-12
CALSDV   35    2  0.8994E-12  0.8992E-12
CALSDV   36    2  0.9259E-12  0.9260E-12
CALSDV   37    2  0.9551E-12  0.9551E-12
CALSDV   38    2  0.9861E-12  0.9861E-12
CALSDV   39    2  0.1020E-11  0.1020E-11
CALSDV   40    2  0.1056E-11  0.1056E-11
CALSDV   41    2  0.1094E-11  0.1094E-11
CALSDV   42    2  0.1136E-11  0.1136E-11
CALSDV   43    2  0.1180E-11  0.1180E-11
CALSDV   44    2  0.1227E-11  0.1227E-11
CALSDV   45    2  0.1277E-11  0.1277E-11
CALSDV   46    2  0.1331E-11  0.1331E-11
CALSDV   47    2  0.1388E-11  0.1388E-11
CALSDV   48    2  0.1449E-11  0.1449E-11
CALSDV   49    2  0.1513E-11  0.1513E-11
CALSDV   50    2  0.1582E-11  0.1582E-11
CALSDV   51    2  0.1655E-11  0.1655E-11
CALSDV   52    2  0.1733E-11  0.1732E-11
CALSDV   53    2  0.1815E-11  0.1815E-11
CALSDV   54    2  0.1903E-11  0.1903E-11
CALSDV   55    2  0.1996E-11  0.1995E-11
CALSDV   56    2  0.2095E-11  0.2095E-11
CALSDV   57    2  0.2195E-11  0.2195E-11
CALSDV   58    2  0.2305E-11  0.2305E-11
CALSDV   59    2  0.2198E-11  0.2200E-11
CALSDV   60    2  0.2301E-11  0.2303E-11
CALSDV    3    3  0.2708E-10  0.2735E-10
CALSDV    4    3  0.1125E-10  0.1129E-10
CALSDV    5    3  0.7549E-11  0.7532E-11
CALSDV    6    3  0.4101E-11  0.4121E-11
CALSDV    7    3  0.3649E-11  0.3654E-11
CALSDV    8    3  0.2284E-11  0.2293E-11
CALSDV    9    3  0.2235E-11  0.2242E-11
CALSDV   10    3  0.1578E-11  0.1582E-11
CALSDV   11    3  0.1578E-11  0.1582E-11
CALSDV   12    3  0.1230E-11  0.1233E-11
CALSDV   13    3  0.1238E-11  0.1242E-11
CALSDV   14    3  0.1030E-11  0.1033E-11
CALSDV   15    3  0.1040E-11  0.1043E-11
CALSDV   16    3  0.9165E-12  0.9183E-12
CALSDV   17    3  0.9224E-12  0.9258E-12
CALSDV   18    3  0.8433E-12  0.8462E-12
CALSDV   19    3  0.8515E-12  0.8536E-12
CALSDV   20    3  0.8018E-12  0.8046E-12
CALSDV   21    3  0.8105E-12  0.8126E-12
CALSDV   22    3  0.7794E-12  0.7822E-12
CALSDV   23    3  0.7907E-12  0.7929E-12
CALSDV   24    3  0.7733E-12  0.7750E-12
CALSDV   25    3  0.7856E-12  0.7879E-12
CALSDV   26    3  0.7776E-12  0.7802E-12
CALSDV   27    3  0.7929E-12  0.7955E-12
CALSDV   28    3  0.7931E-12  0.7957E-12
CALSDV   29    3  0.8105E-12  0.8133E-12
CALSDV   30    3  0.8175E-12  0.8199E-12
CALSDV   31    3  0.8376E-12  0.8405E-12
CALSDV   32    3  0.8503E-12  0.8530E-12
CALSDV   33    3  0.8740E-12  0.8770E-12
CALSDV   34    3  0.8911E-12  0.8942E-12
CALSDV   35    3  0.9186E-12  0.9216E-12
CALSDV   36    3  0.9412E-12  0.9444E-12
CALSDV   37    3  0.9722E-12  0.9757E-12
CALSDV   38    3  0.1000E-11  0.1004E-11
CALSDV   39    3  0.1036E-11  0.1039E-11
CALSDV   40    3  0.1068E-11  0.1072E-11
CALSDV   41    3  0.1109E-11  0.1113E-11
CALSDV   42    3  0.1148E-11  0.1152E-11
CALSDV   43    3  0.1193E-11  0.1197E-11
CALSDV   44    3  0.1238E-11  0.1242E-11
CALSDV   45    3  0.1290E-11  0.1294E-11
CALSDV   46    3  0.1341E-11  0.1346E-11
CALSDV   47    3  0.1399E-11  0.1404E-11
CALSDV   48    3  0.1459E-11  0.1464E-11
CALSDV   49    3  0.1524E-11  0.1529E-11
CALSDV   50    3  0.1592E-11  0.1597E-11
CALSDV   51    3  0.1665E-11  0.1671E-11
CALSDV   52    3  0.1743E-11  0.1749E-11
CALSDV   53    3  0.1826E-11  0.1832E-11
CALSDV   54    3  0.1913E-11  0.1920E-11
CALSDV   55    3  0.2007E-11  0.2014E-11
CALSDV   56    3  0.2106E-11  0.2113E-11
CALSDV   57    3  0.2210E-11  0.2217E-11
CALSDV   58    3  0.2319E-11  0.2326E-11
CALSDV   59    3  0.2254E-11  0.2259E-11
CALSDV   60    3  0.2356E-11  0.2360E-11
CALSDV    4    4  0.1435E-10  0.1417E-10
CALSDV    5    4  0.1140E-10  0.1158E-10
CALSDV    6    4  0.4908E-11  0.4908E-11
CALSDV    7    4  0.4165E-11  0.4246E-11
CALSDV    8    4  0.2683E-11  0.2688E-11
CALSDV    9    4  0.2346E-11  0.2374E-11
CALSDV   10    4  0.1799E-11  0.1804E-11
CALSDV   11    4  0.1611E-11  0.1625E-11
CALSDV   12    4  0.1361E-11  0.1363E-11
CALSDV   13    4  0.1264E-11  0.1271E-11
CALSDV   14    4  0.1127E-11  0.1130E-11
CALSDV   15    4  0.1072E-11  0.1076E-11
CALSDV   16    4  0.9835E-12  0.9856E-12
CALSDV   17    4  0.9549E-12  0.9579E-12
CALSDV   18    4  0.8995E-12  0.9010E-12
CALSDV   19    4  0.8863E-12  0.8877E-12
CALSDV   20    4  0.8481E-12  0.8492E-12
CALSDV   21    4  0.8430E-12  0.8440E-12
CALSDV   22    4  0.8196E-12  0.8208E-12
CALSDV   23    4  0.8214E-12  0.8217E-12
CALSDV   24    4  0.8085E-12  0.8092E-12
CALSDV   25    4  0.8143E-12  0.8148E-12
CALSDV   26    4  0.8099E-12  0.8102E-12
CALSDV   27    4  0.8200E-12  0.8205E-12
CALSDV   28    4  0.8221E-12  0.8227E-12
CALSDV   29    4  0.8364E-12  0.8369E-12
CALSDV   30    4  0.8439E-12  0.8445E-12
CALSDV   31    4  0.8621E-12  0.8625E-12
CALSDV   32    4  0.8753E-12  0.8753E-12
CALSDV   33    4  0.8966E-12  0.8974E-12
CALSDV   34    4  0.9154E-12  0.9159E-12
CALSDV   35    4  0.9407E-12  0.9411E-12
CALSDV   36    4  0.9638E-12  0.9643E-12
CALSDV   37    4  0.9936E-12  0.9941E-12
CALSDV   38    4  0.1022E-11  0.1022E-11
CALSDV   39    4  0.1056E-11  0.1056E-11
CALSDV   40    4  0.1090E-11  0.1090E-11
CALSDV   41    4  0.1129E-11  0.1129E-11
CALSDV   42    4  0.1168E-11  0.1168E-11
CALSDV   43    4  0.1213E-11  0.1213E-11
CALSDV   44    4  0.1258E-11  0.1258E-11
CALSDV   45    4  0.1309E-11  0.1309E-11
CALSDV   46    4  0.1361E-11  0.1362E-11
CALSDV   47    4  0.1419E-11  0.1419E-11
CALSDV   48    4  0.1478E-11  0.1479E-11
CALSDV   49    4  0.1543E-11  0.1543E-11
CALSDV   50    4  0.1611E-11  0.1612E-11
CALSDV   51    4  0.1685E-11  0.1685E-11
CALSDV   52    4  0.1762E-11  0.1763E-11
CALSDV   53    4  0.1846E-11  0.1846E-11
CALSDV   54    4  0.1934E-11  0.1934E-11
CALSDV   55    4  0.2028E-11  0.2028E-11
CALSDV   56    4  0.2127E-11  0.2127E-11
CALSDV   57    4  0.2233E-11  0.2233E-11
CALSDV   58    4  0.2344E-11  0.2345E-11
CALSDV   59    4  0.2307E-11  0.2310E-11
CALSDV   60    4  0.2411E-11  0.2416E-11
CALSDV    5    5  0.2023E-10  0.2033E-10
CALSDV    6    5  0.8548E-11  0.8527E-11
CALSDV    7    5  0.5623E-11  0.5635E-11
CALSDV    8    5  0.3546E-11  0.3564E-11
CALSDV    9    5  0.3304E-11  0.3314E-11
CALSDV   10    5  0.2188E-11  0.2202E-11
CALSDV   11    5  0.2300E-11  0.2307E-11
CALSDV   12    5  0.1642E-11  0.1655E-11
CALSDV   13    5  0.1736E-11  0.1740E-11
CALSDV   14    5  0.1358E-11  0.1364E-11
CALSDV   15    5  0.1411E-11  0.1416E-11
CALSDV   16    5  0.1170E-11  0.1176E-11
CALSDV   17    5  0.1202E-11  0.1207E-11
CALSDV   18    5  0.1059E-11  0.1063E-11
CALSDV   19    5  0.1071E-11  0.1075E-11
CALSDV   20    5  0.9788E-12  0.9817E-12
CALSDV   21    5  0.9883E-12  0.9914E-12
CALSDV   22    5  0.9309E-12  0.9330E-12
CALSDV   23    5  0.9360E-12  0.9391E-12
CALSDV   24    5  0.9020E-12  0.9045E-12
CALSDV   25    5  0.9085E-12  0.9115E-12
CALSDV   26    5  0.8891E-12  0.8907E-12
CALSDV   27    5  0.8978E-12  0.9000E-12
CALSDV   28    5  0.8913E-12  0.8929E-12
CALSDV   29    5  0.9021E-12  0.9043E-12
CALSDV   30    5  0.9039E-12  0.9054E-12
CALSDV   31    5  0.9184E-12  0.9206E-12
CALSDV   32    5  0.9276E-12  0.9298E-12
CALSDV   33    5  0.9460E-12  0.9479E-12
CALSDV   34    5  0.9611E-12  0.9633E-12
CALSDV   35    5  0.9841E-12  0.9863E-12
CALSDV   36    5  0.1005E-11  0.1007E-11
CALSDV   37    5  0.1032E-11  0.1034E-11
CALSDV   38    5  0.1059E-11  0.1061E-11
CALSDV   39    5  0.1091E-11  0.1093E-11
CALSDV   40    5  0.1124E-11  0.1126E-11
CALSDV   41    5  0.1161E-11  0.1163E-11
CALSDV   42    5  0.1199E-11  0.1202E-11
CALSDV   43    5  0.1242E-11  0.1244E-11
CALSDV   44    5  0.1287E-11  0.1290E-11
CALSDV   45    5  0.1336E-11  0.1338E-11
CALSDV   46    5  0.1388E-11  0.1391E-11
CALSDV   47    5  0.1443E-11  0.1446E-11
CALSDV   48    5  0.1503E-11  0.1507E-11
CALSDV   49    5  0.1566E-11  0.1569E-11
CALSDV   50    5  0.1635E-11  0.1638E-11
CALSDV   51    5  0.1706E-11  0.1710E-11
CALSDV   52    5  0.1785E-11  0.1788E-11
CALSDV   53    5  0.1866E-11  0.1870E-11
CALSDV   54    5  0.1955E-11  0.1959E-11
CALSDV   55    5  0.2048E-11  0.2053E-11
CALSDV   56    5  0.2149E-11  0.2153E-11
CALSDV   57    5  0.2255E-11  0.2259E-11
CALSDV   58    5  0.2367E-11  0.2371E-11
CALSDV   59    5  0.2358E-11  0.2362E-11
CALSDV   60    5  0.2466E-11  0.2469E-11
CALSDV    6    6  0.1030E-10  0.1042E-10
CALSDV    7    6  0.1100E-10  0.1096E-10
CALSDV    8    6  0.4955E-11  0.4999E-11
CALSDV    9    6  0.5233E-11  0.5186E-11
CALSDV   10    6  0.3129E-11  0.3166E-11
CALSDV   11    6  0.3129E-11  0.3102E-11
CALSDV   12    6  0.2171E-11  0.2199E-11
CALSDV   13    6  0.2158E-11  0.2140E-11
CALSDV   14    6  0.1638E-11  0.1657E-11
CALSDV   15    6  0.1657E-11  0.1646E-11
CALSDV   16    6  0.1341E-11  0.1355E-11
CALSDV   17    6  0.1370E-11  0.1364E-11
CALSDV   18    6  0.1157E-11  0.1167E-11
CALSDV   19    6  0.1195E-11  0.1190E-11
CALSDV   20    6  0.1050E-11  0.1055E-11
CALSDV   21    6  0.1088E-11  0.1084E-11
CALSDV   22    6  0.9844E-12  0.9885E-12
CALSDV   23    6  0.1019E-11  0.1016E-11
CALSDV   24    6  0.9464E-12  0.9483E-12
CALSDV   25    6  0.9803E-12  0.9782E-12
CALSDV   26    6  0.9309E-12  0.9324E-12
CALSDV   27    6  0.9617E-12  0.9596E-12
CALSDV   28    6  0.9278E-12  0.9285E-12
CALSDV   29    6  0.9593E-12  0.9577E-12
CALSDV   30    6  0.9401E-12  0.9405E-12
CALSDV   31    6  0.9712E-12  0.9695E-12
CALSDV   32    6  0.9629E-12  0.9625E-12
CALSDV   33    6  0.9941E-12  0.9924E-12
CALSDV   34    6  0.9959E-12  0.9949E-12
CALSDV   35    6  0.1029E-11  0.1027E-11
CALSDV   36    6  0.1039E-11  0.1038E-11
CALSDV   37    6  0.1074E-11  0.1072E-11
CALSDV   38    6  0.1092E-11  0.1091E-11
CALSDV   39    6  0.1131E-11  0.1129E-11
CALSDV   40    6  0.1156E-11  0.1155E-11
CALSDV   41    6  0.1198E-11  0.1196E-11
CALSDV   42    6  0.1232E-11  0.1230E-11
CALSDV   43    6  0.1278E-11  0.1276E-11
CALSDV   44    6  0.1319E-11  0.1317E-11
CALSDV   45    6  0.1371E-11  0.1368E-11
CALSDV   46    6  0.1419E-11  0.1417E-11
CALSDV   47    6  0.1477E-11  0.1475E-11
CALSDV   48    6  0.1534E-11  0.1531E-11
CALSDV   49    6  0.1599E-11  0.1596E-11
CALSDV   50    6  0.1665E-11  0.1662E-11
CALSDV   51    6  0.1739E-11  0.1736E-11
CALSDV   52    6  0.1814E-11  0.1811E-11
CALSDV   53    6  0.1898E-11  0.1894E-11
CALSDV   54    6  0.1984E-11  0.1981E-11
CALSDV   55    6  0.2080E-11  0.2076E-11
CALSDV   56    6  0.2179E-11  0.2175E-11
CALSDV   57    6  0.2287E-11  0.2283E-11
CALSDV   58    6  0.2399E-11  0.2395E-11
CALSDV   59    6  0.2419E-11  0.2416E-11
CALSDV   60    6  0.2524E-11  0.2523E-11
CALSDV    7    7  0.1487E-10  0.1486E-10
CALSDV    8    7  0.8019E-11  0.8024E-11
CALSDV    9    7  0.5235E-11  0.5230E-11
CALSDV   10    7  0.3481E-11  0.3475E-11
CALSDV   11    7  0.3142E-11  0.3147E-11
CALSDV   12    7  0.2150E-11  0.2155E-11
CALSDV   13    7  0.2203E-11  0.2207E-11
CALSDV   14    7  0.1697E-11  0.1697E-11
CALSDV   15    7  0.1682E-11  0.1682E-11
CALSDV   16    7  0.1481E-11  0.1483E-11
CALSDV   17    7  0.1403E-11  0.1401E-11
CALSDV   18    7  0.1331E-11  0.1331E-11
CALSDV   19    7  0.1225E-11  0.1223E-11
CALSDV   20    7  0.1233E-11  0.1234E-11
CALSDV   21    7  0.1121E-11  0.1118E-11
CALSDV   22    7  0.1157E-11  0.1157E-11
CALSDV   23    7  0.1057E-11  0.1056E-11
CALSDV   24    7  0.1105E-11  0.1107E-11
CALSDV   25    7  0.1018E-11  0.1016E-11
CALSDV   26    7  0.1073E-11  0.1074E-11
CALSDV   27    7  0.1003E-11  0.1003E-11
CALSDV   28    7  0.1057E-11  0.1057E-11
CALSDV   29    7  0.1000E-11  0.9984E-12
CALSDV   30    7  0.1054E-11  0.1054E-11
CALSDV   31    7  0.1013E-11  0.1011E-11
CALSDV   32    7  0.1064E-11  0.1064E-11
CALSDV   33    7  0.1036E-11  0.1034E-11
CALSDV   34    7  0.1086E-11  0.1086E-11
CALSDV   35    7  0.1069E-11  0.1068E-11
CALSDV   36    7  0.1119E-11  0.1119E-11
CALSDV   37    7  0.1114E-11  0.1112E-11
CALSDV   38    7  0.1164E-11  0.1164E-11
CALSDV   39    7  0.1169E-11  0.1167E-11
CALSDV   40    7  0.1221E-11  0.1220E-11
CALSDV   41    7  0.1235E-11  0.1234E-11
CALSDV   42    7  0.1290E-11  0.1289E-11
CALSDV   43    7  0.1314E-11  0.1312E-11
CALSDV   44    7  0.1372E-11  0.1371E-11
CALSDV   45    7  0.1404E-11  0.1403E-11
CALSDV   46    7  0.1467E-11  0.1466E-11
CALSDV   47    7  0.1509E-11  0.1508E-11
CALSDV   48    7  0.1578E-11  0.1577E-11
CALSDV   49    7  0.1630E-11  0.1627E-11
CALSDV   50    7  0.1705E-11  0.1704E-11
CALSDV   51    7  0.1768E-11  0.1766E-11
CALSDV   52    7  0.1852E-11  0.1850E-11
CALSDV   53    7  0.1926E-11  0.1924E-11
CALSDV   54    7  0.2020E-11  0.2017E-11
CALSDV   55    7  0.2107E-11  0.2105E-11
CALSDV   56    7  0.2212E-11  0.2209E-11
CALSDV   57    7  0.2315E-11  0.2311E-11
CALSDV   58    7  0.2431E-11  0.2428E-11
CALSDV   59    7  0.2466E-11  0.2463E-11
CALSDV   60    7  0.2582E-11  0.2578E-11
CALSDV    8    8  0.7682E-11  0.7833E-11
CALSDV    9    8  0.7616E-11  0.7584E-11
CALSDV   10    8  0.4905E-11  0.4929E-11
CALSDV   11    8  0.4250E-11  0.4248E-11
CALSDV   12    8  0.3570E-11  0.3591E-11
CALSDV   13    8  0.3001E-11  0.2999E-11
CALSDV   14    8  0.2617E-11  0.2634E-11
CALSDV   15    8  0.2363E-11  0.2363E-11
CALSDV   16    8  0.2017E-11  0.2027E-11
CALSDV   17    8  0.1969E-11  0.1972E-11
CALSDV   18    8  0.1654E-11  0.1659E-11
CALSDV   19    8  0.1694E-11  0.1700E-11
CALSDV   20    8  0.1421E-11  0.1426E-11
CALSDV   21    8  0.1508E-11  0.1511E-11
CALSDV   22    8  0.1281E-11  0.1281E-11
CALSDV   23    8  0.1373E-11  0.1379E-11
CALSDV   24    8  0.1192E-11  0.1194E-11
CALSDV   25    8  0.1283E-11  0.1286E-11
CALSDV   26    8  0.1139E-11  0.1138E-11
CALSDV   27    8  0.1222E-11  0.1224E-11
CALSDV   28    8  0.1114E-11  0.1114E-11
CALSDV   29    8  0.1186E-11  0.1190E-11
CALSDV   30    8  0.1105E-11  0.1104E-11
CALSDV   31    8  0.1171E-11  0.1172E-11
CALSDV   32    8  0.1114E-11  0.1112E-11
CALSDV   33    8  0.1171E-11  0.1174E-11
CALSDV   34    8  0.1134E-11  0.1134E-11
CALSDV   35    8  0.1188E-11  0.1189E-11
CALSDV   36    8  0.1167E-11  0.1165E-11
CALSDV   37    8  0.1217E-11  0.1218E-11
CALSDV   38    8  0.1212E-11  0.1211E-11
CALSDV   39    8  0.1261E-11  0.1261E-11
CALSDV   40    8  0.1268E-11  0.1267E-11
CALSDV   41    8  0.1318E-11  0.1317E-11
CALSDV   42    8  0.1337E-11  0.1334E-11
CALSDV   43    8  0.1387E-11  0.1387E-11
CALSDV   44    8  0.1418E-11  0.1415E-11
CALSDV   45    8  0.1472E-11  0.1470E-11
CALSDV   46    8  0.1512E-11  0.1510E-11
CALSDV   47    8  0.1571E-11  0.1569E-11
CALSDV   48    8  0.1622E-11  0.1619E-11
CALSDV   49    8  0.1686E-11  0.1684E-11
CALSDV   50    8  0.1748E-11  0.1745E-11
CALSDV   51    8  0.1820E-11  0.1817E-11
CALSDV   52    8  0.1893E-11  0.1889E-11
CALSDV   53    8  0.1974E-11  0.1971E-11
CALSDV   54    8  0.2059E-11  0.2055E-11
CALSDV   55    8  0.2152E-11  0.2148E-11
CALSDV   56    8  0.2250E-11  0.2245E-11
CALSDV   57    8  0.2356E-11  0.2353E-11
CALSDV   58    8  0.2469E-11  0.2465E-11
CALSDV   59    8  0.2534E-11  0.2531E-11
CALSDV   60    8  0.2644E-11  0.2640E-11
CALSDV    9    9  0.1064E-10  0.1062E-10
CALSDV   10    9  0.7495E-11  0.7488E-11
CALSDV   11    9  0.5054E-11  0.5050E-11
CALSDV   12    9  0.3549E-11  0.3552E-11
CALSDV   13    9  0.3342E-11  0.3334E-11
CALSDV   14    9  0.2266E-11  0.2271E-11
CALSDV   15    9  0.2347E-11  0.2340E-11
CALSDV   16    9  0.1820E-11  0.1819E-11
CALSDV   17    9  0.1770E-11  0.1763E-11
CALSDV   18    9  0.1623E-11  0.1624E-11
CALSDV   19    9  0.1462E-11  0.1458E-11
CALSDV   20    9  0.1488E-11  0.1487E-11
CALSDV   21    9  0.1290E-11  0.1287E-11
CALSDV   22    9  0.1391E-11  0.1392E-11
CALSDV   23    9  0.1200E-11  0.1199E-11
CALSDV   24    9  0.1320E-11  0.1321E-11
CALSDV   25    9  0.1156E-11  0.1155E-11
CALSDV   26    9  0.1269E-11  0.1269E-11
CALSDV   27    9  0.1133E-11  0.1133E-11
CALSDV   28    9  0.1236E-11  0.1237E-11
CALSDV   29    9  0.1132E-11  0.1132E-11
CALSDV   30    9  0.1220E-11  0.1220E-11
CALSDV   31    9  0.1142E-11  0.1141E-11
CALSDV   32    9  0.1217E-11  0.1218E-11
CALSDV   33    9  0.1162E-11  0.1163E-11
CALSDV   34    9  0.1228E-11  0.1230E-11
CALSDV   35    9  0.1194E-11  0.1195E-11
CALSDV   36    9  0.1252E-11  0.1254E-11
CALSDV   37    9  0.1234E-11  0.1235E-11
CALSDV   38    9  0.1289E-11  0.1290E-11
CALSDV   39    9  0.1286E-11  0.1287E-11
CALSDV   40    9  0.1337E-11  0.1339E-11
CALSDV   41    9  0.1348E-11  0.1350E-11
CALSDV   42    9  0.1399E-11  0.1402E-11
CALSDV   43    9  0.1421E-11  0.1423E-11
CALSDV   44    9  0.1474E-11  0.1477E-11
CALSDV   45    9  0.1506E-11  0.1508E-11
CALSDV   46    9  0.1564E-11  0.1567E-11
CALSDV   47    9  0.1606E-11  0.1608E-11
CALSDV   48    9  0.1669E-11  0.1672E-11
CALSDV   49    9  0.1721E-11  0.1724E-11
CALSDV   50    9  0.1791E-11  0.1794E-11
CALSDV   51    9  0.1854E-11  0.1857E-11
CALSDV   52    9  0.1932E-11  0.1936E-11
CALSDV   53    9  0.2006E-11  0.2009E-11
CALSDV   54    9  0.2094E-11  0.2099E-11
CALSDV   55    9  0.2182E-11  0.2186E-11
CALSDV   56    9  0.2282E-11  0.2287E-11
CALSDV   57    9  0.2385E-11  0.2390E-11
CALSDV   58    9  0.2499E-11  0.2503E-11
CALSDV   59    9  0.2578E-11  0.2582E-11
CALSDV   60    9  0.2688E-11  0.2692E-11
CALSDV   10   10  0.6814E-11  0.6866E-11
CALSDV   11   10  0.6125E-11  0.6174E-11
CALSDV   12   10  0.4506E-11  0.4532E-11
CALSDV   13   10  0.3297E-11  0.3314E-11
CALSDV   14   10  0.3575E-11  0.3596E-11
CALSDV   15   10  0.2634E-11  0.2643E-11
CALSDV   16   10  0.2750E-11  0.2768E-11
CALSDV   17   10  0.2360E-11  0.2368E-11
CALSDV   18   10  0.2195E-11  0.2213E-11
CALSDV   19   10  0.2156E-11  0.2160E-11
CALSDV   20   10  0.1849E-11  0.1866E-11
CALSDV   21   10  0.1962E-11  0.1967E-11
CALSDV   22   10  0.1629E-11  0.1646E-11
CALSDV   23   10  0.1804E-11  0.1808E-11
CALSDV   24   10  0.1496E-11  0.1508E-11
CALSDV   25   10  0.1676E-11  0.1680E-11
CALSDV   26   10  0.1411E-11  0.1425E-11
CALSDV   27   10  0.1578E-11  0.1582E-11
CALSDV   28   10  0.1361E-11  0.1372E-11
CALSDV   29   10  0.1506E-11  0.1510E-11
CALSDV   30   10  0.1336E-11  0.1346E-11
CALSDV   31   10  0.1458E-11  0.1462E-11
CALSDV   32   10  0.1328E-11  0.1336E-11
CALSDV   33   10  0.1431E-11  0.1434E-11
CALSDV   34   10  0.1335E-11  0.1342E-11
CALSDV   35   10  0.1422E-11  0.1425E-11
CALSDV   36   10  0.1356E-11  0.1364E-11
CALSDV   37   10  0.1430E-11  0.1434E-11
CALSDV   38   10  0.1389E-11  0.1395E-11
CALSDV   39   10  0.1454E-11  0.1457E-11
CALSDV   40   10  0.1434E-11  0.1441E-11
CALSDV   41   10  0.1493E-11  0.1497E-11
CALSDV   42   10  0.1493E-11  0.1499E-11
CALSDV   43   10  0.1548E-11  0.1552E-11
CALSDV   44   10  0.1564E-11  0.1569E-11
CALSDV   45   10  0.1617E-11  0.1622E-11
CALSDV   46   10  0.1648E-11  0.1654E-11
CALSDV   47   10  0.1704E-11  0.1708E-11
CALSDV   48   10  0.1748E-11  0.1754E-11
CALSDV   49   10  0.1807E-11  0.1812E-11
CALSDV   50   10  0.1865E-11  0.1871E-11
CALSDV   51   10  0.1930E-11  0.1935E-11
CALSDV   52   10  0.2001E-11  0.2006E-11
CALSDV   53   10  0.2073E-11  0.2078E-11
CALSDV   54   10  0.2157E-11  0.2163E-11
CALSDV   55   10  0.2242E-11  0.2247E-11
CALSDV   56   10  0.2340E-11  0.2346E-11
CALSDV   57   10  0.2439E-11  0.2445E-11
CALSDV   58   10  0.2553E-11  0.2559E-11
CALSDV   59   10  0.2649E-11  0.2657E-11
CALSDV   60   10  0.2764E-11  0.2772E-11
CALSDV   11   11  0.7463E-11  0.7472E-11
CALSDV   12   11  0.6674E-11  0.6644E-11
CALSDV   13   11  0.4720E-11  0.4732E-11
CALSDV   14   11  0.3471E-11  0.3471E-11
CALSDV   15   11  0.3510E-11  0.3517E-11
CALSDV   16   11  0.2419E-11  0.2420E-11
CALSDV   17   11  0.2538E-11  0.2540E-11
CALSDV   18   11  0.2001E-11  0.2006E-11
CALSDV   19   11  0.1915E-11  0.1917E-11
CALSDV   20   11  0.1784E-11  0.1789E-11
CALSDV   21   11  0.1572E-11  0.1574E-11
CALSDV   22   11  0.1630E-11  0.1632E-11
CALSDV   23   11  0.1396E-11  0.1399E-11
CALSDV   24   11  0.1518E-11  0.1521E-11
CALSDV   25   11  0.1317E-11  0.1321E-11
CALSDV   26   11  0.1439E-11  0.1442E-11
CALSDV   27   11  0.1292E-11  0.1295E-11
CALSDV   28   11  0.1388E-11  0.1389E-11
CALSDV   29   11  0.1288E-11  0.1290E-11
CALSDV   30   11  0.1357E-11  0.1359E-11
CALSDV   31   11  0.1302E-11  0.1305E-11
CALSDV   32   11  0.1346E-11  0.1348E-11
CALSDV   33   11  0.1324E-11  0.1327E-11
CALSDV   34   11  0.1351E-11  0.1352E-11
CALSDV   35   11  0.1355E-11  0.1357E-11
CALSDV   36   11  0.1372E-11  0.1373E-11
CALSDV   37   11  0.1396E-11  0.1397E-11
CALSDV   38   11  0.1405E-11  0.1407E-11
CALSDV   39   11  0.1443E-11  0.1446E-11
CALSDV   40   11  0.1453E-11  0.1454E-11
CALSDV   41   11  0.1502E-11  0.1503E-11
CALSDV   42   11  0.1512E-11  0.1513E-11
CALSDV   43   11  0.1570E-11  0.1572E-11
CALSDV   44   11  0.1586E-11  0.1587E-11
CALSDV   45   11  0.1649E-11  0.1651E-11
CALSDV   46   11  0.1672E-11  0.1674E-11
CALSDV   47   11  0.1742E-11  0.1744E-11
CALSDV   48   11  0.1775E-11  0.1777E-11
CALSDV   49   11  0.1849E-11  0.1851E-11
CALSDV   50   11  0.1894E-11  0.1895E-11
CALSDV   51   11  0.1974E-11  0.1976E-11
CALSDV   52   11  0.2031E-11  0.2034E-11
CALSDV   53   11  0.2117E-11  0.2119E-11
CALSDV   54   11  0.2188E-11  0.2190E-11
CALSDV   55   11  0.2284E-11  0.2286E-11
CALSDV   56   11  0.2371E-11  0.2374E-11
CALSDV   57   11  0.2479E-11  0.2482E-11
CALSDV   58   11  0.2583E-11  0.2586E-11
CALSDV   59   11  0.2701E-11  0.2703E-11
CALSDV   60   11  0.2800E-11  0.2802E-11
CALSDV   12   12  0.6056E-11  0.6039E-11
CALSDV   13   12  0.5969E-11  0.5942E-11
CALSDV   14   12  0.4221E-11  0.4235E-11
CALSDV   15   12  0.3006E-11  0.3011E-11
CALSDV   16   12  0.3416E-11  0.3429E-11
CALSDV   17   12  0.2417E-11  0.2434E-11
CALSDV   18   12  0.2633E-11  0.2639E-11
CALSDV   19   12  0.2289E-11  0.2309E-11
CALSDV   20   12  0.2128E-11  0.2124E-11
CALSDV   21   12  0.2195E-11  0.2208E-11
CALSDV   22   12  0.1847E-11  0.1843E-11
CALSDV   23   12  0.2069E-11  0.2081E-11
CALSDV   24   12  0.1695E-11  0.1691E-11
CALSDV   25   12  0.1951E-11  0.1958E-11
CALSDV   26   12  0.1619E-11  0.1615E-11
CALSDV   27   12  0.1846E-11  0.1853E-11
CALSDV   28   12  0.1581E-11  0.1580E-11
CALSDV   29   12  0.1763E-11  0.1768E-11
CALSDV   30   12  0.1563E-11  0.1562E-11
CALSDV   31   12  0.1700E-11  0.1705E-11
CALSDV   32   12  0.1561E-11  0.1562E-11
CALSDV   33   12  0.1658E-11  0.1664E-11
CALSDV   34   12  0.1569E-11  0.1570E-11
CALSDV   35   12  0.1635E-11  0.1640E-11
CALSDV   36   12  0.1585E-11  0.1588E-11
CALSDV   37   12  0.1630E-11  0.1635E-11
CALSDV   38   12  0.1614E-11  0.1616E-11
CALSDV   39   12  0.1643E-11  0.1648E-11
CALSDV   40   12  0.1651E-11  0.1654E-11
CALSDV   41   12  0.1672E-11  0.1676E-11
CALSDV   42   12  0.1700E-11  0.1703E-11
CALSDV   43   12  0.1715E-11  0.1720E-11
CALSDV   44   12  0.1760E-11  0.1765E-11
CALSDV   45   12  0.1775E-11  0.1781E-11
CALSDV   46   12  0.1834E-11  0.1839E-11
CALSDV   47   12  0.1851E-11  0.1857E-11
CALSDV   48   12  0.1922E-11  0.1927E-11
CALSDV   49   12  0.1945E-11  0.1950E-11
CALSDV   50   12  0.2026E-11  0.2031E-11
CALSDV   51   12  0.2058E-11  0.2064E-11
CALSDV   52   12  0.2149E-11  0.2154E-11
CALSDV   53   12  0.2191E-11  0.2196E-11
CALSDV   54   12  0.2292E-11  0.2297E-11
CALSDV   55   12  0.2349E-11  0.2355E-11
CALSDV   56   12  0.2462E-11  0.2467E-11
CALSDV   57   12  0.2535E-11  0.2541E-11
CALSDV   58   12  0.2661E-11  0.2668E-11
CALSDV   59   12  0.2766E-11  0.2773E-11
CALSDV   60   12  0.2897E-11  0.2904E-11
CALSDV   13   13  0.5715E-11  0.5774E-11
CALSDV   14   13  0.5855E-11  0.5850E-11
CALSDV   15   13  0.4483E-11  0.4479E-11
CALSDV   16   13  0.3247E-11  0.3258E-11
CALSDV   17   13  0.3643E-11  0.3645E-11
CALSDV   18   13  0.2529E-11  0.2532E-11
CALSDV   19   13  0.2717E-11  0.2723E-11
CALSDV   20   13  0.2202E-11  0.2206E-11
CALSDV   21   13  0.2068E-11  0.2073E-11
CALSDV   22   13  0.1978E-11  0.1980E-11
CALSDV   23   13  0.1702E-11  0.1708E-11
CALSDV   24   13  0.1793E-11  0.1791E-11
CALSDV   25   13  0.1527E-11  0.1528E-11
CALSDV   26   13  0.1655E-11  0.1652E-11
CALSDV   27   13  0.1461E-11  0.1460E-11
CALSDV   28   13  0.1558E-11  0.1557E-11
CALSDV   29   13  0.1453E-11  0.1452E-11
CALSDV   30   13  0.1501E-11  0.1498E-11
CALSDV   31   13  0.1467E-11  0.1465E-11
CALSDV   32   13  0.1473E-11  0.1469E-11
CALSDV   33   13  0.1498E-11  0.1495E-11
CALSDV   34   13  0.1473E-11  0.1469E-11
CALSDV   35   13  0.1534E-11  0.1530E-11
CALSDV   36   13  0.1489E-11  0.1484E-11
CALSDV   37   13  0.1575E-11  0.1570E-11
CALSDV   38   13  0.1524E-11  0.1519E-11
CALSDV   39   13  0.1624E-11  0.1619E-11
CALSDV   40   13  0.1573E-11  0.1568E-11
CALSDV   41   13  0.1679E-11  0.1675E-11
CALSDV   42   13  0.1636E-11  0.1631E-11
CALSDV   43   13  0.1744E-11  0.1738E-11
CALSDV   44   13  0.1710E-11  0.1705E-11
CALSDV   45   13  0.1818E-11  0.1813E-11
CALSDV   46   13  0.1799E-11  0.1794E-11
CALSDV   47   13  0.1904E-11  0.1898E-11
CALSDV   48   13  0.1901E-11  0.1895E-11
CALSDV   49   13  0.2003E-11  0.1997E-11
CALSDV   50   13  0.2018E-11  0.2012E-11
CALSDV   51   13  0.2118E-11  0.2112E-11
CALSDV   52   13  0.2153E-11  0.2146E-11
CALSDV   53   13  0.2250E-11  0.2243E-11
CALSDV   54   13  0.2305E-11  0.2299E-11
CALSDV   55   13  0.2407E-11  0.2400E-11
CALSDV   56   13  0.2482E-11  0.2475E-11
CALSDV   57   13  0.2590E-11  0.2583E-11
CALSDV   58   13  0.2687E-11  0.2679E-11
CALSDV   59   13  0.2828E-11  0.2820E-11
CALSDV   60   13  0.2923E-11  0.2915E-11
CALSDV   14   14  0.4973E-11  0.5019E-11
CALSDV   15   14  0.6057E-11  0.6046E-11
CALSDV   16   14  0.4205E-11  0.4196E-11
CALSDV   17   14  0.3125E-11  0.3108E-11
CALSDV   18   14  0.3480E-11  0.3483E-11
CALSDV   19   14  0.2472E-11  0.2465E-11
CALSDV   20   14  0.2636E-11  0.2638E-11
CALSDV   21   14  0.2325E-11  0.2326E-11
CALSDV   22   14  0.2074E-11  0.2081E-11
CALSDV   23   14  0.2241E-11  0.2242E-11
CALSDV   24   14  0.1809E-11  0.1815E-11
CALSDV   25   14  0.2131E-11  0.2133E-11
CALSDV   26   14  0.1716E-11  0.1718E-11
CALSDV   27   14  0.2030E-11  0.2031E-11
CALSDV   28   14  0.1704E-11  0.1707E-11
CALSDV   29   14  0.1941E-11  0.1943E-11
CALSDV   30   14  0.1726E-11  0.1728E-11
CALSDV   31   14  0.1876E-11  0.1877E-11
CALSDV   32   14  0.1754E-11  0.1754E-11
CALSDV   33   14  0.1830E-11  0.1831E-11
CALSDV   34   14  0.1787E-11  0.1787E-11
CALSDV   35   14  0.1807E-11  0.1807E-11
CALSDV   36   14  0.1821E-11  0.1821E-11
CALSDV   37   14  0.1800E-11  0.1800E-11
CALSDV   38   14  0.1855E-11  0.1855E-11
CALSDV   39   14  0.1811E-11  0.1811E-11
CALSDV   40   14  0.1894E-11  0.1895E-11
CALSDV   41   14  0.1838E-11  0.1838E-11
CALSDV   42   14  0.1940E-11  0.1940E-11
CALSDV   43   14  0.1879E-11  0.1880E-11
CALSDV   44   14  0.1994E-11  0.1994E-11
CALSDV   45   14  0.1936E-11  0.1936E-11
CALSDV   46   14  0.2058E-11  0.2059E-11
CALSDV   47   14  0.2009E-11  0.2009E-11
CALSDV   48   14  0.2135E-11  0.2134E-11
CALSDV   49   14  0.2097E-11  0.2095E-11
CALSDV   50   14  0.2225E-11  0.2224E-11
CALSDV   51   14  0.2202E-11  0.2201E-11
CALSDV   52   14  0.2332E-11  0.2331E-11
CALSDV   53   14  0.2325E-11  0.2324E-11
CALSDV   54   14  0.2457E-11  0.2456E-11
CALSDV   55   14  0.2473E-11  0.2471E-11
CALSDV   56   14  0.2610E-11  0.2608E-11
CALSDV   57   14  0.2646E-11  0.2645E-11
CALSDV   58   14  0.2791E-11  0.2789E-11
CALSDV   59   14  0.2888E-11  0.2887E-11
CALSDV   60   14  0.3038E-11  0.3038E-11
CALSDV   15   15  0.5606E-11  0.5534E-11
CALSDV   16   15  0.6402E-11  0.6331E-11
CALSDV   17   15  0.4382E-11  0.4306E-11
CALSDV   18   15  0.3485E-11  0.3456E-11
CALSDV   19   15  0.3819E-11  0.3767E-11
CALSDV   20   15  0.2644E-11  0.2607E-11
CALSDV   21   15  0.3006E-11  0.2982E-11
CALSDV   22   15  0.2328E-11  0.2284E-11
CALSDV   23   15  0.2393E-11  0.2382E-11
CALSDV   24   15  0.2143E-11  0.2104E-11
CALSDV   25   15  0.2035E-11  0.2035E-11
CALSDV   26   15  0.1982E-11  0.1946E-11
CALSDV   27   15  0.1856E-11  0.1860E-11
CALSDV   28   15  0.1863E-11  0.1836E-11
CALSDV   29   15  0.1785E-11  0.1786E-11
CALSDV   30   15  0.1780E-11  0.1754E-11
CALSDV   31   15  0.1770E-11  0.1771E-11
CALSDV   32   15  0.1733E-11  0.1711E-11
CALSDV   33   15  0.1780E-11  0.1776E-11
CALSDV   34   15  0.1714E-11  0.1692E-11
CALSDV   35   15  0.1807E-11  0.1797E-11
CALSDV   36   15  0.1723E-11  0.1700E-11
CALSDV   37   15  0.1842E-11  0.1828E-11
CALSDV   38   15  0.1749E-11  0.1725E-11
CALSDV   39   15  0.1883E-11  0.1862E-11
CALSDV   40   15  0.1791E-11  0.1765E-11
CALSDV   41   15  0.1930E-11  0.1905E-11
CALSDV   42   15  0.1849E-11  0.1820E-11
CALSDV   43   15  0.1985E-11  0.1956E-11
CALSDV   44   15  0.1919E-11  0.1888E-11
CALSDV   45   15  0.2051E-11  0.2016E-11
CALSDV   46   15  0.2003E-11  0.1967E-11
CALSDV   47   15  0.2126E-11  0.2088E-11
CALSDV   48   15  0.2100E-11  0.2061E-11
CALSDV   49   15  0.2215E-11  0.2171E-11
CALSDV   50   15  0.2211E-11  0.2167E-11
CALSDV   51   15  0.2317E-11  0.2269E-11
CALSDV   52   15  0.2339E-11  0.2289E-11
CALSDV   53   15  0.2435E-11  0.2382E-11
CALSDV   54   15  0.2481E-11  0.2427E-11
CALSDV   55   15  0.2575E-11  0.2518E-11
CALSDV   56   15  0.2646E-11  0.2587E-11
CALSDV   57   15  0.2741E-11  0.2681E-11
CALSDV   58   15  0.2837E-11  0.2775E-11
CALSDV   59   15  0.2988E-11  0.2921E-11
CALSDV   60   15  0.3089E-11  0.3018E-11
CALSDV   16   16  0.4535E-11  0.4537E-11
CALSDV   17   16  0.5988E-11  0.6001E-11
CALSDV   18   16  0.4347E-11  0.4358E-11
CALSDV   19   16  0.3253E-11  0.3275E-11
CALSDV   20   16  0.3730E-11  0.3722E-11
CALSDV   21   16  0.2655E-11  0.2666E-11
CALSDV   22   16  0.2839E-11  0.2822E-11
CALSDV   23   16  0.2487E-11  0.2490E-11
CALSDV   24   16  0.2215E-11  0.2202E-11
CALSDV   25   16  0.2360E-11  0.2360E-11
CALSDV   26   16  0.1929E-11  0.1922E-11
CALSDV   27   16  0.2229E-11  0.2232E-11
CALSDV   28   16  0.1857E-11  0.1855E-11
CALSDV   29   16  0.2122E-11  0.2125E-11
CALSDV   30   16  0.1886E-11  0.1884E-11
CALSDV   31   16  0.2041E-11  0.2046E-11
CALSDV   32   16  0.1945E-11  0.1948E-11
CALSDV   33   16  0.1994E-11  0.1999E-11
CALSDV   34   16  0.2007E-11  0.2007E-11
CALSDV   35   16  0.1968E-11  0.1974E-11
CALSDV   36   16  0.2065E-11  0.2063E-11
CALSDV   37   16  0.1971E-11  0.1974E-11
CALSDV   38   16  0.2117E-11  0.2116E-11
CALSDV   39   16  0.1988E-11  0.1991E-11
CALSDV   40   16  0.2164E-11  0.2163E-11
CALSDV   41   16  0.2020E-11  0.2023E-11
CALSDV   42   16  0.2211E-11  0.2210E-11
CALSDV   43   16  0.2064E-11  0.2069E-11
CALSDV   44   16  0.2260E-11  0.2259E-11
CALSDV   45   16  0.2123E-11  0.2127E-11
CALSDV   46   16  0.2316E-11  0.2315E-11
CALSDV   47   16  0.2193E-11  0.2195E-11
CALSDV   48   16  0.2380E-11  0.2378E-11
CALSDV   49   16  0.2276E-11  0.2278E-11
CALSDV   50   16  0.2455E-11  0.2454E-11
CALSDV   51   16  0.2374E-11  0.2376E-11
CALSDV   52   16  0.2544E-11  0.2543E-11
CALSDV   53   16  0.2486E-11  0.2488E-11
CALSDV   54   16  0.2648E-11  0.2650E-11
CALSDV   55   16  0.2618E-11  0.2621E-11
CALSDV   56   16  0.2776E-11  0.2779E-11
CALSDV   57   16  0.2773E-11  0.2777E-11
CALSDV   58   16  0.2932E-11  0.2935E-11
CALSDV   59   16  0.3016E-11  0.3022E-11
CALSDV   60   16  0.3176E-11  0.3182E-11
CALSDV   17   17  0.4190E-11  0.4212E-11
CALSDV   18   17  0.5237E-11  0.5246E-11
CALSDV   19   17  0.4241E-11  0.4242E-11
CALSDV   20   17  0.3043E-11  0.3051E-11
CALSDV   21   17  0.3742E-11  0.3744E-11
CALSDV   22   17  0.2809E-11  0.2815E-11
CALSDV   23   17  0.2912E-11  0.2919E-11
CALSDV   24   17  0.2663E-11  0.2670E-11
CALSDV   25   17  0.2285E-11  0.2291E-11
CALSDV   26   17  0.2436E-11  0.2446E-11
CALSDV   27   17  0.1944E-11  0.1952E-11
CALSDV   28   17  0.2192E-11  0.2206E-11
CALSDV   29   17  0.1805E-11  0.1811E-11
CALSDV   30   17  0.1993E-11  0.2010E-11
CALSDV   31   17  0.1779E-11  0.1784E-11
CALSDV   32   17  0.1856E-11  0.1871E-11
CALSDV   33   17  0.1809E-11  0.1815E-11
CALSDV   34   17  0.1787E-11  0.1806E-11
CALSDV   35   17  0.1854E-11  0.1863E-11
CALSDV   36   17  0.1768E-11  0.1784E-11
CALSDV   37   17  0.1910E-11  0.1918E-11
CALSDV   38   17  0.1796E-11  0.1809E-11
CALSDV   39   17  0.1972E-11  0.1977E-11
CALSDV   40   17  0.1850E-11  0.1864E-11
CALSDV   41   17  0.2032E-11  0.2040E-11
CALSDV   42   17  0.1923E-11  0.1936E-11
CALSDV   43   17  0.2098E-11  0.2105E-11
CALSDV   44   17  0.2010E-11  0.2022E-11
CALSDV   45   17  0.2169E-11  0.2176E-11
CALSDV   46   17  0.2109E-11  0.2120E-11
CALSDV   47   17  0.2247E-11  0.2255E-11
CALSDV   48   17  0.2215E-11  0.2227E-11
CALSDV   49   17  0.2335E-11  0.2343E-11
CALSDV   50   17  0.2332E-11  0.2343E-11
CALSDV   51   17  0.2434E-11  0.2442E-11
CALSDV   52   17  0.2460E-11  0.2470E-11
CALSDV   53   17  0.2545E-11  0.2554E-11
CALSDV   54   17  0.2599E-11  0.2609E-11
CALSDV   55   17  0.2674E-11  0.2684E-11
CALSDV   56   17  0.2754E-11  0.2764E-11
CALSDV   57   17  0.2825E-11  0.2833E-11
CALSDV   58   17  0.2930E-11  0.2940E-11
CALSDV   59   17  0.3065E-11  0.3075E-11
CALSDV   60   17  0.3179E-11  0.3190E-11
CALSDV   18   18  0.5385E-11  0.5348E-11
CALSDV   19   18  0.5611E-11  0.5618E-11
CALSDV   20   18  0.4695E-11  0.4699E-11
CALSDV   21   18  0.3193E-11  0.3195E-11
CALSDV   22   18  0.3991E-11  0.3990E-11
CALSDV   23   18  0.2719E-11  0.2728E-11
CALSDV   24   18  0.3012E-11  0.3015E-11
CALSDV   25   18  0.2626E-11  0.2628E-11
CALSDV   26   18  0.2332E-11  0.2336E-11
CALSDV   27   18  0.2498E-11  0.2503E-11
CALSDV   28   18  0.2041E-11  0.2045E-11
CALSDV   29   18  0.2350E-11  0.2355E-11
CALSDV   30   18  0.2020E-11  0.2023E-11
CALSDV   31   18  0.2228E-11  0.2229E-11
CALSDV   32   18  0.2099E-11  0.2102E-11
CALSDV   33   18  0.2154E-11  0.2156E-11
CALSDV   34   18  0.2207E-11  0.2208E-11
CALSDV   35   18  0.2124E-11  0.2123E-11
CALSDV   36   18  0.2303E-11  0.2303E-11
CALSDV   37   18  0.2124E-11  0.2124E-11
CALSDV   38   18  0.2382E-11  0.2381E-11
CALSDV   39   18  0.2153E-11  0.2153E-11
CALSDV   40   18  0.2448E-11  0.2448E-11
CALSDV   41   18  0.2199E-11  0.2200E-11
CALSDV   42   18  0.2504E-11  0.2504E-11
CALSDV   43   18  0.2257E-11  0.2256E-11
CALSDV   44   18  0.2554E-11  0.2553E-11
CALSDV   45   18  0.2324E-11  0.2323E-11
CALSDV   46   18  0.2603E-11  0.2604E-11
CALSDV   47   18  0.2399E-11  0.2400E-11
CALSDV   48   18  0.2655E-11  0.2655E-11
CALSDV   49   18  0.2481E-11  0.2481E-11
CALSDV   50   18  0.2712E-11  0.2715E-11
CALSDV   51   18  0.2572E-11  0.2572E-11
CALSDV   52   18  0.2782E-11  0.2782E-11
CALSDV   53   18  0.2673E-11  0.2673E-11
CALSDV   54   18  0.2862E-11  0.2864E-11
CALSDV   55   18  0.2790E-11  0.2789E-11
CALSDV   56   18  0.2966E-11  0.2966E-11
CALSDV   57   18  0.2922E-11  0.2923E-11
CALSDV   58   18  0.3091E-11  0.3092E-11
CALSDV   59   18  0.3158E-11  0.3158E-11
CALSDV   60   18  0.3322E-11  0.3323E-11
CALSDV   19   19  0.4257E-11  0.4235E-11
CALSDV   20   19  0.5187E-11  0.5193E-11
CALSDV   21   19  0.4338E-11  0.4345E-11
CALSDV   22   19  0.3153E-11  0.3148E-11
CALSDV   23   19  0.3857E-11  0.3852E-11
CALSDV   24   19  0.3048E-11  0.3049E-11
CALSDV   25   19  0.3017E-11  0.3013E-11
CALSDV   26   19  0.3024E-11  0.3024E-11
CALSDV   27   19  0.2431E-11  0.2427E-11
CALSDV   28   19  0.2839E-11  0.2843E-11
CALSDV   29   19  0.2128E-11  0.2129E-11
CALSDV   30   19  0.2591E-11  0.2596E-11
CALSDV   31   19  0.2017E-11  0.2017E-11
CALSDV   32   19  0.2367E-11  0.2374E-11
CALSDV   33   19  0.1993E-11  0.1995E-11
CALSDV   34   19  0.2206E-11  0.2216E-11
CALSDV   35   19  0.2030E-11  0.2033E-11
CALSDV   36   19  0.2122E-11  0.2129E-11
CALSDV   37   19  0.2078E-11  0.2080E-11
CALSDV   38   19  0.2093E-11  0.2101E-11
CALSDV   39   19  0.2136E-11  0.2138E-11
CALSDV   40   19  0.2115E-11  0.2123E-11
CALSDV   41   19  0.2199E-11  0.2203E-11
CALSDV   42   19  0.2173E-11  0.2181E-11
CALSDV   43   19  0.2269E-11  0.2272E-11
CALSDV   44   19  0.2252E-11  0.2258E-11
CALSDV   45   19  0.2342E-11  0.2346E-11
CALSDV   46   19  0.2343E-11  0.2351E-11
CALSDV   47   19  0.2423E-11  0.2426E-11
CALSDV   48   19  0.2447E-11  0.2455E-11
CALSDV   49   19  0.2509E-11  0.2515E-11
CALSDV   50   19  0.2556E-11  0.2564E-11
CALSDV   51   19  0.2605E-11  0.2610E-11
CALSDV   52   19  0.2675E-11  0.2680E-11
CALSDV   53   19  0.2710E-11  0.2714E-11
CALSDV   54   19  0.2798E-11  0.2806E-11
CALSDV   55   19  0.2828E-11  0.2834E-11
CALSDV   56   19  0.2937E-11  0.2944E-11
CALSDV   57   19  0.2961E-11  0.2967E-11
CALSDV   58   19  0.3088E-11  0.3096E-11
CALSDV   59   19  0.3192E-11  0.3199E-11
CALSDV   60   19  0.3327E-11  0.3336E-11
CALSDV   20   20  0.5456E-11  0.5425E-11
CALSDV   21   20  0.5482E-11  0.5514E-11
CALSDV   22   20  0.4955E-11  0.4955E-11
CALSDV   23   20  0.3177E-11  0.3183E-11
CALSDV   24   20  0.4278E-11  0.4286E-11
CALSDV   25   20  0.2989E-11  0.2986E-11
CALSDV   26   20  0.3219E-11  0.3227E-11
CALSDV   27   20  0.2833E-11  0.2839E-11
CALSDV   28   20  0.2501E-11  0.2513E-11
CALSDV   29   20  0.2672E-11  0.2679E-11
CALSDV   30   20  0.2208E-11  0.2212E-11
CALSDV   31   20  0.2477E-11  0.2481E-11
CALSDV   32   20  0.2174E-11  0.2179E-11
CALSDV   33   20  0.2324E-11  0.2325E-11
CALSDV   34   20  0.2273E-11  0.2277E-11
CALSDV   35   20  0.2241E-11  0.2242E-11
CALSDV   36   20  0.2397E-11  0.2398E-11
CALSDV   37   20  0.2230E-11  0.2231E-11
CALSDV   38   20  0.2512E-11  0.2515E-11
CALSDV   39   20  0.2259E-11  0.2262E-11
CALSDV   40   20  0.2606E-11  0.2609E-11
CALSDV   41   20  0.2325E-11  0.2328E-11
CALSDV   42   20  0.2686E-11  0.2688E-11
CALSDV   43   20  0.2408E-11  0.2408E-11
CALSDV   44   20  0.2754E-11  0.2755E-11
CALSDV   45   20  0.2497E-11  0.2498E-11
CALSDV   46   20  0.2814E-11  0.2816E-11
CALSDV   47   20  0.2590E-11  0.2589E-11
CALSDV   48   20  0.2871E-11  0.2874E-11
CALSDV   49   20  0.2685E-11  0.2685E-11
CALSDV   50   20  0.2930E-11  0.2931E-11
CALSDV   51   20  0.2778E-11  0.2780E-11
CALSDV   52   20  0.2992E-11  0.2994E-11
CALSDV   53   20  0.2872E-11  0.2873E-11
CALSDV   54   20  0.3060E-11  0.3062E-11
CALSDV   55   20  0.2973E-11  0.2974E-11
CALSDV   56   20  0.3144E-11  0.3146E-11
CALSDV   57   20  0.3083E-11  0.3085E-11
CALSDV   58   20  0.3246E-11  0.3247E-11
CALSDV   59   20  0.3301E-11  0.3302E-11
CALSDV   60   20  0.3457E-11  0.3458E-11
CALSDV   21   21  0.4524E-11  0.4517E-11
CALSDV   22   21  0.5265E-11  0.5297E-11
CALSDV   23   21  0.4447E-11  0.4477E-11
CALSDV   24   21  0.3109E-11  0.3113E-11
CALSDV   25   21  0.3913E-11  0.3931E-11
CALSDV   26   21  0.3294E-11  0.3287E-11
CALSDV   27   21  0.3204E-11  0.3218E-11
CALSDV   28   21  0.3302E-11  0.3297E-11
CALSDV   29   21  0.2595E-11  0.2605E-11
CALSDV   30   21  0.3179E-11  0.3178E-11
CALSDV   31   21  0.2354E-11  0.2363E-11
CALSDV   32   21  0.2957E-11  0.2956E-11
CALSDV   33   21  0.2286E-11  0.2290E-11
CALSDV   34   21  0.2747E-11  0.2746E-11
CALSDV   35   21  0.2309E-11  0.2310E-11
CALSDV   36   21  0.2580E-11  0.2581E-11
CALSDV   37   21  0.2324E-11  0.2327E-11
CALSDV   38   21  0.2503E-11  0.2506E-11
CALSDV   39   21  0.2386E-11  0.2390E-11
CALSDV   40   21  0.2475E-11  0.2478E-11
CALSDV   41   21  0.2431E-11  0.2435E-11
CALSDV   42   21  0.2501E-11  0.2503E-11
CALSDV   43   21  0.2494E-11  0.2501E-11
CALSDV   44   21  0.2557E-11  0.2562E-11
CALSDV   45   21  0.2562E-11  0.2568E-11
CALSDV   46   21  0.2637E-11  0.2642E-11
CALSDV   47   21  0.2638E-11  0.2644E-11
CALSDV   48   21  0.2729E-11  0.2732E-11
CALSDV   49   21  0.2721E-11  0.2726E-11
CALSDV   50   21  0.2828E-11  0.2832E-11
CALSDV   51   21  0.2810E-11  0.2816E-11
CALSDV   52   21  0.2932E-11  0.2935E-11
CALSDV   53   21  0.2905E-11  0.2908E-11
CALSDV   54   21  0.3038E-11  0.3039E-11
CALSDV   55   21  0.3009E-11  0.3010E-11
CALSDV   56   21  0.3151E-11  0.3150E-11
CALSDV   57   21  0.3122E-11  0.3119E-11
CALSDV   58   21  0.3272E-11  0.3269E-11
CALSDV   59   21  0.3334E-11  0.3331E-11
CALSDV   60   21  0.3488E-11  0.3487E-11
CALSDV   22   22  0.5078E-11  0.5129E-11
CALSDV   23   22  0.5462E-11  0.5457E-11
CALSDV   24   22  0.5080E-11  0.5081E-11
CALSDV   25   22  0.3166E-11  0.3158E-11
CALSDV   26   22  0.4419E-11  0.4421E-11
CALSDV   27   22  0.3187E-11  0.3178E-11
CALSDV   28   22  0.3507E-11  0.3508E-11
CALSDV   29   22  0.3150E-11  0.3147E-11
CALSDV   30   22  0.2666E-11  0.2664E-11
CALSDV   31   22  0.2884E-11  0.2884E-11
CALSDV   32   22  0.2385E-11  0.2385E-11
CALSDV   33   22  0.2627E-11  0.2627E-11
CALSDV   34   22  0.2367E-11  0.2368E-11
CALSDV   35   22  0.2438E-11  0.2439E-11
CALSDV   36   22  0.2451E-11  0.2454E-11
CALSDV   37   22  0.2343E-11  0.2346E-11
CALSDV   38   22  0.2577E-11  0.2580E-11
CALSDV   39   22  0.2351E-11  0.2353E-11
CALSDV   40   22  0.2694E-11  0.2699E-11
CALSDV   41   22  0.2411E-11  0.2416E-11
CALSDV   42   22  0.2796E-11  0.2800E-11
CALSDV   43   22  0.2515E-11  0.2521E-11
CALSDV   44   22  0.2886E-11  0.2889E-11
CALSDV   45   22  0.2635E-11  0.2639E-11
CALSDV   46   22  0.2965E-11  0.2969E-11
CALSDV   47   22  0.2757E-11  0.2759E-11
CALSDV   48   22  0.3038E-11  0.3041E-11
CALSDV   49   22  0.2870E-11  0.2874E-11
CALSDV   50   22  0.3106E-11  0.3110E-11
CALSDV   51   22  0.2978E-11  0.2984E-11
CALSDV   52   22  0.3175E-11  0.3179E-11
CALSDV   53   22  0.3076E-11  0.3081E-11
CALSDV   54   22  0.3243E-11  0.3247E-11
CALSDV   55   22  0.3168E-11  0.3174E-11
CALSDV   56   22  0.3318E-11  0.3323E-11
CALSDV   57   22  0.3255E-11  0.3260E-11
CALSDV   58   22  0.3400E-11  0.3404E-11
CALSDV   59   22  0.3448E-11  0.3451E-11
CALSDV   60   22  0.3589E-11  0.3591E-11
CALSDV   23   23  0.4660E-11  0.4604E-11
CALSDV   24   23  0.5510E-11  0.5503E-11
CALSDV   25   23  0.4594E-11  0.4592E-11
CALSDV   26   23  0.3089E-11  0.3104E-11
CALSDV   27   23  0.3994E-11  0.3991E-11
CALSDV   28   23  0.3406E-11  0.3440E-11
CALSDV   29   23  0.3365E-11  0.3386E-11
CALSDV   30   23  0.3571E-11  0.3575E-11
CALSDV   31   23  0.2812E-11  0.2818E-11
CALSDV   32   23  0.3421E-11  0.3411E-11
CALSDV   33   23  0.2613E-11  0.2604E-11
CALSDV   34   23  0.3213E-11  0.3209E-11
CALSDV   35   23  0.2569E-11  0.2567E-11
CALSDV   36   23  0.3038E-11  0.3029E-11
CALSDV   37   23  0.2616E-11  0.2600E-11
CALSDV   38   23  0.2906E-11  0.2886E-11
CALSDV   39   23  0.2686E-11  0.2666E-11
CALSDV   40   23  0.2849E-11  0.2834E-11
CALSDV   41   23  0.2715E-11  0.2694E-11
CALSDV   42   23  0.2853E-11  0.2830E-11
CALSDV   43   23  0.2792E-11  0.2765E-11
CALSDV   44   23  0.2897E-11  0.2874E-11
CALSDV   45   23  0.2839E-11  0.2817E-11
CALSDV   46   23  0.2967E-11  0.2947E-11
CALSDV   47   23  0.2912E-11  0.2890E-11
CALSDV   48   23  0.3052E-11  0.3030E-11
CALSDV   49   23  0.2984E-11  0.2962E-11
CALSDV   50   23  0.3141E-11  0.3118E-11
CALSDV   51   23  0.3065E-11  0.3039E-11
CALSDV   52   23  0.3233E-11  0.3208E-11
CALSDV   53   23  0.3144E-11  0.3122E-11
CALSDV   54   23  0.3318E-11  0.3295E-11
CALSDV   55   23  0.3230E-11  0.3207E-11
CALSDV   56   23  0.3404E-11  0.3382E-11
CALSDV   57   23  0.3313E-11  0.3290E-11
CALSDV   58   23  0.3488E-11  0.3462E-11
CALSDV   59   23  0.3496E-11  0.3474E-11
CALSDV   60   23  0.3663E-11  0.3647E-11
CALSDV   24   24  0.5006E-11  0.4936E-11
CALSDV   25   24  0.5610E-11  0.5617E-11
CALSDV   26   24  0.5234E-11  0.5223E-11
CALSDV   27   24  0.3250E-11  0.3256E-11
CALSDV   28   24  0.4552E-11  0.4546E-11
CALSDV   29   24  0.3557E-11  0.3561E-11
CALSDV   30   24  0.3678E-11  0.3672E-11
CALSDV   31   24  0.3442E-11  0.3444E-11
CALSDV   32   24  0.2983E-11  0.2984E-11
CALSDV   33   24  0.3192E-11  0.3190E-11
CALSDV   34   24  0.2601E-11  0.2606E-11
CALSDV   35   24  0.2857E-11  0.2853E-11
CALSDV   36   24  0.2601E-11  0.2604E-11
CALSDV   37   24  0.2616E-11  0.2606E-11
CALSDV   38   24  0.2678E-11  0.2680E-11
CALSDV   39   24  0.2513E-11  0.2503E-11
CALSDV   40   24  0.2783E-11  0.2784E-11
CALSDV   41   24  0.2535E-11  0.2525E-11
CALSDV   42   24  0.2896E-11  0.2897E-11
CALSDV   43   24  0.2638E-11  0.2633E-11
CALSDV   44   24  0.2997E-11  0.2996E-11
CALSDV   45   24  0.2770E-11  0.2763E-11
CALSDV   46   24  0.3093E-11  0.3092E-11
CALSDV   47   24  0.2919E-11  0.2916E-11
CALSDV   48   24  0.3183E-11  0.3182E-11
CALSDV   49   24  0.3060E-11  0.3058E-11
CALSDV   50   24  0.3267E-11  0.3267E-11
CALSDV   51   24  0.3183E-11  0.3183E-11
CALSDV   52   24  0.3346E-11  0.3347E-11
CALSDV   53   24  0.3288E-11  0.3289E-11
CALSDV   54   24  0.3422E-11  0.3422E-11
CALSDV   55   24  0.3376E-11  0.3378E-11
CALSDV   56   24  0.3495E-11  0.3497E-11
CALSDV   57   24  0.3443E-11  0.3444E-11
CALSDV   58   24  0.3564E-11  0.3564E-11
CALSDV   59   24  0.3603E-11  0.3604E-11
CALSDV   60   24  0.3726E-11  0.3728E-11
CALSDV   25   25  0.4699E-11  0.4728E-11
CALSDV   26   25  0.5862E-11  0.5840E-11
CALSDV   27   25  0.4943E-11  0.4950E-11
CALSDV   28   25  0.3232E-11  0.3217E-11
CALSDV   29   25  0.4180E-11  0.4178E-11
CALSDV   30   25  0.3714E-11  0.3701E-11
CALSDV   31   25  0.3529E-11  0.3529E-11
CALSDV   32   25  0.3758E-11  0.3750E-11
CALSDV   33   25  0.3083E-11  0.3083E-11
CALSDV   34   25  0.3671E-11  0.3664E-11
CALSDV   35   25  0.2881E-11  0.2876E-11
CALSDV   36   25  0.3418E-11  0.3416E-11
CALSDV   37   25  0.2906E-11  0.2899E-11
CALSDV   38   25  0.3262E-11  0.3254E-11
CALSDV   39   25  0.2927E-11  0.2929E-11
CALSDV   40   25  0.3185E-11  0.3182E-11
CALSDV   41   25  0.3008E-11  0.3014E-11
CALSDV   42   25  0.3175E-11  0.3167E-11
CALSDV   43   25  0.3089E-11  0.3097E-11
CALSDV   44   25  0.3233E-11  0.3224E-11
CALSDV   45   25  0.3128E-11  0.3138E-11
CALSDV   46   25  0.3304E-11  0.3296E-11
CALSDV   47   25  0.3204E-11  0.3214E-11
CALSDV   48   25  0.3398E-11  0.3388E-11
CALSDV   49   25  0.3261E-11  0.3270E-11
CALSDV   50   25  0.3485E-11  0.3475E-11
CALSDV   51   25  0.3331E-11  0.3338E-11
CALSDV   52   25  0.3562E-11  0.3554E-11
CALSDV   53   25  0.3394E-11  0.3397E-11
CALSDV   54   25  0.3625E-11  0.3619E-11
CALSDV   55   25  0.3455E-11  0.3458E-11
CALSDV   56   25  0.3678E-11  0.3673E-11
CALSDV   57   25  0.3508E-11  0.3507E-11
CALSDV   58   25  0.3715E-11  0.3709E-11
CALSDV   59   25  0.3650E-11  0.3650E-11
CALSDV   60   25  0.3844E-11  0.3843E-11
CALSDV   26   26  0.4913E-11  0.4883E-11
CALSDV   27   26  0.5891E-11  0.5917E-11
CALSDV   28   26  0.5421E-11  0.5426E-11
CALSDV   29   26  0.3432E-11  0.3458E-11
CALSDV   30   26  0.4702E-11  0.4702E-11
CALSDV   31   26  0.4014E-11  0.4014E-11
CALSDV   32   26  0.3835E-11  0.3834E-11
CALSDV   33   26  0.3838E-11  0.3838E-11
CALSDV   34   26  0.3247E-11  0.3242E-11
CALSDV   35   26  0.3523E-11  0.3523E-11
CALSDV   36   26  0.2965E-11  0.2956E-11
CALSDV   37   26  0.3148E-11  0.3152E-11
CALSDV   38   26  0.2888E-11  0.2882E-11
CALSDV   39   26  0.2855E-11  0.2861E-11
CALSDV   40   26  0.2936E-11  0.2933E-11
CALSDV   41   26  0.2738E-11  0.2747E-11
CALSDV   42   26  0.3029E-11  0.3025E-11
CALSDV   43   26  0.2786E-11  0.2793E-11
CALSDV   44   26  0.3128E-11  0.3126E-11
CALSDV   45   26  0.2909E-11  0.2916E-11
CALSDV   46   26  0.3222E-11  0.3220E-11
CALSDV   47   26  0.3084E-11  0.3090E-11
CALSDV   48   26  0.3322E-11  0.3322E-11
CALSDV   49   26  0.3241E-11  0.3246E-11
CALSDV   50   26  0.3424E-11  0.3420E-11
CALSDV   51   26  0.3395E-11  0.3398E-11
CALSDV   52   26  0.3520E-11  0.3518E-11
CALSDV   53   26  0.3508E-11  0.3510E-11
CALSDV   54   26  0.3604E-11  0.3602E-11
CALSDV   55   26  0.3592E-11  0.3596E-11
CALSDV   56   26  0.3678E-11  0.3679E-11
CALSDV   57   26  0.3638E-11  0.3641E-11
CALSDV   58   26  0.3736E-11  0.3735E-11
CALSDV   59   26  0.3764E-11  0.3765E-11
CALSDV   60   26  0.3872E-11  0.3870E-11
CALSDV   27   27  0.4603E-11  0.4582E-11
CALSDV   28   27  0.6168E-11  0.6172E-11
CALSDV   29   27  0.5399E-11  0.5409E-11
CALSDV   30   27  0.3443E-11  0.3432E-11
CALSDV   31   27  0.4524E-11  0.4528E-11
CALSDV   32   27  0.4061E-11  0.4072E-11
CALSDV   33   27  0.3707E-11  0.3710E-11
CALSDV   34   27  0.4027E-11  0.4033E-11
CALSDV   35   27  0.3323E-11  0.3328E-11
CALSDV   36   27  0.3808E-11  0.3814E-11
CALSDV   37   27  0.3147E-11  0.3147E-11
CALSDV   38   27  0.3583E-11  0.3597E-11
CALSDV   39   27  0.3192E-11  0.3184E-11
CALSDV   40   27  0.3348E-11  0.3367E-11
CALSDV   41   27  0.3286E-11  0.3275E-11
CALSDV   42   27  0.3305E-11  0.3326E-11
CALSDV   43   27  0.3311E-11  0.3303E-11
CALSDV   44   27  0.3372E-11  0.3399E-11
CALSDV   45   27  0.3401E-11  0.3397E-11
CALSDV   46   27  0.3463E-11  0.3482E-11
CALSDV   47   27  0.3488E-11  0.3481E-11
CALSDV   48   27  0.3602E-11  0.3619E-11
CALSDV   49   27  0.3534E-11  0.3529E-11
CALSDV   50   27  0.3714E-11  0.3728E-11
CALSDV   51   27  0.3602E-11  0.3599E-11
CALSDV   52   27  0.3820E-11  0.3831E-11
CALSDV   53   27  0.3654E-11  0.3653E-11
CALSDV   54   27  0.3887E-11  0.3898E-11
CALSDV   55   27  0.3699E-11  0.3695E-11
CALSDV   56   27  0.3931E-11  0.3936E-11
CALSDV   57   27  0.3717E-11  0.3715E-11
CALSDV   58   27  0.3937E-11  0.3939E-11
CALSDV   59   27  0.3819E-11  0.3816E-11
CALSDV   60   27  0.4022E-11  0.4022E-11
CALSDV   28   28  0.4726E-11  0.4784E-11
CALSDV   29   28  0.6199E-11  0.6200E-11
CALSDV   30   28  0.5662E-11  0.5654E-11
CALSDV   31   28  0.3650E-11  0.3640E-11
CALSDV   32   28  0.4913E-11  0.4901E-11
CALSDV   33   28  0.4391E-11  0.4381E-11
CALSDV   34   28  0.4005E-11  0.3995E-11
CALSDV   35   28  0.4311E-11  0.4308E-11
CALSDV   36   28  0.3549E-11  0.3537E-11
CALSDV   37   28  0.3853E-11  0.3846E-11
CALSDV   38   28  0.3261E-11  0.3247E-11
CALSDV   39   28  0.3467E-11  0.3453E-11
CALSDV   40   28  0.3248E-11  0.3239E-11
CALSDV   41   28  0.3186E-11  0.3183E-11
CALSDV   42   28  0.3255E-11  0.3246E-11
CALSDV   43   28  0.3027E-11  0.3026E-11
CALSDV   44   28  0.3287E-11  0.3279E-11
CALSDV   45   28  0.3098E-11  0.3096E-11
CALSDV   46   28  0.3385E-11  0.3380E-11
CALSDV   47   28  0.3274E-11  0.3270E-11
CALSDV   48   28  0.3486E-11  0.3478E-11
CALSDV   49   28  0.3436E-11  0.3435E-11
CALSDV   50   28  0.3580E-11  0.3575E-11
CALSDV   51   28  0.3614E-11  0.3614E-11
CALSDV   52   28  0.3693E-11  0.3687E-11
CALSDV   53   28  0.3741E-11  0.3738E-11
CALSDV   54   28  0.3793E-11  0.3787E-11
CALSDV   55   28  0.3829E-11  0.3825E-11
CALSDV   56   28  0.3876E-11  0.3867E-11
CALSDV   57   28  0.3854E-11  0.3849E-11
CALSDV   58   28  0.3921E-11  0.3914E-11
CALSDV   59   28  0.3935E-11  0.3929E-11
CALSDV   60   28  0.4027E-11  0.4019E-11
CALSDV   29   29  0.4341E-11  0.4302E-11
CALSDV   30   29  0.6590E-11  0.6556E-11
CALSDV   31   29  0.5907E-11  0.5911E-11
CALSDV   32   29  0.3825E-11  0.3806E-11
CALSDV   33   29  0.5072E-11  0.5063E-11
CALSDV   34   29  0.4496E-11  0.4503E-11
CALSDV   35   29  0.3968E-11  0.3967E-11
CALSDV   36   29  0.4483E-11  0.4479E-11
CALSDV   37   29  0.3630E-11  0.3634E-11
CALSDV   38   29  0.4108E-11  0.4100E-11
CALSDV   39   29  0.3471E-11  0.3471E-11
CALSDV   40   29  0.3818E-11  0.3812E-11
CALSDV   41   29  0.3457E-11  0.3461E-11
CALSDV   42   29  0.3687E-11  0.3683E-11
CALSDV   43   29  0.3594E-11  0.3604E-11
CALSDV   44   29  0.3555E-11  0.3547E-11
CALSDV   45   29  0.3681E-11  0.3694E-11
CALSDV   46   29  0.3697E-11  0.3691E-11
CALSDV   47   29  0.3712E-11  0.3728E-11
CALSDV   48   29  0.3880E-11  0.3877E-11
CALSDV   49   29  0.3811E-11  0.3821E-11
CALSDV   50   29  0.3998E-11  0.3988E-11
CALSDV   51   29  0.3880E-11  0.3892E-11
CALSDV   52   29  0.4138E-11  0.4133E-11
CALSDV   53   29  0.3916E-11  0.3927E-11
CALSDV   54   29  0.4208E-11  0.4206E-11
CALSDV   55   29  0.3954E-11  0.3960E-11
CALSDV   56   29  0.4239E-11  0.4234E-11
CALSDV   57   29  0.3943E-11  0.3947E-11
CALSDV   58   29  0.4204E-11  0.4199E-11
CALSDV   59   29  0.3995E-11  0.3997E-11
CALSDV   60   29  0.4224E-11  0.4221E-11
CALSDV   30   30  0.5228E-11  0.5325E-11
CALSDV   31   30  0.6842E-11  0.6770E-11
CALSDV   32   30  0.6172E-11  0.6181E-11
CALSDV   33   30  0.4073E-11  0.3980E-11
CALSDV   34   30  0.5324E-11  0.5329E-11
CALSDV   35   30  0.4774E-11  0.4736E-11
CALSDV   36   30  0.4306E-11  0.4308E-11
CALSDV   37   30  0.4742E-11  0.4754E-11
CALSDV   38   30  0.4043E-11  0.4041E-11
CALSDV   39   30  0.4277E-11  0.4289E-11
CALSDV   40   30  0.3895E-11  0.3892E-11
CALSDV   41   30  0.3851E-11  0.3866E-11
CALSDV   42   30  0.3782E-11  0.3785E-11
CALSDV   43   30  0.3635E-11  0.3644E-11
CALSDV   44   30  0.3811E-11  0.3816E-11
CALSDV   45   30  0.3634E-11  0.3632E-11
CALSDV   46   30  0.3764E-11  0.3760E-11
CALSDV   47   30  0.3649E-11  0.3650E-11
CALSDV   48   30  0.3811E-11  0.3808E-11
CALSDV   49   30  0.3810E-11  0.3813E-11
CALSDV   50   30  0.3896E-11  0.3893E-11
CALSDV   51   30  0.3985E-11  0.3982E-11
CALSDV   52   30  0.3971E-11  0.3966E-11
CALSDV   53   30  0.4077E-11  0.4081E-11
CALSDV   54   30  0.4051E-11  0.4050E-11
CALSDV   55   30  0.4140E-11  0.4141E-11
CALSDV   56   30  0.4123E-11  0.4119E-11
CALSDV   57   30  0.4121E-11  0.4121E-11
CALSDV   58   30  0.4146E-11  0.4143E-11
CALSDV   59   30  0.4141E-11  0.4129E-11
CALSDV   60   30  0.4209E-11  0.4195E-11
CALSDV   31   31  0.4658E-11  0.4615E-11
CALSDV   32   31  0.6979E-11  0.7014E-11
CALSDV   33   31  0.6352E-11  0.6363E-11
CALSDV   34   31  0.4249E-11  0.4293E-11
CALSDV   35   31  0.5628E-11  0.5612E-11
CALSDV   36   31  0.4979E-11  0.5003E-11
CALSDV   37   31  0.4367E-11  0.4353E-11
CALSDV   38   31  0.4963E-11  0.4949E-11
CALSDV   39   31  0.3994E-11  0.3969E-11
CALSDV   40   31  0.4487E-11  0.4465E-11
CALSDV   41   31  0.3945E-11  0.3922E-11
CALSDV   42   31  0.4118E-11  0.4102E-11
CALSDV   43   31  0.3954E-11  0.3929E-11
CALSDV   44   31  0.3981E-11  0.3962E-11
CALSDV   45   31  0.3982E-11  0.3967E-11
CALSDV   46   31  0.4050E-11  0.4040E-11
CALSDV   47   31  0.4114E-11  0.4100E-11
CALSDV   48   31  0.4037E-11  0.4040E-11
CALSDV   49   31  0.4119E-11  0.4100E-11
CALSDV   50   31  0.4273E-11  0.4275E-11
CALSDV   51   31  0.4183E-11  0.4176E-11
CALSDV   52   31  0.4456E-11  0.4456E-11
CALSDV   53   31  0.4233E-11  0.4228E-11
CALSDV   54   31  0.4515E-11  0.4517E-11
CALSDV   55   31  0.4234E-11  0.4223E-11
CALSDV   56   31  0.4555E-11  0.4547E-11
CALSDV   57   31  0.4197E-11  0.4184E-11
CALSDV   58   31  0.4488E-11  0.4476E-11
CALSDV   59   31  0.4186E-11  0.4186E-11
CALSDV   60   31  0.4437E-11  0.4438E-11
CALSDV   32   32  0.4781E-11  0.4729E-11
CALSDV   33   32  0.6823E-11  0.6823E-11
CALSDV   34   32  0.6382E-11  0.6346E-11
CALSDV   35   32  0.4208E-11  0.4183E-11
CALSDV   36   32  0.5602E-11  0.5598E-11
CALSDV   37   32  0.5162E-11  0.5153E-11
CALSDV   38   32  0.4462E-11  0.4455E-11
CALSDV   39   32  0.5192E-11  0.5191E-11
CALSDV   40   32  0.4192E-11  0.4190E-11
CALSDV   41   32  0.4631E-11  0.4637E-11
CALSDV   42   32  0.4146E-11  0.4141E-11
CALSDV   43   32  0.4122E-11  0.4135E-11
CALSDV   44   32  0.4076E-11  0.4071E-11
CALSDV   45   32  0.3877E-11  0.3901E-11
CALSDV   46   32  0.3993E-11  0.3992E-11
CALSDV   47   32  0.3827E-11  0.3851E-11
CALSDV   48   32  0.4036E-11  0.4039E-11
CALSDV   49   32  0.3984E-11  0.3999E-11
CALSDV   50   32  0.4012E-11  0.4010E-11
CALSDV   51   32  0.4066E-11  0.4075E-11
CALSDV   52   32  0.4138E-11  0.4139E-11
CALSDV   53   32  0.4265E-11  0.4272E-11
CALSDV   54   32  0.4224E-11  0.4226E-11
CALSDV   55   32  0.4348E-11  0.4358E-11
CALSDV   56   32  0.4298E-11  0.4303E-11
CALSDV   57   32  0.4319E-11  0.4331E-11
CALSDV   58   32  0.4329E-11  0.4337E-11
CALSDV   59   32  0.4305E-11  0.4306E-11
CALSDV   60   32  0.4367E-11  0.4368E-11
CALSDV   33   33  0.4885E-11  0.4889E-11
CALSDV   34   33  0.7070E-11  0.7086E-11
CALSDV   35   33  0.6956E-11  0.6974E-11
CALSDV   36   33  0.4334E-11  0.4345E-11
CALSDV   37   33  0.6139E-11  0.6145E-11
CALSDV   38   33  0.5295E-11  0.5298E-11
CALSDV   39   33  0.4693E-11  0.4690E-11
CALSDV   40   33  0.5294E-11  0.5290E-11
CALSDV   41   33  0.4263E-11  0.4254E-11
CALSDV   42   33  0.4713E-11  0.4711E-11
CALSDV   43   33  0.4360E-11  0.4357E-11
CALSDV   44   33  0.4278E-11  0.4278E-11
CALSDV   45   33  0.4509E-11  0.4505E-11
CALSDV   46   33  0.4177E-11  0.4172E-11
CALSDV   47   33  0.4643E-11  0.4641E-11
CALSDV   48   33  0.4263E-11  0.4261E-11
CALSDV   49   33  0.4698E-11  0.4693E-11
CALSDV   50   33  0.4466E-11  0.4468E-11
CALSDV   51   33  0.4748E-11  0.4741E-11
CALSDV   52   33  0.4558E-11  0.4555E-11
CALSDV   53   33  0.4679E-11  0.4678E-11
CALSDV   54   33  0.4748E-11  0.4748E-11
CALSDV   55   33  0.4684E-11  0.4682E-11
CALSDV   56   33  0.4793E-11  0.4793E-11
CALSDV   57   33  0.4541E-11  0.4540E-11
CALSDV   58   33  0.4709E-11  0.4708E-11
CALSDV   59   33  0.4424E-11  0.4427E-11
CALSDV   60   33  0.4620E-11  0.4626E-11
CALSDV   34   34  0.4972E-11  0.4958E-11
CALSDV   35   34  0.7139E-11  0.7129E-11
CALSDV   36   34  0.6746E-11  0.6752E-11
CALSDV   37   34  0.4565E-11  0.4553E-11
CALSDV   38   34  0.5957E-11  0.5970E-11
CALSDV   39   34  0.5648E-11  0.5662E-11
CALSDV   40   34  0.4810E-11  0.4809E-11
CALSDV   41   34  0.5726E-11  0.5749E-11
CALSDV   42   34  0.4536E-11  0.4530E-11
CALSDV   43   34  0.5168E-11  0.5185E-11
CALSDV   44   34  0.4558E-11  0.4553E-11
CALSDV   45   34  0.4670E-11  0.4691E-11
CALSDV   46   34  0.4540E-11  0.4532E-11
CALSDV   47   34  0.4488E-11  0.4496E-11
CALSDV   48   34  0.4528E-11  0.4522E-11
CALSDV   49   34  0.4537E-11  0.4535E-11
CALSDV   50   34  0.4493E-11  0.4483E-11
CALSDV   51   34  0.4646E-11  0.4645E-11
CALSDV   52   34  0.4453E-11  0.4457E-11
CALSDV   53   34  0.4706E-11  0.4708E-11
CALSDV   54   34  0.4507E-11  0.4513E-11
CALSDV   55   34  0.4724E-11  0.4732E-11
CALSDV   56   34  0.4614E-11  0.4622E-11
CALSDV   57   34  0.4690E-11  0.4698E-11
CALSDV   58   34  0.4569E-11  0.4579E-11
CALSDV   59   34  0.4545E-11  0.4553E-11
CALSDV   60   34  0.4554E-11  0.4560E-11
CALSDV   35   35  0.4985E-11  0.4999E-11
CALSDV   36   35  0.7425E-11  0.7443E-11
CALSDV   37   35  0.7516E-11  0.7573E-11
CALSDV   38   35  0.4675E-11  0.4700E-11
CALSDV   39   35  0.6660E-11  0.6698E-11
CALSDV   40   35  0.5763E-11  0.5790E-11
CALSDV   41   35  0.5166E-11  0.5184E-11
CALSDV   42   35  0.5739E-11  0.5754E-11
CALSDV   43   35  0.4626E-11  0.4661E-11
CALSDV   44   35  0.5086E-11  0.5086E-11
CALSDV   45   35  0.4740E-11  0.4762E-11
CALSDV   46   35  0.4622E-11  0.4629E-11
CALSDV   47   35  0.4946E-11  0.4966E-11
CALSDV   48   35  0.4576E-11  0.4581E-11
CALSDV   49   35  0.5126E-11  0.5142E-11
CALSDV   50   35  0.4798E-11  0.4792E-11
CALSDV   51   35  0.5249E-11  0.5259E-11
CALSDV   52   35  0.5070E-11  0.5068E-11
CALSDV   53   35  0.5291E-11  0.5306E-11
CALSDV   54   35  0.5140E-11  0.5141E-11
CALSDV   55   35  0.5100E-11  0.5108E-11
CALSDV   56   35  0.5199E-11  0.5200E-11
CALSDV   57   35  0.4929E-11  0.4934E-11
CALSDV   58   35  0.5076E-11  0.5079E-11
CALSDV   59   35  0.4750E-11  0.4759E-11
CALSDV   60   35  0.4874E-11  0.4876E-11
CALSDV   36   36  0.5458E-11  0.5446E-11
CALSDV   37   36  0.7454E-11  0.7460E-11
CALSDV   38   36  0.7280E-11  0.7260E-11
CALSDV   39   36  0.4899E-11  0.4925E-11
CALSDV   40   36  0.6367E-11  0.6328E-11
CALSDV   41   36  0.6144E-11  0.6165E-11
CALSDV   42   36  0.5247E-11  0.5230E-11
CALSDV   43   36  0.6275E-11  0.6283E-11
CALSDV   44   36  0.4992E-11  0.4993E-11
CALSDV   45   36  0.5774E-11  0.5766E-11
CALSDV   46   36  0.5056E-11  0.5059E-11
CALSDV   47   36  0.5352E-11  0.5340E-11
CALSDV   48   36  0.5078E-11  0.5078E-11
CALSDV   49   36  0.5241E-11  0.5214E-11
CALSDV   50   36  0.5092E-11  0.5083E-11
CALSDV   51   36  0.5309E-11  0.5290E-11
CALSDV   52   36  0.5127E-11  0.5116E-11
CALSDV   53   36  0.5428E-11  0.5411E-11
CALSDV   54   36  0.5190E-11  0.5181E-11
CALSDV   55   36  0.5416E-11  0.5411E-11
CALSDV   56   36  0.4958E-11  0.4963E-11
CALSDV   57   36  0.5112E-11  0.5124E-11
CALSDV   58   36  0.4976E-11  0.4982E-11
CALSDV   59   36  0.5015E-11  0.5023E-11
CALSDV   60   36  0.4847E-11  0.4850E-11
CALSDV   37   37  0.5009E-11  0.5024E-11
CALSDV   38   37  0.7836E-11  0.7809E-11
CALSDV   39   37  0.8091E-11  0.8067E-11
CALSDV   40   37  0.5086E-11  0.5053E-11
CALSDV   41   37  0.7068E-11  0.7052E-11
CALSDV   42   37  0.6295E-11  0.6283E-11
CALSDV   43   37  0.5585E-11  0.5583E-11
CALSDV   44   37  0.6194E-11  0.6183E-11
CALSDV   45   37  0.5082E-11  0.5074E-11
CALSDV   46   37  0.5466E-11  0.5456E-11
CALSDV   47   37  0.5181E-11  0.5178E-11
CALSDV   48   37  0.4995E-11  0.4978E-11
CALSDV   49   37  0.5382E-11  0.5381E-11
CALSDV   50   37  0.4993E-11  0.4984E-11
CALSDV   51   37  0.5569E-11  0.5568E-11
CALSDV   52   37  0.5269E-11  0.5259E-11
CALSDV   53   37  0.5683E-11  0.5678E-11
CALSDV   54   37  0.5571E-11  0.5570E-11
CALSDV   55   37  0.5658E-11  0.5660E-11
CALSDV   56   37  0.5719E-11  0.5717E-11
CALSDV   57   37  0.5657E-11  0.5664E-11
CALSDV   58   37  0.5441E-11  0.5446E-11
CALSDV   59   37  0.5158E-11  0.5151E-11
CALSDV   60   37  0.5323E-11  0.5314E-11
CALSDV   38   38  0.5734E-11  0.5694E-11
CALSDV   39   38  0.7964E-11  0.7751E-11
CALSDV   40   38  0.8134E-11  0.7600E-11
CALSDV   41   38  0.5454E-11  0.5111E-11
CALSDV   42   38  0.6824E-11  0.6645E-11
CALSDV   43   38  0.6703E-11  0.6601E-11
CALSDV   44   38  0.5695E-11  0.5655E-11
CALSDV   45   38  0.6717E-11  0.6809E-11
CALSDV   46   38  0.5457E-11  0.5562E-11
CALSDV   47   38  0.6238E-11  0.6400E-11
CALSDV   48   38  0.5517E-11  0.5663E-11
CALSDV   49   38  0.5910E-11  0.6100E-11
CALSDV   50   38  0.5558E-11  0.5688E-11
CALSDV   51   38  0.5853E-11  0.6076E-11
CALSDV   52   38  0.5597E-11  0.5700E-11
CALSDV   53   38  0.5906E-11  0.6193E-11
CALSDV   54   38  0.5631E-11  0.5747E-11
CALSDV   55   38  0.5876E-11  0.6205E-11
CALSDV   56   38  0.5619E-11  0.5783E-11
CALSDV   57   38  0.5848E-11  0.6252E-11
CALSDV   58   38  0.5634E-11  0.5886E-11
CALSDV   59   38  0.5582E-11  0.5751E-11
CALSDV   60   38  0.5287E-11  0.5441E-11
CALSDV   39   39  0.5285E-11  0.5234E-11
CALSDV   40   39  0.8327E-11  0.8338E-11
CALSDV   41   39  0.8736E-11  0.8735E-11
CALSDV   42   39  0.5530E-11  0.5541E-11
CALSDV   43   39  0.7455E-11  0.7456E-11
CALSDV   44   39  0.6910E-11  0.6906E-11
CALSDV   45   39  0.5939E-11  0.5948E-11
CALSDV   46   39  0.6685E-11  0.6698E-11
CALSDV   47   39  0.5545E-11  0.5546E-11
CALSDV   48   39  0.5881E-11  0.5884E-11
CALSDV   49   39  0.5692E-11  0.5680E-11
CALSDV   50   39  0.5433E-11  0.5440E-11
CALSDV   51   39  0.5890E-11  0.5884E-11
CALSDV   52   39  0.5500E-11  0.5499E-11
CALSDV   53   39  0.6056E-11  0.6045E-11
CALSDV   54   39  0.5799E-11  0.5806E-11
CALSDV   55   39  0.6085E-11  0.6079E-11
CALSDV   56   39  0.6033E-11  0.6034E-11
CALSDV   57   39  0.6106E-11  0.6101E-11
CALSDV   58   39  0.6219E-11  0.6226E-11
CALSDV   59   39  0.5857E-11  0.5860E-11
CALSDV   60   39  0.5821E-11  0.5826E-11
CALSDV   40   40  0.6022E-11  0.6033E-11
CALSDV   41   40  0.8397E-11  0.8414E-11
CALSDV   42   40  0.8669E-11  0.8730E-11
CALSDV   43   40  0.5741E-11  0.5775E-11
CALSDV   44   40  0.7235E-11  0.7294E-11
CALSDV   45   40  0.7204E-11  0.7195E-11
CALSDV   46   40  0.6091E-11  0.6112E-11
CALSDV   47   40  0.7222E-11  0.7216E-11
CALSDV   48   40  0.6052E-11  0.6034E-11
CALSDV   49   40  0.6842E-11  0.6822E-11
CALSDV   50   40  0.6228E-11  0.6212E-11
CALSDV   51   40  0.6680E-11  0.6658E-11
CALSDV   52   40  0.6313E-11  0.6317E-11
CALSDV   53   40  0.6714E-11  0.6705E-11
CALSDV   54   40  0.6347E-11  0.6367E-11
CALSDV   55   40  0.6701E-11  0.6696E-11
CALSDV   56   40  0.6326E-11  0.6347E-11
CALSDV   57   40  0.6681E-11  0.6688E-11
CALSDV   58   40  0.6335E-11  0.6354E-11
CALSDV   59   40  0.6290E-11  0.6290E-11
CALSDV   60   40  0.6054E-11  0.6063E-11
CALSDV   41   41  0.5675E-11  0.5646E-11
CALSDV   42   41  0.8858E-11  0.8807E-11
CALSDV   43   41  0.9497E-11  0.9438E-11
CALSDV   44   41  0.6122E-11  0.6060E-11
CALSDV   45   41  0.7878E-11  0.7871E-11
CALSDV   46   41  0.7603E-11  0.7584E-11
CALSDV   47   41  0.6311E-11  0.6312E-11
CALSDV   48   41  0.7190E-11  0.7210E-11
CALSDV   49   41  0.6073E-11  0.6073E-11
CALSDV   50   41  0.6313E-11  0.6345E-11
CALSDV   51   41  0.6280E-11  0.6285E-11
CALSDV   52   41  0.5952E-11  0.5991E-11
CALSDV   53   41  0.6475E-11  0.6475E-11
CALSDV   54   41  0.6125E-11  0.6153E-11
CALSDV   55   41  0.6548E-11  0.6544E-11
CALSDV   56   41  0.6394E-11  0.6414E-11
CALSDV   57   41  0.6573E-11  0.6576E-11
CALSDV   58   41  0.6625E-11  0.6643E-11
CALSDV   59   41  0.6269E-11  0.6256E-11
CALSDV   60   41  0.6429E-11  0.6424E-11
CALSDV   42   42  0.6251E-11  0.6265E-11
CALSDV   43   42  0.8949E-11  0.8995E-11
CALSDV   44   42  0.9625E-11  0.9655E-11
CALSDV   45   42  0.6254E-11  0.6304E-11
CALSDV   46   42  0.7862E-11  0.7874E-11
CALSDV   47   42  0.7734E-11  0.7767E-11
CALSDV   48   42  0.6517E-11  0.6526E-11
CALSDV   49   42  0.7561E-11  0.7616E-11
CALSDV   50   42  0.6567E-11  0.6625E-11
CALSDV   51   42  0.7150E-11  0.7206E-11
CALSDV   52   42  0.6872E-11  0.6934E-11
CALSDV   53   42  0.7089E-11  0.7131E-11
CALSDV   54   42  0.7027E-11  0.7081E-11
CALSDV   55   42  0.7137E-11  0.7173E-11
CALSDV   56   42  0.7019E-11  0.7059E-11
CALSDV   57   42  0.7163E-11  0.7192E-11
CALSDV   58   42  0.6983E-11  0.7020E-11
CALSDV   59   42  0.6677E-11  0.6713E-11
CALSDV   60   42  0.6597E-11  0.6633E-11
CALSDV   43   43  0.6048E-11  0.6028E-11
CALSDV   44   43  0.9273E-11  0.9263E-11
CALSDV   45   43  0.1026E-10  0.1025E-10
CALSDV   46   43  0.6647E-11  0.6646E-11
CALSDV   47   43  0.8310E-11  0.8320E-11
CALSDV   48   43  0.8239E-11  0.8221E-11
CALSDV   49   43  0.6656E-11  0.6657E-11
CALSDV   50   43  0.7639E-11  0.7643E-11
CALSDV   51   43  0.6623E-11  0.6628E-11
CALSDV   52   43  0.6748E-11  0.6754E-11
CALSDV   53   43  0.6956E-11  0.6961E-11
CALSDV   54   43  0.6559E-11  0.6578E-11
CALSDV   55   43  0.7113E-11  0.7113E-11
CALSDV   56   43  0.6802E-11  0.6810E-11
CALSDV   57   43  0.7123E-11  0.7130E-11
CALSDV   58   43  0.7071E-11  0.7070E-11
CALSDV   59   43  0.6692E-11  0.6694E-11
CALSDV   60   43  0.6825E-11  0.6820E-11
CALSDV   44   44  0.6382E-11  0.6383E-11
CALSDV   45   44  0.9566E-11  0.9605E-11
CALSDV   46   44  0.1067E-10  0.1069E-10
CALSDV   47   44  0.6906E-11  0.6921E-11
CALSDV   48   44  0.8514E-11  0.8547E-11
CALSDV   49   44  0.8399E-11  0.8413E-11
CALSDV   50   44  0.6907E-11  0.6920E-11
CALSDV   51   44  0.8124E-11  0.8116E-11
CALSDV   52   44  0.7154E-11  0.7143E-11
CALSDV   53   44  0.7729E-11  0.7733E-11
CALSDV   54   44  0.7625E-11  0.7628E-11
CALSDV   55   44  0.7701E-11  0.7696E-11
CALSDV   56   44  0.7789E-11  0.7777E-11
CALSDV   57   44  0.7757E-11  0.7739E-11
CALSDV   58   44  0.7726E-11  0.7723E-11
CALSDV   59   44  0.7157E-11  0.7151E-11
CALSDV   60   44  0.7152E-11  0.7151E-11
CALSDV   45   45  0.6812E-11  0.6884E-11
CALSDV   46   45  0.1006E-10  0.1006E-10
CALSDV   47   45  0.1120E-10  0.1118E-10
CALSDV   48   45  0.7328E-11  0.7304E-11
CALSDV   49   45  0.8836E-11  0.8831E-11
CALSDV   50   45  0.8779E-11  0.8801E-11
CALSDV   51   45  0.7259E-11  0.7247E-11
CALSDV   52   45  0.8094E-11  0.8081E-11
CALSDV   53   45  0.7619E-11  0.7618E-11
CALSDV   54   45  0.7401E-11  0.7379E-11
CALSDV   55   45  0.8047E-11  0.8052E-11
CALSDV   56   45  0.7394E-11  0.7397E-11
CALSDV   57   45  0.8063E-11  0.8068E-11
CALSDV   58   45  0.7657E-11  0.7637E-11
CALSDV   59   45  0.7332E-11  0.7336E-11
CALSDV   60   45  0.7309E-11  0.7294E-11
CALSDV   46   46  0.7065E-11  0.7120E-11
CALSDV   47   46  0.1036E-10  0.1037E-10
CALSDV   48   46  0.1181E-10  0.1180E-10
CALSDV   49   46  0.7853E-11  0.7835E-11
CALSDV   50   46  0.9267E-11  0.9267E-11
CALSDV   51   46  0.9379E-11  0.9344E-11
CALSDV   52   46  0.7495E-11  0.7523E-11
CALSDV   53   46  0.9068E-11  0.9002E-11
CALSDV   54   46  0.8042E-11  0.8006E-11
CALSDV   55   46  0.8629E-11  0.8597E-11
CALSDV   56   46  0.8634E-11  0.8593E-11
CALSDV   57   46  0.8481E-11  0.8443E-11
CALSDV   58   46  0.8712E-11  0.8655E-11
CALSDV   59   46  0.7718E-11  0.7692E-11
CALSDV   60   46  0.7865E-11  0.7819E-11
CALSDV   47   47  0.6678E-11  0.6708E-11
CALSDV   48   47  0.1017E-10  0.1014E-10
CALSDV   49   47  0.1187E-10  0.1183E-10
CALSDV   50   47  0.7932E-11  0.7891E-11
CALSDV   51   47  0.9046E-11  0.9064E-11
CALSDV   52   47  0.9340E-11  0.9331E-11
CALSDV   53   47  0.7508E-11  0.7524E-11
CALSDV   54   47  0.8526E-11  0.8468E-11
CALSDV   55   47  0.8192E-11  0.8216E-11
CALSDV   56   47  0.7966E-11  0.7914E-11
CALSDV   57   47  0.8662E-11  0.8678E-11
CALSDV   58   47  0.8086E-11  0.8065E-11
CALSDV   59   47  0.7921E-11  0.7923E-11
CALSDV   60   47  0.7749E-11  0.7746E-11
CALSDV   48   48  0.6870E-11  0.6859E-11
CALSDV   49   48  0.1068E-10  0.1074E-10
CALSDV   50   48  0.1261E-10  0.1268E-10
CALSDV   51   48  0.8066E-11  0.8119E-11
CALSDV   52   48  0.9411E-11  0.9443E-11
CALSDV   53   48  0.9251E-11  0.9283E-11
CALSDV   54   48  0.7730E-11  0.7754E-11
CALSDV   55   48  0.8760E-11  0.8776E-11
CALSDV   56   48  0.8748E-11  0.8788E-11
CALSDV   57   48  0.8528E-11  0.8548E-11
CALSDV   58   48  0.9412E-11  0.9441E-11
CALSDV   59   48  0.7973E-11  0.7988E-11
CALSDV   60   48  0.8526E-11  0.8566E-11
CALSDV   49   49  0.6469E-11  0.6463E-11
CALSDV   50   49  0.1062E-10  0.1064E-10
CALSDV   51   49  0.1247E-10  0.1237E-10
CALSDV   52   49  0.8579E-11  0.8578E-11
CALSDV   53   49  0.9054E-11  0.9027E-11
CALSDV   54   49  0.1011E-10  0.1010E-10
CALSDV   55   49  0.7845E-11  0.7838E-11
CALSDV   56   49  0.9439E-11  0.9432E-11
CALSDV   57   49  0.8878E-11  0.8908E-11
CALSDV   58   49  0.9007E-11  0.9020E-11
CALSDV   59   49  0.8510E-11  0.8522E-11
CALSDV   60   49  0.8366E-11  0.8370E-11
CALSDV   50   50  0.6735E-11  0.6759E-11
CALSDV   51   50  0.1155E-10  0.1157E-10
CALSDV   52   50  0.1326E-10  0.1328E-10
CALSDV   53   50  0.8646E-11  0.8677E-11
CALSDV   54   50  0.9401E-11  0.9419E-11
CALSDV   55   50  0.9945E-11  0.9928E-11
CALSDV   56   50  0.8213E-11  0.8209E-11
CALSDV   57   50  0.9684E-11  0.9663E-11
CALSDV   58   50  0.9611E-11  0.9613E-11
CALSDV   59   50  0.8727E-11  0.8728E-11
CALSDV   60   50  0.9175E-11  0.9188E-11
CALSDV   51   51  0.6142E-11  0.6170E-11
CALSDV   52   51  0.1154E-10  0.1157E-10
CALSDV   53   51  0.1267E-10  0.1274E-10
CALSDV   54   51  0.9253E-11  0.9297E-11
CALSDV   55   51  0.8822E-11  0.8876E-11
CALSDV   56   51  0.1103E-10  0.1106E-10
CALSDV   57   51  0.8616E-11  0.8660E-11
CALSDV   58   51  0.1059E-10  0.1060E-10
CALSDV   59   51  0.8972E-11  0.9004E-11
CALSDV   60   51  0.9285E-11  0.9322E-11
CALSDV   52   52  0.6370E-11  0.6368E-11
CALSDV   53   52  0.1223E-10  0.1224E-10
CALSDV   54   52  0.1333E-10  0.1335E-10
CALSDV   55   52  0.9161E-11  0.9160E-11
CALSDV   56   52  0.8863E-11  0.8864E-11
CALSDV   57   52  0.1074E-10  0.1070E-10
CALSDV   58   52  0.8803E-11  0.8838E-11
CALSDV   59   52  0.9699E-11  0.9681E-11
CALSDV   60   52  0.9462E-11  0.9479E-11
CALSDV   53   53  0.5504E-11  0.5585E-11
CALSDV   54   53  0.1252E-10  0.1253E-10
CALSDV   55   53  0.1245E-10  0.1243E-10
CALSDV   56   53  0.9987E-11  0.9944E-11
CALSDV   57   53  0.8789E-11  0.8717E-11
CALSDV   58   53  0.1204E-10  0.1208E-10
CALSDV   59   53  0.9106E-11  0.9076E-11
CALSDV   60   53  0.1057E-10  0.1058E-10
CALSDV   54   54  0.6014E-11  0.5996E-11
CALSDV   55   54  0.1204E-10  0.1203E-10
CALSDV   56   54  0.1281E-10  0.1275E-10
CALSDV   57   54  0.9956E-11  0.9944E-11
CALSDV   58   54  0.8374E-11  0.8357E-11
CALSDV   59   54  0.1082E-10  0.1082E-10
CALSDV   60   54  0.9276E-11  0.9257E-11
CALSDV   55   55  0.5619E-11  0.5669E-11
CALSDV   56   55  0.1248E-10  0.1251E-10
CALSDV   57   55  0.1216E-10  0.1222E-10
CALSDV   58   55  0.1093E-10  0.1097E-10
CALSDV   59   55  0.9521E-11  0.9584E-11
CALSDV   60   55  0.1191E-10  0.1198E-10
CALSDV   56   56  0.6045E-11  0.6018E-11
CALSDV   57   56  0.1003E-10  0.1001E-10
CALSDV   58   56  0.1195E-10  0.1207E-10
CALSDV   59   56  0.1081E-10  0.1081E-10
CALSDV   60   56  0.9226E-11  0.9313E-11
CALSDV   57   57  0.6321E-11  0.6332E-11
CALSDV   58   57  0.1020E-10  0.1029E-10
CALSDV   59   57  0.1308E-10  0.1307E-10
CALSDV   60   57  0.1147E-10  0.1150E-10
CALSDV   58   58  0.6518E-11  0.6551E-11
CALSDV   59   58  0.7645E-11  0.7670E-11
CALSDV   60   58  0.1314E-10  0.1308E-10
CALSDV   59   59  0.5453E-11  0.5376E-11
CALSDV   60   59  0.7739E-11  0.7676E-11
CALSDV   60   60  0.6517E-11  0.6506E-11
