  This file contains calibrated standard deviations 
       The relevant data lines start with key CALSDV 
       Each such line contains the following data 
           N   M   C_SIGMA   S_SIGMA 
                 FOR M=0 S_SIGMA=0.0 
     
CALSDV    0    0  0.0000E+00  0.0000E+00
CALSDV    1    0  0.0000E+00  0.0000E+00
CALSDV    2    0  0.7142E-10  0.0000E+00
CALSDV    3    0  0.1283E-10  0.0000E+00
CALSDV    4    0  0.5544E-11  0.0000E+00
CALSDV    5    0  0.3813E-11  0.0000E+00
CALSDV    6    0  0.2975E-11  0.0000E+00
CALSDV    7    0  0.2409E-11  0.0000E+00
CALSDV    8    0  0.2062E-11  0.0000E+00
CALSDV    9    0  0.1813E-11  0.0000E+00
CALSDV   10    0  0.1631E-11  0.0000E+00
CALSDV   11    0  0.1480E-11  0.0000E+00
CALSDV   12    0  0.1377E-11  0.0000E+00
CALSDV   13    0  0.1299E-11  0.0000E+00
CALSDV   14    0  0.1229E-11  0.0000E+00
CALSDV   15    0  0.1174E-11  0.0000E+00
CALSDV   16    0  0.1137E-11  0.0000E+00
CALSDV   17    0  0.1107E-11  0.0000E+00
CALSDV   18    0  0.1078E-11  0.0000E+00
CALSDV   19    0  0.1059E-11  0.0000E+00
CALSDV   20    0  0.1050E-11  0.0000E+00
CALSDV   21    0  0.1042E-11  0.0000E+00
CALSDV   22    0  0.1034E-11  0.0000E+00
CALSDV   23    0  0.1034E-11  0.0000E+00
CALSDV   24    0  0.1040E-11  0.0000E+00
CALSDV   25    0  0.1045E-11  0.0000E+00
CALSDV   26    0  0.1052E-11  0.0000E+00
CALSDV   27    0  0.1065E-11  0.0000E+00
CALSDV   28    0  0.1081E-11  0.0000E+00
CALSDV   29    0  0.1096E-11  0.0000E+00
CALSDV   30    0  0.1115E-11  0.0000E+00
CALSDV   31    0  0.1139E-11  0.0000E+00
CALSDV   32    0  0.1165E-11  0.0000E+00
CALSDV   33    0  0.1191E-11  0.0000E+00
CALSDV   34    0  0.1220E-11  0.0000E+00
CALSDV   35    0  0.1254E-11  0.0000E+00
CALSDV   36    0  0.1289E-11  0.0000E+00
CALSDV   37    0  0.1326E-11  0.0000E+00
CALSDV   38    0  0.1368E-11  0.0000E+00
CALSDV   39    0  0.1413E-11  0.0000E+00
CALSDV   40    0  0.1458E-11  0.0000E+00
CALSDV   41    0  0.1509E-11  0.0000E+00
CALSDV   42    0  0.1563E-11  0.0000E+00
CALSDV   43    0  0.1620E-11  0.0000E+00
CALSDV   44    0  0.1681E-11  0.0000E+00
CALSDV   45    0  0.1746E-11  0.0000E+00
CALSDV   46    0  0.1816E-11  0.0000E+00
CALSDV   47    0  0.1888E-11  0.0000E+00
CALSDV   48    0  0.1966E-11  0.0000E+00
CALSDV   49    0  0.2049E-11  0.0000E+00
CALSDV   50    0  0.2137E-11  0.0000E+00
CALSDV   51    0  0.2228E-11  0.0000E+00
CALSDV   52    0  0.2327E-11  0.0000E+00
CALSDV   53    0  0.2430E-11  0.0000E+00
CALSDV   54    0  0.2541E-11  0.0000E+00
CALSDV   55    0  0.2656E-11  0.0000E+00
CALSDV   56    0  0.2781E-11  0.0000E+00
CALSDV   57    0  0.2900E-11  0.0000E+00
CALSDV   58    0  0.3034E-11  0.0000E+00
CALSDV   59    0  0.2853E-11  0.0000E+00
CALSDV   60    0  0.2991E-11  0.0000E+00
CALSDV    1    1  0.0000E+00  0.0000E+00
CALSDV    2    1  0.3243E-10  0.3232E-10
CALSDV    3    1  0.1118E-10  0.1126E-10
CALSDV    4    1  0.5899E-11  0.5956E-11
CALSDV    5    1  0.4055E-11  0.4088E-11
CALSDV    6    1  0.3071E-11  0.3106E-11
CALSDV    7    1  0.2511E-11  0.2532E-11
CALSDV    8    1  0.2122E-11  0.2136E-11
CALSDV    9    1  0.1846E-11  0.1859E-11
CALSDV   10    1  0.1648E-11  0.1661E-11
CALSDV   11    1  0.1512E-11  0.1525E-11
CALSDV   12    1  0.1397E-11  0.1407E-11
CALSDV   13    1  0.1304E-11  0.1314E-11
CALSDV   14    1  0.1240E-11  0.1250E-11
CALSDV   15    1  0.1189E-11  0.1196E-11
CALSDV   16    1  0.1142E-11  0.1151E-11
CALSDV   17    1  0.1107E-11  0.1115E-11
CALSDV   18    1  0.1085E-11  0.1093E-11
CALSDV   19    1  0.1067E-11  0.1075E-11
CALSDV   20    1  0.1050E-11  0.1057E-11
CALSDV   21    1  0.1040E-11  0.1048E-11
CALSDV   22    1  0.1040E-11  0.1047E-11
CALSDV   23    1  0.1038E-11  0.1045E-11
CALSDV   24    1  0.1038E-11  0.1045E-11
CALSDV   25    1  0.1045E-11  0.1052E-11
CALSDV   26    1  0.1055E-11  0.1063E-11
CALSDV   27    1  0.1066E-11  0.1073E-11
CALSDV   28    1  0.1078E-11  0.1086E-11
CALSDV   29    1  0.1097E-11  0.1105E-11
CALSDV   30    1  0.1117E-11  0.1125E-11
CALSDV   31    1  0.1138E-11  0.1146E-11
CALSDV   32    1  0.1162E-11  0.1170E-11
CALSDV   33    1  0.1191E-11  0.1199E-11
CALSDV   34    1  0.1220E-11  0.1229E-11
CALSDV   35    1  0.1252E-11  0.1260E-11
CALSDV   36    1  0.1287E-11  0.1296E-11
CALSDV   37    1  0.1326E-11  0.1335E-11
CALSDV   38    1  0.1366E-11  0.1375E-11
CALSDV   39    1  0.1409E-11  0.1419E-11
CALSDV   40    1  0.1457E-11  0.1467E-11
CALSDV   41    1  0.1507E-11  0.1518E-11
CALSDV   42    1  0.1560E-11  0.1570E-11
CALSDV   43    1  0.1617E-11  0.1628E-11
CALSDV   44    1  0.1679E-11  0.1690E-11
CALSDV   45    1  0.1743E-11  0.1754E-11
CALSDV   46    1  0.1811E-11  0.1823E-11
CALSDV   47    1  0.1885E-11  0.1897E-11
CALSDV   48    1  0.1962E-11  0.1976E-11
CALSDV   49    1  0.2044E-11  0.2058E-11
CALSDV   50    1  0.2132E-11  0.2146E-11
CALSDV   51    1  0.2223E-11  0.2238E-11
CALSDV   52    1  0.2322E-11  0.2338E-11
CALSDV   53    1  0.2423E-11  0.2441E-11
CALSDV   54    1  0.2535E-11  0.2553E-11
CALSDV   55    1  0.2650E-11  0.2668E-11
CALSDV   56    1  0.2773E-11  0.2794E-11
CALSDV   57    1  0.2893E-11  0.2914E-11
CALSDV   58    1  0.3026E-11  0.3047E-11
CALSDV   59    1  0.2850E-11  0.2871E-11
CALSDV   60    1  0.2988E-11  0.3010E-11
CALSDV    2    2  0.3189E-10  0.2735E-10
CALSDV    3    2  0.1642E-10  0.1653E-10
CALSDV    4    2  0.8198E-11  0.8156E-11
CALSDV    5    2  0.5124E-11  0.5117E-11
CALSDV    6    2  0.3786E-11  0.3778E-11
CALSDV    7    2  0.2903E-11  0.2901E-11
CALSDV    8    2  0.2423E-11  0.2418E-11
CALSDV    9    2  0.2066E-11  0.2062E-11
CALSDV   10    2  0.1823E-11  0.1821E-11
CALSDV   11    2  0.1626E-11  0.1625E-11
CALSDV   12    2  0.1497E-11  0.1496E-11
CALSDV   13    2  0.1396E-11  0.1393E-11
CALSDV   14    2  0.1309E-11  0.1308E-11
CALSDV   15    2  0.1243E-11  0.1241E-11
CALSDV   16    2  0.1196E-11  0.1195E-11
CALSDV   17    2  0.1157E-11  0.1157E-11
CALSDV   18    2  0.1124E-11  0.1121E-11
CALSDV   19    2  0.1099E-11  0.1098E-11
CALSDV   20    2  0.1085E-11  0.1084E-11
CALSDV   21    2  0.1074E-11  0.1072E-11
CALSDV   22    2  0.1063E-11  0.1062E-11
CALSDV   23    2  0.1062E-11  0.1060E-11
CALSDV   24    2  0.1065E-11  0.1064E-11
CALSDV   25    2  0.1068E-11  0.1067E-11
CALSDV   26    2  0.1074E-11  0.1072E-11
CALSDV   27    2  0.1085E-11  0.1084E-11
CALSDV   28    2  0.1100E-11  0.1099E-11
CALSDV   29    2  0.1115E-11  0.1113E-11
CALSDV   30    2  0.1133E-11  0.1132E-11
CALSDV   31    2  0.1156E-11  0.1155E-11
CALSDV   32    2  0.1180E-11  0.1179E-11
CALSDV   33    2  0.1206E-11  0.1204E-11
CALSDV   34    2  0.1235E-11  0.1234E-11
CALSDV   35    2  0.1269E-11  0.1267E-11
CALSDV   36    2  0.1303E-11  0.1301E-11
CALSDV   37    2  0.1340E-11  0.1338E-11
CALSDV   38    2  0.1381E-11  0.1379E-11
CALSDV   39    2  0.1425E-11  0.1424E-11
CALSDV   40    2  0.1471E-11  0.1470E-11
CALSDV   41    2  0.1521E-11  0.1520E-11
CALSDV   42    2  0.1575E-11  0.1574E-11
CALSDV   43    2  0.1633E-11  0.1631E-11
CALSDV   44    2  0.1693E-11  0.1691E-11
CALSDV   45    2  0.1758E-11  0.1757E-11
CALSDV   46    2  0.1827E-11  0.1826E-11
CALSDV   47    2  0.1900E-11  0.1899E-11
CALSDV   48    2  0.1978E-11  0.1976E-11
CALSDV   49    2  0.2061E-11  0.2059E-11
CALSDV   50    2  0.2148E-11  0.2147E-11
CALSDV   51    2  0.2240E-11  0.2238E-11
CALSDV   52    2  0.2339E-11  0.2337E-11
CALSDV   53    2  0.2443E-11  0.2441E-11
CALSDV   54    2  0.2554E-11  0.2551E-11
CALSDV   55    2  0.2670E-11  0.2668E-11
CALSDV   56    2  0.2794E-11  0.2791E-11
CALSDV   57    2  0.2916E-11  0.2914E-11
CALSDV   58    2  0.3052E-11  0.3046E-11
CALSDV   59    2  0.2901E-11  0.2895E-11
CALSDV   60    2  0.3039E-11  0.3032E-11
CALSDV    3    3  0.3541E-10  0.3552E-10
CALSDV    4    3  0.1481E-10  0.1478E-10
CALSDV    5    3  0.1048E-10  0.1046E-10
CALSDV    6    3  0.5409E-11  0.5384E-11
CALSDV    7    3  0.5143E-11  0.5131E-11
CALSDV    8    3  0.3152E-11  0.3125E-11
CALSDV    9    3  0.3150E-11  0.3142E-11
CALSDV   10    3  0.2217E-11  0.2204E-11
CALSDV   11    3  0.2248E-11  0.2243E-11
CALSDV   12    3  0.1746E-11  0.1737E-11
CALSDV   13    3  0.1762E-11  0.1757E-11
CALSDV   14    3  0.1481E-11  0.1473E-11
CALSDV   15    3  0.1493E-11  0.1489E-11
CALSDV   16    3  0.1315E-11  0.1308E-11
CALSDV   17    3  0.1322E-11  0.1320E-11
CALSDV   18    3  0.1217E-11  0.1212E-11
CALSDV   19    3  0.1226E-11  0.1223E-11
CALSDV   20    3  0.1152E-11  0.1149E-11
CALSDV   21    3  0.1166E-11  0.1162E-11
CALSDV   22    3  0.1125E-11  0.1122E-11
CALSDV   23    3  0.1137E-11  0.1135E-11
CALSDV   24    3  0.1109E-11  0.1106E-11
CALSDV   25    3  0.1127E-11  0.1124E-11
CALSDV   26    3  0.1117E-11  0.1114E-11
CALSDV   27    3  0.1135E-11  0.1132E-11
CALSDV   28    3  0.1132E-11  0.1130E-11
CALSDV   29    3  0.1158E-11  0.1155E-11
CALSDV   30    3  0.1166E-11  0.1163E-11
CALSDV   31    3  0.1191E-11  0.1189E-11
CALSDV   32    3  0.1206E-11  0.1204E-11
CALSDV   33    3  0.1239E-11  0.1236E-11
CALSDV   34    3  0.1261E-11  0.1258E-11
CALSDV   35    3  0.1296E-11  0.1294E-11
CALSDV   36    3  0.1326E-11  0.1323E-11
CALSDV   37    3  0.1368E-11  0.1365E-11
CALSDV   38    3  0.1403E-11  0.1400E-11
CALSDV   39    3  0.1449E-11  0.1446E-11
CALSDV   40    3  0.1493E-11  0.1490E-11
CALSDV   41    3  0.1545E-11  0.1542E-11
CALSDV   42    3  0.1595E-11  0.1592E-11
CALSDV   43    3  0.1654E-11  0.1651E-11
CALSDV   44    3  0.1713E-11  0.1710E-11
CALSDV   45    3  0.1779E-11  0.1775E-11
CALSDV   46    3  0.1845E-11  0.1842E-11
CALSDV   47    3  0.1920E-11  0.1917E-11
CALSDV   48    3  0.1997E-11  0.1993E-11
CALSDV   49    3  0.2080E-11  0.2076E-11
CALSDV   50    3  0.2166E-11  0.2162E-11
CALSDV   51    3  0.2260E-11  0.2256E-11
CALSDV   52    3  0.2358E-11  0.2354E-11
CALSDV   53    3  0.2463E-11  0.2458E-11
CALSDV   54    3  0.2574E-11  0.2569E-11
CALSDV   55    3  0.2692E-11  0.2687E-11
CALSDV   56    3  0.2814E-11  0.2809E-11
CALSDV   57    3  0.2942E-11  0.2937E-11
CALSDV   58    3  0.3075E-11  0.3071E-11
CALSDV   59    3  0.2976E-11  0.2972E-11
CALSDV   60    3  0.3112E-11  0.3108E-11
CALSDV    4    4  0.1699E-10  0.1709E-10
CALSDV    5    4  0.1563E-10  0.1578E-10
CALSDV    6    4  0.6768E-11  0.6839E-11
CALSDV    7    4  0.5852E-11  0.5904E-11
CALSDV    8    4  0.3840E-11  0.3875E-11
CALSDV    9    4  0.3305E-11  0.3325E-11
CALSDV   10    4  0.2587E-11  0.2603E-11
CALSDV   11    4  0.2304E-11  0.2317E-11
CALSDV   12    4  0.1978E-11  0.1987E-11
CALSDV   13    4  0.1824E-11  0.1831E-11
CALSDV   14    4  0.1629E-11  0.1639E-11
CALSDV   15    4  0.1543E-11  0.1551E-11
CALSDV   16    4  0.1430E-11  0.1437E-11
CALSDV   17    4  0.1379E-11  0.1386E-11
CALSDV   18    4  0.1300E-11  0.1307E-11
CALSDV   19    4  0.1273E-11  0.1279E-11
CALSDV   20    4  0.1229E-11  0.1235E-11
CALSDV   21    4  0.1212E-11  0.1219E-11
CALSDV   22    4  0.1179E-11  0.1185E-11
CALSDV   23    4  0.1179E-11  0.1184E-11
CALSDV   24    4  0.1162E-11  0.1169E-11
CALSDV   25    4  0.1166E-11  0.1171E-11
CALSDV   26    4  0.1158E-11  0.1164E-11
CALSDV   27    4  0.1171E-11  0.1177E-11
CALSDV   28    4  0.1175E-11  0.1180E-11
CALSDV   29    4  0.1189E-11  0.1196E-11
CALSDV   30    4  0.1199E-11  0.1205E-11
CALSDV   31    4  0.1223E-11  0.1230E-11
CALSDV   32    4  0.1239E-11  0.1246E-11
CALSDV   33    4  0.1265E-11  0.1273E-11
CALSDV   34    4  0.1290E-11  0.1297E-11
CALSDV   35    4  0.1323E-11  0.1331E-11
CALSDV   36    4  0.1353E-11  0.1361E-11
CALSDV   37    4  0.1391E-11  0.1399E-11
CALSDV   38    4  0.1428E-11  0.1436E-11
CALSDV   39    4  0.1472E-11  0.1481E-11
CALSDV   40    4  0.1514E-11  0.1523E-11
CALSDV   41    4  0.1565E-11  0.1575E-11
CALSDV   42    4  0.1617E-11  0.1626E-11
CALSDV   43    4  0.1674E-11  0.1684E-11
CALSDV   44    4  0.1731E-11  0.1742E-11
CALSDV   45    4  0.1798E-11  0.1808E-11
CALSDV   46    4  0.1864E-11  0.1875E-11
CALSDV   47    4  0.1937E-11  0.1949E-11
CALSDV   48    4  0.2013E-11  0.2025E-11
CALSDV   49    4  0.2096E-11  0.2108E-11
CALSDV   50    4  0.2182E-11  0.2196E-11
CALSDV   51    4  0.2275E-11  0.2289E-11
CALSDV   52    4  0.2373E-11  0.2387E-11
CALSDV   53    4  0.2478E-11  0.2493E-11
CALSDV   54    4  0.2588E-11  0.2603E-11
CALSDV   55    4  0.2706E-11  0.2723E-11
CALSDV   56    4  0.2829E-11  0.2845E-11
CALSDV   57    4  0.2959E-11  0.2977E-11
CALSDV   58    4  0.3094E-11  0.3114E-11
CALSDV   59    4  0.3042E-11  0.3056E-11
CALSDV   60    4  0.3180E-11  0.3196E-11
CALSDV    5    5  0.2528E-10  0.2538E-10
CALSDV    6    5  0.1215E-10  0.1217E-10
CALSDV    7    5  0.7794E-11  0.7805E-11
CALSDV    8    5  0.4891E-11  0.4910E-11
CALSDV    9    5  0.4701E-11  0.4694E-11
CALSDV   10    5  0.3102E-11  0.3103E-11
CALSDV   11    5  0.3267E-11  0.3262E-11
CALSDV   12    5  0.2345E-11  0.2341E-11
CALSDV   13    5  0.2480E-11  0.2479E-11
CALSDV   14    5  0.1945E-11  0.1944E-11
CALSDV   15    5  0.2015E-11  0.2011E-11
CALSDV   16    5  0.1685E-11  0.1683E-11
CALSDV   17    5  0.1722E-11  0.1720E-11
CALSDV   18    5  0.1523E-11  0.1519E-11
CALSDV   19    5  0.1536E-11  0.1532E-11
CALSDV   20    5  0.1403E-11  0.1401E-11
CALSDV   21    5  0.1417E-11  0.1415E-11
CALSDV   22    5  0.1334E-11  0.1332E-11
CALSDV   23    5  0.1341E-11  0.1339E-11
CALSDV   24    5  0.1290E-11  0.1286E-11
CALSDV   25    5  0.1299E-11  0.1297E-11
CALSDV   26    5  0.1273E-11  0.1270E-11
CALSDV   27    5  0.1282E-11  0.1279E-11
CALSDV   28    5  0.1270E-11  0.1267E-11
CALSDV   29    5  0.1288E-11  0.1284E-11
CALSDV   30    5  0.1286E-11  0.1283E-11
CALSDV   31    5  0.1305E-11  0.1301E-11
CALSDV   32    5  0.1316E-11  0.1313E-11
CALSDV   33    5  0.1341E-11  0.1337E-11
CALSDV   34    5  0.1360E-11  0.1356E-11
CALSDV   35    5  0.1389E-11  0.1385E-11
CALSDV   36    5  0.1416E-11  0.1413E-11
CALSDV   37    5  0.1452E-11  0.1449E-11
CALSDV   38    5  0.1486E-11  0.1482E-11
CALSDV   39    5  0.1527E-11  0.1523E-11
CALSDV   40    5  0.1571E-11  0.1567E-11
CALSDV   41    5  0.1618E-11  0.1613E-11
CALSDV   42    5  0.1668E-11  0.1663E-11
CALSDV   43    5  0.1723E-11  0.1718E-11
CALSDV   44    5  0.1782E-11  0.1778E-11
CALSDV   45    5  0.1844E-11  0.1839E-11
CALSDV   46    5  0.1911E-11  0.1906E-11
CALSDV   47    5  0.1982E-11  0.1977E-11
CALSDV   48    5  0.2059E-11  0.2054E-11
CALSDV   49    5  0.2139E-11  0.2134E-11
CALSDV   50    5  0.2227E-11  0.2221E-11
CALSDV   51    5  0.2319E-11  0.2313E-11
CALSDV   52    5  0.2417E-11  0.2411E-11
CALSDV   53    5  0.2520E-11  0.2514E-11
CALSDV   54    5  0.2632E-11  0.2626E-11
CALSDV   55    5  0.2749E-11  0.2742E-11
CALSDV   56    5  0.2873E-11  0.2866E-11
CALSDV   57    5  0.3005E-11  0.2997E-11
CALSDV   58    5  0.3144E-11  0.3135E-11
CALSDV   59    5  0.3125E-11  0.3117E-11
CALSDV   60    5  0.3268E-11  0.3260E-11
CALSDV    6    6  0.1312E-10  0.1278E-10
CALSDV    7    6  0.1438E-10  0.1432E-10
CALSDV    8    6  0.6634E-11  0.6538E-11
CALSDV    9    6  0.6747E-11  0.6699E-11
CALSDV   10    6  0.4315E-11  0.4260E-11
CALSDV   11    6  0.4077E-11  0.4050E-11
CALSDV   12    6  0.3030E-11  0.2991E-11
CALSDV   13    6  0.2883E-11  0.2863E-11
CALSDV   14    6  0.2308E-11  0.2278E-11
CALSDV   15    6  0.2264E-11  0.2250E-11
CALSDV   16    6  0.1907E-11  0.1885E-11
CALSDV   17    6  0.1901E-11  0.1891E-11
CALSDV   18    6  0.1657E-11  0.1643E-11
CALSDV   19    6  0.1681E-11  0.1674E-11
CALSDV   20    6  0.1508E-11  0.1496E-11
CALSDV   21    6  0.1536E-11  0.1529E-11
CALSDV   22    6  0.1416E-11  0.1404E-11
CALSDV   23    6  0.1448E-11  0.1443E-11
CALSDV   24    6  0.1364E-11  0.1354E-11
CALSDV   25    6  0.1393E-11  0.1387E-11
CALSDV   26    6  0.1333E-11  0.1324E-11
CALSDV   27    6  0.1370E-11  0.1364E-11
CALSDV   28    6  0.1330E-11  0.1322E-11
CALSDV   29    6  0.1363E-11  0.1357E-11
CALSDV   30    6  0.1343E-11  0.1335E-11
CALSDV   31    6  0.1379E-11  0.1373E-11
CALSDV   32    6  0.1371E-11  0.1363E-11
CALSDV   33    6  0.1407E-11  0.1400E-11
CALSDV   34    6  0.1411E-11  0.1404E-11
CALSDV   35    6  0.1453E-11  0.1447E-11
CALSDV   36    6  0.1466E-11  0.1459E-11
CALSDV   37    6  0.1511E-11  0.1504E-11
CALSDV   38    6  0.1537E-11  0.1529E-11
CALSDV   39    6  0.1585E-11  0.1577E-11
CALSDV   40    6  0.1617E-11  0.1609E-11
CALSDV   41    6  0.1672E-11  0.1664E-11
CALSDV   42    6  0.1714E-11  0.1706E-11
CALSDV   43    6  0.1775E-11  0.1766E-11
CALSDV   44    6  0.1827E-11  0.1817E-11
CALSDV   45    6  0.1894E-11  0.1885E-11
CALSDV   46    6  0.1957E-11  0.1947E-11
CALSDV   47    6  0.2030E-11  0.2019E-11
CALSDV   48    6  0.2102E-11  0.2091E-11
CALSDV   49    6  0.2186E-11  0.2174E-11
CALSDV   50    6  0.2269E-11  0.2257E-11
CALSDV   51    6  0.2364E-11  0.2351E-11
CALSDV   52    6  0.2460E-11  0.2446E-11
CALSDV   53    6  0.2565E-11  0.2552E-11
CALSDV   54    6  0.2674E-11  0.2659E-11
CALSDV   55    6  0.2793E-11  0.2777E-11
CALSDV   56    6  0.2914E-11  0.2898E-11
CALSDV   57    6  0.3051E-11  0.3033E-11
CALSDV   58    6  0.3189E-11  0.3170E-11
CALSDV   59    6  0.3209E-11  0.3194E-11
CALSDV   60    6  0.3350E-11  0.3334E-11
CALSDV    7    7  0.1755E-10  0.1745E-10
CALSDV    8    7  0.1165E-10  0.1164E-10
CALSDV    9    7  0.7002E-11  0.7006E-11
CALSDV   10    7  0.4936E-11  0.4919E-11
CALSDV   11    7  0.4407E-11  0.4410E-11
CALSDV   12    7  0.3085E-11  0.3079E-11
CALSDV   13    7  0.3104E-11  0.3113E-11
CALSDV   14    7  0.2448E-11  0.2451E-11
CALSDV   15    7  0.2387E-11  0.2399E-11
CALSDV   16    7  0.2124E-11  0.2128E-11
CALSDV   17    7  0.1995E-11  0.2004E-11
CALSDV   18    7  0.1918E-11  0.1924E-11
CALSDV   19    7  0.1751E-11  0.1758E-11
CALSDV   20    7  0.1771E-11  0.1777E-11
CALSDV   21    7  0.1601E-11  0.1609E-11
CALSDV   22    7  0.1663E-11  0.1668E-11
CALSDV   23    7  0.1510E-11  0.1517E-11
CALSDV   24    7  0.1580E-11  0.1587E-11
CALSDV   25    7  0.1462E-11  0.1469E-11
CALSDV   26    7  0.1531E-11  0.1536E-11
CALSDV   27    7  0.1429E-11  0.1434E-11
CALSDV   28    7  0.1505E-11  0.1509E-11
CALSDV   29    7  0.1425E-11  0.1430E-11
CALSDV   30    7  0.1496E-11  0.1501E-11
CALSDV   31    7  0.1435E-11  0.1444E-11
CALSDV   32    7  0.1505E-11  0.1510E-11
CALSDV   33    7  0.1466E-11  0.1474E-11
CALSDV   34    7  0.1530E-11  0.1535E-11
CALSDV   35    7  0.1506E-11  0.1512E-11
CALSDV   36    7  0.1574E-11  0.1579E-11
CALSDV   37    7  0.1563E-11  0.1570E-11
CALSDV   38    7  0.1630E-11  0.1636E-11
CALSDV   39    7  0.1634E-11  0.1641E-11
CALSDV   40    7  0.1702E-11  0.1708E-11
CALSDV   41    7  0.1719E-11  0.1726E-11
CALSDV   42    7  0.1789E-11  0.1796E-11
CALSDV   43    7  0.1819E-11  0.1827E-11
CALSDV   44    7  0.1895E-11  0.1903E-11
CALSDV   45    7  0.1935E-11  0.1942E-11
CALSDV   46    7  0.2016E-11  0.2024E-11
CALSDV   47    7  0.2069E-11  0.2077E-11
CALSDV   48    7  0.2155E-11  0.2164E-11
CALSDV   49    7  0.2221E-11  0.2230E-11
CALSDV   50    7  0.2317E-11  0.2326E-11
CALSDV   51    7  0.2396E-11  0.2406E-11
CALSDV   52    7  0.2502E-11  0.2513E-11
CALSDV   53    7  0.2594E-11  0.2605E-11
CALSDV   54    7  0.2712E-11  0.2723E-11
CALSDV   55    7  0.2819E-11  0.2831E-11
CALSDV   56    7  0.2947E-11  0.2960E-11
CALSDV   57    7  0.3075E-11  0.3088E-11
CALSDV   58    7  0.3220E-11  0.3234E-11
CALSDV   59    7  0.3261E-11  0.3275E-11
CALSDV   60    7  0.3415E-11  0.3427E-11
CALSDV    8    8  0.1061E-10  0.1030E-10
CALSDV    9    8  0.1059E-10  0.1036E-10
CALSDV   10    8  0.6465E-11  0.6479E-11
CALSDV   11    8  0.5597E-11  0.5453E-11
CALSDV   12    8  0.4750E-11  0.4727E-11
CALSDV   13    8  0.3959E-11  0.3882E-11
CALSDV   14    8  0.3493E-11  0.3466E-11
CALSDV   15    8  0.3154E-11  0.3114E-11
CALSDV   16    8  0.2703E-11  0.2673E-11
CALSDV   17    8  0.2633E-11  0.2619E-11
CALSDV   18    8  0.2234E-11  0.2211E-11
CALSDV   19    8  0.2296E-11  0.2288E-11
CALSDV   20    8  0.1949E-11  0.1929E-11
CALSDV   21    8  0.2058E-11  0.2055E-11
CALSDV   22    8  0.1770E-11  0.1754E-11
CALSDV   23    8  0.1894E-11  0.1893E-11
CALSDV   24    8  0.1663E-11  0.1651E-11
CALSDV   25    8  0.1773E-11  0.1773E-11
CALSDV   26    8  0.1604E-11  0.1594E-11
CALSDV   27    8  0.1698E-11  0.1701E-11
CALSDV   28    8  0.1568E-11  0.1560E-11
CALSDV   29    8  0.1653E-11  0.1654E-11
CALSDV   30    8  0.1558E-11  0.1553E-11
CALSDV   31    8  0.1633E-11  0.1637E-11
CALSDV   32    8  0.1568E-11  0.1565E-11
CALSDV   33    8  0.1635E-11  0.1638E-11
CALSDV   34    8  0.1598E-11  0.1596E-11
CALSDV   35    8  0.1658E-11  0.1662E-11
CALSDV   36    8  0.1639E-11  0.1638E-11
CALSDV   37    8  0.1697E-11  0.1701E-11
CALSDV   38    8  0.1697E-11  0.1697E-11
CALSDV   39    8  0.1753E-11  0.1758E-11
CALSDV   40    8  0.1768E-11  0.1769E-11
CALSDV   41    8  0.1828E-11  0.1832E-11
CALSDV   42    8  0.1858E-11  0.1859E-11
CALSDV   43    8  0.1919E-11  0.1924E-11
CALSDV   44    8  0.1960E-11  0.1963E-11
CALSDV   45    8  0.2026E-11  0.2032E-11
CALSDV   46    8  0.2081E-11  0.2085E-11
CALSDV   47    8  0.2151E-11  0.2157E-11
CALSDV   48    8  0.2219E-11  0.2224E-11
CALSDV   49    8  0.2298E-11  0.2305E-11
CALSDV   50    8  0.2379E-11  0.2385E-11
CALSDV   51    8  0.2468E-11  0.2476E-11
CALSDV   52    8  0.2562E-11  0.2569E-11
CALSDV   53    8  0.2660E-11  0.2669E-11
CALSDV   54    8  0.2767E-11  0.2776E-11
CALSDV   55    8  0.2880E-11  0.2890E-11
CALSDV   56    8  0.3001E-11  0.3012E-11
CALSDV   57    8  0.3133E-11  0.3146E-11
CALSDV   58    8  0.3274E-11  0.3286E-11
CALSDV   59    8  0.3354E-11  0.3366E-11
CALSDV   60    8  0.3503E-11  0.3516E-11
CALSDV    9    9  0.1227E-10  0.1229E-10
CALSDV   10    9  0.1082E-10  0.1086E-10
CALSDV   11    9  0.6717E-11  0.6713E-11
CALSDV   12    9  0.5057E-11  0.5074E-11
CALSDV   13    9  0.4623E-11  0.4637E-11
CALSDV   14    9  0.3244E-11  0.3245E-11
CALSDV   15    9  0.3268E-11  0.3276E-11
CALSDV   16    9  0.2636E-11  0.2636E-11
CALSDV   17    9  0.2479E-11  0.2488E-11
CALSDV   18    9  0.2321E-11  0.2322E-11
CALSDV   19    9  0.2054E-11  0.2060E-11
CALSDV   20    9  0.2130E-11  0.2133E-11
CALSDV   21    9  0.1833E-11  0.1839E-11
CALSDV   22    9  0.1989E-11  0.1992E-11
CALSDV   23    9  0.1707E-11  0.1709E-11
CALSDV   24    9  0.1890E-11  0.1893E-11
CALSDV   25    9  0.1649E-11  0.1650E-11
CALSDV   26    9  0.1811E-11  0.1814E-11
CALSDV   27    9  0.1623E-11  0.1625E-11
CALSDV   28    9  0.1762E-11  0.1766E-11
CALSDV   29    9  0.1618E-11  0.1619E-11
CALSDV   30    9  0.1733E-11  0.1736E-11
CALSDV   31    9  0.1623E-11  0.1625E-11
CALSDV   32    9  0.1726E-11  0.1730E-11
CALSDV   33    9  0.1650E-11  0.1652E-11
CALSDV   34    9  0.1736E-11  0.1740E-11
CALSDV   35    9  0.1690E-11  0.1692E-11
CALSDV   36    9  0.1767E-11  0.1770E-11
CALSDV   37    9  0.1742E-11  0.1743E-11
CALSDV   38    9  0.1810E-11  0.1814E-11
CALSDV   39    9  0.1805E-11  0.1806E-11
CALSDV   40    9  0.1871E-11  0.1875E-11
CALSDV   41    9  0.1883E-11  0.1885E-11
CALSDV   42    9  0.1950E-11  0.1953E-11
CALSDV   43    9  0.1980E-11  0.1982E-11
CALSDV   44    9  0.2048E-11  0.2052E-11
CALSDV   45    9  0.2087E-11  0.2089E-11
CALSDV   46    9  0.2161E-11  0.2163E-11
CALSDV   47    9  0.2213E-11  0.2215E-11
CALSDV   48    9  0.2293E-11  0.2295E-11
CALSDV   49    9  0.2359E-11  0.2361E-11
CALSDV   50    9  0.2448E-11  0.2450E-11
CALSDV   51    9  0.2529E-11  0.2530E-11
CALSDV   52    9  0.2627E-11  0.2629E-11
CALSDV   53    9  0.2718E-11  0.2721E-11
CALSDV   54    9  0.2828E-11  0.2831E-11
CALSDV   55    9  0.2935E-11  0.2937E-11
CALSDV   56    9  0.3059E-11  0.3061E-11
CALSDV   57    9  0.3189E-11  0.3190E-11
CALSDV   58    9  0.3329E-11  0.3332E-11
CALSDV   59    9  0.3430E-11  0.3431E-11
CALSDV   60    9  0.3579E-11  0.3581E-11
CALSDV   10   10  0.9521E-11  0.9630E-11
CALSDV   11   10  0.8888E-11  0.8838E-11
CALSDV   12   10  0.6164E-11  0.6214E-11
CALSDV   13   10  0.4523E-11  0.4508E-11
CALSDV   14   10  0.4887E-11  0.4886E-11
CALSDV   15   10  0.3536E-11  0.3553E-11
CALSDV   16   10  0.3735E-11  0.3736E-11
CALSDV   17   10  0.3172E-11  0.3183E-11
CALSDV   18   10  0.2977E-11  0.2972E-11
CALSDV   19   10  0.2862E-11  0.2870E-11
CALSDV   20   10  0.2510E-11  0.2504E-11
CALSDV   21   10  0.2607E-11  0.2613E-11
CALSDV   22   10  0.2237E-11  0.2236E-11
CALSDV   23   10  0.2402E-11  0.2409E-11
CALSDV   24   10  0.2060E-11  0.2062E-11
CALSDV   25   10  0.2245E-11  0.2252E-11
CALSDV   26   10  0.1960E-11  0.1965E-11
CALSDV   27   10  0.2123E-11  0.2130E-11
CALSDV   28   10  0.1902E-11  0.1908E-11
CALSDV   29   10  0.2036E-11  0.2043E-11
CALSDV   30   10  0.1876E-11  0.1881E-11
CALSDV   31   10  0.1981E-11  0.1988E-11
CALSDV   32   10  0.1862E-11  0.1869E-11
CALSDV   33   10  0.1951E-11  0.1958E-11
CALSDV   34   10  0.1873E-11  0.1880E-11
CALSDV   35   10  0.1945E-11  0.1953E-11
CALSDV   36   10  0.1902E-11  0.1909E-11
CALSDV   37   10  0.1962E-11  0.1971E-11
CALSDV   38   10  0.1946E-11  0.1955E-11
CALSDV   39   10  0.1996E-11  0.2005E-11
CALSDV   40   10  0.2001E-11  0.2010E-11
CALSDV   41   10  0.2050E-11  0.2060E-11
CALSDV   42   10  0.2076E-11  0.2085E-11
CALSDV   43   10  0.2125E-11  0.2135E-11
CALSDV   44   10  0.2168E-11  0.2180E-11
CALSDV   45   10  0.2218E-11  0.2231E-11
CALSDV   46   10  0.2275E-11  0.2287E-11
CALSDV   47   10  0.2327E-11  0.2340E-11
CALSDV   48   10  0.2398E-11  0.2413E-11
CALSDV   49   10  0.2460E-11  0.2475E-11
CALSDV   50   10  0.2546E-11  0.2560E-11
CALSDV   51   10  0.2618E-11  0.2634E-11
CALSDV   52   10  0.2718E-11  0.2736E-11
CALSDV   53   10  0.2798E-11  0.2817E-11
CALSDV   54   10  0.2911E-11  0.2929E-11
CALSDV   55   10  0.3004E-11  0.3024E-11
CALSDV   56   10  0.3131E-11  0.3152E-11
CALSDV   57   10  0.3250E-11  0.3270E-11
CALSDV   58   10  0.3397E-11  0.3417E-11
CALSDV   59   10  0.3514E-11  0.3535E-11
CALSDV   60   10  0.3677E-11  0.3698E-11
CALSDV   11   11  0.8965E-11  0.9087E-11
CALSDV   12   11  0.9672E-11  0.9642E-11
CALSDV   13   11  0.6447E-11  0.6457E-11
CALSDV   14   11  0.5005E-11  0.4987E-11
CALSDV   15   11  0.4931E-11  0.4934E-11
CALSDV   16   11  0.3498E-11  0.3489E-11
CALSDV   17   11  0.3564E-11  0.3569E-11
CALSDV   18   11  0.2918E-11  0.2920E-11
CALSDV   19   11  0.2699E-11  0.2703E-11
CALSDV   20   11  0.2568E-11  0.2569E-11
CALSDV   21   11  0.2206E-11  0.2211E-11
CALSDV   22   11  0.2326E-11  0.2326E-11
CALSDV   23   11  0.1978E-11  0.1982E-11
CALSDV   24   11  0.2163E-11  0.2164E-11
CALSDV   25   11  0.1870E-11  0.1871E-11
CALSDV   26   11  0.2044E-11  0.2045E-11
CALSDV   27   11  0.1834E-11  0.1840E-11
CALSDV   28   11  0.1969E-11  0.1972E-11
CALSDV   29   11  0.1836E-11  0.1838E-11
CALSDV   30   11  0.1924E-11  0.1926E-11
CALSDV   31   11  0.1854E-11  0.1857E-11
CALSDV   32   11  0.1909E-11  0.1912E-11
CALSDV   33   11  0.1880E-11  0.1882E-11
CALSDV   34   11  0.1908E-11  0.1911E-11
CALSDV   35   11  0.1921E-11  0.1923E-11
CALSDV   36   11  0.1933E-11  0.1935E-11
CALSDV   37   11  0.1970E-11  0.1971E-11
CALSDV   38   11  0.1978E-11  0.1980E-11
CALSDV   39   11  0.2030E-11  0.2034E-11
CALSDV   40   11  0.2037E-11  0.2041E-11
CALSDV   41   11  0.2103E-11  0.2105E-11
CALSDV   42   11  0.2110E-11  0.2113E-11
CALSDV   43   11  0.2191E-11  0.2194E-11
CALSDV   44   11  0.2204E-11  0.2207E-11
CALSDV   45   11  0.2289E-11  0.2293E-11
CALSDV   46   11  0.2316E-11  0.2321E-11
CALSDV   47   11  0.2405E-11  0.2409E-11
CALSDV   48   11  0.2444E-11  0.2448E-11
CALSDV   49   11  0.2541E-11  0.2543E-11
CALSDV   50   11  0.2594E-11  0.2596E-11
CALSDV   51   11  0.2698E-11  0.2701E-11
CALSDV   52   11  0.2766E-11  0.2770E-11
CALSDV   53   11  0.2875E-11  0.2878E-11
CALSDV   54   11  0.2962E-11  0.2967E-11
CALSDV   55   11  0.3078E-11  0.3082E-11
CALSDV   56   11  0.3184E-11  0.3189E-11
CALSDV   57   11  0.3320E-11  0.3324E-11
CALSDV   58   11  0.3447E-11  0.3452E-11
CALSDV   59   11  0.3598E-11  0.3603E-11
CALSDV   60   11  0.3734E-11  0.3740E-11
CALSDV   12   12  0.8674E-11  0.8677E-11
CALSDV   13   12  0.8635E-11  0.8585E-11
CALSDV   14   12  0.6017E-11  0.6003E-11
CALSDV   15   12  0.4290E-11  0.4266E-11
CALSDV   16   12  0.4855E-11  0.4849E-11
CALSDV   17   12  0.3383E-11  0.3382E-11
CALSDV   18   12  0.3714E-11  0.3710E-11
CALSDV   19   12  0.3169E-11  0.3175E-11
CALSDV   20   12  0.2993E-11  0.2992E-11
CALSDV   21   12  0.2968E-11  0.2978E-11
CALSDV   22   12  0.2583E-11  0.2584E-11
CALSDV   23   12  0.2760E-11  0.2770E-11
CALSDV   24   12  0.2382E-11  0.2382E-11
CALSDV   25   12  0.2591E-11  0.2601E-11
CALSDV   26   12  0.2276E-11  0.2277E-11
CALSDV   27   12  0.2449E-11  0.2460E-11
CALSDV   28   12  0.2225E-11  0.2225E-11
CALSDV   29   12  0.2347E-11  0.2356E-11
CALSDV   30   12  0.2208E-11  0.2208E-11
CALSDV   31   12  0.2270E-11  0.2280E-11
CALSDV   32   12  0.2204E-11  0.2205E-11
CALSDV   33   12  0.2230E-11  0.2238E-11
CALSDV   34   12  0.2213E-11  0.2213E-11
CALSDV   35   12  0.2208E-11  0.2215E-11
CALSDV   36   12  0.2235E-11  0.2233E-11
CALSDV   37   12  0.2213E-11  0.2217E-11
CALSDV   38   12  0.2271E-11  0.2266E-11
CALSDV   39   12  0.2238E-11  0.2240E-11
CALSDV   40   12  0.2318E-11  0.2313E-11
CALSDV   41   12  0.2287E-11  0.2288E-11
CALSDV   42   12  0.2379E-11  0.2375E-11
CALSDV   43   12  0.2349E-11  0.2348E-11
CALSDV   44   12  0.2457E-11  0.2452E-11
CALSDV   45   12  0.2430E-11  0.2430E-11
CALSDV   46   12  0.2547E-11  0.2542E-11
CALSDV   47   12  0.2534E-11  0.2533E-11
CALSDV   48   12  0.2656E-11  0.2652E-11
CALSDV   49   12  0.2659E-11  0.2657E-11
CALSDV   50   12  0.2786E-11  0.2781E-11
CALSDV   51   12  0.2804E-11  0.2801E-11
CALSDV   52   12  0.2940E-11  0.2936E-11
CALSDV   53   12  0.2970E-11  0.2966E-11
CALSDV   54   12  0.3114E-11  0.3108E-11
CALSDV   55   12  0.3166E-11  0.3161E-11
CALSDV   56   12  0.3318E-11  0.3311E-11
CALSDV   57   12  0.3400E-11  0.3394E-11
CALSDV   58   12  0.3566E-11  0.3559E-11
CALSDV   59   12  0.3689E-11  0.3683E-11
CALSDV   60   12  0.3876E-11  0.3869E-11
CALSDV   13   13  0.7502E-11  0.7490E-11
CALSDV   14   13  0.8502E-11  0.8491E-11
CALSDV   15   13  0.6275E-11  0.6267E-11
CALSDV   16   13  0.4644E-11  0.4653E-11
CALSDV   17   13  0.5185E-11  0.5174E-11
CALSDV   18   13  0.3631E-11  0.3630E-11
CALSDV   19   13  0.3852E-11  0.3847E-11
CALSDV   20   13  0.3194E-11  0.3200E-11
CALSDV   21   13  0.2940E-11  0.2940E-11
CALSDV   22   13  0.2848E-11  0.2855E-11
CALSDV   23   13  0.2404E-11  0.2405E-11
CALSDV   24   13  0.2549E-11  0.2556E-11
CALSDV   25   13  0.2149E-11  0.2153E-11
CALSDV   26   13  0.2343E-11  0.2348E-11
CALSDV   27   13  0.2061E-11  0.2065E-11
CALSDV   28   13  0.2194E-11  0.2199E-11
CALSDV   29   13  0.2047E-11  0.2049E-11
CALSDV   30   13  0.2109E-11  0.2110E-11
CALSDV   31   13  0.2076E-11  0.2080E-11
CALSDV   32   13  0.2068E-11  0.2069E-11
CALSDV   33   13  0.2114E-11  0.2115E-11
CALSDV   34   13  0.2069E-11  0.2071E-11
CALSDV   35   13  0.2162E-11  0.2164E-11
CALSDV   36   13  0.2089E-11  0.2089E-11
CALSDV   37   13  0.2216E-11  0.2218E-11
CALSDV   38   13  0.2129E-11  0.2131E-11
CALSDV   39   13  0.2278E-11  0.2280E-11
CALSDV   40   13  0.2195E-11  0.2197E-11
CALSDV   41   13  0.2349E-11  0.2351E-11
CALSDV   42   13  0.2283E-11  0.2284E-11
CALSDV   43   13  0.2432E-11  0.2434E-11
CALSDV   44   13  0.2377E-11  0.2377E-11
CALSDV   45   13  0.2524E-11  0.2525E-11
CALSDV   46   13  0.2487E-11  0.2487E-11
CALSDV   47   13  0.2631E-11  0.2632E-11
CALSDV   48   13  0.2618E-11  0.2618E-11
CALSDV   49   13  0.2756E-11  0.2757E-11
CALSDV   50   13  0.2770E-11  0.2770E-11
CALSDV   51   13  0.2900E-11  0.2900E-11
CALSDV   52   13  0.2938E-11  0.2938E-11
CALSDV   53   13  0.3062E-11  0.3062E-11
CALSDV   54   13  0.3122E-11  0.3122E-11
CALSDV   55   13  0.3247E-11  0.3247E-11
CALSDV   56   13  0.3337E-11  0.3337E-11
CALSDV   57   13  0.3473E-11  0.3473E-11
CALSDV   58   13  0.3592E-11  0.3592E-11
CALSDV   59   13  0.3770E-11  0.3771E-11
CALSDV   60   13  0.3902E-11  0.3903E-11
CALSDV   14   14  0.6879E-11  0.6954E-11
CALSDV   15   14  0.8684E-11  0.8780E-11
CALSDV   16   14  0.6049E-11  0.6034E-11
CALSDV   17   14  0.4436E-11  0.4466E-11
CALSDV   18   14  0.5023E-11  0.5031E-11
CALSDV   19   14  0.3496E-11  0.3496E-11
CALSDV   20   14  0.3768E-11  0.3773E-11
CALSDV   21   14  0.3292E-11  0.3290E-11
CALSDV   22   14  0.2965E-11  0.2975E-11
CALSDV   23   14  0.3124E-11  0.3120E-11
CALSDV   24   14  0.2560E-11  0.2568E-11
CALSDV   25   14  0.2920E-11  0.2916E-11
CALSDV   26   14  0.2408E-11  0.2411E-11
CALSDV   27   14  0.2751E-11  0.2750E-11
CALSDV   28   14  0.2392E-11  0.2393E-11
CALSDV   29   14  0.2618E-11  0.2620E-11
CALSDV   30   14  0.2413E-11  0.2411E-11
CALSDV   31   14  0.2522E-11  0.2526E-11
CALSDV   32   14  0.2459E-11  0.2457E-11
CALSDV   33   14  0.2464E-11  0.2467E-11
CALSDV   34   14  0.2502E-11  0.2498E-11
CALSDV   35   14  0.2441E-11  0.2446E-11
CALSDV   36   14  0.2547E-11  0.2543E-11
CALSDV   37   14  0.2440E-11  0.2445E-11
CALSDV   38   14  0.2591E-11  0.2589E-11
CALSDV   39   14  0.2458E-11  0.2462E-11
CALSDV   40   14  0.2643E-11  0.2640E-11
CALSDV   41   14  0.2502E-11  0.2507E-11
CALSDV   42   14  0.2701E-11  0.2701E-11
CALSDV   43   14  0.2569E-11  0.2574E-11
CALSDV   44   14  0.2773E-11  0.2772E-11
CALSDV   45   14  0.2647E-11  0.2652E-11
CALSDV   46   14  0.2850E-11  0.2850E-11
CALSDV   47   14  0.2739E-11  0.2744E-11
CALSDV   48   14  0.2944E-11  0.2945E-11
CALSDV   49   14  0.2858E-11  0.2862E-11
CALSDV   50   14  0.3057E-11  0.3058E-11
CALSDV   51   14  0.2998E-11  0.3005E-11
CALSDV   52   14  0.3190E-11  0.3194E-11
CALSDV   53   14  0.3152E-11  0.3157E-11
CALSDV   54   14  0.3338E-11  0.3342E-11
CALSDV   55   14  0.3328E-11  0.3333E-11
CALSDV   56   14  0.3517E-11  0.3519E-11
CALSDV   57   14  0.3546E-11  0.3554E-11
CALSDV   58   14  0.3739E-11  0.3746E-11
CALSDV   59   14  0.3851E-11  0.3857E-11
CALSDV   60   14  0.4061E-11  0.4068E-11
CALSDV   15   15  0.7698E-11  0.7651E-11
CALSDV   16   15  0.8766E-11  0.8555E-11
CALSDV   17   15  0.6255E-11  0.6131E-11
CALSDV   18   15  0.4656E-11  0.4563E-11
CALSDV   19   15  0.5467E-11  0.5421E-11
CALSDV   20   15  0.3672E-11  0.3594E-11
CALSDV   21   15  0.4259E-11  0.4245E-11
CALSDV   22   15  0.3339E-11  0.3291E-11
CALSDV   23   15  0.3390E-11  0.3384E-11
CALSDV   24   15  0.3078E-11  0.3039E-11
CALSDV   25   15  0.2879E-11  0.2876E-11
CALSDV   26   15  0.2808E-11  0.2774E-11
CALSDV   27   15  0.2608E-11  0.2607E-11
CALSDV   28   15  0.2596E-11  0.2562E-11
CALSDV   29   15  0.2510E-11  0.2507E-11
CALSDV   30   15  0.2459E-11  0.2423E-11
CALSDV   31   15  0.2489E-11  0.2479E-11
CALSDV   32   15  0.2378E-11  0.2335E-11
CALSDV   33   15  0.2513E-11  0.2503E-11
CALSDV   34   15  0.2346E-11  0.2303E-11
CALSDV   35   15  0.2547E-11  0.2534E-11
CALSDV   36   15  0.2355E-11  0.2311E-11
CALSDV   37   15  0.2591E-11  0.2571E-11
CALSDV   38   15  0.2392E-11  0.2351E-11
CALSDV   39   15  0.2642E-11  0.2620E-11
CALSDV   40   15  0.2449E-11  0.2405E-11
CALSDV   41   15  0.2706E-11  0.2681E-11
CALSDV   42   15  0.2529E-11  0.2485E-11
CALSDV   43   15  0.2777E-11  0.2746E-11
CALSDV   44   15  0.2630E-11  0.2584E-11
CALSDV   45   15  0.2856E-11  0.2819E-11
CALSDV   46   15  0.2745E-11  0.2695E-11
CALSDV   47   15  0.2948E-11  0.2904E-11
CALSDV   48   15  0.2869E-11  0.2815E-11
CALSDV   49   15  0.3060E-11  0.3011E-11
CALSDV   50   15  0.3015E-11  0.2956E-11
CALSDV   51   15  0.3186E-11  0.3130E-11
CALSDV   52   15  0.3180E-11  0.3119E-11
CALSDV   53   15  0.3326E-11  0.3265E-11
CALSDV   54   15  0.3360E-11  0.3290E-11
CALSDV   55   15  0.3489E-11  0.3422E-11
CALSDV   56   15  0.3557E-11  0.3485E-11
CALSDV   57   15  0.3692E-11  0.3622E-11
CALSDV   58   15  0.3796E-11  0.3721E-11
CALSDV   59   15  0.3997E-11  0.3920E-11
CALSDV   60   15  0.4125E-11  0.4044E-11
CALSDV   16   16  0.6211E-11  0.6195E-11
CALSDV   17   16  0.8444E-11  0.8445E-11
CALSDV   18   16  0.6246E-11  0.6236E-11
CALSDV   19   16  0.4460E-11  0.4440E-11
CALSDV   20   16  0.5397E-11  0.5379E-11
CALSDV   21   16  0.3700E-11  0.3687E-11
CALSDV   22   16  0.4068E-11  0.4052E-11
CALSDV   23   16  0.3530E-11  0.3513E-11
CALSDV   24   16  0.3169E-11  0.3158E-11
CALSDV   25   16  0.3348E-11  0.3335E-11
CALSDV   26   16  0.2745E-11  0.2733E-11
CALSDV   27   16  0.3122E-11  0.3116E-11
CALSDV   28   16  0.2608E-11  0.2597E-11
CALSDV   29   16  0.2925E-11  0.2923E-11
CALSDV   30   16  0.2631E-11  0.2623E-11
CALSDV   31   16  0.2792E-11  0.2795E-11
CALSDV   32   16  0.2701E-11  0.2691E-11
CALSDV   33   16  0.2698E-11  0.2708E-11
CALSDV   34   16  0.2785E-11  0.2779E-11
CALSDV   35   16  0.2661E-11  0.2666E-11
CALSDV   36   16  0.2866E-11  0.2857E-11
CALSDV   37   16  0.2666E-11  0.2665E-11
CALSDV   38   16  0.2932E-11  0.2920E-11
CALSDV   39   16  0.2699E-11  0.2697E-11
CALSDV   40   16  0.2997E-11  0.2983E-11
CALSDV   41   16  0.2744E-11  0.2741E-11
CALSDV   42   16  0.3061E-11  0.3049E-11
CALSDV   43   16  0.2809E-11  0.2806E-11
CALSDV   44   16  0.3129E-11  0.3119E-11
CALSDV   45   16  0.2894E-11  0.2891E-11
CALSDV   46   16  0.3199E-11  0.3187E-11
CALSDV   47   16  0.2998E-11  0.2991E-11
CALSDV   48   16  0.3278E-11  0.3267E-11
CALSDV   49   16  0.3107E-11  0.3100E-11
CALSDV   50   16  0.3377E-11  0.3363E-11
CALSDV   51   16  0.3238E-11  0.3225E-11
CALSDV   52   16  0.3489E-11  0.3473E-11
CALSDV   53   16  0.3381E-11  0.3366E-11
CALSDV   54   16  0.3612E-11  0.3596E-11
CALSDV   55   16  0.3545E-11  0.3530E-11
CALSDV   56   16  0.3760E-11  0.3744E-11
CALSDV   57   16  0.3740E-11  0.3723E-11
CALSDV   58   16  0.3953E-11  0.3934E-11
CALSDV   59   16  0.4043E-11  0.4024E-11
CALSDV   60   16  0.4272E-11  0.4252E-11
CALSDV   17   17  0.5995E-11  0.5976E-11
CALSDV   18   17  0.7476E-11  0.7531E-11
CALSDV   19   17  0.6113E-11  0.6131E-11
CALSDV   20   17  0.4139E-11  0.4167E-11
CALSDV   21   17  0.5410E-11  0.5422E-11
CALSDV   22   17  0.3891E-11  0.3908E-11
CALSDV   23   17  0.4173E-11  0.4179E-11
CALSDV   24   17  0.3753E-11  0.3770E-11
CALSDV   25   17  0.3281E-11  0.3284E-11
CALSDV   26   17  0.3461E-11  0.3479E-11
CALSDV   27   17  0.2809E-11  0.2809E-11
CALSDV   28   17  0.3112E-11  0.3125E-11
CALSDV   29   17  0.2594E-11  0.2594E-11
CALSDV   30   17  0.2803E-11  0.2814E-11
CALSDV   31   17  0.2543E-11  0.2545E-11
CALSDV   32   17  0.2606E-11  0.2615E-11
CALSDV   33   17  0.2573E-11  0.2578E-11
CALSDV   34   17  0.2491E-11  0.2497E-11
CALSDV   35   17  0.2634E-11  0.2641E-11
CALSDV   36   17  0.2455E-11  0.2464E-11
CALSDV   37   17  0.2708E-11  0.2718E-11
CALSDV   38   17  0.2494E-11  0.2499E-11
CALSDV   39   17  0.2780E-11  0.2789E-11
CALSDV   40   17  0.2576E-11  0.2582E-11
CALSDV   41   17  0.2861E-11  0.2871E-11
CALSDV   42   17  0.2673E-11  0.2679E-11
CALSDV   43   17  0.2945E-11  0.2954E-11
CALSDV   44   17  0.2786E-11  0.2790E-11
CALSDV   45   17  0.3034E-11  0.3044E-11
CALSDV   46   17  0.2917E-11  0.2924E-11
CALSDV   47   17  0.3130E-11  0.3140E-11
CALSDV   48   17  0.3064E-11  0.3072E-11
CALSDV   49   17  0.3242E-11  0.3251E-11
CALSDV   50   17  0.3215E-11  0.3223E-11
CALSDV   51   17  0.3363E-11  0.3373E-11
CALSDV   52   17  0.3374E-11  0.3382E-11
CALSDV   53   17  0.3492E-11  0.3504E-11
CALSDV   54   17  0.3541E-11  0.3552E-11
CALSDV   55   17  0.3640E-11  0.3650E-11
CALSDV   56   17  0.3732E-11  0.3741E-11
CALSDV   57   17  0.3822E-11  0.3834E-11
CALSDV   58   17  0.3947E-11  0.3957E-11
CALSDV   59   17  0.4119E-11  0.4129E-11
CALSDV   60   17  0.4270E-11  0.4280E-11
CALSDV   18   18  0.6959E-11  0.6998E-11
CALSDV   19   18  0.7814E-11  0.7809E-11
CALSDV   20   18  0.6653E-11  0.6671E-11
CALSDV   21   18  0.4141E-11  0.4134E-11
CALSDV   22   18  0.5738E-11  0.5743E-11
CALSDV   23   18  0.3798E-11  0.3809E-11
CALSDV   24   18  0.4316E-11  0.4307E-11
CALSDV   25   18  0.3751E-11  0.3749E-11
CALSDV   26   18  0.3359E-11  0.3343E-11
CALSDV   27   18  0.3572E-11  0.3566E-11
CALSDV   28   18  0.2965E-11  0.2952E-11
CALSDV   29   18  0.3338E-11  0.3327E-11
CALSDV   30   18  0.2903E-11  0.2888E-11
CALSDV   31   18  0.3119E-11  0.3108E-11
CALSDV   32   18  0.2983E-11  0.2972E-11
CALSDV   33   18  0.2989E-11  0.2980E-11
CALSDV   34   18  0.3110E-11  0.3102E-11
CALSDV   35   18  0.2922E-11  0.2914E-11
CALSDV   36   18  0.3228E-11  0.3223E-11
CALSDV   37   18  0.2905E-11  0.2901E-11
CALSDV   38   18  0.3331E-11  0.3330E-11
CALSDV   39   18  0.2943E-11  0.2940E-11
CALSDV   40   18  0.3410E-11  0.3408E-11
CALSDV   41   18  0.3017E-11  0.3012E-11
CALSDV   42   18  0.3482E-11  0.3479E-11
CALSDV   43   18  0.3098E-11  0.3096E-11
CALSDV   44   18  0.3543E-11  0.3542E-11
CALSDV   45   18  0.3181E-11  0.3178E-11
CALSDV   46   18  0.3603E-11  0.3602E-11
CALSDV   47   18  0.3283E-11  0.3282E-11
CALSDV   48   18  0.3664E-11  0.3664E-11
CALSDV   49   18  0.3403E-11  0.3402E-11
CALSDV   50   18  0.3740E-11  0.3738E-11
CALSDV   51   18  0.3524E-11  0.3523E-11
CALSDV   52   18  0.3821E-11  0.3820E-11
CALSDV   53   18  0.3642E-11  0.3641E-11
CALSDV   54   18  0.3909E-11  0.3908E-11
CALSDV   55   18  0.3778E-11  0.3776E-11
CALSDV   56   18  0.4021E-11  0.4018E-11
CALSDV   57   18  0.3950E-11  0.3947E-11
CALSDV   58   18  0.4173E-11  0.4169E-11
CALSDV   59   18  0.4238E-11  0.4234E-11
CALSDV   60   18  0.4467E-11  0.4464E-11
CALSDV   19   19  0.5845E-11  0.5887E-11
CALSDV   20   19  0.7410E-11  0.7396E-11
CALSDV   21   19  0.6236E-11  0.6223E-11
CALSDV   22   19  0.4105E-11  0.4109E-11
CALSDV   23   19  0.5513E-11  0.5517E-11
CALSDV   24   19  0.4210E-11  0.4208E-11
CALSDV   25   19  0.4294E-11  0.4308E-11
CALSDV   26   19  0.4239E-11  0.4240E-11
CALSDV   27   19  0.3444E-11  0.3457E-11
CALSDV   28   19  0.3993E-11  0.3989E-11
CALSDV   29   19  0.3031E-11  0.3036E-11
CALSDV   30   19  0.3643E-11  0.3639E-11
CALSDV   31   19  0.2861E-11  0.2868E-11
CALSDV   32   19  0.3301E-11  0.3295E-11
CALSDV   33   19  0.2818E-11  0.2819E-11
CALSDV   34   19  0.3066E-11  0.3058E-11
CALSDV   35   19  0.2857E-11  0.2854E-11
CALSDV   36   19  0.2937E-11  0.2931E-11
CALSDV   37   19  0.2922E-11  0.2918E-11
CALSDV   38   19  0.2890E-11  0.2888E-11
CALSDV   39   19  0.3000E-11  0.2997E-11
CALSDV   40   19  0.2925E-11  0.2918E-11
CALSDV   41   19  0.3082E-11  0.3077E-11
CALSDV   42   19  0.3012E-11  0.3008E-11
CALSDV   43   19  0.3171E-11  0.3170E-11
CALSDV   44   19  0.3127E-11  0.3124E-11
CALSDV   45   19  0.3265E-11  0.3262E-11
CALSDV   46   19  0.3244E-11  0.3242E-11
CALSDV   47   19  0.3368E-11  0.3364E-11
CALSDV   48   19  0.3381E-11  0.3377E-11
CALSDV   49   19  0.3480E-11  0.3475E-11
CALSDV   50   19  0.3533E-11  0.3531E-11
CALSDV   51   19  0.3603E-11  0.3600E-11
CALSDV   52   19  0.3687E-11  0.3686E-11
CALSDV   53   19  0.3726E-11  0.3722E-11
CALSDV   54   19  0.3832E-11  0.3831E-11
CALSDV   55   19  0.3858E-11  0.3857E-11
CALSDV   56   19  0.3991E-11  0.3992E-11
CALSDV   57   19  0.4019E-11  0.4019E-11
CALSDV   58   19  0.4180E-11  0.4180E-11
CALSDV   59   19  0.4301E-11  0.4300E-11
CALSDV   60   19  0.4487E-11  0.4488E-11
CALSDV   20   20  0.6993E-11  0.7051E-11
CALSDV   21   20  0.7686E-11  0.7697E-11
CALSDV   22   20  0.6962E-11  0.6977E-11
CALSDV   23   20  0.4140E-11  0.4138E-11
CALSDV   24   20  0.6064E-11  0.6075E-11
CALSDV   25   20  0.4060E-11  0.4070E-11
CALSDV   26   20  0.4592E-11  0.4599E-11
CALSDV   27   20  0.4059E-11  0.4071E-11
CALSDV   28   20  0.3576E-11  0.3579E-11
CALSDV   29   20  0.3831E-11  0.3841E-11
CALSDV   30   20  0.3168E-11  0.3168E-11
CALSDV   31   20  0.3554E-11  0.3556E-11
CALSDV   32   20  0.3130E-11  0.3130E-11
CALSDV   33   20  0.3307E-11  0.3309E-11
CALSDV   34   20  0.3226E-11  0.3232E-11
CALSDV   35   20  0.3169E-11  0.3172E-11
CALSDV   36   20  0.3376E-11  0.3385E-11
CALSDV   37   20  0.3135E-11  0.3138E-11
CALSDV   38   20  0.3520E-11  0.3528E-11
CALSDV   39   20  0.3153E-11  0.3158E-11
CALSDV   40   20  0.3647E-11  0.3653E-11
CALSDV   41   20  0.3235E-11  0.3239E-11
CALSDV   42   20  0.3748E-11  0.3752E-11
CALSDV   43   20  0.3345E-11  0.3352E-11
CALSDV   44   20  0.3830E-11  0.3836E-11
CALSDV   45   20  0.3469E-11  0.3475E-11
CALSDV   46   20  0.3901E-11  0.3907E-11
CALSDV   47   20  0.3582E-11  0.3588E-11
CALSDV   48   20  0.3967E-11  0.3975E-11
CALSDV   49   20  0.3700E-11  0.3706E-11
CALSDV   50   20  0.4040E-11  0.4047E-11
CALSDV   51   20  0.3825E-11  0.3828E-11
CALSDV   52   20  0.4117E-11  0.4120E-11
CALSDV   53   20  0.3941E-11  0.3943E-11
CALSDV   54   20  0.4189E-11  0.4194E-11
CALSDV   55   20  0.4051E-11  0.4055E-11
CALSDV   56   20  0.4275E-11  0.4278E-11
CALSDV   57   20  0.4179E-11  0.4184E-11
CALSDV   58   20  0.4390E-11  0.4396E-11
CALSDV   59   20  0.4442E-11  0.4445E-11
CALSDV   60   20  0.4657E-11  0.4660E-11
CALSDV   21   21  0.6011E-11  0.5999E-11
CALSDV   22   21  0.7501E-11  0.7495E-11
CALSDV   23   21  0.6381E-11  0.6380E-11
CALSDV   24   21  0.4072E-11  0.4050E-11
CALSDV   25   21  0.5611E-11  0.5601E-11
CALSDV   26   21  0.4452E-11  0.4417E-11
CALSDV   27   21  0.4423E-11  0.4410E-11
CALSDV   28   21  0.4636E-11  0.4600E-11
CALSDV   29   21  0.3644E-11  0.3637E-11
CALSDV   30   21  0.4427E-11  0.4399E-11
CALSDV   31   21  0.3311E-11  0.3310E-11
CALSDV   32   21  0.4091E-11  0.4068E-11
CALSDV   33   21  0.3215E-11  0.3213E-11
CALSDV   34   21  0.3755E-11  0.3733E-11
CALSDV   35   21  0.3183E-11  0.3191E-11
CALSDV   36   21  0.3508E-11  0.3488E-11
CALSDV   37   21  0.3210E-11  0.3225E-11
CALSDV   38   21  0.3388E-11  0.3371E-11
CALSDV   39   21  0.3275E-11  0.3285E-11
CALSDV   40   21  0.3348E-11  0.3332E-11
CALSDV   41   21  0.3350E-11  0.3360E-11
CALSDV   42   21  0.3387E-11  0.3381E-11
CALSDV   43   21  0.3434E-11  0.3440E-11
CALSDV   44   21  0.3485E-11  0.3474E-11
CALSDV   45   21  0.3526E-11  0.3530E-11
CALSDV   46   21  0.3611E-11  0.3603E-11
CALSDV   47   21  0.3634E-11  0.3634E-11
CALSDV   48   21  0.3740E-11  0.3733E-11
CALSDV   49   21  0.3744E-11  0.3743E-11
CALSDV   50   21  0.3877E-11  0.3869E-11
CALSDV   51   21  0.3862E-11  0.3857E-11
CALSDV   52   21  0.4019E-11  0.4009E-11
CALSDV   53   21  0.3979E-11  0.3973E-11
CALSDV   54   21  0.4153E-11  0.4146E-11
CALSDV   55   21  0.4104E-11  0.4098E-11
CALSDV   56   21  0.4288E-11  0.4277E-11
CALSDV   57   21  0.4242E-11  0.4233E-11
CALSDV   58   21  0.4433E-11  0.4423E-11
CALSDV   59   21  0.4494E-11  0.4484E-11
CALSDV   60   21  0.4708E-11  0.4695E-11
CALSDV   22   22  0.6603E-11  0.6603E-11
CALSDV   23   22  0.7692E-11  0.7707E-11
CALSDV   24   22  0.7105E-11  0.7121E-11
CALSDV   25   22  0.4177E-11  0.4167E-11
CALSDV   26   22  0.6252E-11  0.6257E-11
CALSDV   27   22  0.4349E-11  0.4341E-11
CALSDV   28   22  0.4782E-11  0.4791E-11
CALSDV   29   22  0.4397E-11  0.4398E-11
CALSDV   30   22  0.3778E-11  0.3781E-11
CALSDV   31   22  0.4108E-11  0.4114E-11
CALSDV   32   22  0.3386E-11  0.3392E-11
CALSDV   33   22  0.3759E-11  0.3769E-11
CALSDV   34   22  0.3383E-11  0.3382E-11
CALSDV   35   22  0.3480E-11  0.3485E-11
CALSDV   36   22  0.3493E-11  0.3486E-11
CALSDV   37   22  0.3328E-11  0.3328E-11
CALSDV   38   22  0.3639E-11  0.3633E-11
CALSDV   39   22  0.3324E-11  0.3325E-11
CALSDV   40   22  0.3799E-11  0.3788E-11
CALSDV   41   22  0.3400E-11  0.3396E-11
CALSDV   42   22  0.3933E-11  0.3923E-11
CALSDV   43   22  0.3528E-11  0.3527E-11
CALSDV   44   22  0.4046E-11  0.4038E-11
CALSDV   45   22  0.3688E-11  0.3682E-11
CALSDV   46   22  0.4140E-11  0.4135E-11
CALSDV   47   22  0.3852E-11  0.3848E-11
CALSDV   48   22  0.4234E-11  0.4225E-11
CALSDV   49   22  0.4004E-11  0.3998E-11
CALSDV   50   22  0.4315E-11  0.4308E-11
CALSDV   51   22  0.4130E-11  0.4125E-11
CALSDV   52   22  0.4390E-11  0.4386E-11
CALSDV   53   22  0.4239E-11  0.4234E-11
CALSDV   54   22  0.4459E-11  0.4454E-11
CALSDV   55   22  0.4342E-11  0.4339E-11
CALSDV   56   22  0.4537E-11  0.4534E-11
CALSDV   57   22  0.4446E-11  0.4441E-11
CALSDV   58   22  0.4626E-11  0.4621E-11
CALSDV   59   22  0.4658E-11  0.4656E-11
CALSDV   60   22  0.4851E-11  0.4851E-11
CALSDV   23   23  0.6196E-11  0.6064E-11
CALSDV   24   23  0.7730E-11  0.7715E-11
CALSDV   25   23  0.6536E-11  0.6578E-11
CALSDV   26   23  0.4092E-11  0.4072E-11
CALSDV   27   23  0.5674E-11  0.5720E-11
CALSDV   28   23  0.4652E-11  0.4594E-11
CALSDV   29   23  0.4509E-11  0.4526E-11
CALSDV   30   23  0.4933E-11  0.4880E-11
CALSDV   31   23  0.3838E-11  0.3824E-11
CALSDV   32   23  0.4741E-11  0.4698E-11
CALSDV   33   23  0.3619E-11  0.3593E-11
CALSDV   34   23  0.4409E-11  0.4371E-11
CALSDV   35   23  0.3602E-11  0.3588E-11
CALSDV   36   23  0.4087E-11  0.4059E-11
CALSDV   37   23  0.3604E-11  0.3612E-11
CALSDV   38   23  0.3846E-11  0.3833E-11
CALSDV   39   23  0.3618E-11  0.3640E-11
CALSDV   40   23  0.3743E-11  0.3744E-11
CALSDV   41   23  0.3672E-11  0.3708E-11
CALSDV   42   23  0.3742E-11  0.3756E-11
CALSDV   43   23  0.3741E-11  0.3786E-11
CALSDV   44   23  0.3814E-11  0.3832E-11
CALSDV   45   23  0.3823E-11  0.3869E-11
CALSDV   46   23  0.3934E-11  0.3955E-11
CALSDV   47   23  0.3919E-11  0.3962E-11
CALSDV   48   23  0.4077E-11  0.4101E-11
CALSDV   49   23  0.4034E-11  0.4066E-11
CALSDV   50   23  0.4225E-11  0.4250E-11
CALSDV   51   23  0.4144E-11  0.4178E-11
CALSDV   52   23  0.4354E-11  0.4379E-11
CALSDV   53   23  0.4251E-11  0.4277E-11
CALSDV   54   23  0.4476E-11  0.4494E-11
CALSDV   55   23  0.4356E-11  0.4380E-11
CALSDV   56   23  0.4587E-11  0.4604E-11
CALSDV   57   23  0.4477E-11  0.4492E-11
CALSDV   58   23  0.4702E-11  0.4713E-11
CALSDV   59   23  0.4694E-11  0.4705E-11
CALSDV   60   23  0.4923E-11  0.4937E-11
CALSDV   24   24  0.6426E-11  0.6423E-11
CALSDV   25   24  0.7881E-11  0.7888E-11
CALSDV   26   24  0.7291E-11  0.7274E-11
CALSDV   27   24  0.4308E-11  0.4309E-11
CALSDV   28   24  0.6414E-11  0.6400E-11
CALSDV   29   24  0.4691E-11  0.4698E-11
CALSDV   30   24  0.4969E-11  0.4963E-11
CALSDV   31   24  0.4793E-11  0.4798E-11
CALSDV   32   24  0.4016E-11  0.4024E-11
CALSDV   33   24  0.4448E-11  0.4450E-11
CALSDV   34   24  0.3675E-11  0.3676E-11
CALSDV   35   24  0.4019E-11  0.4021E-11
CALSDV   36   24  0.3694E-11  0.3691E-11
CALSDV   37   24  0.3703E-11  0.3700E-11
CALSDV   38   24  0.3807E-11  0.3798E-11
CALSDV   39   24  0.3540E-11  0.3535E-11
CALSDV   40   24  0.3928E-11  0.3917E-11
CALSDV   41   24  0.3561E-11  0.3558E-11
CALSDV   42   24  0.4076E-11  0.4067E-11
CALSDV   43   24  0.3695E-11  0.3695E-11
CALSDV   44   24  0.4211E-11  0.4205E-11
CALSDV   45   24  0.3875E-11  0.3877E-11
CALSDV   46   24  0.4331E-11  0.4326E-11
CALSDV   47   24  0.4078E-11  0.4077E-11
CALSDV   48   24  0.4444E-11  0.4439E-11
CALSDV   49   24  0.4270E-11  0.4271E-11
CALSDV   50   24  0.4554E-11  0.4552E-11
CALSDV   51   24  0.4433E-11  0.4437E-11
CALSDV   52   24  0.4648E-11  0.4648E-11
CALSDV   53   24  0.4548E-11  0.4550E-11
CALSDV   54   24  0.4720E-11  0.4720E-11
CALSDV   55   24  0.4638E-11  0.4640E-11
CALSDV   56   24  0.4789E-11  0.4788E-11
CALSDV   57   24  0.4712E-11  0.4711E-11
CALSDV   58   24  0.4866E-11  0.4865E-11
CALSDV   59   24  0.4887E-11  0.4887E-11
CALSDV   60   24  0.5056E-11  0.5057E-11
CALSDV   25   25  0.6201E-11  0.6213E-11
CALSDV   26   25  0.8074E-11  0.8109E-11
CALSDV   27   25  0.6893E-11  0.6919E-11
CALSDV   28   25  0.4249E-11  0.4257E-11
CALSDV   29   25  0.5922E-11  0.5940E-11
CALSDV   30   25  0.4869E-11  0.4883E-11
CALSDV   31   25  0.4687E-11  0.4696E-11
CALSDV   32   25  0.5197E-11  0.5209E-11
CALSDV   33   25  0.4051E-11  0.4064E-11
CALSDV   34   25  0.4992E-11  0.5004E-11
CALSDV   35   25  0.3920E-11  0.3930E-11
CALSDV   36   25  0.4644E-11  0.4651E-11
CALSDV   37   25  0.3998E-11  0.4014E-11
CALSDV   38   25  0.4352E-11  0.4364E-11
CALSDV   39   25  0.4081E-11  0.4101E-11
CALSDV   40   25  0.4173E-11  0.4181E-11
CALSDV   41   25  0.4129E-11  0.4143E-11
CALSDV   42   25  0.4132E-11  0.4139E-11
CALSDV   43   25  0.4198E-11  0.4208E-11
CALSDV   44   25  0.4205E-11  0.4210E-11
CALSDV   45   25  0.4276E-11  0.4288E-11
CALSDV   46   25  0.4326E-11  0.4334E-11
CALSDV   47   25  0.4360E-11  0.4371E-11
CALSDV   48   25  0.4484E-11  0.4488E-11
CALSDV   49   25  0.4450E-11  0.4464E-11
CALSDV   50   25  0.4634E-11  0.4648E-11
CALSDV   51   25  0.4538E-11  0.4553E-11
CALSDV   52   25  0.4772E-11  0.4784E-11
CALSDV   53   25  0.4623E-11  0.4641E-11
CALSDV   54   25  0.4871E-11  0.4884E-11
CALSDV   55   25  0.4695E-11  0.4712E-11
CALSDV   56   25  0.4951E-11  0.4965E-11
CALSDV   57   25  0.4760E-11  0.4776E-11
CALSDV   58   25  0.5011E-11  0.5026E-11
CALSDV   59   25  0.4921E-11  0.4940E-11
CALSDV   60   25  0.5176E-11  0.5194E-11
CALSDV   26   26  0.6332E-11  0.6349E-11
CALSDV   27   26  0.8214E-11  0.8200E-11
CALSDV   28   26  0.7475E-11  0.7497E-11
CALSDV   29   26  0.4552E-11  0.4560E-11
CALSDV   30   26  0.6560E-11  0.6561E-11
CALSDV   31   26  0.5111E-11  0.5130E-11
CALSDV   32   26  0.5155E-11  0.5151E-11
CALSDV   33   26  0.5251E-11  0.5261E-11
CALSDV   34   26  0.4295E-11  0.4293E-11
CALSDV   35   26  0.4845E-11  0.4848E-11
CALSDV   36   26  0.4004E-11  0.4002E-11
CALSDV   37   26  0.4330E-11  0.4338E-11
CALSDV   38   26  0.4032E-11  0.4031E-11
CALSDV   39   26  0.3975E-11  0.3983E-11
CALSDV   40   26  0.4144E-11  0.4143E-11
CALSDV   41   26  0.3829E-11  0.3837E-11
CALSDV   42   26  0.4245E-11  0.4241E-11
CALSDV   43   26  0.3878E-11  0.3887E-11
CALSDV   44   26  0.4371E-11  0.4369E-11
CALSDV   45   26  0.4067E-11  0.4069E-11
CALSDV   46   26  0.4513E-11  0.4508E-11
CALSDV   47   26  0.4297E-11  0.4298E-11
CALSDV   48   26  0.4642E-11  0.4636E-11
CALSDV   49   26  0.4532E-11  0.4529E-11
CALSDV   50   26  0.4771E-11  0.4763E-11
CALSDV   51   26  0.4728E-11  0.4723E-11
CALSDV   52   26  0.4890E-11  0.4882E-11
CALSDV   53   26  0.4866E-11  0.4863E-11
CALSDV   54   26  0.4989E-11  0.4981E-11
CALSDV   55   26  0.4957E-11  0.4952E-11
CALSDV   56   26  0.5061E-11  0.5056E-11
CALSDV   57   26  0.5000E-11  0.4997E-11
CALSDV   58   26  0.5114E-11  0.5109E-11
CALSDV   59   26  0.5114E-11  0.5115E-11
CALSDV   60   26  0.5262E-11  0.5259E-11
CALSDV   27   27  0.6095E-11  0.6092E-11
CALSDV   28   27  0.8510E-11  0.8478E-11
CALSDV   29   27  0.7415E-11  0.7407E-11
CALSDV   30   27  0.4530E-11  0.4526E-11
CALSDV   31   27  0.6307E-11  0.6300E-11
CALSDV   32   27  0.5210E-11  0.5191E-11
CALSDV   33   27  0.4943E-11  0.4930E-11
CALSDV   34   27  0.5514E-11  0.5501E-11
CALSDV   35   27  0.4306E-11  0.4290E-11
CALSDV   36   27  0.5233E-11  0.5221E-11
CALSDV   37   27  0.4240E-11  0.4230E-11
CALSDV   38   27  0.4810E-11  0.4807E-11
CALSDV   39   27  0.4399E-11  0.4389E-11
CALSDV   40   27  0.4515E-11  0.4515E-11
CALSDV   41   27  0.4562E-11  0.4558E-11
CALSDV   42   27  0.4396E-11  0.4395E-11
CALSDV   43   27  0.4652E-11  0.4650E-11
CALSDV   44   27  0.4421E-11  0.4418E-11
CALSDV   45   27  0.4726E-11  0.4730E-11
CALSDV   46   27  0.4563E-11  0.4562E-11
CALSDV   47   27  0.4819E-11  0.4827E-11
CALSDV   48   27  0.4760E-11  0.4752E-11
CALSDV   49   27  0.4901E-11  0.4907E-11
CALSDV   50   27  0.4957E-11  0.4950E-11
CALSDV   51   27  0.4977E-11  0.4981E-11
CALSDV   52   27  0.5126E-11  0.5115E-11
CALSDV   53   27  0.5036E-11  0.5035E-11
CALSDV   54   27  0.5242E-11  0.5230E-11
CALSDV   55   27  0.5082E-11  0.5080E-11
CALSDV   56   27  0.5311E-11  0.5299E-11
CALSDV   57   27  0.5100E-11  0.5095E-11
CALSDV   58   27  0.5338E-11  0.5325E-11
CALSDV   59   27  0.5187E-11  0.5178E-11
CALSDV   60   27  0.5440E-11  0.5427E-11
CALSDV   28   28  0.6278E-11  0.6294E-11
CALSDV   29   28  0.8544E-11  0.8561E-11
CALSDV   30   28  0.7755E-11  0.7753E-11
CALSDV   31   28  0.4824E-11  0.4818E-11
CALSDV   32   28  0.6723E-11  0.6734E-11
CALSDV   33   28  0.5543E-11  0.5556E-11
CALSDV   34   28  0.5338E-11  0.5344E-11
CALSDV   35   28  0.5704E-11  0.5728E-11
CALSDV   36   28  0.4580E-11  0.4588E-11
CALSDV   37   28  0.5245E-11  0.5270E-11
CALSDV   38   28  0.4359E-11  0.4368E-11
CALSDV   39   28  0.4665E-11  0.4693E-11
CALSDV   40   28  0.4393E-11  0.4406E-11
CALSDV   41   28  0.4298E-11  0.4317E-11
CALSDV   42   28  0.4500E-11  0.4516E-11
CALSDV   43   28  0.4196E-11  0.4206E-11
CALSDV   44   28  0.4584E-11  0.4601E-11
CALSDV   45   28  0.4281E-11  0.4295E-11
CALSDV   46   28  0.4681E-11  0.4702E-11
CALSDV   47   28  0.4504E-11  0.4522E-11
CALSDV   48   28  0.4828E-11  0.4848E-11
CALSDV   49   28  0.4773E-11  0.4793E-11
CALSDV   50   28  0.4966E-11  0.4992E-11
CALSDV   51   28  0.5003E-11  0.5029E-11
CALSDV   52   28  0.5104E-11  0.5128E-11
CALSDV   53   28  0.5177E-11  0.5203E-11
CALSDV   54   28  0.5223E-11  0.5248E-11
CALSDV   55   28  0.5273E-11  0.5300E-11
CALSDV   56   28  0.5325E-11  0.5346E-11
CALSDV   57   28  0.5299E-11  0.5318E-11
CALSDV   58   28  0.5376E-11  0.5394E-11
CALSDV   59   28  0.5351E-11  0.5365E-11
CALSDV   60   28  0.5476E-11  0.5488E-11
CALSDV   29   29  0.5780E-11  0.5791E-11
CALSDV   30   29  0.8935E-11  0.8957E-11
CALSDV   31   29  0.7983E-11  0.8045E-11
CALSDV   32   29  0.4933E-11  0.4943E-11
CALSDV   33   29  0.6793E-11  0.6819E-11
CALSDV   34   29  0.5633E-11  0.5661E-11
CALSDV   35   29  0.5295E-11  0.5295E-11
CALSDV   36   29  0.5893E-11  0.5910E-11
CALSDV   37   29  0.4602E-11  0.4599E-11
CALSDV   38   29  0.5544E-11  0.5554E-11
CALSDV   39   29  0.4538E-11  0.4535E-11
CALSDV   40   29  0.5092E-11  0.5090E-11
CALSDV   41   29  0.4720E-11  0.4711E-11
CALSDV   42   29  0.4832E-11  0.4840E-11
CALSDV   43   29  0.4926E-11  0.4919E-11
CALSDV   44   29  0.4823E-11  0.4828E-11
CALSDV   45   29  0.5062E-11  0.5050E-11
CALSDV   46   29  0.4953E-11  0.4950E-11
CALSDV   47   29  0.5149E-11  0.5136E-11
CALSDV   48   29  0.5166E-11  0.5157E-11
CALSDV   49   29  0.5258E-11  0.5246E-11
CALSDV   50   29  0.5404E-11  0.5392E-11
CALSDV   51   29  0.5350E-11  0.5332E-11
CALSDV   52   29  0.5601E-11  0.5583E-11
CALSDV   53   29  0.5413E-11  0.5396E-11
CALSDV   54   29  0.5726E-11  0.5711E-11
CALSDV   55   29  0.5444E-11  0.5428E-11
CALSDV   56   29  0.5773E-11  0.5754E-11
CALSDV   57   29  0.5424E-11  0.5415E-11
CALSDV   58   29  0.5736E-11  0.5721E-11
CALSDV   59   29  0.5444E-11  0.5448E-11
CALSDV   60   29  0.5731E-11  0.5734E-11
CALSDV   30   30  0.6677E-11  0.6687E-11
CALSDV   31   30  0.9259E-11  0.9305E-11
CALSDV   32   30  0.8204E-11  0.8222E-11
CALSDV   33   30  0.5221E-11  0.5264E-11
CALSDV   34   30  0.7013E-11  0.7043E-11
CALSDV   35   30  0.5910E-11  0.5971E-11
CALSDV   36   30  0.5643E-11  0.5649E-11
CALSDV   37   30  0.6103E-11  0.6119E-11
CALSDV   38   30  0.5030E-11  0.5025E-11
CALSDV   39   30  0.5632E-11  0.5634E-11
CALSDV   40   30  0.4901E-11  0.4916E-11
CALSDV   41   30  0.5040E-11  0.5061E-11
CALSDV   42   30  0.4961E-11  0.4970E-11
CALSDV   43   30  0.4708E-11  0.4732E-11
CALSDV   44   30  0.5068E-11  0.5070E-11
CALSDV   45   30  0.4705E-11  0.4715E-11
CALSDV   46   30  0.5144E-11  0.5142E-11
CALSDV   47   30  0.4875E-11  0.4878E-11
CALSDV   48   30  0.5212E-11  0.5205E-11
CALSDV   49   30  0.5123E-11  0.5118E-11
CALSDV   50   30  0.5338E-11  0.5320E-11
CALSDV   51   30  0.5386E-11  0.5371E-11
CALSDV   52   30  0.5470E-11  0.5456E-11
CALSDV   53   30  0.5580E-11  0.5567E-11
CALSDV   54   30  0.5579E-11  0.5571E-11
CALSDV   55   30  0.5691E-11  0.5676E-11
CALSDV   56   30  0.5668E-11  0.5660E-11
CALSDV   57   30  0.5679E-11  0.5666E-11
CALSDV   58   30  0.5706E-11  0.5692E-11
CALSDV   59   30  0.5636E-11  0.5637E-11
CALSDV   60   30  0.5745E-11  0.5743E-11
CALSDV   31   31  0.6085E-11  0.6077E-11
CALSDV   32   31  0.9452E-11  0.9449E-11
CALSDV   33   31  0.8491E-11  0.8455E-11
CALSDV   34   31  0.5429E-11  0.5442E-11
CALSDV   35   31  0.7238E-11  0.7240E-11
CALSDV   36   31  0.6228E-11  0.6216E-11
CALSDV   37   31  0.5708E-11  0.5730E-11
CALSDV   38   31  0.6408E-11  0.6407E-11
CALSDV   39   31  0.5036E-11  0.5041E-11
CALSDV   40   31  0.5945E-11  0.5947E-11
CALSDV   41   31  0.4935E-11  0.4931E-11
CALSDV   42   31  0.5411E-11  0.5418E-11
CALSDV   43   31  0.5032E-11  0.5030E-11
CALSDV   44   31  0.5155E-11  0.5178E-11
CALSDV   45   31  0.5194E-11  0.5193E-11
CALSDV   46   31  0.5244E-11  0.5273E-11
CALSDV   47   31  0.5328E-11  0.5342E-11
CALSDV   48   31  0.5472E-11  0.5533E-11
CALSDV   49   31  0.5417E-11  0.5439E-11
CALSDV   50   31  0.5734E-11  0.5792E-11
CALSDV   51   31  0.5527E-11  0.5545E-11
CALSDV   52   31  0.5981E-11  0.6034E-11
CALSDV   53   31  0.5633E-11  0.5654E-11
CALSDV   54   31  0.6146E-11  0.6196E-11
CALSDV   55   31  0.5698E-11  0.5718E-11
CALSDV   56   31  0.6205E-11  0.6258E-11
CALSDV   57   31  0.5697E-11  0.5718E-11
CALSDV   58   31  0.6137E-11  0.6184E-11
CALSDV   59   31  0.5678E-11  0.5682E-11
CALSDV   60   31  0.6048E-11  0.6063E-11
CALSDV   32   32  0.6227E-11  0.6249E-11
CALSDV   33   32  0.9363E-11  0.9351E-11
CALSDV   34   32  0.8548E-11  0.8578E-11
CALSDV   35   32  0.5449E-11  0.5409E-11
CALSDV   36   32  0.7241E-11  0.7255E-11
CALSDV   37   32  0.6451E-11  0.6448E-11
CALSDV   38   32  0.5799E-11  0.5818E-11
CALSDV   39   32  0.6629E-11  0.6617E-11
CALSDV   40   32  0.5246E-11  0.5252E-11
CALSDV   41   32  0.6052E-11  0.6039E-11
CALSDV   42   32  0.5183E-11  0.5178E-11
CALSDV   43   32  0.5358E-11  0.5348E-11
CALSDV   44   32  0.5243E-11  0.5230E-11
CALSDV   45   32  0.4977E-11  0.4969E-11
CALSDV   46   32  0.5341E-11  0.5327E-11
CALSDV   47   32  0.5018E-11  0.5014E-11
CALSDV   48   32  0.5451E-11  0.5436E-11
CALSDV   49   32  0.5269E-11  0.5268E-11
CALSDV   50   32  0.5547E-11  0.5541E-11
CALSDV   51   32  0.5543E-11  0.5538E-11
CALSDV   52   32  0.5689E-11  0.5684E-11
CALSDV   53   32  0.5797E-11  0.5794E-11
CALSDV   54   32  0.5847E-11  0.5844E-11
CALSDV   55   32  0.5961E-11  0.5958E-11
CALSDV   56   32  0.5957E-11  0.5955E-11
CALSDV   57   32  0.5979E-11  0.5978E-11
CALSDV   58   32  0.5993E-11  0.5994E-11
CALSDV   59   32  0.5905E-11  0.5907E-11
CALSDV   60   32  0.5988E-11  0.5994E-11
CALSDV   33   33  0.6406E-11  0.6456E-11
CALSDV   34   33  0.9657E-11  0.9701E-11
CALSDV   35   33  0.9234E-11  0.9301E-11
CALSDV   36   33  0.5551E-11  0.5549E-11
CALSDV   37   33  0.7767E-11  0.7779E-11
CALSDV   38   33  0.6566E-11  0.6569E-11
CALSDV   39   33  0.5985E-11  0.5976E-11
CALSDV   40   33  0.6751E-11  0.6743E-11
CALSDV   41   33  0.5315E-11  0.5305E-11
CALSDV   42   33  0.6189E-11  0.6177E-11
CALSDV   43   33  0.5411E-11  0.5413E-11
CALSDV   44   33  0.5551E-11  0.5545E-11
CALSDV   45   33  0.5717E-11  0.5750E-11
CALSDV   46   33  0.5270E-11  0.5261E-11
CALSDV   47   33  0.6035E-11  0.6073E-11
CALSDV   48   33  0.5425E-11  0.5406E-11
CALSDV   49   33  0.6279E-11  0.6317E-11
CALSDV   50   33  0.5768E-11  0.5743E-11
CALSDV   51   33  0.6391E-11  0.6421E-11
CALSDV   52   33  0.6071E-11  0.6048E-11
CALSDV   53   33  0.6421E-11  0.6446E-11
CALSDV   54   33  0.6314E-11  0.6291E-11
CALSDV   55   33  0.6401E-11  0.6417E-11
CALSDV   56   33  0.6454E-11  0.6434E-11
CALSDV   57   33  0.6269E-11  0.6272E-11
CALSDV   58   33  0.6435E-11  0.6414E-11
CALSDV   59   33  0.6076E-11  0.6077E-11
CALSDV   60   33  0.6312E-11  0.6299E-11
CALSDV   34   34  0.6389E-11  0.6400E-11
CALSDV   35   34  0.9696E-11  0.9681E-11
CALSDV   36   34  0.9082E-11  0.9092E-11
CALSDV   37   34  0.5772E-11  0.5758E-11
CALSDV   38   34  0.7603E-11  0.7601E-11
CALSDV   39   34  0.6983E-11  0.6989E-11
CALSDV   40   34  0.6106E-11  0.6098E-11
CALSDV   41   34  0.7161E-11  0.7186E-11
CALSDV   42   34  0.5601E-11  0.5608E-11
CALSDV   43   34  0.6568E-11  0.6599E-11
CALSDV   44   34  0.5584E-11  0.5601E-11
CALSDV   45   34  0.5914E-11  0.5949E-11
CALSDV   46   34  0.5649E-11  0.5671E-11
CALSDV   47   34  0.5617E-11  0.5653E-11
CALSDV   48   34  0.5744E-11  0.5761E-11
CALSDV   49   34  0.5744E-11  0.5762E-11
CALSDV   50   34  0.5879E-11  0.5898E-11
CALSDV   51   34  0.6030E-11  0.6051E-11
CALSDV   52   34  0.6014E-11  0.6031E-11
CALSDV   53   34  0.6258E-11  0.6275E-11
CALSDV   54   34  0.6151E-11  0.6166E-11
CALSDV   55   34  0.6388E-11  0.6404E-11
CALSDV   56   34  0.6292E-11  0.6303E-11
CALSDV   57   34  0.6374E-11  0.6382E-11
CALSDV   58   34  0.6326E-11  0.6332E-11
CALSDV   59   34  0.6207E-11  0.6212E-11
CALSDV   60   34  0.6263E-11  0.6265E-11
CALSDV   35   35  0.6545E-11  0.6521E-11
CALSDV   36   35  0.1011E-10  0.1008E-10
CALSDV   37   35  0.1005E-10  0.1004E-10
CALSDV   38   35  0.5986E-11  0.5960E-11
CALSDV   39   35  0.8387E-11  0.8390E-11
CALSDV   40   35  0.7093E-11  0.7090E-11
CALSDV   41   35  0.6415E-11  0.6411E-11
CALSDV   42   35  0.7192E-11  0.7192E-11
CALSDV   43   35  0.5701E-11  0.5688E-11
CALSDV   44   35  0.6548E-11  0.6549E-11
CALSDV   45   35  0.5844E-11  0.5837E-11
CALSDV   46   35  0.5936E-11  0.5933E-11
CALSDV   47   35  0.6211E-11  0.6199E-11
CALSDV   48   35  0.5767E-11  0.5756E-11
CALSDV   49   35  0.6550E-11  0.6535E-11
CALSDV   50   35  0.6046E-11  0.6029E-11
CALSDV   51   35  0.6808E-11  0.6795E-11
CALSDV   52   35  0.6479E-11  0.6469E-11
CALSDV   53   35  0.6921E-11  0.6910E-11
CALSDV   54   35  0.6783E-11  0.6773E-11
CALSDV   55   35  0.6883E-11  0.6869E-11
CALSDV   56   35  0.6916E-11  0.6907E-11
CALSDV   57   35  0.6705E-11  0.6702E-11
CALSDV   58   35  0.6861E-11  0.6862E-11
CALSDV   59   35  0.6412E-11  0.6407E-11
CALSDV   60   35  0.6637E-11  0.6631E-11
CALSDV   36   36  0.6872E-11  0.6887E-11
CALSDV   37   36  0.1011E-10  0.1013E-10
CALSDV   38   36  0.9714E-11  0.9687E-11
CALSDV   39   36  0.6173E-11  0.6153E-11
CALSDV   40   36  0.8023E-11  0.8017E-11
CALSDV   41   36  0.7535E-11  0.7559E-11
CALSDV   42   36  0.6461E-11  0.6470E-11
CALSDV   43   36  0.7760E-11  0.7759E-11
CALSDV   44   36  0.6056E-11  0.6054E-11
CALSDV   45   36  0.7221E-11  0.7197E-11
CALSDV   46   36  0.6136E-11  0.6129E-11
CALSDV   47   36  0.6676E-11  0.6640E-11
CALSDV   48   36  0.6245E-11  0.6232E-11
CALSDV   49   36  0.6487E-11  0.6445E-11
CALSDV   50   36  0.6337E-11  0.6326E-11
CALSDV   51   36  0.6654E-11  0.6606E-11
CALSDV   52   36  0.6480E-11  0.6474E-11
CALSDV   53   36  0.6935E-11  0.6897E-11
CALSDV   54   36  0.6631E-11  0.6626E-11
CALSDV   55   36  0.7055E-11  0.7018E-11
CALSDV   56   36  0.6721E-11  0.6719E-11
CALSDV   57   36  0.6911E-11  0.6892E-11
CALSDV   58   36  0.6725E-11  0.6720E-11
CALSDV   59   36  0.6591E-11  0.6577E-11
CALSDV   60   36  0.6589E-11  0.6585E-11
CALSDV   37   37  0.6620E-11  0.6583E-11
CALSDV   38   37  0.1055E-10  0.1054E-10
CALSDV   39   37  0.1078E-10  0.1074E-10
CALSDV   40   37  0.6452E-11  0.6456E-11
CALSDV   41   37  0.8919E-11  0.8903E-11
CALSDV   42   37  0.7657E-11  0.7669E-11
CALSDV   43   37  0.6782E-11  0.6802E-11
CALSDV   44   37  0.7640E-11  0.7653E-11
CALSDV   45   37  0.6099E-11  0.6097E-11
CALSDV   46   37  0.6907E-11  0.6910E-11
CALSDV   47   37  0.6316E-11  0.6312E-11
CALSDV   48   37  0.6306E-11  0.6304E-11
CALSDV   49   37  0.6703E-11  0.6712E-11
CALSDV   50   37  0.6220E-11  0.6231E-11
CALSDV   51   37  0.7029E-11  0.7034E-11
CALSDV   52   37  0.6596E-11  0.6606E-11
CALSDV   53   37  0.7268E-11  0.7271E-11
CALSDV   54   37  0.7104E-11  0.7112E-11
CALSDV   55   37  0.7349E-11  0.7349E-11
CALSDV   56   37  0.7385E-11  0.7389E-11
CALSDV   57   37  0.7157E-11  0.7164E-11
CALSDV   58   37  0.7305E-11  0.7315E-11
CALSDV   59   37  0.6744E-11  0.6745E-11
CALSDV   60   37  0.6973E-11  0.6981E-11
CALSDV   38   38  0.7272E-11  0.7258E-11
CALSDV   39   38  0.1059E-10  0.1061E-10
CALSDV   40   38  0.1035E-10  0.1041E-10
CALSDV   41   38  0.6596E-11  0.6655E-11
CALSDV   42   38  0.8481E-11  0.8468E-11
CALSDV   43   38  0.8118E-11  0.8118E-11
CALSDV   44   38  0.6849E-11  0.6835E-11
CALSDV   45   38  0.8332E-11  0.8301E-11
CALSDV   46   38  0.6550E-11  0.6525E-11
CALSDV   47   38  0.7827E-11  0.7811E-11
CALSDV   48   38  0.6727E-11  0.6710E-11
CALSDV   49   38  0.7399E-11  0.7391E-11
CALSDV   50   38  0.6872E-11  0.6868E-11
CALSDV   51   38  0.7318E-11  0.7303E-11
CALSDV   52   38  0.6961E-11  0.6959E-11
CALSDV   53   38  0.7498E-11  0.7473E-11
CALSDV   54   38  0.7090E-11  0.7092E-11
CALSDV   55   38  0.7680E-11  0.7671E-11
CALSDV   56   38  0.7224E-11  0.7237E-11
CALSDV   57   38  0.7578E-11  0.7542E-11
CALSDV   58   38  0.7220E-11  0.7177E-11
CALSDV   59   38  0.7067E-11  0.7032E-11
CALSDV   60   38  0.6953E-11  0.6914E-11
CALSDV   39   39  0.6911E-11  0.6900E-11
CALSDV   40   39  0.1100E-10  0.1102E-10
CALSDV   41   39  0.1152E-10  0.1151E-10
CALSDV   42   39  0.7024E-11  0.7028E-11
CALSDV   43   39  0.9427E-11  0.9419E-11
CALSDV   44   39  0.8287E-11  0.8275E-11
CALSDV   45   39  0.7166E-11  0.7155E-11
CALSDV   46   39  0.8118E-11  0.8101E-11
CALSDV   47   39  0.6536E-11  0.6527E-11
CALSDV   48   39  0.7262E-11  0.7271E-11
CALSDV   49   39  0.6863E-11  0.6844E-11
CALSDV   50   39  0.6699E-11  0.6707E-11
CALSDV   51   39  0.7316E-11  0.7284E-11
CALSDV   52   39  0.6747E-11  0.6751E-11
CALSDV   53   39  0.7611E-11  0.7579E-11
CALSDV   54   39  0.7198E-11  0.7195E-11
CALSDV   55   39  0.7733E-11  0.7710E-11
CALSDV   56   39  0.7680E-11  0.7672E-11
CALSDV   57   39  0.7624E-11  0.7602E-11
CALSDV   58   39  0.7794E-11  0.7779E-11
CALSDV   59   39  0.7153E-11  0.7139E-11
CALSDV   60   39  0.7389E-11  0.7376E-11
CALSDV   40   40  0.7668E-11  0.7639E-11
CALSDV   41   40  0.1118E-10  0.1116E-10
CALSDV   42   40  0.1132E-10  0.1132E-10
CALSDV   43   40  0.7227E-11  0.7220E-11
CALSDV   44   40  0.9144E-11  0.9123E-11
CALSDV   45   40  0.8728E-11  0.8708E-11
CALSDV   46   40  0.7315E-11  0.7279E-11
CALSDV   47   40  0.8861E-11  0.8850E-11
CALSDV   48   40  0.7088E-11  0.7056E-11
CALSDV   49   40  0.8407E-11  0.8400E-11
CALSDV   50   40  0.7430E-11  0.7426E-11
CALSDV   51   40  0.8126E-11  0.8140E-11
CALSDV   52   40  0.7725E-11  0.7722E-11
CALSDV   53   40  0.8145E-11  0.8154E-11
CALSDV   54   40  0.7863E-11  0.7862E-11
CALSDV   55   40  0.8218E-11  0.8230E-11
CALSDV   56   40  0.7910E-11  0.7905E-11
CALSDV   57   40  0.8086E-11  0.8091E-11
CALSDV   58   40  0.7825E-11  0.7813E-11
CALSDV   59   40  0.7523E-11  0.7516E-11
CALSDV   60   40  0.7426E-11  0.7417E-11
CALSDV   41   41  0.7378E-11  0.7347E-11
CALSDV   42   41  0.1149E-10  0.1148E-10
CALSDV   43   41  0.1237E-10  0.1232E-10
CALSDV   44   41  0.7730E-11  0.7710E-11
CALSDV   45   41  0.9959E-11  0.9948E-11
CALSDV   46   41  0.8983E-11  0.8964E-11
CALSDV   47   41  0.7543E-11  0.7535E-11
CALSDV   48   41  0.8591E-11  0.8579E-11
CALSDV   49   41  0.7017E-11  0.6991E-11
CALSDV   50   41  0.7640E-11  0.7630E-11
CALSDV   51   41  0.7472E-11  0.7455E-11
CALSDV   52   41  0.7201E-11  0.7175E-11
CALSDV   53   41  0.7985E-11  0.7965E-11
CALSDV   54   41  0.7420E-11  0.7402E-11
CALSDV   55   41  0.8207E-11  0.8181E-11
CALSDV   56   41  0.7862E-11  0.7839E-11
CALSDV   57   41  0.8059E-11  0.8043E-11
CALSDV   58   41  0.8076E-11  0.8056E-11
CALSDV   59   41  0.7522E-11  0.7498E-11
CALSDV   60   41  0.7754E-11  0.7725E-11
CALSDV   42   42  0.7967E-11  0.7988E-11
CALSDV   43   42  0.1179E-10  0.1179E-10
CALSDV   44   42  0.1246E-10  0.1248E-10
CALSDV   45   42  0.7942E-11  0.7941E-11
CALSDV   46   42  0.9894E-11  0.9924E-11
CALSDV   47   42  0.9301E-11  0.9323E-11
CALSDV   48   42  0.7760E-11  0.7781E-11
CALSDV   49   42  0.9230E-11  0.9268E-11
CALSDV   50   42  0.7637E-11  0.7662E-11
CALSDV   51   42  0.8747E-11  0.8770E-11
CALSDV   52   42  0.8265E-11  0.8273E-11
CALSDV   53   42  0.8582E-11  0.8595E-11
CALSDV   54   42  0.8733E-11  0.8746E-11
CALSDV   55   42  0.8642E-11  0.8659E-11
CALSDV   56   42  0.8840E-11  0.8874E-11
CALSDV   57   42  0.8490E-11  0.8529E-11
CALSDV   58   42  0.8576E-11  0.8620E-11
CALSDV   59   42  0.7864E-11  0.7885E-11
CALSDV   60   42  0.7940E-11  0.7957E-11
CALSDV   43   43  0.7779E-11  0.7815E-11
CALSDV   44   43  0.1198E-10  0.1196E-10
CALSDV   45   43  0.1321E-10  0.1320E-10
CALSDV   46   43  0.8473E-11  0.8462E-11
CALSDV   47   43  0.1041E-10  0.1039E-10
CALSDV   48   43  0.9705E-11  0.9650E-11
CALSDV   49   43  0.7896E-11  0.7876E-11
CALSDV   50   43  0.9089E-11  0.9012E-11
CALSDV   51   43  0.7588E-11  0.7559E-11
CALSDV   52   43  0.8092E-11  0.8019E-11
CALSDV   53   43  0.8214E-11  0.8189E-11
CALSDV   54   43  0.7820E-11  0.7759E-11
CALSDV   55   43  0.8698E-11  0.8674E-11
CALSDV   56   43  0.8161E-11  0.8115E-11
CALSDV   57   43  0.8671E-11  0.8642E-11
CALSDV   58   43  0.8411E-11  0.8376E-11
CALSDV   59   43  0.8000E-11  0.7974E-11
CALSDV   60   43  0.8072E-11  0.8055E-11
CALSDV   44   44  0.8127E-11  0.8145E-11
CALSDV   45   44  0.1256E-10  0.1263E-10
CALSDV   46   44  0.1370E-10  0.1373E-10
CALSDV   47   44  0.8722E-11  0.8796E-11
CALSDV   48   44  0.1067E-10  0.1062E-10
CALSDV   49   44  0.9964E-11  0.1000E-10
CALSDV   50   44  0.8202E-11  0.8205E-11
CALSDV   51   44  0.9799E-11  0.9800E-11
CALSDV   52   44  0.8289E-11  0.8269E-11
CALSDV   53   44  0.9365E-11  0.9362E-11
CALSDV   54   44  0.9163E-11  0.9109E-11
CALSDV   55   44  0.9253E-11  0.9244E-11
CALSDV   56   44  0.9674E-11  0.9598E-11
CALSDV   57   44  0.9118E-11  0.9087E-11
CALSDV   58   44  0.9514E-11  0.9428E-11
CALSDV   59   44  0.8381E-11  0.8375E-11
CALSDV   60   44  0.8613E-11  0.8584E-11
CALSDV   45   45  0.8493E-11  0.8525E-11
CALSDV   46   45  0.1278E-10  0.1280E-10
CALSDV   47   45  0.1418E-10  0.1413E-10
CALSDV   48   45  0.9283E-11  0.9268E-11
CALSDV   49   45  0.1079E-10  0.1078E-10
CALSDV   50   45  0.1028E-10  0.1030E-10
CALSDV   51   45  0.8369E-11  0.8385E-11
CALSDV   52   45  0.9522E-11  0.9520E-11
CALSDV   53   45  0.8539E-11  0.8568E-11
CALSDV   54   45  0.8682E-11  0.8650E-11
CALSDV   55   45  0.9261E-11  0.9314E-11
CALSDV   56   45  0.8636E-11  0.8569E-11
CALSDV   57   45  0.9411E-11  0.9448E-11
CALSDV   58   45  0.8851E-11  0.8829E-11
CALSDV   59   45  0.8640E-11  0.8660E-11
CALSDV   60   45  0.8506E-11  0.8494E-11
CALSDV   46   46  0.8841E-11  0.8677E-11
CALSDV   47   46  0.1372E-10  0.1368E-10
CALSDV   48   46  0.1484E-10  0.1465E-10
CALSDV   49   46  0.9898E-11  0.9837E-11
CALSDV   50   46  0.1128E-10  0.1126E-10
CALSDV   51   46  0.1096E-10  0.1090E-10
CALSDV   52   46  0.8786E-11  0.8798E-11
CALSDV   53   46  0.1067E-10  0.1057E-10
CALSDV   54   46  0.8999E-11  0.9071E-11
CALSDV   55   46  0.1016E-10  0.1010E-10
CALSDV   56   46  0.9784E-11  0.9898E-11
CALSDV   57   46  0.9753E-11  0.9764E-11
CALSDV   58   46  0.9928E-11  0.1005E-10
CALSDV   59   46  0.8921E-11  0.8911E-11
CALSDV   60   46  0.9128E-11  0.9176E-11
CALSDV   47   47  0.8270E-11  0.8267E-11
CALSDV   48   47  0.1321E-10  0.1313E-10
CALSDV   49   47  0.1488E-10  0.1490E-10
CALSDV   50   47  0.1008E-10  0.1010E-10
CALSDV   51   47  0.1086E-10  0.1088E-10
CALSDV   52   47  0.1097E-10  0.1102E-10
CALSDV   53   47  0.8683E-11  0.8691E-11
CALSDV   54   47  0.1009E-10  0.1012E-10
CALSDV   55   47  0.9291E-11  0.9301E-11
CALSDV   56   47  0.9398E-11  0.9404E-11
CALSDV   57   47  0.9873E-11  0.9867E-11
CALSDV   58   47  0.9349E-11  0.9340E-11
CALSDV   59   47  0.9224E-11  0.9227E-11
CALSDV   60   47  0.8972E-11  0.8978E-11
CALSDV   48   48  0.8497E-11  0.8490E-11
CALSDV   49   48  0.1388E-10  0.1400E-10
CALSDV   50   48  0.1561E-10  0.1575E-10
CALSDV   51   48  0.1016E-10  0.1026E-10
CALSDV   52   48  0.1120E-10  0.1125E-10
CALSDV   53   48  0.1091E-10  0.1098E-10
CALSDV   54   48  0.9064E-11  0.9114E-11
CALSDV   55   48  0.1039E-10  0.1045E-10
CALSDV   56   48  0.1006E-10  0.1011E-10
CALSDV   57   48  0.9929E-11  0.9976E-11
CALSDV   58   48  0.1077E-10  0.1080E-10
CALSDV   59   48  0.9216E-11  0.9263E-11
CALSDV   60   48  0.9961E-11  0.9994E-11
CALSDV   49   49  0.7918E-11  0.7902E-11
CALSDV   50   49  0.1401E-10  0.1405E-10
CALSDV   51   49  0.1543E-10  0.1543E-10
CALSDV   52   49  0.1090E-10  0.1091E-10
CALSDV   53   49  0.1073E-10  0.1071E-10
CALSDV   54   49  0.1194E-10  0.1193E-10
CALSDV   55   49  0.9146E-11  0.9153E-11
CALSDV   56   49  0.1123E-10  0.1122E-10
CALSDV   57   49  0.1006E-10  0.1004E-10
CALSDV   58   49  0.1054E-10  0.1054E-10
CALSDV   59   49  0.9805E-11  0.9802E-11
CALSDV   60   49  0.9718E-11  0.9723E-11
CALSDV   50   50  0.8305E-11  0.8354E-11
CALSDV   51   50  0.1528E-10  0.1523E-10
CALSDV   52   50  0.1633E-10  0.1628E-10
CALSDV   53   50  0.1096E-10  0.1092E-10
CALSDV   54   50  0.1113E-10  0.1109E-10
CALSDV   55   50  0.1209E-10  0.1205E-10
CALSDV   56   50  0.9655E-11  0.9683E-11
CALSDV   57   50  0.1168E-10  0.1167E-10
CALSDV   58   50  0.1088E-10  0.1086E-10
CALSDV   59   50  0.1038E-10  0.1037E-10
CALSDV   60   50  0.1057E-10  0.1057E-10
CALSDV   51   51  0.7592E-11  0.7635E-11
CALSDV   52   51  0.1527E-10  0.1521E-10
CALSDV   53   51  0.1575E-10  0.1571E-10
CALSDV   54   51  0.1181E-10  0.1178E-10
CALSDV   55   51  0.1062E-10  0.1064E-10
CALSDV   56   51  0.1310E-10  0.1316E-10
CALSDV   57   51  0.1008E-10  0.1014E-10
CALSDV   58   51  0.1240E-10  0.1249E-10
CALSDV   59   51  0.1039E-10  0.1041E-10
CALSDV   60   51  0.1089E-10  0.1094E-10
CALSDV   52   52  0.8009E-11  0.8038E-11
CALSDV   53   52  0.1605E-10  0.1596E-10
CALSDV   54   52  0.1641E-10  0.1632E-10
CALSDV   55   52  0.1178E-10  0.1169E-10
CALSDV   56   52  0.1072E-10  0.1068E-10
CALSDV   57   52  0.1316E-10  0.1306E-10
CALSDV   58   52  0.1049E-10  0.1046E-10
CALSDV   59   52  0.1178E-10  0.1171E-10
CALSDV   60   52  0.1102E-10  0.1100E-10
CALSDV   53   53  0.7186E-11  0.7037E-11
CALSDV   54   53  0.1617E-10  0.1621E-10
CALSDV   55   53  0.1553E-10  0.1569E-10
CALSDV   56   53  0.1274E-10  0.1286E-10
CALSDV   57   53  0.1077E-10  0.1104E-10
CALSDV   58   53  0.1429E-10  0.1446E-10
CALSDV   59   53  0.1083E-10  0.1096E-10
CALSDV   60   53  0.1253E-10  0.1268E-10
CALSDV   54   54  0.7694E-11  0.7830E-11
CALSDV   55   54  0.1551E-10  0.1554E-10
CALSDV   56   54  0.1582E-10  0.1588E-10
CALSDV   57   54  0.1284E-10  0.1288E-10
CALSDV   58   54  0.1066E-10  0.1065E-10
CALSDV   59   54  0.1333E-10  0.1337E-10
CALSDV   60   54  0.1123E-10  0.1126E-10
CALSDV   55   55  0.7617E-11  0.7614E-11
CALSDV   56   55  0.1605E-10  0.1603E-10
CALSDV   57   55  0.1573E-10  0.1577E-10
CALSDV   58   55  0.1420E-10  0.1415E-10
CALSDV   59   55  0.1213E-10  0.1214E-10
CALSDV   60   55  0.1461E-10  0.1458E-10
CALSDV   56   56  0.8083E-11  0.7971E-11
CALSDV   57   56  0.1324E-10  0.1322E-10
CALSDV   58   56  0.1528E-10  0.1524E-10
CALSDV   59   56  0.1412E-10  0.1409E-10
CALSDV   60   56  0.1183E-10  0.1180E-10
CALSDV   57   57  0.8728E-11  0.8781E-11
CALSDV   58   57  0.1373E-10  0.1370E-10
CALSDV   59   57  0.1730E-10  0.1712E-10
CALSDV   60   57  0.1519E-10  0.1510E-10
CALSDV   58   58  0.8827E-11  0.8818E-11
CALSDV   59   58  0.1049E-10  0.1049E-10
CALSDV   60   58  0.1664E-10  0.1644E-10
CALSDV   59   59  0.7096E-11  0.7145E-11
CALSDV   60   59  0.1062E-10  0.1075E-10
CALSDV   60   60  0.7969E-11  0.7990E-11
