  This file contains calibrated standard deviations 
       The relevant data lines start with key CALSDV 
       Each such line contains the following data 
           N   M   C_SIGMA   S_SIGMA 
                 FOR M=0 S_SIGMA=0.0 
     
CALSDV    0    0  0.0000E+00  0.0000E+00
CALSDV    1    0  0.0000E+00  0.0000E+00
CALSDV    2    0  0.3798E-10  0.0000E+00
CALSDV    3    0  0.7632E-11  0.0000E+00
CALSDV    4    0  0.2957E-11  0.0000E+00
CALSDV    5    0  0.1994E-11  0.0000E+00
CALSDV    6    0  0.1536E-11  0.0000E+00
CALSDV    7    0  0.1238E-11  0.0000E+00
CALSDV    8    0  0.1046E-11  0.0000E+00
CALSDV    9    0  0.9086E-12  0.0000E+00
CALSDV   10    0  0.8117E-12  0.0000E+00
CALSDV   11    0  0.7366E-12  0.0000E+00
CALSDV   12    0  0.6796E-12  0.0000E+00
CALSDV   13    0  0.6344E-12  0.0000E+00
CALSDV   14    0  0.5993E-12  0.0000E+00
CALSDV   15    0  0.5714E-12  0.0000E+00
CALSDV   16    0  0.5492E-12  0.0000E+00
CALSDV   17    0  0.5313E-12  0.0000E+00
CALSDV   18    0  0.5176E-12  0.0000E+00
CALSDV   19    0  0.5070E-12  0.0000E+00
CALSDV   20    0  0.4990E-12  0.0000E+00
CALSDV   21    0  0.4935E-12  0.0000E+00
CALSDV   22    0  0.4899E-12  0.0000E+00
CALSDV   23    0  0.4883E-12  0.0000E+00
CALSDV   24    0  0.4885E-12  0.0000E+00
CALSDV   25    0  0.4899E-12  0.0000E+00
CALSDV   26    0  0.4930E-12  0.0000E+00
CALSDV   27    0  0.4974E-12  0.0000E+00
CALSDV   28    0  0.5031E-12  0.0000E+00
CALSDV   29    0  0.5102E-12  0.0000E+00
CALSDV   30    0  0.5183E-12  0.0000E+00
CALSDV   31    0  0.5277E-12  0.0000E+00
CALSDV   32    0  0.5384E-12  0.0000E+00
CALSDV   33    0  0.5503E-12  0.0000E+00
CALSDV   34    0  0.5633E-12  0.0000E+00
CALSDV   35    0  0.5775E-12  0.0000E+00
CALSDV   36    0  0.5932E-12  0.0000E+00
CALSDV   37    0  0.6101E-12  0.0000E+00
CALSDV   38    0  0.6283E-12  0.0000E+00
CALSDV   39    0  0.6480E-12  0.0000E+00
CALSDV   40    0  0.6692E-12  0.0000E+00
CALSDV   41    0  0.6918E-12  0.0000E+00
CALSDV   42    0  0.7161E-12  0.0000E+00
CALSDV   43    0  0.7420E-12  0.0000E+00
CALSDV   44    0  0.7697E-12  0.0000E+00
CALSDV   45    0  0.7992E-12  0.0000E+00
CALSDV   46    0  0.8307E-12  0.0000E+00
CALSDV   47    0  0.8642E-12  0.0000E+00
CALSDV   48    0  0.8999E-12  0.0000E+00
CALSDV   49    0  0.9378E-12  0.0000E+00
CALSDV   50    0  0.9783E-12  0.0000E+00
CALSDV   51    0  0.1021E-11  0.0000E+00
CALSDV   52    0  0.1067E-11  0.0000E+00
CALSDV   53    0  0.1115E-11  0.0000E+00
CALSDV   54    0  0.1167E-11  0.0000E+00
CALSDV   55    0  0.1220E-11  0.0000E+00
CALSDV   56    0  0.1279E-11  0.0000E+00
CALSDV   57    0  0.1335E-11  0.0000E+00
CALSDV   58    0  0.1398E-11  0.0000E+00
CALSDV   59    0  0.1322E-11  0.0000E+00
CALSDV   60    0  0.1381E-11  0.0000E+00
CALSDV    1    1  0.0000E+00  0.0000E+00
CALSDV    2    1  0.2089E-10  0.2099E-10
CALSDV    3    1  0.5966E-11  0.6019E-11
CALSDV    4    1  0.3145E-11  0.3152E-11
CALSDV    5    1  0.2133E-11  0.2127E-11
CALSDV    6    1  0.1606E-11  0.1599E-11
CALSDV    7    1  0.1290E-11  0.1286E-11
CALSDV    8    1  0.1080E-11  0.1076E-11
CALSDV    9    1  0.9360E-12  0.9325E-12
CALSDV   10    1  0.8305E-12  0.8276E-12
CALSDV   11    1  0.7529E-12  0.7494E-12
CALSDV   12    1  0.6918E-12  0.6895E-12
CALSDV   13    1  0.6449E-12  0.6427E-12
CALSDV   14    1  0.6085E-12  0.6062E-12
CALSDV   15    1  0.5788E-12  0.5768E-12
CALSDV   16    1  0.5555E-12  0.5537E-12
CALSDV   17    1  0.5372E-12  0.5353E-12
CALSDV   18    1  0.5227E-12  0.5210E-12
CALSDV   19    1  0.5115E-12  0.5098E-12
CALSDV   20    1  0.5032E-12  0.5016E-12
CALSDV   21    1  0.4972E-12  0.4956E-12
CALSDV   22    1  0.4937E-12  0.4920E-12
CALSDV   23    1  0.4917E-12  0.4901E-12
CALSDV   24    1  0.4914E-12  0.4899E-12
CALSDV   25    1  0.4930E-12  0.4913E-12
CALSDV   26    1  0.4959E-12  0.4943E-12
CALSDV   27    1  0.5001E-12  0.4984E-12
CALSDV   28    1  0.5058E-12  0.5041E-12
CALSDV   29    1  0.5126E-12  0.5109E-12
CALSDV   30    1  0.5209E-12  0.5192E-12
CALSDV   31    1  0.5301E-12  0.5284E-12
CALSDV   32    1  0.5407E-12  0.5389E-12
CALSDV   33    1  0.5524E-12  0.5507E-12
CALSDV   34    1  0.5657E-12  0.5637E-12
CALSDV   35    1  0.5799E-12  0.5780E-12
CALSDV   36    1  0.5955E-12  0.5934E-12
CALSDV   37    1  0.6123E-12  0.6103E-12
CALSDV   38    1  0.6306E-12  0.6286E-12
CALSDV   39    1  0.6503E-12  0.6481E-12
CALSDV   40    1  0.6714E-12  0.6692E-12
CALSDV   41    1  0.6941E-12  0.6918E-12
CALSDV   42    1  0.7184E-12  0.7160E-12
CALSDV   43    1  0.7444E-12  0.7419E-12
CALSDV   44    1  0.7720E-12  0.7695E-12
CALSDV   45    1  0.8017E-12  0.7990E-12
CALSDV   46    1  0.8331E-12  0.8304E-12
CALSDV   47    1  0.8667E-12  0.8639E-12
CALSDV   48    1  0.9025E-12  0.8994E-12
CALSDV   49    1  0.9405E-12  0.9373E-12
CALSDV   50    1  0.9809E-12  0.9777E-12
CALSDV   51    1  0.1024E-11  0.1020E-11
CALSDV   52    1  0.1070E-11  0.1066E-11
CALSDV   53    1  0.1118E-11  0.1114E-11
CALSDV   54    1  0.1170E-11  0.1166E-11
CALSDV   55    1  0.1224E-11  0.1220E-11
CALSDV   56    1  0.1282E-11  0.1278E-11
CALSDV   57    1  0.1338E-11  0.1334E-11
CALSDV   58    1  0.1401E-11  0.1397E-11
CALSDV   59    1  0.1327E-11  0.1324E-11
CALSDV   60    1  0.1386E-11  0.1382E-11
CALSDV    2    2  0.1875E-10  0.2156E-10
CALSDV    3    2  0.8870E-11  0.8859E-11
CALSDV    4    2  0.4354E-11  0.4361E-11
CALSDV    5    2  0.2703E-11  0.2698E-11
CALSDV    6    2  0.1965E-11  0.1967E-11
CALSDV    7    2  0.1503E-11  0.1506E-11
CALSDV    8    2  0.1233E-11  0.1235E-11
CALSDV    9    2  0.1039E-11  0.1041E-11
CALSDV   10    2  0.9113E-12  0.9133E-12
CALSDV   11    2  0.8122E-12  0.8135E-12
CALSDV   12    2  0.7403E-12  0.7413E-12
CALSDV   13    2  0.6829E-12  0.6840E-12
CALSDV   14    2  0.6398E-12  0.6410E-12
CALSDV   15    2  0.6052E-12  0.6061E-12
CALSDV   16    2  0.5780E-12  0.5791E-12
CALSDV   17    2  0.5560E-12  0.5569E-12
CALSDV   18    2  0.5392E-12  0.5402E-12
CALSDV   19    2  0.5261E-12  0.5268E-12
CALSDV   20    2  0.5159E-12  0.5169E-12
CALSDV   21    2  0.5087E-12  0.5096E-12
CALSDV   22    2  0.5037E-12  0.5045E-12
CALSDV   23    2  0.5008E-12  0.5017E-12
CALSDV   24    2  0.4999E-12  0.5008E-12
CALSDV   25    2  0.5005E-12  0.5013E-12
CALSDV   26    2  0.5028E-12  0.5036E-12
CALSDV   27    2  0.5065E-12  0.5074E-12
CALSDV   28    2  0.5116E-12  0.5125E-12
CALSDV   29    2  0.5182E-12  0.5190E-12
CALSDV   30    2  0.5258E-12  0.5267E-12
CALSDV   31    2  0.5348E-12  0.5358E-12
CALSDV   32    2  0.5450E-12  0.5460E-12
CALSDV   33    2  0.5566E-12  0.5576E-12
CALSDV   34    2  0.5693E-12  0.5703E-12
CALSDV   35    2  0.5834E-12  0.5844E-12
CALSDV   36    2  0.5987E-12  0.5998E-12
CALSDV   37    2  0.6155E-12  0.6166E-12
CALSDV   38    2  0.6335E-12  0.6346E-12
CALSDV   39    2  0.6530E-12  0.6542E-12
CALSDV   40    2  0.6740E-12  0.6752E-12
CALSDV   41    2  0.6965E-12  0.6977E-12
CALSDV   42    2  0.7206E-12  0.7220E-12
CALSDV   43    2  0.7464E-12  0.7477E-12
CALSDV   44    2  0.7740E-12  0.7754E-12
CALSDV   45    2  0.8033E-12  0.8049E-12
CALSDV   46    2  0.8348E-12  0.8364E-12
CALSDV   47    2  0.8682E-12  0.8699E-12
CALSDV   48    2  0.9039E-12  0.9055E-12
CALSDV   49    2  0.9418E-12  0.9436E-12
CALSDV   50    2  0.9821E-12  0.9839E-12
CALSDV   51    2  0.1025E-11  0.1027E-11
CALSDV   52    2  0.1071E-11  0.1073E-11
CALSDV   53    2  0.1119E-11  0.1121E-11
CALSDV   54    2  0.1171E-11  0.1173E-11
CALSDV   55    2  0.1225E-11  0.1227E-11
CALSDV   56    2  0.1283E-11  0.1285E-11
CALSDV   57    2  0.1340E-11  0.1342E-11
CALSDV   58    2  0.1403E-11  0.1406E-11
CALSDV   59    2  0.1341E-11  0.1343E-11
CALSDV   60    2  0.1399E-11  0.1402E-11
CALSDV    3    3  0.2145E-10  0.2148E-10
CALSDV    4    3  0.8800E-11  0.8817E-11
CALSDV    5    3  0.5955E-11  0.5966E-11
CALSDV    6    3  0.3130E-11  0.3127E-11
CALSDV    7    3  0.2814E-11  0.2816E-11
CALSDV    8    3  0.1732E-11  0.1728E-11
CALSDV    9    3  0.1674E-11  0.1675E-11
CALSDV   10    3  0.1170E-11  0.1169E-11
CALSDV   11    3  0.1160E-11  0.1161E-11
CALSDV   12    3  0.8940E-12  0.8934E-12
CALSDV   13    3  0.8926E-12  0.8932E-12
CALSDV   14    3  0.7400E-12  0.7398E-12
CALSDV   15    3  0.7403E-12  0.7409E-12
CALSDV   16    3  0.6471E-12  0.6470E-12
CALSDV   17    3  0.6490E-12  0.6495E-12
CALSDV   18    3  0.5900E-12  0.5899E-12
CALSDV   19    3  0.5926E-12  0.5928E-12
CALSDV   20    3  0.5547E-12  0.5546E-12
CALSDV   21    3  0.5586E-12  0.5586E-12
CALSDV   22    3  0.5343E-12  0.5344E-12
CALSDV   23    3  0.5396E-12  0.5396E-12
CALSDV   24    3  0.5248E-12  0.5247E-12
CALSDV   25    3  0.5316E-12  0.5316E-12
CALSDV   26    3  0.5238E-12  0.5237E-12
CALSDV   27    3  0.5320E-12  0.5320E-12
CALSDV   28    3  0.5295E-12  0.5296E-12
CALSDV   29    3  0.5395E-12  0.5394E-12
CALSDV   30    3  0.5416E-12  0.5414E-12
CALSDV   31    3  0.5533E-12  0.5532E-12
CALSDV   32    3  0.5590E-12  0.5589E-12
CALSDV   33    3  0.5727E-12  0.5727E-12
CALSDV   34    3  0.5821E-12  0.5819E-12
CALSDV   35    3  0.5979E-12  0.5977E-12
CALSDV   36    3  0.6104E-12  0.6102E-12
CALSDV   37    3  0.6285E-12  0.6284E-12
CALSDV   38    3  0.6444E-12  0.6441E-12
CALSDV   39    3  0.6650E-12  0.6649E-12
CALSDV   40    3  0.6841E-12  0.6839E-12
CALSDV   41    3  0.7077E-12  0.7075E-12
CALSDV   42    3  0.7303E-12  0.7300E-12
CALSDV   43    3  0.7570E-12  0.7568E-12
CALSDV   44    3  0.7833E-12  0.7830E-12
CALSDV   45    3  0.8135E-12  0.8132E-12
CALSDV   46    3  0.8438E-12  0.8435E-12
CALSDV   47    3  0.8780E-12  0.8777E-12
CALSDV   48    3  0.9127E-12  0.9124E-12
CALSDV   49    3  0.9513E-12  0.9510E-12
CALSDV   50    3  0.9910E-12  0.9905E-12
CALSDV   51    3  0.1034E-11  0.1034E-11
CALSDV   52    3  0.1080E-11  0.1079E-11
CALSDV   53    3  0.1129E-11  0.1128E-11
CALSDV   54    3  0.1180E-11  0.1179E-11
CALSDV   55    3  0.1235E-11  0.1235E-11
CALSDV   56    3  0.1293E-11  0.1292E-11
CALSDV   57    3  0.1353E-11  0.1352E-11
CALSDV   58    3  0.1416E-11  0.1416E-11
CALSDV   59    3  0.1377E-11  0.1377E-11
CALSDV   60    3  0.1434E-11  0.1434E-11
CALSDV    4    4  0.1115E-10  0.1094E-10
CALSDV    5    4  0.8507E-11  0.8455E-11
CALSDV    6    4  0.3708E-11  0.3691E-11
CALSDV    7    4  0.3142E-11  0.3111E-11
CALSDV    8    4  0.2000E-11  0.1999E-11
CALSDV    9    4  0.1720E-11  0.1707E-11
CALSDV   10    4  0.1315E-11  0.1315E-11
CALSDV   11    4  0.1174E-11  0.1169E-11
CALSDV   12    4  0.9856E-12  0.9847E-12
CALSDV   13    4  0.9079E-12  0.9056E-12
CALSDV   14    4  0.8034E-12  0.8032E-12
CALSDV   15    4  0.7596E-12  0.7579E-12
CALSDV   16    4  0.6955E-12  0.6950E-12
CALSDV   17    4  0.6694E-12  0.6690E-12
CALSDV   18    4  0.6285E-12  0.6283E-12
CALSDV   19    4  0.6136E-12  0.6132E-12
CALSDV   20    4  0.5866E-12  0.5866E-12
CALSDV   21    4  0.5789E-12  0.5787E-12
CALSDV   22    4  0.5614E-12  0.5616E-12
CALSDV   23    4  0.5589E-12  0.5588E-12
CALSDV   24    4  0.5485E-12  0.5485E-12
CALSDV   25    4  0.5496E-12  0.5496E-12
CALSDV   26    4  0.5446E-12  0.5448E-12
CALSDV   27    4  0.5489E-12  0.5490E-12
CALSDV   28    4  0.5484E-12  0.5484E-12
CALSDV   29    4  0.5554E-12  0.5555E-12
CALSDV   30    4  0.5585E-12  0.5586E-12
CALSDV   31    4  0.5680E-12  0.5682E-12
CALSDV   32    4  0.5747E-12  0.5749E-12
CALSDV   33    4  0.5867E-12  0.5869E-12
CALSDV   34    4  0.5965E-12  0.5966E-12
CALSDV   35    4  0.6109E-12  0.6112E-12
CALSDV   36    4  0.6239E-12  0.6241E-12
CALSDV   37    4  0.6410E-12  0.6412E-12
CALSDV   38    4  0.6569E-12  0.6571E-12
CALSDV   39    4  0.6768E-12  0.6771E-12
CALSDV   40    4  0.6962E-12  0.6964E-12
CALSDV   41    4  0.7190E-12  0.7192E-12
CALSDV   42    4  0.7417E-12  0.7420E-12
CALSDV   43    4  0.7678E-12  0.7681E-12
CALSDV   44    4  0.7942E-12  0.7945E-12
CALSDV   45    4  0.8239E-12  0.8241E-12
CALSDV   46    4  0.8543E-12  0.8546E-12
CALSDV   47    4  0.8880E-12  0.8884E-12
CALSDV   48    4  0.9228E-12  0.9233E-12
CALSDV   49    4  0.9612E-12  0.9614E-12
CALSDV   50    4  0.1001E-11  0.1001E-11
CALSDV   51    4  0.1044E-11  0.1045E-11
CALSDV   52    4  0.1089E-11  0.1090E-11
CALSDV   53    4  0.1138E-11  0.1139E-11
CALSDV   54    4  0.1190E-11  0.1190E-11
CALSDV   55    4  0.1245E-11  0.1246E-11
CALSDV   56    4  0.1303E-11  0.1304E-11
CALSDV   57    4  0.1364E-11  0.1365E-11
CALSDV   58    4  0.1428E-11  0.1429E-11
CALSDV   59    4  0.1407E-11  0.1408E-11
CALSDV   60    4  0.1466E-11  0.1467E-11
CALSDV    5    5  0.1555E-10  0.1548E-10
CALSDV    6    5  0.6369E-11  0.6316E-11
CALSDV    7    5  0.4239E-11  0.4244E-11
CALSDV    8    5  0.2541E-11  0.2541E-11
CALSDV    9    5  0.2439E-11  0.2439E-11
CALSDV   10    5  0.1574E-11  0.1579E-11
CALSDV   11    5  0.1668E-11  0.1668E-11
CALSDV   12    5  0.1182E-11  0.1184E-11
CALSDV   13    5  0.1252E-11  0.1250E-11
CALSDV   14    5  0.9644E-12  0.9660E-12
CALSDV   15    5  0.1003E-11  0.1002E-11
CALSDV   16    5  0.8282E-12  0.8289E-12
CALSDV   17    5  0.8485E-12  0.8473E-12
CALSDV   18    5  0.7372E-12  0.7376E-12
CALSDV   19    5  0.7478E-12  0.7469E-12
CALSDV   20    5  0.6764E-12  0.6766E-12
CALSDV   21    5  0.6824E-12  0.6816E-12
CALSDV   22    5  0.6365E-12  0.6365E-12
CALSDV   23    5  0.6408E-12  0.6399E-12
CALSDV   24    5  0.6113E-12  0.6112E-12
CALSDV   25    5  0.6158E-12  0.6150E-12
CALSDV   26    5  0.5982E-12  0.5979E-12
CALSDV   27    5  0.6033E-12  0.6026E-12
CALSDV   28    5  0.5943E-12  0.5941E-12
CALSDV   29    5  0.6007E-12  0.6003E-12
CALSDV   30    5  0.5985E-12  0.5981E-12
CALSDV   31    5  0.6068E-12  0.6063E-12
CALSDV   32    5  0.6096E-12  0.6093E-12
CALSDV   33    5  0.6202E-12  0.6196E-12
CALSDV   34    5  0.6275E-12  0.6271E-12
CALSDV   35    5  0.6402E-12  0.6398E-12
CALSDV   36    5  0.6516E-12  0.6511E-12
CALSDV   37    5  0.6669E-12  0.6664E-12
CALSDV   38    5  0.6821E-12  0.6816E-12
CALSDV   39    5  0.7001E-12  0.6996E-12
CALSDV   40    5  0.7189E-12  0.7184E-12
CALSDV   41    5  0.7402E-12  0.7395E-12
CALSDV   42    5  0.7625E-12  0.7621E-12
CALSDV   43    5  0.7871E-12  0.7865E-12
CALSDV   44    5  0.8135E-12  0.8129E-12
CALSDV   45    5  0.8417E-12  0.8411E-12
CALSDV   46    5  0.8723E-12  0.8716E-12
CALSDV   47    5  0.9047E-12  0.9040E-12
CALSDV   48    5  0.9397E-12  0.9391E-12
CALSDV   49    5  0.9766E-12  0.9760E-12
CALSDV   50    5  0.1017E-11  0.1016E-11
CALSDV   51    5  0.1059E-11  0.1058E-11
CALSDV   52    5  0.1104E-11  0.1104E-11
CALSDV   53    5  0.1152E-11  0.1152E-11
CALSDV   54    5  0.1204E-11  0.1203E-11
CALSDV   55    5  0.1259E-11  0.1258E-11
CALSDV   56    5  0.1317E-11  0.1317E-11
CALSDV   57    5  0.1379E-11  0.1378E-11
CALSDV   58    5  0.1444E-11  0.1444E-11
CALSDV   59    5  0.1439E-11  0.1437E-11
CALSDV   60    5  0.1499E-11  0.1498E-11
CALSDV    6    6  0.7456E-11  0.7525E-11
CALSDV    7    6  0.7925E-11  0.7914E-11
CALSDV    8    6  0.3642E-11  0.3657E-11
CALSDV    9    6  0.3700E-11  0.3689E-11
CALSDV   10    6  0.2270E-11  0.2277E-11
CALSDV   11    6  0.2174E-11  0.2165E-11
CALSDV   12    6  0.1544E-11  0.1547E-11
CALSDV   13    6  0.1495E-11  0.1490E-11
CALSDV   14    6  0.1154E-11  0.1155E-11
CALSDV   15    6  0.1143E-11  0.1140E-11
CALSDV   16    6  0.9331E-12  0.9331E-12
CALSDV   17    6  0.9404E-12  0.9384E-12
CALSDV   18    6  0.8027E-12  0.8016E-12
CALSDV   19    6  0.8166E-12  0.8151E-12
CALSDV   20    6  0.7211E-12  0.7201E-12
CALSDV   21    6  0.7376E-12  0.7364E-12
CALSDV   22    6  0.6708E-12  0.6700E-12
CALSDV   23    6  0.6870E-12  0.6866E-12
CALSDV   24    6  0.6407E-12  0.6395E-12
CALSDV   25    6  0.6568E-12  0.6555E-12
CALSDV   26    6  0.6241E-12  0.6233E-12
CALSDV   27    6  0.6402E-12  0.6394E-12
CALSDV   28    6  0.6188E-12  0.6176E-12
CALSDV   29    6  0.6342E-12  0.6336E-12
CALSDV   30    6  0.6214E-12  0.6205E-12
CALSDV   31    6  0.6377E-12  0.6370E-12
CALSDV   32    6  0.6318E-12  0.6308E-12
CALSDV   33    6  0.6487E-12  0.6481E-12
CALSDV   34    6  0.6487E-12  0.6478E-12
CALSDV   35    6  0.6670E-12  0.6663E-12
CALSDV   36    6  0.6723E-12  0.6712E-12
CALSDV   37    6  0.6921E-12  0.6912E-12
CALSDV   38    6  0.7019E-12  0.7011E-12
CALSDV   39    6  0.7237E-12  0.7230E-12
CALSDV   40    6  0.7382E-12  0.7373E-12
CALSDV   41    6  0.7624E-12  0.7614E-12
CALSDV   42    6  0.7814E-12  0.7803E-12
CALSDV   43    6  0.8082E-12  0.8073E-12
CALSDV   44    6  0.8317E-12  0.8306E-12
CALSDV   45    6  0.8618E-12  0.8608E-12
CALSDV   46    6  0.8899E-12  0.8888E-12
CALSDV   47    6  0.9237E-12  0.9227E-12
CALSDV   48    6  0.9568E-12  0.9555E-12
CALSDV   49    6  0.9949E-12  0.9938E-12
CALSDV   50    6  0.1033E-11  0.1032E-11
CALSDV   51    6  0.1076E-11  0.1075E-11
CALSDV   52    6  0.1120E-11  0.1119E-11
CALSDV   53    6  0.1169E-11  0.1168E-11
CALSDV   54    6  0.1220E-11  0.1218E-11
CALSDV   55    6  0.1276E-11  0.1274E-11
CALSDV   56    6  0.1333E-11  0.1331E-11
CALSDV   57    6  0.1396E-11  0.1395E-11
CALSDV   58    6  0.1461E-11  0.1459E-11
CALSDV   59    6  0.1473E-11  0.1471E-11
CALSDV   60    6  0.1532E-11  0.1530E-11
CALSDV    7    7  0.1094E-10  0.1088E-10
CALSDV    8    7  0.5897E-11  0.5892E-11
CALSDV    9    7  0.3808E-11  0.3807E-11
CALSDV   10    7  0.2436E-11  0.2427E-11
CALSDV   11    7  0.2246E-11  0.2250E-11
CALSDV   12    7  0.1493E-11  0.1487E-11
CALSDV   13    7  0.1537E-11  0.1540E-11
CALSDV   14    7  0.1188E-11  0.1184E-11
CALSDV   15    7  0.1170E-11  0.1171E-11
CALSDV   16    7  0.1035E-11  0.1032E-11
CALSDV   17    7  0.9629E-12  0.9637E-12
CALSDV   18    7  0.9299E-12  0.9277E-12
CALSDV   19    7  0.8411E-12  0.8410E-12
CALSDV   20    7  0.8520E-12  0.8508E-12
CALSDV   21    7  0.7639E-12  0.7641E-12
CALSDV   22    7  0.7944E-12  0.7930E-12
CALSDV   23    7  0.7153E-12  0.7157E-12
CALSDV   24    7  0.7524E-12  0.7509E-12
CALSDV   25    7  0.6862E-12  0.6855E-12
CALSDV   26    7  0.7235E-12  0.7225E-12
CALSDV   27    7  0.6692E-12  0.6698E-12
CALSDV   28    7  0.7063E-12  0.7051E-12
CALSDV   29    7  0.6636E-12  0.6637E-12
CALSDV   30    7  0.6985E-12  0.6977E-12
CALSDV   31    7  0.6661E-12  0.6661E-12
CALSDV   32    7  0.6995E-12  0.6988E-12
CALSDV   33    7  0.6762E-12  0.6765E-12
CALSDV   34    7  0.7084E-12  0.7080E-12
CALSDV   35    7  0.6933E-12  0.6935E-12
CALSDV   36    7  0.7248E-12  0.7245E-12
CALSDV   37    7  0.7171E-12  0.7175E-12
CALSDV   38    7  0.7487E-12  0.7485E-12
CALSDV   39    7  0.7477E-12  0.7481E-12
CALSDV   40    7  0.7798E-12  0.7797E-12
CALSDV   41    7  0.7852E-12  0.7856E-12
CALSDV   42    7  0.8184E-12  0.8186E-12
CALSDV   43    7  0.8298E-12  0.8303E-12
CALSDV   44    7  0.8649E-12  0.8651E-12
CALSDV   45    7  0.8821E-12  0.8828E-12
CALSDV   46    7  0.9198E-12  0.9201E-12
CALSDV   47    7  0.9430E-12  0.9438E-12
CALSDV   48    7  0.9837E-12  0.9843E-12
CALSDV   49    7  0.1013E-11  0.1014E-11
CALSDV   50    7  0.1058E-11  0.1058E-11
CALSDV   51    7  0.1093E-11  0.1094E-11
CALSDV   52    7  0.1143E-11  0.1143E-11
CALSDV   53    7  0.1185E-11  0.1186E-11
CALSDV   54    7  0.1240E-11  0.1241E-11
CALSDV   55    7  0.1290E-11  0.1292E-11
CALSDV   56    7  0.1351E-11  0.1353E-11
CALSDV   57    7  0.1411E-11  0.1413E-11
CALSDV   58    7  0.1479E-11  0.1481E-11
CALSDV   59    7  0.1498E-11  0.1500E-11
CALSDV   60    7  0.1564E-11  0.1565E-11
CALSDV    8    8  0.5296E-11  0.5225E-11
CALSDV    9    8  0.5371E-11  0.5450E-11
CALSDV   10    8  0.3530E-11  0.3506E-11
CALSDV   11    8  0.2883E-11  0.2953E-11
CALSDV   12    8  0.2541E-11  0.2516E-11
CALSDV   13    8  0.2047E-11  0.2098E-11
CALSDV   14    8  0.1827E-11  0.1806E-11
CALSDV   15    8  0.1617E-11  0.1654E-11
CALSDV   16    8  0.1389E-11  0.1373E-11
CALSDV   17    8  0.1342E-11  0.1371E-11
CALSDV   18    8  0.1123E-11  0.1112E-11
CALSDV   19    8  0.1152E-11  0.1172E-11
CALSDV   20    8  0.9613E-12  0.9538E-12
CALSDV   21    8  0.1017E-11  0.1034E-11
CALSDV   22    8  0.8604E-12  0.8555E-12
CALSDV   23    8  0.9209E-12  0.9345E-12
CALSDV   24    8  0.7970E-12  0.7934E-12
CALSDV   25    8  0.8539E-12  0.8644E-12
CALSDV   26    8  0.7585E-12  0.7565E-12
CALSDV   27    8  0.8083E-12  0.8168E-12
CALSDV   28    8  0.7362E-12  0.7348E-12
CALSDV   29    8  0.7797E-12  0.7867E-12
CALSDV   30    8  0.7271E-12  0.7261E-12
CALSDV   31    8  0.7643E-12  0.7701E-12
CALSDV   32    8  0.7275E-12  0.7273E-12
CALSDV   33    8  0.7602E-12  0.7651E-12
CALSDV   34    8  0.7364E-12  0.7363E-12
CALSDV   35    8  0.7660E-12  0.7702E-12
CALSDV   36    8  0.7529E-12  0.7532E-12
CALSDV   37    8  0.7806E-12  0.7843E-12
CALSDV   38    8  0.7766E-12  0.7771E-12
CALSDV   39    8  0.8037E-12  0.8068E-12
CALSDV   40    8  0.8077E-12  0.8083E-12
CALSDV   41    8  0.8349E-12  0.8377E-12
CALSDV   42    8  0.8458E-12  0.8469E-12
CALSDV   43    8  0.8742E-12  0.8768E-12
CALSDV   44    8  0.8919E-12  0.8929E-12
CALSDV   45    8  0.9221E-12  0.9247E-12
CALSDV   46    8  0.9460E-12  0.9473E-12
CALSDV   47    8  0.9791E-12  0.9816E-12
CALSDV   48    8  0.1009E-11  0.1011E-11
CALSDV   49    8  0.1046E-11  0.1048E-11
CALSDV   50    8  0.1082E-11  0.1084E-11
CALSDV   51    8  0.1123E-11  0.1126E-11
CALSDV   52    8  0.1166E-11  0.1168E-11
CALSDV   53    8  0.1212E-11  0.1215E-11
CALSDV   54    8  0.1262E-11  0.1264E-11
CALSDV   55    8  0.1315E-11  0.1318E-11
CALSDV   56    8  0.1372E-11  0.1375E-11
CALSDV   57    8  0.1435E-11  0.1438E-11
CALSDV   58    8  0.1500E-11  0.1503E-11
CALSDV   59    8  0.1538E-11  0.1541E-11
CALSDV   60    8  0.1600E-11  0.1601E-11
CALSDV    9    9  0.7939E-11  0.7869E-11
CALSDV   10    9  0.5429E-11  0.5429E-11
CALSDV   11    9  0.3692E-11  0.3685E-11
CALSDV   12    9  0.2463E-11  0.2468E-11
CALSDV   13    9  0.2387E-11  0.2386E-11
CALSDV   14    9  0.1549E-11  0.1556E-11
CALSDV   15    9  0.1626E-11  0.1627E-11
CALSDV   16    9  0.1253E-11  0.1256E-11
CALSDV   17    9  0.1205E-11  0.1207E-11
CALSDV   18    9  0.1113E-11  0.1115E-11
CALSDV   19    9  0.9803E-12  0.9828E-12
CALSDV   20    9  0.1019E-11  0.1020E-11
CALSDV   21    9  0.8630E-12  0.8657E-12
CALSDV   22    9  0.9466E-12  0.9475E-12
CALSDV   23    9  0.8016E-12  0.8029E-12
CALSDV   24    9  0.8919E-12  0.8924E-12
CALSDV   25    9  0.7681E-12  0.7695E-12
CALSDV   26    9  0.8511E-12  0.8517E-12
CALSDV   27    9  0.7516E-12  0.7535E-12
CALSDV   28    9  0.8224E-12  0.8230E-12
CALSDV   29    9  0.7462E-12  0.7470E-12
CALSDV   30    9  0.8052E-12  0.8058E-12
CALSDV   31    9  0.7481E-12  0.7494E-12
CALSDV   32    9  0.7977E-12  0.7984E-12
CALSDV   33    9  0.7574E-12  0.7585E-12
CALSDV   34    9  0.7994E-12  0.7996E-12
CALSDV   35    9  0.7726E-12  0.7733E-12
CALSDV   36    9  0.8091E-12  0.8097E-12
CALSDV   37    9  0.7940E-12  0.7948E-12
CALSDV   38    9  0.8271E-12  0.8276E-12
CALSDV   39    9  0.8215E-12  0.8225E-12
CALSDV   40    9  0.8531E-12  0.8535E-12
CALSDV   41    9  0.8559E-12  0.8568E-12
CALSDV   42    9  0.8869E-12  0.8876E-12
CALSDV   43    9  0.8972E-12  0.8980E-12
CALSDV   44    9  0.9290E-12  0.9297E-12
CALSDV   45    9  0.9461E-12  0.9469E-12
CALSDV   46    9  0.9799E-12  0.9806E-12
CALSDV   47    9  0.1003E-11  0.1004E-11
CALSDV   48    9  0.1040E-11  0.1041E-11
CALSDV   49    9  0.1070E-11  0.1071E-11
CALSDV   50    9  0.1111E-11  0.1111E-11
CALSDV   51    9  0.1146E-11  0.1147E-11
CALSDV   52    9  0.1192E-11  0.1193E-11
CALSDV   53    9  0.1235E-11  0.1236E-11
CALSDV   54    9  0.1286E-11  0.1287E-11
CALSDV   55    9  0.1337E-11  0.1338E-11
CALSDV   56    9  0.1395E-11  0.1396E-11
CALSDV   57    9  0.1456E-11  0.1457E-11
CALSDV   58    9  0.1521E-11  0.1522E-11
CALSDV   59    9  0.1567E-11  0.1568E-11
CALSDV   60    9  0.1628E-11  0.1629E-11
CALSDV   10   10  0.4698E-11  0.4679E-11
CALSDV   11   10  0.4367E-11  0.4346E-11
CALSDV   12   10  0.3194E-11  0.3199E-11
CALSDV   13   10  0.2244E-11  0.2243E-11
CALSDV   14   10  0.2540E-11  0.2543E-11
CALSDV   15   10  0.1822E-11  0.1825E-11
CALSDV   16   10  0.1931E-11  0.1934E-11
CALSDV   17   10  0.1644E-11  0.1648E-11
CALSDV   18   10  0.1525E-11  0.1526E-11
CALSDV   19   10  0.1488E-11  0.1491E-11
CALSDV   20   10  0.1271E-11  0.1271E-11
CALSDV   21   10  0.1347E-11  0.1349E-11
CALSDV   22   10  0.1113E-11  0.1113E-11
CALSDV   23   10  0.1226E-11  0.1228E-11
CALSDV   24   10  0.1014E-11  0.1013E-11
CALSDV   25   10  0.1129E-11  0.1130E-11
CALSDV   26   10  0.9503E-12  0.9499E-12
CALSDV   27   10  0.1054E-11  0.1055E-11
CALSDV   28   10  0.9098E-12  0.9098E-12
CALSDV   29   10  0.9982E-12  0.9982E-12
CALSDV   30   10  0.8863E-12  0.8855E-12
CALSDV   31   10  0.9588E-12  0.9587E-12
CALSDV   32   10  0.8745E-12  0.8735E-12
CALSDV   33   10  0.9339E-12  0.9336E-12
CALSDV   34   10  0.8729E-12  0.8719E-12
CALSDV   35   10  0.9215E-12  0.9211E-12
CALSDV   36   10  0.8800E-12  0.8790E-12
CALSDV   37   10  0.9203E-12  0.9198E-12
CALSDV   38   10  0.8949E-12  0.8938E-12
CALSDV   39   10  0.9297E-12  0.9292E-12
CALSDV   40   10  0.9176E-12  0.9169E-12
CALSDV   41   10  0.9488E-12  0.9482E-12
CALSDV   42   10  0.9483E-12  0.9475E-12
CALSDV   43   10  0.9776E-12  0.9771E-12
CALSDV   44   10  0.9869E-12  0.9862E-12
CALSDV   45   10  0.1016E-11  0.1015E-11
CALSDV   46   10  0.1034E-11  0.1034E-11
CALSDV   47   10  0.1064E-11  0.1064E-11
CALSDV   48   10  0.1091E-11  0.1090E-11
CALSDV   49   10  0.1123E-11  0.1123E-11
CALSDV   50   10  0.1158E-11  0.1157E-11
CALSDV   51   10  0.1193E-11  0.1193E-11
CALSDV   52   10  0.1235E-11  0.1235E-11
CALSDV   53   10  0.1276E-11  0.1275E-11
CALSDV   54   10  0.1326E-11  0.1325E-11
CALSDV   55   10  0.1373E-11  0.1372E-11
CALSDV   56   10  0.1430E-11  0.1430E-11
CALSDV   57   10  0.1488E-11  0.1488E-11
CALSDV   58   10  0.1555E-11  0.1554E-11
CALSDV   59   10  0.1611E-11  0.1610E-11
CALSDV   60   10  0.1675E-11  0.1674E-11
CALSDV   11   11  0.5580E-11  0.5543E-11
CALSDV   12   11  0.4841E-11  0.4808E-11
CALSDV   13   11  0.3438E-11  0.3429E-11
CALSDV   14   11  0.2461E-11  0.2450E-11
CALSDV   15   11  0.2515E-11  0.2512E-11
CALSDV   16   11  0.1696E-11  0.1694E-11
CALSDV   17   11  0.1778E-11  0.1779E-11
CALSDV   18   11  0.1395E-11  0.1397E-11
CALSDV   19   11  0.1318E-11  0.1318E-11
CALSDV   20   11  0.1223E-11  0.1226E-11
CALSDV   21   11  0.1064E-11  0.1065E-11
CALSDV   22   11  0.1104E-11  0.1106E-11
CALSDV   23   11  0.9373E-12  0.9375E-12
CALSDV   24   11  0.1018E-11  0.1019E-11
CALSDV   25   11  0.8806E-12  0.8806E-12
CALSDV   26   11  0.9561E-12  0.9562E-12
CALSDV   27   11  0.8578E-12  0.8576E-12
CALSDV   28   11  0.9143E-12  0.9144E-12
CALSDV   29   11  0.8517E-12  0.8514E-12
CALSDV   30   11  0.8884E-12  0.8882E-12
CALSDV   31   11  0.8550E-12  0.8550E-12
CALSDV   32   11  0.8752E-12  0.8749E-12
CALSDV   33   11  0.8644E-12  0.8641E-12
CALSDV   34   11  0.8732E-12  0.8731E-12
CALSDV   35   11  0.8788E-12  0.8788E-12
CALSDV   36   11  0.8813E-12  0.8811E-12
CALSDV   37   11  0.8984E-12  0.8984E-12
CALSDV   38   11  0.8976E-12  0.8975E-12
CALSDV   39   11  0.9232E-12  0.9230E-12
CALSDV   40   11  0.9222E-12  0.9222E-12
CALSDV   41   11  0.9537E-12  0.9539E-12
CALSDV   42   11  0.9548E-12  0.9546E-12
CALSDV   43   11  0.9907E-12  0.9909E-12
CALSDV   44   11  0.9957E-12  0.9956E-12
CALSDV   45   11  0.1035E-11  0.1035E-11
CALSDV   46   11  0.1045E-11  0.1045E-11
CALSDV   47   11  0.1087E-11  0.1087E-11
CALSDV   48   11  0.1103E-11  0.1103E-11
CALSDV   49   11  0.1148E-11  0.1148E-11
CALSDV   50   11  0.1171E-11  0.1171E-11
CALSDV   51   11  0.1219E-11  0.1219E-11
CALSDV   52   11  0.1250E-11  0.1250E-11
CALSDV   53   11  0.1301E-11  0.1301E-11
CALSDV   54   11  0.1341E-11  0.1341E-11
CALSDV   55   11  0.1396E-11  0.1397E-11
CALSDV   56   11  0.1446E-11  0.1446E-11
CALSDV   57   11  0.1511E-11  0.1511E-11
CALSDV   58   11  0.1570E-11  0.1570E-11
CALSDV   59   11  0.1639E-11  0.1639E-11
CALSDV   60   11  0.1693E-11  0.1693E-11
CALSDV   12   12  0.4313E-11  0.4268E-11
CALSDV   13   12  0.4254E-11  0.4224E-11
CALSDV   14   12  0.2964E-11  0.2960E-11
CALSDV   15   12  0.2068E-11  0.2057E-11
CALSDV   16   12  0.2409E-11  0.2404E-11
CALSDV   17   12  0.1680E-11  0.1672E-11
CALSDV   18   12  0.1847E-11  0.1843E-11
CALSDV   19   12  0.1602E-11  0.1596E-11
CALSDV   20   12  0.1482E-11  0.1478E-11
CALSDV   21   12  0.1514E-11  0.1510E-11
CALSDV   22   12  0.1275E-11  0.1272E-11
CALSDV   23   12  0.1414E-11  0.1411E-11
CALSDV   24   12  0.1164E-11  0.1161E-11
CALSDV   25   12  0.1318E-11  0.1316E-11
CALSDV   26   12  0.1102E-11  0.1100E-11
CALSDV   27   12  0.1235E-11  0.1233E-11
CALSDV   28   12  0.1067E-11  0.1065E-11
CALSDV   29   12  0.1169E-11  0.1167E-11
CALSDV   30   12  0.1047E-11  0.1045E-11
CALSDV   31   12  0.1118E-11  0.1116E-11
CALSDV   32   12  0.1035E-11  0.1034E-11
CALSDV   33   12  0.1082E-11  0.1080E-11
CALSDV   34   12  0.1031E-11  0.1030E-11
CALSDV   35   12  0.1059E-11  0.1058E-11
CALSDV   36   12  0.1034E-11  0.1032E-11
CALSDV   37   12  0.1049E-11  0.1048E-11
CALSDV   38   12  0.1043E-11  0.1042E-11
CALSDV   39   12  0.1051E-11  0.1049E-11
CALSDV   40   12  0.1059E-11  0.1058E-11
CALSDV   41   12  0.1062E-11  0.1060E-11
CALSDV   42   12  0.1082E-11  0.1081E-11
CALSDV   43   12  0.1083E-11  0.1082E-11
CALSDV   44   12  0.1113E-11  0.1111E-11
CALSDV   45   12  0.1115E-11  0.1113E-11
CALSDV   46   12  0.1151E-11  0.1150E-11
CALSDV   47   12  0.1156E-11  0.1155E-11
CALSDV   48   12  0.1199E-11  0.1198E-11
CALSDV   49   12  0.1209E-11  0.1207E-11
CALSDV   50   12  0.1257E-11  0.1255E-11
CALSDV   51   12  0.1272E-11  0.1270E-11
CALSDV   52   12  0.1326E-11  0.1324E-11
CALSDV   53   12  0.1347E-11  0.1345E-11
CALSDV   54   12  0.1407E-11  0.1405E-11
CALSDV   55   12  0.1437E-11  0.1435E-11
CALSDV   56   12  0.1503E-11  0.1501E-11
CALSDV   57   12  0.1546E-11  0.1544E-11
CALSDV   58   12  0.1620E-11  0.1618E-11
CALSDV   59   12  0.1680E-11  0.1677E-11
CALSDV   60   12  0.1754E-11  0.1751E-11
CALSDV   13   13  0.4312E-11  0.4327E-11
CALSDV   14   13  0.4200E-11  0.4228E-11
CALSDV   15   13  0.3242E-11  0.3240E-11
CALSDV   16   13  0.2290E-11  0.2299E-11
CALSDV   17   13  0.2600E-11  0.2598E-11
CALSDV   18   13  0.1775E-11  0.1776E-11
CALSDV   19   13  0.1909E-11  0.1906E-11
CALSDV   20   13  0.1540E-11  0.1539E-11
CALSDV   21   13  0.1430E-11  0.1430E-11
CALSDV   22   13  0.1359E-11  0.1357E-11
CALSDV   23   13  0.1156E-11  0.1156E-11
CALSDV   24   13  0.1212E-11  0.1211E-11
CALSDV   25   13  0.1022E-11  0.1023E-11
CALSDV   26   13  0.1102E-11  0.1101E-11
CALSDV   27   13  0.9692E-12  0.9699E-12
CALSDV   28   13  0.1025E-11  0.1025E-11
CALSDV   29   13  0.9550E-12  0.9561E-12
CALSDV   30   13  0.9769E-12  0.9773E-12
CALSDV   31   13  0.9593E-12  0.9605E-12
CALSDV   32   13  0.9518E-12  0.9522E-12
CALSDV   33   13  0.9710E-12  0.9724E-12
CALSDV   34   13  0.9436E-12  0.9447E-12
CALSDV   35   13  0.9882E-12  0.9895E-12
CALSDV   36   13  0.9492E-12  0.9502E-12
CALSDV   37   13  0.1009E-11  0.1010E-11
CALSDV   38   13  0.9664E-12  0.9672E-12
CALSDV   39   13  0.1033E-11  0.1034E-11
CALSDV   40   13  0.9924E-12  0.9937E-12
CALSDV   41   13  0.1062E-11  0.1063E-11
CALSDV   42   13  0.1027E-11  0.1028E-11
CALSDV   43   13  0.1096E-11  0.1096E-11
CALSDV   44   13  0.1068E-11  0.1070E-11
CALSDV   45   13  0.1135E-11  0.1137E-11
CALSDV   46   13  0.1118E-11  0.1119E-11
CALSDV   47   13  0.1182E-11  0.1184E-11
CALSDV   48   13  0.1176E-11  0.1177E-11
CALSDV   49   13  0.1237E-11  0.1239E-11
CALSDV   50   13  0.1242E-11  0.1244E-11
CALSDV   51   13  0.1302E-11  0.1304E-11
CALSDV   52   13  0.1319E-11  0.1320E-11
CALSDV   53   13  0.1377E-11  0.1379E-11
CALSDV   54   13  0.1406E-11  0.1408E-11
CALSDV   55   13  0.1465E-11  0.1467E-11
CALSDV   56   13  0.1507E-11  0.1509E-11
CALSDV   57   13  0.1572E-11  0.1574E-11
CALSDV   58   13  0.1626E-11  0.1628E-11
CALSDV   59   13  0.1708E-11  0.1711E-11
CALSDV   60   13  0.1760E-11  0.1762E-11
CALSDV   14   14  0.3573E-11  0.3579E-11
CALSDV   15   14  0.4343E-11  0.4349E-11
CALSDV   16   14  0.2951E-11  0.2952E-11
CALSDV   17   14  0.2181E-11  0.2175E-11
CALSDV   18   14  0.2428E-11  0.2431E-11
CALSDV   19   14  0.1714E-11  0.1709E-11
CALSDV   20   14  0.1816E-11  0.1818E-11
CALSDV   21   14  0.1626E-11  0.1623E-11
CALSDV   22   14  0.1420E-11  0.1421E-11
CALSDV   23   14  0.1548E-11  0.1548E-11
CALSDV   24   14  0.1226E-11  0.1227E-11
CALSDV   25   14  0.1461E-11  0.1459E-11
CALSDV   26   14  0.1155E-11  0.1157E-11
CALSDV   27   14  0.1376E-11  0.1375E-11
CALSDV   28   14  0.1140E-11  0.1140E-11
CALSDV   29   14  0.1304E-11  0.1302E-11
CALSDV   30   14  0.1143E-11  0.1144E-11
CALSDV   31   14  0.1246E-11  0.1246E-11
CALSDV   32   14  0.1154E-11  0.1153E-11
CALSDV   33   14  0.1206E-11  0.1205E-11
CALSDV   34   14  0.1164E-11  0.1165E-11
CALSDV   35   14  0.1178E-11  0.1178E-11
CALSDV   36   14  0.1177E-11  0.1177E-11
CALSDV   37   14  0.1165E-11  0.1165E-11
CALSDV   38   14  0.1190E-11  0.1191E-11
CALSDV   39   14  0.1162E-11  0.1163E-11
CALSDV   40   14  0.1207E-11  0.1207E-11
CALSDV   41   14  0.1171E-11  0.1171E-11
CALSDV   42   14  0.1228E-11  0.1227E-11
CALSDV   43   14  0.1189E-11  0.1189E-11
CALSDV   44   14  0.1254E-11  0.1253E-11
CALSDV   45   14  0.1217E-11  0.1216E-11
CALSDV   46   14  0.1286E-11  0.1285E-11
CALSDV   47   14  0.1254E-11  0.1253E-11
CALSDV   48   14  0.1326E-11  0.1325E-11
CALSDV   49   14  0.1301E-11  0.1300E-11
CALSDV   50   14  0.1374E-11  0.1373E-11
CALSDV   51   14  0.1358E-11  0.1357E-11
CALSDV   52   14  0.1433E-11  0.1432E-11
CALSDV   53   14  0.1427E-11  0.1426E-11
CALSDV   54   14  0.1503E-11  0.1502E-11
CALSDV   55   14  0.1509E-11  0.1507E-11
CALSDV   56   14  0.1587E-11  0.1586E-11
CALSDV   57   14  0.1610E-11  0.1608E-11
CALSDV   58   14  0.1693E-11  0.1691E-11
CALSDV   59   14  0.1749E-11  0.1747E-11
CALSDV   60   14  0.1833E-11  0.1831E-11
CALSDV   15   15  0.4187E-11  0.4180E-11
CALSDV   16   15  0.4340E-11  0.4355E-11
CALSDV   17   15  0.3124E-11  0.3143E-11
CALSDV   18   15  0.2298E-11  0.2304E-11
CALSDV   19   15  0.2684E-11  0.2689E-11
CALSDV   20   15  0.1761E-11  0.1769E-11
CALSDV   21   15  0.2080E-11  0.2084E-11
CALSDV   22   15  0.1579E-11  0.1583E-11
CALSDV   23   15  0.1636E-11  0.1640E-11
CALSDV   24   15  0.1442E-11  0.1445E-11
CALSDV   25   15  0.1372E-11  0.1376E-11
CALSDV   26   15  0.1322E-11  0.1324E-11
CALSDV   27   15  0.1238E-11  0.1241E-11
CALSDV   28   15  0.1225E-11  0.1227E-11
CALSDV   29   15  0.1178E-11  0.1181E-11
CALSDV   30   15  0.1155E-11  0.1157E-11
CALSDV   31   15  0.1155E-11  0.1158E-11
CALSDV   32   15  0.1112E-11  0.1113E-11
CALSDV   33   15  0.1152E-11  0.1155E-11
CALSDV   34   15  0.1090E-11  0.1092E-11
CALSDV   35   15  0.1158E-11  0.1161E-11
CALSDV   36   15  0.1086E-11  0.1088E-11
CALSDV   37   15  0.1170E-11  0.1172E-11
CALSDV   38   15  0.1095E-11  0.1097E-11
CALSDV   39   15  0.1187E-11  0.1189E-11
CALSDV   40   15  0.1116E-11  0.1118E-11
CALSDV   41   15  0.1208E-11  0.1211E-11
CALSDV   42   15  0.1145E-11  0.1148E-11
CALSDV   43   15  0.1235E-11  0.1237E-11
CALSDV   44   15  0.1183E-11  0.1186E-11
CALSDV   45   15  0.1266E-11  0.1270E-11
CALSDV   46   15  0.1228E-11  0.1232E-11
CALSDV   47   15  0.1305E-11  0.1309E-11
CALSDV   48   15  0.1281E-11  0.1285E-11
CALSDV   49   15  0.1351E-11  0.1355E-11
CALSDV   50   15  0.1342E-11  0.1347E-11
CALSDV   51   15  0.1405E-11  0.1411E-11
CALSDV   52   15  0.1412E-11  0.1418E-11
CALSDV   53   15  0.1470E-11  0.1476E-11
CALSDV   54   15  0.1492E-11  0.1498E-11
CALSDV   55   15  0.1547E-11  0.1553E-11
CALSDV   56   15  0.1584E-11  0.1591E-11
CALSDV   57   15  0.1642E-11  0.1649E-11
CALSDV   58   15  0.1694E-11  0.1702E-11
CALSDV   59   15  0.1781E-11  0.1789E-11
CALSDV   60   15  0.1833E-11  0.1841E-11
CALSDV   16   16  0.3166E-11  0.3162E-11
CALSDV   17   16  0.4142E-11  0.4145E-11
CALSDV   18   16  0.3016E-11  0.3023E-11
CALSDV   19   16  0.2157E-11  0.2168E-11
CALSDV   20   16  0.2578E-11  0.2581E-11
CALSDV   21   16  0.1779E-11  0.1783E-11
CALSDV   22   16  0.1935E-11  0.1937E-11
CALSDV   23   16  0.1698E-11  0.1700E-11
CALSDV   24   16  0.1499E-11  0.1497E-11
CALSDV   25   16  0.1608E-11  0.1609E-11
CALSDV   26   16  0.1290E-11  0.1290E-11
CALSDV   27   16  0.1508E-11  0.1507E-11
CALSDV   28   16  0.1231E-11  0.1231E-11
CALSDV   29   16  0.1418E-11  0.1417E-11
CALSDV   30   16  0.1239E-11  0.1239E-11
CALSDV   31   16  0.1350E-11  0.1347E-11
CALSDV   32   16  0.1266E-11  0.1267E-11
CALSDV   33   16  0.1302E-11  0.1300E-11
CALSDV   34   16  0.1295E-11  0.1297E-11
CALSDV   35   16  0.1274E-11  0.1272E-11
CALSDV   36   16  0.1321E-11  0.1323E-11
CALSDV   37   16  0.1263E-11  0.1260E-11
CALSDV   38   16  0.1344E-11  0.1346E-11
CALSDV   39   16  0.1263E-11  0.1262E-11
CALSDV   40   16  0.1365E-11  0.1367E-11
CALSDV   41   16  0.1275E-11  0.1274E-11
CALSDV   42   16  0.1386E-11  0.1388E-11
CALSDV   43   16  0.1295E-11  0.1295E-11
CALSDV   44   16  0.1409E-11  0.1411E-11
CALSDV   45   16  0.1324E-11  0.1324E-11
CALSDV   46   16  0.1436E-11  0.1438E-11
CALSDV   47   16  0.1360E-11  0.1361E-11
CALSDV   48   16  0.1468E-11  0.1470E-11
CALSDV   49   16  0.1404E-11  0.1405E-11
CALSDV   50   16  0.1507E-11  0.1509E-11
CALSDV   51   16  0.1457E-11  0.1458E-11
CALSDV   52   16  0.1554E-11  0.1557E-11
CALSDV   53   16  0.1519E-11  0.1521E-11
CALSDV   54   16  0.1611E-11  0.1615E-11
CALSDV   55   16  0.1591E-11  0.1594E-11
CALSDV   56   16  0.1682E-11  0.1685E-11
CALSDV   57   16  0.1682E-11  0.1685E-11
CALSDV   58   16  0.1773E-11  0.1776E-11
CALSDV   59   16  0.1821E-11  0.1825E-11
CALSDV   60   16  0.1911E-11  0.1915E-11
CALSDV   17   17  0.2952E-11  0.2959E-11
CALSDV   18   17  0.3642E-11  0.3632E-11
CALSDV   19   17  0.2934E-11  0.2930E-11
CALSDV   20   17  0.2018E-11  0.2013E-11
CALSDV   21   17  0.2574E-11  0.2573E-11
CALSDV   22   17  0.1882E-11  0.1883E-11
CALSDV   23   17  0.1979E-11  0.1981E-11
CALSDV   24   17  0.1802E-11  0.1805E-11
CALSDV   25   17  0.1544E-11  0.1546E-11
CALSDV   26   17  0.1642E-11  0.1645E-11
CALSDV   27   17  0.1301E-11  0.1302E-11
CALSDV   28   17  0.1466E-11  0.1469E-11
CALSDV   29   17  0.1197E-11  0.1197E-11
CALSDV   30   17  0.1317E-11  0.1320E-11
CALSDV   31   17  0.1170E-11  0.1169E-11
CALSDV   32   17  0.1212E-11  0.1215E-11
CALSDV   33   17  0.1176E-11  0.1175E-11
CALSDV   34   17  0.1153E-11  0.1154E-11
CALSDV   35   17  0.1195E-11  0.1194E-11
CALSDV   36   17  0.1131E-11  0.1131E-11
CALSDV   37   17  0.1221E-11  0.1220E-11
CALSDV   38   17  0.1138E-11  0.1138E-11
CALSDV   39   17  0.1249E-11  0.1247E-11
CALSDV   40   17  0.1165E-11  0.1164E-11
CALSDV   41   17  0.1279E-11  0.1278E-11
CALSDV   42   17  0.1204E-11  0.1203E-11
CALSDV   43   17  0.1313E-11  0.1311E-11
CALSDV   44   17  0.1253E-11  0.1251E-11
CALSDV   45   17  0.1350E-11  0.1349E-11
CALSDV   46   17  0.1308E-11  0.1307E-11
CALSDV   47   17  0.1392E-11  0.1390E-11
CALSDV   48   17  0.1369E-11  0.1367E-11
CALSDV   49   17  0.1439E-11  0.1438E-11
CALSDV   50   17  0.1434E-11  0.1433E-11
CALSDV   51   17  0.1493E-11  0.1492E-11
CALSDV   52   17  0.1506E-11  0.1504E-11
CALSDV   53   17  0.1555E-11  0.1554E-11
CALSDV   54   17  0.1584E-11  0.1583E-11
CALSDV   55   17  0.1627E-11  0.1625E-11
CALSDV   56   17  0.1672E-11  0.1670E-11
CALSDV   57   17  0.1714E-11  0.1713E-11
CALSDV   58   17  0.1774E-11  0.1772E-11
CALSDV   59   17  0.1852E-11  0.1850E-11
CALSDV   60   17  0.1915E-11  0.1913E-11
CALSDV   18   18  0.3343E-11  0.3312E-11
CALSDV   19   18  0.3721E-11  0.3721E-11
CALSDV   20   18  0.3167E-11  0.3164E-11
CALSDV   21   18  0.1921E-11  0.1921E-11
CALSDV   22   18  0.2706E-11  0.2710E-11
CALSDV   23   18  0.1770E-11  0.1770E-11
CALSDV   24   18  0.2011E-11  0.2017E-11
CALSDV   25   18  0.1756E-11  0.1758E-11
CALSDV   26   18  0.1542E-11  0.1546E-11
CALSDV   27   18  0.1667E-11  0.1668E-11
CALSDV   28   18  0.1342E-11  0.1342E-11
CALSDV   29   18  0.1552E-11  0.1552E-11
CALSDV   30   18  0.1317E-11  0.1316E-11
CALSDV   31   18  0.1453E-11  0.1453E-11
CALSDV   32   18  0.1363E-11  0.1361E-11
CALSDV   33   18  0.1386E-11  0.1385E-11
CALSDV   34   18  0.1420E-11  0.1418E-11
CALSDV   35   18  0.1351E-11  0.1350E-11
CALSDV   36   18  0.1471E-11  0.1469E-11
CALSDV   37   18  0.1341E-11  0.1340E-11
CALSDV   38   18  0.1510E-11  0.1509E-11
CALSDV   39   18  0.1350E-11  0.1350E-11
CALSDV   40   18  0.1541E-11  0.1540E-11
CALSDV   41   18  0.1370E-11  0.1370E-11
CALSDV   42   18  0.1565E-11  0.1565E-11
CALSDV   43   18  0.1400E-11  0.1400E-11
CALSDV   44   18  0.1587E-11  0.1587E-11
CALSDV   45   18  0.1436E-11  0.1436E-11
CALSDV   46   18  0.1609E-11  0.1609E-11
CALSDV   47   18  0.1476E-11  0.1477E-11
CALSDV   48   18  0.1633E-11  0.1633E-11
CALSDV   49   18  0.1521E-11  0.1522E-11
CALSDV   50   18  0.1661E-11  0.1662E-11
CALSDV   51   18  0.1571E-11  0.1572E-11
CALSDV   52   18  0.1696E-11  0.1696E-11
CALSDV   53   18  0.1627E-11  0.1628E-11
CALSDV   54   18  0.1739E-11  0.1739E-11
CALSDV   55   18  0.1691E-11  0.1691E-11
CALSDV   56   18  0.1793E-11  0.1793E-11
CALSDV   57   18  0.1769E-11  0.1769E-11
CALSDV   58   18  0.1866E-11  0.1867E-11
CALSDV   59   18  0.1903E-11  0.1903E-11
CALSDV   60   18  0.1995E-11  0.1995E-11
CALSDV   19   19  0.2886E-11  0.2867E-11
CALSDV   20   19  0.3518E-11  0.3533E-11
CALSDV   21   19  0.2945E-11  0.2946E-11
CALSDV   22   19  0.1946E-11  0.1958E-11
CALSDV   23   19  0.2584E-11  0.2582E-11
CALSDV   24   19  0.2000E-11  0.2004E-11
CALSDV   25   19  0.2011E-11  0.2008E-11
CALSDV   26   19  0.2009E-11  0.2013E-11
CALSDV   27   19  0.1608E-11  0.1608E-11
CALSDV   28   19  0.1874E-11  0.1881E-11
CALSDV   29   19  0.1396E-11  0.1396E-11
CALSDV   30   19  0.1693E-11  0.1702E-11
CALSDV   31   19  0.1309E-11  0.1310E-11
CALSDV   32   19  0.1529E-11  0.1539E-11
CALSDV   33   19  0.1289E-11  0.1289E-11
CALSDV   34   19  0.1410E-11  0.1420E-11
CALSDV   35   19  0.1297E-11  0.1296E-11
CALSDV   36   19  0.1340E-11  0.1349E-11
CALSDV   37   19  0.1316E-11  0.1315E-11
CALSDV   38   19  0.1313E-11  0.1321E-11
CALSDV   39   19  0.1342E-11  0.1339E-11
CALSDV   40   19  0.1320E-11  0.1326E-11
CALSDV   41   19  0.1372E-11  0.1369E-11
CALSDV   42   19  0.1350E-11  0.1354E-11
CALSDV   43   19  0.1406E-11  0.1403E-11
CALSDV   44   19  0.1392E-11  0.1396E-11
CALSDV   45   19  0.1445E-11  0.1441E-11
CALSDV   46   19  0.1444E-11  0.1447E-11
CALSDV   47   19  0.1487E-11  0.1484E-11
CALSDV   48   19  0.1503E-11  0.1505E-11
CALSDV   49   19  0.1535E-11  0.1532E-11
CALSDV   50   19  0.1565E-11  0.1566E-11
CALSDV   51   19  0.1587E-11  0.1585E-11
CALSDV   52   19  0.1631E-11  0.1631E-11
CALSDV   53   19  0.1646E-11  0.1645E-11
CALSDV   54   19  0.1701E-11  0.1701E-11
CALSDV   55   19  0.1712E-11  0.1710E-11
CALSDV   56   19  0.1776E-11  0.1777E-11
CALSDV   57   19  0.1790E-11  0.1789E-11
CALSDV   58   19  0.1865E-11  0.1865E-11
CALSDV   59   19  0.1922E-11  0.1921E-11
CALSDV   60   19  0.1999E-11  0.1999E-11
CALSDV   20   20  0.3198E-11  0.3174E-11
CALSDV   21   20  0.3622E-11  0.3621E-11
CALSDV   22   20  0.3263E-11  0.3253E-11
CALSDV   23   20  0.1897E-11  0.1898E-11
CALSDV   24   20  0.2829E-11  0.2826E-11
CALSDV   25   20  0.1866E-11  0.1866E-11
CALSDV   26   20  0.2121E-11  0.2120E-11
CALSDV   27   20  0.1874E-11  0.1874E-11
CALSDV   28   20  0.1633E-11  0.1633E-11
CALSDV   29   20  0.1762E-11  0.1762E-11
CALSDV   30   20  0.1424E-11  0.1422E-11
CALSDV   31   20  0.1618E-11  0.1618E-11
CALSDV   32   20  0.1401E-11  0.1399E-11
CALSDV   33   20  0.1502E-11  0.1501E-11
CALSDV   34   20  0.1456E-11  0.1454E-11
CALSDV   35   20  0.1433E-11  0.1433E-11
CALSDV   36   20  0.1525E-11  0.1524E-11
CALSDV   37   20  0.1409E-11  0.1408E-11
CALSDV   38   20  0.1586E-11  0.1585E-11
CALSDV   39   20  0.1419E-11  0.1418E-11
CALSDV   40   20  0.1636E-11  0.1634E-11
CALSDV   41   20  0.1451E-11  0.1450E-11
CALSDV   42   20  0.1675E-11  0.1673E-11
CALSDV   43   20  0.1494E-11  0.1493E-11
CALSDV   44   20  0.1706E-11  0.1705E-11
CALSDV   45   20  0.1542E-11  0.1540E-11
CALSDV   46   20  0.1734E-11  0.1733E-11
CALSDV   47   20  0.1592E-11  0.1591E-11
CALSDV   48   20  0.1760E-11  0.1759E-11
CALSDV   49   20  0.1643E-11  0.1642E-11
CALSDV   50   20  0.1787E-11  0.1786E-11
CALSDV   51   20  0.1694E-11  0.1692E-11
CALSDV   52   20  0.1818E-11  0.1817E-11
CALSDV   53   20  0.1746E-11  0.1744E-11
CALSDV   54   20  0.1854E-11  0.1852E-11
CALSDV   55   20  0.1800E-11  0.1798E-11
CALSDV   56   20  0.1897E-11  0.1895E-11
CALSDV   57   20  0.1864E-11  0.1862E-11
CALSDV   58   20  0.1956E-11  0.1954E-11
CALSDV   59   20  0.1987E-11  0.1985E-11
CALSDV   60   20  0.2073E-11  0.2071E-11
CALSDV   21   21  0.2961E-11  0.2973E-11
CALSDV   22   21  0.3514E-11  0.3524E-11
CALSDV   23   21  0.2970E-11  0.2972E-11
CALSDV   24   21  0.1891E-11  0.1891E-11
CALSDV   25   21  0.2581E-11  0.2586E-11
CALSDV   26   21  0.2076E-11  0.2073E-11
CALSDV   27   21  0.2030E-11  0.2036E-11
CALSDV   28   21  0.2164E-11  0.2160E-11
CALSDV   29   21  0.1684E-11  0.1689E-11
CALSDV   30   21  0.2057E-11  0.2055E-11
CALSDV   31   21  0.1525E-11  0.1530E-11
CALSDV   32   21  0.1881E-11  0.1882E-11
CALSDV   33   21  0.1468E-11  0.1474E-11
CALSDV   34   21  0.1714E-11  0.1716E-11
CALSDV   35   21  0.1457E-11  0.1465E-11
CALSDV   36   21  0.1591E-11  0.1594E-11
CALSDV   37   21  0.1466E-11  0.1472E-11
CALSDV   38   21  0.1521E-11  0.1523E-11
CALSDV   39   21  0.1481E-11  0.1487E-11
CALSDV   40   21  0.1496E-11  0.1499E-11
CALSDV   41   21  0.1502E-11  0.1509E-11
CALSDV   42   21  0.1507E-11  0.1510E-11
CALSDV   43   21  0.1530E-11  0.1536E-11
CALSDV   44   21  0.1541E-11  0.1544E-11
CALSDV   45   21  0.1563E-11  0.1569E-11
CALSDV   46   21  0.1588E-11  0.1592E-11
CALSDV   47   21  0.1602E-11  0.1607E-11
CALSDV   48   21  0.1643E-11  0.1646E-11
CALSDV   49   21  0.1647E-11  0.1651E-11
CALSDV   50   21  0.1703E-11  0.1704E-11
CALSDV   51   21  0.1697E-11  0.1700E-11
CALSDV   52   21  0.1764E-11  0.1765E-11
CALSDV   53   21  0.1751E-11  0.1753E-11
CALSDV   54   21  0.1826E-11  0.1827E-11
CALSDV   55   21  0.1809E-11  0.1811E-11
CALSDV   56   21  0.1890E-11  0.1891E-11
CALSDV   57   21  0.1876E-11  0.1878E-11
CALSDV   58   21  0.1963E-11  0.1964E-11
CALSDV   59   21  0.1998E-11  0.1999E-11
CALSDV   60   21  0.2085E-11  0.2086E-11
CALSDV   22   22  0.2909E-11  0.2888E-11
CALSDV   23   22  0.3592E-11  0.3593E-11
CALSDV   24   22  0.3281E-11  0.3281E-11
CALSDV   25   22  0.1896E-11  0.1899E-11
CALSDV   26   22  0.2881E-11  0.2878E-11
CALSDV   27   22  0.1978E-11  0.1979E-11
CALSDV   28   22  0.2186E-11  0.2183E-11
CALSDV   29   22  0.2007E-11  0.2007E-11
CALSDV   30   22  0.1714E-11  0.1710E-11
CALSDV   31   22  0.1870E-11  0.1872E-11
CALSDV   32   22  0.1518E-11  0.1515E-11
CALSDV   33   22  0.1693E-11  0.1696E-11
CALSDV   34   22  0.1500E-11  0.1498E-11
CALSDV   35   22  0.1553E-11  0.1556E-11
CALSDV   36   22  0.1555E-11  0.1552E-11
CALSDV   37   22  0.1481E-11  0.1484E-11
CALSDV   38   22  0.1625E-11  0.1622E-11
CALSDV   39   22  0.1471E-11  0.1473E-11
CALSDV   40   22  0.1689E-11  0.1687E-11
CALSDV   41   22  0.1504E-11  0.1505E-11
CALSDV   42   22  0.1743E-11  0.1740E-11
CALSDV   43   22  0.1561E-11  0.1562E-11
CALSDV   44   22  0.1787E-11  0.1786E-11
CALSDV   45   22  0.1627E-11  0.1628E-11
CALSDV   46   22  0.1826E-11  0.1825E-11
CALSDV   47   22  0.1694E-11  0.1694E-11
CALSDV   48   22  0.1861E-11  0.1859E-11
CALSDV   49   22  0.1756E-11  0.1756E-11
CALSDV   50   22  0.1893E-11  0.1892E-11
CALSDV   51   22  0.1814E-11  0.1814E-11
CALSDV   52   22  0.1926E-11  0.1925E-11
CALSDV   53   22  0.1867E-11  0.1866E-11
CALSDV   54   22  0.1960E-11  0.1959E-11
CALSDV   55   22  0.1914E-11  0.1913E-11
CALSDV   56   22  0.1998E-11  0.1996E-11
CALSDV   57   22  0.1964E-11  0.1964E-11
CALSDV   58   22  0.2045E-11  0.2044E-11
CALSDV   59   22  0.2072E-11  0.2071E-11
CALSDV   60   22  0.2148E-11  0.2147E-11
CALSDV   23   23  0.2909E-11  0.2895E-11
CALSDV   24   23  0.3578E-11  0.3580E-11
CALSDV   25   23  0.2999E-11  0.2990E-11
CALSDV   26   23  0.1868E-11  0.1858E-11
CALSDV   27   23  0.2581E-11  0.2574E-11
CALSDV   28   23  0.2133E-11  0.2121E-11
CALSDV   29   23  0.2039E-11  0.2035E-11
CALSDV   30   23  0.2268E-11  0.2256E-11
CALSDV   31   23  0.1742E-11  0.1742E-11
CALSDV   32   23  0.2173E-11  0.2165E-11
CALSDV   33   23  0.1637E-11  0.1640E-11
CALSDV   34   23  0.1996E-11  0.1991E-11
CALSDV   35   23  0.1615E-11  0.1618E-11
CALSDV   36   23  0.1826E-11  0.1825E-11
CALSDV   37   23  0.1618E-11  0.1621E-11
CALSDV   38   23  0.1706E-11  0.1708E-11
CALSDV   39   23  0.1629E-11  0.1630E-11
CALSDV   40   23  0.1646E-11  0.1650E-11
CALSDV   41   23  0.1644E-11  0.1644E-11
CALSDV   42   23  0.1638E-11  0.1642E-11
CALSDV   43   23  0.1665E-11  0.1663E-11
CALSDV   44   23  0.1665E-11  0.1669E-11
CALSDV   45   23  0.1692E-11  0.1689E-11
CALSDV   46   23  0.1712E-11  0.1716E-11
CALSDV   47   23  0.1729E-11  0.1724E-11
CALSDV   48   23  0.1771E-11  0.1774E-11
CALSDV   49   23  0.1771E-11  0.1764E-11
CALSDV   50   23  0.1834E-11  0.1833E-11
CALSDV   51   23  0.1818E-11  0.1810E-11
CALSDV   52   23  0.1896E-11  0.1893E-11
CALSDV   53   23  0.1869E-11  0.1860E-11
CALSDV   54   23  0.1956E-11  0.1951E-11
CALSDV   55   23  0.1920E-11  0.1911E-11
CALSDV   56   23  0.2012E-11  0.2006E-11
CALSDV   57   23  0.1977E-11  0.1966E-11
CALSDV   58   23  0.2072E-11  0.2062E-11
CALSDV   59   23  0.2084E-11  0.2073E-11
CALSDV   60   23  0.2176E-11  0.2168E-11
CALSDV   24   24  0.2820E-11  0.2825E-11
CALSDV   25   24  0.3641E-11  0.3642E-11
CALSDV   26   24  0.3328E-11  0.3335E-11
CALSDV   27   24  0.1946E-11  0.1947E-11
CALSDV   28   24  0.2921E-11  0.2921E-11
CALSDV   29   24  0.2118E-11  0.2122E-11
CALSDV   30   24  0.2242E-11  0.2240E-11
CALSDV   31   24  0.2162E-11  0.2167E-11
CALSDV   32   24  0.1804E-11  0.1803E-11
CALSDV   33   24  0.2001E-11  0.2005E-11
CALSDV   34   24  0.1636E-11  0.1638E-11
CALSDV   35   24  0.1789E-11  0.1796E-11
CALSDV   36   24  0.1623E-11  0.1629E-11
CALSDV   37   24  0.1629E-11  0.1632E-11
CALSDV   38   24  0.1673E-11  0.1677E-11
CALSDV   39   24  0.1553E-11  0.1557E-11
CALSDV   40   24  0.1734E-11  0.1740E-11
CALSDV   41   24  0.1558E-11  0.1564E-11
CALSDV   42   24  0.1794E-11  0.1798E-11
CALSDV   43   24  0.1616E-11  0.1620E-11
CALSDV   44   24  0.1848E-11  0.1852E-11
CALSDV   45   24  0.1699E-11  0.1702E-11
CALSDV   46   24  0.1897E-11  0.1901E-11
CALSDV   47   24  0.1784E-11  0.1787E-11
CALSDV   48   24  0.1942E-11  0.1945E-11
CALSDV   49   24  0.1864E-11  0.1867E-11
CALSDV   50   24  0.1984E-11  0.1987E-11
CALSDV   51   24  0.1933E-11  0.1936E-11
CALSDV   52   24  0.2023E-11  0.2026E-11
CALSDV   53   24  0.1990E-11  0.1992E-11
CALSDV   54   24  0.2061E-11  0.2065E-11
CALSDV   55   24  0.2033E-11  0.2036E-11
CALSDV   56   24  0.2097E-11  0.2099E-11
CALSDV   57   24  0.2071E-11  0.2072E-11
CALSDV   58   24  0.2136E-11  0.2138E-11
CALSDV   59   24  0.2159E-11  0.2161E-11
CALSDV   60   24  0.2224E-11  0.2226E-11
CALSDV   25   25  0.2845E-11  0.2834E-11
CALSDV   26   25  0.3710E-11  0.3716E-11
CALSDV   27   25  0.3112E-11  0.3116E-11
CALSDV   28   25  0.1915E-11  0.1920E-11
CALSDV   29   25  0.2646E-11  0.2653E-11
CALSDV   30   25  0.2213E-11  0.2221E-11
CALSDV   31   25  0.2079E-11  0.2085E-11
CALSDV   32   25  0.2372E-11  0.2379E-11
CALSDV   33   25  0.1816E-11  0.1821E-11
CALSDV   34   25  0.2289E-11  0.2294E-11
CALSDV   35   25  0.1771E-11  0.1776E-11
CALSDV   36   25  0.2125E-11  0.2127E-11
CALSDV   37   25  0.1796E-11  0.1801E-11
CALSDV   38   25  0.1977E-11  0.1977E-11
CALSDV   39   25  0.1829E-11  0.1833E-11
CALSDV   40   25  0.1887E-11  0.1886E-11
CALSDV   41   25  0.1853E-11  0.1857E-11
CALSDV   42   25  0.1858E-11  0.1856E-11
CALSDV   43   25  0.1874E-11  0.1877E-11
CALSDV   44   25  0.1875E-11  0.1874E-11
CALSDV   45   25  0.1895E-11  0.1898E-11
CALSDV   46   25  0.1919E-11  0.1918E-11
CALSDV   47   25  0.1920E-11  0.1924E-11
CALSDV   48   25  0.1974E-11  0.1975E-11
CALSDV   49   25  0.1952E-11  0.1955E-11
CALSDV   50   25  0.2031E-11  0.2032E-11
CALSDV   51   25  0.1985E-11  0.1988E-11
CALSDV   52   25  0.2083E-11  0.2085E-11
CALSDV   53   25  0.2021E-11  0.2023E-11
CALSDV   54   25  0.2129E-11  0.2131E-11
CALSDV   55   25  0.2056E-11  0.2059E-11
CALSDV   56   25  0.2166E-11  0.2168E-11
CALSDV   57   25  0.2089E-11  0.2092E-11
CALSDV   58   25  0.2198E-11  0.2201E-11
CALSDV   59   25  0.2172E-11  0.2176E-11
CALSDV   60   25  0.2275E-11  0.2278E-11
CALSDV   26   26  0.2862E-11  0.2876E-11
CALSDV   27   26  0.3757E-11  0.3761E-11
CALSDV   28   26  0.3415E-11  0.3416E-11
CALSDV   29   26  0.2049E-11  0.2052E-11
CALSDV   30   26  0.2973E-11  0.2977E-11
CALSDV   31   26  0.2297E-11  0.2295E-11
CALSDV   32   26  0.2309E-11  0.2310E-11
CALSDV   33   26  0.2349E-11  0.2348E-11
CALSDV   34   26  0.1916E-11  0.1916E-11
CALSDV   35   26  0.2163E-11  0.2162E-11
CALSDV   36   26  0.1785E-11  0.1783E-11
CALSDV   37   26  0.1922E-11  0.1921E-11
CALSDV   38   26  0.1782E-11  0.1781E-11
CALSDV   39   26  0.1742E-11  0.1742E-11
CALSDV   40   26  0.1823E-11  0.1822E-11
CALSDV   41   26  0.1668E-11  0.1669E-11
CALSDV   42   26  0.1872E-11  0.1872E-11
CALSDV   43   26  0.1691E-11  0.1692E-11
CALSDV   44   26  0.1923E-11  0.1923E-11
CALSDV   45   26  0.1771E-11  0.1772E-11
CALSDV   46   26  0.1975E-11  0.1975E-11
CALSDV   47   26  0.1873E-11  0.1873E-11
CALSDV   48   26  0.2027E-11  0.2026E-11
CALSDV   49   26  0.1972E-11  0.1971E-11
CALSDV   50   26  0.2078E-11  0.2077E-11
CALSDV   51   26  0.2057E-11  0.2056E-11
CALSDV   52   26  0.2128E-11  0.2126E-11
CALSDV   53   26  0.2120E-11  0.2118E-11
CALSDV   54   26  0.2169E-11  0.2167E-11
CALSDV   55   26  0.2163E-11  0.2161E-11
CALSDV   56   26  0.2205E-11  0.2204E-11
CALSDV   57   26  0.2188E-11  0.2186E-11
CALSDV   58   26  0.2238E-11  0.2235E-11
CALSDV   59   26  0.2253E-11  0.2251E-11
CALSDV   60   26  0.2308E-11  0.2306E-11
CALSDV   27   27  0.2758E-11  0.2756E-11
CALSDV   28   27  0.3872E-11  0.3862E-11
CALSDV   29   27  0.3350E-11  0.3342E-11
CALSDV   30   27  0.2031E-11  0.2030E-11
CALSDV   31   27  0.2824E-11  0.2822E-11
CALSDV   32   27  0.2339E-11  0.2340E-11
CALSDV   33   27  0.2180E-11  0.2179E-11
CALSDV   34   27  0.2479E-11  0.2482E-11
CALSDV   35   27  0.1909E-11  0.1909E-11
CALSDV   36   27  0.2367E-11  0.2369E-11
CALSDV   37   27  0.1909E-11  0.1911E-11
CALSDV   38   27  0.2184E-11  0.2185E-11
CALSDV   39   27  0.1988E-11  0.1991E-11
CALSDV   40   27  0.2040E-11  0.2040E-11
CALSDV   41   27  0.2062E-11  0.2068E-11
CALSDV   42   27  0.1975E-11  0.1974E-11
CALSDV   43   27  0.2113E-11  0.2121E-11
CALSDV   44   27  0.1982E-11  0.1981E-11
CALSDV   45   27  0.2148E-11  0.2156E-11
CALSDV   46   27  0.2036E-11  0.2035E-11
CALSDV   47   27  0.2173E-11  0.2182E-11
CALSDV   48   27  0.2108E-11  0.2108E-11
CALSDV   49   27  0.2195E-11  0.2203E-11
CALSDV   50   27  0.2180E-11  0.2181E-11
CALSDV   51   27  0.2213E-11  0.2221E-11
CALSDV   52   27  0.2242E-11  0.2243E-11
CALSDV   53   27  0.2229E-11  0.2236E-11
CALSDV   54   27  0.2290E-11  0.2291E-11
CALSDV   55   27  0.2235E-11  0.2241E-11
CALSDV   56   27  0.2316E-11  0.2318E-11
CALSDV   57   27  0.2238E-11  0.2242E-11
CALSDV   58   27  0.2330E-11  0.2332E-11
CALSDV   59   27  0.2286E-11  0.2288E-11
CALSDV   60   27  0.2379E-11  0.2380E-11
CALSDV   28   28  0.2887E-11  0.2900E-11
CALSDV   29   28  0.3885E-11  0.3888E-11
CALSDV   30   28  0.3521E-11  0.3526E-11
CALSDV   31   28  0.2158E-11  0.2153E-11
CALSDV   32   28  0.3037E-11  0.3035E-11
CALSDV   33   28  0.2478E-11  0.2469E-11
CALSDV   34   28  0.2383E-11  0.2381E-11
CALSDV   35   28  0.2537E-11  0.2528E-11
CALSDV   36   28  0.2037E-11  0.2036E-11
CALSDV   37   28  0.2326E-11  0.2317E-11
CALSDV   38   28  0.1942E-11  0.1942E-11
CALSDV   39   28  0.2062E-11  0.2051E-11
CALSDV   40   28  0.1948E-11  0.1949E-11
CALSDV   41   28  0.1873E-11  0.1862E-11
CALSDV   42   28  0.1980E-11  0.1981E-11
CALSDV   43   28  0.1809E-11  0.1800E-11
CALSDV   44   28  0.2018E-11  0.2020E-11
CALSDV   45   28  0.1854E-11  0.1847E-11
CALSDV   46   28  0.2062E-11  0.2064E-11
CALSDV   47   28  0.1955E-11  0.1950E-11
CALSDV   48   28  0.2113E-11  0.2114E-11
CALSDV   49   28  0.2071E-11  0.2068E-11
CALSDV   50   28  0.2169E-11  0.2170E-11
CALSDV   51   28  0.2175E-11  0.2171E-11
CALSDV   52   28  0.2226E-11  0.2225E-11
CALSDV   53   28  0.2252E-11  0.2250E-11
CALSDV   54   28  0.2278E-11  0.2278E-11
CALSDV   55   28  0.2296E-11  0.2294E-11
CALSDV   56   28  0.2317E-11  0.2316E-11
CALSDV   57   28  0.2309E-11  0.2308E-11
CALSDV   58   28  0.2342E-11  0.2341E-11
CALSDV   59   28  0.2349E-11  0.2349E-11
CALSDV   60   28  0.2393E-11  0.2395E-11
CALSDV   29   29  0.2684E-11  0.2692E-11
CALSDV   30   29  0.4047E-11  0.4051E-11
CALSDV   31   29  0.3610E-11  0.3626E-11
CALSDV   32   29  0.2209E-11  0.2211E-11
CALSDV   33   29  0.3041E-11  0.3056E-11
CALSDV   34   29  0.2531E-11  0.2529E-11
CALSDV   35   29  0.2331E-11  0.2337E-11
CALSDV   36   29  0.2642E-11  0.2639E-11
CALSDV   37   29  0.2029E-11  0.2031E-11
CALSDV   38   29  0.2495E-11  0.2494E-11
CALSDV   39   29  0.2036E-11  0.2036E-11
CALSDV   40   29  0.2299E-11  0.2299E-11
CALSDV   41   29  0.2132E-11  0.2135E-11
CALSDV   42   29  0.2172E-11  0.2172E-11
CALSDV   43   29  0.2223E-11  0.2229E-11
CALSDV   44   29  0.2146E-11  0.2146E-11
CALSDV   45   29  0.2289E-11  0.2295E-11
CALSDV   46   29  0.2196E-11  0.2197E-11
CALSDV   47   29  0.2334E-11  0.2342E-11
CALSDV   48   29  0.2283E-11  0.2283E-11
CALSDV   49   29  0.2366E-11  0.2374E-11
CALSDV   50   29  0.2373E-11  0.2374E-11
CALSDV   51   29  0.2388E-11  0.2396E-11
CALSDV   52   29  0.2448E-11  0.2448E-11
CALSDV   53   29  0.2400E-11  0.2406E-11
CALSDV   54   29  0.2494E-11  0.2495E-11
CALSDV   55   29  0.2398E-11  0.2403E-11
CALSDV   56   29  0.2508E-11  0.2510E-11
CALSDV   57   29  0.2378E-11  0.2382E-11
CALSDV   58   29  0.2492E-11  0.2494E-11
CALSDV   59   29  0.2394E-11  0.2396E-11
CALSDV   60   29  0.2502E-11  0.2503E-11
CALSDV   30   30  0.3192E-11  0.3173E-11
CALSDV   31   30  0.4163E-11  0.4177E-11
CALSDV   32   30  0.3720E-11  0.3734E-11
CALSDV   33   30  0.2341E-11  0.2347E-11
CALSDV   34   30  0.3159E-11  0.3162E-11
CALSDV   35   30  0.2659E-11  0.2656E-11
CALSDV   36   30  0.2519E-11  0.2507E-11
CALSDV   37   30  0.2723E-11  0.2714E-11
CALSDV   38   30  0.2233E-11  0.2232E-11
CALSDV   39   30  0.2513E-11  0.2497E-11
CALSDV   40   30  0.2190E-11  0.2191E-11
CALSDV   41   30  0.2258E-11  0.2243E-11
CALSDV   42   30  0.2214E-11  0.2216E-11
CALSDV   43   30  0.2094E-11  0.2081E-11
CALSDV   44   30  0.2244E-11  0.2247E-11
CALSDV   45   30  0.2063E-11  0.2049E-11
CALSDV   46   30  0.2271E-11  0.2273E-11
CALSDV   47   30  0.2129E-11  0.2116E-11
CALSDV   48   30  0.2303E-11  0.2302E-11
CALSDV   49   30  0.2238E-11  0.2226E-11
CALSDV   50   30  0.2344E-11  0.2341E-11
CALSDV   51   30  0.2346E-11  0.2335E-11
CALSDV   52   30  0.2391E-11  0.2387E-11
CALSDV   53   30  0.2426E-11  0.2419E-11
CALSDV   54   30  0.2435E-11  0.2431E-11
CALSDV   55   30  0.2466E-11  0.2460E-11
CALSDV   56   30  0.2467E-11  0.2463E-11
CALSDV   57   30  0.2464E-11  0.2459E-11
CALSDV   58   30  0.2480E-11  0.2477E-11
CALSDV   59   30  0.2463E-11  0.2462E-11
CALSDV   60   30  0.2498E-11  0.2498E-11
CALSDV   31   31  0.2909E-11  0.2937E-11
CALSDV   32   31  0.4243E-11  0.4260E-11
CALSDV   33   31  0.3842E-11  0.3832E-11
CALSDV   34   31  0.2434E-11  0.2450E-11
CALSDV   35   31  0.3295E-11  0.3295E-11
CALSDV   36   31  0.2778E-11  0.2785E-11
CALSDV   37   31  0.2583E-11  0.2588E-11
CALSDV   38   31  0.2844E-11  0.2848E-11
CALSDV   39   31  0.2252E-11  0.2254E-11
CALSDV   40   31  0.2646E-11  0.2648E-11
CALSDV   41   31  0.2201E-11  0.2200E-11
CALSDV   42   31  0.2425E-11  0.2430E-11
CALSDV   43   31  0.2246E-11  0.2243E-11
CALSDV   44   31  0.2312E-11  0.2320E-11
CALSDV   45   31  0.2305E-11  0.2298E-11
CALSDV   46   31  0.2327E-11  0.2334E-11
CALSDV   47   31  0.2358E-11  0.2349E-11
CALSDV   48   31  0.2420E-11  0.2427E-11
CALSDV   49   31  0.2406E-11  0.2397E-11
CALSDV   50   31  0.2536E-11  0.2541E-11
CALSDV   51   31  0.2450E-11  0.2442E-11
CALSDV   52   31  0.2636E-11  0.2639E-11
CALSDV   53   31  0.2485E-11  0.2479E-11
CALSDV   54   31  0.2698E-11  0.2699E-11
CALSDV   55   31  0.2501E-11  0.2496E-11
CALSDV   56   31  0.2709E-11  0.2709E-11
CALSDV   57   31  0.2491E-11  0.2489E-11
CALSDV   58   31  0.2674E-11  0.2674E-11
CALSDV   59   31  0.2488E-11  0.2487E-11
CALSDV   60   31  0.2637E-11  0.2637E-11
CALSDV   32   32  0.2908E-11  0.2910E-11
CALSDV   33   32  0.4178E-11  0.4192E-11
CALSDV   34   32  0.3825E-11  0.3832E-11
CALSDV   35   32  0.2412E-11  0.2421E-11
CALSDV   36   32  0.3220E-11  0.3227E-11
CALSDV   37   32  0.2857E-11  0.2859E-11
CALSDV   38   32  0.2563E-11  0.2568E-11
CALSDV   39   32  0.2908E-11  0.2907E-11
CALSDV   40   32  0.2312E-11  0.2315E-11
CALSDV   41   32  0.2644E-11  0.2639E-11
CALSDV   42   32  0.2293E-11  0.2295E-11
CALSDV   43   32  0.2346E-11  0.2339E-11
CALSDV   44   32  0.2322E-11  0.2326E-11
CALSDV   45   32  0.2173E-11  0.2168E-11
CALSDV   46   32  0.2348E-11  0.2354E-11
CALSDV   47   32  0.2162E-11  0.2158E-11
CALSDV   48   32  0.2375E-11  0.2383E-11
CALSDV   49   32  0.2260E-11  0.2258E-11
CALSDV   50   32  0.2416E-11  0.2423E-11
CALSDV   51   32  0.2394E-11  0.2391E-11
CALSDV   52   32  0.2471E-11  0.2476E-11
CALSDV   53   32  0.2511E-11  0.2507E-11
CALSDV   54   32  0.2530E-11  0.2534E-11
CALSDV   55   32  0.2578E-11  0.2575E-11
CALSDV   56   32  0.2575E-11  0.2577E-11
CALSDV   57   32  0.2584E-11  0.2581E-11
CALSDV   58   32  0.2591E-11  0.2593E-11
CALSDV   59   32  0.2568E-11  0.2567E-11
CALSDV   60   32  0.2598E-11  0.2600E-11
CALSDV   33   33  0.2846E-11  0.2844E-11
CALSDV   34   33  0.4303E-11  0.4295E-11
CALSDV   35   33  0.4133E-11  0.4118E-11
CALSDV   36   33  0.2438E-11  0.2431E-11
CALSDV   37   33  0.3447E-11  0.3440E-11
CALSDV   38   33  0.2881E-11  0.2879E-11
CALSDV   39   33  0.2612E-11  0.2609E-11
CALSDV   40   33  0.2938E-11  0.2939E-11
CALSDV   41   33  0.2303E-11  0.2302E-11
CALSDV   42   33  0.2689E-11  0.2692E-11
CALSDV   43   33  0.2368E-11  0.2371E-11
CALSDV   44   33  0.2428E-11  0.2431E-11
CALSDV   45   33  0.2528E-11  0.2532E-11
CALSDV   46   33  0.2309E-11  0.2312E-11
CALSDV   47   33  0.2664E-11  0.2670E-11
CALSDV   48   33  0.2347E-11  0.2351E-11
CALSDV   49   33  0.2754E-11  0.2759E-11
CALSDV   50   33  0.2476E-11  0.2479E-11
CALSDV   51   33  0.2802E-11  0.2806E-11
CALSDV   52   33  0.2620E-11  0.2623E-11
CALSDV   53   33  0.2814E-11  0.2818E-11
CALSDV   54   33  0.2732E-11  0.2736E-11
CALSDV   55   33  0.2788E-11  0.2792E-11
CALSDV   56   33  0.2785E-11  0.2790E-11
CALSDV   57   33  0.2721E-11  0.2725E-11
CALSDV   58   33  0.2772E-11  0.2776E-11
CALSDV   59   33  0.2649E-11  0.2651E-11
CALSDV   60   33  0.2726E-11  0.2728E-11
CALSDV   34   34  0.2896E-11  0.2885E-11
CALSDV   35   34  0.4285E-11  0.4286E-11
CALSDV   36   34  0.4009E-11  0.4001E-11
CALSDV   37   34  0.2524E-11  0.2526E-11
CALSDV   38   34  0.3340E-11  0.3330E-11
CALSDV   39   34  0.3052E-11  0.3059E-11
CALSDV   40   34  0.2668E-11  0.2664E-11
CALSDV   41   34  0.3100E-11  0.3107E-11
CALSDV   42   34  0.2442E-11  0.2445E-11
CALSDV   43   34  0.2815E-11  0.2824E-11
CALSDV   44   34  0.2435E-11  0.2443E-11
CALSDV   45   34  0.2518E-11  0.2530E-11
CALSDV   46   34  0.2463E-11  0.2471E-11
CALSDV   47   34  0.2377E-11  0.2390E-11
CALSDV   48   34  0.2486E-11  0.2493E-11
CALSDV   49   34  0.2404E-11  0.2415E-11
CALSDV   50   34  0.2518E-11  0.2523E-11
CALSDV   51   34  0.2523E-11  0.2532E-11
CALSDV   52   34  0.2569E-11  0.2573E-11
CALSDV   53   34  0.2649E-11  0.2656E-11
CALSDV   54   34  0.2633E-11  0.2636E-11
CALSDV   55   34  0.2726E-11  0.2734E-11
CALSDV   56   34  0.2688E-11  0.2691E-11
CALSDV   57   34  0.2731E-11  0.2737E-11
CALSDV   58   34  0.2709E-11  0.2713E-11
CALSDV   59   34  0.2685E-11  0.2690E-11
CALSDV   60   34  0.2699E-11  0.2703E-11
CALSDV   35   35  0.2830E-11  0.2841E-11
CALSDV   36   35  0.4451E-11  0.4451E-11
CALSDV   37   35  0.4403E-11  0.4414E-11
CALSDV   38   35  0.2595E-11  0.2600E-11
CALSDV   39   35  0.3659E-11  0.3667E-11
CALSDV   40   35  0.3090E-11  0.3092E-11
CALSDV   41   35  0.2775E-11  0.2777E-11
CALSDV   42   35  0.3111E-11  0.3110E-11
CALSDV   43   35  0.2458E-11  0.2455E-11
CALSDV   44   35  0.2821E-11  0.2820E-11
CALSDV   45   35  0.2532E-11  0.2525E-11
CALSDV   46   35  0.2561E-11  0.2561E-11
CALSDV   47   35  0.2701E-11  0.2692E-11
CALSDV   48   35  0.2491E-11  0.2492E-11
CALSDV   49   35  0.2839E-11  0.2833E-11
CALSDV   50   35  0.2590E-11  0.2591E-11
CALSDV   51   35  0.2926E-11  0.2922E-11
CALSDV   52   35  0.2755E-11  0.2756E-11
CALSDV   53   35  0.2964E-11  0.2961E-11
CALSDV   54   35  0.2898E-11  0.2898E-11
CALSDV   55   35  0.2950E-11  0.2946E-11
CALSDV   56   35  0.2970E-11  0.2970E-11
CALSDV   57   35  0.2878E-11  0.2874E-11
CALSDV   58   35  0.2952E-11  0.2950E-11
CALSDV   59   35  0.2771E-11  0.2769E-11
CALSDV   60   35  0.2866E-11  0.2865E-11
CALSDV   36   36  0.3036E-11  0.3038E-11
CALSDV   37   36  0.4422E-11  0.4423E-11
CALSDV   38   36  0.4223E-11  0.4221E-11
CALSDV   39   36  0.2674E-11  0.2674E-11
CALSDV   40   36  0.3475E-11  0.3472E-11
CALSDV   41   36  0.3274E-11  0.3278E-11
CALSDV   42   36  0.2799E-11  0.2793E-11
CALSDV   43   36  0.3316E-11  0.3327E-11
CALSDV   44   36  0.2618E-11  0.2614E-11
CALSDV   45   36  0.3030E-11  0.3050E-11
CALSDV   46   36  0.2642E-11  0.2641E-11
CALSDV   47   36  0.2770E-11  0.2794E-11
CALSDV   48   36  0.2680E-11  0.2679E-11
CALSDV   49   36  0.2681E-11  0.2710E-11
CALSDV   50   36  0.2707E-11  0.2707E-11
CALSDV   51   36  0.2743E-11  0.2769E-11
CALSDV   52   36  0.2745E-11  0.2742E-11
CALSDV   53   36  0.2856E-11  0.2876E-11
CALSDV   54   36  0.2798E-11  0.2793E-11
CALSDV   55   36  0.2931E-11  0.2943E-11
CALSDV   56   36  0.2846E-11  0.2842E-11
CALSDV   57   36  0.2919E-11  0.2927E-11
CALSDV   58   36  0.2858E-11  0.2856E-11
CALSDV   59   36  0.2828E-11  0.2832E-11
CALSDV   60   36  0.2820E-11  0.2818E-11
CALSDV   37   37  0.2798E-11  0.2811E-11
CALSDV   38   37  0.4604E-11  0.4604E-11
CALSDV   39   37  0.4686E-11  0.4683E-11
CALSDV   40   37  0.2787E-11  0.2787E-11
CALSDV   41   37  0.3861E-11  0.3862E-11
CALSDV   42   37  0.3317E-11  0.3320E-11
CALSDV   43   37  0.2927E-11  0.2928E-11
CALSDV   44   37  0.3278E-11  0.3281E-11
CALSDV   45   37  0.2608E-11  0.2614E-11
CALSDV   46   37  0.2933E-11  0.2935E-11
CALSDV   47   37  0.2692E-11  0.2700E-11
CALSDV   48   37  0.2672E-11  0.2673E-11
CALSDV   49   37  0.2863E-11  0.2872E-11
CALSDV   50   37  0.2650E-11  0.2650E-11
CALSDV   51   37  0.3002E-11  0.3008E-11
CALSDV   52   37  0.2800E-11  0.2799E-11
CALSDV   53   37  0.3081E-11  0.3085E-11
CALSDV   54   37  0.2984E-11  0.2983E-11
CALSDV   55   37  0.3093E-11  0.3095E-11
CALSDV   56   37  0.3100E-11  0.3099E-11
CALSDV   57   37  0.3027E-11  0.3028E-11
CALSDV   58   37  0.3101E-11  0.3101E-11
CALSDV   59   37  0.2892E-11  0.2893E-11
CALSDV   60   37  0.2991E-11  0.2993E-11
CALSDV   38   38  0.3123E-11  0.3138E-11
CALSDV   39   38  0.4572E-11  0.4578E-11
CALSDV   40   38  0.4456E-11  0.4465E-11
CALSDV   41   38  0.2850E-11  0.2846E-11
CALSDV   42   38  0.3620E-11  0.3632E-11
CALSDV   43   38  0.3501E-11  0.3501E-11
CALSDV   44   38  0.2937E-11  0.2932E-11
CALSDV   45   38  0.3532E-11  0.3547E-11
CALSDV   46   38  0.2800E-11  0.2784E-11
CALSDV   47   38  0.3264E-11  0.3292E-11
CALSDV   48   38  0.2847E-11  0.2839E-11
CALSDV   49   38  0.3061E-11  0.3100E-11
CALSDV   50   38  0.2889E-11  0.2897E-11
CALSDV   51   38  0.3033E-11  0.3075E-11
CALSDV   52   38  0.2920E-11  0.2937E-11
CALSDV   53   38  0.3109E-11  0.3147E-11
CALSDV   54   38  0.2960E-11  0.2980E-11
CALSDV   55   38  0.3173E-11  0.3202E-11
CALSDV   56   38  0.3002E-11  0.3019E-11
CALSDV   57   38  0.3141E-11  0.3158E-11
CALSDV   58   38  0.3009E-11  0.3018E-11
CALSDV   59   38  0.2994E-11  0.3000E-11
CALSDV   60   38  0.2943E-11  0.2947E-11
CALSDV   39   39  0.2898E-11  0.2886E-11
CALSDV   40   39  0.4763E-11  0.4759E-11
CALSDV   41   39  0.4986E-11  0.4967E-11
CALSDV   42   39  0.3013E-11  0.3010E-11
CALSDV   43   39  0.4060E-11  0.4050E-11
CALSDV   44   39  0.3566E-11  0.3560E-11
CALSDV   45   39  0.3068E-11  0.3070E-11
CALSDV   46   39  0.3451E-11  0.3445E-11
CALSDV   47   39  0.2778E-11  0.2777E-11
CALSDV   48   39  0.3048E-11  0.3043E-11
CALSDV   49   39  0.2895E-11  0.2899E-11
CALSDV   50   39  0.2797E-11  0.2798E-11
CALSDV   51   39  0.3082E-11  0.3089E-11
CALSDV   52   39  0.2832E-11  0.2842E-11
CALSDV   53   39  0.3215E-11  0.3219E-11
CALSDV   54   39  0.3022E-11  0.3035E-11
CALSDV   55   39  0.3260E-11  0.3263E-11
CALSDV   56   39  0.3195E-11  0.3205E-11
CALSDV   57   39  0.3201E-11  0.3205E-11
CALSDV   58   39  0.3239E-11  0.3245E-11
CALSDV   59   39  0.3034E-11  0.3035E-11
CALSDV   60   39  0.3121E-11  0.3124E-11
CALSDV   40   40  0.3258E-11  0.3242E-11
CALSDV   41   40  0.4802E-11  0.4801E-11
CALSDV   42   40  0.4818E-11  0.4813E-11
CALSDV   43   40  0.3079E-11  0.3084E-11
CALSDV   44   40  0.3871E-11  0.3861E-11
CALSDV   45   40  0.3749E-11  0.3751E-11
CALSDV   46   40  0.3109E-11  0.3104E-11
CALSDV   47   40  0.3789E-11  0.3792E-11
CALSDV   48   40  0.3006E-11  0.3005E-11
CALSDV   49   40  0.3580E-11  0.3583E-11
CALSDV   50   40  0.3128E-11  0.3125E-11
CALSDV   51   40  0.3460E-11  0.3466E-11
CALSDV   52   40  0.3235E-11  0.3227E-11
CALSDV   53   40  0.3473E-11  0.3476E-11
CALSDV   54   40  0.3293E-11  0.3282E-11
CALSDV   55   40  0.3498E-11  0.3504E-11
CALSDV   56   40  0.3311E-11  0.3299E-11
CALSDV   57   40  0.3426E-11  0.3428E-11
CALSDV   58   40  0.3266E-11  0.3260E-11
CALSDV   59   40  0.3195E-11  0.3199E-11
CALSDV   60   40  0.3124E-11  0.3122E-11
CALSDV   41   41  0.3080E-11  0.3095E-11
CALSDV   42   41  0.4939E-11  0.4940E-11
CALSDV   43   41  0.5295E-11  0.5297E-11
CALSDV   44   41  0.3292E-11  0.3297E-11
CALSDV   45   41  0.4243E-11  0.4240E-11
CALSDV   46   41  0.3841E-11  0.3836E-11
CALSDV   47   41  0.3213E-11  0.3208E-11
CALSDV   48   41  0.3635E-11  0.3627E-11
CALSDV   49   41  0.2980E-11  0.2974E-11
CALSDV   50   41  0.3187E-11  0.3182E-11
CALSDV   51   41  0.3154E-11  0.3150E-11
CALSDV   52   41  0.2980E-11  0.2977E-11
CALSDV   53   41  0.3352E-11  0.3350E-11
CALSDV   54   41  0.3085E-11  0.3083E-11
CALSDV   55   41  0.3447E-11  0.3443E-11
CALSDV   56   41  0.3285E-11  0.3283E-11
CALSDV   57   41  0.3402E-11  0.3397E-11
CALSDV   58   41  0.3380E-11  0.3375E-11
CALSDV   59   41  0.3197E-11  0.3193E-11
CALSDV   60   41  0.3261E-11  0.3257E-11
CALSDV   42   42  0.3365E-11  0.3355E-11
CALSDV   43   42  0.5071E-11  0.5065E-11
CALSDV   44   42  0.5307E-11  0.5297E-11
CALSDV   45   42  0.3372E-11  0.3376E-11
CALSDV   46   42  0.4179E-11  0.4169E-11
CALSDV   47   42  0.3998E-11  0.3995E-11
CALSDV   48   42  0.3292E-11  0.3283E-11
CALSDV   49   42  0.3982E-11  0.3980E-11
CALSDV   50   42  0.3268E-11  0.3259E-11
CALSDV   51   42  0.3776E-11  0.3776E-11
CALSDV   52   42  0.3520E-11  0.3518E-11
CALSDV   53   42  0.3694E-11  0.3696E-11
CALSDV   54   42  0.3698E-11  0.3701E-11
CALSDV   55   42  0.3703E-11  0.3702E-11
CALSDV   56   42  0.3738E-11  0.3742E-11
CALSDV   57   42  0.3636E-11  0.3632E-11
CALSDV   58   42  0.3637E-11  0.3637E-11
CALSDV   59   42  0.3372E-11  0.3370E-11
CALSDV   60   42  0.3378E-11  0.3376E-11
CALSDV   43   43  0.3252E-11  0.3261E-11
CALSDV   44   43  0.5115E-11  0.5104E-11
CALSDV   45   43  0.5630E-11  0.5634E-11
CALSDV   46   43  0.3590E-11  0.3589E-11
CALSDV   47   43  0.4398E-11  0.4403E-11
CALSDV   48   43  0.4101E-11  0.4093E-11
CALSDV   49   43  0.3340E-11  0.3342E-11
CALSDV   50   43  0.3797E-11  0.3781E-11
CALSDV   51   43  0.3210E-11  0.3218E-11
CALSDV   52   43  0.3337E-11  0.3320E-11
CALSDV   53   43  0.3450E-11  0.3463E-11
CALSDV   54   43  0.3209E-11  0.3193E-11
CALSDV   55   43  0.3629E-11  0.3642E-11
CALSDV   56   43  0.3364E-11  0.3355E-11
CALSDV   57   43  0.3619E-11  0.3629E-11
CALSDV   58   43  0.3500E-11  0.3496E-11
CALSDV   59   43  0.3378E-11  0.3384E-11
CALSDV   60   43  0.3397E-11  0.3398E-11
CALSDV   44   44  0.3457E-11  0.3434E-11
CALSDV   45   44  0.5379E-11  0.5384E-11
CALSDV   46   44  0.5819E-11  0.5804E-11
CALSDV   47   44  0.3704E-11  0.3711E-11
CALSDV   48   44  0.4463E-11  0.4457E-11
CALSDV   49   44  0.4267E-11  0.4279E-11
CALSDV   50   44  0.3458E-11  0.3463E-11
CALSDV   51   44  0.4203E-11  0.4215E-11
CALSDV   52   44  0.3551E-11  0.3547E-11
CALSDV   53   44  0.4012E-11  0.4022E-11
CALSDV   54   44  0.3924E-11  0.3909E-11
CALSDV   55   44  0.3940E-11  0.3944E-11
CALSDV   56   44  0.4110E-11  0.4086E-11
CALSDV   57   44  0.3858E-11  0.3859E-11
CALSDV   58   44  0.4022E-11  0.4002E-11
CALSDV   59   44  0.3560E-11  0.3561E-11
CALSDV   60   44  0.3654E-11  0.3646E-11
CALSDV   45   45  0.3543E-11  0.3575E-11
CALSDV   46   45  0.5372E-11  0.5362E-11
CALSDV   47   45  0.6013E-11  0.6017E-11
CALSDV   48   45  0.3925E-11  0.3913E-11
CALSDV   49   45  0.4555E-11  0.4567E-11
CALSDV   50   45  0.4400E-11  0.4375E-11
CALSDV   51   45  0.3554E-11  0.3574E-11
CALSDV   52   45  0.4069E-11  0.4027E-11
CALSDV   53   45  0.3631E-11  0.3651E-11
CALSDV   54   45  0.3679E-11  0.3632E-11
CALSDV   55   45  0.3917E-11  0.3939E-11
CALSDV   56   45  0.3624E-11  0.3583E-11
CALSDV   57   45  0.3956E-11  0.3975E-11
CALSDV   58   45  0.3706E-11  0.3683E-11
CALSDV   59   45  0.3646E-11  0.3655E-11
CALSDV   60   45  0.3577E-11  0.3569E-11
CALSDV   46   46  0.3937E-11  0.3918E-11
CALSDV   47   46  0.5827E-11  0.5812E-11
CALSDV   48   46  0.6286E-11  0.6276E-11
CALSDV   49   46  0.4198E-11  0.4182E-11
CALSDV   50   46  0.4824E-11  0.4841E-11
CALSDV   51   46  0.4716E-11  0.4702E-11
CALSDV   52   46  0.3829E-11  0.3845E-11
CALSDV   53   46  0.4612E-11  0.4591E-11
CALSDV   54   46  0.3929E-11  0.3938E-11
CALSDV   55   46  0.4380E-11  0.4361E-11
CALSDV   56   46  0.4218E-11  0.4232E-11
CALSDV   57   46  0.4171E-11  0.4165E-11
CALSDV   58   46  0.4231E-11  0.4249E-11
CALSDV   59   46  0.3788E-11  0.3790E-11
CALSDV   60   46  0.3864E-11  0.3874E-11
CALSDV   47   47  0.3516E-11  0.3494E-11
CALSDV   48   47  0.5530E-11  0.5545E-11
CALSDV   49   47  0.6306E-11  0.6307E-11
CALSDV   50   47  0.4250E-11  0.4252E-11
CALSDV   51   47  0.4605E-11  0.4605E-11
CALSDV   52   47  0.4617E-11  0.4630E-11
CALSDV   53   47  0.3718E-11  0.3710E-11
CALSDV   54   47  0.4204E-11  0.4226E-11
CALSDV   55   47  0.3963E-11  0.3955E-11
CALSDV   56   47  0.3883E-11  0.3901E-11
CALSDV   57   47  0.4180E-11  0.4170E-11
CALSDV   58   47  0.3863E-11  0.3880E-11
CALSDV   59   47  0.3899E-11  0.3895E-11
CALSDV   60   47  0.3745E-11  0.3748E-11
CALSDV   48   48  0.3544E-11  0.3525E-11
CALSDV   49   48  0.5908E-11  0.5915E-11
CALSDV   50   48  0.6584E-11  0.6588E-11
CALSDV   51   48  0.4271E-11  0.4281E-11
CALSDV   52   48  0.4685E-11  0.4681E-11
CALSDV   53   48  0.4624E-11  0.4628E-11
CALSDV   54   48  0.3805E-11  0.3804E-11
CALSDV   55   48  0.4424E-11  0.4430E-11
CALSDV   56   48  0.4236E-11  0.4235E-11
CALSDV   57   48  0.4221E-11  0.4220E-11
CALSDV   58   48  0.4531E-11  0.4527E-11
CALSDV   59   48  0.3907E-11  0.3911E-11
CALSDV   60   48  0.4189E-11  0.4191E-11
CALSDV   49   49  0.3269E-11  0.3262E-11
CALSDV   50   49  0.5772E-11  0.5728E-11
CALSDV   51   49  0.6493E-11  0.6487E-11
CALSDV   52   49  0.4538E-11  0.4541E-11
CALSDV   53   49  0.4495E-11  0.4496E-11
CALSDV   54   49  0.4847E-11  0.4832E-11
CALSDV   55   49  0.3826E-11  0.3817E-11
CALSDV   56   49  0.4460E-11  0.4430E-11
CALSDV   57   49  0.4185E-11  0.4176E-11
CALSDV   58   49  0.4207E-11  0.4178E-11
CALSDV   59   49  0.4099E-11  0.4093E-11
CALSDV   60   49  0.3978E-11  0.3961E-11
CALSDV   50   50  0.3428E-11  0.3435E-11
CALSDV   51   50  0.6386E-11  0.6393E-11
CALSDV   52   50  0.6796E-11  0.6807E-11
CALSDV   53   50  0.4541E-11  0.4547E-11
CALSDV   54   50  0.4598E-11  0.4613E-11
CALSDV   55   50  0.4994E-11  0.5007E-11
CALSDV   56   50  0.4020E-11  0.4030E-11
CALSDV   57   50  0.4831E-11  0.4846E-11
CALSDV   58   50  0.4522E-11  0.4539E-11
CALSDV   59   50  0.4318E-11  0.4330E-11
CALSDV   60   50  0.4410E-11  0.4421E-11
CALSDV   51   51  0.3069E-11  0.3058E-11
CALSDV   52   51  0.6158E-11  0.6195E-11
CALSDV   53   51  0.6560E-11  0.6558E-11
CALSDV   54   51  0.4865E-11  0.4865E-11
CALSDV   55   51  0.4390E-11  0.4391E-11
CALSDV   56   51  0.5229E-11  0.5253E-11
CALSDV   57   51  0.4158E-11  0.4173E-11
CALSDV   58   51  0.4892E-11  0.4927E-11
CALSDV   59   51  0.4304E-11  0.4318E-11
CALSDV   60   51  0.4389E-11  0.4409E-11
CALSDV   52   52  0.3245E-11  0.3240E-11
CALSDV   53   52  0.6647E-11  0.6629E-11
CALSDV   54   52  0.6794E-11  0.6787E-11
CALSDV   55   52  0.4823E-11  0.4819E-11
CALSDV   56   52  0.4404E-11  0.4403E-11
CALSDV   57   52  0.5354E-11  0.5349E-11
CALSDV   58   52  0.4327E-11  0.4328E-11
CALSDV   59   52  0.4834E-11  0.4827E-11
CALSDV   60   52  0.4569E-11  0.4566E-11
CALSDV   53   53  0.2786E-11  0.2780E-11
CALSDV   54   53  0.6570E-11  0.6542E-11
CALSDV   55   53  0.6431E-11  0.6422E-11
CALSDV   56   53  0.5213E-11  0.5196E-11
CALSDV   57   53  0.4423E-11  0.4412E-11
CALSDV   58   53  0.5698E-11  0.5680E-11
CALSDV   59   53  0.4477E-11  0.4464E-11
CALSDV   60   53  0.5047E-11  0.5031E-11
CALSDV   54   54  0.3007E-11  0.3076E-11
CALSDV   55   54  0.6407E-11  0.6373E-11
CALSDV   56   54  0.6477E-11  0.6530E-11
CALSDV   57   54  0.5196E-11  0.5225E-11
CALSDV   58   54  0.4319E-11  0.4283E-11
CALSDV   59   54  0.5432E-11  0.5430E-11
CALSDV   60   54  0.4620E-11  0.4604E-11
CALSDV   55   55  0.2949E-11  0.2941E-11
CALSDV   56   55  0.6548E-11  0.6530E-11
CALSDV   57   55  0.6367E-11  0.6332E-11
CALSDV   58   55  0.5744E-11  0.5729E-11
CALSDV   59   55  0.4901E-11  0.4875E-11
CALSDV   60   55  0.5922E-11  0.5908E-11
CALSDV   56   56  0.3137E-11  0.3098E-11
CALSDV   57   56  0.5356E-11  0.5358E-11
CALSDV   58   56  0.6155E-11  0.6136E-11
CALSDV   59   56  0.5708E-11  0.5712E-11
CALSDV   60   56  0.4750E-11  0.4729E-11
CALSDV   57   57  0.3426E-11  0.3423E-11
CALSDV   58   57  0.5549E-11  0.5546E-11
CALSDV   59   57  0.6895E-11  0.6919E-11
CALSDV   60   57  0.6151E-11  0.6156E-11
CALSDV   58   58  0.3453E-11  0.3448E-11
CALSDV   59   58  0.3841E-11  0.3914E-11
CALSDV   60   58  0.6569E-11  0.6602E-11
CALSDV   59   59  0.2599E-11  0.2532E-11
CALSDV   60   59  0.4101E-11  0.4123E-11
CALSDV   60   60  0.3043E-11  0.3041E-11
