  This file contains calibrated standard deviations 
       The relevant data lines start with key CALSDV 
       Each such line contains the following data 
           N   M   C_SIGMA   S_SIGMA 
                 FOR M=0 S_SIGMA=0.0 
     
CALSDV    0    0  0.0000E+00  0.0000E+00
CALSDV    1    0  0.0000E+00  0.0000E+00
CALSDV    2    0  0.9554E-10  0.0000E+00
CALSDV    3    0  0.1043E-10  0.0000E+00
CALSDV    4    0  0.3612E-11  0.0000E+00
CALSDV    5    0  0.2342E-11  0.0000E+00
CALSDV    6    0  0.1792E-11  0.0000E+00
CALSDV    7    0  0.1456E-11  0.0000E+00
CALSDV    8    0  0.1243E-11  0.0000E+00
CALSDV    9    0  0.1092E-11  0.0000E+00
CALSDV   10    0  0.9811E-12  0.0000E+00
CALSDV   11    0  0.8982E-12  0.0000E+00
CALSDV   12    0  0.8343E-12  0.0000E+00
CALSDV   13    0  0.7841E-12  0.0000E+00
CALSDV   14    0  0.7451E-12  0.0000E+00
CALSDV   15    0  0.7137E-12  0.0000E+00
CALSDV   16    0  0.6896E-12  0.0000E+00
CALSDV   17    0  0.6701E-12  0.0000E+00
CALSDV   18    0  0.6554E-12  0.0000E+00
CALSDV   19    0  0.6442E-12  0.0000E+00
CALSDV   20    0  0.6363E-12  0.0000E+00
CALSDV   21    0  0.6310E-12  0.0000E+00
CALSDV   22    0  0.6283E-12  0.0000E+00
CALSDV   23    0  0.6277E-12  0.0000E+00
CALSDV   24    0  0.6292E-12  0.0000E+00
CALSDV   25    0  0.6327E-12  0.0000E+00
CALSDV   26    0  0.6379E-12  0.0000E+00
CALSDV   27    0  0.6448E-12  0.0000E+00
CALSDV   28    0  0.6532E-12  0.0000E+00
CALSDV   29    0  0.6634E-12  0.0000E+00
CALSDV   30    0  0.6750E-12  0.0000E+00
CALSDV   31    0  0.6880E-12  0.0000E+00
CALSDV   32    0  0.7028E-12  0.0000E+00
CALSDV   33    0  0.7189E-12  0.0000E+00
CALSDV   34    0  0.7366E-12  0.0000E+00
CALSDV   35    0  0.7560E-12  0.0000E+00
CALSDV   36    0  0.7769E-12  0.0000E+00
CALSDV   37    0  0.7996E-12  0.0000E+00
CALSDV   38    0  0.8239E-12  0.0000E+00
CALSDV   39    0  0.8500E-12  0.0000E+00
CALSDV   40    0  0.8781E-12  0.0000E+00
CALSDV   41    0  0.9079E-12  0.0000E+00
CALSDV   42    0  0.9400E-12  0.0000E+00
CALSDV   43    0  0.9740E-12  0.0000E+00
CALSDV   44    0  0.1010E-11  0.0000E+00
CALSDV   45    0  0.1049E-11  0.0000E+00
CALSDV   46    0  0.1090E-11  0.0000E+00
CALSDV   47    0  0.1134E-11  0.0000E+00
CALSDV   48    0  0.1180E-11  0.0000E+00
CALSDV   49    0  0.1229E-11  0.0000E+00
CALSDV   50    0  0.1282E-11  0.0000E+00
CALSDV   51    0  0.1337E-11  0.0000E+00
CALSDV   52    0  0.1396E-11  0.0000E+00
CALSDV   53    0  0.1459E-11  0.0000E+00
CALSDV   54    0  0.1525E-11  0.0000E+00
CALSDV   55    0  0.1594E-11  0.0000E+00
CALSDV   56    0  0.1669E-11  0.0000E+00
CALSDV   57    0  0.1741E-11  0.0000E+00
CALSDV   58    0  0.1824E-11  0.0000E+00
CALSDV   59    0  0.1720E-11  0.0000E+00
CALSDV   60    0  0.1805E-11  0.0000E+00
CALSDV    1    1  0.0000E+00  0.0000E+00
CALSDV    2    1  0.2931E-10  0.2990E-10
CALSDV    3    1  0.7512E-11  0.7311E-11
CALSDV    4    1  0.3621E-11  0.3602E-11
CALSDV    5    1  0.2456E-11  0.2451E-11
CALSDV    6    1  0.1865E-11  0.1862E-11
CALSDV    7    1  0.1513E-11  0.1517E-11
CALSDV    8    1  0.1283E-11  0.1282E-11
CALSDV    9    1  0.1120E-11  0.1122E-11
CALSDV   10    1  0.1004E-11  0.1005E-11
CALSDV   11    1  0.9149E-12  0.9165E-12
CALSDV   12    1  0.8477E-12  0.8489E-12
CALSDV   13    1  0.7950E-12  0.7964E-12
CALSDV   14    1  0.7541E-12  0.7553E-12
CALSDV   15    1  0.7216E-12  0.7228E-12
CALSDV   16    1  0.6956E-12  0.6969E-12
CALSDV   17    1  0.6756E-12  0.6768E-12
CALSDV   18    1  0.6604E-12  0.6614E-12
CALSDV   19    1  0.6482E-12  0.6494E-12
CALSDV   20    1  0.6399E-12  0.6410E-12
CALSDV   21    1  0.6343E-12  0.6353E-12
CALSDV   22    1  0.6311E-12  0.6323E-12
CALSDV   23    1  0.6304E-12  0.6315E-12
CALSDV   24    1  0.6318E-12  0.6329E-12
CALSDV   25    1  0.6349E-12  0.6360E-12
CALSDV   26    1  0.6399E-12  0.6411E-12
CALSDV   27    1  0.6466E-12  0.6479E-12
CALSDV   28    1  0.6551E-12  0.6562E-12
CALSDV   29    1  0.6649E-12  0.6662E-12
CALSDV   30    1  0.6764E-12  0.6776E-12
CALSDV   31    1  0.6895E-12  0.6908E-12
CALSDV   32    1  0.7040E-12  0.7053E-12
CALSDV   33    1  0.7201E-12  0.7215E-12
CALSDV   34    1  0.7378E-12  0.7391E-12
CALSDV   35    1  0.7571E-12  0.7584E-12
CALSDV   36    1  0.7779E-12  0.7793E-12
CALSDV   37    1  0.8005E-12  0.8019E-12
CALSDV   38    1  0.8248E-12  0.8263E-12
CALSDV   39    1  0.8509E-12  0.8524E-12
CALSDV   40    1  0.8788E-12  0.8803E-12
CALSDV   41    1  0.9087E-12  0.9103E-12
CALSDV   42    1  0.9406E-12  0.9423E-12
CALSDV   43    1  0.9745E-12  0.9763E-12
CALSDV   44    1  0.1011E-11  0.1013E-11
CALSDV   45    1  0.1049E-11  0.1051E-11
CALSDV   46    1  0.1091E-11  0.1092E-11
CALSDV   47    1  0.1134E-11  0.1136E-11
CALSDV   48    1  0.1181E-11  0.1183E-11
CALSDV   49    1  0.1230E-11  0.1232E-11
CALSDV   50    1  0.1282E-11  0.1284E-11
CALSDV   51    1  0.1338E-11  0.1340E-11
CALSDV   52    1  0.1397E-11  0.1399E-11
CALSDV   53    1  0.1459E-11  0.1461E-11
CALSDV   54    1  0.1525E-11  0.1528E-11
CALSDV   55    1  0.1594E-11  0.1597E-11
CALSDV   56    1  0.1669E-11  0.1672E-11
CALSDV   57    1  0.1741E-11  0.1744E-11
CALSDV   58    1  0.1825E-11  0.1828E-11
CALSDV   59    1  0.1721E-11  0.1726E-11
CALSDV   60    1  0.1806E-11  0.1811E-11
CALSDV    2    2  0.2249E-10  0.1927E-10
CALSDV    3    2  0.1041E-10  0.1032E-10
CALSDV    4    2  0.5031E-11  0.5003E-11
CALSDV    5    2  0.3115E-11  0.3108E-11
CALSDV    6    2  0.2285E-11  0.2276E-11
CALSDV    7    2  0.1772E-11  0.1765E-11
CALSDV    8    2  0.1470E-11  0.1464E-11
CALSDV    9    2  0.1256E-11  0.1250E-11
CALSDV   10    2  0.1106E-11  0.1101E-11
CALSDV   11    2  0.9936E-12  0.9895E-12
CALSDV   12    2  0.9120E-12  0.9080E-12
CALSDV   13    2  0.8468E-12  0.8433E-12
CALSDV   14    2  0.7979E-12  0.7948E-12
CALSDV   15    2  0.7585E-12  0.7549E-12
CALSDV   16    2  0.7278E-12  0.7253E-12
CALSDV   17    2  0.7032E-12  0.7004E-12
CALSDV   18    2  0.6848E-12  0.6820E-12
CALSDV   19    2  0.6702E-12  0.6675E-12
CALSDV   20    2  0.6598E-12  0.6570E-12
CALSDV   21    2  0.6523E-12  0.6497E-12
CALSDV   22    2  0.6478E-12  0.6452E-12
CALSDV   23    2  0.6457E-12  0.6430E-12
CALSDV   24    2  0.6459E-12  0.6433E-12
CALSDV   25    2  0.6481E-12  0.6456E-12
CALSDV   26    2  0.6525E-12  0.6497E-12
CALSDV   27    2  0.6584E-12  0.6558E-12
CALSDV   28    2  0.6662E-12  0.6635E-12
CALSDV   29    2  0.6757E-12  0.6729E-12
CALSDV   30    2  0.6867E-12  0.6839E-12
CALSDV   31    2  0.6993E-12  0.6964E-12
CALSDV   32    2  0.7136E-12  0.7107E-12
CALSDV   33    2  0.7294E-12  0.7264E-12
CALSDV   34    2  0.7468E-12  0.7438E-12
CALSDV   35    2  0.7658E-12  0.7627E-12
CALSDV   36    2  0.7866E-12  0.7834E-12
CALSDV   37    2  0.8090E-12  0.8058E-12
CALSDV   38    2  0.8331E-12  0.8297E-12
CALSDV   39    2  0.8592E-12  0.8557E-12
CALSDV   40    2  0.8871E-12  0.8835E-12
CALSDV   41    2  0.9168E-12  0.9131E-12
CALSDV   42    2  0.9487E-12  0.9449E-12
CALSDV   43    2  0.9828E-12  0.9788E-12
CALSDV   44    2  0.1019E-11  0.1015E-11
CALSDV   45    2  0.1058E-11  0.1053E-11
CALSDV   46    2  0.1099E-11  0.1094E-11
CALSDV   47    2  0.1142E-11  0.1138E-11
CALSDV   48    2  0.1189E-11  0.1184E-11
CALSDV   49    2  0.1238E-11  0.1233E-11
CALSDV   50    2  0.1291E-11  0.1286E-11
CALSDV   51    2  0.1346E-11  0.1341E-11
CALSDV   52    2  0.1406E-11  0.1400E-11
CALSDV   53    2  0.1468E-11  0.1462E-11
CALSDV   54    2  0.1535E-11  0.1529E-11
CALSDV   55    2  0.1604E-11  0.1598E-11
CALSDV   56    2  0.1679E-11  0.1673E-11
CALSDV   57    2  0.1753E-11  0.1746E-11
CALSDV   58    2  0.1837E-11  0.1829E-11
CALSDV   59    2  0.1749E-11  0.1742E-11
CALSDV   60    2  0.1834E-11  0.1826E-11
CALSDV    3    3  0.2420E-10  0.2417E-10
CALSDV    4    3  0.9802E-11  0.9822E-11
CALSDV    5    3  0.6824E-11  0.6819E-11
CALSDV    6    3  0.3630E-11  0.3643E-11
CALSDV    7    3  0.3305E-11  0.3306E-11
CALSDV    8    3  0.2066E-11  0.2075E-11
CALSDV    9    3  0.2004E-11  0.2007E-11
CALSDV   10    3  0.1426E-11  0.1430E-11
CALSDV   11    3  0.1412E-11  0.1413E-11
CALSDV   12    3  0.1104E-11  0.1107E-11
CALSDV   13    3  0.1101E-11  0.1102E-11
CALSDV   14    3  0.9227E-12  0.9255E-12
CALSDV   15    3  0.9234E-12  0.9247E-12
CALSDV   16    3  0.8144E-12  0.8166E-12
CALSDV   17    3  0.8168E-12  0.8181E-12
CALSDV   18    3  0.7481E-12  0.7499E-12
CALSDV   19    3  0.7517E-12  0.7531E-12
CALSDV   20    3  0.7078E-12  0.7094E-12
CALSDV   21    3  0.7133E-12  0.7145E-12
CALSDV   22    3  0.6854E-12  0.6871E-12
CALSDV   23    3  0.6930E-12  0.6939E-12
CALSDV   24    3  0.6765E-12  0.6779E-12
CALSDV   25    3  0.6855E-12  0.6867E-12
CALSDV   26    3  0.6776E-12  0.6791E-12
CALSDV   27    3  0.6889E-12  0.6900E-12
CALSDV   28    3  0.6875E-12  0.6889E-12
CALSDV   29    3  0.7009E-12  0.7020E-12
CALSDV   30    3  0.7049E-12  0.7062E-12
CALSDV   31    3  0.7207E-12  0.7219E-12
CALSDV   32    3  0.7294E-12  0.7307E-12
CALSDV   33    3  0.7476E-12  0.7490E-12
CALSDV   34    3  0.7607E-12  0.7621E-12
CALSDV   35    3  0.7817E-12  0.7831E-12
CALSDV   36    3  0.7990E-12  0.8004E-12
CALSDV   37    3  0.8230E-12  0.8244E-12
CALSDV   38    3  0.8443E-12  0.8458E-12
CALSDV   39    3  0.8716E-12  0.8730E-12
CALSDV   40    3  0.8971E-12  0.8987E-12
CALSDV   41    3  0.9280E-12  0.9296E-12
CALSDV   42    3  0.9579E-12  0.9596E-12
CALSDV   43    3  0.9928E-12  0.9944E-12
CALSDV   44    3  0.1027E-11  0.1029E-11
CALSDV   45    3  0.1067E-11  0.1069E-11
CALSDV   46    3  0.1106E-11  0.1108E-11
CALSDV   47    3  0.1151E-11  0.1153E-11
CALSDV   48    3  0.1196E-11  0.1198E-11
CALSDV   49    3  0.1246E-11  0.1248E-11
CALSDV   50    3  0.1298E-11  0.1300E-11
CALSDV   51    3  0.1354E-11  0.1356E-11
CALSDV   52    3  0.1412E-11  0.1414E-11
CALSDV   53    3  0.1475E-11  0.1477E-11
CALSDV   54    3  0.1541E-11  0.1544E-11
CALSDV   55    3  0.1612E-11  0.1615E-11
CALSDV   56    3  0.1687E-11  0.1689E-11
CALSDV   57    3  0.1763E-11  0.1765E-11
CALSDV   58    3  0.1846E-11  0.1849E-11
CALSDV   59    3  0.1789E-11  0.1792E-11
CALSDV   60    3  0.1873E-11  0.1876E-11
CALSDV    4    4  0.1180E-10  0.1191E-10
CALSDV    5    4  0.1005E-10  0.1008E-10
CALSDV    6    4  0.4278E-11  0.4276E-11
CALSDV    7    4  0.3795E-11  0.3799E-11
CALSDV    8    4  0.2400E-11  0.2401E-11
CALSDV    9    4  0.2111E-11  0.2113E-11
CALSDV   10    4  0.1613E-11  0.1617E-11
CALSDV   11    4  0.1455E-11  0.1457E-11
CALSDV   12    4  0.1227E-11  0.1230E-11
CALSDV   13    4  0.1133E-11  0.1135E-11
CALSDV   14    4  0.1012E-11  0.1013E-11
CALSDV   15    4  0.9546E-12  0.9556E-12
CALSDV   16    4  0.8831E-12  0.8841E-12
CALSDV   17    4  0.8476E-12  0.8485E-12
CALSDV   18    4  0.8033E-12  0.8038E-12
CALSDV   19    4  0.7816E-12  0.7823E-12
CALSDV   20    4  0.7538E-12  0.7543E-12
CALSDV   21    4  0.7418E-12  0.7423E-12
CALSDV   22    4  0.7248E-12  0.7252E-12
CALSDV   23    4  0.7194E-12  0.7199E-12
CALSDV   24    4  0.7104E-12  0.7109E-12
CALSDV   25    4  0.7106E-12  0.7109E-12
CALSDV   26    4  0.7078E-12  0.7081E-12
CALSDV   27    4  0.7122E-12  0.7127E-12
CALSDV   28    4  0.7145E-12  0.7149E-12
CALSDV   29    4  0.7229E-12  0.7232E-12
CALSDV   30    4  0.7295E-12  0.7299E-12
CALSDV   31    4  0.7413E-12  0.7416E-12
CALSDV   32    4  0.7520E-12  0.7524E-12
CALSDV   33    4  0.7672E-12  0.7674E-12
CALSDV   34    4  0.7817E-12  0.7820E-12
CALSDV   35    4  0.8002E-12  0.8006E-12
CALSDV   36    4  0.8187E-12  0.8189E-12
CALSDV   37    4  0.8406E-12  0.8409E-12
CALSDV   38    4  0.8628E-12  0.8631E-12
CALSDV   39    4  0.8884E-12  0.8888E-12
CALSDV   40    4  0.9147E-12  0.9150E-12
CALSDV   41    4  0.9442E-12  0.9445E-12
CALSDV   42    4  0.9747E-12  0.9751E-12
CALSDV   43    4  0.1009E-11  0.1009E-11
CALSDV   44    4  0.1044E-11  0.1044E-11
CALSDV   45    4  0.1082E-11  0.1082E-11
CALSDV   46    4  0.1122E-11  0.1123E-11
CALSDV   47    4  0.1166E-11  0.1166E-11
CALSDV   48    4  0.1211E-11  0.1212E-11
CALSDV   49    4  0.1261E-11  0.1261E-11
CALSDV   50    4  0.1313E-11  0.1313E-11
CALSDV   51    4  0.1368E-11  0.1369E-11
CALSDV   52    4  0.1427E-11  0.1427E-11
CALSDV   53    4  0.1490E-11  0.1490E-11
CALSDV   54    4  0.1556E-11  0.1557E-11
CALSDV   55    4  0.1627E-11  0.1628E-11
CALSDV   56    4  0.1702E-11  0.1702E-11
CALSDV   57    4  0.1780E-11  0.1781E-11
CALSDV   58    4  0.1864E-11  0.1865E-11
CALSDV   59    4  0.1832E-11  0.1833E-11
CALSDV   60    4  0.1918E-11  0.1919E-11
CALSDV    5    5  0.1887E-10  0.1878E-10
CALSDV    6    5  0.7619E-11  0.7632E-11
CALSDV    7    5  0.5073E-11  0.5084E-11
CALSDV    8    5  0.3195E-11  0.3197E-11
CALSDV    9    5  0.2926E-11  0.2934E-11
CALSDV   10    5  0.2008E-11  0.2007E-11
CALSDV   11    5  0.2029E-11  0.2033E-11
CALSDV   12    5  0.1509E-11  0.1509E-11
CALSDV   13    5  0.1543E-11  0.1545E-11
CALSDV   14    5  0.1233E-11  0.1233E-11
CALSDV   15    5  0.1252E-11  0.1254E-11
CALSDV   16    5  0.1061E-11  0.1061E-11
CALSDV   17    5  0.1069E-11  0.1071E-11
CALSDV   18    5  0.9470E-12  0.9472E-12
CALSDV   19    5  0.9502E-12  0.9516E-12
CALSDV   20    5  0.8718E-12  0.8720E-12
CALSDV   21    5  0.8731E-12  0.8744E-12
CALSDV   22    5  0.8224E-12  0.8226E-12
CALSDV   23    5  0.8245E-12  0.8252E-12
CALSDV   24    5  0.7928E-12  0.7927E-12
CALSDV   25    5  0.7957E-12  0.7967E-12
CALSDV   26    5  0.7776E-12  0.7776E-12
CALSDV   27    5  0.7830E-12  0.7835E-12
CALSDV   28    5  0.7744E-12  0.7747E-12
CALSDV   29    5  0.7823E-12  0.7828E-12
CALSDV   30    5  0.7816E-12  0.7818E-12
CALSDV   31    5  0.7923E-12  0.7927E-12
CALSDV   32    5  0.7977E-12  0.7980E-12
CALSDV   33    5  0.8114E-12  0.8118E-12
CALSDV   34    5  0.8223E-12  0.8225E-12
CALSDV   35    5  0.8391E-12  0.8395E-12
CALSDV   36    5  0.8549E-12  0.8552E-12
CALSDV   37    5  0.8751E-12  0.8755E-12
CALSDV   38    5  0.8957E-12  0.8959E-12
CALSDV   39    5  0.9195E-12  0.9198E-12
CALSDV   40    5  0.9446E-12  0.9448E-12
CALSDV   41    5  0.9725E-12  0.9727E-12
CALSDV   42    5  0.1002E-11  0.1002E-11
CALSDV   43    5  0.1034E-11  0.1035E-11
CALSDV   44    5  0.1069E-11  0.1069E-11
CALSDV   45    5  0.1106E-11  0.1106E-11
CALSDV   46    5  0.1146E-11  0.1146E-11
CALSDV   47    5  0.1188E-11  0.1188E-11
CALSDV   48    5  0.1234E-11  0.1234E-11
CALSDV   49    5  0.1281E-11  0.1282E-11
CALSDV   50    5  0.1333E-11  0.1334E-11
CALSDV   51    5  0.1388E-11  0.1388E-11
CALSDV   52    5  0.1447E-11  0.1447E-11
CALSDV   53    5  0.1508E-11  0.1509E-11
CALSDV   54    5  0.1575E-11  0.1575E-11
CALSDV   55    5  0.1645E-11  0.1646E-11
CALSDV   56    5  0.1721E-11  0.1721E-11
CALSDV   57    5  0.1800E-11  0.1800E-11
CALSDV   58    5  0.1884E-11  0.1885E-11
CALSDV   59    5  0.1873E-11  0.1874E-11
CALSDV   60    5  0.1962E-11  0.1962E-11
CALSDV    6    6  0.8924E-11  0.8964E-11
CALSDV    7    6  0.9834E-11  0.9773E-11
CALSDV    8    6  0.4265E-11  0.4260E-11
CALSDV    9    6  0.4755E-11  0.4717E-11
CALSDV   10    6  0.2772E-11  0.2777E-11
CALSDV   11    6  0.2841E-11  0.2820E-11
CALSDV   12    6  0.1942E-11  0.1949E-11
CALSDV   13    6  0.1961E-11  0.1950E-11
CALSDV   14    6  0.1480E-11  0.1486E-11
CALSDV   15    6  0.1498E-11  0.1491E-11
CALSDV   16    6  0.1210E-11  0.1214E-11
CALSDV   17    6  0.1230E-11  0.1227E-11
CALSDV   18    6  0.1047E-11  0.1050E-11
CALSDV   19    6  0.1066E-11  0.1064E-11
CALSDV   20    6  0.9441E-12  0.9464E-12
CALSDV   21    6  0.9628E-12  0.9613E-12
CALSDV   22    6  0.8801E-12  0.8814E-12
CALSDV   23    6  0.8978E-12  0.8963E-12
CALSDV   24    6  0.8404E-12  0.8424E-12
CALSDV   25    6  0.8583E-12  0.8574E-12
CALSDV   26    6  0.8198E-12  0.8213E-12
CALSDV   27    6  0.8371E-12  0.8369E-12
CALSDV   28    6  0.8126E-12  0.8139E-12
CALSDV   29    6  0.8301E-12  0.8311E-12
CALSDV   30    6  0.8170E-12  0.8181E-12
CALSDV   31    6  0.8357E-12  0.8363E-12
CALSDV   32    6  0.8310E-12  0.8320E-12
CALSDV   33    6  0.8511E-12  0.8518E-12
CALSDV   34    6  0.8537E-12  0.8548E-12
CALSDV   35    6  0.8757E-12  0.8766E-12
CALSDV   36    6  0.8846E-12  0.8859E-12
CALSDV   37    6  0.9093E-12  0.9101E-12
CALSDV   38    6  0.9240E-12  0.9252E-12
CALSDV   39    6  0.9513E-12  0.9523E-12
CALSDV   40    6  0.9717E-12  0.9731E-12
CALSDV   41    6  0.1002E-11  0.1003E-11
CALSDV   42    6  0.1028E-11  0.1030E-11
CALSDV   43    6  0.1062E-11  0.1064E-11
CALSDV   44    6  0.1094E-11  0.1095E-11
CALSDV   45    6  0.1132E-11  0.1134E-11
CALSDV   46    6  0.1170E-11  0.1171E-11
CALSDV   47    6  0.1213E-11  0.1215E-11
CALSDV   48    6  0.1256E-11  0.1258E-11
CALSDV   49    6  0.1305E-11  0.1307E-11
CALSDV   50    6  0.1355E-11  0.1357E-11
CALSDV   51    6  0.1410E-11  0.1412E-11
CALSDV   52    6  0.1468E-11  0.1470E-11
CALSDV   53    6  0.1530E-11  0.1532E-11
CALSDV   54    6  0.1595E-11  0.1598E-11
CALSDV   55    6  0.1666E-11  0.1669E-11
CALSDV   56    6  0.1740E-11  0.1743E-11
CALSDV   57    6  0.1822E-11  0.1824E-11
CALSDV   58    6  0.1905E-11  0.1908E-11
CALSDV   59    6  0.1918E-11  0.1920E-11
CALSDV   60    6  0.2005E-11  0.2007E-11
CALSDV    7    7  0.1330E-10  0.1340E-10
CALSDV    8    7  0.7232E-11  0.7264E-11
CALSDV    9    7  0.4662E-11  0.4674E-11
CALSDV   10    7  0.3087E-11  0.3114E-11
CALSDV   11    7  0.2759E-11  0.2765E-11
CALSDV   12    7  0.1905E-11  0.1914E-11
CALSDV   13    7  0.1907E-11  0.1906E-11
CALSDV   14    7  0.1505E-11  0.1515E-11
CALSDV   15    7  0.1465E-11  0.1463E-11
CALSDV   16    7  0.1310E-11  0.1317E-11
CALSDV   17    7  0.1218E-11  0.1217E-11
CALSDV   18    7  0.1181E-11  0.1185E-11
CALSDV   19    7  0.1071E-11  0.1071E-11
CALSDV   20    7  0.1087E-11  0.1091E-11
CALSDV   21    7  0.9791E-12  0.9802E-12
CALSDV   22    7  0.1018E-11  0.1021E-11
CALSDV   23    7  0.9223E-12  0.9238E-12
CALSDV   24    7  0.9686E-12  0.9712E-12
CALSDV   25    7  0.8878E-12  0.8893E-12
CALSDV   26    7  0.9357E-12  0.9377E-12
CALSDV   27    7  0.8701E-12  0.8711E-12
CALSDV   28    7  0.9162E-12  0.9185E-12
CALSDV   29    7  0.8647E-12  0.8662E-12
CALSDV   30    7  0.9092E-12  0.9114E-12
CALSDV   31    7  0.8704E-12  0.8719E-12
CALSDV   32    7  0.9131E-12  0.9149E-12
CALSDV   33    7  0.8856E-12  0.8870E-12
CALSDV   34    7  0.9270E-12  0.9287E-12
CALSDV   35    7  0.9096E-12  0.9109E-12
CALSDV   36    7  0.9503E-12  0.9520E-12
CALSDV   37    7  0.9420E-12  0.9434E-12
CALSDV   38    7  0.9827E-12  0.9846E-12
CALSDV   39    7  0.9829E-12  0.9844E-12
CALSDV   40    7  0.1025E-11  0.1027E-11
CALSDV   41    7  0.1033E-11  0.1034E-11
CALSDV   42    7  0.1076E-11  0.1078E-11
CALSDV   43    7  0.1091E-11  0.1093E-11
CALSDV   44    7  0.1137E-11  0.1139E-11
CALSDV   45    7  0.1160E-11  0.1162E-11
CALSDV   46    7  0.1209E-11  0.1211E-11
CALSDV   47    7  0.1239E-11  0.1242E-11
CALSDV   48    7  0.1292E-11  0.1295E-11
CALSDV   49    7  0.1330E-11  0.1333E-11
CALSDV   50    7  0.1388E-11  0.1391E-11
CALSDV   51    7  0.1434E-11  0.1437E-11
CALSDV   52    7  0.1498E-11  0.1501E-11
CALSDV   53    7  0.1553E-11  0.1556E-11
CALSDV   54    7  0.1623E-11  0.1627E-11
CALSDV   55    7  0.1688E-11  0.1691E-11
CALSDV   56    7  0.1767E-11  0.1770E-11
CALSDV   57    7  0.1843E-11  0.1846E-11
CALSDV   58    7  0.1931E-11  0.1935E-11
CALSDV   59    7  0.1954E-11  0.1957E-11
CALSDV   60    7  0.2049E-11  0.2053E-11
CALSDV    8    8  0.6674E-11  0.6635E-11
CALSDV    9    8  0.6650E-11  0.6683E-11
CALSDV   10    8  0.4223E-11  0.4177E-11
CALSDV   11    8  0.3710E-11  0.3723E-11
CALSDV   12    8  0.3122E-11  0.3095E-11
CALSDV   13    8  0.2688E-11  0.2679E-11
CALSDV   14    8  0.2297E-11  0.2281E-11
CALSDV   15    8  0.2140E-11  0.2132E-11
CALSDV   16    8  0.1775E-11  0.1764E-11
CALSDV   17    8  0.1782E-11  0.1775E-11
CALSDV   18    8  0.1453E-11  0.1447E-11
CALSDV   19    8  0.1530E-11  0.1527E-11
CALSDV   20    8  0.1254E-11  0.1249E-11
CALSDV   21    8  0.1352E-11  0.1351E-11
CALSDV   22    8  0.1128E-11  0.1124E-11
CALSDV   23    8  0.1225E-11  0.1225E-11
CALSDV   24    8  0.1048E-11  0.1046E-11
CALSDV   25    8  0.1135E-11  0.1136E-11
CALSDV   26    8  0.9985E-12  0.9963E-12
CALSDV   27    8  0.1074E-11  0.1075E-11
CALSDV   28    8  0.9707E-12  0.9691E-12
CALSDV   29    8  0.1035E-11  0.1036E-11
CALSDV   30    8  0.9587E-12  0.9578E-12
CALSDV   31    8  0.1014E-11  0.1015E-11
CALSDV   32    8  0.9600E-12  0.9591E-12
CALSDV   33    8  0.1008E-11  0.1009E-11
CALSDV   34    8  0.9719E-12  0.9715E-12
CALSDV   35    8  0.1015E-11  0.1017E-11
CALSDV   36    8  0.9941E-12  0.9936E-12
CALSDV   37    8  0.1034E-11  0.1035E-11
CALSDV   38    8  0.1026E-11  0.1025E-11
CALSDV   39    8  0.1064E-11  0.1065E-11
CALSDV   40    8  0.1066E-11  0.1066E-11
CALSDV   41    8  0.1104E-11  0.1106E-11
CALSDV   42    8  0.1117E-11  0.1117E-11
CALSDV   43    8  0.1156E-11  0.1157E-11
CALSDV   44    8  0.1177E-11  0.1177E-11
CALSDV   45    8  0.1218E-11  0.1219E-11
CALSDV   46    8  0.1247E-11  0.1248E-11
CALSDV   47    8  0.1291E-11  0.1293E-11
CALSDV   48    8  0.1329E-11  0.1330E-11
CALSDV   49    8  0.1378E-11  0.1379E-11
CALSDV   50    8  0.1424E-11  0.1424E-11
CALSDV   51    8  0.1477E-11  0.1479E-11
CALSDV   52    8  0.1532E-11  0.1532E-11
CALSDV   53    8  0.1592E-11  0.1593E-11
CALSDV   54    8  0.1656E-11  0.1656E-11
CALSDV   55    8  0.1725E-11  0.1725E-11
CALSDV   56    8  0.1798E-11  0.1798E-11
CALSDV   57    8  0.1878E-11  0.1879E-11
CALSDV   58    8  0.1962E-11  0.1963E-11
CALSDV   59    8  0.2009E-11  0.2011E-11
CALSDV   60    8  0.2099E-11  0.2100E-11
CALSDV    9    9  0.9375E-11  0.9242E-11
CALSDV   10    9  0.6974E-11  0.6973E-11
CALSDV   11    9  0.4474E-11  0.4440E-11
CALSDV   12    9  0.3325E-11  0.3318E-11
CALSDV   13    9  0.2947E-11  0.2936E-11
CALSDV   14    9  0.2092E-11  0.2085E-11
CALSDV   15    9  0.2038E-11  0.2034E-11
CALSDV   16    9  0.1650E-11  0.1646E-11
CALSDV   17    9  0.1529E-11  0.1527E-11
CALSDV   18    9  0.1444E-11  0.1441E-11
CALSDV   19    9  0.1256E-11  0.1256E-11
CALSDV   20    9  0.1315E-11  0.1313E-11
CALSDV   21    9  0.1113E-11  0.1115E-11
CALSDV   22    9  0.1222E-11  0.1221E-11
CALSDV   23    9  0.1037E-11  0.1040E-11
CALSDV   24    9  0.1154E-11  0.1153E-11
CALSDV   25    9  0.1000E-11  0.9984E-12
CALSDV   26    9  0.1105E-11  0.1104E-11
CALSDV   27    9  0.9814E-12  0.9803E-12
CALSDV   28    9  0.1071E-11  0.1071E-11
CALSDV   29    9  0.9760E-12  0.9752E-12
CALSDV   30    9  0.1053E-11  0.1050E-11
CALSDV   31    9  0.9806E-12  0.9804E-12
CALSDV   32    9  0.1046E-11  0.1043E-11
CALSDV   33    9  0.9946E-12  0.9934E-12
CALSDV   34    9  0.1050E-11  0.1048E-11
CALSDV   35    9  0.1016E-11  0.1015E-11
CALSDV   36    9  0.1065E-11  0.1063E-11
CALSDV   37    9  0.1046E-11  0.1044E-11
CALSDV   38    9  0.1090E-11  0.1088E-11
CALSDV   39    9  0.1083E-11  0.1081E-11
CALSDV   40    9  0.1125E-11  0.1123E-11
CALSDV   41    9  0.1129E-11  0.1127E-11
CALSDV   42    9  0.1170E-11  0.1168E-11
CALSDV   43    9  0.1183E-11  0.1181E-11
CALSDV   44    9  0.1226E-11  0.1223E-11
CALSDV   45    9  0.1248E-11  0.1245E-11
CALSDV   46    9  0.1293E-11  0.1290E-11
CALSDV   47    9  0.1323E-11  0.1320E-11
CALSDV   48    9  0.1372E-11  0.1368E-11
CALSDV   49    9  0.1409E-11  0.1407E-11
CALSDV   50    9  0.1463E-11  0.1460E-11
CALSDV   51    9  0.1509E-11  0.1506E-11
CALSDV   52    9  0.1569E-11  0.1565E-11
CALSDV   53    9  0.1623E-11  0.1620E-11
CALSDV   54    9  0.1690E-11  0.1686E-11
CALSDV   55    9  0.1754E-11  0.1750E-11
CALSDV   56    9  0.1829E-11  0.1825E-11
CALSDV   57    9  0.1907E-11  0.1903E-11
CALSDV   58    9  0.1992E-11  0.1988E-11
CALSDV   59    9  0.2049E-11  0.2045E-11
CALSDV   60    9  0.2140E-11  0.2135E-11
CALSDV   10   10  0.7222E-11  0.7311E-11
CALSDV   11   10  0.5562E-11  0.5542E-11
CALSDV   12   10  0.3922E-11  0.3922E-11
CALSDV   13   10  0.2914E-11  0.2903E-11
CALSDV   14   10  0.3195E-11  0.3196E-11
CALSDV   15   10  0.2334E-11  0.2329E-11
CALSDV   16   10  0.2533E-11  0.2537E-11
CALSDV   17   10  0.2103E-11  0.2099E-11
CALSDV   18   10  0.2067E-11  0.2071E-11
CALSDV   19   10  0.1909E-11  0.1908E-11
CALSDV   20   10  0.1758E-11  0.1761E-11
CALSDV   21   10  0.1736E-11  0.1735E-11
CALSDV   22   10  0.1552E-11  0.1556E-11
CALSDV   23   10  0.1589E-11  0.1588E-11
CALSDV   24   10  0.1414E-11  0.1417E-11
CALSDV   25   10  0.1470E-11  0.1470E-11
CALSDV   26   10  0.1320E-11  0.1323E-11
CALSDV   27   10  0.1378E-11  0.1378E-11
CALSDV   28   10  0.1257E-11  0.1260E-11
CALSDV   29   10  0.1309E-11  0.1310E-11
CALSDV   30   10  0.1217E-11  0.1218E-11
CALSDV   31   10  0.1261E-11  0.1261E-11
CALSDV   32   10  0.1193E-11  0.1195E-11
CALSDV   33   10  0.1230E-11  0.1230E-11
CALSDV   34   10  0.1184E-11  0.1186E-11
CALSDV   35   10  0.1216E-11  0.1216E-11
CALSDV   36   10  0.1188E-11  0.1189E-11
CALSDV   37   10  0.1216E-11  0.1216E-11
CALSDV   38   10  0.1203E-11  0.1204E-11
CALSDV   39   10  0.1229E-11  0.1228E-11
CALSDV   40   10  0.1229E-11  0.1230E-11
CALSDV   41   10  0.1254E-11  0.1254E-11
CALSDV   42   10  0.1266E-11  0.1267E-11
CALSDV   43   10  0.1292E-11  0.1292E-11
CALSDV   44   10  0.1315E-11  0.1314E-11
CALSDV   45   10  0.1342E-11  0.1342E-11
CALSDV   46   10  0.1374E-11  0.1373E-11
CALSDV   47   10  0.1405E-11  0.1404E-11
CALSDV   48   10  0.1445E-11  0.1445E-11
CALSDV   49   10  0.1481E-11  0.1480E-11
CALSDV   50   10  0.1530E-11  0.1529E-11
CALSDV   51   10  0.1571E-11  0.1570E-11
CALSDV   52   10  0.1629E-11  0.1628E-11
CALSDV   53   10  0.1678E-11  0.1676E-11
CALSDV   54   10  0.1744E-11  0.1743E-11
CALSDV   55   10  0.1802E-11  0.1800E-11
CALSDV   56   10  0.1878E-11  0.1876E-11
CALSDV   57   10  0.1949E-11  0.1947E-11
CALSDV   58   10  0.2036E-11  0.2034E-11
CALSDV   59   10  0.2106E-11  0.2104E-11
CALSDV   60   10  0.2202E-11  0.2200E-11
CALSDV   11   11  0.6729E-11  0.6658E-11
CALSDV   12   11  0.6764E-11  0.6804E-11
CALSDV   13   11  0.4175E-11  0.4162E-11
CALSDV   14   11  0.3724E-11  0.3757E-11
CALSDV   15   11  0.3122E-11  0.3123E-11
CALSDV   16   11  0.2543E-11  0.2562E-11
CALSDV   17   11  0.2247E-11  0.2252E-11
CALSDV   18   11  0.2001E-11  0.2012E-11
CALSDV   19   11  0.1687E-11  0.1694E-11
CALSDV   20   11  0.1691E-11  0.1699E-11
CALSDV   21   11  0.1376E-11  0.1383E-11
CALSDV   22   11  0.1491E-11  0.1496E-11
CALSDV   23   11  0.1220E-11  0.1227E-11
CALSDV   24   11  0.1355E-11  0.1359E-11
CALSDV   25   11  0.1150E-11  0.1154E-11
CALSDV   26   11  0.1263E-11  0.1267E-11
CALSDV   27   11  0.1122E-11  0.1126E-11
CALSDV   28   11  0.1204E-11  0.1207E-11
CALSDV   29   11  0.1116E-11  0.1119E-11
CALSDV   30   11  0.1168E-11  0.1171E-11
CALSDV   31   11  0.1121E-11  0.1124E-11
CALSDV   32   11  0.1151E-11  0.1153E-11
CALSDV   33   11  0.1135E-11  0.1137E-11
CALSDV   34   11  0.1149E-11  0.1152E-11
CALSDV   35   11  0.1155E-11  0.1157E-11
CALSDV   36   11  0.1160E-11  0.1162E-11
CALSDV   37   11  0.1182E-11  0.1184E-11
CALSDV   38   11  0.1183E-11  0.1185E-11
CALSDV   39   11  0.1216E-11  0.1217E-11
CALSDV   40   11  0.1216E-11  0.1218E-11
CALSDV   41   11  0.1257E-11  0.1258E-11
CALSDV   42   11  0.1260E-11  0.1261E-11
CALSDV   43   11  0.1306E-11  0.1307E-11
CALSDV   44   11  0.1314E-11  0.1315E-11
CALSDV   45   11  0.1364E-11  0.1365E-11
CALSDV   46   11  0.1378E-11  0.1379E-11
CALSDV   47   11  0.1432E-11  0.1433E-11
CALSDV   48   11  0.1454E-11  0.1455E-11
CALSDV   49   11  0.1512E-11  0.1512E-11
CALSDV   50   11  0.1543E-11  0.1543E-11
CALSDV   51   11  0.1603E-11  0.1604E-11
CALSDV   52   11  0.1645E-11  0.1645E-11
CALSDV   53   11  0.1709E-11  0.1710E-11
CALSDV   54   11  0.1761E-11  0.1762E-11
CALSDV   55   11  0.1832E-11  0.1833E-11
CALSDV   56   11  0.1896E-11  0.1897E-11
CALSDV   57   11  0.1978E-11  0.1979E-11
CALSDV   58   11  0.2054E-11  0.2055E-11
CALSDV   59   11  0.2142E-11  0.2143E-11
CALSDV   60   11  0.2223E-11  0.2224E-11
CALSDV   12   12  0.6486E-11  0.6581E-11
CALSDV   13   12  0.5532E-11  0.5577E-11
CALSDV   14   12  0.3769E-11  0.3779E-11
CALSDV   15   12  0.2763E-11  0.2791E-11
CALSDV   16   12  0.3016E-11  0.3015E-11
CALSDV   17   12  0.2161E-11  0.2171E-11
CALSDV   18   12  0.2358E-11  0.2359E-11
CALSDV   19   12  0.2031E-11  0.2034E-11
CALSDV   20   12  0.1945E-11  0.1951E-11
CALSDV   21   12  0.1925E-11  0.1925E-11
CALSDV   22   12  0.1715E-11  0.1722E-11
CALSDV   23   12  0.1808E-11  0.1807E-11
CALSDV   24   12  0.1586E-11  0.1594E-11
CALSDV   25   12  0.1695E-11  0.1695E-11
CALSDV   26   12  0.1510E-11  0.1517E-11
CALSDV   27   12  0.1597E-11  0.1597E-11
CALSDV   28   12  0.1463E-11  0.1469E-11
CALSDV   29   12  0.1519E-11  0.1519E-11
CALSDV   30   12  0.1432E-11  0.1438E-11
CALSDV   31   12  0.1459E-11  0.1460E-11
CALSDV   32   12  0.1412E-11  0.1418E-11
CALSDV   33   12  0.1417E-11  0.1418E-11
CALSDV   34   12  0.1402E-11  0.1407E-11
CALSDV   35   12  0.1391E-11  0.1393E-11
CALSDV   36   12  0.1401E-11  0.1405E-11
CALSDV   37   12  0.1381E-11  0.1382E-11
CALSDV   38   12  0.1408E-11  0.1412E-11
CALSDV   39   12  0.1384E-11  0.1386E-11
CALSDV   40   12  0.1425E-11  0.1429E-11
CALSDV   41   12  0.1401E-11  0.1402E-11
CALSDV   42   12  0.1451E-11  0.1455E-11
CALSDV   43   12  0.1430E-11  0.1431E-11
CALSDV   44   12  0.1488E-11  0.1491E-11
CALSDV   45   12  0.1471E-11  0.1473E-11
CALSDV   46   12  0.1535E-11  0.1538E-11
CALSDV   47   12  0.1525E-11  0.1527E-11
CALSDV   48   12  0.1594E-11  0.1597E-11
CALSDV   49   12  0.1592E-11  0.1594E-11
CALSDV   50   12  0.1666E-11  0.1668E-11
CALSDV   51   12  0.1674E-11  0.1676E-11
CALSDV   52   12  0.1751E-11  0.1755E-11
CALSDV   53   12  0.1771E-11  0.1773E-11
CALSDV   54   12  0.1854E-11  0.1856E-11
CALSDV   55   12  0.1885E-11  0.1888E-11
CALSDV   56   12  0.1974E-11  0.1978E-11
CALSDV   57   12  0.2024E-11  0.2027E-11
CALSDV   58   12  0.2122E-11  0.2125E-11
CALSDV   59   12  0.2195E-11  0.2199E-11
CALSDV   60   12  0.2305E-11  0.2309E-11
CALSDV   13   13  0.5588E-11  0.5589E-11
CALSDV   14   13  0.5728E-11  0.5771E-11
CALSDV   15   13  0.4008E-11  0.4012E-11
CALSDV   16   13  0.3352E-11  0.3373E-11
CALSDV   17   13  0.3283E-11  0.3281E-11
CALSDV   18   13  0.2574E-11  0.2582E-11
CALSDV   19   13  0.2460E-11  0.2457E-11
CALSDV   20   13  0.2177E-11  0.2181E-11
CALSDV   21   13  0.1875E-11  0.1872E-11
CALSDV   22   13  0.1886E-11  0.1890E-11
CALSDV   23   13  0.1533E-11  0.1531E-11
CALSDV   24   13  0.1662E-11  0.1667E-11
CALSDV   25   13  0.1362E-11  0.1359E-11
CALSDV   26   13  0.1498E-11  0.1502E-11
CALSDV   27   13  0.1289E-11  0.1287E-11
CALSDV   28   13  0.1384E-11  0.1388E-11
CALSDV   29   13  0.1268E-11  0.1266E-11
CALSDV   30   13  0.1314E-11  0.1315E-11
CALSDV   31   13  0.1270E-11  0.1268E-11
CALSDV   32   13  0.1275E-11  0.1276E-11
CALSDV   33   13  0.1285E-11  0.1282E-11
CALSDV   34   13  0.1261E-11  0.1261E-11
CALSDV   35   13  0.1307E-11  0.1304E-11
CALSDV   36   13  0.1267E-11  0.1266E-11
CALSDV   37   13  0.1334E-11  0.1330E-11
CALSDV   38   13  0.1287E-11  0.1286E-11
CALSDV   39   13  0.1366E-11  0.1363E-11
CALSDV   40   13  0.1321E-11  0.1318E-11
CALSDV   41   13  0.1404E-11  0.1400E-11
CALSDV   42   13  0.1364E-11  0.1362E-11
CALSDV   43   13  0.1449E-11  0.1444E-11
CALSDV   44   13  0.1420E-11  0.1415E-11
CALSDV   45   13  0.1502E-11  0.1497E-11
CALSDV   46   13  0.1485E-11  0.1479E-11
CALSDV   47   13  0.1564E-11  0.1558E-11
CALSDV   48   13  0.1558E-11  0.1554E-11
CALSDV   49   13  0.1636E-11  0.1630E-11
CALSDV   50   13  0.1645E-11  0.1640E-11
CALSDV   51   13  0.1720E-11  0.1713E-11
CALSDV   52   13  0.1744E-11  0.1737E-11
CALSDV   53   13  0.1817E-11  0.1810E-11
CALSDV   54   13  0.1856E-11  0.1849E-11
CALSDV   55   13  0.1930E-11  0.1922E-11
CALSDV   56   13  0.1985E-11  0.1977E-11
CALSDV   57   13  0.2066E-11  0.2058E-11
CALSDV   58   13  0.2137E-11  0.2128E-11
CALSDV   59   13  0.2242E-11  0.2233E-11
CALSDV   60   13  0.2322E-11  0.2313E-11
CALSDV   14   14  0.4793E-11  0.4783E-11
CALSDV   15   14  0.6272E-11  0.6210E-11
CALSDV   16   14  0.3756E-11  0.3769E-11
CALSDV   17   14  0.3322E-11  0.3279E-11
CALSDV   18   14  0.3095E-11  0.3107E-11
CALSDV   19   14  0.2376E-11  0.2367E-11
CALSDV   20   14  0.2330E-11  0.2338E-11
CALSDV   21   14  0.2114E-11  0.2115E-11
CALSDV   22   14  0.1844E-11  0.1848E-11
CALSDV   23   14  0.1988E-11  0.1995E-11
CALSDV   24   14  0.1616E-11  0.1619E-11
CALSDV   25   14  0.1885E-11  0.1889E-11
CALSDV   26   14  0.1539E-11  0.1541E-11
CALSDV   27   14  0.1793E-11  0.1794E-11
CALSDV   28   14  0.1526E-11  0.1527E-11
CALSDV   29   14  0.1716E-11  0.1714E-11
CALSDV   30   14  0.1535E-11  0.1538E-11
CALSDV   31   14  0.1653E-11  0.1651E-11
CALSDV   32   14  0.1550E-11  0.1552E-11
CALSDV   33   14  0.1607E-11  0.1605E-11
CALSDV   34   14  0.1565E-11  0.1568E-11
CALSDV   35   14  0.1577E-11  0.1575E-11
CALSDV   36   14  0.1580E-11  0.1583E-11
CALSDV   37   14  0.1561E-11  0.1560E-11
CALSDV   38   14  0.1597E-11  0.1601E-11
CALSDV   39   14  0.1558E-11  0.1558E-11
CALSDV   40   14  0.1617E-11  0.1621E-11
CALSDV   41   14  0.1568E-11  0.1569E-11
CALSDV   42   14  0.1641E-11  0.1647E-11
CALSDV   43   14  0.1590E-11  0.1592E-11
CALSDV   44   14  0.1673E-11  0.1679E-11
CALSDV   45   14  0.1623E-11  0.1626E-11
CALSDV   46   14  0.1712E-11  0.1719E-11
CALSDV   47   14  0.1669E-11  0.1673E-11
CALSDV   48   14  0.1761E-11  0.1768E-11
CALSDV   49   14  0.1726E-11  0.1732E-11
CALSDV   50   14  0.1821E-11  0.1829E-11
CALSDV   51   14  0.1797E-11  0.1803E-11
CALSDV   52   14  0.1893E-11  0.1902E-11
CALSDV   53   14  0.1883E-11  0.1890E-11
CALSDV   54   14  0.1981E-11  0.1990E-11
CALSDV   55   14  0.1985E-11  0.1994E-11
CALSDV   56   14  0.2086E-11  0.2096E-11
CALSDV   57   14  0.2111E-11  0.2120E-11
CALSDV   58   14  0.2218E-11  0.2228E-11
CALSDV   59   14  0.2289E-11  0.2299E-11
CALSDV   60   14  0.2408E-11  0.2420E-11
CALSDV   15   15  0.6384E-11  0.6339E-11
CALSDV   16   15  0.5627E-11  0.5602E-11
CALSDV   17   15  0.3896E-11  0.3929E-11
CALSDV   18   15  0.3019E-11  0.2991E-11
CALSDV   19   15  0.3552E-11  0.3551E-11
CALSDV   20   15  0.2285E-11  0.2280E-11
CALSDV   21   15  0.2950E-11  0.2929E-11
CALSDV   22   15  0.2045E-11  0.2045E-11
CALSDV   23   15  0.2463E-11  0.2436E-11
CALSDV   24   15  0.1878E-11  0.1877E-11
CALSDV   25   15  0.2135E-11  0.2109E-11
CALSDV   26   15  0.1733E-11  0.1731E-11
CALSDV   27   15  0.1931E-11  0.1908E-11
CALSDV   28   15  0.1617E-11  0.1614E-11
CALSDV   29   15  0.1806E-11  0.1788E-11
CALSDV   30   15  0.1533E-11  0.1529E-11
CALSDV   31   15  0.1731E-11  0.1717E-11
CALSDV   32   15  0.1479E-11  0.1476E-11
CALSDV   33   15  0.1685E-11  0.1676E-11
CALSDV   34   15  0.1453E-11  0.1451E-11
CALSDV   35   15  0.1660E-11  0.1653E-11
CALSDV   36   15  0.1449E-11  0.1448E-11
CALSDV   37   15  0.1649E-11  0.1645E-11
CALSDV   38   15  0.1462E-11  0.1462E-11
CALSDV   39   15  0.1649E-11  0.1648E-11
CALSDV   40   15  0.1488E-11  0.1489E-11
CALSDV   41   15  0.1660E-11  0.1661E-11
CALSDV   42   15  0.1526E-11  0.1529E-11
CALSDV   43   15  0.1682E-11  0.1684E-11
CALSDV   44   15  0.1574E-11  0.1578E-11
CALSDV   45   15  0.1712E-11  0.1716E-11
CALSDV   46   15  0.1632E-11  0.1637E-11
CALSDV   47   15  0.1754E-11  0.1759E-11
CALSDV   48   15  0.1700E-11  0.1706E-11
CALSDV   49   15  0.1806E-11  0.1813E-11
CALSDV   50   15  0.1778E-11  0.1785E-11
CALSDV   51   15  0.1871E-11  0.1879E-11
CALSDV   52   15  0.1867E-11  0.1876E-11
CALSDV   53   15  0.1950E-11  0.1959E-11
CALSDV   54   15  0.1969E-11  0.1978E-11
CALSDV   55   15  0.2044E-11  0.2054E-11
CALSDV   56   15  0.2085E-11  0.2096E-11
CALSDV   57   15  0.2162E-11  0.2173E-11
CALSDV   58   15  0.2224E-11  0.2236E-11
CALSDV   59   15  0.2339E-11  0.2351E-11
CALSDV   60   15  0.2415E-11  0.2428E-11
CALSDV   16   16  0.4255E-11  0.4260E-11
CALSDV   17   16  0.6182E-11  0.6204E-11
CALSDV   18   16  0.3860E-11  0.3863E-11
CALSDV   19   16  0.3450E-11  0.3460E-11
CALSDV   20   16  0.3375E-11  0.3358E-11
CALSDV   21   16  0.2556E-11  0.2566E-11
CALSDV   22   16  0.2569E-11  0.2555E-11
CALSDV   23   16  0.2257E-11  0.2260E-11
CALSDV   24   16  0.2002E-11  0.1997E-11
CALSDV   25   16  0.2088E-11  0.2088E-11
CALSDV   26   16  0.1725E-11  0.1726E-11
CALSDV   27   16  0.1955E-11  0.1954E-11
CALSDV   28   16  0.1643E-11  0.1647E-11
CALSDV   29   16  0.1853E-11  0.1851E-11
CALSDV   30   16  0.1650E-11  0.1655E-11
CALSDV   31   16  0.1778E-11  0.1777E-11
CALSDV   32   16  0.1686E-11  0.1691E-11
CALSDV   33   16  0.1730E-11  0.1728E-11
CALSDV   34   16  0.1726E-11  0.1730E-11
CALSDV   35   16  0.1702E-11  0.1701E-11
CALSDV   36   16  0.1762E-11  0.1765E-11
CALSDV   37   16  0.1692E-11  0.1692E-11
CALSDV   38   16  0.1794E-11  0.1795E-11
CALSDV   39   16  0.1696E-11  0.1696E-11
CALSDV   40   16  0.1822E-11  0.1823E-11
CALSDV   41   16  0.1712E-11  0.1712E-11
CALSDV   42   16  0.1850E-11  0.1851E-11
CALSDV   43   16  0.1738E-11  0.1738E-11
CALSDV   44   16  0.1880E-11  0.1881E-11
CALSDV   45   16  0.1774E-11  0.1774E-11
CALSDV   46   16  0.1914E-11  0.1915E-11
CALSDV   47   16  0.1818E-11  0.1819E-11
CALSDV   48   16  0.1954E-11  0.1955E-11
CALSDV   49   16  0.1873E-11  0.1874E-11
CALSDV   50   16  0.2003E-11  0.2004E-11
CALSDV   51   16  0.1937E-11  0.1940E-11
CALSDV   52   16  0.2062E-11  0.2063E-11
CALSDV   53   16  0.2014E-11  0.2016E-11
CALSDV   54   16  0.2133E-11  0.2135E-11
CALSDV   55   16  0.2104E-11  0.2107E-11
CALSDV   56   16  0.2221E-11  0.2223E-11
CALSDV   57   16  0.2217E-11  0.2219E-11
CALSDV   58   16  0.2333E-11  0.2336E-11
CALSDV   59   16  0.2394E-11  0.2398E-11
CALSDV   60   16  0.2521E-11  0.2525E-11
CALSDV   17   17  0.4136E-11  0.4183E-11
CALSDV   18   17  0.4790E-11  0.4757E-11
CALSDV   19   17  0.3724E-11  0.3728E-11
CALSDV   20   17  0.2740E-11  0.2717E-11
CALSDV   21   17  0.3308E-11  0.3316E-11
CALSDV   22   17  0.2511E-11  0.2502E-11
CALSDV   23   17  0.2590E-11  0.2602E-11
CALSDV   24   17  0.2396E-11  0.2392E-11
CALSDV   25   17  0.2064E-11  0.2080E-11
CALSDV   26   17  0.2191E-11  0.2190E-11
CALSDV   27   17  0.1773E-11  0.1789E-11
CALSDV   28   17  0.1965E-11  0.1965E-11
CALSDV   29   17  0.1646E-11  0.1661E-11
CALSDV   30   17  0.1773E-11  0.1773E-11
CALSDV   31   17  0.1606E-11  0.1621E-11
CALSDV   32   17  0.1636E-11  0.1633E-11
CALSDV   33   17  0.1609E-11  0.1621E-11
CALSDV   34   17  0.1555E-11  0.1553E-11
CALSDV   35   17  0.1628E-11  0.1638E-11
CALSDV   36   17  0.1522E-11  0.1521E-11
CALSDV   37   17  0.1654E-11  0.1664E-11
CALSDV   38   17  0.1528E-11  0.1526E-11
CALSDV   39   17  0.1685E-11  0.1693E-11
CALSDV   40   17  0.1560E-11  0.1558E-11
CALSDV   41   17  0.1720E-11  0.1727E-11
CALSDV   42   17  0.1609E-11  0.1608E-11
CALSDV   43   17  0.1758E-11  0.1766E-11
CALSDV   44   17  0.1670E-11  0.1670E-11
CALSDV   45   17  0.1803E-11  0.1810E-11
CALSDV   46   17  0.1740E-11  0.1740E-11
CALSDV   47   17  0.1854E-11  0.1860E-11
CALSDV   48   17  0.1818E-11  0.1817E-11
CALSDV   49   17  0.1913E-11  0.1917E-11
CALSDV   50   17  0.1903E-11  0.1901E-11
CALSDV   51   17  0.1981E-11  0.1983E-11
CALSDV   52   17  0.1995E-11  0.1992E-11
CALSDV   53   17  0.2059E-11  0.2059E-11
CALSDV   54   17  0.2095E-11  0.2092E-11
CALSDV   55   17  0.2148E-11  0.2148E-11
CALSDV   56   17  0.2205E-11  0.2203E-11
CALSDV   57   17  0.2257E-11  0.2257E-11
CALSDV   58   17  0.2333E-11  0.2331E-11
CALSDV   59   17  0.2433E-11  0.2432E-11
CALSDV   60   17  0.2526E-11  0.2524E-11
CALSDV   18   18  0.4654E-11  0.4655E-11
CALSDV   19   18  0.4950E-11  0.4957E-11
CALSDV   20   18  0.4105E-11  0.4101E-11
CALSDV   21   18  0.2665E-11  0.2665E-11
CALSDV   22   18  0.3513E-11  0.3509E-11
CALSDV   23   18  0.2357E-11  0.2358E-11
CALSDV   24   18  0.2616E-11  0.2613E-11
CALSDV   25   18  0.2296E-11  0.2297E-11
CALSDV   26   18  0.2001E-11  0.2002E-11
CALSDV   27   18  0.2166E-11  0.2169E-11
CALSDV   28   18  0.1743E-11  0.1743E-11
CALSDV   29   18  0.2014E-11  0.2016E-11
CALSDV   30   18  0.1718E-11  0.1718E-11
CALSDV   31   18  0.1886E-11  0.1889E-11
CALSDV   32   18  0.1784E-11  0.1785E-11
CALSDV   33   18  0.1801E-11  0.1804E-11
CALSDV   34   18  0.1868E-11  0.1869E-11
CALSDV   35   18  0.1758E-11  0.1761E-11
CALSDV   36   18  0.1940E-11  0.1942E-11
CALSDV   37   18  0.1749E-11  0.1752E-11
CALSDV   38   18  0.1997E-11  0.1999E-11
CALSDV   39   18  0.1765E-11  0.1767E-11
CALSDV   40   18  0.2041E-11  0.2043E-11
CALSDV   41   18  0.1797E-11  0.1799E-11
CALSDV   42   18  0.2076E-11  0.2079E-11
CALSDV   43   18  0.1839E-11  0.1841E-11
CALSDV   44   18  0.2107E-11  0.2109E-11
CALSDV   45   18  0.1889E-11  0.1891E-11
CALSDV   46   18  0.2136E-11  0.2138E-11
CALSDV   47   18  0.1945E-11  0.1947E-11
CALSDV   48   18  0.2167E-11  0.2170E-11
CALSDV   49   18  0.2006E-11  0.2008E-11
CALSDV   50   18  0.2203E-11  0.2206E-11
CALSDV   51   18  0.2072E-11  0.2074E-11
CALSDV   52   18  0.2247E-11  0.2250E-11
CALSDV   53   18  0.2145E-11  0.2147E-11
CALSDV   54   18  0.2300E-11  0.2303E-11
CALSDV   55   18  0.2227E-11  0.2229E-11
CALSDV   56   18  0.2367E-11  0.2369E-11
CALSDV   57   18  0.2325E-11  0.2328E-11
CALSDV   58   18  0.2456E-11  0.2459E-11
CALSDV   59   18  0.2497E-11  0.2499E-11
CALSDV   60   18  0.2632E-11  0.2634E-11
CALSDV   19   19  0.3779E-11  0.3800E-11
CALSDV   20   19  0.4530E-11  0.4566E-11
CALSDV   21   19  0.3753E-11  0.3750E-11
CALSDV   22   19  0.2615E-11  0.2650E-11
CALSDV   23   19  0.3310E-11  0.3307E-11
CALSDV   24   19  0.2714E-11  0.2719E-11
CALSDV   25   19  0.2590E-11  0.2586E-11
CALSDV   26   19  0.2749E-11  0.2749E-11
CALSDV   27   19  0.2092E-11  0.2088E-11
CALSDV   28   19  0.2592E-11  0.2592E-11
CALSDV   29   19  0.1838E-11  0.1835E-11
CALSDV   30   19  0.2368E-11  0.2367E-11
CALSDV   31   19  0.1743E-11  0.1741E-11
CALSDV   32   19  0.2157E-11  0.2158E-11
CALSDV   33   19  0.1723E-11  0.1724E-11
CALSDV   34   19  0.1997E-11  0.1997E-11
CALSDV   35   19  0.1737E-11  0.1739E-11
CALSDV   36   19  0.1895E-11  0.1897E-11
CALSDV   37   19  0.1764E-11  0.1765E-11
CALSDV   38   19  0.1847E-11  0.1848E-11
CALSDV   39   19  0.1797E-11  0.1798E-11
CALSDV   40   19  0.1840E-11  0.1842E-11
CALSDV   41   19  0.1835E-11  0.1836E-11
CALSDV   42   19  0.1864E-11  0.1866E-11
CALSDV   43   19  0.1878E-11  0.1879E-11
CALSDV   44   19  0.1908E-11  0.1909E-11
CALSDV   45   19  0.1926E-11  0.1927E-11
CALSDV   46   19  0.1965E-11  0.1966E-11
CALSDV   47   19  0.1979E-11  0.1980E-11
CALSDV   48   19  0.2032E-11  0.2031E-11
CALSDV   49   19  0.2040E-11  0.2039E-11
CALSDV   50   19  0.2104E-11  0.2104E-11
CALSDV   51   19  0.2107E-11  0.2106E-11
CALSDV   52   19  0.2182E-11  0.2181E-11
CALSDV   53   19  0.2181E-11  0.2179E-11
CALSDV   54   19  0.2266E-11  0.2265E-11
CALSDV   55   19  0.2263E-11  0.2261E-11
CALSDV   56   19  0.2358E-11  0.2356E-11
CALSDV   57   19  0.2361E-11  0.2358E-11
CALSDV   58   19  0.2465E-11  0.2462E-11
CALSDV   59   19  0.2529E-11  0.2525E-11
CALSDV   60   19  0.2647E-11  0.2643E-11
CALSDV   20   20  0.4489E-11  0.4504E-11
CALSDV   21   20  0.4704E-11  0.4706E-11
CALSDV   22   20  0.4227E-11  0.4240E-11
CALSDV   23   20  0.2533E-11  0.2540E-11
CALSDV   24   20  0.3677E-11  0.3680E-11
CALSDV   25   20  0.2452E-11  0.2460E-11
CALSDV   26   20  0.2767E-11  0.2766E-11
CALSDV   27   20  0.2453E-11  0.2456E-11
CALSDV   28   20  0.2131E-11  0.2129E-11
CALSDV   29   20  0.2306E-11  0.2308E-11
CALSDV   30   20  0.1859E-11  0.1861E-11
CALSDV   31   20  0.2117E-11  0.2117E-11
CALSDV   32   20  0.1837E-11  0.1840E-11
CALSDV   33   20  0.1961E-11  0.1961E-11
CALSDV   34   20  0.1916E-11  0.1919E-11
CALSDV   35   20  0.1869E-11  0.1868E-11
CALSDV   36   20  0.2013E-11  0.2015E-11
CALSDV   37   20  0.1838E-11  0.1836E-11
CALSDV   38   20  0.2099E-11  0.2100E-11
CALSDV   39   20  0.1852E-11  0.1851E-11
CALSDV   40   20  0.2167E-11  0.2168E-11
CALSDV   41   20  0.1896E-11  0.1896E-11
CALSDV   42   20  0.2220E-11  0.2222E-11
CALSDV   43   20  0.1956E-11  0.1957E-11
CALSDV   44   20  0.2263E-11  0.2265E-11
CALSDV   45   20  0.2023E-11  0.2024E-11
CALSDV   46   20  0.2301E-11  0.2302E-11
CALSDV   47   20  0.2093E-11  0.2094E-11
CALSDV   48   20  0.2335E-11  0.2336E-11
CALSDV   49   20  0.2163E-11  0.2164E-11
CALSDV   50   20  0.2370E-11  0.2372E-11
CALSDV   51   20  0.2232E-11  0.2234E-11
CALSDV   52   20  0.2409E-11  0.2411E-11
CALSDV   53   20  0.2301E-11  0.2303E-11
CALSDV   54   20  0.2453E-11  0.2455E-11
CALSDV   55   20  0.2371E-11  0.2374E-11
CALSDV   56   20  0.2505E-11  0.2508E-11
CALSDV   57   20  0.2452E-11  0.2455E-11
CALSDV   58   20  0.2576E-11  0.2579E-11
CALSDV   59   20  0.2608E-11  0.2612E-11
CALSDV   60   20  0.2735E-11  0.2739E-11
CALSDV   21   21  0.3811E-11  0.3818E-11
CALSDV   22   21  0.4537E-11  0.4523E-11
CALSDV   23   21  0.3822E-11  0.3795E-11
CALSDV   24   21  0.2485E-11  0.2473E-11
CALSDV   25   21  0.3333E-11  0.3316E-11
CALSDV   26   21  0.2749E-11  0.2743E-11
CALSDV   27   21  0.2620E-11  0.2613E-11
CALSDV   28   21  0.2904E-11  0.2899E-11
CALSDV   29   21  0.2178E-11  0.2175E-11
CALSDV   30   21  0.2800E-11  0.2800E-11
CALSDV   31   21  0.1994E-11  0.1991E-11
CALSDV   32   21  0.2597E-11  0.2600E-11
CALSDV   33   21  0.1949E-11  0.1943E-11
CALSDV   34   21  0.2395E-11  0.2401E-11
CALSDV   35   21  0.1955E-11  0.1945E-11
CALSDV   36   21  0.2241E-11  0.2247E-11
CALSDV   37   21  0.1977E-11  0.1966E-11
CALSDV   38   21  0.2147E-11  0.2155E-11
CALSDV   39   21  0.2003E-11  0.1991E-11
CALSDV   40   21  0.2110E-11  0.2113E-11
CALSDV   41   21  0.2033E-11  0.2022E-11
CALSDV   42   21  0.2111E-11  0.2115E-11
CALSDV   43   21  0.2067E-11  0.2057E-11
CALSDV   44   21  0.2144E-11  0.2144E-11
CALSDV   45   21  0.2108E-11  0.2098E-11
CALSDV   46   21  0.2191E-11  0.2191E-11
CALSDV   47   21  0.2155E-11  0.2147E-11
CALSDV   48   21  0.2250E-11  0.2249E-11
CALSDV   49   21  0.2210E-11  0.2202E-11
CALSDV   50   21  0.2315E-11  0.2313E-11
CALSDV   51   21  0.2270E-11  0.2262E-11
CALSDV   52   21  0.2383E-11  0.2379E-11
CALSDV   53   21  0.2335E-11  0.2328E-11
CALSDV   54   21  0.2453E-11  0.2449E-11
CALSDV   55   21  0.2406E-11  0.2399E-11
CALSDV   56   21  0.2525E-11  0.2521E-11
CALSDV   57   21  0.2486E-11  0.2479E-11
CALSDV   58   21  0.2608E-11  0.2603E-11
CALSDV   59   21  0.2638E-11  0.2631E-11
CALSDV   60   21  0.2770E-11  0.2764E-11
CALSDV   22   22  0.3861E-11  0.3894E-11
CALSDV   23   22  0.4645E-11  0.4644E-11
CALSDV   24   22  0.4237E-11  0.4215E-11
CALSDV   25   22  0.2498E-11  0.2485E-11
CALSDV   26   22  0.3741E-11  0.3728E-11
CALSDV   27   22  0.2581E-11  0.2581E-11
CALSDV   28   22  0.2837E-11  0.2843E-11
CALSDV   29   22  0.2625E-11  0.2620E-11
CALSDV   30   22  0.2227E-11  0.2219E-11
CALSDV   31   22  0.2454E-11  0.2448E-11
CALSDV   32   22  0.1971E-11  0.1971E-11
CALSDV   33   22  0.2222E-11  0.2218E-11
CALSDV   34   22  0.1960E-11  0.1958E-11
CALSDV   35   22  0.2033E-11  0.2034E-11
CALSDV   36   22  0.2042E-11  0.2040E-11
CALSDV   37   22  0.1933E-11  0.1936E-11
CALSDV   38   22  0.2141E-11  0.2140E-11
CALSDV   39   22  0.1920E-11  0.1919E-11
CALSDV   40   22  0.2230E-11  0.2229E-11
CALSDV   41   22  0.1966E-11  0.1963E-11
CALSDV   42   22  0.2305E-11  0.2302E-11
CALSDV   43   22  0.2044E-11  0.2040E-11
CALSDV   44   22  0.2367E-11  0.2363E-11
CALSDV   45   22  0.2136E-11  0.2131E-11
CALSDV   46   22  0.2421E-11  0.2414E-11
CALSDV   47   22  0.2228E-11  0.2223E-11
CALSDV   48   22  0.2468E-11  0.2460E-11
CALSDV   49   22  0.2316E-11  0.2311E-11
CALSDV   50   22  0.2511E-11  0.2504E-11
CALSDV   51   22  0.2395E-11  0.2390E-11
CALSDV   52   22  0.2554E-11  0.2547E-11
CALSDV   53   22  0.2466E-11  0.2461E-11
CALSDV   54   22  0.2598E-11  0.2591E-11
CALSDV   55   22  0.2530E-11  0.2524E-11
CALSDV   56   22  0.2645E-11  0.2638E-11
CALSDV   57   22  0.2593E-11  0.2587E-11
CALSDV   58   22  0.2701E-11  0.2694E-11
CALSDV   59   22  0.2729E-11  0.2723E-11
CALSDV   60   22  0.2842E-11  0.2836E-11
CALSDV   23   23  0.3817E-11  0.3804E-11
CALSDV   24   23  0.4605E-11  0.4589E-11
CALSDV   25   23  0.3874E-11  0.3855E-11
CALSDV   26   23  0.2380E-11  0.2375E-11
CALSDV   27   23  0.3356E-11  0.3340E-11
CALSDV   28   23  0.2725E-11  0.2722E-11
CALSDV   29   23  0.2643E-11  0.2639E-11
CALSDV   30   23  0.2919E-11  0.2916E-11
CALSDV   31   23  0.2251E-11  0.2259E-11
CALSDV   32   23  0.2815E-11  0.2810E-11
CALSDV   33   23  0.2132E-11  0.2142E-11
CALSDV   34   23  0.2596E-11  0.2589E-11
CALSDV   35   23  0.2131E-11  0.2142E-11
CALSDV   36   23  0.2384E-11  0.2376E-11
CALSDV   37   23  0.2162E-11  0.2165E-11
CALSDV   38   23  0.2235E-11  0.2228E-11
CALSDV   39   23  0.2193E-11  0.2193E-11
CALSDV   40   23  0.2163E-11  0.2157E-11
CALSDV   41   23  0.2221E-11  0.2219E-11
CALSDV   42   23  0.2158E-11  0.2153E-11
CALSDV   43   23  0.2252E-11  0.2248E-11
CALSDV   44   23  0.2199E-11  0.2194E-11
CALSDV   45   23  0.2288E-11  0.2282E-11
CALSDV   46   23  0.2267E-11  0.2262E-11
CALSDV   47   23  0.2331E-11  0.2325E-11
CALSDV   48   23  0.2348E-11  0.2342E-11
CALSDV   49   23  0.2381E-11  0.2375E-11
CALSDV   50   23  0.2433E-11  0.2426E-11
CALSDV   51   23  0.2437E-11  0.2430E-11
CALSDV   52   23  0.2515E-11  0.2507E-11
CALSDV   53   23  0.2496E-11  0.2488E-11
CALSDV   54   23  0.2593E-11  0.2584E-11
CALSDV   55   23  0.2555E-11  0.2547E-11
CALSDV   56   23  0.2665E-11  0.2656E-11
CALSDV   57   23  0.2619E-11  0.2612E-11
CALSDV   58   23  0.2734E-11  0.2727E-11
CALSDV   59   23  0.2752E-11  0.2741E-11
CALSDV   60   23  0.2880E-11  0.2868E-11
CALSDV   24   24  0.3763E-11  0.3786E-11
CALSDV   25   24  0.4729E-11  0.4711E-11
CALSDV   26   24  0.4303E-11  0.4309E-11
CALSDV   27   24  0.2561E-11  0.2550E-11
CALSDV   28   24  0.3799E-11  0.3803E-11
CALSDV   29   24  0.2779E-11  0.2771E-11
CALSDV   30   24  0.2922E-11  0.2921E-11
CALSDV   31   24  0.2847E-11  0.2839E-11
CALSDV   32   24  0.2347E-11  0.2343E-11
CALSDV   33   24  0.2644E-11  0.2636E-11
CALSDV   34   24  0.2129E-11  0.2127E-11
CALSDV   35   24  0.2367E-11  0.2362E-11
CALSDV   36   24  0.2126E-11  0.2126E-11
CALSDV   37   24  0.2150E-11  0.2145E-11
CALSDV   38   24  0.2201E-11  0.2201E-11
CALSDV   39   24  0.2045E-11  0.2039E-11
CALSDV   40   24  0.2291E-11  0.2290E-11
CALSDV   41   24  0.2048E-11  0.2043E-11
CALSDV   42   24  0.2374E-11  0.2373E-11
CALSDV   43   24  0.2124E-11  0.2118E-11
CALSDV   44   24  0.2448E-11  0.2446E-11
CALSDV   45   24  0.2234E-11  0.2228E-11
CALSDV   46   24  0.2513E-11  0.2511E-11
CALSDV   47   24  0.2351E-11  0.2346E-11
CALSDV   48   24  0.2574E-11  0.2572E-11
CALSDV   49   24  0.2461E-11  0.2456E-11
CALSDV   50   24  0.2630E-11  0.2628E-11
CALSDV   51   24  0.2556E-11  0.2552E-11
CALSDV   52   24  0.2683E-11  0.2680E-11
CALSDV   53   24  0.2633E-11  0.2629E-11
CALSDV   54   24  0.2732E-11  0.2729E-11
CALSDV   55   24  0.2692E-11  0.2688E-11
CALSDV   56   24  0.2778E-11  0.2774E-11
CALSDV   57   24  0.2739E-11  0.2734E-11
CALSDV   58   24  0.2825E-11  0.2820E-11
CALSDV   59   24  0.2849E-11  0.2845E-11
CALSDV   60   24  0.2946E-11  0.2942E-11
CALSDV   25   25  0.3849E-11  0.3875E-11
CALSDV   26   25  0.4831E-11  0.4831E-11
CALSDV   27   25  0.4146E-11  0.4143E-11
CALSDV   28   25  0.2499E-11  0.2498E-11
CALSDV   29   25  0.3528E-11  0.3519E-11
CALSDV   30   25  0.2876E-11  0.2874E-11
CALSDV   31   25  0.2723E-11  0.2716E-11
CALSDV   32   25  0.3100E-11  0.3097E-11
CALSDV   33   25  0.2365E-11  0.2363E-11
CALSDV   34   25  0.3011E-11  0.3006E-11
CALSDV   35   25  0.2365E-11  0.2360E-11
CALSDV   36   25  0.2811E-11  0.2804E-11
CALSDV   37   25  0.2485E-11  0.2477E-11
CALSDV   38   25  0.2629E-11  0.2621E-11
CALSDV   39   25  0.2600E-11  0.2589E-11
CALSDV   40   25  0.2520E-11  0.2511E-11
CALSDV   41   25  0.2679E-11  0.2668E-11
CALSDV   42   25  0.2490E-11  0.2478E-11
CALSDV   43   25  0.2729E-11  0.2716E-11
CALSDV   44   25  0.2516E-11  0.2506E-11
CALSDV   45   25  0.2759E-11  0.2746E-11
CALSDV   46   25  0.2577E-11  0.2566E-11
CALSDV   47   25  0.2776E-11  0.2767E-11
CALSDV   48   25  0.2651E-11  0.2642E-11
CALSDV   49   25  0.2790E-11  0.2782E-11
CALSDV   50   25  0.2725E-11  0.2719E-11
CALSDV   51   25  0.2801E-11  0.2796E-11
CALSDV   52   25  0.2792E-11  0.2787E-11
CALSDV   53   25  0.2811E-11  0.2807E-11
CALSDV   54   25  0.2846E-11  0.2843E-11
CALSDV   55   25  0.2818E-11  0.2816E-11
CALSDV   56   25  0.2889E-11  0.2887E-11
CALSDV   57   25  0.2826E-11  0.2825E-11
CALSDV   58   25  0.2922E-11  0.2919E-11
CALSDV   59   25  0.2906E-11  0.2906E-11
CALSDV   60   25  0.3024E-11  0.3023E-11
CALSDV   26   26  0.3957E-11  0.3919E-11
CALSDV   27   26  0.4933E-11  0.4940E-11
CALSDV   28   26  0.4449E-11  0.4442E-11
CALSDV   29   26  0.2777E-11  0.2795E-11
CALSDV   30   26  0.3905E-11  0.3900E-11
CALSDV   31   26  0.3084E-11  0.3093E-11
CALSDV   32   26  0.3040E-11  0.3039E-11
CALSDV   33   26  0.3156E-11  0.3162E-11
CALSDV   34   26  0.2518E-11  0.2520E-11
CALSDV   35   26  0.2916E-11  0.2919E-11
CALSDV   36   26  0.2343E-11  0.2346E-11
CALSDV   37   26  0.2598E-11  0.2598E-11
CALSDV   38   26  0.2350E-11  0.2353E-11
CALSDV   39   26  0.2351E-11  0.2349E-11
CALSDV   40   26  0.2412E-11  0.2415E-11
CALSDV   41   26  0.2239E-11  0.2237E-11
CALSDV   42   26  0.2485E-11  0.2487E-11
CALSDV   43   26  0.2255E-11  0.2253E-11
CALSDV   44   26  0.2556E-11  0.2557E-11
CALSDV   45   26  0.2352E-11  0.2349E-11
CALSDV   46   26  0.2624E-11  0.2624E-11
CALSDV   47   26  0.2481E-11  0.2480E-11
CALSDV   48   26  0.2691E-11  0.2691E-11
CALSDV   49   26  0.2610E-11  0.2610E-11
CALSDV   50   26  0.2757E-11  0.2757E-11
CALSDV   51   26  0.2722E-11  0.2723E-11
CALSDV   52   26  0.2819E-11  0.2819E-11
CALSDV   53   26  0.2807E-11  0.2809E-11
CALSDV   54   26  0.2875E-11  0.2876E-11
CALSDV   55   26  0.2863E-11  0.2866E-11
CALSDV   56   26  0.2921E-11  0.2922E-11
CALSDV   57   26  0.2892E-11  0.2895E-11
CALSDV   58   26  0.2956E-11  0.2960E-11
CALSDV   59   26  0.2972E-11  0.2974E-11
CALSDV   60   26  0.3056E-11  0.3057E-11
CALSDV   27   27  0.3824E-11  0.3844E-11
CALSDV   28   27  0.5099E-11  0.5090E-11
CALSDV   29   27  0.4628E-11  0.4620E-11
CALSDV   30   27  0.2699E-11  0.2698E-11
CALSDV   31   27  0.3912E-11  0.3896E-11
CALSDV   32   27  0.3066E-11  0.3065E-11
CALSDV   33   27  0.2915E-11  0.2905E-11
CALSDV   34   27  0.3251E-11  0.3253E-11
CALSDV   35   27  0.2484E-11  0.2481E-11
CALSDV   36   27  0.3113E-11  0.3117E-11
CALSDV   37   27  0.2556E-11  0.2556E-11
CALSDV   38   27  0.2879E-11  0.2886E-11
CALSDV   39   27  0.2790E-11  0.2793E-11
CALSDV   40   27  0.2694E-11  0.2703E-11
CALSDV   41   27  0.3002E-11  0.3004E-11
CALSDV   42   27  0.2614E-11  0.2622E-11
CALSDV   43   27  0.3147E-11  0.3149E-11
CALSDV   44   27  0.2628E-11  0.2637E-11
CALSDV   45   27  0.3229E-11  0.3231E-11
CALSDV   46   27  0.2703E-11  0.2711E-11
CALSDV   47   27  0.3264E-11  0.3266E-11
CALSDV   48   27  0.2803E-11  0.2810E-11
CALSDV   49   27  0.3264E-11  0.3267E-11
CALSDV   50   27  0.2903E-11  0.2909E-11
CALSDV   51   27  0.3241E-11  0.3243E-11
CALSDV   52   27  0.2988E-11  0.2993E-11
CALSDV   53   27  0.3200E-11  0.3203E-11
CALSDV   54   27  0.3050E-11  0.3054E-11
CALSDV   55   27  0.3145E-11  0.3148E-11
CALSDV   56   27  0.3084E-11  0.3087E-11
CALSDV   57   27  0.3081E-11  0.3085E-11
CALSDV   58   27  0.3094E-11  0.3098E-11
CALSDV   59   27  0.3089E-11  0.3092E-11
CALSDV   60   27  0.3160E-11  0.3163E-11
CALSDV   28   28  0.4072E-11  0.4060E-11
CALSDV   29   28  0.5113E-11  0.5120E-11
CALSDV   30   28  0.4615E-11  0.4623E-11
CALSDV   31   28  0.2899E-11  0.2915E-11
CALSDV   32   28  0.4005E-11  0.4013E-11
CALSDV   33   28  0.3308E-11  0.3321E-11
CALSDV   34   28  0.3157E-11  0.3161E-11
CALSDV   35   28  0.3401E-11  0.3412E-11
CALSDV   36   28  0.2706E-11  0.2708E-11
CALSDV   37   28  0.3140E-11  0.3149E-11
CALSDV   38   28  0.2585E-11  0.2587E-11
CALSDV   39   28  0.2796E-11  0.2801E-11
CALSDV   40   28  0.2604E-11  0.2605E-11
CALSDV   41   28  0.2542E-11  0.2545E-11
CALSDV   42   28  0.2652E-11  0.2656E-11
CALSDV   43   28  0.2448E-11  0.2447E-11
CALSDV   44   28  0.2705E-11  0.2708E-11
CALSDV   45   28  0.2489E-11  0.2492E-11
CALSDV   46   28  0.2760E-11  0.2763E-11
CALSDV   47   28  0.2613E-11  0.2613E-11
CALSDV   48   28  0.2821E-11  0.2824E-11
CALSDV   49   28  0.2759E-11  0.2758E-11
CALSDV   50   28  0.2889E-11  0.2892E-11
CALSDV   51   28  0.2890E-11  0.2891E-11
CALSDV   52   28  0.2957E-11  0.2962E-11
CALSDV   53   28  0.2990E-11  0.2992E-11
CALSDV   54   28  0.3022E-11  0.3024E-11
CALSDV   55   28  0.3047E-11  0.3048E-11
CALSDV   56   28  0.3071E-11  0.3073E-11
CALSDV   57   28  0.3061E-11  0.3062E-11
CALSDV   58   28  0.3100E-11  0.3101E-11
CALSDV   59   28  0.3105E-11  0.3107E-11
CALSDV   60   28  0.3173E-11  0.3176E-11
CALSDV   29   29  0.3709E-11  0.3733E-11
CALSDV   30   29  0.5409E-11  0.5427E-11
CALSDV   31   29  0.4910E-11  0.4926E-11
CALSDV   32   29  0.3041E-11  0.3048E-11
CALSDV   33   29  0.4169E-11  0.4182E-11
CALSDV   34   29  0.3392E-11  0.3391E-11
CALSDV   35   29  0.3126E-11  0.3136E-11
CALSDV   36   29  0.3513E-11  0.3512E-11
CALSDV   37   29  0.2657E-11  0.2658E-11
CALSDV   38   29  0.3314E-11  0.3313E-11
CALSDV   39   29  0.2696E-11  0.2686E-11
CALSDV   40   29  0.3053E-11  0.3054E-11
CALSDV   41   29  0.2905E-11  0.2892E-11
CALSDV   42   29  0.2888E-11  0.2888E-11
CALSDV   43   29  0.3101E-11  0.3087E-11
CALSDV   44   29  0.2857E-11  0.2860E-11
CALSDV   45   29  0.3237E-11  0.3226E-11
CALSDV   46   29  0.2932E-11  0.2932E-11
CALSDV   47   29  0.3318E-11  0.3309E-11
CALSDV   48   29  0.3053E-11  0.3051E-11
CALSDV   49   29  0.3356E-11  0.3350E-11
CALSDV   50   29  0.3177E-11  0.3173E-11
CALSDV   51   29  0.3362E-11  0.3358E-11
CALSDV   52   29  0.3276E-11  0.3272E-11
CALSDV   53   29  0.3343E-11  0.3339E-11
CALSDV   54   29  0.3337E-11  0.3331E-11
CALSDV   55   29  0.3299E-11  0.3294E-11
CALSDV   56   29  0.3352E-11  0.3346E-11
CALSDV   57   29  0.3231E-11  0.3225E-11
CALSDV   58   29  0.3324E-11  0.3316E-11
CALSDV   59   29  0.3209E-11  0.3205E-11
CALSDV   60   29  0.3332E-11  0.3327E-11
CALSDV   30   30  0.4891E-11  0.4906E-11
CALSDV   31   30  0.5501E-11  0.5489E-11
CALSDV   32   30  0.5028E-11  0.5004E-11
CALSDV   33   30  0.3101E-11  0.3096E-11
CALSDV   34   30  0.4230E-11  0.4214E-11
CALSDV   35   30  0.3522E-11  0.3501E-11
CALSDV   36   30  0.3385E-11  0.3379E-11
CALSDV   37   30  0.3629E-11  0.3608E-11
CALSDV   38   30  0.3071E-11  0.3073E-11
CALSDV   39   30  0.3369E-11  0.3354E-11
CALSDV   40   30  0.3081E-11  0.3090E-11
CALSDV   41   30  0.3039E-11  0.3027E-11
CALSDV   42   30  0.3167E-11  0.3178E-11
CALSDV   43   30  0.2820E-11  0.2811E-11
CALSDV   44   30  0.3229E-11  0.3240E-11
CALSDV   45   30  0.2766E-11  0.2761E-11
CALSDV   46   30  0.3260E-11  0.3270E-11
CALSDV   47   30  0.2843E-11  0.2839E-11
CALSDV   48   30  0.3277E-11  0.3286E-11
CALSDV   49   30  0.2978E-11  0.2975E-11
CALSDV   50   30  0.3292E-11  0.3300E-11
CALSDV   51   30  0.3114E-11  0.3111E-11
CALSDV   52   30  0.3312E-11  0.3316E-11
CALSDV   53   30  0.3218E-11  0.3216E-11
CALSDV   54   30  0.3329E-11  0.3331E-11
CALSDV   55   30  0.3269E-11  0.3266E-11
CALSDV   56   30  0.3334E-11  0.3335E-11
CALSDV   57   30  0.3259E-11  0.3256E-11
CALSDV   58   30  0.3316E-11  0.3315E-11
CALSDV   59   30  0.3258E-11  0.3252E-11
CALSDV   60   30  0.3335E-11  0.3330E-11
CALSDV   31   31  0.4147E-11  0.4143E-11
CALSDV   32   31  0.5911E-11  0.5884E-11
CALSDV   33   31  0.5144E-11  0.5121E-11
CALSDV   34   31  0.3644E-11  0.3629E-11
CALSDV   35   31  0.4502E-11  0.4502E-11
CALSDV   36   31  0.3931E-11  0.3915E-11
CALSDV   37   31  0.3520E-11  0.3526E-11
CALSDV   38   31  0.3928E-11  0.3905E-11
CALSDV   39   31  0.3016E-11  0.3017E-11
CALSDV   40   31  0.3613E-11  0.3591E-11
CALSDV   41   31  0.2930E-11  0.2924E-11
CALSDV   42   31  0.3285E-11  0.3263E-11
CALSDV   43   31  0.3014E-11  0.3006E-11
CALSDV   44   31  0.3113E-11  0.3091E-11
CALSDV   45   31  0.3121E-11  0.3117E-11
CALSDV   46   31  0.3120E-11  0.3101E-11
CALSDV   47   31  0.3212E-11  0.3213E-11
CALSDV   48   31  0.3240E-11  0.3228E-11
CALSDV   49   31  0.3282E-11  0.3289E-11
CALSDV   50   31  0.3395E-11  0.3388E-11
CALSDV   51   31  0.3335E-11  0.3343E-11
CALSDV   52   31  0.3526E-11  0.3523E-11
CALSDV   53   31  0.3366E-11  0.3374E-11
CALSDV   54   31  0.3604E-11  0.3606E-11
CALSDV   55   31  0.3368E-11  0.3375E-11
CALSDV   56   31  0.3616E-11  0.3617E-11
CALSDV   57   31  0.3330E-11  0.3335E-11
CALSDV   58   31  0.3556E-11  0.3558E-11
CALSDV   59   31  0.3306E-11  0.3304E-11
CALSDV   60   31  0.3509E-11  0.3505E-11
CALSDV   32   32  0.3941E-11  0.3939E-11
CALSDV   33   32  0.5569E-11  0.5551E-11
CALSDV   34   32  0.5065E-11  0.5061E-11
CALSDV   35   32  0.3241E-11  0.3248E-11
CALSDV   36   32  0.4268E-11  0.4270E-11
CALSDV   37   32  0.3795E-11  0.3814E-11
CALSDV   38   32  0.3382E-11  0.3382E-11
CALSDV   39   32  0.3878E-11  0.3892E-11
CALSDV   40   32  0.3063E-11  0.3066E-11
CALSDV   41   32  0.3548E-11  0.3556E-11
CALSDV   42   32  0.3080E-11  0.3084E-11
CALSDV   43   32  0.3159E-11  0.3166E-11
CALSDV   44   32  0.3169E-11  0.3171E-11
CALSDV   45   32  0.2930E-11  0.2933E-11
CALSDV   46   32  0.3236E-11  0.3236E-11
CALSDV   47   32  0.2908E-11  0.2909E-11
CALSDV   48   32  0.3281E-11  0.3278E-11
CALSDV   49   32  0.3030E-11  0.3029E-11
CALSDV   50   32  0.3325E-11  0.3321E-11
CALSDV   51   32  0.3199E-11  0.3197E-11
CALSDV   52   32  0.3375E-11  0.3371E-11
CALSDV   53   32  0.3345E-11  0.3342E-11
CALSDV   54   32  0.3426E-11  0.3422E-11
CALSDV   55   32  0.3427E-11  0.3425E-11
CALSDV   56   32  0.3459E-11  0.3456E-11
CALSDV   57   32  0.3426E-11  0.3423E-11
CALSDV   58   32  0.3455E-11  0.3452E-11
CALSDV   59   32  0.3394E-11  0.3392E-11
CALSDV   60   32  0.3455E-11  0.3452E-11
CALSDV   33   33  0.4152E-11  0.4160E-11
CALSDV   34   33  0.5680E-11  0.5686E-11
CALSDV   35   33  0.5467E-11  0.5487E-11
CALSDV   36   33  0.3277E-11  0.3277E-11
CALSDV   37   33  0.4615E-11  0.4625E-11
CALSDV   38   33  0.3835E-11  0.3839E-11
CALSDV   39   33  0.3461E-11  0.3468E-11
CALSDV   40   33  0.3901E-11  0.3905E-11
CALSDV   41   33  0.3020E-11  0.3025E-11
CALSDV   42   33  0.3565E-11  0.3569E-11
CALSDV   43   33  0.3148E-11  0.3157E-11
CALSDV   44   33  0.3204E-11  0.3208E-11
CALSDV   45   33  0.3431E-11  0.3441E-11
CALSDV   46   33  0.3036E-11  0.3037E-11
CALSDV   47   33  0.3665E-11  0.3678E-11
CALSDV   48   33  0.3084E-11  0.3087E-11
CALSDV   49   33  0.3811E-11  0.3824E-11
CALSDV   50   33  0.3261E-11  0.3263E-11
CALSDV   51   33  0.3875E-11  0.3889E-11
CALSDV   52   33  0.3460E-11  0.3464E-11
CALSDV   53   33  0.3871E-11  0.3885E-11
CALSDV   54   33  0.3616E-11  0.3620E-11
CALSDV   55   33  0.3803E-11  0.3814E-11
CALSDV   56   33  0.3692E-11  0.3696E-11
CALSDV   57   33  0.3672E-11  0.3679E-11
CALSDV   58   33  0.3670E-11  0.3674E-11
CALSDV   59   33  0.3533E-11  0.3541E-11
CALSDV   60   33  0.3612E-11  0.3618E-11
CALSDV   34   34  0.3770E-11  0.3772E-11
CALSDV   35   34  0.5617E-11  0.5642E-11
CALSDV   36   34  0.5266E-11  0.5261E-11
CALSDV   37   34  0.3316E-11  0.3339E-11
CALSDV   38   34  0.4398E-11  0.4406E-11
CALSDV   39   34  0.4043E-11  0.4050E-11
CALSDV   40   34  0.3493E-11  0.3498E-11
CALSDV   41   34  0.4144E-11  0.4140E-11
CALSDV   42   34  0.3201E-11  0.3196E-11
CALSDV   43   34  0.3802E-11  0.3792E-11
CALSDV   44   34  0.3227E-11  0.3212E-11
CALSDV   45   34  0.3423E-11  0.3413E-11
CALSDV   46   34  0.3305E-11  0.3282E-11
CALSDV   47   34  0.3234E-11  0.3221E-11
CALSDV   48   34  0.3360E-11  0.3333E-11
CALSDV   49   34  0.3256E-11  0.3246E-11
CALSDV   50   34  0.3409E-11  0.3380E-11
CALSDV   51   34  0.3395E-11  0.3389E-11
CALSDV   52   34  0.3470E-11  0.3442E-11
CALSDV   53   34  0.3549E-11  0.3546E-11
CALSDV   54   34  0.3538E-11  0.3516E-11
CALSDV   55   34  0.3640E-11  0.3640E-11
CALSDV   56   34  0.3595E-11  0.3578E-11
CALSDV   57   34  0.3631E-11  0.3630E-11
CALSDV   58   34  0.3604E-11  0.3592E-11
CALSDV   59   34  0.3556E-11  0.3555E-11
CALSDV   60   34  0.3586E-11  0.3578E-11
CALSDV   35   35  0.4099E-11  0.4133E-11
CALSDV   36   35  0.5851E-11  0.5850E-11
CALSDV   37   35  0.5813E-11  0.5814E-11
CALSDV   38   35  0.3427E-11  0.3446E-11
CALSDV   39   35  0.4871E-11  0.4871E-11
CALSDV   40   35  0.4081E-11  0.4100E-11
CALSDV   41   35  0.3664E-11  0.3665E-11
CALSDV   42   35  0.4122E-11  0.4130E-11
CALSDV   43   35  0.3227E-11  0.3230E-11
CALSDV   44   35  0.3745E-11  0.3746E-11
CALSDV   45   35  0.3364E-11  0.3372E-11
CALSDV   46   35  0.3387E-11  0.3384E-11
CALSDV   47   35  0.3644E-11  0.3649E-11
CALSDV   48   35  0.3275E-11  0.3269E-11
CALSDV   49   35  0.3868E-11  0.3869E-11
CALSDV   50   35  0.3395E-11  0.3388E-11
CALSDV   51   35  0.3997E-11  0.3997E-11
CALSDV   52   35  0.3612E-11  0.3607E-11
CALSDV   53   35  0.4038E-11  0.4038E-11
CALSDV   54   35  0.3809E-11  0.3808E-11
CALSDV   55   35  0.3996E-11  0.3997E-11
CALSDV   56   35  0.3913E-11  0.3915E-11
CALSDV   57   35  0.3863E-11  0.3866E-11
CALSDV   58   35  0.3891E-11  0.3894E-11
CALSDV   59   35  0.3686E-11  0.3692E-11
CALSDV   60   35  0.3786E-11  0.3792E-11
CALSDV   36   36  0.3917E-11  0.3926E-11
CALSDV   37   36  0.5807E-11  0.5823E-11
CALSDV   38   36  0.5561E-11  0.5574E-11
CALSDV   39   36  0.3503E-11  0.3519E-11
CALSDV   40   36  0.4595E-11  0.4605E-11
CALSDV   41   36  0.4324E-11  0.4334E-11
CALSDV   42   36  0.3663E-11  0.3667E-11
CALSDV   43   36  0.4426E-11  0.4430E-11
CALSDV   44   36  0.3415E-11  0.3417E-11
CALSDV   45   36  0.4091E-11  0.4089E-11
CALSDV   46   36  0.3477E-11  0.3485E-11
CALSDV   47   36  0.3760E-11  0.3757E-11
CALSDV   48   36  0.3569E-11  0.3582E-11
CALSDV   49   36  0.3638E-11  0.3638E-11
CALSDV   50   36  0.3631E-11  0.3647E-11
CALSDV   51   36  0.3704E-11  0.3704E-11
CALSDV   52   36  0.3686E-11  0.3703E-11
CALSDV   53   36  0.3831E-11  0.3836E-11
CALSDV   54   36  0.3748E-11  0.3764E-11
CALSDV   55   36  0.3919E-11  0.3921E-11
CALSDV   56   36  0.3800E-11  0.3813E-11
CALSDV   57   36  0.3884E-11  0.3890E-11
CALSDV   58   36  0.3797E-11  0.3809E-11
CALSDV   59   36  0.3746E-11  0.3752E-11
CALSDV   60   36  0.3742E-11  0.3750E-11
CALSDV   37   37  0.3823E-11  0.3818E-11
CALSDV   38   37  0.6044E-11  0.6051E-11
CALSDV   39   37  0.6161E-11  0.6160E-11
CALSDV   40   37  0.3669E-11  0.3666E-11
CALSDV   41   37  0.5113E-11  0.5112E-11
CALSDV   42   37  0.4380E-11  0.4378E-11
CALSDV   43   37  0.3857E-11  0.3853E-11
CALSDV   44   37  0.4345E-11  0.4343E-11
CALSDV   45   37  0.3424E-11  0.3420E-11
CALSDV   46   37  0.3893E-11  0.3889E-11
CALSDV   47   37  0.3556E-11  0.3554E-11
CALSDV   48   37  0.3526E-11  0.3522E-11
CALSDV   49   37  0.3810E-11  0.3808E-11
CALSDV   50   37  0.3471E-11  0.3467E-11
CALSDV   51   37  0.4008E-11  0.4004E-11
CALSDV   52   37  0.3659E-11  0.3654E-11
CALSDV   53   37  0.4115E-11  0.4108E-11
CALSDV   54   37  0.3906E-11  0.3901E-11
CALSDV   55   37  0.4125E-11  0.4118E-11
CALSDV   56   37  0.4074E-11  0.4068E-11
CALSDV   57   37  0.4026E-11  0.4018E-11
CALSDV   58   37  0.4087E-11  0.4081E-11
CALSDV   59   37  0.3832E-11  0.3827E-11
CALSDV   60   37  0.3957E-11  0.3954E-11
CALSDV   38   38  0.4034E-11  0.3998E-11
CALSDV   39   38  0.5989E-11  0.6008E-11
CALSDV   40   38  0.5867E-11  0.5891E-11
CALSDV   41   38  0.3712E-11  0.3717E-11
CALSDV   42   38  0.4796E-11  0.4817E-11
CALSDV   43   38  0.4586E-11  0.4611E-11
CALSDV   44   38  0.3843E-11  0.3859E-11
CALSDV   45   38  0.4651E-11  0.4692E-11
CALSDV   46   38  0.3625E-11  0.3648E-11
CALSDV   47   38  0.4309E-11  0.4362E-11
CALSDV   48   38  0.3704E-11  0.3732E-11
CALSDV   49   38  0.4034E-11  0.4096E-11
CALSDV   50   38  0.3797E-11  0.3828E-11
CALSDV   51   38  0.3990E-11  0.4049E-11
CALSDV   52   38  0.3865E-11  0.3889E-11
CALSDV   53   38  0.4092E-11  0.4141E-11
CALSDV   54   38  0.3928E-11  0.3947E-11
CALSDV   55   38  0.4181E-11  0.4218E-11
CALSDV   56   38  0.3983E-11  0.3997E-11
CALSDV   57   38  0.4143E-11  0.4168E-11
CALSDV   58   38  0.3986E-11  0.3997E-11
CALSDV   59   38  0.3949E-11  0.3966E-11
CALSDV   60   38  0.3901E-11  0.3909E-11
CALSDV   39   39  0.3854E-11  0.3878E-11
CALSDV   40   39  0.6267E-11  0.6229E-11
CALSDV   41   39  0.6519E-11  0.6548E-11
CALSDV   42   39  0.3948E-11  0.3951E-11
CALSDV   43   39  0.5336E-11  0.5364E-11
CALSDV   44   39  0.4699E-11  0.4687E-11
CALSDV   45   39  0.4031E-11  0.4036E-11
CALSDV   46   39  0.4571E-11  0.4550E-11
CALSDV   47   39  0.3639E-11  0.3636E-11
CALSDV   48   39  0.4034E-11  0.4029E-11
CALSDV   49   39  0.3804E-11  0.3815E-11
CALSDV   50   39  0.3676E-11  0.3687E-11
CALSDV   51   39  0.4062E-11  0.4085E-11
CALSDV   52   39  0.3702E-11  0.3718E-11
CALSDV   53   39  0.4244E-11  0.4265E-11
CALSDV   54   39  0.3957E-11  0.3966E-11
CALSDV   55   39  0.4307E-11  0.4323E-11
CALSDV   56   39  0.4196E-11  0.4200E-11
CALSDV   57   39  0.4227E-11  0.4240E-11
CALSDV   58   39  0.4264E-11  0.4268E-11
CALSDV   59   39  0.4006E-11  0.4011E-11
CALSDV   60   39  0.4129E-11  0.4129E-11
CALSDV   40   40  0.4247E-11  0.4240E-11
CALSDV   41   40  0.6346E-11  0.6322E-11
CALSDV   42   40  0.6491E-11  0.6471E-11
CALSDV   43   40  0.4048E-11  0.4041E-11
CALSDV   44   40  0.5199E-11  0.5199E-11
CALSDV   45   40  0.4937E-11  0.4929E-11
CALSDV   46   40  0.4081E-11  0.4077E-11
CALSDV   47   40  0.4999E-11  0.4993E-11
CALSDV   48   40  0.3954E-11  0.3952E-11
CALSDV   49   40  0.4711E-11  0.4711E-11
CALSDV   50   40  0.4224E-11  0.4224E-11
CALSDV   51   40  0.4533E-11  0.4534E-11
CALSDV   52   40  0.4461E-11  0.4465E-11
CALSDV   53   40  0.4539E-11  0.4541E-11
CALSDV   54   40  0.4577E-11  0.4581E-11
CALSDV   55   40  0.4586E-11  0.4586E-11
CALSDV   56   40  0.4581E-11  0.4582E-11
CALSDV   57   40  0.4502E-11  0.4503E-11
CALSDV   58   40  0.4459E-11  0.4465E-11
CALSDV   59   40  0.4214E-11  0.4213E-11
CALSDV   60   40  0.4215E-11  0.4214E-11
CALSDV   41   41  0.4239E-11  0.4223E-11
CALSDV   42   41  0.6499E-11  0.6482E-11
CALSDV   43   41  0.6967E-11  0.6959E-11
CALSDV   44   41  0.4373E-11  0.4376E-11
CALSDV   45   41  0.5610E-11  0.5606E-11
CALSDV   46   41  0.5130E-11  0.5129E-11
CALSDV   47   41  0.4242E-11  0.4241E-11
CALSDV   48   41  0.4886E-11  0.4884E-11
CALSDV   49   41  0.3940E-11  0.3938E-11
CALSDV   50   41  0.4293E-11  0.4294E-11
CALSDV   51   41  0.4194E-11  0.4187E-11
CALSDV   52   41  0.3979E-11  0.3984E-11
CALSDV   53   41  0.4469E-11  0.4460E-11
CALSDV   54   41  0.4075E-11  0.4083E-11
CALSDV   55   41  0.4592E-11  0.4584E-11
CALSDV   56   41  0.4329E-11  0.4331E-11
CALSDV   57   41  0.4522E-11  0.4513E-11
CALSDV   58   41  0.4456E-11  0.4451E-11
CALSDV   59   41  0.4236E-11  0.4231E-11
CALSDV   60   41  0.4316E-11  0.4313E-11
CALSDV   42   42  0.4504E-11  0.4483E-11
CALSDV   43   42  0.6733E-11  0.6730E-11
CALSDV   44   42  0.7280E-11  0.7279E-11
CALSDV   45   42  0.4472E-11  0.4459E-11
CALSDV   46   42  0.5695E-11  0.5698E-11
CALSDV   47   42  0.5279E-11  0.5280E-11
CALSDV   48   42  0.4322E-11  0.4321E-11
CALSDV   49   42  0.5259E-11  0.5263E-11
CALSDV   50   42  0.4342E-11  0.4346E-11
CALSDV   51   42  0.4971E-11  0.4970E-11
CALSDV   52   42  0.4864E-11  0.4881E-11
CALSDV   53   42  0.4838E-11  0.4835E-11
CALSDV   54   42  0.5234E-11  0.5256E-11
CALSDV   55   42  0.4840E-11  0.4840E-11
CALSDV   56   42  0.5307E-11  0.5329E-11
CALSDV   57   42  0.4762E-11  0.4766E-11
CALSDV   58   42  0.5091E-11  0.5112E-11
CALSDV   59   42  0.4438E-11  0.4441E-11
CALSDV   60   42  0.4629E-11  0.4639E-11
CALSDV   43   43  0.4524E-11  0.4554E-11
CALSDV   44   43  0.6734E-11  0.6709E-11
CALSDV   45   43  0.7418E-11  0.7420E-11
CALSDV   46   43  0.4754E-11  0.4760E-11
CALSDV   47   43  0.5834E-11  0.5831E-11
CALSDV   48   43  0.5484E-11  0.5483E-11
CALSDV   49   43  0.4452E-11  0.4450E-11
CALSDV   50   43  0.5125E-11  0.5120E-11
CALSDV   51   43  0.4316E-11  0.4302E-11
CALSDV   52   43  0.4518E-11  0.4508E-11
CALSDV   53   43  0.4659E-11  0.4640E-11
CALSDV   54   43  0.4304E-11  0.4291E-11
CALSDV   55   43  0.4893E-11  0.4871E-11
CALSDV   56   43  0.4466E-11  0.4455E-11
CALSDV   57   43  0.4855E-11  0.4833E-11
CALSDV   58   43  0.4634E-11  0.4622E-11
CALSDV   59   43  0.4505E-11  0.4493E-11
CALSDV   60   43  0.4509E-11  0.4501E-11
CALSDV   44   44  0.4696E-11  0.4735E-11
CALSDV   45   44  0.7165E-11  0.7172E-11
CALSDV   46   44  0.7838E-11  0.7851E-11
CALSDV   47   44  0.4981E-11  0.4979E-11
CALSDV   48   44  0.6000E-11  0.6010E-11
CALSDV   49   44  0.5723E-11  0.5720E-11
CALSDV   50   44  0.4560E-11  0.4562E-11
CALSDV   51   44  0.5625E-11  0.5627E-11
CALSDV   52   44  0.4724E-11  0.4728E-11
CALSDV   53   44  0.5330E-11  0.5337E-11
CALSDV   54   44  0.5323E-11  0.5329E-11
CALSDV   55   44  0.5193E-11  0.5195E-11
CALSDV   56   44  0.5626E-11  0.5626E-11
CALSDV   57   44  0.5071E-11  0.5069E-11
CALSDV   58   44  0.5490E-11  0.5490E-11
CALSDV   59   44  0.4690E-11  0.4694E-11
CALSDV   60   44  0.4949E-11  0.4951E-11
CALSDV   45   45  0.5563E-11  0.5549E-11
CALSDV   46   45  0.7125E-11  0.7168E-11
CALSDV   47   45  0.8039E-11  0.8068E-11
CALSDV   48   45  0.5193E-11  0.5209E-11
CALSDV   49   45  0.6113E-11  0.6123E-11
CALSDV   50   45  0.5900E-11  0.5898E-11
CALSDV   51   45  0.4935E-11  0.4947E-11
CALSDV   52   45  0.5536E-11  0.5536E-11
CALSDV   53   45  0.5173E-11  0.5184E-11
CALSDV   54   45  0.5030E-11  0.5039E-11
CALSDV   55   45  0.5564E-11  0.5568E-11
CALSDV   56   45  0.4898E-11  0.4910E-11
CALSDV   57   45  0.5527E-11  0.5525E-11
CALSDV   58   45  0.4951E-11  0.4957E-11
CALSDV   59   45  0.4975E-11  0.4978E-11
CALSDV   60   45  0.4763E-11  0.4766E-11
CALSDV   46   46  0.5495E-11  0.5456E-11
CALSDV   47   46  0.8051E-11  0.8002E-11
CALSDV   48   46  0.8391E-11  0.8315E-11
CALSDV   49   46  0.6071E-11  0.6029E-11
CALSDV   50   46  0.6488E-11  0.6472E-11
CALSDV   51   46  0.6714E-11  0.6674E-11
CALSDV   52   46  0.5150E-11  0.5142E-11
CALSDV   53   46  0.6467E-11  0.6446E-11
CALSDV   54   46  0.5292E-11  0.5296E-11
CALSDV   55   46  0.6003E-11  0.5990E-11
CALSDV   56   46  0.5698E-11  0.5718E-11
CALSDV   57   46  0.5590E-11  0.5592E-11
CALSDV   58   46  0.5708E-11  0.5732E-11
CALSDV   59   46  0.5032E-11  0.5021E-11
CALSDV   60   46  0.5200E-11  0.5197E-11
CALSDV   47   47  0.5024E-11  0.5022E-11
CALSDV   48   47  0.7508E-11  0.7510E-11
CALSDV   49   47  0.8311E-11  0.8360E-11
CALSDV   50   47  0.5664E-11  0.5674E-11
CALSDV   51   47  0.6097E-11  0.6108E-11
CALSDV   52   47  0.6276E-11  0.6259E-11
CALSDV   53   47  0.5043E-11  0.5044E-11
CALSDV   54   47  0.5854E-11  0.5834E-11
CALSDV   55   47  0.5449E-11  0.5440E-11
CALSDV   56   47  0.5418E-11  0.5409E-11
CALSDV   57   47  0.5718E-11  0.5701E-11
CALSDV   58   47  0.5285E-11  0.5275E-11
CALSDV   59   47  0.5270E-11  0.5266E-11
CALSDV   60   47  0.5031E-11  0.5027E-11
CALSDV   48   48  0.4917E-11  0.4922E-11
CALSDV   49   48  0.7875E-11  0.7868E-11
CALSDV   50   48  0.8714E-11  0.8699E-11
CALSDV   51   48  0.5714E-11  0.5702E-11
CALSDV   52   48  0.6221E-11  0.6215E-11
CALSDV   53   48  0.6156E-11  0.6152E-11
CALSDV   54   48  0.5069E-11  0.5064E-11
CALSDV   55   48  0.5870E-11  0.5868E-11
CALSDV   56   48  0.5657E-11  0.5664E-11
CALSDV   57   48  0.5565E-11  0.5568E-11
CALSDV   58   48  0.6053E-11  0.6064E-11
CALSDV   59   48  0.5160E-11  0.5156E-11
CALSDV   60   48  0.5612E-11  0.5612E-11
CALSDV   49   49  0.4415E-11  0.4481E-11
CALSDV   50   49  0.7658E-11  0.7692E-11
CALSDV   51   49  0.8490E-11  0.8499E-11
CALSDV   52   49  0.5996E-11  0.6000E-11
CALSDV   53   49  0.5912E-11  0.5922E-11
CALSDV   54   49  0.6565E-11  0.6581E-11
CALSDV   55   49  0.5078E-11  0.5089E-11
CALSDV   56   49  0.6138E-11  0.6162E-11
CALSDV   57   49  0.5568E-11  0.5582E-11
CALSDV   58   49  0.5732E-11  0.5761E-11
CALSDV   59   49  0.5448E-11  0.5465E-11
CALSDV   60   49  0.5342E-11  0.5353E-11
CALSDV   50   50  0.4711E-11  0.4722E-11
CALSDV   51   50  0.8401E-11  0.8412E-11
CALSDV   52   50  0.8960E-11  0.8952E-11
CALSDV   53   50  0.6040E-11  0.6039E-11
CALSDV   54   50  0.6143E-11  0.6129E-11
CALSDV   55   50  0.6687E-11  0.6679E-11
CALSDV   56   50  0.5393E-11  0.5383E-11
CALSDV   57   50  0.6449E-11  0.6435E-11
CALSDV   58   50  0.6046E-11  0.6035E-11
CALSDV   59   50  0.5738E-11  0.5729E-11
CALSDV   60   50  0.5895E-11  0.5883E-11
CALSDV   51   51  0.4286E-11  0.4263E-11
CALSDV   52   51  0.8297E-11  0.8276E-11
CALSDV   53   51  0.8560E-11  0.8556E-11
CALSDV   54   51  0.6453E-11  0.6432E-11
CALSDV   55   51  0.5752E-11  0.5760E-11
CALSDV   56   51  0.7236E-11  0.7185E-11
CALSDV   57   51  0.5500E-11  0.5498E-11
CALSDV   58   51  0.6853E-11  0.6802E-11
CALSDV   59   51  0.5720E-11  0.5715E-11
CALSDV   60   51  0.6016E-11  0.5993E-11
CALSDV   52   52  0.4371E-11  0.4403E-11
CALSDV   53   52  0.8735E-11  0.8726E-11
CALSDV   54   52  0.8914E-11  0.8917E-11
CALSDV   55   52  0.6419E-11  0.6401E-11
CALSDV   56   52  0.5856E-11  0.5847E-11
CALSDV   57   52  0.7155E-11  0.7141E-11
CALSDV   58   52  0.5739E-11  0.5721E-11
CALSDV   59   52  0.6441E-11  0.6429E-11
CALSDV   60   52  0.6060E-11  0.6056E-11
CALSDV   53   53  0.3903E-11  0.3890E-11
CALSDV   54   53  0.8632E-11  0.8604E-11
CALSDV   55   53  0.8323E-11  0.8325E-11
CALSDV   56   53  0.6875E-11  0.6860E-11
CALSDV   57   53  0.5667E-11  0.5677E-11
CALSDV   58   53  0.7602E-11  0.7596E-11
CALSDV   59   53  0.5835E-11  0.5831E-11
CALSDV   60   53  0.6740E-11  0.6735E-11
CALSDV   54   54  0.4032E-11  0.4050E-11
CALSDV   55   54  0.8393E-11  0.8404E-11
CALSDV   56   54  0.8497E-11  0.8501E-11
CALSDV   57   54  0.6884E-11  0.6887E-11
CALSDV   58   54  0.5624E-11  0.5614E-11
CALSDV   59   54  0.7197E-11  0.7197E-11
CALSDV   60   54  0.6059E-11  0.6071E-11
CALSDV   55   55  0.4311E-11  0.4381E-11
CALSDV   56   55  0.8622E-11  0.8620E-11
CALSDV   57   55  0.8245E-11  0.8215E-11
CALSDV   58   55  0.7596E-11  0.7582E-11
CALSDV   59   55  0.6396E-11  0.6388E-11
CALSDV   60   55  0.7892E-11  0.7878E-11
CALSDV   56   56  0.4392E-11  0.4373E-11
CALSDV   57   56  0.7299E-11  0.7320E-11
CALSDV   58   56  0.8253E-11  0.8268E-11
CALSDV   59   56  0.7666E-11  0.7684E-11
CALSDV   60   56  0.6379E-11  0.6403E-11
CALSDV   57   57  0.5015E-11  0.5036E-11
CALSDV   58   57  0.7524E-11  0.7541E-11
CALSDV   59   57  0.9016E-11  0.9063E-11
CALSDV   60   57  0.8147E-11  0.8173E-11
CALSDV   58   58  0.4969E-11  0.5068E-11
CALSDV   59   58  0.6153E-11  0.6042E-11
CALSDV   60   58  0.9099E-11  0.9297E-11
CALSDV   59   59  0.4157E-11  0.4058E-11
CALSDV   60   59  0.6709E-11  0.6714E-11
CALSDV   60   60  0.5683E-11  0.5714E-11
