  This file contains calibrated standard deviations 
       The relevant data lines start with key CALSDV 
       Each such line contains the following data 
           N   M   C_SIGMA   S_SIGMA 
                 FOR M=0 S_SIGMA=0.0 
     
CALSDV    0    0  0.0000E+00  0.0000E+00
CALSDV    1    0  0.0000E+00  0.0000E+00
CALSDV    2    0  0.8261E-10  0.0000E+00
CALSDV    3    0  0.1113E-10  0.0000E+00
CALSDV    4    0  0.4015E-11  0.0000E+00
CALSDV    5    0  0.2641E-11  0.0000E+00
CALSDV    6    0  0.2013E-11  0.0000E+00
CALSDV    7    0  0.1612E-11  0.0000E+00
CALSDV    8    0  0.1357E-11  0.0000E+00
CALSDV    9    0  0.1178E-11  0.0000E+00
CALSDV   10    0  0.1050E-11  0.0000E+00
CALSDV   11    0  0.9520E-12  0.0000E+00
CALSDV   12    0  0.8770E-12  0.0000E+00
CALSDV   13    0  0.8189E-12  0.0000E+00
CALSDV   14    0  0.7719E-12  0.0000E+00
CALSDV   15    0  0.7350E-12  0.0000E+00
CALSDV   16    0  0.7058E-12  0.0000E+00
CALSDV   17    0  0.6820E-12  0.0000E+00
CALSDV   18    0  0.6635E-12  0.0000E+00
CALSDV   19    0  0.6492E-12  0.0000E+00
CALSDV   20    0  0.6382E-12  0.0000E+00
CALSDV   21    0  0.6303E-12  0.0000E+00
CALSDV   22    0  0.6249E-12  0.0000E+00
CALSDV   23    0  0.6220E-12  0.0000E+00
CALSDV   24    0  0.6212E-12  0.0000E+00
CALSDV   25    0  0.6224E-12  0.0000E+00
CALSDV   26    0  0.6253E-12  0.0000E+00
CALSDV   27    0  0.6301E-12  0.0000E+00
CALSDV   28    0  0.6362E-12  0.0000E+00
CALSDV   29    0  0.6441E-12  0.0000E+00
CALSDV   30    0  0.6535E-12  0.0000E+00
CALSDV   31    0  0.6643E-12  0.0000E+00
CALSDV   32    0  0.6765E-12  0.0000E+00
CALSDV   33    0  0.6904E-12  0.0000E+00
CALSDV   34    0  0.7055E-12  0.0000E+00
CALSDV   35    0  0.7222E-12  0.0000E+00
CALSDV   36    0  0.7404E-12  0.0000E+00
CALSDV   37    0  0.7602E-12  0.0000E+00
CALSDV   38    0  0.7815E-12  0.0000E+00
CALSDV   39    0  0.8046E-12  0.0000E+00
CALSDV   40    0  0.8293E-12  0.0000E+00
CALSDV   41    0  0.8558E-12  0.0000E+00
CALSDV   42    0  0.8841E-12  0.0000E+00
CALSDV   43    0  0.9144E-12  0.0000E+00
CALSDV   44    0  0.9465E-12  0.0000E+00
CALSDV   45    0  0.9810E-12  0.0000E+00
CALSDV   46    0  0.1018E-11  0.0000E+00
CALSDV   47    0  0.1056E-11  0.0000E+00
CALSDV   48    0  0.1098E-11  0.0000E+00
CALSDV   49    0  0.1142E-11  0.0000E+00
CALSDV   50    0  0.1188E-11  0.0000E+00
CALSDV   51    0  0.1238E-11  0.0000E+00
CALSDV   52    0  0.1290E-11  0.0000E+00
CALSDV   53    0  0.1345E-11  0.0000E+00
CALSDV   54    0  0.1404E-11  0.0000E+00
CALSDV   55    0  0.1466E-11  0.0000E+00
CALSDV   56    0  0.1532E-11  0.0000E+00
CALSDV   57    0  0.1595E-11  0.0000E+00
CALSDV   58    0  0.1665E-11  0.0000E+00
CALSDV   59    0  0.1577E-11  0.0000E+00
CALSDV   60    0  0.1633E-11  0.0000E+00
CALSDV    1    1  0.0000E+00  0.0000E+00
CALSDV    2    1  0.3001E-10  0.3160E-10
CALSDV    3    1  0.8567E-11  0.8890E-11
CALSDV    4    1  0.4165E-11  0.4233E-11
CALSDV    5    1  0.2790E-11  0.2799E-11
CALSDV    6    1  0.2088E-11  0.2098E-11
CALSDV    7    1  0.1671E-11  0.1676E-11
CALSDV    8    1  0.1397E-11  0.1403E-11
CALSDV    9    1  0.1209E-11  0.1211E-11
CALSDV   10    1  0.1071E-11  0.1074E-11
CALSDV   11    1  0.9693E-12  0.9719E-12
CALSDV   12    1  0.8911E-12  0.8928E-12
CALSDV   13    1  0.8293E-12  0.8312E-12
CALSDV   14    1  0.7810E-12  0.7829E-12
CALSDV   15    1  0.7427E-12  0.7443E-12
CALSDV   16    1  0.7120E-12  0.7136E-12
CALSDV   17    1  0.6880E-12  0.6893E-12
CALSDV   18    1  0.6684E-12  0.6698E-12
CALSDV   19    1  0.6536E-12  0.6550E-12
CALSDV   20    1  0.6418E-12  0.6432E-12
CALSDV   21    1  0.6333E-12  0.6349E-12
CALSDV   22    1  0.6277E-12  0.6292E-12
CALSDV   23    1  0.6244E-12  0.6260E-12
CALSDV   24    1  0.6235E-12  0.6250E-12
CALSDV   25    1  0.6244E-12  0.6259E-12
CALSDV   26    1  0.6271E-12  0.6287E-12
CALSDV   27    1  0.6316E-12  0.6332E-12
CALSDV   28    1  0.6378E-12  0.6394E-12
CALSDV   29    1  0.6455E-12  0.6471E-12
CALSDV   30    1  0.6547E-12  0.6564E-12
CALSDV   31    1  0.6655E-12  0.6672E-12
CALSDV   32    1  0.6776E-12  0.6793E-12
CALSDV   33    1  0.6913E-12  0.6931E-12
CALSDV   34    1  0.7064E-12  0.7082E-12
CALSDV   35    1  0.7229E-12  0.7249E-12
CALSDV   36    1  0.7411E-12  0.7430E-12
CALSDV   37    1  0.7608E-12  0.7628E-12
CALSDV   38    1  0.7821E-12  0.7842E-12
CALSDV   39    1  0.8050E-12  0.8072E-12
CALSDV   40    1  0.8297E-12  0.8319E-12
CALSDV   41    1  0.8561E-12  0.8584E-12
CALSDV   42    1  0.8844E-12  0.8867E-12
CALSDV   43    1  0.9145E-12  0.9169E-12
CALSDV   44    1  0.9468E-12  0.9493E-12
CALSDV   45    1  0.9810E-12  0.9836E-12
CALSDV   46    1  0.1017E-11  0.1020E-11
CALSDV   47    1  0.1056E-11  0.1059E-11
CALSDV   48    1  0.1098E-11  0.1101E-11
CALSDV   49    1  0.1141E-11  0.1144E-11
CALSDV   50    1  0.1188E-11  0.1191E-11
CALSDV   51    1  0.1237E-11  0.1241E-11
CALSDV   52    1  0.1290E-11  0.1293E-11
CALSDV   53    1  0.1345E-11  0.1349E-11
CALSDV   54    1  0.1404E-11  0.1408E-11
CALSDV   55    1  0.1465E-11  0.1469E-11
CALSDV   56    1  0.1531E-11  0.1536E-11
CALSDV   57    1  0.1594E-11  0.1599E-11
CALSDV   58    1  0.1664E-11  0.1669E-11
CALSDV   59    1  0.1579E-11  0.1584E-11
CALSDV   60    1  0.1635E-11  0.1640E-11
CALSDV    2    2  0.2077E-10  0.2604E-10
CALSDV    3    2  0.1194E-10  0.1209E-10
CALSDV    4    2  0.5760E-11  0.5786E-11
CALSDV    5    2  0.3504E-11  0.3527E-11
CALSDV    6    2  0.2553E-11  0.2564E-11
CALSDV    7    2  0.1944E-11  0.1952E-11
CALSDV    8    2  0.1595E-11  0.1602E-11
CALSDV    9    2  0.1344E-11  0.1349E-11
CALSDV   10    2  0.1177E-11  0.1181E-11
CALSDV   11    2  0.1047E-11  0.1051E-11
CALSDV   12    2  0.9550E-12  0.9577E-12
CALSDV   13    2  0.8798E-12  0.8829E-12
CALSDV   14    2  0.8237E-12  0.8262E-12
CALSDV   15    2  0.7775E-12  0.7805E-12
CALSDV   16    2  0.7422E-12  0.7448E-12
CALSDV   17    2  0.7134E-12  0.7155E-12
CALSDV   18    2  0.6909E-12  0.6934E-12
CALSDV   19    2  0.6730E-12  0.6753E-12
CALSDV   20    2  0.6595E-12  0.6615E-12
CALSDV   21    2  0.6494E-12  0.6513E-12
CALSDV   22    2  0.6421E-12  0.6442E-12
CALSDV   23    2  0.6375E-12  0.6396E-12
CALSDV   24    2  0.6355E-12  0.6375E-12
CALSDV   25    2  0.6354E-12  0.6375E-12
CALSDV   26    2  0.6374E-12  0.6393E-12
CALSDV   27    2  0.6412E-12  0.6432E-12
CALSDV   28    2  0.6467E-12  0.6487E-12
CALSDV   29    2  0.6538E-12  0.6558E-12
CALSDV   30    2  0.6626E-12  0.6647E-12
CALSDV   31    2  0.6729E-12  0.6750E-12
CALSDV   32    2  0.6846E-12  0.6867E-12
CALSDV   33    2  0.6980E-12  0.7002E-12
CALSDV   34    2  0.7128E-12  0.7150E-12
CALSDV   35    2  0.7292E-12  0.7315E-12
CALSDV   36    2  0.7471E-12  0.7494E-12
CALSDV   37    2  0.7667E-12  0.7690E-12
CALSDV   38    2  0.7877E-12  0.7901E-12
CALSDV   39    2  0.8105E-12  0.8130E-12
CALSDV   40    2  0.8349E-12  0.8375E-12
CALSDV   41    2  0.8612E-12  0.8639E-12
CALSDV   42    2  0.8894E-12  0.8921E-12
CALSDV   43    2  0.9195E-12  0.9223E-12
CALSDV   44    2  0.9515E-12  0.9544E-12
CALSDV   45    2  0.9858E-12  0.9888E-12
CALSDV   46    2  0.1022E-11  0.1025E-11
CALSDV   47    2  0.1061E-11  0.1064E-11
CALSDV   48    2  0.1102E-11  0.1106E-11
CALSDV   49    2  0.1146E-11  0.1149E-11
CALSDV   50    2  0.1192E-11  0.1196E-11
CALSDV   51    2  0.1242E-11  0.1246E-11
CALSDV   52    2  0.1294E-11  0.1298E-11
CALSDV   53    2  0.1350E-11  0.1354E-11
CALSDV   54    2  0.1409E-11  0.1413E-11
CALSDV   55    2  0.1470E-11  0.1475E-11
CALSDV   56    2  0.1536E-11  0.1541E-11
CALSDV   57    2  0.1601E-11  0.1605E-11
CALSDV   58    2  0.1671E-11  0.1676E-11
CALSDV   59    2  0.1600E-11  0.1604E-11
CALSDV   60    2  0.1655E-11  0.1659E-11
CALSDV    3    3  0.2817E-10  0.2799E-10
CALSDV    4    3  0.1085E-10  0.1087E-10
CALSDV    5    3  0.7612E-11  0.7588E-11
CALSDV    6    3  0.3889E-11  0.3863E-11
CALSDV    7    3  0.3588E-11  0.3576E-11
CALSDV    8    3  0.2171E-11  0.2173E-11
CALSDV    9    3  0.2137E-11  0.2132E-11
CALSDV   10    3  0.1482E-11  0.1481E-11
CALSDV   11    3  0.1481E-11  0.1481E-11
CALSDV   12    3  0.1138E-11  0.1138E-11
CALSDV   13    3  0.1141E-11  0.1141E-11
CALSDV   14    3  0.9449E-12  0.9451E-12
CALSDV   15    3  0.9463E-12  0.9471E-12
CALSDV   16    3  0.8270E-12  0.8272E-12
CALSDV   17    3  0.8289E-12  0.8299E-12
CALSDV   18    3  0.7532E-12  0.7541E-12
CALSDV   19    3  0.7560E-12  0.7569E-12
CALSDV   20    3  0.7071E-12  0.7085E-12
CALSDV   21    3  0.7114E-12  0.7124E-12
CALSDV   22    3  0.6801E-12  0.6813E-12
CALSDV   23    3  0.6858E-12  0.6870E-12
CALSDV   24    3  0.6665E-12  0.6676E-12
CALSDV   25    3  0.6738E-12  0.6753E-12
CALSDV   26    3  0.6634E-12  0.6647E-12
CALSDV   27    3  0.6727E-12  0.6741E-12
CALSDV   28    3  0.6690E-12  0.6704E-12
CALSDV   29    3  0.6804E-12  0.6819E-12
CALSDV   30    3  0.6821E-12  0.6834E-12
CALSDV   31    3  0.6956E-12  0.6972E-12
CALSDV   32    3  0.7020E-12  0.7035E-12
CALSDV   33    3  0.7178E-12  0.7195E-12
CALSDV   34    3  0.7285E-12  0.7301E-12
CALSDV   35    3  0.7469E-12  0.7486E-12
CALSDV   36    3  0.7615E-12  0.7631E-12
CALSDV   37    3  0.7826E-12  0.7844E-12
CALSDV   38    3  0.8009E-12  0.8027E-12
CALSDV   39    3  0.8250E-12  0.8269E-12
CALSDV   40    3  0.8473E-12  0.8492E-12
CALSDV   41    3  0.8747E-12  0.8768E-12
CALSDV   42    3  0.9011E-12  0.9031E-12
CALSDV   43    3  0.9320E-12  0.9342E-12
CALSDV   44    3  0.9628E-12  0.9650E-12
CALSDV   45    3  0.9977E-12  0.1000E-11
CALSDV   46    3  0.1033E-11  0.1035E-11
CALSDV   47    3  0.1072E-11  0.1075E-11
CALSDV   48    3  0.1113E-11  0.1115E-11
CALSDV   49    3  0.1157E-11  0.1160E-11
CALSDV   50    3  0.1203E-11  0.1206E-11
CALSDV   51    3  0.1253E-11  0.1256E-11
CALSDV   52    3  0.1305E-11  0.1308E-11
CALSDV   53    3  0.1361E-11  0.1364E-11
CALSDV   54    3  0.1419E-11  0.1423E-11
CALSDV   55    3  0.1482E-11  0.1486E-11
CALSDV   56    3  0.1548E-11  0.1552E-11
CALSDV   57    3  0.1616E-11  0.1619E-11
CALSDV   58    3  0.1686E-11  0.1690E-11
CALSDV   59    3  0.1642E-11  0.1645E-11
CALSDV   60    3  0.1696E-11  0.1700E-11
CALSDV    4    4  0.1288E-10  0.1298E-10
CALSDV    5    4  0.1118E-10  0.1120E-10
CALSDV    6    4  0.4692E-11  0.4729E-11
CALSDV    7    4  0.4076E-11  0.4083E-11
CALSDV    8    4  0.2569E-11  0.2587E-11
CALSDV    9    4  0.2215E-11  0.2217E-11
CALSDV   10    4  0.1705E-11  0.1713E-11
CALSDV   11    4  0.1514E-11  0.1516E-11
CALSDV   12    4  0.1280E-11  0.1286E-11
CALSDV   13    4  0.1169E-11  0.1172E-11
CALSDV   14    4  0.1042E-11  0.1048E-11
CALSDV   15    4  0.9750E-12  0.9777E-12
CALSDV   16    4  0.8994E-12  0.9037E-12
CALSDV   17    4  0.8586E-12  0.8607E-12
CALSDV   18    4  0.8103E-12  0.8138E-12
CALSDV   19    4  0.7852E-12  0.7874E-12
CALSDV   20    4  0.7536E-12  0.7566E-12
CALSDV   21    4  0.7390E-12  0.7408E-12
CALSDV   22    4  0.7191E-12  0.7216E-12
CALSDV   23    4  0.7116E-12  0.7134E-12
CALSDV   24    4  0.7000E-12  0.7022E-12
CALSDV   25    4  0.6981E-12  0.6997E-12
CALSDV   26    4  0.6928E-12  0.6948E-12
CALSDV   27    4  0.6953E-12  0.6970E-12
CALSDV   28    4  0.6950E-12  0.6970E-12
CALSDV   29    4  0.7014E-12  0.7030E-12
CALSDV   30    4  0.7055E-12  0.7075E-12
CALSDV   31    4  0.7153E-12  0.7169E-12
CALSDV   32    4  0.7234E-12  0.7253E-12
CALSDV   33    4  0.7364E-12  0.7381E-12
CALSDV   34    4  0.7482E-12  0.7501E-12
CALSDV   35    4  0.7644E-12  0.7661E-12
CALSDV   36    4  0.7798E-12  0.7817E-12
CALSDV   37    4  0.7992E-12  0.8010E-12
CALSDV   38    4  0.8182E-12  0.8201E-12
CALSDV   39    4  0.8409E-12  0.8428E-12
CALSDV   40    4  0.8637E-12  0.8656E-12
CALSDV   41    4  0.8899E-12  0.8918E-12
CALSDV   42    4  0.9166E-12  0.9187E-12
CALSDV   43    4  0.9467E-12  0.9488E-12
CALSDV   44    4  0.9775E-12  0.9797E-12
CALSDV   45    4  0.1012E-11  0.1014E-11
CALSDV   46    4  0.1047E-11  0.1050E-11
CALSDV   47    4  0.1086E-11  0.1088E-11
CALSDV   48    4  0.1126E-11  0.1129E-11
CALSDV   49    4  0.1170E-11  0.1173E-11
CALSDV   50    4  0.1216E-11  0.1219E-11
CALSDV   51    4  0.1266E-11  0.1269E-11
CALSDV   52    4  0.1318E-11  0.1321E-11
CALSDV   53    4  0.1374E-11  0.1377E-11
CALSDV   54    4  0.1433E-11  0.1436E-11
CALSDV   55    4  0.1496E-11  0.1499E-11
CALSDV   56    4  0.1562E-11  0.1565E-11
CALSDV   57    4  0.1631E-11  0.1635E-11
CALSDV   58    4  0.1703E-11  0.1707E-11
CALSDV   59    4  0.1681E-11  0.1684E-11
CALSDV   60    4  0.1736E-11  0.1740E-11
CALSDV    5    5  0.2013E-10  0.2017E-10
CALSDV    6    5  0.8405E-11  0.8318E-11
CALSDV    7    5  0.5466E-11  0.5486E-11
CALSDV    8    5  0.3400E-11  0.3395E-11
CALSDV    9    5  0.3125E-11  0.3131E-11
CALSDV   10    5  0.2096E-11  0.2094E-11
CALSDV   11    5  0.2139E-11  0.2143E-11
CALSDV   12    5  0.1555E-11  0.1552E-11
CALSDV   13    5  0.1603E-11  0.1605E-11
CALSDV   14    5  0.1257E-11  0.1258E-11
CALSDV   15    5  0.1285E-11  0.1286E-11
CALSDV   16    5  0.1073E-11  0.1073E-11
CALSDV   17    5  0.1085E-11  0.1086E-11
CALSDV   18    5  0.9500E-12  0.9509E-12
CALSDV   19    5  0.9563E-12  0.9567E-12
CALSDV   20    5  0.8684E-12  0.8691E-12
CALSDV   21    5  0.8708E-12  0.8716E-12
CALSDV   22    5  0.8142E-12  0.8147E-12
CALSDV   23    5  0.8162E-12  0.8169E-12
CALSDV   24    5  0.7798E-12  0.7804E-12
CALSDV   25    5  0.7827E-12  0.7834E-12
CALSDV   26    5  0.7605E-12  0.7609E-12
CALSDV   27    5  0.7648E-12  0.7659E-12
CALSDV   28    5  0.7532E-12  0.7538E-12
CALSDV   29    5  0.7600E-12  0.7607E-12
CALSDV   30    5  0.7561E-12  0.7565E-12
CALSDV   31    5  0.7653E-12  0.7660E-12
CALSDV   32    5  0.7677E-12  0.7684E-12
CALSDV   33    5  0.7796E-12  0.7803E-12
CALSDV   34    5  0.7876E-12  0.7883E-12
CALSDV   35    5  0.8023E-12  0.8031E-12
CALSDV   36    5  0.8152E-12  0.8157E-12
CALSDV   37    5  0.8329E-12  0.8336E-12
CALSDV   38    5  0.8501E-12  0.8508E-12
CALSDV   39    5  0.8711E-12  0.8721E-12
CALSDV   40    5  0.8928E-12  0.8936E-12
CALSDV   41    5  0.9174E-12  0.9182E-12
CALSDV   42    5  0.9433E-12  0.9442E-12
CALSDV   43    5  0.9718E-12  0.9728E-12
CALSDV   44    5  0.1002E-11  0.1003E-11
CALSDV   45    5  0.1035E-11  0.1036E-11
CALSDV   46    5  0.1070E-11  0.1071E-11
CALSDV   47    5  0.1108E-11  0.1109E-11
CALSDV   48    5  0.1148E-11  0.1149E-11
CALSDV   49    5  0.1191E-11  0.1192E-11
CALSDV   50    5  0.1237E-11  0.1238E-11
CALSDV   51    5  0.1285E-11  0.1287E-11
CALSDV   52    5  0.1338E-11  0.1339E-11
CALSDV   53    5  0.1393E-11  0.1394E-11
CALSDV   54    5  0.1452E-11  0.1453E-11
CALSDV   55    5  0.1514E-11  0.1516E-11
CALSDV   56    5  0.1581E-11  0.1582E-11
CALSDV   57    5  0.1651E-11  0.1653E-11
CALSDV   58    5  0.1724E-11  0.1725E-11
CALSDV   59    5  0.1720E-11  0.1722E-11
CALSDV   60    5  0.1778E-11  0.1779E-11
CALSDV    6    6  0.9464E-11  0.9584E-11
CALSDV    7    6  0.1029E-10  0.1038E-10
CALSDV    8    6  0.4507E-11  0.4540E-11
CALSDV    9    6  0.4783E-11  0.4838E-11
CALSDV   10    6  0.2872E-11  0.2886E-11
CALSDV   11    6  0.2793E-11  0.2825E-11
CALSDV   12    6  0.1988E-11  0.1994E-11
CALSDV   13    6  0.1920E-11  0.1938E-11
CALSDV   14    6  0.1501E-11  0.1506E-11
CALSDV   15    6  0.1469E-11  0.1479E-11
CALSDV   16    6  0.1218E-11  0.1221E-11
CALSDV   17    6  0.1207E-11  0.1214E-11
CALSDV   18    6  0.1045E-11  0.1048E-11
CALSDV   19    6  0.1047E-11  0.1049E-11
CALSDV   20    6  0.9371E-12  0.9388E-12
CALSDV   21    6  0.9433E-12  0.9468E-12
CALSDV   22    6  0.8683E-12  0.8686E-12
CALSDV   23    6  0.8779E-12  0.8788E-12
CALSDV   24    6  0.8248E-12  0.8259E-12
CALSDV   25    6  0.8360E-12  0.8377E-12
CALSDV   26    6  0.8007E-12  0.8008E-12
CALSDV   27    6  0.8134E-12  0.8135E-12
CALSDV   28    6  0.7892E-12  0.7904E-12
CALSDV   29    6  0.8035E-12  0.8040E-12
CALSDV   30    6  0.7903E-12  0.7900E-12
CALSDV   31    6  0.8058E-12  0.8052E-12
CALSDV   32    6  0.7997E-12  0.7999E-12
CALSDV   33    6  0.8161E-12  0.8177E-12
CALSDV   34    6  0.8178E-12  0.8181E-12
CALSDV   35    6  0.8369E-12  0.8374E-12
CALSDV   36    6  0.8441E-12  0.8440E-12
CALSDV   37    6  0.8657E-12  0.8652E-12
CALSDV   38    6  0.8776E-12  0.8779E-12
CALSDV   39    6  0.9014E-12  0.9024E-12
CALSDV   40    6  0.9194E-12  0.9192E-12
CALSDV   41    6  0.9463E-12  0.9465E-12
CALSDV   42    6  0.9686E-12  0.9691E-12
CALSDV   43    6  0.9993E-12  0.9994E-12
CALSDV   44    6  0.1027E-11  0.1027E-11
CALSDV   45    6  0.1061E-11  0.1062E-11
CALSDV   46    6  0.1094E-11  0.1094E-11
CALSDV   47    6  0.1133E-11  0.1133E-11
CALSDV   48    6  0.1171E-11  0.1171E-11
CALSDV   49    6  0.1214E-11  0.1215E-11
CALSDV   50    6  0.1259E-11  0.1259E-11
CALSDV   51    6  0.1308E-11  0.1309E-11
CALSDV   52    6  0.1359E-11  0.1359E-11
CALSDV   53    6  0.1414E-11  0.1415E-11
CALSDV   54    6  0.1472E-11  0.1473E-11
CALSDV   55    6  0.1536E-11  0.1536E-11
CALSDV   56    6  0.1601E-11  0.1602E-11
CALSDV   57    6  0.1673E-11  0.1674E-11
CALSDV   58    6  0.1746E-11  0.1747E-11
CALSDV   59    6  0.1762E-11  0.1763E-11
CALSDV   60    6  0.1819E-11  0.1819E-11
CALSDV    7    7  0.1345E-10  0.1351E-10
CALSDV    8    7  0.7826E-11  0.7817E-11
CALSDV    9    7  0.4863E-11  0.4847E-11
CALSDV   10    7  0.3278E-11  0.3266E-11
CALSDV   11    7  0.2887E-11  0.2885E-11
CALSDV   12    7  0.2008E-11  0.1994E-11
CALSDV   13    7  0.1985E-11  0.1982E-11
CALSDV   14    7  0.1566E-11  0.1556E-11
CALSDV   15    7  0.1513E-11  0.1507E-11
CALSDV   16    7  0.1344E-11  0.1340E-11
CALSDV   17    7  0.1242E-11  0.1243E-11
CALSDV   18    7  0.1199E-11  0.1195E-11
CALSDV   19    7  0.1083E-11  0.1082E-11
CALSDV   20    7  0.1094E-11  0.1089E-11
CALSDV   21    7  0.9834E-12  0.9808E-12
CALSDV   22    7  0.1015E-11  0.1013E-11
CALSDV   23    7  0.9171E-12  0.9175E-12
CALSDV   24    7  0.9587E-12  0.9565E-12
CALSDV   25    7  0.8771E-12  0.8763E-12
CALSDV   26    7  0.9199E-12  0.9182E-12
CALSDV   27    7  0.8537E-12  0.8531E-12
CALSDV   28    7  0.8955E-12  0.8941E-12
CALSDV   29    7  0.8438E-12  0.8429E-12
CALSDV   30    7  0.8835E-12  0.8823E-12
CALSDV   31    7  0.8444E-12  0.8436E-12
CALSDV   32    7  0.8824E-12  0.8813E-12
CALSDV   33    7  0.8545E-12  0.8538E-12
CALSDV   34    7  0.8913E-12  0.8902E-12
CALSDV   35    7  0.8729E-12  0.8724E-12
CALSDV   36    7  0.9092E-12  0.9083E-12
CALSDV   37    7  0.8998E-12  0.8992E-12
CALSDV   38    7  0.9362E-12  0.9352E-12
CALSDV   39    7  0.9345E-12  0.9341E-12
CALSDV   40    7  0.9718E-12  0.9710E-12
CALSDV   41    7  0.9777E-12  0.9770E-12
CALSDV   42    7  0.1016E-11  0.1015E-11
CALSDV   43    7  0.1029E-11  0.1028E-11
CALSDV   44    7  0.1070E-11  0.1069E-11
CALSDV   45    7  0.1089E-11  0.1089E-11
CALSDV   46    7  0.1133E-11  0.1132E-11
CALSDV   47    7  0.1160E-11  0.1159E-11
CALSDV   48    7  0.1207E-11  0.1206E-11
CALSDV   49    7  0.1240E-11  0.1239E-11
CALSDV   50    7  0.1292E-11  0.1291E-11
CALSDV   51    7  0.1333E-11  0.1332E-11
CALSDV   52    7  0.1389E-11  0.1388E-11
CALSDV   53    7  0.1438E-11  0.1437E-11
CALSDV   54    7  0.1501E-11  0.1499E-11
CALSDV   55    7  0.1558E-11  0.1557E-11
CALSDV   56    7  0.1628E-11  0.1626E-11
CALSDV   57    7  0.1696E-11  0.1694E-11
CALSDV   58    7  0.1772E-11  0.1771E-11
CALSDV   59    7  0.1798E-11  0.1797E-11
CALSDV   60    7  0.1861E-11  0.1859E-11
CALSDV    8    8  0.7118E-11  0.7581E-11
CALSDV    9    8  0.7107E-11  0.7078E-11
CALSDV   10    8  0.4308E-11  0.4350E-11
CALSDV   11    8  0.3798E-11  0.3777E-11
CALSDV   12    8  0.3133E-11  0.3175E-11
CALSDV   13    8  0.2670E-11  0.2657E-11
CALSDV   14    8  0.2277E-11  0.2321E-11
CALSDV   15    8  0.2093E-11  0.2081E-11
CALSDV   16    8  0.1747E-11  0.1791E-11
CALSDV   17    8  0.1729E-11  0.1718E-11
CALSDV   18    8  0.1425E-11  0.1461E-11
CALSDV   19    8  0.1480E-11  0.1471E-11
CALSDV   20    8  0.1224E-11  0.1253E-11
CALSDV   21    8  0.1303E-11  0.1297E-11
CALSDV   22    8  0.1099E-11  0.1120E-11
CALSDV   23    8  0.1178E-11  0.1173E-11
CALSDV   24    8  0.1017E-11  0.1035E-11
CALSDV   25    8  0.1090E-11  0.1086E-11
CALSDV   26    8  0.9665E-12  0.9800E-12
CALSDV   27    8  0.1029E-11  0.1026E-11
CALSDV   28    8  0.9367E-12  0.9472E-12
CALSDV   29    8  0.9903E-12  0.9879E-12
CALSDV   30    8  0.9226E-12  0.9308E-12
CALSDV   31    8  0.9684E-12  0.9663E-12
CALSDV   32    8  0.9207E-12  0.9270E-12
CALSDV   33    8  0.9606E-12  0.9588E-12
CALSDV   34    8  0.9293E-12  0.9339E-12
CALSDV   35    8  0.9648E-12  0.9634E-12
CALSDV   36    8  0.9468E-12  0.9507E-12
CALSDV   37    8  0.9801E-12  0.9791E-12
CALSDV   38    8  0.9734E-12  0.9767E-12
CALSDV   39    8  0.1006E-11  0.1005E-11
CALSDV   40    8  0.1008E-11  0.1011E-11
CALSDV   41    8  0.1041E-11  0.1040E-11
CALSDV   42    8  0.1052E-11  0.1054E-11
CALSDV   43    8  0.1086E-11  0.1085E-11
CALSDV   44    8  0.1105E-11  0.1107E-11
CALSDV   45    8  0.1140E-11  0.1140E-11
CALSDV   46    8  0.1167E-11  0.1169E-11
CALSDV   47    8  0.1206E-11  0.1206E-11
CALSDV   48    8  0.1240E-11  0.1241E-11
CALSDV   49    8  0.1282E-11  0.1282E-11
CALSDV   50    8  0.1323E-11  0.1325E-11
CALSDV   51    8  0.1370E-11  0.1371E-11
CALSDV   52    8  0.1419E-11  0.1421E-11
CALSDV   53    8  0.1472E-11  0.1473E-11
CALSDV   54    8  0.1529E-11  0.1530E-11
CALSDV   55    8  0.1590E-11  0.1590E-11
CALSDV   56    8  0.1655E-11  0.1656E-11
CALSDV   57    8  0.1726E-11  0.1727E-11
CALSDV   58    8  0.1799E-11  0.1801E-11
CALSDV   59    8  0.1846E-11  0.1847E-11
CALSDV   60    8  0.1904E-11  0.1906E-11
CALSDV    9    9  0.9124E-11  0.9185E-11
CALSDV   10    9  0.7318E-11  0.7315E-11
CALSDV   11    9  0.4529E-11  0.4547E-11
CALSDV   12    9  0.3408E-11  0.3409E-11
CALSDV   13    9  0.2994E-11  0.3000E-11
CALSDV   14    9  0.2132E-11  0.2131E-11
CALSDV   15    9  0.2062E-11  0.2065E-11
CALSDV   16    9  0.1674E-11  0.1674E-11
CALSDV   17    9  0.1540E-11  0.1545E-11
CALSDV   18    9  0.1455E-11  0.1455E-11
CALSDV   19    9  0.1259E-11  0.1263E-11
CALSDV   20    9  0.1316E-11  0.1317E-11
CALSDV   21    9  0.1110E-11  0.1114E-11
CALSDV   22    9  0.1215E-11  0.1216E-11
CALSDV   23    9  0.1029E-11  0.1032E-11
CALSDV   24    9  0.1139E-11  0.1141E-11
CALSDV   25    9  0.9845E-12  0.9868E-12
CALSDV   26    9  0.1084E-11  0.1085E-11
CALSDV   27    9  0.9602E-12  0.9628E-12
CALSDV   28    9  0.1046E-11  0.1047E-11
CALSDV   29    9  0.9498E-12  0.9522E-12
CALSDV   30    9  0.1021E-11  0.1022E-11
CALSDV   31    9  0.9500E-12  0.9518E-12
CALSDV   32    9  0.1009E-11  0.1010E-11
CALSDV   33    9  0.9579E-12  0.9601E-12
CALSDV   34    9  0.1008E-11  0.1009E-11
CALSDV   35    9  0.9742E-12  0.9761E-12
CALSDV   36    9  0.1018E-11  0.1019E-11
CALSDV   37    9  0.9976E-12  0.9994E-12
CALSDV   38    9  0.1037E-11  0.1039E-11
CALSDV   39    9  0.1029E-11  0.1031E-11
CALSDV   40    9  0.1066E-11  0.1067E-11
CALSDV   41    9  0.1068E-11  0.1069E-11
CALSDV   42    9  0.1104E-11  0.1106E-11
CALSDV   43    9  0.1115E-11  0.1116E-11
CALSDV   44    9  0.1152E-11  0.1154E-11
CALSDV   45    9  0.1171E-11  0.1173E-11
CALSDV   46    9  0.1211E-11  0.1212E-11
CALSDV   47    9  0.1236E-11  0.1238E-11
CALSDV   48    9  0.1279E-11  0.1281E-11
CALSDV   49    9  0.1312E-11  0.1314E-11
CALSDV   50    9  0.1360E-11  0.1362E-11
CALSDV   51    9  0.1400E-11  0.1402E-11
CALSDV   52    9  0.1453E-11  0.1455E-11
CALSDV   53    9  0.1500E-11  0.1503E-11
CALSDV   54    9  0.1559E-11  0.1562E-11
CALSDV   55    9  0.1616E-11  0.1618E-11
CALSDV   56    9  0.1682E-11  0.1685E-11
CALSDV   57    9  0.1751E-11  0.1754E-11
CALSDV   58    9  0.1826E-11  0.1828E-11
CALSDV   59    9  0.1881E-11  0.1884E-11
CALSDV   60    9  0.1940E-11  0.1942E-11
CALSDV   10   10  0.7277E-11  0.7281E-11
CALSDV   11   10  0.5874E-11  0.5841E-11
CALSDV   12   10  0.4025E-11  0.4029E-11
CALSDV   13   10  0.2978E-11  0.2964E-11
CALSDV   14   10  0.3217E-11  0.3217E-11
CALSDV   15   10  0.2328E-11  0.2320E-11
CALSDV   16   10  0.2493E-11  0.2496E-11
CALSDV   17   10  0.2059E-11  0.2055E-11
CALSDV   18   10  0.2006E-11  0.2008E-11
CALSDV   19   10  0.1848E-11  0.1845E-11
CALSDV   20   10  0.1690E-11  0.1693E-11
CALSDV   21   10  0.1669E-11  0.1666E-11
CALSDV   22   10  0.1484E-11  0.1487E-11
CALSDV   23   10  0.1519E-11  0.1518E-11
CALSDV   24   10  0.1348E-11  0.1352E-11
CALSDV   25   10  0.1400E-11  0.1400E-11
CALSDV   26   10  0.1257E-11  0.1259E-11
CALSDV   27   10  0.1309E-11  0.1308E-11
CALSDV   28   10  0.1195E-11  0.1198E-11
CALSDV   29   10  0.1241E-11  0.1240E-11
CALSDV   30   10  0.1155E-11  0.1157E-11
CALSDV   31   10  0.1193E-11  0.1193E-11
CALSDV   32   10  0.1132E-11  0.1134E-11
CALSDV   33   10  0.1162E-11  0.1163E-11
CALSDV   34   10  0.1122E-11  0.1123E-11
CALSDV   35   10  0.1147E-11  0.1147E-11
CALSDV   36   10  0.1124E-11  0.1125E-11
CALSDV   37   10  0.1145E-11  0.1145E-11
CALSDV   38   10  0.1136E-11  0.1137E-11
CALSDV   39   10  0.1155E-11  0.1156E-11
CALSDV   40   10  0.1158E-11  0.1159E-11
CALSDV   41   10  0.1177E-11  0.1178E-11
CALSDV   42   10  0.1190E-11  0.1191E-11
CALSDV   43   10  0.1210E-11  0.1211E-11
CALSDV   44   10  0.1232E-11  0.1233E-11
CALSDV   45   10  0.1254E-11  0.1255E-11
CALSDV   46   10  0.1284E-11  0.1285E-11
CALSDV   47   10  0.1310E-11  0.1310E-11
CALSDV   48   10  0.1348E-11  0.1348E-11
CALSDV   49   10  0.1377E-11  0.1378E-11
CALSDV   50   10  0.1422E-11  0.1423E-11
CALSDV   51   10  0.1457E-11  0.1458E-11
CALSDV   52   10  0.1509E-11  0.1510E-11
CALSDV   53   10  0.1551E-11  0.1552E-11
CALSDV   54   10  0.1611E-11  0.1612E-11
CALSDV   55   10  0.1661E-11  0.1662E-11
CALSDV   56   10  0.1729E-11  0.1730E-11
CALSDV   57   10  0.1792E-11  0.1793E-11
CALSDV   58   10  0.1869E-11  0.1870E-11
CALSDV   59   10  0.1934E-11  0.1935E-11
CALSDV   60   10  0.1998E-11  0.1999E-11
CALSDV   11   11  0.6574E-11  0.6604E-11
CALSDV   12   11  0.6856E-11  0.6891E-11
CALSDV   13   11  0.4242E-11  0.4240E-11
CALSDV   14   11  0.3703E-11  0.3734E-11
CALSDV   15   11  0.3155E-11  0.3155E-11
CALSDV   16   11  0.2520E-11  0.2541E-11
CALSDV   17   11  0.2249E-11  0.2250E-11
CALSDV   18   11  0.1979E-11  0.1990E-11
CALSDV   19   11  0.1681E-11  0.1683E-11
CALSDV   20   11  0.1671E-11  0.1677E-11
CALSDV   21   11  0.1365E-11  0.1367E-11
CALSDV   22   11  0.1471E-11  0.1473E-11
CALSDV   23   11  0.1207E-11  0.1208E-11
CALSDV   24   11  0.1333E-11  0.1335E-11
CALSDV   25   11  0.1133E-11  0.1134E-11
CALSDV   26   11  0.1238E-11  0.1239E-11
CALSDV   27   11  0.1101E-11  0.1100E-11
CALSDV   28   11  0.1175E-11  0.1175E-11
CALSDV   29   11  0.1089E-11  0.1088E-11
CALSDV   30   11  0.1136E-11  0.1136E-11
CALSDV   31   11  0.1089E-11  0.1088E-11
CALSDV   32   11  0.1114E-11  0.1114E-11
CALSDV   33   11  0.1097E-11  0.1096E-11
CALSDV   34   11  0.1108E-11  0.1107E-11
CALSDV   35   11  0.1112E-11  0.1111E-11
CALSDV   36   11  0.1114E-11  0.1113E-11
CALSDV   37   11  0.1133E-11  0.1132E-11
CALSDV   38   11  0.1131E-11  0.1130E-11
CALSDV   39   11  0.1159E-11  0.1159E-11
CALSDV   40   11  0.1158E-11  0.1157E-11
CALSDV   41   11  0.1194E-11  0.1193E-11
CALSDV   42   11  0.1194E-11  0.1193E-11
CALSDV   43   11  0.1235E-11  0.1234E-11
CALSDV   44   11  0.1240E-11  0.1240E-11
CALSDV   45   11  0.1285E-11  0.1284E-11
CALSDV   46   11  0.1296E-11  0.1295E-11
CALSDV   47   11  0.1344E-11  0.1343E-11
CALSDV   48   11  0.1362E-11  0.1361E-11
CALSDV   49   11  0.1413E-11  0.1412E-11
CALSDV   50   11  0.1440E-11  0.1439E-11
CALSDV   51   11  0.1493E-11  0.1493E-11
CALSDV   52   11  0.1529E-11  0.1528E-11
CALSDV   53   11  0.1587E-11  0.1586E-11
CALSDV   54   11  0.1632E-11  0.1631E-11
CALSDV   55   11  0.1695E-11  0.1694E-11
CALSDV   56   11  0.1751E-11  0.1750E-11
CALSDV   57   11  0.1823E-11  0.1823E-11
CALSDV   58   11  0.1890E-11  0.1890E-11
CALSDV   59   11  0.1972E-11  0.1971E-11
CALSDV   60   11  0.2022E-11  0.2021E-11
CALSDV   12   12  0.6477E-11  0.6428E-11
CALSDV   13   12  0.5733E-11  0.5773E-11
CALSDV   14   12  0.3844E-11  0.3844E-11
CALSDV   15   12  0.2830E-11  0.2837E-11
CALSDV   16   12  0.3061E-11  0.3066E-11
CALSDV   17   12  0.2174E-11  0.2173E-11
CALSDV   18   12  0.2365E-11  0.2370E-11
CALSDV   19   12  0.1993E-11  0.1998E-11
CALSDV   20   12  0.1930E-11  0.1933E-11
CALSDV   21   12  0.1855E-11  0.1864E-11
CALSDV   22   12  0.1684E-11  0.1686E-11
CALSDV   23   12  0.1725E-11  0.1734E-11
CALSDV   24   12  0.1544E-11  0.1546E-11
CALSDV   25   12  0.1607E-11  0.1616E-11
CALSDV   26   12  0.1462E-11  0.1463E-11
CALSDV   27   12  0.1508E-11  0.1517E-11
CALSDV   28   12  0.1409E-11  0.1409E-11
CALSDV   29   12  0.1430E-11  0.1438E-11
CALSDV   30   12  0.1373E-11  0.1374E-11
CALSDV   31   12  0.1371E-11  0.1379E-11
CALSDV   32   12  0.1349E-11  0.1350E-11
CALSDV   33   12  0.1331E-11  0.1337E-11
CALSDV   34   12  0.1335E-11  0.1336E-11
CALSDV   35   12  0.1306E-11  0.1312E-11
CALSDV   36   12  0.1330E-11  0.1331E-11
CALSDV   37   12  0.1296E-11  0.1301E-11
CALSDV   38   12  0.1334E-11  0.1334E-11
CALSDV   39   12  0.1298E-11  0.1303E-11
CALSDV   40   12  0.1346E-11  0.1346E-11
CALSDV   41   12  0.1313E-11  0.1316E-11
CALSDV   42   12  0.1367E-11  0.1368E-11
CALSDV   43   12  0.1339E-11  0.1341E-11
CALSDV   44   12  0.1398E-11  0.1398E-11
CALSDV   45   12  0.1375E-11  0.1378E-11
CALSDV   46   12  0.1438E-11  0.1439E-11
CALSDV   47   12  0.1423E-11  0.1425E-11
CALSDV   48   12  0.1490E-11  0.1490E-11
CALSDV   49   12  0.1483E-11  0.1485E-11
CALSDV   50   12  0.1552E-11  0.1553E-11
CALSDV   51   12  0.1555E-11  0.1556E-11
CALSDV   52   12  0.1628E-11  0.1628E-11
CALSDV   53   12  0.1641E-11  0.1642E-11
CALSDV   54   12  0.1717E-11  0.1717E-11
CALSDV   55   12  0.1742E-11  0.1743E-11
CALSDV   56   12  0.1823E-11  0.1823E-11
CALSDV   57   12  0.1865E-11  0.1865E-11
CALSDV   58   12  0.1954E-11  0.1953E-11
CALSDV   59   12  0.2019E-11  0.2020E-11
CALSDV   60   12  0.2095E-11  0.2096E-11
CALSDV   13   13  0.5541E-11  0.5498E-11
CALSDV   14   13  0.5720E-11  0.5745E-11
CALSDV   15   13  0.4052E-11  0.4039E-11
CALSDV   16   13  0.3252E-11  0.3273E-11
CALSDV   17   13  0.3284E-11  0.3280E-11
CALSDV   18   13  0.2493E-11  0.2507E-11
CALSDV   19   13  0.2428E-11  0.2425E-11
CALSDV   20   13  0.2109E-11  0.2113E-11
CALSDV   21   13  0.1835E-11  0.1834E-11
CALSDV   22   13  0.1826E-11  0.1827E-11
CALSDV   23   13  0.1491E-11  0.1490E-11
CALSDV   24   13  0.1608E-11  0.1608E-11
CALSDV   25   13  0.1320E-11  0.1319E-11
CALSDV   26   13  0.1447E-11  0.1445E-11
CALSDV   27   13  0.1248E-11  0.1248E-11
CALSDV   28   13  0.1335E-11  0.1332E-11
CALSDV   29   13  0.1224E-11  0.1224E-11
CALSDV   30   13  0.1263E-11  0.1260E-11
CALSDV   31   13  0.1224E-11  0.1223E-11
CALSDV   32   13  0.1223E-11  0.1220E-11
CALSDV   33   13  0.1234E-11  0.1233E-11
CALSDV   34   13  0.1206E-11  0.1203E-11
CALSDV   35   13  0.1250E-11  0.1249E-11
CALSDV   36   13  0.1208E-11  0.1205E-11
CALSDV   37   13  0.1272E-11  0.1271E-11
CALSDV   38   13  0.1224E-11  0.1222E-11
CALSDV   39   13  0.1298E-11  0.1297E-11
CALSDV   40   13  0.1252E-11  0.1249E-11
CALSDV   41   13  0.1330E-11  0.1329E-11
CALSDV   42   13  0.1289E-11  0.1287E-11
CALSDV   43   13  0.1368E-11  0.1367E-11
CALSDV   44   13  0.1336E-11  0.1335E-11
CALSDV   45   13  0.1413E-11  0.1412E-11
CALSDV   46   13  0.1393E-11  0.1391E-11
CALSDV   47   13  0.1466E-11  0.1465E-11
CALSDV   48   13  0.1458E-11  0.1456E-11
CALSDV   49   13  0.1528E-11  0.1527E-11
CALSDV   50   13  0.1534E-11  0.1532E-11
CALSDV   51   13  0.1600E-11  0.1599E-11
CALSDV   52   13  0.1620E-11  0.1618E-11
CALSDV   53   13  0.1685E-11  0.1683E-11
CALSDV   54   13  0.1718E-11  0.1717E-11
CALSDV   55   13  0.1783E-11  0.1782E-11
CALSDV   56   13  0.1831E-11  0.1829E-11
CALSDV   57   13  0.1903E-11  0.1901E-11
CALSDV   58   13  0.1965E-11  0.1963E-11
CALSDV   59   13  0.2060E-11  0.2058E-11
CALSDV   60   13  0.2108E-11  0.2105E-11
CALSDV   14   14  0.4733E-11  0.4753E-11
CALSDV   15   14  0.6191E-11  0.6126E-11
CALSDV   16   14  0.3814E-11  0.3798E-11
CALSDV   17   14  0.3189E-11  0.3154E-11
CALSDV   18   14  0.3123E-11  0.3115E-11
CALSDV   19   14  0.2303E-11  0.2295E-11
CALSDV   20   14  0.2331E-11  0.2327E-11
CALSDV   21   14  0.2055E-11  0.2051E-11
CALSDV   22   14  0.1831E-11  0.1827E-11
CALSDV   23   14  0.1920E-11  0.1916E-11
CALSDV   24   14  0.1588E-11  0.1585E-11
CALSDV   25   14  0.1805E-11  0.1801E-11
CALSDV   26   14  0.1497E-11  0.1493E-11
CALSDV   27   14  0.1704E-11  0.1700E-11
CALSDV   28   14  0.1474E-11  0.1470E-11
CALSDV   29   14  0.1622E-11  0.1615E-11
CALSDV   30   14  0.1475E-11  0.1472E-11
CALSDV   31   14  0.1558E-11  0.1551E-11
CALSDV   32   14  0.1482E-11  0.1480E-11
CALSDV   33   14  0.1510E-11  0.1506E-11
CALSDV   34   14  0.1491E-11  0.1489E-11
CALSDV   35   14  0.1480E-11  0.1475E-11
CALSDV   36   14  0.1501E-11  0.1499E-11
CALSDV   37   14  0.1464E-11  0.1459E-11
CALSDV   38   14  0.1513E-11  0.1511E-11
CALSDV   39   14  0.1461E-11  0.1456E-11
CALSDV   40   14  0.1528E-11  0.1526E-11
CALSDV   41   14  0.1470E-11  0.1465E-11
CALSDV   42   14  0.1548E-11  0.1546E-11
CALSDV   43   14  0.1490E-11  0.1485E-11
CALSDV   44   14  0.1575E-11  0.1572E-11
CALSDV   45   14  0.1520E-11  0.1516E-11
CALSDV   46   14  0.1608E-11  0.1605E-11
CALSDV   47   14  0.1561E-11  0.1557E-11
CALSDV   48   14  0.1651E-11  0.1648E-11
CALSDV   49   14  0.1612E-11  0.1608E-11
CALSDV   50   14  0.1702E-11  0.1699E-11
CALSDV   51   14  0.1676E-11  0.1672E-11
CALSDV   52   14  0.1766E-11  0.1762E-11
CALSDV   53   14  0.1751E-11  0.1747E-11
CALSDV   54   14  0.1842E-11  0.1838E-11
CALSDV   55   14  0.1841E-11  0.1837E-11
CALSDV   56   14  0.1934E-11  0.1930E-11
CALSDV   57   14  0.1953E-11  0.1948E-11
CALSDV   58   14  0.2050E-11  0.2045E-11
CALSDV   59   14  0.2112E-11  0.2107E-11
CALSDV   60   14  0.2196E-11  0.2192E-11
CALSDV   15   15  0.5889E-11  0.5870E-11
CALSDV   16   15  0.5611E-11  0.5599E-11
CALSDV   17   15  0.3920E-11  0.3899E-11
CALSDV   18   15  0.2940E-11  0.2943E-11
CALSDV   19   15  0.3465E-11  0.3449E-11
CALSDV   20   15  0.2251E-11  0.2246E-11
CALSDV   21   15  0.2783E-11  0.2767E-11
CALSDV   22   15  0.2016E-11  0.2011E-11
CALSDV   23   15  0.2267E-11  0.2250E-11
CALSDV   24   15  0.1840E-11  0.1833E-11
CALSDV   25   15  0.1940E-11  0.1923E-11
CALSDV   26   15  0.1686E-11  0.1680E-11
CALSDV   27   15  0.1751E-11  0.1734E-11
CALSDV   28   15  0.1561E-11  0.1557E-11
CALSDV   29   15  0.1645E-11  0.1629E-11
CALSDV   30   15  0.1471E-11  0.1466E-11
CALSDV   31   15  0.1587E-11  0.1574E-11
CALSDV   32   15  0.1413E-11  0.1409E-11
CALSDV   33   15  0.1556E-11  0.1543E-11
CALSDV   34   15  0.1382E-11  0.1379E-11
CALSDV   35   15  0.1541E-11  0.1530E-11
CALSDV   36   15  0.1374E-11  0.1370E-11
CALSDV   37   15  0.1537E-11  0.1527E-11
CALSDV   38   15  0.1382E-11  0.1378E-11
CALSDV   39   15  0.1542E-11  0.1533E-11
CALSDV   40   15  0.1404E-11  0.1400E-11
CALSDV   41   15  0.1555E-11  0.1546E-11
CALSDV   42   15  0.1437E-11  0.1433E-11
CALSDV   43   15  0.1577E-11  0.1568E-11
CALSDV   44   15  0.1481E-11  0.1476E-11
CALSDV   45   15  0.1606E-11  0.1598E-11
CALSDV   46   15  0.1533E-11  0.1527E-11
CALSDV   47   15  0.1644E-11  0.1636E-11
CALSDV   48   15  0.1594E-11  0.1587E-11
CALSDV   49   15  0.1692E-11  0.1683E-11
CALSDV   50   15  0.1663E-11  0.1656E-11
CALSDV   51   15  0.1750E-11  0.1741E-11
CALSDV   52   15  0.1743E-11  0.1735E-11
CALSDV   53   15  0.1819E-11  0.1809E-11
CALSDV   54   15  0.1833E-11  0.1824E-11
CALSDV   55   15  0.1902E-11  0.1891E-11
CALSDV   56   15  0.1936E-11  0.1926E-11
CALSDV   57   15  0.2005E-11  0.1995E-11
CALSDV   58   15  0.2060E-11  0.2049E-11
CALSDV   59   15  0.2164E-11  0.2152E-11
CALSDV   60   15  0.2206E-11  0.2194E-11
CALSDV   16   16  0.4140E-11  0.4145E-11
CALSDV   17   16  0.6088E-11  0.6106E-11
CALSDV   18   16  0.3868E-11  0.3865E-11
CALSDV   19   16  0.3342E-11  0.3347E-11
CALSDV   20   16  0.3330E-11  0.3327E-11
CALSDV   21   16  0.2492E-11  0.2496E-11
CALSDV   22   16  0.2503E-11  0.2503E-11
CALSDV   23   16  0.2199E-11  0.2200E-11
CALSDV   24   16  0.1938E-11  0.1941E-11
CALSDV   25   16  0.2020E-11  0.2020E-11
CALSDV   26   16  0.1661E-11  0.1663E-11
CALSDV   27   16  0.1879E-11  0.1879E-11
CALSDV   28   16  0.1572E-11  0.1574E-11
CALSDV   29   16  0.1769E-11  0.1769E-11
CALSDV   30   16  0.1573E-11  0.1574E-11
CALSDV   31   16  0.1691E-11  0.1690E-11
CALSDV   32   16  0.1602E-11  0.1603E-11
CALSDV   33   16  0.1639E-11  0.1638E-11
CALSDV   34   16  0.1635E-11  0.1635E-11
CALSDV   35   16  0.1609E-11  0.1608E-11
CALSDV   36   16  0.1664E-11  0.1665E-11
CALSDV   37   16  0.1597E-11  0.1596E-11
CALSDV   38   16  0.1690E-11  0.1690E-11
CALSDV   39   16  0.1598E-11  0.1597E-11
CALSDV   40   16  0.1713E-11  0.1713E-11
CALSDV   41   16  0.1611E-11  0.1610E-11
CALSDV   42   16  0.1736E-11  0.1736E-11
CALSDV   43   16  0.1633E-11  0.1632E-11
CALSDV   44   16  0.1762E-11  0.1761E-11
CALSDV   45   16  0.1664E-11  0.1662E-11
CALSDV   46   16  0.1791E-11  0.1790E-11
CALSDV   47   16  0.1703E-11  0.1702E-11
CALSDV   48   16  0.1825E-11  0.1825E-11
CALSDV   49   16  0.1750E-11  0.1749E-11
CALSDV   50   16  0.1867E-11  0.1866E-11
CALSDV   51   16  0.1807E-11  0.1806E-11
CALSDV   52   16  0.1918E-11  0.1917E-11
CALSDV   53   16  0.1873E-11  0.1872E-11
CALSDV   54   16  0.1979E-11  0.1978E-11
CALSDV   55   16  0.1951E-11  0.1950E-11
CALSDV   56   16  0.2054E-11  0.2054E-11
CALSDV   57   16  0.2048E-11  0.2048E-11
CALSDV   58   16  0.2152E-11  0.2152E-11
CALSDV   59   16  0.2205E-11  0.2204E-11
CALSDV   60   16  0.2294E-11  0.2293E-11
CALSDV   17   17  0.4121E-11  0.4108E-11
CALSDV   18   17  0.4767E-11  0.4765E-11
CALSDV   19   17  0.3732E-11  0.3736E-11
CALSDV   20   17  0.2667E-11  0.2673E-11
CALSDV   21   17  0.3279E-11  0.3286E-11
CALSDV   22   17  0.2450E-11  0.2451E-11
CALSDV   23   17  0.2546E-11  0.2552E-11
CALSDV   24   17  0.2324E-11  0.2321E-11
CALSDV   25   17  0.2019E-11  0.2024E-11
CALSDV   26   17  0.2108E-11  0.2104E-11
CALSDV   27   17  0.1725E-11  0.1728E-11
CALSDV   28   17  0.1879E-11  0.1875E-11
CALSDV   29   17  0.1591E-11  0.1595E-11
CALSDV   30   17  0.1686E-11  0.1683E-11
CALSDV   31   17  0.1546E-11  0.1548E-11
CALSDV   32   17  0.1549E-11  0.1546E-11
CALSDV   33   17  0.1542E-11  0.1542E-11
CALSDV   34   17  0.1470E-11  0.1467E-11
CALSDV   35   17  0.1555E-11  0.1554E-11
CALSDV   36   17  0.1438E-11  0.1436E-11
CALSDV   37   17  0.1575E-11  0.1574E-11
CALSDV   38   17  0.1443E-11  0.1440E-11
CALSDV   39   17  0.1600E-11  0.1599E-11
CALSDV   40   17  0.1471E-11  0.1469E-11
CALSDV   41   17  0.1628E-11  0.1627E-11
CALSDV   42   17  0.1516E-11  0.1514E-11
CALSDV   43   17  0.1662E-11  0.1660E-11
CALSDV   44   17  0.1571E-11  0.1569E-11
CALSDV   45   17  0.1699E-11  0.1698E-11
CALSDV   46   17  0.1634E-11  0.1633E-11
CALSDV   47   17  0.1743E-11  0.1741E-11
CALSDV   48   17  0.1703E-11  0.1701E-11
CALSDV   49   17  0.1793E-11  0.1791E-11
CALSDV   50   17  0.1778E-11  0.1776E-11
CALSDV   51   17  0.1851E-11  0.1849E-11
CALSDV   52   17  0.1859E-11  0.1856E-11
CALSDV   53   17  0.1917E-11  0.1915E-11
CALSDV   54   17  0.1945E-11  0.1943E-11
CALSDV   55   17  0.1993E-11  0.1991E-11
CALSDV   56   17  0.2041E-11  0.2039E-11
CALSDV   57   17  0.2087E-11  0.2085E-11
CALSDV   58   17  0.2153E-11  0.2151E-11
CALSDV   59   17  0.2240E-11  0.2239E-11
CALSDV   60   17  0.2298E-11  0.2296E-11
CALSDV   18   18  0.4510E-11  0.4554E-11
CALSDV   19   18  0.4955E-11  0.4965E-11
CALSDV   20   18  0.4079E-11  0.4077E-11
CALSDV   21   18  0.2636E-11  0.2642E-11
CALSDV   22   18  0.3461E-11  0.3463E-11
CALSDV   23   18  0.2336E-11  0.2331E-11
CALSDV   24   18  0.2565E-11  0.2565E-11
CALSDV   25   18  0.2256E-11  0.2252E-11
CALSDV   26   18  0.1966E-11  0.1963E-11
CALSDV   27   18  0.2110E-11  0.2107E-11
CALSDV   28   18  0.1714E-11  0.1709E-11
CALSDV   29   18  0.1948E-11  0.1946E-11
CALSDV   30   18  0.1680E-11  0.1676E-11
CALSDV   31   18  0.1815E-11  0.1813E-11
CALSDV   32   18  0.1735E-11  0.1731E-11
CALSDV   33   18  0.1726E-11  0.1724E-11
CALSDV   34   18  0.1805E-11  0.1802E-11
CALSDV   35   18  0.1680E-11  0.1678E-11
CALSDV   36   18  0.1865E-11  0.1863E-11
CALSDV   37   18  0.1668E-11  0.1665E-11
CALSDV   38   18  0.1911E-11  0.1910E-11
CALSDV   39   18  0.1679E-11  0.1676E-11
CALSDV   40   18  0.1945E-11  0.1945E-11
CALSDV   41   18  0.1705E-11  0.1703E-11
CALSDV   42   18  0.1972E-11  0.1971E-11
CALSDV   43   18  0.1741E-11  0.1739E-11
CALSDV   44   18  0.1994E-11  0.1994E-11
CALSDV   45   18  0.1784E-11  0.1782E-11
CALSDV   46   18  0.2015E-11  0.2015E-11
CALSDV   47   18  0.1831E-11  0.1830E-11
CALSDV   48   18  0.2038E-11  0.2038E-11
CALSDV   49   18  0.1883E-11  0.1882E-11
CALSDV   50   18  0.2066E-11  0.2066E-11
CALSDV   51   18  0.1940E-11  0.1938E-11
CALSDV   52   18  0.2100E-11  0.2099E-11
CALSDV   53   18  0.2002E-11  0.2000E-11
CALSDV   54   18  0.2142E-11  0.2141E-11
CALSDV   55   18  0.2070E-11  0.2069E-11
CALSDV   56   18  0.2196E-11  0.2195E-11
CALSDV   57   18  0.2154E-11  0.2152E-11
CALSDV   58   18  0.2271E-11  0.2270E-11
CALSDV   59   18  0.2302E-11  0.2300E-11
CALSDV   60   18  0.2398E-11  0.2396E-11
CALSDV   19   19  0.3746E-11  0.3743E-11
CALSDV   20   19  0.4569E-11  0.4557E-11
CALSDV   21   19  0.3738E-11  0.3732E-11
CALSDV   22   19  0.2577E-11  0.2573E-11
CALSDV   23   19  0.3261E-11  0.3263E-11
CALSDV   24   19  0.2628E-11  0.2633E-11
CALSDV   25   19  0.2535E-11  0.2535E-11
CALSDV   26   19  0.2629E-11  0.2635E-11
CALSDV   27   19  0.2039E-11  0.2038E-11
CALSDV   28   19  0.2451E-11  0.2459E-11
CALSDV   29   19  0.1784E-11  0.1782E-11
CALSDV   30   19  0.2222E-11  0.2228E-11
CALSDV   31   19  0.1681E-11  0.1678E-11
CALSDV   32   19  0.2011E-11  0.2017E-11
CALSDV   33   19  0.1653E-11  0.1651E-11
CALSDV   34   19  0.1853E-11  0.1859E-11
CALSDV   35   19  0.1658E-11  0.1656E-11
CALSDV   36   19  0.1756E-11  0.1761E-11
CALSDV   37   19  0.1677E-11  0.1675E-11
CALSDV   38   19  0.1712E-11  0.1715E-11
CALSDV   39   19  0.1703E-11  0.1702E-11
CALSDV   40   19  0.1709E-11  0.1712E-11
CALSDV   41   19  0.1734E-11  0.1734E-11
CALSDV   42   19  0.1734E-11  0.1736E-11
CALSDV   43   19  0.1770E-11  0.1770E-11
CALSDV   44   19  0.1777E-11  0.1779E-11
CALSDV   45   19  0.1812E-11  0.1811E-11
CALSDV   46   19  0.1831E-11  0.1832E-11
CALSDV   47   19  0.1858E-11  0.1858E-11
CALSDV   48   19  0.1893E-11  0.1893E-11
CALSDV   49   19  0.1910E-11  0.1909E-11
CALSDV   50   19  0.1958E-11  0.1959E-11
CALSDV   51   19  0.1968E-11  0.1967E-11
CALSDV   52   19  0.2028E-11  0.2029E-11
CALSDV   53   19  0.2031E-11  0.2030E-11
CALSDV   54   19  0.2102E-11  0.2102E-11
CALSDV   55   19  0.2101E-11  0.2100E-11
CALSDV   56   19  0.2181E-11  0.2182E-11
CALSDV   57   19  0.2183E-11  0.2183E-11
CALSDV   58   19  0.2274E-11  0.2274E-11
CALSDV   59   19  0.2328E-11  0.2327E-11
CALSDV   60   19  0.2407E-11  0.2407E-11
CALSDV   20   20  0.4362E-11  0.4361E-11
CALSDV   21   20  0.4684E-11  0.4696E-11
CALSDV   22   20  0.4218E-11  0.4208E-11
CALSDV   23   20  0.2506E-11  0.2519E-11
CALSDV   24   20  0.3621E-11  0.3614E-11
CALSDV   25   20  0.2428E-11  0.2434E-11
CALSDV   26   20  0.2705E-11  0.2699E-11
CALSDV   27   20  0.2408E-11  0.2410E-11
CALSDV   28   20  0.2080E-11  0.2074E-11
CALSDV   29   20  0.2244E-11  0.2245E-11
CALSDV   30   20  0.1815E-11  0.1811E-11
CALSDV   31   20  0.2048E-11  0.2050E-11
CALSDV   32   20  0.1784E-11  0.1782E-11
CALSDV   33   20  0.1890E-11  0.1891E-11
CALSDV   34   20  0.1849E-11  0.1848E-11
CALSDV   35   20  0.1795E-11  0.1796E-11
CALSDV   36   20  0.1932E-11  0.1932E-11
CALSDV   37   20  0.1760E-11  0.1761E-11
CALSDV   38   20  0.2005E-11  0.2005E-11
CALSDV   39   20  0.1770E-11  0.1771E-11
CALSDV   40   20  0.2062E-11  0.2063E-11
CALSDV   41   20  0.1808E-11  0.1809E-11
CALSDV   42   20  0.2106E-11  0.2107E-11
CALSDV   43   20  0.1860E-11  0.1860E-11
CALSDV   44   20  0.2141E-11  0.2141E-11
CALSDV   45   20  0.1918E-11  0.1919E-11
CALSDV   46   20  0.2169E-11  0.2170E-11
CALSDV   47   20  0.1978E-11  0.1978E-11
CALSDV   48   20  0.2196E-11  0.2196E-11
CALSDV   49   20  0.2037E-11  0.2037E-11
CALSDV   50   20  0.2222E-11  0.2223E-11
CALSDV   51   20  0.2094E-11  0.2095E-11
CALSDV   52   20  0.2252E-11  0.2253E-11
CALSDV   53   20  0.2151E-11  0.2152E-11
CALSDV   54   20  0.2286E-11  0.2287E-11
CALSDV   55   20  0.2208E-11  0.2209E-11
CALSDV   56   20  0.2326E-11  0.2327E-11
CALSDV   57   20  0.2273E-11  0.2274E-11
CALSDV   58   20  0.2383E-11  0.2384E-11
CALSDV   59   20  0.2406E-11  0.2407E-11
CALSDV   60   20  0.2492E-11  0.2494E-11
CALSDV   21   21  0.3731E-11  0.3740E-11
CALSDV   22   21  0.4535E-11  0.4522E-11
CALSDV   23   21  0.3766E-11  0.3766E-11
CALSDV   24   21  0.2453E-11  0.2443E-11
CALSDV   25   21  0.3252E-11  0.3257E-11
CALSDV   26   21  0.2678E-11  0.2674E-11
CALSDV   27   21  0.2545E-11  0.2552E-11
CALSDV   28   21  0.2791E-11  0.2789E-11
CALSDV   29   21  0.2110E-11  0.2116E-11
CALSDV   30   21  0.2664E-11  0.2663E-11
CALSDV   31   21  0.1922E-11  0.1925E-11
CALSDV   32   21  0.2452E-11  0.2451E-11
CALSDV   33   21  0.1862E-11  0.1863E-11
CALSDV   34   21  0.2249E-11  0.2248E-11
CALSDV   35   21  0.1855E-11  0.1855E-11
CALSDV   36   21  0.2096E-11  0.2094E-11
CALSDV   37   21  0.1866E-11  0.1865E-11
CALSDV   38   21  0.2004E-11  0.2002E-11
CALSDV   39   21  0.1883E-11  0.1883E-11
CALSDV   40   21  0.1966E-11  0.1963E-11
CALSDV   41   21  0.1906E-11  0.1906E-11
CALSDV   42   21  0.1969E-11  0.1967E-11
CALSDV   43   21  0.1936E-11  0.1936E-11
CALSDV   44   21  0.1999E-11  0.1996E-11
CALSDV   45   21  0.1972E-11  0.1972E-11
CALSDV   46   21  0.2045E-11  0.2043E-11
CALSDV   47   21  0.2014E-11  0.2014E-11
CALSDV   48   21  0.2098E-11  0.2097E-11
CALSDV   49   21  0.2062E-11  0.2062E-11
CALSDV   50   21  0.2157E-11  0.2155E-11
CALSDV   51   21  0.2114E-11  0.2115E-11
CALSDV   52   21  0.2216E-11  0.2215E-11
CALSDV   53   21  0.2171E-11  0.2171E-11
CALSDV   54   21  0.2276E-11  0.2276E-11
CALSDV   55   21  0.2230E-11  0.2230E-11
CALSDV   56   21  0.2337E-11  0.2337E-11
CALSDV   57   21  0.2298E-11  0.2298E-11
CALSDV   58   21  0.2407E-11  0.2407E-11
CALSDV   59   21  0.2427E-11  0.2427E-11
CALSDV   60   21  0.2519E-11  0.2519E-11
CALSDV   22   22  0.3786E-11  0.3739E-11
CALSDV   23   22  0.4598E-11  0.4601E-11
CALSDV   24   22  0.4209E-11  0.4190E-11
CALSDV   25   22  0.2447E-11  0.2453E-11
CALSDV   26   22  0.3668E-11  0.3660E-11
CALSDV   27   22  0.2535E-11  0.2542E-11
CALSDV   28   22  0.2771E-11  0.2768E-11
CALSDV   29   22  0.2561E-11  0.2566E-11
CALSDV   30   22  0.2164E-11  0.2163E-11
CALSDV   31   22  0.2378E-11  0.2381E-11
CALSDV   32   22  0.1913E-11  0.1914E-11
CALSDV   33   22  0.2145E-11  0.2148E-11
CALSDV   34   22  0.1889E-11  0.1891E-11
CALSDV   35   22  0.1960E-11  0.1962E-11
CALSDV   36   22  0.1957E-11  0.1958E-11
CALSDV   37   22  0.1860E-11  0.1861E-11
CALSDV   38   22  0.2042E-11  0.2041E-11
CALSDV   39   22  0.1841E-11  0.1842E-11
CALSDV   40   22  0.2118E-11  0.2118E-11
CALSDV   41   22  0.1878E-11  0.1879E-11
CALSDV   42   22  0.2182E-11  0.2181E-11
CALSDV   43   22  0.1947E-11  0.1948E-11
CALSDV   44   22  0.2234E-11  0.2233E-11
CALSDV   45   22  0.2027E-11  0.2028E-11
CALSDV   46   22  0.2278E-11  0.2277E-11
CALSDV   47   22  0.2108E-11  0.2108E-11
CALSDV   48   22  0.2316E-11  0.2315E-11
CALSDV   49   22  0.2183E-11  0.2182E-11
CALSDV   50   22  0.2352E-11  0.2351E-11
CALSDV   51   22  0.2249E-11  0.2249E-11
CALSDV   52   22  0.2385E-11  0.2385E-11
CALSDV   53   22  0.2306E-11  0.2306E-11
CALSDV   54   22  0.2419E-11  0.2419E-11
CALSDV   55   22  0.2356E-11  0.2355E-11
CALSDV   56   22  0.2454E-11  0.2453E-11
CALSDV   57   22  0.2403E-11  0.2404E-11
CALSDV   58   22  0.2496E-11  0.2496E-11
CALSDV   59   22  0.2514E-11  0.2515E-11
CALSDV   60   22  0.2588E-11  0.2588E-11
CALSDV   23   23  0.3653E-11  0.3643E-11
CALSDV   24   23  0.4558E-11  0.4568E-11
CALSDV   25   23  0.3804E-11  0.3799E-11
CALSDV   26   23  0.2353E-11  0.2358E-11
CALSDV   27   23  0.3256E-11  0.3257E-11
CALSDV   28   23  0.2676E-11  0.2676E-11
CALSDV   29   23  0.2554E-11  0.2555E-11
CALSDV   30   23  0.2841E-11  0.2844E-11
CALSDV   31   23  0.2172E-11  0.2175E-11
CALSDV   32   23  0.2717E-11  0.2726E-11
CALSDV   33   23  0.2047E-11  0.2050E-11
CALSDV   34   23  0.2492E-11  0.2506E-11
CALSDV   35   23  0.2030E-11  0.2033E-11
CALSDV   36   23  0.2277E-11  0.2297E-11
CALSDV   37   23  0.2043E-11  0.2047E-11
CALSDV   38   23  0.2127E-11  0.2150E-11
CALSDV   39   23  0.2060E-11  0.2065E-11
CALSDV   40   23  0.2052E-11  0.2077E-11
CALSDV   41   23  0.2079E-11  0.2084E-11
CALSDV   42   23  0.2041E-11  0.2066E-11
CALSDV   43   23  0.2102E-11  0.2107E-11
CALSDV   44   23  0.2074E-11  0.2098E-11
CALSDV   45   23  0.2131E-11  0.2138E-11
CALSDV   46   23  0.2134E-11  0.2154E-11
CALSDV   47   23  0.2169E-11  0.2176E-11
CALSDV   48   23  0.2206E-11  0.2222E-11
CALSDV   49   23  0.2214E-11  0.2219E-11
CALSDV   50   23  0.2280E-11  0.2292E-11
CALSDV   51   23  0.2264E-11  0.2268E-11
CALSDV   52   23  0.2350E-11  0.2360E-11
CALSDV   53   23  0.2316E-11  0.2319E-11
CALSDV   54   23  0.2415E-11  0.2421E-11
CALSDV   55   23  0.2368E-11  0.2368E-11
CALSDV   56   23  0.2473E-11  0.2476E-11
CALSDV   57   23  0.2421E-11  0.2420E-11
CALSDV   58   23  0.2531E-11  0.2531E-11
CALSDV   59   23  0.2531E-11  0.2529E-11
CALSDV   60   23  0.2621E-11  0.2625E-11
CALSDV   24   24  0.3659E-11  0.3688E-11
CALSDV   25   24  0.4648E-11  0.4648E-11
CALSDV   26   24  0.4252E-11  0.4250E-11
CALSDV   27   24  0.2503E-11  0.2501E-11
CALSDV   28   24  0.3712E-11  0.3708E-11
CALSDV   29   24  0.2713E-11  0.2709E-11
CALSDV   30   24  0.2839E-11  0.2836E-11
CALSDV   31   24  0.2761E-11  0.2760E-11
CALSDV   32   24  0.2277E-11  0.2275E-11
CALSDV   33   24  0.2549E-11  0.2548E-11
CALSDV   34   24  0.2062E-11  0.2060E-11
CALSDV   35   24  0.2274E-11  0.2274E-11
CALSDV   36   24  0.2047E-11  0.2046E-11
CALSDV   37   24  0.2059E-11  0.2060E-11
CALSDV   38   24  0.2107E-11  0.2106E-11
CALSDV   39   24  0.1955E-11  0.1956E-11
CALSDV   40   24  0.2181E-11  0.2180E-11
CALSDV   41   24  0.1954E-11  0.1955E-11
CALSDV   42   24  0.2251E-11  0.2250E-11
CALSDV   43   24  0.2020E-11  0.2021E-11
CALSDV   44   24  0.2313E-11  0.2313E-11
CALSDV   45   24  0.2118E-11  0.2119E-11
CALSDV   46   24  0.2369E-11  0.2368E-11
CALSDV   47   24  0.2222E-11  0.2223E-11
CALSDV   48   24  0.2419E-11  0.2419E-11
CALSDV   49   24  0.2319E-11  0.2320E-11
CALSDV   50   24  0.2466E-11  0.2466E-11
CALSDV   51   24  0.2400E-11  0.2401E-11
CALSDV   52   24  0.2510E-11  0.2509E-11
CALSDV   53   24  0.2464E-11  0.2464E-11
CALSDV   54   24  0.2548E-11  0.2548E-11
CALSDV   55   24  0.2508E-11  0.2509E-11
CALSDV   56   24  0.2582E-11  0.2582E-11
CALSDV   57   24  0.2541E-11  0.2541E-11
CALSDV   58   24  0.2615E-11  0.2615E-11
CALSDV   59   24  0.2627E-11  0.2627E-11
CALSDV   60   24  0.2687E-11  0.2686E-11
CALSDV   25   25  0.3711E-11  0.3730E-11
CALSDV   26   25  0.4746E-11  0.4756E-11
CALSDV   27   25  0.4058E-11  0.4066E-11
CALSDV   28   25  0.2459E-11  0.2460E-11
CALSDV   29   25  0.3421E-11  0.3426E-11
CALSDV   30   25  0.2801E-11  0.2796E-11
CALSDV   31   25  0.2635E-11  0.2634E-11
CALSDV   32   25  0.2981E-11  0.2978E-11
CALSDV   33   25  0.2283E-11  0.2282E-11
CALSDV   34   25  0.2864E-11  0.2865E-11
CALSDV   35   25  0.2261E-11  0.2264E-11
CALSDV   36   25  0.2652E-11  0.2657E-11
CALSDV   37   25  0.2347E-11  0.2356E-11
CALSDV   38   25  0.2469E-11  0.2473E-11
CALSDV   39   25  0.2434E-11  0.2445E-11
CALSDV   40   25  0.2358E-11  0.2364E-11
CALSDV   41   25  0.2493E-11  0.2506E-11
CALSDV   42   25  0.2327E-11  0.2332E-11
CALSDV   43   25  0.2529E-11  0.2544E-11
CALSDV   44   25  0.2351E-11  0.2357E-11
CALSDV   45   25  0.2550E-11  0.2566E-11
CALSDV   46   25  0.2407E-11  0.2412E-11
CALSDV   47   25  0.2565E-11  0.2580E-11
CALSDV   48   25  0.2476E-11  0.2480E-11
CALSDV   49   25  0.2578E-11  0.2591E-11
CALSDV   50   25  0.2544E-11  0.2547E-11
CALSDV   51   25  0.2590E-11  0.2601E-11
CALSDV   52   25  0.2603E-11  0.2605E-11
CALSDV   53   25  0.2600E-11  0.2608E-11
CALSDV   54   25  0.2650E-11  0.2652E-11
CALSDV   55   25  0.2607E-11  0.2613E-11
CALSDV   56   25  0.2682E-11  0.2683E-11
CALSDV   57   25  0.2611E-11  0.2615E-11
CALSDV   58   25  0.2703E-11  0.2704E-11
CALSDV   59   25  0.2674E-11  0.2676E-11
CALSDV   60   25  0.2758E-11  0.2758E-11
CALSDV   26   26  0.3752E-11  0.3748E-11
CALSDV   27   26  0.4821E-11  0.4820E-11
CALSDV   28   26  0.4345E-11  0.4347E-11
CALSDV   29   26  0.2713E-11  0.2710E-11
CALSDV   30   26  0.3764E-11  0.3763E-11
CALSDV   31   26  0.3008E-11  0.3000E-11
CALSDV   32   26  0.2917E-11  0.2917E-11
CALSDV   33   26  0.3056E-11  0.3050E-11
CALSDV   34   26  0.2423E-11  0.2421E-11
CALSDV   35   26  0.2806E-11  0.2800E-11
CALSDV   36   26  0.2256E-11  0.2256E-11
CALSDV   37   26  0.2487E-11  0.2482E-11
CALSDV   38   26  0.2251E-11  0.2251E-11
CALSDV   39   26  0.2245E-11  0.2237E-11
CALSDV   40   26  0.2298E-11  0.2297E-11
CALSDV   41   26  0.2134E-11  0.2129E-11
CALSDV   42   26  0.2353E-11  0.2353E-11
CALSDV   43   26  0.2146E-11  0.2142E-11
CALSDV   44   26  0.2409E-11  0.2410E-11
CALSDV   45   26  0.2231E-11  0.2227E-11
CALSDV   46   26  0.2465E-11  0.2466E-11
CALSDV   47   26  0.2346E-11  0.2344E-11
CALSDV   48   26  0.2522E-11  0.2524E-11
CALSDV   49   26  0.2461E-11  0.2460E-11
CALSDV   50   26  0.2579E-11  0.2579E-11
CALSDV   51   26  0.2559E-11  0.2557E-11
CALSDV   52   26  0.2632E-11  0.2633E-11
CALSDV   53   26  0.2630E-11  0.2629E-11
CALSDV   54   26  0.2679E-11  0.2679E-11
CALSDV   55   26  0.2672E-11  0.2672E-11
CALSDV   56   26  0.2715E-11  0.2715E-11
CALSDV   57   26  0.2688E-11  0.2688E-11
CALSDV   58   26  0.2739E-11  0.2740E-11
CALSDV   59   26  0.2744E-11  0.2744E-11
CALSDV   60   26  0.2790E-11  0.2790E-11
CALSDV   27   27  0.3677E-11  0.3671E-11
CALSDV   28   27  0.4963E-11  0.4960E-11
CALSDV   29   27  0.4505E-11  0.4485E-11
CALSDV   30   27  0.2642E-11  0.2632E-11
CALSDV   31   27  0.3774E-11  0.3759E-11
CALSDV   32   27  0.2981E-11  0.2974E-11
CALSDV   33   27  0.2816E-11  0.2805E-11
CALSDV   34   27  0.3124E-11  0.3121E-11
CALSDV   35   27  0.2401E-11  0.2400E-11
CALSDV   36   27  0.2959E-11  0.2959E-11
CALSDV   37   27  0.2445E-11  0.2446E-11
CALSDV   38   27  0.2715E-11  0.2716E-11
CALSDV   39   27  0.2632E-11  0.2634E-11
CALSDV   40   27  0.2527E-11  0.2528E-11
CALSDV   41   27  0.2804E-11  0.2805E-11
CALSDV   42   27  0.2444E-11  0.2446E-11
CALSDV   43   27  0.2920E-11  0.2919E-11
CALSDV   44   27  0.2457E-11  0.2458E-11
CALSDV   45   27  0.2984E-11  0.2983E-11
CALSDV   46   27  0.2527E-11  0.2528E-11
CALSDV   47   27  0.3010E-11  0.3008E-11
CALSDV   48   27  0.2620E-11  0.2621E-11
CALSDV   49   27  0.3008E-11  0.3006E-11
CALSDV   50   27  0.2712E-11  0.2712E-11
CALSDV   51   27  0.2987E-11  0.2985E-11
CALSDV   52   27  0.2789E-11  0.2788E-11
CALSDV   53   27  0.2951E-11  0.2950E-11
CALSDV   54   27  0.2840E-11  0.2840E-11
CALSDV   55   27  0.2902E-11  0.2901E-11
CALSDV   56   27  0.2865E-11  0.2865E-11
CALSDV   57   27  0.2843E-11  0.2842E-11
CALSDV   58   27  0.2866E-11  0.2865E-11
CALSDV   59   27  0.2839E-11  0.2839E-11
CALSDV   60   27  0.2883E-11  0.2884E-11
CALSDV   28   28  0.3849E-11  0.3849E-11
CALSDV   29   28  0.4967E-11  0.4962E-11
CALSDV   30   28  0.4475E-11  0.4471E-11
CALSDV   31   28  0.2810E-11  0.2813E-11
CALSDV   32   28  0.3834E-11  0.3831E-11
CALSDV   33   28  0.3202E-11  0.3209E-11
CALSDV   34   28  0.3004E-11  0.3005E-11
CALSDV   35   28  0.3268E-11  0.3275E-11
CALSDV   36   28  0.2581E-11  0.2581E-11
CALSDV   37   28  0.2994E-11  0.3001E-11
CALSDV   38   28  0.2469E-11  0.2469E-11
CALSDV   39   28  0.2648E-11  0.2655E-11
CALSDV   40   28  0.2477E-11  0.2475E-11
CALSDV   41   28  0.2398E-11  0.2403E-11
CALSDV   42   28  0.2512E-11  0.2508E-11
CALSDV   43   28  0.2303E-11  0.2307E-11
CALSDV   44   28  0.2550E-11  0.2546E-11
CALSDV   45   28  0.2343E-11  0.2346E-11
CALSDV   46   28  0.2593E-11  0.2590E-11
CALSDV   47   28  0.2455E-11  0.2457E-11
CALSDV   48   28  0.2645E-11  0.2642E-11
CALSDV   49   28  0.2588E-11  0.2590E-11
CALSDV   50   28  0.2703E-11  0.2700E-11
CALSDV   51   28  0.2708E-11  0.2708E-11
CALSDV   52   28  0.2763E-11  0.2761E-11
CALSDV   53   28  0.2795E-11  0.2795E-11
CALSDV   54   28  0.2817E-11  0.2815E-11
CALSDV   55   28  0.2841E-11  0.2839E-11
CALSDV   56   28  0.2856E-11  0.2854E-11
CALSDV   57   28  0.2844E-11  0.2842E-11
CALSDV   58   28  0.2874E-11  0.2872E-11
CALSDV   59   28  0.2866E-11  0.2865E-11
CALSDV   60   28  0.2900E-11  0.2899E-11
CALSDV   29   29  0.3513E-11  0.3497E-11
CALSDV   30   29  0.5227E-11  0.5222E-11
CALSDV   31   29  0.4726E-11  0.4739E-11
CALSDV   32   29  0.2936E-11  0.2929E-11
CALSDV   33   29  0.3983E-11  0.3991E-11
CALSDV   34   29  0.3271E-11  0.3263E-11
CALSDV   35   29  0.2996E-11  0.2998E-11
CALSDV   36   29  0.3358E-11  0.3354E-11
CALSDV   37   29  0.2558E-11  0.2554E-11
CALSDV   38   29  0.3137E-11  0.3136E-11
CALSDV   39   29  0.2566E-11  0.2565E-11
CALSDV   40   29  0.2868E-11  0.2869E-11
CALSDV   41   29  0.2722E-11  0.2725E-11
CALSDV   42   29  0.2697E-11  0.2701E-11
CALSDV   43   29  0.2872E-11  0.2879E-11
CALSDV   44   29  0.2664E-11  0.2666E-11
CALSDV   45   29  0.2977E-11  0.2987E-11
CALSDV   46   29  0.2731E-11  0.2734E-11
CALSDV   47   29  0.3040E-11  0.3053E-11
CALSDV   48   29  0.2844E-11  0.2845E-11
CALSDV   49   29  0.3074E-11  0.3085E-11
CALSDV   50   29  0.2958E-11  0.2958E-11
CALSDV   51   29  0.3082E-11  0.3092E-11
CALSDV   52   29  0.3048E-11  0.3047E-11
CALSDV   53   29  0.3069E-11  0.3076E-11
CALSDV   54   29  0.3102E-11  0.3098E-11
CALSDV   55   29  0.3034E-11  0.3038E-11
CALSDV   56   29  0.3109E-11  0.3106E-11
CALSDV   57   29  0.2974E-11  0.2975E-11
CALSDV   58   29  0.3074E-11  0.3071E-11
CALSDV   59   29  0.2945E-11  0.2947E-11
CALSDV   60   29  0.3040E-11  0.3038E-11
CALSDV   30   30  0.4497E-11  0.4490E-11
CALSDV   31   30  0.5303E-11  0.5309E-11
CALSDV   32   30  0.4780E-11  0.4786E-11
CALSDV   33   30  0.2966E-11  0.2970E-11
CALSDV   34   30  0.4004E-11  0.4004E-11
CALSDV   35   30  0.3349E-11  0.3354E-11
CALSDV   36   30  0.3189E-11  0.3188E-11
CALSDV   37   30  0.3426E-11  0.3428E-11
CALSDV   38   30  0.2878E-11  0.2879E-11
CALSDV   39   30  0.3157E-11  0.3159E-11
CALSDV   40   30  0.2864E-11  0.2866E-11
CALSDV   41   30  0.2831E-11  0.2831E-11
CALSDV   42   30  0.2917E-11  0.2917E-11
CALSDV   43   30  0.2621E-11  0.2622E-11
CALSDV   44   30  0.2955E-11  0.2956E-11
CALSDV   45   30  0.2576E-11  0.2577E-11
CALSDV   46   30  0.2974E-11  0.2977E-11
CALSDV   47   30  0.2654E-11  0.2654E-11
CALSDV   48   30  0.2990E-11  0.2992E-11
CALSDV   49   30  0.2782E-11  0.2781E-11
CALSDV   50   30  0.3011E-11  0.3013E-11
CALSDV   51   30  0.2910E-11  0.2907E-11
CALSDV   52   30  0.3038E-11  0.3039E-11
CALSDV   53   30  0.3002E-11  0.2999E-11
CALSDV   54   30  0.3062E-11  0.3062E-11
CALSDV   55   30  0.3043E-11  0.3040E-11
CALSDV   56   30  0.3072E-11  0.3071E-11
CALSDV   57   30  0.3025E-11  0.3022E-11
CALSDV   58   30  0.3057E-11  0.3056E-11
CALSDV   59   30  0.3003E-11  0.3003E-11
CALSDV   60   30  0.3036E-11  0.3037E-11
CALSDV   31   31  0.3841E-11  0.3818E-11
CALSDV   32   31  0.5595E-11  0.5595E-11
CALSDV   33   31  0.4870E-11  0.4880E-11
CALSDV   34   31  0.3387E-11  0.3395E-11
CALSDV   35   31  0.4226E-11  0.4227E-11
CALSDV   36   31  0.3694E-11  0.3700E-11
CALSDV   37   31  0.3313E-11  0.3311E-11
CALSDV   38   31  0.3683E-11  0.3686E-11
CALSDV   39   31  0.2855E-11  0.2852E-11
CALSDV   40   31  0.3367E-11  0.3368E-11
CALSDV   41   31  0.2754E-11  0.2755E-11
CALSDV   42   31  0.3049E-11  0.3047E-11
CALSDV   43   31  0.2792E-11  0.2794E-11
CALSDV   44   31  0.2889E-11  0.2885E-11
CALSDV   45   31  0.2857E-11  0.2861E-11
CALSDV   46   31  0.2901E-11  0.2898E-11
CALSDV   47   31  0.2921E-11  0.2926E-11
CALSDV   48   31  0.3020E-11  0.3019E-11
CALSDV   49   31  0.2981E-11  0.2986E-11
CALSDV   50   31  0.3167E-11  0.3166E-11
CALSDV   51   31  0.3036E-11  0.3039E-11
CALSDV   52   31  0.3289E-11  0.3288E-11
CALSDV   53   31  0.3075E-11  0.3078E-11
CALSDV   54   31  0.3357E-11  0.3357E-11
CALSDV   55   31  0.3088E-11  0.3089E-11
CALSDV   56   31  0.3360E-11  0.3360E-11
CALSDV   57   31  0.3061E-11  0.3062E-11
CALSDV   58   31  0.3294E-11  0.3293E-11
CALSDV   59   31  0.3033E-11  0.3033E-11
CALSDV   60   31  0.3204E-11  0.3203E-11
CALSDV   32   32  0.3756E-11  0.3754E-11
CALSDV   33   32  0.5332E-11  0.5340E-11
CALSDV   34   32  0.4859E-11  0.4866E-11
CALSDV   35   32  0.3093E-11  0.3099E-11
CALSDV   36   32  0.4056E-11  0.4059E-11
CALSDV   37   32  0.3628E-11  0.3627E-11
CALSDV   38   32  0.3208E-11  0.3207E-11
CALSDV   39   32  0.3680E-11  0.3674E-11
CALSDV   40   32  0.2912E-11  0.2911E-11
CALSDV   41   32  0.3337E-11  0.3330E-11
CALSDV   42   32  0.2921E-11  0.2916E-11
CALSDV   43   32  0.2950E-11  0.2943E-11
CALSDV   44   32  0.2985E-11  0.2975E-11
CALSDV   45   32  0.2722E-11  0.2718E-11
CALSDV   46   32  0.3031E-11  0.3018E-11
CALSDV   47   32  0.2700E-11  0.2699E-11
CALSDV   48   32  0.3064E-11  0.3050E-11
CALSDV   49   32  0.2817E-11  0.2816E-11
CALSDV   50   32  0.3099E-11  0.3086E-11
CALSDV   51   32  0.2975E-11  0.2975E-11
CALSDV   52   32  0.3142E-11  0.3130E-11
CALSDV   53   32  0.3111E-11  0.3110E-11
CALSDV   54   32  0.3187E-11  0.3176E-11
CALSDV   55   32  0.3183E-11  0.3182E-11
CALSDV   56   32  0.3213E-11  0.3204E-11
CALSDV   57   32  0.3175E-11  0.3174E-11
CALSDV   58   32  0.3200E-11  0.3194E-11
CALSDV   59   32  0.3129E-11  0.3128E-11
CALSDV   60   32  0.3158E-11  0.3155E-11
CALSDV   33   33  0.3911E-11  0.3941E-11
CALSDV   34   33  0.5459E-11  0.5455E-11
CALSDV   35   33  0.5247E-11  0.5239E-11
CALSDV   36   33  0.3154E-11  0.3154E-11
CALSDV   37   33  0.4375E-11  0.4369E-11
CALSDV   38   33  0.3678E-11  0.3679E-11
CALSDV   39   33  0.3281E-11  0.3279E-11
CALSDV   40   33  0.3716E-11  0.3718E-11
CALSDV   41   33  0.2873E-11  0.2878E-11
CALSDV   42   33  0.3371E-11  0.3373E-11
CALSDV   43   33  0.2986E-11  0.2992E-11
CALSDV   44   33  0.3013E-11  0.3016E-11
CALSDV   45   33  0.3229E-11  0.3233E-11
CALSDV   46   33  0.2846E-11  0.2848E-11
CALSDV   47   33  0.3430E-11  0.3433E-11
CALSDV   48   33  0.2888E-11  0.2890E-11
CALSDV   49   33  0.3554E-11  0.3555E-11
CALSDV   50   33  0.3050E-11  0.3051E-11
CALSDV   51   33  0.3606E-11  0.3608E-11
CALSDV   52   33  0.3232E-11  0.3233E-11
CALSDV   53   33  0.3599E-11  0.3599E-11
CALSDV   54   33  0.3372E-11  0.3372E-11
CALSDV   55   33  0.3532E-11  0.3532E-11
CALSDV   56   33  0.3433E-11  0.3432E-11
CALSDV   57   33  0.3405E-11  0.3403E-11
CALSDV   58   33  0.3402E-11  0.3401E-11
CALSDV   59   33  0.3260E-11  0.3259E-11
CALSDV   60   33  0.3305E-11  0.3304E-11
CALSDV   34   34  0.3603E-11  0.3602E-11
CALSDV   35   34  0.5421E-11  0.5416E-11
CALSDV   36   34  0.5048E-11  0.5056E-11
CALSDV   37   34  0.3200E-11  0.3192E-11
CALSDV   38   34  0.4180E-11  0.4184E-11
CALSDV   39   34  0.3876E-11  0.3865E-11
CALSDV   40   34  0.3317E-11  0.3316E-11
CALSDV   41   34  0.3941E-11  0.3930E-11
CALSDV   42   34  0.3045E-11  0.3040E-11
CALSDV   43   34  0.3586E-11  0.3573E-11
CALSDV   44   34  0.3060E-11  0.3049E-11
CALSDV   45   34  0.3207E-11  0.3199E-11
CALSDV   46   34  0.3108E-11  0.3097E-11
CALSDV   47   34  0.3019E-11  0.3013E-11
CALSDV   48   34  0.3141E-11  0.3129E-11
CALSDV   49   34  0.3036E-11  0.3032E-11
CALSDV   50   34  0.3174E-11  0.3164E-11
CALSDV   51   34  0.3167E-11  0.3164E-11
CALSDV   52   34  0.3225E-11  0.3217E-11
CALSDV   53   34  0.3307E-11  0.3306E-11
CALSDV   54   34  0.3287E-11  0.3281E-11
CALSDV   55   34  0.3389E-11  0.3386E-11
CALSDV   56   34  0.3336E-11  0.3332E-11
CALSDV   57   34  0.3371E-11  0.3369E-11
CALSDV   58   34  0.3337E-11  0.3335E-11
CALSDV   59   34  0.3281E-11  0.3281E-11
CALSDV   60   34  0.3279E-11  0.3278E-11
CALSDV   35   35  0.3899E-11  0.3870E-11
CALSDV   36   35  0.5600E-11  0.5611E-11
CALSDV   37   35  0.5570E-11  0.5575E-11
CALSDV   38   35  0.3303E-11  0.3308E-11
CALSDV   39   35  0.4618E-11  0.4622E-11
CALSDV   40   35  0.3912E-11  0.3915E-11
CALSDV   41   35  0.3473E-11  0.3473E-11
CALSDV   42   35  0.3921E-11  0.3920E-11
CALSDV   43   35  0.3069E-11  0.3067E-11
CALSDV   44   35  0.3536E-11  0.3536E-11
CALSDV   45   35  0.3187E-11  0.3187E-11
CALSDV   46   35  0.3184E-11  0.3186E-11
CALSDV   47   35  0.3425E-11  0.3428E-11
CALSDV   48   35  0.3075E-11  0.3079E-11
CALSDV   49   35  0.3615E-11  0.3619E-11
CALSDV   50   35  0.3185E-11  0.3189E-11
CALSDV   51   35  0.3725E-11  0.3729E-11
CALSDV   52   35  0.3386E-11  0.3390E-11
CALSDV   53   35  0.3756E-11  0.3762E-11
CALSDV   54   35  0.3563E-11  0.3566E-11
CALSDV   55   35  0.3713E-11  0.3717E-11
CALSDV   56   35  0.3650E-11  0.3653E-11
CALSDV   57   35  0.3585E-11  0.3587E-11
CALSDV   58   35  0.3615E-11  0.3617E-11
CALSDV   59   35  0.3403E-11  0.3406E-11
CALSDV   60   35  0.3471E-11  0.3473E-11
CALSDV   36   36  0.3755E-11  0.3748E-11
CALSDV   37   36  0.5580E-11  0.5578E-11
CALSDV   38   36  0.5342E-11  0.5332E-11
CALSDV   39   36  0.3369E-11  0.3364E-11
CALSDV   40   36  0.4369E-11  0.4362E-11
CALSDV   41   36  0.4132E-11  0.4129E-11
CALSDV   42   36  0.3474E-11  0.3472E-11
CALSDV   43   36  0.4202E-11  0.4197E-11
CALSDV   44   36  0.3241E-11  0.3242E-11
CALSDV   45   36  0.3851E-11  0.3851E-11
CALSDV   46   36  0.3292E-11  0.3293E-11
CALSDV   47   36  0.3520E-11  0.3522E-11
CALSDV   48   36  0.3359E-11  0.3361E-11
CALSDV   49   36  0.3400E-11  0.3399E-11
CALSDV   50   36  0.3401E-11  0.3404E-11
CALSDV   51   36  0.3457E-11  0.3457E-11
CALSDV   52   36  0.3443E-11  0.3445E-11
CALSDV   53   36  0.3578E-11  0.3575E-11
CALSDV   54   36  0.3495E-11  0.3496E-11
CALSDV   55   36  0.3651E-11  0.3648E-11
CALSDV   56   36  0.3537E-11  0.3537E-11
CALSDV   57   36  0.3611E-11  0.3609E-11
CALSDV   58   36  0.3526E-11  0.3525E-11
CALSDV   59   36  0.3462E-11  0.3460E-11
CALSDV   60   36  0.3430E-11  0.3429E-11
CALSDV   37   37  0.3636E-11  0.3618E-11
CALSDV   38   37  0.5773E-11  0.5775E-11
CALSDV   39   37  0.5890E-11  0.5886E-11
CALSDV   40   37  0.3507E-11  0.3514E-11
CALSDV   41   37  0.4842E-11  0.4843E-11
CALSDV   42   37  0.4174E-11  0.4174E-11
CALSDV   43   37  0.3649E-11  0.3649E-11
CALSDV   44   37  0.4119E-11  0.4117E-11
CALSDV   45   37  0.3246E-11  0.3247E-11
CALSDV   46   37  0.3673E-11  0.3674E-11
CALSDV   47   37  0.3357E-11  0.3360E-11
CALSDV   48   37  0.3323E-11  0.3325E-11
CALSDV   49   37  0.3573E-11  0.3578E-11
CALSDV   50   37  0.3273E-11  0.3276E-11
CALSDV   51   37  0.3741E-11  0.3747E-11
CALSDV   52   37  0.3445E-11  0.3447E-11
CALSDV   53   37  0.3831E-11  0.3835E-11
CALSDV   54   37  0.3666E-11  0.3668E-11
CALSDV   55   37  0.3835E-11  0.3837E-11
CALSDV   56   37  0.3807E-11  0.3809E-11
CALSDV   57   37  0.3734E-11  0.3735E-11
CALSDV   58   37  0.3799E-11  0.3801E-11
CALSDV   59   37  0.3537E-11  0.3538E-11
CALSDV   60   37  0.3630E-11  0.3631E-11
CALSDV   38   38  0.3833E-11  0.3825E-11
CALSDV   39   38  0.5743E-11  0.5738E-11
CALSDV   40   38  0.5601E-11  0.5620E-11
CALSDV   41   38  0.3559E-11  0.3560E-11
CALSDV   42   38  0.4535E-11  0.4552E-11
CALSDV   43   38  0.4370E-11  0.4371E-11
CALSDV   44   38  0.3632E-11  0.3640E-11
CALSDV   45   38  0.4413E-11  0.4407E-11
CALSDV   46   38  0.3440E-11  0.3442E-11
CALSDV   47   38  0.4071E-11  0.4059E-11
CALSDV   48   38  0.3511E-11  0.3510E-11
CALSDV   49   38  0.3802E-11  0.3787E-11
CALSDV   50   38  0.3581E-11  0.3579E-11
CALSDV   51   38  0.3753E-11  0.3740E-11
CALSDV   52   38  0.3627E-11  0.3627E-11
CALSDV   53   38  0.3839E-11  0.3827E-11
CALSDV   54   38  0.3672E-11  0.3676E-11
CALSDV   55   38  0.3911E-11  0.3904E-11
CALSDV   56   38  0.3714E-11  0.3717E-11
CALSDV   57   38  0.3860E-11  0.3855E-11
CALSDV   58   38  0.3702E-11  0.3706E-11
CALSDV   59   38  0.3653E-11  0.3654E-11
CALSDV   60   38  0.3576E-11  0.3582E-11
CALSDV   39   39  0.3720E-11  0.3741E-11
CALSDV   40   39  0.5948E-11  0.5942E-11
CALSDV   41   39  0.6221E-11  0.6234E-11
CALSDV   42   39  0.3774E-11  0.3771E-11
CALSDV   43   39  0.5060E-11  0.5067E-11
CALSDV   44   39  0.4459E-11  0.4459E-11
CALSDV   45   39  0.3818E-11  0.3815E-11
CALSDV   46   39  0.4316E-11  0.4308E-11
CALSDV   47   39  0.3449E-11  0.3447E-11
CALSDV   48   39  0.3804E-11  0.3799E-11
CALSDV   49   39  0.3599E-11  0.3599E-11
CALSDV   50   39  0.3469E-11  0.3472E-11
CALSDV   51   39  0.3829E-11  0.3829E-11
CALSDV   52   39  0.3495E-11  0.3501E-11
CALSDV   53   39  0.3985E-11  0.3985E-11
CALSDV   54   39  0.3722E-11  0.3726E-11
CALSDV   55   39  0.4031E-11  0.4030E-11
CALSDV   56   39  0.3929E-11  0.3930E-11
CALSDV   57   39  0.3943E-11  0.3940E-11
CALSDV   58   39  0.3973E-11  0.3970E-11
CALSDV   59   39  0.3709E-11  0.3708E-11
CALSDV   60   39  0.3793E-11  0.3792E-11
CALSDV   40   40  0.4069E-11  0.4055E-11
CALSDV   41   40  0.6011E-11  0.6011E-11
CALSDV   42   40  0.6155E-11  0.6164E-11
CALSDV   43   40  0.3864E-11  0.3857E-11
CALSDV   44   40  0.4907E-11  0.4911E-11
CALSDV   45   40  0.4680E-11  0.4675E-11
CALSDV   46   40  0.3854E-11  0.3850E-11
CALSDV   47   40  0.4700E-11  0.4702E-11
CALSDV   48   40  0.3737E-11  0.3736E-11
CALSDV   49   40  0.4405E-11  0.4407E-11
CALSDV   50   40  0.3974E-11  0.3977E-11
CALSDV   51   40  0.4225E-11  0.4232E-11
CALSDV   52   40  0.4174E-11  0.4176E-11
CALSDV   53   40  0.4232E-11  0.4234E-11
CALSDV   54   40  0.4267E-11  0.4266E-11
CALSDV   55   40  0.4270E-11  0.4270E-11
CALSDV   56   40  0.4258E-11  0.4256E-11
CALSDV   57   40  0.4182E-11  0.4185E-11
CALSDV   58   40  0.4137E-11  0.4134E-11
CALSDV   59   40  0.3895E-11  0.3892E-11
CALSDV   60   40  0.3865E-11  0.3862E-11
CALSDV   41   41  0.4017E-11  0.4020E-11
CALSDV   42   41  0.6177E-11  0.6180E-11
CALSDV   43   41  0.6612E-11  0.6617E-11
CALSDV   44   41  0.4169E-11  0.4167E-11
CALSDV   45   41  0.5280E-11  0.5283E-11
CALSDV   46   41  0.4868E-11  0.4864E-11
CALSDV   47   41  0.3998E-11  0.3994E-11
CALSDV   48   41  0.4618E-11  0.4613E-11
CALSDV   49   41  0.3720E-11  0.3719E-11
CALSDV   50   41  0.4051E-11  0.4044E-11
CALSDV   51   41  0.3942E-11  0.3943E-11
CALSDV   52   41  0.3755E-11  0.3748E-11
CALSDV   53   41  0.4177E-11  0.4179E-11
CALSDV   54   41  0.3843E-11  0.3834E-11
CALSDV   55   41  0.4278E-11  0.4278E-11
CALSDV   56   41  0.4059E-11  0.4052E-11
CALSDV   57   41  0.4199E-11  0.4198E-11
CALSDV   58   41  0.4150E-11  0.4147E-11
CALSDV   59   41  0.3913E-11  0.3915E-11
CALSDV   60   41  0.3968E-11  0.3967E-11
CALSDV   42   42  0.4297E-11  0.4308E-11
CALSDV   43   42  0.6321E-11  0.6345E-11
CALSDV   44   42  0.6907E-11  0.6885E-11
CALSDV   45   42  0.4241E-11  0.4262E-11
CALSDV   46   42  0.5376E-11  0.5369E-11
CALSDV   47   42  0.4985E-11  0.4996E-11
CALSDV   48   42  0.4085E-11  0.4084E-11
CALSDV   49   42  0.4922E-11  0.4923E-11
CALSDV   50   42  0.4093E-11  0.4094E-11
CALSDV   51   42  0.4620E-11  0.4615E-11
CALSDV   52   42  0.4559E-11  0.4560E-11
CALSDV   53   42  0.4488E-11  0.4484E-11
CALSDV   54   42  0.4872E-11  0.4875E-11
CALSDV   55   42  0.4496E-11  0.4494E-11
CALSDV   56   42  0.4923E-11  0.4923E-11
CALSDV   57   42  0.4421E-11  0.4422E-11
CALSDV   58   42  0.4708E-11  0.4710E-11
CALSDV   59   42  0.4100E-11  0.4104E-11
CALSDV   60   42  0.4240E-11  0.4244E-11
CALSDV   43   43  0.4338E-11  0.4315E-11
CALSDV   44   43  0.6396E-11  0.6373E-11
CALSDV   45   43  0.7032E-11  0.7035E-11
CALSDV   46   43  0.4525E-11  0.4508E-11
CALSDV   47   43  0.5473E-11  0.5480E-11
CALSDV   48   43  0.5185E-11  0.5178E-11
CALSDV   49   43  0.4187E-11  0.4181E-11
CALSDV   50   43  0.4817E-11  0.4814E-11
CALSDV   51   43  0.4070E-11  0.4062E-11
CALSDV   52   43  0.4230E-11  0.4227E-11
CALSDV   53   43  0.4381E-11  0.4376E-11
CALSDV   54   43  0.4026E-11  0.4021E-11
CALSDV   55   43  0.4578E-11  0.4575E-11
CALSDV   56   43  0.4173E-11  0.4168E-11
CALSDV   57   43  0.4522E-11  0.4519E-11
CALSDV   58   43  0.4310E-11  0.4305E-11
CALSDV   59   43  0.4170E-11  0.4166E-11
CALSDV   60   43  0.4146E-11  0.4143E-11
CALSDV   44   44  0.4433E-11  0.4447E-11
CALSDV   45   44  0.6728E-11  0.6720E-11
CALSDV   46   44  0.7410E-11  0.7396E-11
CALSDV   47   44  0.4727E-11  0.4709E-11
CALSDV   48   44  0.5647E-11  0.5642E-11
CALSDV   49   44  0.5392E-11  0.5376E-11
CALSDV   50   44  0.4303E-11  0.4296E-11
CALSDV   51   44  0.5255E-11  0.5244E-11
CALSDV   52   44  0.4443E-11  0.4437E-11
CALSDV   53   44  0.4960E-11  0.4948E-11
CALSDV   54   44  0.4975E-11  0.4966E-11
CALSDV   55   44  0.4827E-11  0.4820E-11
CALSDV   56   44  0.5221E-11  0.5217E-11
CALSDV   57   44  0.4711E-11  0.4708E-11
CALSDV   58   44  0.5075E-11  0.5072E-11
CALSDV   59   44  0.4344E-11  0.4338E-11
CALSDV   60   44  0.4536E-11  0.4532E-11
CALSDV   45   45  0.5228E-11  0.5285E-11
CALSDV   46   45  0.6764E-11  0.6724E-11
CALSDV   47   45  0.7605E-11  0.7596E-11
CALSDV   48   45  0.4903E-11  0.4887E-11
CALSDV   49   45  0.5725E-11  0.5732E-11
CALSDV   50   45  0.5525E-11  0.5493E-11
CALSDV   51   45  0.4609E-11  0.4623E-11
CALSDV   52   45  0.5144E-11  0.5094E-11
CALSDV   53   45  0.4830E-11  0.4844E-11
CALSDV   54   45  0.4653E-11  0.4599E-11
CALSDV   55   45  0.5185E-11  0.5197E-11
CALSDV   56   45  0.4532E-11  0.4496E-11
CALSDV   57   45  0.5131E-11  0.5141E-11
CALSDV   58   45  0.4580E-11  0.4568E-11
CALSDV   59   45  0.4601E-11  0.4602E-11
CALSDV   60   45  0.4373E-11  0.4370E-11
CALSDV   46   46  0.4986E-11  0.5047E-11
CALSDV   47   46  0.7477E-11  0.7478E-11
CALSDV   48   46  0.7805E-11  0.7879E-11
CALSDV   49   46  0.5529E-11  0.5556E-11
CALSDV   50   46  0.6050E-11  0.6068E-11
CALSDV   51   46  0.6094E-11  0.6117E-11
CALSDV   52   46  0.4770E-11  0.4781E-11
CALSDV   53   46  0.5854E-11  0.5883E-11
CALSDV   54   46  0.4855E-11  0.4851E-11
CALSDV   55   46  0.5455E-11  0.5483E-11
CALSDV   56   46  0.5212E-11  0.5194E-11
CALSDV   57   46  0.5137E-11  0.5144E-11
CALSDV   58   46  0.5223E-11  0.5198E-11
CALSDV   59   46  0.4631E-11  0.4640E-11
CALSDV   60   46  0.4727E-11  0.4725E-11
CALSDV   47   47  0.7586E-11  0.7762E-11
CALSDV   48   47  0.7019E-11  0.6992E-11
CALSDV   49   47  0.8146E-11  0.8199E-11
CALSDV   50   47  0.5332E-11  0.5330E-11
CALSDV   51   47  0.5751E-11  0.5745E-11
CALSDV   52   47  0.5847E-11  0.5833E-11
CALSDV   53   47  0.4819E-11  0.4809E-11
CALSDV   54   47  0.5355E-11  0.5395E-11
CALSDV   55   47  0.5205E-11  0.5194E-11
CALSDV   56   47  0.4915E-11  0.4989E-11
CALSDV   57   47  0.5404E-11  0.5379E-11
CALSDV   58   47  0.4847E-11  0.4852E-11
CALSDV   59   47  0.4918E-11  0.4901E-11
CALSDV   60   47  0.4618E-11  0.4601E-11
CALSDV   48   48  0.5852E-11  0.5904E-11
CALSDV   49   48  0.7449E-11  0.7458E-11
CALSDV   50   48  0.8298E-11  0.8284E-11
CALSDV   51   48  0.5461E-11  0.5436E-11
CALSDV   52   48  0.5824E-11  0.5836E-11
CALSDV   53   48  0.5809E-11  0.5798E-11
CALSDV   54   48  0.4745E-11  0.4754E-11
CALSDV   55   48  0.5513E-11  0.5508E-11
CALSDV   56   48  0.5287E-11  0.5293E-11
CALSDV   57   48  0.5214E-11  0.5203E-11
CALSDV   58   48  0.5635E-11  0.5641E-11
CALSDV   59   48  0.4796E-11  0.4797E-11
CALSDV   60   48  0.5167E-11  0.5172E-11
CALSDV   49   49  0.6066E-11  0.5922E-11
CALSDV   50   49  0.7190E-11  0.7284E-11
CALSDV   51   49  0.9325E-11  0.9316E-11
CALSDV   52   49  0.5699E-11  0.5719E-11
CALSDV   53   49  0.5615E-11  0.5595E-11
CALSDV   54   49  0.6222E-11  0.6244E-11
CALSDV   55   49  0.5136E-11  0.5103E-11
CALSDV   56   49  0.5809E-11  0.5832E-11
CALSDV   57   49  0.5280E-11  0.5291E-11
CALSDV   58   49  0.5413E-11  0.5435E-11
CALSDV   59   49  0.5096E-11  0.5108E-11
CALSDV   60   49  0.4962E-11  0.4984E-11
CALSDV   50   50  0.6789E-11  0.6842E-11
CALSDV   51   50  0.8783E-11  0.8800E-11
CALSDV   52   50  0.9873E-11  0.9776E-11
CALSDV   53   50  0.6967E-11  0.6992E-11
CALSDV   54   50  0.5787E-11  0.5746E-11
CALSDV   55   50  0.6250E-11  0.6291E-11
CALSDV   56   50  0.5201E-11  0.5163E-11
CALSDV   57   50  0.6222E-11  0.6263E-11
CALSDV   58   50  0.5649E-11  0.5639E-11
CALSDV   59   50  0.5319E-11  0.5330E-11
CALSDV   60   50  0.5448E-11  0.5443E-11
CALSDV   51   51  0.6293E-11  0.6244E-11
CALSDV   52   51  0.8999E-11  0.9021E-11
CALSDV   53   51  0.9753E-11  0.9758E-11
CALSDV   54   51  0.7567E-11  0.7577E-11
CALSDV   55   51  0.6391E-11  0.6406E-11
CALSDV   56   51  0.6928E-11  0.6929E-11
CALSDV   57   51  0.5520E-11  0.5520E-11
CALSDV   58   51  0.6932E-11  0.6938E-11
CALSDV   59   51  0.5807E-11  0.5803E-11
CALSDV   60   51  0.5690E-11  0.5686E-11
CALSDV   52   52  0.6543E-11  0.6521E-11
CALSDV   53   52  0.9207E-11  0.9194E-11
CALSDV   54   52  0.1014E-10  0.1015E-10
CALSDV   55   52  0.7537E-11  0.7548E-11
CALSDV   56   52  0.6356E-11  0.6380E-11
CALSDV   57   52  0.7029E-11  0.7035E-11
CALSDV   58   52  0.5506E-11  0.5517E-11
CALSDV   59   52  0.6257E-11  0.6269E-11
CALSDV   60   52  0.5946E-11  0.5952E-11
CALSDV   53   53  0.6257E-11  0.5921E-11
CALSDV   54   53  0.9463E-11  0.9501E-11
CALSDV   55   53  0.9714E-11  0.9761E-11
CALSDV   56   53  0.8188E-11  0.8194E-11
CALSDV   57   53  0.6800E-11  0.6775E-11
CALSDV   58   53  0.7820E-11  0.7808E-11
CALSDV   59   53  0.6221E-11  0.6216E-11
CALSDV   60   53  0.6831E-11  0.6793E-11
CALSDV   54   54  0.6261E-11  0.6002E-11
CALSDV   55   54  0.8721E-11  0.8733E-11
CALSDV   56   54  0.9977E-11  0.1001E-10
CALSDV   57   54  0.8556E-11  0.8573E-11
CALSDV   58   54  0.6762E-11  0.6707E-11
CALSDV   59   54  0.7347E-11  0.7292E-11
CALSDV   60   54  0.6299E-11  0.6260E-11
CALSDV   55   55  0.6975E-11  0.6961E-11
CALSDV   56   55  0.9104E-11  0.9114E-11
CALSDV   57   55  0.1046E-10  0.1048E-10
CALSDV   58   55  0.9150E-11  0.9170E-11
CALSDV   59   55  0.7817E-11  0.7828E-11
CALSDV   60   55  0.8036E-11  0.8045E-11
CALSDV   56   56  0.6773E-11  0.6750E-11
CALSDV   57   56  0.8359E-11  0.8347E-11
CALSDV   58   56  0.1122E-10  0.1120E-10
CALSDV   59   56  0.9716E-11  0.9736E-11
CALSDV   60   56  0.8192E-11  0.8185E-11
CALSDV   57   57  0.7817E-11  0.7786E-11
CALSDV   58   57  0.8690E-11  0.8690E-11
CALSDV   59   57  0.1129E-10  0.1129E-10
CALSDV   60   57  0.1005E-10  0.1009E-10
CALSDV   58   58  0.6877E-11  0.7020E-11
CALSDV   59   58  0.5974E-11  0.6022E-11
CALSDV   60   58  0.1265E-10  0.1259E-10
CALSDV   59   59  0.6273E-11  0.6342E-11
CALSDV   60   59  0.6370E-11  0.6471E-11
CALSDV   60   60  0.1141E-10  0.1147E-10
