  This file contains calibrated standard deviations 
       The relevant data lines start with key CALSDV 
       Each such line contains the following data 
           N   M   C_SIGMA   S_SIGMA 
                 FOR M=0 S_SIGMA=0.0 
     
CALSDV    0    0  0.0000E+00  0.0000E+00
CALSDV    1    0  0.0000E+00  0.0000E+00
CALSDV    2    0  0.6487E-10  0.0000E+00
CALSDV    3    0  0.9391E-11  0.0000E+00
CALSDV    4    0  0.3759E-11  0.0000E+00
CALSDV    5    0  0.2517E-11  0.0000E+00
CALSDV    6    0  0.1933E-11  0.0000E+00
CALSDV    7    0  0.1554E-11  0.0000E+00
CALSDV    8    0  0.1316E-11  0.0000E+00
CALSDV    9    0  0.1144E-11  0.0000E+00
CALSDV   10    0  0.1020E-11  0.0000E+00
CALSDV   11    0  0.9240E-12  0.0000E+00
CALSDV   12    0  0.8525E-12  0.0000E+00
CALSDV   13    0  0.7960E-12  0.0000E+00
CALSDV   14    0  0.7515E-12  0.0000E+00
CALSDV   15    0  0.7159E-12  0.0000E+00
CALSDV   16    0  0.6881E-12  0.0000E+00
CALSDV   17    0  0.6655E-12  0.0000E+00
CALSDV   18    0  0.6478E-12  0.0000E+00
CALSDV   19    0  0.6340E-12  0.0000E+00
CALSDV   20    0  0.6239E-12  0.0000E+00
CALSDV   21    0  0.6166E-12  0.0000E+00
CALSDV   22    0  0.6118E-12  0.0000E+00
CALSDV   23    0  0.6096E-12  0.0000E+00
CALSDV   24    0  0.6093E-12  0.0000E+00
CALSDV   25    0  0.6109E-12  0.0000E+00
CALSDV   26    0  0.6144E-12  0.0000E+00
CALSDV   27    0  0.6194E-12  0.0000E+00
CALSDV   28    0  0.6261E-12  0.0000E+00
CALSDV   29    0  0.6345E-12  0.0000E+00
CALSDV   30    0  0.6444E-12  0.0000E+00
CALSDV   31    0  0.6557E-12  0.0000E+00
CALSDV   32    0  0.6685E-12  0.0000E+00
CALSDV   33    0  0.6828E-12  0.0000E+00
CALSDV   34    0  0.6985E-12  0.0000E+00
CALSDV   35    0  0.7159E-12  0.0000E+00
CALSDV   36    0  0.7347E-12  0.0000E+00
CALSDV   37    0  0.7552E-12  0.0000E+00
CALSDV   38    0  0.7774E-12  0.0000E+00
CALSDV   39    0  0.8012E-12  0.0000E+00
CALSDV   40    0  0.8268E-12  0.0000E+00
CALSDV   41    0  0.8543E-12  0.0000E+00
CALSDV   42    0  0.8837E-12  0.0000E+00
CALSDV   43    0  0.9151E-12  0.0000E+00
CALSDV   44    0  0.9486E-12  0.0000E+00
CALSDV   45    0  0.9843E-12  0.0000E+00
CALSDV   46    0  0.1022E-11  0.0000E+00
CALSDV   47    0  0.1063E-11  0.0000E+00
CALSDV   48    0  0.1106E-11  0.0000E+00
CALSDV   49    0  0.1152E-11  0.0000E+00
CALSDV   50    0  0.1201E-11  0.0000E+00
CALSDV   51    0  0.1253E-11  0.0000E+00
CALSDV   52    0  0.1308E-11  0.0000E+00
CALSDV   53    0  0.1366E-11  0.0000E+00
CALSDV   54    0  0.1428E-11  0.0000E+00
CALSDV   55    0  0.1493E-11  0.0000E+00
CALSDV   56    0  0.1563E-11  0.0000E+00
CALSDV   57    0  0.1630E-11  0.0000E+00
CALSDV   58    0  0.1704E-11  0.0000E+00
CALSDV   59    0  0.1618E-11  0.0000E+00
CALSDV   60    0  0.1676E-11  0.0000E+00
CALSDV    1    1  0.0000E+00  0.0000E+00
CALSDV    2    1  0.2727E-10  0.2870E-10
CALSDV    3    1  0.7729E-11  0.7775E-11
CALSDV    4    1  0.3966E-11  0.3973E-11
CALSDV    5    1  0.2680E-11  0.2689E-11
CALSDV    6    1  0.2013E-11  0.2018E-11
CALSDV    7    1  0.1616E-11  0.1619E-11
CALSDV    8    1  0.1353E-11  0.1356E-11
CALSDV    9    1  0.1173E-11  0.1175E-11
CALSDV   10    1  0.1040E-11  0.1042E-11
CALSDV   11    1  0.9418E-12  0.9433E-12
CALSDV   12    1  0.8661E-12  0.8672E-12
CALSDV   13    1  0.8072E-12  0.8084E-12
CALSDV   14    1  0.7606E-12  0.7616E-12
CALSDV   15    1  0.7239E-12  0.7246E-12
CALSDV   16    1  0.6944E-12  0.6952E-12
CALSDV   17    1  0.6710E-12  0.6719E-12
CALSDV   18    1  0.6528E-12  0.6535E-12
CALSDV   19    1  0.6382E-12  0.6392E-12
CALSDV   20    1  0.6278E-12  0.6285E-12
CALSDV   21    1  0.6201E-12  0.6208E-12
CALSDV   22    1  0.6149E-12  0.6157E-12
CALSDV   23    1  0.6123E-12  0.6130E-12
CALSDV   24    1  0.6118E-12  0.6126E-12
CALSDV   25    1  0.6133E-12  0.6141E-12
CALSDV   26    1  0.6164E-12  0.6172E-12
CALSDV   27    1  0.6215E-12  0.6223E-12
CALSDV   28    1  0.6281E-12  0.6289E-12
CALSDV   29    1  0.6362E-12  0.6370E-12
CALSDV   30    1  0.6460E-12  0.6468E-12
CALSDV   31    1  0.6572E-12  0.6581E-12
CALSDV   32    1  0.6699E-12  0.6708E-12
CALSDV   33    1  0.6841E-12  0.6851E-12
CALSDV   34    1  0.6998E-12  0.7007E-12
CALSDV   35    1  0.7171E-12  0.7181E-12
CALSDV   36    1  0.7358E-12  0.7369E-12
CALSDV   37    1  0.7563E-12  0.7573E-12
CALSDV   38    1  0.7783E-12  0.7795E-12
CALSDV   39    1  0.8021E-12  0.8033E-12
CALSDV   40    1  0.8277E-12  0.8289E-12
CALSDV   41    1  0.8551E-12  0.8564E-12
CALSDV   42    1  0.8844E-12  0.8857E-12
CALSDV   43    1  0.9158E-12  0.9172E-12
CALSDV   44    1  0.9492E-12  0.9507E-12
CALSDV   45    1  0.9849E-12  0.9864E-12
CALSDV   46    1  0.1023E-11  0.1025E-11
CALSDV   47    1  0.1063E-11  0.1065E-11
CALSDV   48    1  0.1107E-11  0.1108E-11
CALSDV   49    1  0.1152E-11  0.1154E-11
CALSDV   50    1  0.1201E-11  0.1203E-11
CALSDV   51    1  0.1253E-11  0.1255E-11
CALSDV   52    1  0.1308E-11  0.1310E-11
CALSDV   53    1  0.1366E-11  0.1368E-11
CALSDV   54    1  0.1428E-11  0.1431E-11
CALSDV   55    1  0.1493E-11  0.1495E-11
CALSDV   56    1  0.1563E-11  0.1566E-11
CALSDV   57    1  0.1630E-11  0.1632E-11
CALSDV   58    1  0.1704E-11  0.1707E-11
CALSDV   59    1  0.1619E-11  0.1624E-11
CALSDV   60    1  0.1677E-11  0.1681E-11
CALSDV    2    2  0.2046E-10  0.2442E-10
CALSDV    3    2  0.1119E-10  0.1140E-10
CALSDV    4    2  0.5524E-11  0.5559E-11
CALSDV    5    2  0.3390E-11  0.3399E-11
CALSDV    6    2  0.2466E-11  0.2468E-11
CALSDV    7    2  0.1884E-11  0.1887E-11
CALSDV    8    2  0.1548E-11  0.1550E-11
CALSDV    9    2  0.1305E-11  0.1307E-11
CALSDV   10    2  0.1145E-11  0.1146E-11
CALSDV   11    2  0.1018E-11  0.1020E-11
CALSDV   12    2  0.9284E-12  0.9297E-12
CALSDV   13    2  0.8569E-12  0.8578E-12
CALSDV   14    2  0.8021E-12  0.8034E-12
CALSDV   15    2  0.7579E-12  0.7591E-12
CALSDV   16    2  0.7242E-12  0.7249E-12
CALSDV   17    2  0.6966E-12  0.6973E-12
CALSDV   18    2  0.6751E-12  0.6759E-12
CALSDV   19    2  0.6576E-12  0.6591E-12
CALSDV   20    2  0.6455E-12  0.6456E-12
CALSDV   21    2  0.6356E-12  0.6365E-12
CALSDV   22    2  0.6292E-12  0.6299E-12
CALSDV   23    2  0.6253E-12  0.6261E-12
CALSDV   24    2  0.6236E-12  0.6245E-12
CALSDV   25    2  0.6242E-12  0.6250E-12
CALSDV   26    2  0.6266E-12  0.6274E-12
CALSDV   27    2  0.6309E-12  0.6317E-12
CALSDV   28    2  0.6369E-12  0.6377E-12
CALSDV   29    2  0.6446E-12  0.6455E-12
CALSDV   30    2  0.6539E-12  0.6546E-12
CALSDV   31    2  0.6647E-12  0.6655E-12
CALSDV   32    2  0.6769E-12  0.6779E-12
CALSDV   33    2  0.6909E-12  0.6918E-12
CALSDV   34    2  0.7063E-12  0.7072E-12
CALSDV   35    2  0.7233E-12  0.7243E-12
CALSDV   36    2  0.7418E-12  0.7428E-12
CALSDV   37    2  0.7621E-12  0.7632E-12
CALSDV   38    2  0.7839E-12  0.7850E-12
CALSDV   39    2  0.8076E-12  0.8088E-12
CALSDV   40    2  0.8330E-12  0.8342E-12
CALSDV   41    2  0.8603E-12  0.8615E-12
CALSDV   42    2  0.8895E-12  0.8908E-12
CALSDV   43    2  0.9208E-12  0.9221E-12
CALSDV   44    2  0.9541E-12  0.9556E-12
CALSDV   45    2  0.9898E-12  0.9913E-12
CALSDV   46    2  0.1028E-11  0.1029E-11
CALSDV   47    2  0.1068E-11  0.1070E-11
CALSDV   48    2  0.1111E-11  0.1113E-11
CALSDV   49    2  0.1157E-11  0.1159E-11
CALSDV   50    2  0.1206E-11  0.1208E-11
CALSDV   51    2  0.1258E-11  0.1259E-11
CALSDV   52    2  0.1313E-11  0.1315E-11
CALSDV   53    2  0.1371E-11  0.1373E-11
CALSDV   54    2  0.1433E-11  0.1435E-11
CALSDV   55    2  0.1498E-11  0.1501E-11
CALSDV   56    2  0.1568E-11  0.1571E-11
CALSDV   57    2  0.1636E-11  0.1639E-11
CALSDV   58    2  0.1711E-11  0.1714E-11
CALSDV   59    2  0.1641E-11  0.1642E-11
CALSDV   60    2  0.1698E-11  0.1699E-11
CALSDV    3    3  0.2556E-10  0.2567E-10
CALSDV    4    3  0.1043E-10  0.1052E-10
CALSDV    5    3  0.7210E-11  0.7221E-11
CALSDV    6    3  0.3744E-11  0.3750E-11
CALSDV    7    3  0.3423E-11  0.3419E-11
CALSDV    8    3  0.2104E-11  0.2101E-11
CALSDV    9    3  0.2051E-11  0.2049E-11
CALSDV   10    3  0.1438E-11  0.1435E-11
CALSDV   11    3  0.1429E-11  0.1427E-11
CALSDV   12    3  0.1105E-11  0.1104E-11
CALSDV   13    3  0.1104E-11  0.1103E-11
CALSDV   14    3  0.9182E-12  0.9173E-12
CALSDV   15    3  0.9181E-12  0.9177E-12
CALSDV   16    3  0.8051E-12  0.8045E-12
CALSDV   17    3  0.8062E-12  0.8060E-12
CALSDV   18    3  0.7346E-12  0.7343E-12
CALSDV   19    3  0.7368E-12  0.7367E-12
CALSDV   20    3  0.6910E-12  0.6909E-12
CALSDV   21    3  0.6948E-12  0.6950E-12
CALSDV   22    3  0.6656E-12  0.6656E-12
CALSDV   23    3  0.6712E-12  0.6713E-12
CALSDV   24    3  0.6535E-12  0.6536E-12
CALSDV   25    3  0.6610E-12  0.6612E-12
CALSDV   26    3  0.6516E-12  0.6517E-12
CALSDV   27    3  0.6612E-12  0.6614E-12
CALSDV   28    3  0.6584E-12  0.6586E-12
CALSDV   29    3  0.6700E-12  0.6703E-12
CALSDV   30    3  0.6726E-12  0.6728E-12
CALSDV   31    3  0.6865E-12  0.6868E-12
CALSDV   32    3  0.6936E-12  0.6940E-12
CALSDV   33    3  0.7100E-12  0.7104E-12
CALSDV   34    3  0.7214E-12  0.7217E-12
CALSDV   35    3  0.7403E-12  0.7407E-12
CALSDV   36    3  0.7557E-12  0.7561E-12
CALSDV   37    3  0.7775E-12  0.7780E-12
CALSDV   38    3  0.7968E-12  0.7972E-12
CALSDV   39    3  0.8217E-12  0.8222E-12
CALSDV   40    3  0.8450E-12  0.8455E-12
CALSDV   41    3  0.8733E-12  0.8739E-12
CALSDV   42    3  0.9009E-12  0.9014E-12
CALSDV   43    3  0.9330E-12  0.9336E-12
CALSDV   44    3  0.9650E-12  0.9656E-12
CALSDV   45    3  0.1001E-11  0.1002E-11
CALSDV   46    3  0.1038E-11  0.1039E-11
CALSDV   47    3  0.1079E-11  0.1080E-11
CALSDV   48    3  0.1121E-11  0.1122E-11
CALSDV   49    3  0.1168E-11  0.1169E-11
CALSDV   50    3  0.1216E-11  0.1217E-11
CALSDV   51    3  0.1268E-11  0.1269E-11
CALSDV   52    3  0.1323E-11  0.1324E-11
CALSDV   53    3  0.1382E-11  0.1383E-11
CALSDV   54    3  0.1444E-11  0.1445E-11
CALSDV   55    3  0.1510E-11  0.1511E-11
CALSDV   56    3  0.1580E-11  0.1581E-11
CALSDV   57    3  0.1651E-11  0.1653E-11
CALSDV   58    3  0.1726E-11  0.1728E-11
CALSDV   59    3  0.1683E-11  0.1684E-11
CALSDV   60    3  0.1739E-11  0.1740E-11
CALSDV    4    4  0.1220E-10  0.1231E-10
CALSDV    5    4  0.1056E-10  0.1052E-10
CALSDV    6    4  0.4505E-11  0.4518E-11
CALSDV    7    4  0.3867E-11  0.3868E-11
CALSDV    8    4  0.2480E-11  0.2477E-11
CALSDV    9    4  0.2129E-11  0.2126E-11
CALSDV   10    4  0.1645E-11  0.1644E-11
CALSDV   11    4  0.1460E-11  0.1460E-11
CALSDV   12    4  0.1237E-11  0.1235E-11
CALSDV   13    4  0.1132E-11  0.1132E-11
CALSDV   14    4  0.1010E-11  0.1008E-11
CALSDV   15    4  0.9483E-12  0.9481E-12
CALSDV   16    4  0.8739E-12  0.8724E-12
CALSDV   17    4  0.8367E-12  0.8364E-12
CALSDV   18    4  0.7887E-12  0.7876E-12
CALSDV   19    4  0.7664E-12  0.7665E-12
CALSDV   20    4  0.7353E-12  0.7345E-12
CALSDV   21    4  0.7229E-12  0.7227E-12
CALSDV   22    4  0.7031E-12  0.7024E-12
CALSDV   23    4  0.6973E-12  0.6974E-12
CALSDV   24    4  0.6857E-12  0.6850E-12
CALSDV   25    4  0.6852E-12  0.6852E-12
CALSDV   26    4  0.6800E-12  0.6795E-12
CALSDV   27    4  0.6837E-12  0.6837E-12
CALSDV   28    4  0.6835E-12  0.6832E-12
CALSDV   29    4  0.6910E-12  0.6910E-12
CALSDV   30    4  0.6954E-12  0.6951E-12
CALSDV   31    4  0.7061E-12  0.7061E-12
CALSDV   32    4  0.7145E-12  0.7143E-12
CALSDV   33    4  0.7284E-12  0.7285E-12
CALSDV   34    4  0.7406E-12  0.7405E-12
CALSDV   35    4  0.7577E-12  0.7577E-12
CALSDV   36    4  0.7737E-12  0.7736E-12
CALSDV   37    4  0.7940E-12  0.7941E-12
CALSDV   38    4  0.8136E-12  0.8136E-12
CALSDV   39    4  0.8375E-12  0.8375E-12
CALSDV   40    4  0.8610E-12  0.8610E-12
CALSDV   41    4  0.8883E-12  0.8886E-12
CALSDV   42    4  0.9162E-12  0.9161E-12
CALSDV   43    4  0.9475E-12  0.9477E-12
CALSDV   44    4  0.9797E-12  0.9797E-12
CALSDV   45    4  0.1015E-11  0.1016E-11
CALSDV   46    4  0.1052E-11  0.1052E-11
CALSDV   47    4  0.1093E-11  0.1093E-11
CALSDV   48    4  0.1135E-11  0.1135E-11
CALSDV   49    4  0.1181E-11  0.1182E-11
CALSDV   50    4  0.1229E-11  0.1229E-11
CALSDV   51    4  0.1282E-11  0.1282E-11
CALSDV   52    4  0.1336E-11  0.1336E-11
CALSDV   53    4  0.1395E-11  0.1396E-11
CALSDV   54    4  0.1457E-11  0.1457E-11
CALSDV   55    4  0.1524E-11  0.1524E-11
CALSDV   56    4  0.1594E-11  0.1594E-11
CALSDV   57    4  0.1667E-11  0.1668E-11
CALSDV   58    4  0.1743E-11  0.1744E-11
CALSDV   59    4  0.1723E-11  0.1723E-11
CALSDV   60    4  0.1779E-11  0.1779E-11
CALSDV    5    5  0.1865E-10  0.1861E-10
CALSDV    6    5  0.7959E-11  0.7946E-11
CALSDV    7    5  0.5206E-11  0.5200E-11
CALSDV    8    5  0.3203E-11  0.3199E-11
CALSDV    9    5  0.3005E-11  0.3000E-11
CALSDV   10    5  0.1986E-11  0.1989E-11
CALSDV   11    5  0.2060E-11  0.2058E-11
CALSDV   12    5  0.1484E-11  0.1484E-11
CALSDV   13    5  0.1546E-11  0.1544E-11
CALSDV   14    5  0.1208E-11  0.1208E-11
CALSDV   15    5  0.1242E-11  0.1240E-11
CALSDV   16    5  0.1035E-11  0.1035E-11
CALSDV   17    5  0.1051E-11  0.1050E-11
CALSDV   18    5  0.9207E-12  0.9210E-12
CALSDV   19    5  0.9273E-12  0.9266E-12
CALSDV   20    5  0.8434E-12  0.8439E-12
CALSDV   21    5  0.8466E-12  0.8461E-12
CALSDV   22    5  0.7926E-12  0.7929E-12
CALSDV   23    5  0.7952E-12  0.7949E-12
CALSDV   24    5  0.7610E-12  0.7614E-12
CALSDV   25    5  0.7643E-12  0.7640E-12
CALSDV   26    5  0.7440E-12  0.7440E-12
CALSDV   27    5  0.7487E-12  0.7487E-12
CALSDV   28    5  0.7386E-12  0.7388E-12
CALSDV   29    5  0.7456E-12  0.7454E-12
CALSDV   30    5  0.7429E-12  0.7433E-12
CALSDV   31    5  0.7525E-12  0.7527E-12
CALSDV   32    5  0.7563E-12  0.7567E-12
CALSDV   33    5  0.7686E-12  0.7686E-12
CALSDV   34    5  0.7777E-12  0.7780E-12
CALSDV   35    5  0.7929E-12  0.7931E-12
CALSDV   36    5  0.8069E-12  0.8071E-12
CALSDV   37    5  0.8251E-12  0.8254E-12
CALSDV   38    5  0.8435E-12  0.8439E-12
CALSDV   39    5  0.8654E-12  0.8657E-12
CALSDV   40    5  0.8882E-12  0.8886E-12
CALSDV   41    5  0.9137E-12  0.9141E-12
CALSDV   42    5  0.9410E-12  0.9414E-12
CALSDV   43    5  0.9706E-12  0.9712E-12
CALSDV   44    5  0.1003E-11  0.1003E-11
CALSDV   45    5  0.1037E-11  0.1037E-11
CALSDV   46    5  0.1074E-11  0.1074E-11
CALSDV   47    5  0.1113E-11  0.1113E-11
CALSDV   48    5  0.1155E-11  0.1156E-11
CALSDV   49    5  0.1200E-11  0.1200E-11
CALSDV   50    5  0.1248E-11  0.1249E-11
CALSDV   51    5  0.1299E-11  0.1300E-11
CALSDV   52    5  0.1354E-11  0.1355E-11
CALSDV   53    5  0.1412E-11  0.1413E-11
CALSDV   54    5  0.1474E-11  0.1475E-11
CALSDV   55    5  0.1540E-11  0.1541E-11
CALSDV   56    5  0.1611E-11  0.1612E-11
CALSDV   57    5  0.1685E-11  0.1686E-11
CALSDV   58    5  0.1762E-11  0.1763E-11
CALSDV   59    5  0.1759E-11  0.1760E-11
CALSDV   60    5  0.1818E-11  0.1819E-11
CALSDV    6    6  0.8872E-11  0.8661E-11
CALSDV    7    6  0.9681E-11  0.9594E-11
CALSDV    8    6  0.4344E-11  0.4314E-11
CALSDV    9    6  0.4499E-11  0.4446E-11
CALSDV   10    6  0.2762E-11  0.2743E-11
CALSDV   11    6  0.2657E-11  0.2625E-11
CALSDV   12    6  0.1900E-11  0.1886E-11
CALSDV   13    6  0.1836E-11  0.1817E-11
CALSDV   14    6  0.1431E-11  0.1421E-11
CALSDV   15    6  0.1411E-11  0.1399E-11
CALSDV   16    6  0.1163E-11  0.1156E-11
CALSDV   17    6  0.1166E-11  0.1159E-11
CALSDV   18    6  0.1003E-11  0.9968E-12
CALSDV   19    6  0.1014E-11  0.1010E-11
CALSDV   20    6  0.9022E-12  0.8982E-12
CALSDV   21    6  0.9172E-12  0.9144E-12
CALSDV   22    6  0.8392E-12  0.8359E-12
CALSDV   23    6  0.8552E-12  0.8534E-12
CALSDV   24    6  0.8007E-12  0.7982E-12
CALSDV   25    6  0.8171E-12  0.8157E-12
CALSDV   26    6  0.7794E-12  0.7774E-12
CALSDV   27    6  0.7963E-12  0.7953E-12
CALSDV   28    6  0.7712E-12  0.7696E-12
CALSDV   29    6  0.7886E-12  0.7882E-12
CALSDV   30    6  0.7741E-12  0.7727E-12
CALSDV   31    6  0.7921E-12  0.7918E-12
CALSDV   32    6  0.7858E-12  0.7848E-12
CALSDV   33    6  0.8053E-12  0.8050E-12
CALSDV   34    6  0.8059E-12  0.8050E-12
CALSDV   35    6  0.8272E-12  0.8269E-12
CALSDV   36    6  0.8337E-12  0.8332E-12
CALSDV   37    6  0.8573E-12  0.8570E-12
CALSDV   38    6  0.8697E-12  0.8692E-12
CALSDV   39    6  0.8957E-12  0.8955E-12
CALSDV   40    6  0.9134E-12  0.9128E-12
CALSDV   41    6  0.9424E-12  0.9421E-12
CALSDV   42    6  0.9653E-12  0.9649E-12
CALSDV   43    6  0.9977E-12  0.9975E-12
CALSDV   44    6  0.1026E-11  0.1026E-11
CALSDV   45    6  0.1062E-11  0.1062E-11
CALSDV   46    6  0.1096E-11  0.1096E-11
CALSDV   47    6  0.1137E-11  0.1137E-11
CALSDV   48    6  0.1177E-11  0.1177E-11
CALSDV   49    6  0.1223E-11  0.1223E-11
CALSDV   50    6  0.1270E-11  0.1269E-11
CALSDV   51    6  0.1321E-11  0.1321E-11
CALSDV   52    6  0.1375E-11  0.1374E-11
CALSDV   53    6  0.1434E-11  0.1433E-11
CALSDV   54    6  0.1495E-11  0.1494E-11
CALSDV   55    6  0.1562E-11  0.1561E-11
CALSDV   56    6  0.1631E-11  0.1630E-11
CALSDV   57    6  0.1707E-11  0.1707E-11
CALSDV   58    6  0.1784E-11  0.1784E-11
CALSDV   59    6  0.1802E-11  0.1802E-11
CALSDV   60    6  0.1859E-11  0.1859E-11
CALSDV    7    7  0.1260E-10  0.1260E-10
CALSDV    8    7  0.7418E-11  0.7378E-11
CALSDV    9    7  0.4610E-11  0.4596E-11
CALSDV   10    7  0.3077E-11  0.3062E-11
CALSDV   11    7  0.2775E-11  0.2764E-11
CALSDV   12    7  0.1882E-11  0.1884E-11
CALSDV   13    7  0.1907E-11  0.1906E-11
CALSDV   14    7  0.1487E-11  0.1489E-11
CALSDV   15    7  0.1452E-11  0.1454E-11
CALSDV   16    7  0.1288E-11  0.1289E-11
CALSDV   17    7  0.1198E-11  0.1198E-11
CALSDV   18    7  0.1155E-11  0.1156E-11
CALSDV   19    7  0.1045E-11  0.1046E-11
CALSDV   20    7  0.1057E-11  0.1058E-11
CALSDV   21    7  0.9499E-12  0.9510E-12
CALSDV   22    7  0.9850E-12  0.9850E-12
CALSDV   23    7  0.8900E-12  0.8906E-12
CALSDV   24    7  0.9326E-12  0.9321E-12
CALSDV   25    7  0.8534E-12  0.8532E-12
CALSDV   26    7  0.8966E-12  0.8961E-12
CALSDV   27    7  0.8327E-12  0.8323E-12
CALSDV   28    7  0.8749E-12  0.8742E-12
CALSDV   29    7  0.8250E-12  0.8245E-12
CALSDV   30    7  0.8653E-12  0.8645E-12
CALSDV   31    7  0.8278E-12  0.8272E-12
CALSDV   32    7  0.8664E-12  0.8654E-12
CALSDV   33    7  0.8400E-12  0.8393E-12
CALSDV   34    7  0.8772E-12  0.8761E-12
CALSDV   35    7  0.8607E-12  0.8597E-12
CALSDV   36    7  0.8972E-12  0.8962E-12
CALSDV   37    7  0.8895E-12  0.8885E-12
CALSDV   38    7  0.9263E-12  0.9251E-12
CALSDV   39    7  0.9266E-12  0.9254E-12
CALSDV   40    7  0.9642E-12  0.9629E-12
CALSDV   41    7  0.9720E-12  0.9706E-12
CALSDV   42    7  0.1011E-11  0.1010E-11
CALSDV   43    7  0.1026E-11  0.1025E-11
CALSDV   44    7  0.1068E-11  0.1066E-11
CALSDV   45    7  0.1090E-11  0.1088E-11
CALSDV   46    7  0.1134E-11  0.1133E-11
CALSDV   47    7  0.1163E-11  0.1161E-11
CALSDV   48    7  0.1212E-11  0.1210E-11
CALSDV   49    7  0.1248E-11  0.1246E-11
CALSDV   50    7  0.1301E-11  0.1299E-11
CALSDV   51    7  0.1345E-11  0.1343E-11
CALSDV   52    7  0.1404E-11  0.1402E-11
CALSDV   53    7  0.1456E-11  0.1454E-11
CALSDV   54    7  0.1522E-11  0.1519E-11
CALSDV   55    7  0.1583E-11  0.1581E-11
CALSDV   56    7  0.1656E-11  0.1654E-11
CALSDV   57    7  0.1729E-11  0.1726E-11
CALSDV   58    7  0.1810E-11  0.1807E-11
CALSDV   59    7  0.1837E-11  0.1835E-11
CALSDV   60    7  0.1900E-11  0.1898E-11
CALSDV    8    8  0.6522E-11  0.6708E-11
CALSDV    9    8  0.6616E-11  0.6661E-11
CALSDV   10    8  0.4171E-11  0.4176E-11
CALSDV   11    8  0.3500E-11  0.3535E-11
CALSDV   12    8  0.3032E-11  0.3049E-11
CALSDV   13    8  0.2482E-11  0.2501E-11
CALSDV   14    8  0.2191E-11  0.2214E-11
CALSDV   15    8  0.1962E-11  0.1978E-11
CALSDV   16    8  0.1674E-11  0.1698E-11
CALSDV   17    8  0.1634E-11  0.1644E-11
CALSDV   18    8  0.1362E-11  0.1384E-11
CALSDV   19    8  0.1406E-11  0.1414E-11
CALSDV   20    8  0.1173E-11  0.1190E-11
CALSDV   21    8  0.1246E-11  0.1251E-11
CALSDV   22    8  0.1055E-11  0.1069E-11
CALSDV   23    8  0.1132E-11  0.1135E-11
CALSDV   24    8  0.9811E-12  0.9924E-12
CALSDV   25    8  0.1051E-11  0.1054E-11
CALSDV   26    8  0.9358E-12  0.9455E-12
CALSDV   27    8  0.9966E-12  0.9991E-12
CALSDV   28    8  0.9101E-12  0.9181E-12
CALSDV   29    8  0.9623E-12  0.9646E-12
CALSDV   30    8  0.8994E-12  0.9058E-12
CALSDV   31    8  0.9442E-12  0.9462E-12
CALSDV   32    8  0.9003E-12  0.9061E-12
CALSDV   33    8  0.9397E-12  0.9415E-12
CALSDV   34    8  0.9115E-12  0.9164E-12
CALSDV   35    8  0.9469E-12  0.9489E-12
CALSDV   36    8  0.9317E-12  0.9362E-12
CALSDV   37    8  0.9650E-12  0.9670E-12
CALSDV   38    8  0.9609E-12  0.9645E-12
CALSDV   39    8  0.9932E-12  0.9951E-12
CALSDV   40    8  0.9987E-12  0.1002E-11
CALSDV   41    8  0.1031E-11  0.1033E-11
CALSDV   42    8  0.1045E-11  0.1048E-11
CALSDV   43    8  0.1079E-11  0.1081E-11
CALSDV   44    8  0.1101E-11  0.1104E-11
CALSDV   45    8  0.1137E-11  0.1139E-11
CALSDV   46    8  0.1166E-11  0.1169E-11
CALSDV   47    8  0.1206E-11  0.1208E-11
CALSDV   48    8  0.1243E-11  0.1245E-11
CALSDV   49    8  0.1287E-11  0.1289E-11
CALSDV   50    8  0.1331E-11  0.1333E-11
CALSDV   51    8  0.1380E-11  0.1383E-11
CALSDV   52    8  0.1432E-11  0.1435E-11
CALSDV   53    8  0.1488E-11  0.1490E-11
CALSDV   54    8  0.1548E-11  0.1551E-11
CALSDV   55    8  0.1612E-11  0.1615E-11
CALSDV   56    8  0.1681E-11  0.1684E-11
CALSDV   57    8  0.1757E-11  0.1760E-11
CALSDV   58    8  0.1835E-11  0.1838E-11
CALSDV   59    8  0.1883E-11  0.1886E-11
CALSDV   60    8  0.1942E-11  0.1946E-11
CALSDV    9    9  0.8743E-11  0.8753E-11
CALSDV   10    9  0.6910E-11  0.6896E-11
CALSDV   11    9  0.4368E-11  0.4378E-11
CALSDV   12    9  0.3174E-11  0.3171E-11
CALSDV   13    9  0.2906E-11  0.2907E-11
CALSDV   14    9  0.1992E-11  0.1993E-11
CALSDV   15    9  0.2000E-11  0.1999E-11
CALSDV   16    9  0.1587E-11  0.1589E-11
CALSDV   17    9  0.1492E-11  0.1490E-11
CALSDV   18    9  0.1396E-11  0.1397E-11
CALSDV   19    9  0.1219E-11  0.1219E-11
CALSDV   20    9  0.1271E-11  0.1270E-11
CALSDV   21    9  0.1076E-11  0.1075E-11
CALSDV   22    9  0.1177E-11  0.1177E-11
CALSDV   23    9  0.9983E-12  0.9989E-12
CALSDV   24    9  0.1108E-11  0.1107E-11
CALSDV   25    9  0.9574E-12  0.9571E-12
CALSDV   26    9  0.1056E-11  0.1056E-11
CALSDV   27    9  0.9366E-12  0.9371E-12
CALSDV   28    9  0.1020E-11  0.1020E-11
CALSDV   29    9  0.9290E-12  0.9287E-12
CALSDV   30    9  0.9989E-12  0.9979E-12
CALSDV   31    9  0.9312E-12  0.9307E-12
CALSDV   32    9  0.9887E-12  0.9888E-12
CALSDV   33    9  0.9409E-12  0.9416E-12
CALSDV   34    9  0.9901E-12  0.9903E-12
CALSDV   35    9  0.9591E-12  0.9599E-12
CALSDV   36    9  0.1002E-11  0.1002E-11
CALSDV   37    9  0.9848E-12  0.9855E-12
CALSDV   38    9  0.1024E-11  0.1024E-11
CALSDV   39    9  0.1018E-11  0.1019E-11
CALSDV   40    9  0.1055E-11  0.1055E-11
CALSDV   41    9  0.1060E-11  0.1060E-11
CALSDV   42    9  0.1096E-11  0.1096E-11
CALSDV   43    9  0.1110E-11  0.1110E-11
CALSDV   44    9  0.1147E-11  0.1148E-11
CALSDV   45    9  0.1168E-11  0.1169E-11
CALSDV   46    9  0.1209E-11  0.1209E-11
CALSDV   47    9  0.1237E-11  0.1238E-11
CALSDV   48    9  0.1281E-11  0.1282E-11
CALSDV   49    9  0.1318E-11  0.1319E-11
CALSDV   50    9  0.1367E-11  0.1367E-11
CALSDV   51    9  0.1410E-11  0.1411E-11
CALSDV   52    9  0.1465E-11  0.1466E-11
CALSDV   53    9  0.1517E-11  0.1518E-11
CALSDV   54    9  0.1578E-11  0.1579E-11
CALSDV   55    9  0.1639E-11  0.1641E-11
CALSDV   56    9  0.1709E-11  0.1710E-11
CALSDV   57    9  0.1783E-11  0.1784E-11
CALSDV   58    9  0.1861E-11  0.1863E-11
CALSDV   59    9  0.1920E-11  0.1921E-11
CALSDV   60    9  0.1978E-11  0.1979E-11
CALSDV   10   10  0.6363E-11  0.6307E-11
CALSDV   11   10  0.5497E-11  0.5507E-11
CALSDV   12   10  0.3875E-11  0.3881E-11
CALSDV   13   10  0.2788E-11  0.2799E-11
CALSDV   14   10  0.3093E-11  0.3100E-11
CALSDV   15   10  0.2211E-11  0.2217E-11
CALSDV   16   10  0.2376E-11  0.2384E-11
CALSDV   17   10  0.1975E-11  0.1978E-11
CALSDV   18   10  0.1893E-11  0.1899E-11
CALSDV   19   10  0.1783E-11  0.1783E-11
CALSDV   20   10  0.1587E-11  0.1592E-11
CALSDV   21   10  0.1613E-11  0.1612E-11
CALSDV   22   10  0.1394E-11  0.1399E-11
CALSDV   23   10  0.1471E-11  0.1470E-11
CALSDV   24   10  0.1271E-11  0.1274E-11
CALSDV   25   10  0.1359E-11  0.1358E-11
CALSDV   26   10  0.1190E-11  0.1193E-11
CALSDV   27   10  0.1272E-11  0.1271E-11
CALSDV   28   10  0.1139E-11  0.1142E-11
CALSDV   29   10  0.1208E-11  0.1208E-11
CALSDV   30   10  0.1108E-11  0.1110E-11
CALSDV   31   10  0.1164E-11  0.1164E-11
CALSDV   32   10  0.1091E-11  0.1093E-11
CALSDV   33   10  0.1137E-11  0.1137E-11
CALSDV   34   10  0.1087E-11  0.1089E-11
CALSDV   35   10  0.1125E-11  0.1125E-11
CALSDV   36   10  0.1094E-11  0.1096E-11
CALSDV   37   10  0.1126E-11  0.1127E-11
CALSDV   38   10  0.1111E-11  0.1113E-11
CALSDV   39   10  0.1139E-11  0.1140E-11
CALSDV   40   10  0.1138E-11  0.1139E-11
CALSDV   41   10  0.1164E-11  0.1165E-11
CALSDV   42   10  0.1174E-11  0.1176E-11
CALSDV   43   10  0.1201E-11  0.1202E-11
CALSDV   44   10  0.1221E-11  0.1222E-11
CALSDV   45   10  0.1248E-11  0.1249E-11
CALSDV   46   10  0.1277E-11  0.1279E-11
CALSDV   47   10  0.1308E-11  0.1309E-11
CALSDV   48   10  0.1345E-11  0.1347E-11
CALSDV   49   10  0.1380E-11  0.1381E-11
CALSDV   50   10  0.1425E-11  0.1427E-11
CALSDV   51   10  0.1465E-11  0.1466E-11
CALSDV   52   10  0.1519E-11  0.1520E-11
CALSDV   53   10  0.1565E-11  0.1566E-11
CALSDV   54   10  0.1627E-11  0.1629E-11
CALSDV   55   10  0.1682E-11  0.1683E-11
CALSDV   56   10  0.1753E-11  0.1755E-11
CALSDV   57   10  0.1822E-11  0.1823E-11
CALSDV   58   10  0.1903E-11  0.1905E-11
CALSDV   59   10  0.1971E-11  0.1972E-11
CALSDV   60   10  0.2035E-11  0.2036E-11
CALSDV   11   11  0.6260E-11  0.6228E-11
CALSDV   12   11  0.6340E-11  0.6357E-11
CALSDV   13   11  0.4100E-11  0.4101E-11
CALSDV   14   11  0.3322E-11  0.3328E-11
CALSDV   15   11  0.3065E-11  0.3063E-11
CALSDV   16   11  0.2274E-11  0.2279E-11
CALSDV   17   11  0.2184E-11  0.2182E-11
CALSDV   18   11  0.1825E-11  0.1825E-11
CALSDV   19   11  0.1628E-11  0.1625E-11
CALSDV   20   11  0.1568E-11  0.1567E-11
CALSDV   21   11  0.1320E-11  0.1317E-11
CALSDV   22   11  0.1397E-11  0.1397E-11
CALSDV   23   11  0.1166E-11  0.1164E-11
CALSDV   24   11  0.1277E-11  0.1277E-11
CALSDV   25   11  0.1096E-11  0.1095E-11
CALSDV   26   11  0.1194E-11  0.1194E-11
CALSDV   27   11  0.1067E-11  0.1066E-11
CALSDV   28   11  0.1139E-11  0.1138E-11
CALSDV   29   11  0.1059E-11  0.1059E-11
CALSDV   30   11  0.1105E-11  0.1103E-11
CALSDV   31   11  0.1063E-11  0.1062E-11
CALSDV   32   11  0.1087E-11  0.1086E-11
CALSDV   33   11  0.1074E-11  0.1073E-11
CALSDV   34   11  0.1084E-11  0.1083E-11
CALSDV   35   11  0.1091E-11  0.1090E-11
CALSDV   36   11  0.1093E-11  0.1092E-11
CALSDV   37   11  0.1114E-11  0.1114E-11
CALSDV   38   11  0.1113E-11  0.1112E-11
CALSDV   39   11  0.1144E-11  0.1144E-11
CALSDV   40   11  0.1143E-11  0.1142E-11
CALSDV   41   11  0.1181E-11  0.1181E-11
CALSDV   42   11  0.1182E-11  0.1181E-11
CALSDV   43   11  0.1226E-11  0.1225E-11
CALSDV   44   11  0.1232E-11  0.1230E-11
CALSDV   45   11  0.1279E-11  0.1279E-11
CALSDV   46   11  0.1291E-11  0.1290E-11
CALSDV   47   11  0.1342E-11  0.1341E-11
CALSDV   48   11  0.1361E-11  0.1360E-11
CALSDV   49   11  0.1415E-11  0.1415E-11
CALSDV   50   11  0.1444E-11  0.1443E-11
CALSDV   51   11  0.1501E-11  0.1500E-11
CALSDV   52   11  0.1539E-11  0.1538E-11
CALSDV   53   11  0.1600E-11  0.1599E-11
CALSDV   54   11  0.1648E-11  0.1647E-11
CALSDV   55   11  0.1715E-11  0.1715E-11
CALSDV   56   11  0.1774E-11  0.1774E-11
CALSDV   57   11  0.1853E-11  0.1852E-11
CALSDV   58   11  0.1924E-11  0.1923E-11
CALSDV   59   11  0.2009E-11  0.2008E-11
CALSDV   60   11  0.2058E-11  0.2057E-11
CALSDV   12   12  0.5731E-11  0.5743E-11
CALSDV   13   12  0.5387E-11  0.5421E-11
CALSDV   14   12  0.3689E-11  0.3693E-11
CALSDV   15   12  0.2645E-11  0.2660E-11
CALSDV   16   12  0.2971E-11  0.2971E-11
CALSDV   17   12  0.2078E-11  0.2083E-11
CALSDV   18   12  0.2286E-11  0.2285E-11
CALSDV   19   12  0.1934E-11  0.1936E-11
CALSDV   20   12  0.1850E-11  0.1847E-11
CALSDV   21   12  0.1811E-11  0.1811E-11
CALSDV   22   12  0.1603E-11  0.1600E-11
CALSDV   23   12  0.1686E-11  0.1685E-11
CALSDV   24   12  0.1468E-11  0.1465E-11
CALSDV   25   12  0.1572E-11  0.1570E-11
CALSDV   26   12  0.1391E-11  0.1389E-11
CALSDV   27   12  0.1476E-11  0.1473E-11
CALSDV   28   12  0.1345E-11  0.1342E-11
CALSDV   29   12  0.1401E-11  0.1398E-11
CALSDV   30   12  0.1316E-11  0.1314E-11
CALSDV   31   12  0.1345E-11  0.1342E-11
CALSDV   32   12  0.1299E-11  0.1297E-11
CALSDV   33   12  0.1307E-11  0.1304E-11
CALSDV   34   12  0.1292E-11  0.1290E-11
CALSDV   35   12  0.1285E-11  0.1282E-11
CALSDV   36   12  0.1292E-11  0.1290E-11
CALSDV   37   12  0.1277E-11  0.1275E-11
CALSDV   38   12  0.1301E-11  0.1300E-11
CALSDV   39   12  0.1281E-11  0.1280E-11
CALSDV   40   12  0.1318E-11  0.1317E-11
CALSDV   41   12  0.1299E-11  0.1297E-11
CALSDV   42   12  0.1345E-11  0.1343E-11
CALSDV   43   12  0.1328E-11  0.1326E-11
CALSDV   44   12  0.1380E-11  0.1379E-11
CALSDV   45   12  0.1368E-11  0.1367E-11
CALSDV   46   12  0.1426E-11  0.1425E-11
CALSDV   47   12  0.1420E-11  0.1419E-11
CALSDV   48   12  0.1483E-11  0.1481E-11
CALSDV   49   12  0.1484E-11  0.1483E-11
CALSDV   50   12  0.1551E-11  0.1550E-11
CALSDV   51   12  0.1562E-11  0.1560E-11
CALSDV   52   12  0.1633E-11  0.1632E-11
CALSDV   53   12  0.1654E-11  0.1652E-11
CALSDV   54   12  0.1731E-11  0.1729E-11
CALSDV   55   12  0.1762E-11  0.1761E-11
CALSDV   56   12  0.1845E-11  0.1844E-11
CALSDV   57   12  0.1894E-11  0.1893E-11
CALSDV   58   12  0.1986E-11  0.1984E-11
CALSDV   59   12  0.2057E-11  0.2055E-11
CALSDV   60   12  0.2132E-11  0.2131E-11
CALSDV   13   13  0.5174E-11  0.5142E-11
CALSDV   14   13  0.5461E-11  0.5472E-11
CALSDV   15   13  0.3931E-11  0.3932E-11
CALSDV   16   13  0.3057E-11  0.3055E-11
CALSDV   17   13  0.3200E-11  0.3199E-11
CALSDV   18   13  0.2354E-11  0.2340E-11
CALSDV   19   13  0.2363E-11  0.2361E-11
CALSDV   20   13  0.2005E-11  0.1995E-11
CALSDV   21   13  0.1780E-11  0.1778E-11
CALSDV   22   13  0.1744E-11  0.1737E-11
CALSDV   23   13  0.1443E-11  0.1441E-11
CALSDV   24   13  0.1541E-11  0.1534E-11
CALSDV   25   13  0.1277E-11  0.1275E-11
CALSDV   26   13  0.1392E-11  0.1385E-11
CALSDV   27   13  0.1209E-11  0.1207E-11
CALSDV   28   13  0.1288E-11  0.1283E-11
CALSDV   29   13  0.1190E-11  0.1188E-11
CALSDV   30   13  0.1223E-11  0.1218E-11
CALSDV   31   13  0.1193E-11  0.1191E-11
CALSDV   32   13  0.1187E-11  0.1184E-11
CALSDV   33   13  0.1206E-11  0.1205E-11
CALSDV   34   13  0.1175E-11  0.1172E-11
CALSDV   35   13  0.1226E-11  0.1225E-11
CALSDV   36   13  0.1181E-11  0.1179E-11
CALSDV   37   13  0.1251E-11  0.1249E-11
CALSDV   38   13  0.1201E-11  0.1199E-11
CALSDV   39   13  0.1280E-11  0.1278E-11
CALSDV   40   13  0.1232E-11  0.1230E-11
CALSDV   41   13  0.1315E-11  0.1313E-11
CALSDV   42   13  0.1273E-11  0.1271E-11
CALSDV   43   13  0.1356E-11  0.1354E-11
CALSDV   44   13  0.1324E-11  0.1322E-11
CALSDV   45   13  0.1404E-11  0.1402E-11
CALSDV   46   13  0.1384E-11  0.1382E-11
CALSDV   47   13  0.1461E-11  0.1459E-11
CALSDV   48   13  0.1454E-11  0.1452E-11
CALSDV   49   13  0.1528E-11  0.1525E-11
CALSDV   50   13  0.1535E-11  0.1532E-11
CALSDV   51   13  0.1606E-11  0.1603E-11
CALSDV   52   13  0.1627E-11  0.1624E-11
CALSDV   53   13  0.1697E-11  0.1693E-11
CALSDV   54   13  0.1732E-11  0.1729E-11
CALSDV   55   13  0.1803E-11  0.1799E-11
CALSDV   56   13  0.1853E-11  0.1850E-11
CALSDV   57   13  0.1931E-11  0.1927E-11
CALSDV   58   13  0.1997E-11  0.1994E-11
CALSDV   59   13  0.2097E-11  0.2093E-11
CALSDV   60   13  0.2144E-11  0.2140E-11
CALSDV   14   14  0.4489E-11  0.4463E-11
CALSDV   15   14  0.5726E-11  0.5668E-11
CALSDV   16   14  0.3701E-11  0.3681E-11
CALSDV   17   14  0.2914E-11  0.2880E-11
CALSDV   18   14  0.3037E-11  0.3029E-11
CALSDV   19   14  0.2184E-11  0.2171E-11
CALSDV   20   14  0.2264E-11  0.2260E-11
CALSDV   21   14  0.1997E-11  0.1997E-11
CALSDV   22   14  0.1770E-11  0.1769E-11
CALSDV   23   14  0.1879E-11  0.1880E-11
CALSDV   24   14  0.1532E-11  0.1530E-11
CALSDV   25   14  0.1766E-11  0.1766E-11
CALSDV   26   14  0.1444E-11  0.1442E-11
CALSDV   27   14  0.1664E-11  0.1663E-11
CALSDV   28   14  0.1425E-11  0.1423E-11
CALSDV   29   14  0.1580E-11  0.1579E-11
CALSDV   30   14  0.1430E-11  0.1427E-11
CALSDV   31   14  0.1515E-11  0.1514E-11
CALSDV   32   14  0.1441E-11  0.1438E-11
CALSDV   33   14  0.1470E-11  0.1468E-11
CALSDV   34   14  0.1454E-11  0.1450E-11
CALSDV   35   14  0.1442E-11  0.1439E-11
CALSDV   36   14  0.1467E-11  0.1464E-11
CALSDV   37   14  0.1429E-11  0.1426E-11
CALSDV   38   14  0.1483E-11  0.1480E-11
CALSDV   39   14  0.1430E-11  0.1426E-11
CALSDV   40   14  0.1502E-11  0.1498E-11
CALSDV   41   14  0.1442E-11  0.1439E-11
CALSDV   42   14  0.1526E-11  0.1523E-11
CALSDV   43   14  0.1466E-11  0.1463E-11
CALSDV   44   14  0.1557E-11  0.1552E-11
CALSDV   45   14  0.1501E-11  0.1497E-11
CALSDV   46   14  0.1595E-11  0.1590E-11
CALSDV   47   14  0.1548E-11  0.1543E-11
CALSDV   48   14  0.1642E-11  0.1637E-11
CALSDV   49   14  0.1605E-11  0.1601E-11
CALSDV   50   14  0.1700E-11  0.1695E-11
CALSDV   51   14  0.1675E-11  0.1670E-11
CALSDV   52   14  0.1770E-11  0.1764E-11
CALSDV   53   14  0.1758E-11  0.1753E-11
CALSDV   54   14  0.1853E-11  0.1847E-11
CALSDV   55   14  0.1857E-11  0.1851E-11
CALSDV   56   14  0.1954E-11  0.1948E-11
CALSDV   57   14  0.1979E-11  0.1972E-11
CALSDV   58   14  0.2081E-11  0.2074E-11
CALSDV   59   14  0.2147E-11  0.2140E-11
CALSDV   60   14  0.2233E-11  0.2226E-11
CALSDV   15   15  0.5176E-11  0.5205E-11
CALSDV   16   15  0.5347E-11  0.5321E-11
CALSDV   17   15  0.3817E-11  0.3808E-11
CALSDV   18   15  0.2819E-11  0.2806E-11
CALSDV   19   15  0.3335E-11  0.3316E-11
CALSDV   20   15  0.2187E-11  0.2178E-11
CALSDV   21   15  0.2612E-11  0.2596E-11
CALSDV   22   15  0.1971E-11  0.1957E-11
CALSDV   23   15  0.2074E-11  0.2063E-11
CALSDV   24   15  0.1797E-11  0.1785E-11
CALSDV   25   15  0.1750E-11  0.1739E-11
CALSDV   26   15  0.1639E-11  0.1631E-11
CALSDV   27   15  0.1575E-11  0.1569E-11
CALSDV   28   15  0.1513E-11  0.1507E-11
CALSDV   29   15  0.1493E-11  0.1489E-11
CALSDV   30   15  0.1423E-11  0.1419E-11
CALSDV   31   15  0.1459E-11  0.1456E-11
CALSDV   32   15  0.1367E-11  0.1363E-11
CALSDV   33   15  0.1450E-11  0.1446E-11
CALSDV   34   15  0.1340E-11  0.1335E-11
CALSDV   35   15  0.1454E-11  0.1449E-11
CALSDV   36   15  0.1336E-11  0.1330E-11
CALSDV   37   15  0.1466E-11  0.1460E-11
CALSDV   38   15  0.1348E-11  0.1343E-11
CALSDV   39   15  0.1484E-11  0.1478E-11
CALSDV   40   15  0.1375E-11  0.1369E-11
CALSDV   41   15  0.1508E-11  0.1501E-11
CALSDV   42   15  0.1413E-11  0.1406E-11
CALSDV   43   15  0.1539E-11  0.1532E-11
CALSDV   44   15  0.1461E-11  0.1454E-11
CALSDV   45   15  0.1577E-11  0.1569E-11
CALSDV   46   15  0.1518E-11  0.1510E-11
CALSDV   47   15  0.1623E-11  0.1615E-11
CALSDV   48   15  0.1584E-11  0.1575E-11
CALSDV   49   15  0.1678E-11  0.1669E-11
CALSDV   50   15  0.1659E-11  0.1650E-11
CALSDV   51   15  0.1744E-11  0.1734E-11
CALSDV   52   15  0.1745E-11  0.1735E-11
CALSDV   53   15  0.1822E-11  0.1811E-11
CALSDV   54   15  0.1843E-11  0.1832E-11
CALSDV   55   15  0.1914E-11  0.1903E-11
CALSDV   56   15  0.1955E-11  0.1943E-11
CALSDV   57   15  0.2029E-11  0.2016E-11
CALSDV   58   15  0.2089E-11  0.2077E-11
CALSDV   59   15  0.2197E-11  0.2184E-11
CALSDV   60   15  0.2240E-11  0.2228E-11
CALSDV   16   16  0.3904E-11  0.3909E-11
CALSDV   17   16  0.5516E-11  0.5508E-11
CALSDV   18   16  0.3767E-11  0.3762E-11
CALSDV   19   16  0.2950E-11  0.2946E-11
CALSDV   20   16  0.3239E-11  0.3233E-11
CALSDV   21   16  0.2311E-11  0.2306E-11
CALSDV   22   16  0.2433E-11  0.2429E-11
CALSDV   23   16  0.2122E-11  0.2118E-11
CALSDV   24   16  0.1877E-11  0.1877E-11
CALSDV   25   16  0.1977E-11  0.1974E-11
CALSDV   26   16  0.1607E-11  0.1608E-11
CALSDV   27   16  0.1841E-11  0.1839E-11
CALSDV   28   16  0.1526E-11  0.1526E-11
CALSDV   29   16  0.1728E-11  0.1728E-11
CALSDV   30   16  0.1532E-11  0.1531E-11
CALSDV   31   16  0.1645E-11  0.1646E-11
CALSDV   32   16  0.1564E-11  0.1564E-11
CALSDV   33   16  0.1590E-11  0.1591E-11
CALSDV   34   16  0.1601E-11  0.1600E-11
CALSDV   35   16  0.1559E-11  0.1561E-11
CALSDV   36   16  0.1634E-11  0.1632E-11
CALSDV   37   16  0.1548E-11  0.1550E-11
CALSDV   38   16  0.1663E-11  0.1661E-11
CALSDV   39   16  0.1552E-11  0.1554E-11
CALSDV   40   16  0.1690E-11  0.1687E-11
CALSDV   41   16  0.1569E-11  0.1570E-11
CALSDV   42   16  0.1716E-11  0.1713E-11
CALSDV   43   16  0.1597E-11  0.1597E-11
CALSDV   44   16  0.1745E-11  0.1742E-11
CALSDV   45   16  0.1634E-11  0.1634E-11
CALSDV   46   16  0.1778E-11  0.1774E-11
CALSDV   47   16  0.1679E-11  0.1679E-11
CALSDV   48   16  0.1817E-11  0.1813E-11
CALSDV   49   16  0.1734E-11  0.1733E-11
CALSDV   50   16  0.1864E-11  0.1860E-11
CALSDV   51   16  0.1798E-11  0.1797E-11
CALSDV   52   16  0.1920E-11  0.1917E-11
CALSDV   53   16  0.1873E-11  0.1871E-11
CALSDV   54   16  0.1989E-11  0.1986E-11
CALSDV   55   16  0.1961E-11  0.1959E-11
CALSDV   56   16  0.2073E-11  0.2070E-11
CALSDV   57   16  0.2070E-11  0.2067E-11
CALSDV   58   16  0.2182E-11  0.2179E-11
CALSDV   59   16  0.2237E-11  0.2235E-11
CALSDV   60   16  0.2330E-11  0.2327E-11
CALSDV   17   17  0.3804E-11  0.3814E-11
CALSDV   18   17  0.4591E-11  0.4585E-11
CALSDV   19   17  0.3637E-11  0.3641E-11
CALSDV   20   17  0.2545E-11  0.2547E-11
CALSDV   21   17  0.3203E-11  0.3208E-11
CALSDV   22   17  0.2356E-11  0.2355E-11
CALSDV   23   17  0.2478E-11  0.2479E-11
CALSDV   24   17  0.2249E-11  0.2245E-11
CALSDV   25   17  0.1948E-11  0.1948E-11
CALSDV   26   17  0.2046E-11  0.2042E-11
CALSDV   27   17  0.1652E-11  0.1652E-11
CALSDV   28   17  0.1824E-11  0.1823E-11
CALSDV   29   17  0.1520E-11  0.1521E-11
CALSDV   30   17  0.1638E-11  0.1636E-11
CALSDV   31   17  0.1479E-11  0.1481E-11
CALSDV   32   17  0.1506E-11  0.1506E-11
CALSDV   33   17  0.1481E-11  0.1483E-11
CALSDV   34   17  0.1431E-11  0.1432E-11
CALSDV   35   17  0.1501E-11  0.1502E-11
CALSDV   36   17  0.1404E-11  0.1403E-11
CALSDV   37   17  0.1528E-11  0.1529E-11
CALSDV   38   17  0.1412E-11  0.1411E-11
CALSDV   39   17  0.1559E-11  0.1560E-11
CALSDV   40   17  0.1444E-11  0.1444E-11
CALSDV   41   17  0.1593E-11  0.1594E-11
CALSDV   42   17  0.1492E-11  0.1492E-11
CALSDV   43   17  0.1632E-11  0.1633E-11
CALSDV   44   17  0.1552E-11  0.1552E-11
CALSDV   45   17  0.1675E-11  0.1677E-11
CALSDV   46   17  0.1619E-11  0.1619E-11
CALSDV   47   17  0.1725E-11  0.1726E-11
CALSDV   48   17  0.1692E-11  0.1692E-11
CALSDV   49   17  0.1781E-11  0.1782E-11
CALSDV   50   17  0.1772E-11  0.1772E-11
CALSDV   51   17  0.1845E-11  0.1846E-11
CALSDV   52   17  0.1858E-11  0.1858E-11
CALSDV   53   17  0.1918E-11  0.1920E-11
CALSDV   54   17  0.1952E-11  0.1952E-11
CALSDV   55   17  0.2004E-11  0.2004E-11
CALSDV   56   17  0.2056E-11  0.2056E-11
CALSDV   57   17  0.2108E-11  0.2108E-11
CALSDV   58   17  0.2179E-11  0.2179E-11
CALSDV   59   17  0.2272E-11  0.2273E-11
CALSDV   60   17  0.2331E-11  0.2330E-11
CALSDV   18   18  0.4225E-11  0.4239E-11
CALSDV   19   18  0.4732E-11  0.4733E-11
CALSDV   20   18  0.3953E-11  0.3953E-11
CALSDV   21   18  0.2486E-11  0.2491E-11
CALSDV   22   18  0.3383E-11  0.3380E-11
CALSDV   23   18  0.2246E-11  0.2241E-11
CALSDV   24   18  0.2517E-11  0.2516E-11
CALSDV   25   18  0.2197E-11  0.2193E-11
CALSDV   26   18  0.1926E-11  0.1927E-11
CALSDV   27   18  0.2066E-11  0.2064E-11
CALSDV   28   18  0.1673E-11  0.1673E-11
CALSDV   29   18  0.1912E-11  0.1912E-11
CALSDV   30   18  0.1638E-11  0.1639E-11
CALSDV   31   18  0.1784E-11  0.1783E-11
CALSDV   32   18  0.1691E-11  0.1692E-11
CALSDV   33   18  0.1697E-11  0.1697E-11
CALSDV   34   18  0.1760E-11  0.1761E-11
CALSDV   35   18  0.1653E-11  0.1653E-11
CALSDV   36   18  0.1822E-11  0.1822E-11
CALSDV   37   18  0.1642E-11  0.1641E-11
CALSDV   38   18  0.1871E-11  0.1870E-11
CALSDV   39   18  0.1654E-11  0.1653E-11
CALSDV   40   18  0.1908E-11  0.1908E-11
CALSDV   41   18  0.1682E-11  0.1681E-11
CALSDV   42   18  0.1938E-11  0.1937E-11
CALSDV   43   18  0.1720E-11  0.1719E-11
CALSDV   44   18  0.1964E-11  0.1963E-11
CALSDV   45   18  0.1766E-11  0.1765E-11
CALSDV   46   18  0.1991E-11  0.1990E-11
CALSDV   47   18  0.1818E-11  0.1817E-11
CALSDV   48   18  0.2020E-11  0.2018E-11
CALSDV   49   18  0.1875E-11  0.1873E-11
CALSDV   50   18  0.2053E-11  0.2052E-11
CALSDV   51   18  0.1936E-11  0.1935E-11
CALSDV   52   18  0.2094E-11  0.2093E-11
CALSDV   53   18  0.2005E-11  0.2003E-11
CALSDV   54   18  0.2145E-11  0.2143E-11
CALSDV   55   18  0.2081E-11  0.2080E-11
CALSDV   56   18  0.2208E-11  0.2207E-11
CALSDV   57   18  0.2175E-11  0.2173E-11
CALSDV   58   18  0.2295E-11  0.2294E-11
CALSDV   59   18  0.2335E-11  0.2333E-11
CALSDV   60   18  0.2431E-11  0.2429E-11
CALSDV   19   19  0.3553E-11  0.3557E-11
CALSDV   20   19  0.4426E-11  0.4413E-11
CALSDV   21   19  0.3645E-11  0.3651E-11
CALSDV   22   19  0.2466E-11  0.2461E-11
CALSDV   23   19  0.3199E-11  0.3207E-11
CALSDV   24   19  0.2523E-11  0.2527E-11
CALSDV   25   19  0.2490E-11  0.2493E-11
CALSDV   26   19  0.2532E-11  0.2539E-11
CALSDV   27   19  0.1996E-11  0.1995E-11
CALSDV   28   19  0.2364E-11  0.2372E-11
CALSDV   29   19  0.1736E-11  0.1736E-11
CALSDV   30   19  0.2139E-11  0.2149E-11
CALSDV   31   19  0.1630E-11  0.1631E-11
CALSDV   32   19  0.1936E-11  0.1945E-11
CALSDV   33   19  0.1601E-11  0.1605E-11
CALSDV   34   19  0.1785E-11  0.1795E-11
CALSDV   35   19  0.1608E-11  0.1613E-11
CALSDV   36   19  0.1696E-11  0.1705E-11
CALSDV   37   19  0.1631E-11  0.1636E-11
CALSDV   38   19  0.1660E-11  0.1667E-11
CALSDV   39   19  0.1662E-11  0.1666E-11
CALSDV   40   19  0.1663E-11  0.1670E-11
CALSDV   41   19  0.1698E-11  0.1702E-11
CALSDV   42   19  0.1694E-11  0.1700E-11
CALSDV   43   19  0.1739E-11  0.1743E-11
CALSDV   44   19  0.1743E-11  0.1749E-11
CALSDV   45   19  0.1785E-11  0.1789E-11
CALSDV   46   19  0.1803E-11  0.1808E-11
CALSDV   47   19  0.1837E-11  0.1841E-11
CALSDV   48   19  0.1871E-11  0.1875E-11
CALSDV   49   19  0.1895E-11  0.1899E-11
CALSDV   50   19  0.1944E-11  0.1948E-11
CALSDV   51   19  0.1959E-11  0.1963E-11
CALSDV   52   19  0.2022E-11  0.2024E-11
CALSDV   53   19  0.2030E-11  0.2033E-11
CALSDV   54   19  0.2103E-11  0.2106E-11
CALSDV   55   19  0.2109E-11  0.2111E-11
CALSDV   56   19  0.2192E-11  0.2194E-11
CALSDV   57   19  0.2202E-11  0.2204E-11
CALSDV   58   19  0.2296E-11  0.2298E-11
CALSDV   59   19  0.2359E-11  0.2361E-11
CALSDV   60   19  0.2437E-11  0.2439E-11
CALSDV   20   20  0.4051E-11  0.4110E-11
CALSDV   21   20  0.4552E-11  0.4551E-11
CALSDV   22   20  0.4063E-11  0.4071E-11
CALSDV   23   20  0.2414E-11  0.2412E-11
CALSDV   24   20  0.3527E-11  0.3530E-11
CALSDV   25   20  0.2350E-11  0.2346E-11
CALSDV   26   20  0.2650E-11  0.2650E-11
CALSDV   27   20  0.2346E-11  0.2341E-11
CALSDV   28   20  0.2040E-11  0.2040E-11
CALSDV   29   20  0.2196E-11  0.2192E-11
CALSDV   30   20  0.1778E-11  0.1777E-11
CALSDV   31   20  0.2009E-11  0.2007E-11
CALSDV   32   20  0.1745E-11  0.1746E-11
CALSDV   33   20  0.1858E-11  0.1857E-11
CALSDV   34   20  0.1809E-11  0.1809E-11
CALSDV   35   20  0.1769E-11  0.1768E-11
CALSDV   36   20  0.1891E-11  0.1892E-11
CALSDV   37   20  0.1737E-11  0.1736E-11
CALSDV   38   20  0.1966E-11  0.1965E-11
CALSDV   39   20  0.1749E-11  0.1748E-11
CALSDV   40   20  0.2025E-11  0.2025E-11
CALSDV   41   20  0.1788E-11  0.1787E-11
CALSDV   42   20  0.2072E-11  0.2072E-11
CALSDV   43   20  0.1842E-11  0.1840E-11
CALSDV   44   20  0.2111E-11  0.2110E-11
CALSDV   45   20  0.1902E-11  0.1900E-11
CALSDV   46   20  0.2144E-11  0.2143E-11
CALSDV   47   20  0.1964E-11  0.1963E-11
CALSDV   48   20  0.2175E-11  0.2174E-11
CALSDV   49   20  0.2027E-11  0.2026E-11
CALSDV   50   20  0.2208E-11  0.2207E-11
CALSDV   51   20  0.2090E-11  0.2089E-11
CALSDV   52   20  0.2244E-11  0.2243E-11
CALSDV   53   20  0.2152E-11  0.2152E-11
CALSDV   54   20  0.2286E-11  0.2286E-11
CALSDV   55   20  0.2218E-11  0.2217E-11
CALSDV   56   20  0.2336E-11  0.2336E-11
CALSDV   57   20  0.2293E-11  0.2292E-11
CALSDV   58   20  0.2406E-11  0.2405E-11
CALSDV   59   20  0.2438E-11  0.2438E-11
CALSDV   60   20  0.2525E-11  0.2524E-11
CALSDV   21   21  0.3583E-11  0.3571E-11
CALSDV   22   21  0.4413E-11  0.4398E-11
CALSDV   23   21  0.3683E-11  0.3678E-11
CALSDV   24   21  0.2360E-11  0.2351E-11
CALSDV   25   21  0.3204E-11  0.3201E-11
CALSDV   26   21  0.2586E-11  0.2580E-11
CALSDV   27   21  0.2515E-11  0.2512E-11
CALSDV   28   21  0.2698E-11  0.2697E-11
CALSDV   29   21  0.2080E-11  0.2078E-11
CALSDV   30   21  0.2572E-11  0.2573E-11
CALSDV   31   21  0.1883E-11  0.1883E-11
CALSDV   32   21  0.2359E-11  0.2362E-11
CALSDV   33   21  0.1815E-11  0.1816E-11
CALSDV   34   21  0.2158E-11  0.2159E-11
CALSDV   35   21  0.1803E-11  0.1804E-11
CALSDV   36   21  0.2009E-11  0.2010E-11
CALSDV   37   21  0.1811E-11  0.1813E-11
CALSDV   38   21  0.1923E-11  0.1924E-11
CALSDV   39   21  0.1830E-11  0.1833E-11
CALSDV   40   21  0.1892E-11  0.1893E-11
CALSDV   41   21  0.1856E-11  0.1860E-11
CALSDV   42   21  0.1903E-11  0.1904E-11
CALSDV   43   21  0.1890E-11  0.1894E-11
CALSDV   44   21  0.1942E-11  0.1942E-11
CALSDV   45   21  0.1932E-11  0.1935E-11
CALSDV   46   21  0.1996E-11  0.1997E-11
CALSDV   47   21  0.1981E-11  0.1983E-11
CALSDV   48   21  0.2059E-11  0.2059E-11
CALSDV   49   21  0.2037E-11  0.2038E-11
CALSDV   50   21  0.2127E-11  0.2126E-11
CALSDV   51   21  0.2097E-11  0.2098E-11
CALSDV   52   21  0.2197E-11  0.2196E-11
CALSDV   53   21  0.2163E-11  0.2163E-11
CALSDV   54   21  0.2268E-11  0.2267E-11
CALSDV   55   21  0.2233E-11  0.2233E-11
CALSDV   56   21  0.2341E-11  0.2340E-11
CALSDV   57   21  0.2313E-11  0.2312E-11
CALSDV   58   21  0.2424E-11  0.2423E-11
CALSDV   59   21  0.2456E-11  0.2455E-11
CALSDV   60   21  0.2548E-11  0.2546E-11
CALSDV   22   22  0.3593E-11  0.3632E-11
CALSDV   23   22  0.4492E-11  0.4489E-11
CALSDV   24   22  0.4075E-11  0.4074E-11
CALSDV   25   22  0.2389E-11  0.2376E-11
CALSDV   26   22  0.3585E-11  0.3576E-11
CALSDV   27   22  0.2476E-11  0.2468E-11
CALSDV   28   22  0.2722E-11  0.2717E-11
CALSDV   29   22  0.2506E-11  0.2498E-11
CALSDV   30   22  0.2132E-11  0.2129E-11
CALSDV   31   22  0.2333E-11  0.2323E-11
CALSDV   32   22  0.1891E-11  0.1879E-11
CALSDV   33   22  0.2108E-11  0.2097E-11
CALSDV   34   22  0.1864E-11  0.1858E-11
CALSDV   35   22  0.1927E-11  0.1921E-11
CALSDV   36   22  0.1929E-11  0.1924E-11
CALSDV   37   22  0.1833E-11  0.1828E-11
CALSDV   38   22  0.2011E-11  0.2009E-11
CALSDV   39   22  0.1818E-11  0.1812E-11
CALSDV   40   22  0.2088E-11  0.2086E-11
CALSDV   41   22  0.1858E-11  0.1853E-11
CALSDV   42   22  0.2153E-11  0.2152E-11
CALSDV   43   22  0.1929E-11  0.1924E-11
CALSDV   44   22  0.2208E-11  0.2206E-11
CALSDV   45   22  0.2011E-11  0.2006E-11
CALSDV   46   22  0.2255E-11  0.2253E-11
CALSDV   47   22  0.2093E-11  0.2090E-11
CALSDV   48   22  0.2298E-11  0.2296E-11
CALSDV   49   22  0.2171E-11  0.2168E-11
CALSDV   50   22  0.2338E-11  0.2336E-11
CALSDV   51   22  0.2242E-11  0.2239E-11
CALSDV   52   22  0.2378E-11  0.2375E-11
CALSDV   53   22  0.2306E-11  0.2302E-11
CALSDV   54   22  0.2419E-11  0.2416E-11
CALSDV   55   22  0.2363E-11  0.2360E-11
CALSDV   56   22  0.2462E-11  0.2460E-11
CALSDV   57   22  0.2422E-11  0.2418E-11
CALSDV   58   22  0.2518E-11  0.2515E-11
CALSDV   59   22  0.2547E-11  0.2542E-11
CALSDV   60   22  0.2620E-11  0.2617E-11
CALSDV   23   23  0.3526E-11  0.3516E-11
CALSDV   24   23  0.4463E-11  0.4464E-11
CALSDV   25   23  0.3712E-11  0.3706E-11
CALSDV   26   23  0.2295E-11  0.2303E-11
CALSDV   27   23  0.3197E-11  0.3190E-11
CALSDV   28   23  0.2623E-11  0.2614E-11
CALSDV   29   23  0.2522E-11  0.2516E-11
CALSDV   30   23  0.2791E-11  0.2775E-11
CALSDV   31   23  0.2149E-11  0.2144E-11
CALSDV   32   23  0.2673E-11  0.2653E-11
CALSDV   33   23  0.2019E-11  0.2013E-11
CALSDV   34   23  0.2455E-11  0.2429E-11
CALSDV   35   23  0.1994E-11  0.1986E-11
CALSDV   36   23  0.2246E-11  0.2218E-11
CALSDV   37   23  0.1999E-11  0.1988E-11
CALSDV   38   23  0.2101E-11  0.2071E-11
CALSDV   39   23  0.2011E-11  0.1997E-11
CALSDV   40   23  0.2031E-11  0.2001E-11
CALSDV   41   23  0.2027E-11  0.2013E-11
CALSDV   42   23  0.2024E-11  0.1994E-11
CALSDV   43   23  0.2053E-11  0.2037E-11
CALSDV   44   23  0.2061E-11  0.2032E-11
CALSDV   45   23  0.2087E-11  0.2072E-11
CALSDV   46   23  0.2123E-11  0.2096E-11
CALSDV   47   23  0.2132E-11  0.2117E-11
CALSDV   48   23  0.2197E-11  0.2173E-11
CALSDV   49   23  0.2185E-11  0.2170E-11
CALSDV   50   23  0.2273E-11  0.2252E-11
CALSDV   51   23  0.2243E-11  0.2230E-11
CALSDV   52   23  0.2348E-11  0.2329E-11
CALSDV   53   23  0.2305E-11  0.2293E-11
CALSDV   54   23  0.2419E-11  0.2402E-11
CALSDV   55   23  0.2368E-11  0.2356E-11
CALSDV   56   23  0.2485E-11  0.2470E-11
CALSDV   57   23  0.2434E-11  0.2423E-11
CALSDV   58   23  0.2553E-11  0.2540E-11
CALSDV   59   23  0.2560E-11  0.2549E-11
CALSDV   60   23  0.2657E-11  0.2644E-11
CALSDV   24   24  0.3527E-11  0.3542E-11
CALSDV   25   24  0.4549E-11  0.4545E-11
CALSDV   26   24  0.4136E-11  0.4137E-11
CALSDV   27   24  0.2437E-11  0.2442E-11
CALSDV   28   24  0.3627E-11  0.3630E-11
CALSDV   29   24  0.2644E-11  0.2647E-11
CALSDV   30   24  0.2785E-11  0.2787E-11
CALSDV   31   24  0.2696E-11  0.2699E-11
CALSDV   32   24  0.2236E-11  0.2243E-11
CALSDV   33   24  0.2492E-11  0.2496E-11
CALSDV   34   24  0.2029E-11  0.2031E-11
CALSDV   35   24  0.2226E-11  0.2228E-11
CALSDV   36   24  0.2016E-11  0.2016E-11
CALSDV   37   24  0.2019E-11  0.2022E-11
CALSDV   38   24  0.2075E-11  0.2074E-11
CALSDV   39   24  0.1923E-11  0.1923E-11
CALSDV   40   24  0.2150E-11  0.2147E-11
CALSDV   41   24  0.1927E-11  0.1926E-11
CALSDV   42   24  0.2222E-11  0.2217E-11
CALSDV   43   24  0.1997E-11  0.1996E-11
CALSDV   44   24  0.2287E-11  0.2282E-11
CALSDV   45   24  0.2099E-11  0.2097E-11
CALSDV   46   24  0.2346E-11  0.2341E-11
CALSDV   47   24  0.2206E-11  0.2204E-11
CALSDV   48   24  0.2401E-11  0.2397E-11
CALSDV   49   24  0.2306E-11  0.2304E-11
CALSDV   50   24  0.2453E-11  0.2449E-11
CALSDV   51   24  0.2391E-11  0.2390E-11
CALSDV   52   24  0.2502E-11  0.2497E-11
CALSDV   53   24  0.2460E-11  0.2458E-11
CALSDV   54   24  0.2547E-11  0.2543E-11
CALSDV   55   24  0.2513E-11  0.2511E-11
CALSDV   56   24  0.2589E-11  0.2586E-11
CALSDV   57   24  0.2556E-11  0.2554E-11
CALSDV   58   24  0.2634E-11  0.2631E-11
CALSDV   59   24  0.2656E-11  0.2654E-11
CALSDV   60   24  0.2715E-11  0.2714E-11
CALSDV   25   25  0.3539E-11  0.3535E-11
CALSDV   26   25  0.4651E-11  0.4648E-11
CALSDV   27   25  0.3917E-11  0.3900E-11
CALSDV   28   25  0.2392E-11  0.2388E-11
CALSDV   29   25  0.3320E-11  0.3307E-11
CALSDV   30   25  0.2742E-11  0.2736E-11
CALSDV   31   25  0.2585E-11  0.2578E-11
CALSDV   32   25  0.2927E-11  0.2924E-11
CALSDV   33   25  0.2250E-11  0.2247E-11
CALSDV   34   25  0.2815E-11  0.2814E-11
CALSDV   35   25  0.2213E-11  0.2209E-11
CALSDV   36   25  0.2605E-11  0.2605E-11
CALSDV   37   25  0.2274E-11  0.2267E-11
CALSDV   38   25  0.2420E-11  0.2421E-11
CALSDV   39   25  0.2336E-11  0.2329E-11
CALSDV   40   25  0.2311E-11  0.2311E-11
CALSDV   41   25  0.2381E-11  0.2373E-11
CALSDV   42   25  0.2280E-11  0.2280E-11
CALSDV   43   25  0.2411E-11  0.2403E-11
CALSDV   44   25  0.2307E-11  0.2305E-11
CALSDV   45   25  0.2436E-11  0.2428E-11
CALSDV   46   25  0.2367E-11  0.2365E-11
CALSDV   47   25  0.2461E-11  0.2454E-11
CALSDV   48   25  0.2441E-11  0.2438E-11
CALSDV   49   25  0.2488E-11  0.2482E-11
CALSDV   50   25  0.2516E-11  0.2512E-11
CALSDV   51   25  0.2518E-11  0.2512E-11
CALSDV   52   25  0.2582E-11  0.2578E-11
CALSDV   53   25  0.2548E-11  0.2542E-11
CALSDV   54   25  0.2637E-11  0.2633E-11
CALSDV   55   25  0.2576E-11  0.2571E-11
CALSDV   56   25  0.2680E-11  0.2676E-11
CALSDV   57   25  0.2604E-11  0.2599E-11
CALSDV   58   25  0.2716E-11  0.2712E-11
CALSDV   59   25  0.2690E-11  0.2686E-11
CALSDV   60   25  0.2784E-11  0.2780E-11
CALSDV   26   26  0.3612E-11  0.3630E-11
CALSDV   27   26  0.4714E-11  0.4718E-11
CALSDV   28   26  0.4242E-11  0.4242E-11
CALSDV   29   26  0.2601E-11  0.2602E-11
CALSDV   30   26  0.3695E-11  0.3700E-11
CALSDV   31   26  0.2897E-11  0.2893E-11
CALSDV   32   26  0.2873E-11  0.2875E-11
CALSDV   33   26  0.2956E-11  0.2953E-11
CALSDV   34   26  0.2385E-11  0.2385E-11
CALSDV   35   26  0.2718E-11  0.2717E-11
CALSDV   36   26  0.2220E-11  0.2218E-11
CALSDV   37   26  0.2410E-11  0.2409E-11
CALSDV   38   26  0.2213E-11  0.2211E-11
CALSDV   39   26  0.2178E-11  0.2179E-11
CALSDV   40   26  0.2259E-11  0.2257E-11
CALSDV   41   26  0.2079E-11  0.2080E-11
CALSDV   42   26  0.2316E-11  0.2315E-11
CALSDV   43   26  0.2101E-11  0.2101E-11
CALSDV   44   26  0.2376E-11  0.2375E-11
CALSDV   45   26  0.2195E-11  0.2195E-11
CALSDV   46   26  0.2437E-11  0.2437E-11
CALSDV   47   26  0.2318E-11  0.2317E-11
CALSDV   48   26  0.2499E-11  0.2499E-11
CALSDV   49   26  0.2439E-11  0.2439E-11
CALSDV   50   26  0.2562E-11  0.2562E-11
CALSDV   51   26  0.2543E-11  0.2543E-11
CALSDV   52   26  0.2622E-11  0.2622E-11
CALSDV   53   26  0.2622E-11  0.2621E-11
CALSDV   54   26  0.2675E-11  0.2674E-11
CALSDV   55   26  0.2673E-11  0.2671E-11
CALSDV   56   26  0.2720E-11  0.2718E-11
CALSDV   57   26  0.2700E-11  0.2698E-11
CALSDV   58   26  0.2756E-11  0.2755E-11
CALSDV   59   26  0.2771E-11  0.2769E-11
CALSDV   60   26  0.2818E-11  0.2816E-11
CALSDV   27   27  0.3491E-11  0.3481E-11
CALSDV   28   27  0.4856E-11  0.4852E-11
CALSDV   29   27  0.4288E-11  0.4286E-11
CALSDV   30   27  0.2556E-11  0.2554E-11
CALSDV   31   27  0.3601E-11  0.3608E-11
CALSDV   32   27  0.2908E-11  0.2905E-11
CALSDV   33   27  0.2728E-11  0.2733E-11
CALSDV   34   27  0.3066E-11  0.3063E-11
CALSDV   35   27  0.2361E-11  0.2361E-11
CALSDV   36   27  0.2913E-11  0.2909E-11
CALSDV   37   27  0.2392E-11  0.2388E-11
CALSDV   38   27  0.2674E-11  0.2669E-11
CALSDV   39   27  0.2544E-11  0.2540E-11
CALSDV   40   27  0.2488E-11  0.2483E-11
CALSDV   41   27  0.2681E-11  0.2679E-11
CALSDV   42   27  0.2406E-11  0.2400E-11
CALSDV   43   27  0.2774E-11  0.2774E-11
CALSDV   44   27  0.2419E-11  0.2413E-11
CALSDV   45   27  0.2829E-11  0.2831E-11
CALSDV   46   27  0.2489E-11  0.2484E-11
CALSDV   47   27  0.2858E-11  0.2861E-11
CALSDV   48   27  0.2584E-11  0.2580E-11
CALSDV   49   27  0.2870E-11  0.2873E-11
CALSDV   50   27  0.2680E-11  0.2676E-11
CALSDV   51   27  0.2870E-11  0.2873E-11
CALSDV   52   27  0.2763E-11  0.2759E-11
CALSDV   53   27  0.2862E-11  0.2864E-11
CALSDV   54   27  0.2824E-11  0.2821E-11
CALSDV   55   27  0.2842E-11  0.2843E-11
CALSDV   56   27  0.2859E-11  0.2856E-11
CALSDV   57   27  0.2814E-11  0.2816E-11
CALSDV   58   27  0.2873E-11  0.2872E-11
CALSDV   59   27  0.2843E-11  0.2843E-11
CALSDV   60   27  0.2907E-11  0.2905E-11
CALSDV   28   28  0.3658E-11  0.3705E-11
CALSDV   29   28  0.4873E-11  0.4878E-11
CALSDV   30   28  0.4378E-11  0.4378E-11
CALSDV   31   28  0.2725E-11  0.2728E-11
CALSDV   32   28  0.3775E-11  0.3773E-11
CALSDV   33   28  0.3113E-11  0.3115E-11
CALSDV   34   28  0.2968E-11  0.2964E-11
CALSDV   35   28  0.3184E-11  0.3188E-11
CALSDV   36   28  0.2542E-11  0.2540E-11
CALSDV   37   28  0.2921E-11  0.2926E-11
CALSDV   38   28  0.2422E-11  0.2423E-11
CALSDV   39   28  0.2584E-11  0.2591E-11
CALSDV   40   28  0.2427E-11  0.2428E-11
CALSDV   41   28  0.2343E-11  0.2350E-11
CALSDV   42   28  0.2462E-11  0.2464E-11
CALSDV   43   28  0.2256E-11  0.2264E-11
CALSDV   44   28  0.2504E-11  0.2505E-11
CALSDV   45   28  0.2305E-11  0.2312E-11
CALSDV   46   28  0.2553E-11  0.2554E-11
CALSDV   47   28  0.2425E-11  0.2430E-11
CALSDV   48   28  0.2612E-11  0.2613E-11
CALSDV   49   28  0.2565E-11  0.2569E-11
CALSDV   50   28  0.2678E-11  0.2679E-11
CALSDV   51   28  0.2690E-11  0.2693E-11
CALSDV   52   28  0.2746E-11  0.2747E-11
CALSDV   53   28  0.2784E-11  0.2786E-11
CALSDV   54   28  0.2808E-11  0.2810E-11
CALSDV   55   28  0.2837E-11  0.2839E-11
CALSDV   56   28  0.2856E-11  0.2857E-11
CALSDV   57   28  0.2851E-11  0.2853E-11
CALSDV   58   28  0.2885E-11  0.2887E-11
CALSDV   59   28  0.2890E-11  0.2892E-11
CALSDV   60   28  0.2924E-11  0.2925E-11
CALSDV   29   29  0.3375E-11  0.3377E-11
CALSDV   30   29  0.5105E-11  0.5099E-11
CALSDV   31   29  0.4583E-11  0.4600E-11
CALSDV   32   29  0.2816E-11  0.2820E-11
CALSDV   33   29  0.3862E-11  0.3877E-11
CALSDV   34   29  0.3171E-11  0.3167E-11
CALSDV   35   29  0.2928E-11  0.2930E-11
CALSDV   36   29  0.3280E-11  0.3279E-11
CALSDV   37   29  0.2515E-11  0.2513E-11
CALSDV   38   29  0.3081E-11  0.3077E-11
CALSDV   39   29  0.2526E-11  0.2517E-11
CALSDV   40   29  0.2827E-11  0.2820E-11
CALSDV   41   29  0.2668E-11  0.2660E-11
CALSDV   42   29  0.2664E-11  0.2657E-11
CALSDV   43   29  0.2801E-11  0.2799E-11
CALSDV   44   29  0.2632E-11  0.2628E-11
CALSDV   45   29  0.2897E-11  0.2897E-11
CALSDV   46   29  0.2702E-11  0.2696E-11
CALSDV   47   29  0.2960E-11  0.2961E-11
CALSDV   48   29  0.2815E-11  0.2809E-11
CALSDV   49   29  0.2999E-11  0.2999E-11
CALSDV   50   29  0.2931E-11  0.2927E-11
CALSDV   51   29  0.3019E-11  0.3018E-11
CALSDV   52   29  0.3026E-11  0.3021E-11
CALSDV   53   29  0.3021E-11  0.3020E-11
CALSDV   54   29  0.3086E-11  0.3080E-11
CALSDV   55   29  0.3004E-11  0.3003E-11
CALSDV   56   29  0.3103E-11  0.3098E-11
CALSDV   57   29  0.2965E-11  0.2962E-11
CALSDV   58   29  0.3081E-11  0.3076E-11
CALSDV   59   29  0.2962E-11  0.2960E-11
CALSDV   60   29  0.3062E-11  0.3059E-11
CALSDV   30   30  0.4076E-11  0.4063E-11
CALSDV   31   30  0.5179E-11  0.5205E-11
CALSDV   32   30  0.4633E-11  0.4651E-11
CALSDV   33   30  0.2901E-11  0.2904E-11
CALSDV   34   30  0.3922E-11  0.3936E-11
CALSDV   35   30  0.3299E-11  0.3307E-11
CALSDV   36   30  0.3122E-11  0.3133E-11
CALSDV   37   30  0.3387E-11  0.3389E-11
CALSDV   38   30  0.2781E-11  0.2793E-11
CALSDV   39   30  0.3128E-11  0.3131E-11
CALSDV   40   30  0.2736E-11  0.2749E-11
CALSDV   41   30  0.2808E-11  0.2812E-11
CALSDV   42   30  0.2771E-11  0.2785E-11
CALSDV   43   30  0.2601E-11  0.2606E-11
CALSDV   44   30  0.2806E-11  0.2821E-11
CALSDV   45   30  0.2556E-11  0.2562E-11
CALSDV   46   30  0.2834E-11  0.2849E-11
CALSDV   47   30  0.2634E-11  0.2638E-11
CALSDV   48   30  0.2865E-11  0.2880E-11
CALSDV   49   30  0.2763E-11  0.2768E-11
CALSDV   50   30  0.2907E-11  0.2921E-11
CALSDV   51   30  0.2893E-11  0.2897E-11
CALSDV   52   30  0.2957E-11  0.2969E-11
CALSDV   53   30  0.2990E-11  0.2994E-11
CALSDV   54   30  0.3007E-11  0.3016E-11
CALSDV   55   30  0.3038E-11  0.3041E-11
CALSDV   56   30  0.3041E-11  0.3048E-11
CALSDV   57   30  0.3032E-11  0.3035E-11
CALSDV   58   30  0.3051E-11  0.3056E-11
CALSDV   59   30  0.3024E-11  0.3030E-11
CALSDV   60   30  0.3049E-11  0.3056E-11
CALSDV   31   31  0.3645E-11  0.3661E-11
CALSDV   32   31  0.5385E-11  0.5357E-11
CALSDV   33   31  0.4775E-11  0.4816E-11
CALSDV   34   31  0.3142E-11  0.3138E-11
CALSDV   35   31  0.4123E-11  0.4141E-11
CALSDV   36   31  0.3514E-11  0.3503E-11
CALSDV   37   31  0.3238E-11  0.3235E-11
CALSDV   38   31  0.3563E-11  0.3544E-11
CALSDV   39   31  0.2800E-11  0.2792E-11
CALSDV   40   31  0.3284E-11  0.3278E-11
CALSDV   41   31  0.2711E-11  0.2710E-11
CALSDV   42   31  0.2986E-11  0.2989E-11
CALSDV   43   31  0.2751E-11  0.2761E-11
CALSDV   44   31  0.2832E-11  0.2842E-11
CALSDV   45   31  0.2820E-11  0.2832E-11
CALSDV   46   31  0.2849E-11  0.2859E-11
CALSDV   47   31  0.2888E-11  0.2897E-11
CALSDV   48   31  0.2970E-11  0.2978E-11
CALSDV   49   31  0.2953E-11  0.2958E-11
CALSDV   50   31  0.3120E-11  0.3125E-11
CALSDV   51   31  0.3013E-11  0.3013E-11
CALSDV   52   31  0.3250E-11  0.3248E-11
CALSDV   53   31  0.3061E-11  0.3057E-11
CALSDV   54   31  0.3328E-11  0.3325E-11
CALSDV   55   31  0.3083E-11  0.3078E-11
CALSDV   56   31  0.3343E-11  0.3339E-11
CALSDV   57   31  0.3069E-11  0.3064E-11
CALSDV   58   31  0.3295E-11  0.3292E-11
CALSDV   59   31  0.3057E-11  0.3055E-11
CALSDV   60   31  0.3222E-11  0.3221E-11
CALSDV   32   32  0.3642E-11  0.3633E-11
CALSDV   33   32  0.5258E-11  0.5263E-11
CALSDV   34   32  0.4772E-11  0.4771E-11
CALSDV   35   32  0.3041E-11  0.3045E-11
CALSDV   36   32  0.4007E-11  0.4007E-11
CALSDV   37   32  0.3565E-11  0.3566E-11
CALSDV   38   32  0.3181E-11  0.3182E-11
CALSDV   39   32  0.3626E-11  0.3625E-11
CALSDV   40   32  0.2875E-11  0.2875E-11
CALSDV   41   32  0.3307E-11  0.3297E-11
CALSDV   42   32  0.2865E-11  0.2862E-11
CALSDV   43   32  0.2937E-11  0.2925E-11
CALSDV   44   32  0.2911E-11  0.2914E-11
CALSDV   45   32  0.2719E-11  0.2710E-11
CALSDV   46   32  0.2948E-11  0.2956E-11
CALSDV   47   32  0.2699E-11  0.2696E-11
CALSDV   48   32  0.2980E-11  0.2992E-11
CALSDV   49   32  0.2814E-11  0.2813E-11
CALSDV   50   32  0.3023E-11  0.3036E-11
CALSDV   51   32  0.2971E-11  0.2972E-11
CALSDV   52   32  0.3082E-11  0.3092E-11
CALSDV   53   32  0.3109E-11  0.3109E-11
CALSDV   54   32  0.3144E-11  0.3151E-11
CALSDV   55   32  0.3185E-11  0.3185E-11
CALSDV   56   32  0.3189E-11  0.3193E-11
CALSDV   57   32  0.3186E-11  0.3186E-11
CALSDV   58   32  0.3198E-11  0.3200E-11
CALSDV   59   32  0.3155E-11  0.3155E-11
CALSDV   60   32  0.3175E-11  0.3177E-11
CALSDV   33   33  0.3789E-11  0.3764E-11
CALSDV   34   33  0.5396E-11  0.5405E-11
CALSDV   35   33  0.5166E-11  0.5167E-11
CALSDV   36   33  0.3116E-11  0.3122E-11
CALSDV   37   33  0.4317E-11  0.4323E-11
CALSDV   38   33  0.3621E-11  0.3628E-11
CALSDV   39   33  0.3254E-11  0.3263E-11
CALSDV   40   33  0.3662E-11  0.3667E-11
CALSDV   41   33  0.2853E-11  0.2856E-11
CALSDV   42   33  0.3334E-11  0.3337E-11
CALSDV   43   33  0.2947E-11  0.2946E-11
CALSDV   44   33  0.2992E-11  0.2994E-11
CALSDV   45   33  0.3171E-11  0.3166E-11
CALSDV   46   33  0.2836E-11  0.2836E-11
CALSDV   47   33  0.3361E-11  0.3355E-11
CALSDV   48   33  0.2885E-11  0.2885E-11
CALSDV   49   33  0.3482E-11  0.3475E-11
CALSDV   50   33  0.3050E-11  0.3050E-11
CALSDV   51   33  0.3540E-11  0.3535E-11
CALSDV   52   33  0.3235E-11  0.3235E-11
CALSDV   53   33  0.3545E-11  0.3541E-11
CALSDV   54   33  0.3376E-11  0.3376E-11
CALSDV   55   33  0.3496E-11  0.3493E-11
CALSDV   56   33  0.3441E-11  0.3441E-11
CALSDV   57   33  0.3390E-11  0.3389E-11
CALSDV   58   33  0.3419E-11  0.3418E-11
CALSDV   59   33  0.3274E-11  0.3271E-11
CALSDV   60   33  0.3333E-11  0.3332E-11
CALSDV   34   34  0.3587E-11  0.3581E-11
CALSDV   35   34  0.5364E-11  0.5374E-11
CALSDV   36   34  0.4996E-11  0.4994E-11
CALSDV   37   34  0.3177E-11  0.3171E-11
CALSDV   38   34  0.4150E-11  0.4147E-11
CALSDV   39   34  0.3815E-11  0.3812E-11
CALSDV   40   34  0.3303E-11  0.3299E-11
CALSDV   41   34  0.3878E-11  0.3868E-11
CALSDV   42   34  0.3020E-11  0.3019E-11
CALSDV   43   34  0.3537E-11  0.3523E-11
CALSDV   44   34  0.3024E-11  0.3025E-11
CALSDV   45   34  0.3174E-11  0.3157E-11
CALSDV   46   34  0.3073E-11  0.3071E-11
CALSDV   47   34  0.2997E-11  0.2978E-11
CALSDV   48   34  0.3112E-11  0.3106E-11
CALSDV   49   34  0.3021E-11  0.3005E-11
CALSDV   50   34  0.3153E-11  0.3143E-11
CALSDV   51   34  0.3156E-11  0.3144E-11
CALSDV   52   34  0.3211E-11  0.3201E-11
CALSDV   53   34  0.3299E-11  0.3291E-11
CALSDV   54   34  0.3282E-11  0.3272E-11
CALSDV   55   34  0.3386E-11  0.3381E-11
CALSDV   56   34  0.3338E-11  0.3331E-11
CALSDV   57   34  0.3378E-11  0.3376E-11
CALSDV   58   34  0.3349E-11  0.3345E-11
CALSDV   59   34  0.3304E-11  0.3304E-11
CALSDV   60   34  0.3302E-11  0.3300E-11
CALSDV   35   35  0.3763E-11  0.3766E-11
CALSDV   36   35  0.5573E-11  0.5570E-11
CALSDV   37   35  0.5494E-11  0.5490E-11
CALSDV   38   35  0.3293E-11  0.3293E-11
CALSDV   39   35  0.4570E-11  0.4568E-11
CALSDV   40   35  0.3872E-11  0.3878E-11
CALSDV   41   35  0.3454E-11  0.3454E-11
CALSDV   42   35  0.3875E-11  0.3882E-11
CALSDV   43   35  0.3045E-11  0.3047E-11
CALSDV   44   35  0.3501E-11  0.3507E-11
CALSDV   45   35  0.3144E-11  0.3146E-11
CALSDV   46   35  0.3162E-11  0.3166E-11
CALSDV   47   35  0.3369E-11  0.3366E-11
CALSDV   48   35  0.3061E-11  0.3061E-11
CALSDV   49   35  0.3554E-11  0.3549E-11
CALSDV   50   35  0.3179E-11  0.3176E-11
CALSDV   51   35  0.3666E-11  0.3660E-11
CALSDV   52   35  0.3383E-11  0.3381E-11
CALSDV   53   35  0.3708E-11  0.3703E-11
CALSDV   54   35  0.3563E-11  0.3562E-11
CALSDV   55   35  0.3680E-11  0.3676E-11
CALSDV   56   35  0.3655E-11  0.3654E-11
CALSDV   57   35  0.3573E-11  0.3570E-11
CALSDV   58   35  0.3629E-11  0.3627E-11
CALSDV   59   35  0.3417E-11  0.3415E-11
CALSDV   60   35  0.3497E-11  0.3496E-11
CALSDV   36   36  0.3769E-11  0.3758E-11
CALSDV   37   36  0.5542E-11  0.5537E-11
CALSDV   38   36  0.5266E-11  0.5268E-11
CALSDV   39   36  0.3349E-11  0.3348E-11
CALSDV   40   36  0.4325E-11  0.4323E-11
CALSDV   41   36  0.4070E-11  0.4068E-11
CALSDV   42   36  0.3461E-11  0.3459E-11
CALSDV   43   36  0.4126E-11  0.4123E-11
CALSDV   44   36  0.3230E-11  0.3223E-11
CALSDV   45   36  0.3788E-11  0.3782E-11
CALSDV   46   36  0.3271E-11  0.3262E-11
CALSDV   47   36  0.3469E-11  0.3466E-11
CALSDV   48   36  0.3333E-11  0.3323E-11
CALSDV   49   36  0.3360E-11  0.3355E-11
CALSDV   50   36  0.3374E-11  0.3367E-11
CALSDV   51   36  0.3428E-11  0.3426E-11
CALSDV   52   36  0.3419E-11  0.3415E-11
CALSDV   53   36  0.3555E-11  0.3556E-11
CALSDV   54   36  0.3476E-11  0.3475E-11
CALSDV   55   36  0.3638E-11  0.3637E-11
CALSDV   56   36  0.3527E-11  0.3527E-11
CALSDV   57   36  0.3613E-11  0.3610E-11
CALSDV   58   36  0.3531E-11  0.3529E-11
CALSDV   59   36  0.3482E-11  0.3479E-11
CALSDV   60   36  0.3450E-11  0.3447E-11
CALSDV   37   37  0.3629E-11  0.3625E-11
CALSDV   38   37  0.5738E-11  0.5737E-11
CALSDV   39   37  0.5805E-11  0.5805E-11
CALSDV   40   37  0.3481E-11  0.3481E-11
CALSDV   41   37  0.4788E-11  0.4788E-11
CALSDV   42   37  0.4120E-11  0.4124E-11
CALSDV   43   37  0.3627E-11  0.3630E-11
CALSDV   44   37  0.4066E-11  0.4066E-11
CALSDV   45   37  0.3230E-11  0.3230E-11
CALSDV   46   37  0.3634E-11  0.3633E-11
CALSDV   47   37  0.3334E-11  0.3334E-11
CALSDV   48   37  0.3298E-11  0.3295E-11
CALSDV   49   37  0.3548E-11  0.3544E-11
CALSDV   50   37  0.3257E-11  0.3252E-11
CALSDV   51   37  0.3717E-11  0.3711E-11
CALSDV   52   37  0.3438E-11  0.3432E-11
CALSDV   53   37  0.3811E-11  0.3806E-11
CALSDV   54   37  0.3665E-11  0.3659E-11
CALSDV   55   37  0.3822E-11  0.3818E-11
CALSDV   56   37  0.3811E-11  0.3808E-11
CALSDV   57   37  0.3733E-11  0.3731E-11
CALSDV   58   37  0.3810E-11  0.3810E-11
CALSDV   59   37  0.3554E-11  0.3555E-11
CALSDV   60   37  0.3653E-11  0.3652E-11
CALSDV   38   38  0.3887E-11  0.3888E-11
CALSDV   39   38  0.5697E-11  0.5728E-11
CALSDV   40   38  0.5511E-11  0.5533E-11
CALSDV   41   38  0.3545E-11  0.3560E-11
CALSDV   42   38  0.4474E-11  0.4497E-11
CALSDV   43   38  0.4317E-11  0.4330E-11
CALSDV   44   38  0.3618E-11  0.3629E-11
CALSDV   45   38  0.4342E-11  0.4363E-11
CALSDV   46   38  0.3438E-11  0.3440E-11
CALSDV   47   38  0.4003E-11  0.4032E-11
CALSDV   48   38  0.3499E-11  0.3503E-11
CALSDV   49   38  0.3749E-11  0.3778E-11
CALSDV   50   38  0.3556E-11  0.3568E-11
CALSDV   51   38  0.3712E-11  0.3743E-11
CALSDV   52   38  0.3596E-11  0.3615E-11
CALSDV   53   38  0.3811E-11  0.3838E-11
CALSDV   54   38  0.3644E-11  0.3667E-11
CALSDV   55   38  0.3894E-11  0.3916E-11
CALSDV   56   38  0.3692E-11  0.3715E-11
CALSDV   57   38  0.3854E-11  0.3873E-11
CALSDV   58   38  0.3693E-11  0.3715E-11
CALSDV   59   38  0.3667E-11  0.3681E-11
CALSDV   60   38  0.3591E-11  0.3600E-11
CALSDV   39   39  0.3707E-11  0.3685E-11
CALSDV   40   39  0.5906E-11  0.5914E-11
CALSDV   41   39  0.6156E-11  0.6161E-11
CALSDV   42   39  0.3740E-11  0.3746E-11
CALSDV   43   39  0.5015E-11  0.5020E-11
CALSDV   44   39  0.4411E-11  0.4417E-11
CALSDV   45   39  0.3796E-11  0.3800E-11
CALSDV   46   39  0.4265E-11  0.4265E-11
CALSDV   47   39  0.3429E-11  0.3429E-11
CALSDV   48   39  0.3768E-11  0.3764E-11
CALSDV   49   39  0.3576E-11  0.3571E-11
CALSDV   50   39  0.3454E-11  0.3448E-11
CALSDV   51   39  0.3805E-11  0.3800E-11
CALSDV   52   39  0.3489E-11  0.3488E-11
CALSDV   53   39  0.3964E-11  0.3960E-11
CALSDV   54   39  0.3722E-11  0.3725E-11
CALSDV   55   39  0.4018E-11  0.4014E-11
CALSDV   56   39  0.3934E-11  0.3936E-11
CALSDV   57   39  0.3941E-11  0.3938E-11
CALSDV   58   39  0.3984E-11  0.3986E-11
CALSDV   59   39  0.3724E-11  0.3724E-11
CALSDV   60   39  0.3814E-11  0.3816E-11
CALSDV   40   40  0.4140E-11  0.4124E-11
CALSDV   41   40  0.5988E-11  0.5996E-11
CALSDV   42   40  0.6043E-11  0.6038E-11
CALSDV   43   40  0.3850E-11  0.3848E-11
CALSDV   44   40  0.4834E-11  0.4828E-11
CALSDV   45   40  0.4635E-11  0.4628E-11
CALSDV   46   40  0.3843E-11  0.3841E-11
CALSDV   47   40  0.4659E-11  0.4651E-11
CALSDV   48   40  0.3727E-11  0.3728E-11
CALSDV   49   40  0.4378E-11  0.4373E-11
CALSDV   50   40  0.3934E-11  0.3930E-11
CALSDV   51   40  0.4218E-11  0.4214E-11
CALSDV   52   40  0.4109E-11  0.4097E-11
CALSDV   53   40  0.4231E-11  0.4231E-11
CALSDV   54   40  0.4192E-11  0.4178E-11
CALSDV   55   40  0.4277E-11  0.4277E-11
CALSDV   56   40  0.4194E-11  0.4181E-11
CALSDV   57   40  0.4196E-11  0.4195E-11
CALSDV   58   40  0.4099E-11  0.4090E-11
CALSDV   59   40  0.3916E-11  0.3915E-11
CALSDV   60   40  0.3860E-11  0.3852E-11
CALSDV   41   41  0.3987E-11  0.3986E-11
CALSDV   42   41  0.6174E-11  0.6167E-11
CALSDV   43   41  0.6546E-11  0.6546E-11
CALSDV   44   41  0.4140E-11  0.4140E-11
CALSDV   45   41  0.5244E-11  0.5248E-11
CALSDV   46   41  0.4808E-11  0.4810E-11
CALSDV   47   41  0.3982E-11  0.3982E-11
CALSDV   48   41  0.4557E-11  0.4561E-11
CALSDV   49   41  0.3689E-11  0.3693E-11
CALSDV   50   41  0.4007E-11  0.4010E-11
CALSDV   51   41  0.3905E-11  0.3902E-11
CALSDV   52   41  0.3734E-11  0.3735E-11
CALSDV   53   41  0.4144E-11  0.4140E-11
CALSDV   54   41  0.3835E-11  0.3834E-11
CALSDV   55   41  0.4254E-11  0.4249E-11
CALSDV   56   41  0.4063E-11  0.4058E-11
CALSDV   57   41  0.4190E-11  0.4186E-11
CALSDV   58   41  0.4162E-11  0.4159E-11
CALSDV   59   41  0.3925E-11  0.3923E-11
CALSDV   60   41  0.3988E-11  0.3986E-11
CALSDV   42   42  0.4340E-11  0.4315E-11
CALSDV   43   42  0.6309E-11  0.6326E-11
CALSDV   44   42  0.6748E-11  0.6769E-11
CALSDV   45   42  0.4203E-11  0.4231E-11
CALSDV   46   42  0.5283E-11  0.5287E-11
CALSDV   47   42  0.4921E-11  0.4938E-11
CALSDV   48   42  0.4076E-11  0.4066E-11
CALSDV   49   42  0.4863E-11  0.4873E-11
CALSDV   50   42  0.4066E-11  0.4061E-11
CALSDV   51   42  0.4582E-11  0.4587E-11
CALSDV   52   42  0.4478E-11  0.4485E-11
CALSDV   53   42  0.4473E-11  0.4475E-11
CALSDV   54   42  0.4765E-11  0.4781E-11
CALSDV   55   42  0.4493E-11  0.4493E-11
CALSDV   56   42  0.4818E-11  0.4833E-11
CALSDV   57   42  0.4430E-11  0.4427E-11
CALSDV   58   42  0.4636E-11  0.4647E-11
CALSDV   59   42  0.4121E-11  0.4119E-11
CALSDV   60   42  0.4215E-11  0.4221E-11
CALSDV   43   43  0.4231E-11  0.4229E-11
CALSDV   44   43  0.6388E-11  0.6401E-11
CALSDV   45   43  0.6963E-11  0.6957E-11
CALSDV   46   43  0.4503E-11  0.4506E-11
CALSDV   47   43  0.5446E-11  0.5439E-11
CALSDV   48   43  0.5147E-11  0.5144E-11
CALSDV   49   43  0.4158E-11  0.4158E-11
CALSDV   50   43  0.4792E-11  0.4790E-11
CALSDV   51   43  0.4010E-11  0.4014E-11
CALSDV   52   43  0.4234E-11  0.4229E-11
CALSDV   53   43  0.4307E-11  0.4315E-11
CALSDV   54   43  0.4045E-11  0.4041E-11
CALSDV   55   43  0.4517E-11  0.4521E-11
CALSDV   56   43  0.4194E-11  0.4192E-11
CALSDV   57   43  0.4485E-11  0.4486E-11
CALSDV   58   43  0.4330E-11  0.4326E-11
CALSDV   59   43  0.4165E-11  0.4164E-11
CALSDV   60   43  0.4166E-11  0.4164E-11
CALSDV   44   44  0.4418E-11  0.4409E-11
CALSDV   45   44  0.6706E-11  0.6713E-11
CALSDV   46   44  0.7308E-11  0.7317E-11
CALSDV   47   44  0.4659E-11  0.4650E-11
CALSDV   48   44  0.5584E-11  0.5596E-11
CALSDV   49   44  0.5287E-11  0.5298E-11
CALSDV   50   44  0.4273E-11  0.4281E-11
CALSDV   51   44  0.5159E-11  0.5181E-11
CALSDV   52   44  0.4396E-11  0.4397E-11
CALSDV   53   44  0.4893E-11  0.4915E-11
CALSDV   54   44  0.4909E-11  0.4902E-11
CALSDV   55   44  0.4796E-11  0.4810E-11
CALSDV   56   44  0.5160E-11  0.5153E-11
CALSDV   57   44  0.4702E-11  0.4713E-11
CALSDV   58   44  0.5033E-11  0.5028E-11
CALSDV   59   44  0.4351E-11  0.4356E-11
CALSDV   60   44  0.4524E-11  0.4522E-11
CALSDV   45   45  0.4742E-11  0.4748E-11
CALSDV   46   45  0.6737E-11  0.6747E-11
CALSDV   47   45  0.7478E-11  0.7460E-11
CALSDV   48   45  0.4880E-11  0.4882E-11
CALSDV   49   45  0.5666E-11  0.5665E-11
CALSDV   50   45  0.5518E-11  0.5495E-11
CALSDV   51   45  0.4487E-11  0.4495E-11
CALSDV   52   45  0.5171E-11  0.5129E-11
CALSDV   53   45  0.4616E-11  0.4630E-11
CALSDV   54   45  0.4710E-11  0.4665E-11
CALSDV   55   45  0.4964E-11  0.4978E-11
CALSDV   56   45  0.4599E-11  0.4560E-11
CALSDV   57   45  0.4971E-11  0.4983E-11
CALSDV   58   45  0.4629E-11  0.4610E-11
CALSDV   59   45  0.4528E-11  0.4534E-11
CALSDV   60   45  0.4403E-11  0.4397E-11
CALSDV   46   46  0.4864E-11  0.4906E-11
CALSDV   47   46  0.7232E-11  0.7272E-11
CALSDV   48   46  0.7759E-11  0.7809E-11
CALSDV   49   46  0.5258E-11  0.5250E-11
CALSDV   50   46  0.5975E-11  0.5993E-11
CALSDV   51   46  0.5863E-11  0.5824E-11
CALSDV   52   46  0.4683E-11  0.4685E-11
CALSDV   53   46  0.5692E-11  0.5644E-11
CALSDV   54   46  0.4744E-11  0.4755E-11
CALSDV   55   46  0.5374E-11  0.5334E-11
CALSDV   56   46  0.5108E-11  0.5121E-11
CALSDV   57   46  0.5106E-11  0.5085E-11
CALSDV   58   46  0.5153E-11  0.5162E-11
CALSDV   59   46  0.4636E-11  0.4632E-11
CALSDV   60   46  0.4707E-11  0.4714E-11
CALSDV   47   47  0.4615E-11  0.4643E-11
CALSDV   48   47  0.7004E-11  0.7031E-11
CALSDV   49   47  0.7819E-11  0.7821E-11
CALSDV   50   47  0.5302E-11  0.5292E-11
CALSDV   51   47  0.5710E-11  0.5713E-11
CALSDV   52   47  0.5829E-11  0.5842E-11
CALSDV   53   47  0.4674E-11  0.4670E-11
CALSDV   54   47  0.5409E-11  0.5443E-11
CALSDV   55   47  0.4997E-11  0.4996E-11
CALSDV   56   47  0.5011E-11  0.5055E-11
CALSDV   57   47  0.5235E-11  0.5237E-11
CALSDV   58   47  0.4900E-11  0.4937E-11
CALSDV   59   47  0.4841E-11  0.4841E-11
CALSDV   60   47  0.4640E-11  0.4657E-11
CALSDV   48   48  0.4562E-11  0.4588E-11
CALSDV   49   48  0.7375E-11  0.7378E-11
CALSDV   50   48  0.8165E-11  0.8164E-11
CALSDV   51   48  0.5355E-11  0.5349E-11
CALSDV   52   48  0.5802E-11  0.5809E-11
CALSDV   53   48  0.5683E-11  0.5681E-11
CALSDV   54   48  0.4717E-11  0.4721E-11
CALSDV   55   48  0.5380E-11  0.5384E-11
CALSDV   56   48  0.5246E-11  0.5249E-11
CALSDV   57   48  0.5122E-11  0.5121E-11
CALSDV   58   48  0.5601E-11  0.5603E-11
CALSDV   59   48  0.4764E-11  0.4767E-11
CALSDV   60   48  0.5157E-11  0.5159E-11
CALSDV   49   49  0.4264E-11  0.4263E-11
CALSDV   50   49  0.7213E-11  0.7237E-11
CALSDV   51   49  0.8014E-11  0.8018E-11
CALSDV   52   49  0.5647E-11  0.5653E-11
CALSDV   53   49  0.5559E-11  0.5551E-11
CALSDV   54   49  0.6101E-11  0.6140E-11
CALSDV   55   49  0.4805E-11  0.4796E-11
CALSDV   56   49  0.5670E-11  0.5728E-11
CALSDV   57   49  0.5246E-11  0.5239E-11
CALSDV   58   49  0.5309E-11  0.5352E-11
CALSDV   59   49  0.5093E-11  0.5085E-11
CALSDV   60   49  0.4927E-11  0.4949E-11
CALSDV   50   50  0.4402E-11  0.4409E-11
CALSDV   51   50  0.7913E-11  0.7908E-11
CALSDV   52   50  0.8431E-11  0.8427E-11
CALSDV   53   50  0.5724E-11  0.5716E-11
CALSDV   54   50  0.5721E-11  0.5726E-11
CALSDV   55   50  0.6240E-11  0.6234E-11
CALSDV   56   50  0.5011E-11  0.5017E-11
CALSDV   57   50  0.5996E-11  0.5992E-11
CALSDV   58   50  0.5602E-11  0.5606E-11
CALSDV   59   50  0.5319E-11  0.5318E-11
CALSDV   60   50  0.5426E-11  0.5426E-11
CALSDV   51   51  0.4057E-11  0.4073E-11
CALSDV   52   51  0.7815E-11  0.7821E-11
CALSDV   53   51  0.8090E-11  0.8097E-11
CALSDV   54   51  0.6069E-11  0.6075E-11
CALSDV   55   51  0.5456E-11  0.5449E-11
CALSDV   56   51  0.6654E-11  0.6659E-11
CALSDV   57   51  0.5200E-11  0.5189E-11
CALSDV   58   51  0.6282E-11  0.6287E-11
CALSDV   59   51  0.5344E-11  0.5341E-11
CALSDV   60   51  0.5520E-11  0.5521E-11
CALSDV   52   52  0.4123E-11  0.4124E-11
CALSDV   53   52  0.8210E-11  0.8226E-11
CALSDV   54   52  0.8412E-11  0.8417E-11
CALSDV   55   52  0.6040E-11  0.6040E-11
CALSDV   56   52  0.5505E-11  0.5501E-11
CALSDV   57   52  0.6658E-11  0.6668E-11
CALSDV   58   52  0.5365E-11  0.5364E-11
CALSDV   59   52  0.5974E-11  0.5977E-11
CALSDV   60   52  0.5612E-11  0.5616E-11
CALSDV   53   53  0.3607E-11  0.3574E-11
CALSDV   54   53  0.8229E-11  0.8247E-11
CALSDV   55   53  0.7916E-11  0.7906E-11
CALSDV   56   53  0.6458E-11  0.6507E-11
CALSDV   57   53  0.5451E-11  0.5436E-11
CALSDV   58   53  0.7090E-11  0.7184E-11
CALSDV   59   53  0.5503E-11  0.5489E-11
CALSDV   60   53  0.6255E-11  0.6327E-11
CALSDV   54   54  0.3840E-11  0.3852E-11
CALSDV   55   54  0.7897E-11  0.7903E-11
CALSDV   56   54  0.8064E-11  0.8040E-11
CALSDV   57   54  0.6502E-11  0.6499E-11
CALSDV   58   54  0.5381E-11  0.5343E-11
CALSDV   59   54  0.6721E-11  0.6723E-11
CALSDV   60   54  0.5690E-11  0.5661E-11
CALSDV   55   55  0.4049E-11  0.3990E-11
CALSDV   56   55  0.8169E-11  0.8166E-11
CALSDV   57   55  0.7920E-11  0.7930E-11
CALSDV   58   55  0.7162E-11  0.7166E-11
CALSDV   59   55  0.6108E-11  0.6102E-11
CALSDV   60   55  0.7338E-11  0.7343E-11
CALSDV   56   56  0.4100E-11  0.4082E-11
CALSDV   57   56  0.6908E-11  0.6926E-11
CALSDV   58   56  0.7841E-11  0.7858E-11
CALSDV   59   56  0.7235E-11  0.7248E-11
CALSDV   60   56  0.6015E-11  0.6025E-11
CALSDV   57   57  0.4736E-11  0.4730E-11
CALSDV   58   57  0.7080E-11  0.7078E-11
CALSDV   59   57  0.8674E-11  0.8669E-11
CALSDV   60   57  0.7655E-11  0.7653E-11
CALSDV   58   58  0.4628E-11  0.4596E-11
CALSDV   59   58  0.5838E-11  0.5882E-11
CALSDV   60   58  0.8701E-11  0.8669E-11
CALSDV   59   59  0.3984E-11  0.3962E-11
CALSDV   60   59  0.5921E-11  0.5988E-11
CALSDV   60   60  0.4748E-11  0.4700E-11
