  This file contains calibrated standard deviations 
       The relevant data lines start with key CALSDV 
       Each such line contains the following data 
           N   M   C_SIGMA   S_SIGMA 
                 FOR M=0 S_SIGMA=0.0 
     
CALSDV    0    0  0.0000E+00  0.0000E+00
CALSDV    1    0  0.0000E+00  0.0000E+00
CALSDV    2    0  0.2350E-09  0.0000E+00
CALSDV    3    0  0.3298E-10  0.0000E+00
CALSDV    4    0  0.1157E-10  0.0000E+00
CALSDV    5    0  0.4222E-11  0.0000E+00
CALSDV    6    0  0.2708E-11  0.0000E+00
CALSDV    7    0  0.2692E-11  0.0000E+00
CALSDV    8    0  0.2572E-11  0.0000E+00
CALSDV    9    0  0.2685E-11  0.0000E+00
CALSDV   10    0  0.3003E-11  0.0000E+00
CALSDV   11    0  0.2509E-11  0.0000E+00
CALSDV   12    0  0.2237E-11  0.0000E+00
CALSDV   13    0  0.2107E-11  0.0000E+00
CALSDV   14    0  0.2221E-11  0.0000E+00
CALSDV   15    0  0.2019E-11  0.0000E+00
CALSDV   16    0  0.1987E-11  0.0000E+00
CALSDV   17    0  0.1819E-11  0.0000E+00
CALSDV   18    0  0.1772E-11  0.0000E+00
CALSDV   19    0  0.1708E-11  0.0000E+00
CALSDV   20    0  0.1794E-11  0.0000E+00
CALSDV   21    0  0.1716E-11  0.0000E+00
CALSDV   22    0  0.1694E-11  0.0000E+00
CALSDV   23    0  0.1585E-11  0.0000E+00
CALSDV   24    0  0.1615E-11  0.0000E+00
CALSDV   25    0  0.1611E-11  0.0000E+00
CALSDV   26    0  0.1680E-11  0.0000E+00
CALSDV   27    0  0.1606E-11  0.0000E+00
CALSDV   28    0  0.1603E-11  0.0000E+00
CALSDV   29    0  0.1539E-11  0.0000E+00
CALSDV   30    0  0.1618E-11  0.0000E+00
CALSDV   31    0  0.1633E-11  0.0000E+00
CALSDV   32    0  0.1675E-11  0.0000E+00
CALSDV   33    0  0.1553E-11  0.0000E+00
CALSDV   34    0  0.1595E-11  0.0000E+00
CALSDV   35    0  0.1622E-11  0.0000E+00
CALSDV   36    0  0.1711E-11  0.0000E+00
CALSDV   37    0  0.1605E-11  0.0000E+00
CALSDV   38    0  0.1636E-11  0.0000E+00
CALSDV   39    0  0.1599E-11  0.0000E+00
CALSDV   40    0  0.1707E-11  0.0000E+00
CALSDV   41    0  0.1634E-11  0.0000E+00
CALSDV   42    0  0.1673E-11  0.0000E+00
CALSDV   43    0  0.1567E-11  0.0000E+00
CALSDV   44    0  0.1685E-11  0.0000E+00
CALSDV   45    0  0.1564E-11  0.0000E+00
CALSDV   46    0  0.1607E-11  0.0000E+00
CALSDV   47    0  0.1535E-11  0.0000E+00
CALSDV   48    0  0.1652E-11  0.0000E+00
CALSDV   49    0  0.1234E-11  0.0000E+00
CALSDV   50    0  0.1308E-11  0.0000E+00
CALSDV   51    0  0.1310E-11  0.0000E+00
CALSDV   52    0  0.1358E-11  0.0000E+00
CALSDV   53    0  0.1339E-11  0.0000E+00
CALSDV   54    0  0.1403E-11  0.0000E+00
CALSDV   55    0  0.1360E-11  0.0000E+00
CALSDV   56    0  0.1416E-11  0.0000E+00
CALSDV   57    0  0.1442E-11  0.0000E+00
CALSDV   58    0  0.1498E-11  0.0000E+00
CALSDV   59    0  0.1402E-11  0.0000E+00
CALSDV   60    0  0.1454E-11  0.0000E+00
CALSDV    1    1  0.0000E+00  0.0000E+00
CALSDV    2    1  0.6676E-10  0.6633E-10
CALSDV    3    1  0.2540E-10  0.2626E-10
CALSDV    4    1  0.1064E-10  0.1088E-10
CALSDV    5    1  0.3673E-11  0.3725E-11
CALSDV    6    1  0.2741E-11  0.2767E-11
CALSDV    7    1  0.2707E-11  0.2736E-11
CALSDV    8    1  0.2611E-11  0.2637E-11
CALSDV    9    1  0.2577E-11  0.2607E-11
CALSDV   10    1  0.2586E-11  0.2623E-11
CALSDV   11    1  0.2527E-11  0.2565E-11
CALSDV   12    1  0.2309E-11  0.2345E-11
CALSDV   13    1  0.2194E-11  0.2227E-11
CALSDV   14    1  0.2048E-11  0.2079E-11
CALSDV   15    1  0.1893E-11  0.1921E-11
CALSDV   16    1  0.1849E-11  0.1878E-11
CALSDV   17    1  0.1881E-11  0.1908E-11
CALSDV   18    1  0.1813E-11  0.1840E-11
CALSDV   19    1  0.1686E-11  0.1711E-11
CALSDV   20    1  0.1649E-11  0.1673E-11
CALSDV   21    1  0.1637E-11  0.1661E-11
CALSDV   22    1  0.1641E-11  0.1665E-11
CALSDV   23    1  0.1636E-11  0.1660E-11
CALSDV   24    1  0.1618E-11  0.1643E-11
CALSDV   25    1  0.1529E-11  0.1552E-11
CALSDV   26    1  0.1544E-11  0.1566E-11
CALSDV   27    1  0.1583E-11  0.1606E-11
CALSDV   28    1  0.1604E-11  0.1629E-11
CALSDV   29    1  0.1540E-11  0.1562E-11
CALSDV   30    1  0.1550E-11  0.1573E-11
CALSDV   31    1  0.1536E-11  0.1558E-11
CALSDV   32    1  0.1582E-11  0.1605E-11
CALSDV   33    1  0.1578E-11  0.1601E-11
CALSDV   34    1  0.1601E-11  0.1624E-11
CALSDV   35    1  0.1520E-11  0.1541E-11
CALSDV   36    1  0.1571E-11  0.1594E-11
CALSDV   37    1  0.1603E-11  0.1626E-11
CALSDV   38    1  0.1644E-11  0.1668E-11
CALSDV   39    1  0.1514E-11  0.1534E-11
CALSDV   40    1  0.1571E-11  0.1592E-11
CALSDV   41    1  0.1608E-11  0.1632E-11
CALSDV   42    1  0.1662E-11  0.1685E-11
CALSDV   43    1  0.1474E-11  0.1492E-11
CALSDV   44    1  0.1541E-11  0.1561E-11
CALSDV   45    1  0.1552E-11  0.1572E-11
CALSDV   46    1  0.1604E-11  0.1625E-11
CALSDV   47    1  0.1407E-11  0.1422E-11
CALSDV   48    1  0.1489E-11  0.1506E-11
CALSDV   49    1  0.1215E-11  0.1224E-11
CALSDV   50    1  0.1266E-11  0.1275E-11
CALSDV   51    1  0.1295E-11  0.1305E-11
CALSDV   52    1  0.1343E-11  0.1354E-11
CALSDV   53    1  0.1315E-11  0.1324E-11
CALSDV   54    1  0.1370E-11  0.1379E-11
CALSDV   55    1  0.1352E-11  0.1359E-11
CALSDV   56    1  0.1405E-11  0.1413E-11
CALSDV   57    1  0.1439E-11  0.1446E-11
CALSDV   58    1  0.1494E-11  0.1503E-11
CALSDV   59    1  0.1402E-11  0.1409E-11
CALSDV   60    1  0.1454E-11  0.1460E-11
CALSDV    2    2  0.5623E-10  0.5126E-10
CALSDV    3    2  0.2728E-10  0.2840E-10
CALSDV    4    2  0.1563E-10  0.1522E-10
CALSDV    5    2  0.5577E-11  0.5579E-11
CALSDV    6    2  0.3081E-11  0.3081E-11
CALSDV    7    2  0.2845E-11  0.2841E-11
CALSDV    8    2  0.2785E-11  0.2762E-11
CALSDV    9    2  0.2673E-11  0.2670E-11
CALSDV   10    2  0.2791E-11  0.2789E-11
CALSDV   11    2  0.2464E-11  0.2457E-11
CALSDV   12    2  0.2303E-11  0.2298E-11
CALSDV   13    2  0.2185E-11  0.2183E-11
CALSDV   14    2  0.2222E-11  0.2216E-11
CALSDV   15    2  0.1992E-11  0.1986E-11
CALSDV   16    2  0.1885E-11  0.1882E-11
CALSDV   17    2  0.1774E-11  0.1772E-11
CALSDV   18    2  0.1810E-11  0.1808E-11
CALSDV   19    2  0.1747E-11  0.1743E-11
CALSDV   20    2  0.1736E-11  0.1731E-11
CALSDV   21    2  0.1616E-11  0.1613E-11
CALSDV   22    2  0.1614E-11  0.1611E-11
CALSDV   23    2  0.1600E-11  0.1597E-11
CALSDV   24    2  0.1647E-11  0.1644E-11
CALSDV   25    2  0.1577E-11  0.1574E-11
CALSDV   26    2  0.1567E-11  0.1565E-11
CALSDV   27    2  0.1511E-11  0.1508E-11
CALSDV   28    2  0.1571E-11  0.1568E-11
CALSDV   29    2  0.1575E-11  0.1572E-11
CALSDV   30    2  0.1599E-11  0.1596E-11
CALSDV   31    2  0.1488E-11  0.1485E-11
CALSDV   32    2  0.1529E-11  0.1526E-11
CALSDV   33    2  0.1570E-11  0.1568E-11
CALSDV   34    2  0.1631E-11  0.1629E-11
CALSDV   35    2  0.1506E-11  0.1504E-11
CALSDV   36    2  0.1537E-11  0.1534E-11
CALSDV   37    2  0.1555E-11  0.1553E-11
CALSDV   38    2  0.1638E-11  0.1636E-11
CALSDV   39    2  0.1523E-11  0.1521E-11
CALSDV   40    2  0.1557E-11  0.1555E-11
CALSDV   41    2  0.1541E-11  0.1539E-11
CALSDV   42    2  0.1633E-11  0.1631E-11
CALSDV   43    2  0.1468E-11  0.1465E-11
CALSDV   44    2  0.1515E-11  0.1513E-11
CALSDV   45    2  0.1518E-11  0.1516E-11
CALSDV   46    2  0.1600E-11  0.1598E-11
CALSDV   47    2  0.1306E-11  0.1305E-11
CALSDV   48    2  0.1388E-11  0.1387E-11
CALSDV   49    2  0.1250E-11  0.1250E-11
CALSDV   50    2  0.1301E-11  0.1300E-11
CALSDV   51    2  0.1283E-11  0.1283E-11
CALSDV   52    2  0.1336E-11  0.1336E-11
CALSDV   53    2  0.1309E-11  0.1309E-11
CALSDV   54    2  0.1364E-11  0.1364E-11
CALSDV   55    2  0.1360E-11  0.1360E-11
CALSDV   56    2  0.1413E-11  0.1413E-11
CALSDV   57    2  0.1448E-11  0.1449E-11
CALSDV   58    2  0.1504E-11  0.1504E-11
CALSDV   59    2  0.1423E-11  0.1423E-11
CALSDV   60    2  0.1474E-11  0.1474E-11
CALSDV    3    3  0.5710E-10  0.5886E-10
CALSDV    4    3  0.1960E-10  0.1925E-10
CALSDV    5    3  0.1133E-10  0.1127E-10
CALSDV    6    3  0.5596E-11  0.5562E-11
CALSDV    7    3  0.4824E-11  0.4815E-11
CALSDV    8    3  0.3401E-11  0.3389E-11
CALSDV    9    3  0.3327E-11  0.3323E-11
CALSDV   10    3  0.3024E-11  0.3021E-11
CALSDV   11    3  0.2965E-11  0.2958E-11
CALSDV   12    3  0.2624E-11  0.2616E-11
CALSDV   13    3  0.2351E-11  0.2343E-11
CALSDV   14    3  0.2180E-11  0.2176E-11
CALSDV   15    3  0.2179E-11  0.2173E-11
CALSDV   16    3  0.2036E-11  0.2024E-11
CALSDV   17    3  0.1874E-11  0.1867E-11
CALSDV   18    3  0.1763E-11  0.1756E-11
CALSDV   19    3  0.1744E-11  0.1739E-11
CALSDV   20    3  0.1724E-11  0.1721E-11
CALSDV   21    3  0.1711E-11  0.1704E-11
CALSDV   22    3  0.1679E-11  0.1672E-11
CALSDV   23    3  0.1572E-11  0.1567E-11
CALSDV   24    3  0.1562E-11  0.1557E-11
CALSDV   25    3  0.1618E-11  0.1612E-11
CALSDV   26    3  0.1622E-11  0.1615E-11
CALSDV   27    3  0.1526E-11  0.1520E-11
CALSDV   28    3  0.1518E-11  0.1513E-11
CALSDV   29    3  0.1519E-11  0.1514E-11
CALSDV   30    3  0.1560E-11  0.1554E-11
CALSDV   31    3  0.1540E-11  0.1534E-11
CALSDV   32    3  0.1550E-11  0.1544E-11
CALSDV   33    3  0.1488E-11  0.1484E-11
CALSDV   34    3  0.1535E-11  0.1528E-11
CALSDV   35    3  0.1551E-11  0.1545E-11
CALSDV   36    3  0.1578E-11  0.1572E-11
CALSDV   37    3  0.1477E-11  0.1472E-11
CALSDV   38    3  0.1536E-11  0.1530E-11
CALSDV   39    3  0.1544E-11  0.1537E-11
CALSDV   40    3  0.1581E-11  0.1575E-11
CALSDV   41    3  0.1459E-11  0.1454E-11
CALSDV   42    3  0.1531E-11  0.1525E-11
CALSDV   43    3  0.1488E-11  0.1483E-11
CALSDV   44    3  0.1526E-11  0.1521E-11
CALSDV   45    3  0.1448E-11  0.1443E-11
CALSDV   46    3  0.1531E-11  0.1526E-11
CALSDV   47    3  0.1255E-11  0.1253E-11
CALSDV   48    3  0.1306E-11  0.1303E-11
CALSDV   49    3  0.1298E-11  0.1296E-11
CALSDV   50    3  0.1348E-11  0.1346E-11
CALSDV   51    3  0.1275E-11  0.1272E-11
CALSDV   52    3  0.1328E-11  0.1325E-11
CALSDV   53    3  0.1314E-11  0.1313E-11
CALSDV   54    3  0.1364E-11  0.1362E-11
CALSDV   55    3  0.1375E-11  0.1373E-11
CALSDV   56    3  0.1428E-11  0.1426E-11
CALSDV   57    3  0.1464E-11  0.1462E-11
CALSDV   58    3  0.1520E-11  0.1518E-11
CALSDV   59    3  0.1462E-11  0.1460E-11
CALSDV   60    3  0.1513E-11  0.1511E-11
CALSDV    4    4  0.2579E-10  0.2587E-10
CALSDV    5    4  0.2289E-10  0.2276E-10
CALSDV    6    4  0.8391E-11  0.8508E-11
CALSDV    7    4  0.6389E-11  0.6374E-11
CALSDV    8    4  0.3755E-11  0.3783E-11
CALSDV    9    4  0.3891E-11  0.3878E-11
CALSDV   10    4  0.3107E-11  0.3129E-11
CALSDV   11    4  0.3097E-11  0.3101E-11
CALSDV   12    4  0.2878E-11  0.2887E-11
CALSDV   13    4  0.2544E-11  0.2553E-11
CALSDV   14    4  0.2325E-11  0.2333E-11
CALSDV   15    4  0.2067E-11  0.2067E-11
CALSDV   16    4  0.2135E-11  0.2138E-11
CALSDV   17    4  0.1965E-11  0.1969E-11
CALSDV   18    4  0.1906E-11  0.1907E-11
CALSDV   19    4  0.1744E-11  0.1745E-11
CALSDV   20    4  0.1723E-11  0.1724E-11
CALSDV   21    4  0.1708E-11  0.1708E-11
CALSDV   22    4  0.1755E-11  0.1759E-11
CALSDV   23    4  0.1635E-11  0.1637E-11
CALSDV   24    4  0.1598E-11  0.1600E-11
CALSDV   25    4  0.1520E-11  0.1521E-11
CALSDV   26    4  0.1571E-11  0.1573E-11
CALSDV   27    4  0.1568E-11  0.1570E-11
CALSDV   28    4  0.1580E-11  0.1583E-11
CALSDV   29    4  0.1478E-11  0.1480E-11
CALSDV   30    4  0.1512E-11  0.1514E-11
CALSDV   31    4  0.1542E-11  0.1544E-11
CALSDV   32    4  0.1581E-11  0.1583E-11
CALSDV   33    4  0.1452E-11  0.1455E-11
CALSDV   34    4  0.1485E-11  0.1488E-11
CALSDV   35    4  0.1529E-11  0.1532E-11
CALSDV   36    4  0.1589E-11  0.1591E-11
CALSDV   37    4  0.1445E-11  0.1449E-11
CALSDV   38    4  0.1482E-11  0.1484E-11
CALSDV   39    4  0.1523E-11  0.1527E-11
CALSDV   40    4  0.1588E-11  0.1592E-11
CALSDV   41    4  0.1411E-11  0.1414E-11
CALSDV   42    4  0.1467E-11  0.1471E-11
CALSDV   43    4  0.1485E-11  0.1489E-11
CALSDV   44    4  0.1540E-11  0.1543E-11
CALSDV   45    4  0.1372E-11  0.1374E-11
CALSDV   46    4  0.1460E-11  0.1463E-11
CALSDV   47    4  0.1241E-11  0.1242E-11
CALSDV   48    4  0.1288E-11  0.1290E-11
CALSDV   49    4  0.1336E-11  0.1338E-11
CALSDV   50    4  0.1389E-11  0.1390E-11
CALSDV   51    4  0.1282E-11  0.1283E-11
CALSDV   52    4  0.1340E-11  0.1341E-11
CALSDV   53    4  0.1319E-11  0.1319E-11
CALSDV   54    4  0.1367E-11  0.1367E-11
CALSDV   55    4  0.1394E-11  0.1394E-11
CALSDV   56    4  0.1447E-11  0.1447E-11
CALSDV   57    4  0.1478E-11  0.1478E-11
CALSDV   58    4  0.1534E-11  0.1534E-11
CALSDV   59    4  0.1494E-11  0.1494E-11
CALSDV   60    4  0.1546E-11  0.1546E-11
CALSDV    5    5  0.3488E-10  0.3443E-10
CALSDV    6    5  0.1485E-10  0.1485E-10
CALSDV    7    5  0.6904E-11  0.6832E-11
CALSDV    8    5  0.4664E-11  0.4666E-11
CALSDV    9    5  0.4333E-11  0.4326E-11
CALSDV   10    5  0.3453E-11  0.3450E-11
CALSDV   11    5  0.3310E-11  0.3308E-11
CALSDV   12    5  0.2855E-11  0.2845E-11
CALSDV   13    5  0.2919E-11  0.2913E-11
CALSDV   14    5  0.2721E-11  0.2724E-11
CALSDV   15    5  0.2524E-11  0.2522E-11
CALSDV   16    5  0.2348E-11  0.2350E-11
CALSDV   17    5  0.2223E-11  0.2224E-11
CALSDV   18    5  0.2124E-11  0.2124E-11
CALSDV   19    5  0.2037E-11  0.2037E-11
CALSDV   20    5  0.1937E-11  0.1939E-11
CALSDV   21    5  0.1726E-11  0.1727E-11
CALSDV   22    5  0.1712E-11  0.1714E-11
CALSDV   23    5  0.1726E-11  0.1726E-11
CALSDV   24    5  0.1704E-11  0.1705E-11
CALSDV   25    5  0.1591E-11  0.1592E-11
CALSDV   26    5  0.1580E-11  0.1581E-11
CALSDV   27    5  0.1601E-11  0.1602E-11
CALSDV   28    5  0.1612E-11  0.1613E-11
CALSDV   29    5  0.1540E-11  0.1542E-11
CALSDV   30    5  0.1534E-11  0.1536E-11
CALSDV   31    5  0.1503E-11  0.1502E-11
CALSDV   32    5  0.1554E-11  0.1555E-11
CALSDV   33    5  0.1527E-11  0.1529E-11
CALSDV   34    5  0.1541E-11  0.1543E-11
CALSDV   35    5  0.1480E-11  0.1481E-11
CALSDV   36    5  0.1526E-11  0.1528E-11
CALSDV   37    5  0.1494E-11  0.1497E-11
CALSDV   38    5  0.1517E-11  0.1519E-11
CALSDV   39    5  0.1473E-11  0.1474E-11
CALSDV   40    5  0.1535E-11  0.1537E-11
CALSDV   41    5  0.1429E-11  0.1431E-11
CALSDV   42    5  0.1462E-11  0.1464E-11
CALSDV   43    5  0.1487E-11  0.1488E-11
CALSDV   44    5  0.1549E-11  0.1550E-11
CALSDV   45    5  0.1314E-11  0.1315E-11
CALSDV   46    5  0.1374E-11  0.1375E-11
CALSDV   47    5  0.1283E-11  0.1284E-11
CALSDV   48    5  0.1328E-11  0.1328E-11
CALSDV   49    5  0.1360E-11  0.1360E-11
CALSDV   50    5  0.1408E-11  0.1408E-11
CALSDV   51    5  0.1323E-11  0.1324E-11
CALSDV   52    5  0.1382E-11  0.1382E-11
CALSDV   53    5  0.1333E-11  0.1333E-11
CALSDV   54    5  0.1379E-11  0.1380E-11
CALSDV   55    5  0.1420E-11  0.1420E-11
CALSDV   56    5  0.1472E-11  0.1473E-11
CALSDV   57    5  0.1500E-11  0.1501E-11
CALSDV   58    5  0.1558E-11  0.1558E-11
CALSDV   59    5  0.1532E-11  0.1532E-11
CALSDV   60    5  0.1585E-11  0.1585E-11
CALSDV    6    6  0.1933E-10  0.1947E-10
CALSDV    7    6  0.1638E-10  0.1650E-10
CALSDV    8    6  0.6493E-11  0.6407E-11
CALSDV    9    6  0.7053E-11  0.7116E-11
CALSDV   10    6  0.4335E-11  0.4293E-11
CALSDV   11    6  0.4743E-11  0.4760E-11
CALSDV   12    6  0.3475E-11  0.3457E-11
CALSDV   13    6  0.3581E-11  0.3588E-11
CALSDV   14    6  0.3258E-11  0.3235E-11
CALSDV   15    6  0.3021E-11  0.3027E-11
CALSDV   16    6  0.2699E-11  0.2697E-11
CALSDV   17    6  0.2347E-11  0.2356E-11
CALSDV   18    6  0.2119E-11  0.2114E-11
CALSDV   19    6  0.2033E-11  0.2039E-11
CALSDV   20    6  0.2059E-11  0.2056E-11
CALSDV   21    6  0.1934E-11  0.1934E-11
CALSDV   22    6  0.1849E-11  0.1849E-11
CALSDV   23    6  0.1764E-11  0.1763E-11
CALSDV   24    6  0.1785E-11  0.1780E-11
CALSDV   25    6  0.1713E-11  0.1711E-11
CALSDV   26    6  0.1677E-11  0.1675E-11
CALSDV   27    6  0.1537E-11  0.1535E-11
CALSDV   28    6  0.1568E-11  0.1566E-11
CALSDV   29    6  0.1592E-11  0.1590E-11
CALSDV   30    6  0.1603E-11  0.1600E-11
CALSDV   31    6  0.1497E-11  0.1495E-11
CALSDV   32    6  0.1528E-11  0.1526E-11
CALSDV   33    6  0.1554E-11  0.1551E-11
CALSDV   34    6  0.1584E-11  0.1581E-11
CALSDV   35    6  0.1440E-11  0.1437E-11
CALSDV   36    6  0.1487E-11  0.1484E-11
CALSDV   37    6  0.1529E-11  0.1526E-11
CALSDV   38    6  0.1572E-11  0.1569E-11
CALSDV   39    6  0.1422E-11  0.1419E-11
CALSDV   40    6  0.1485E-11  0.1482E-11
CALSDV   41    6  0.1477E-11  0.1474E-11
CALSDV   42    6  0.1514E-11  0.1511E-11
CALSDV   43    6  0.1436E-11  0.1433E-11
CALSDV   44    6  0.1513E-11  0.1510E-11
CALSDV   45    6  0.1291E-11  0.1290E-11
CALSDV   46    6  0.1342E-11  0.1340E-11
CALSDV   47    6  0.1354E-11  0.1354E-11
CALSDV   48    6  0.1400E-11  0.1399E-11
CALSDV   49    6  0.1361E-11  0.1360E-11
CALSDV   50    6  0.1409E-11  0.1409E-11
CALSDV   51    6  0.1385E-11  0.1385E-11
CALSDV   52    6  0.1445E-11  0.1444E-11
CALSDV   53    6  0.1353E-11  0.1352E-11
CALSDV   54    6  0.1401E-11  0.1400E-11
CALSDV   55    6  0.1449E-11  0.1449E-11
CALSDV   56    6  0.1501E-11  0.1500E-11
CALSDV   57    6  0.1525E-11  0.1524E-11
CALSDV   58    6  0.1582E-11  0.1581E-11
CALSDV   59    6  0.1567E-11  0.1566E-11
CALSDV   60    6  0.1619E-11  0.1618E-11
CALSDV    7    7  0.2329E-10  0.2280E-10
CALSDV    8    7  0.1302E-10  0.1303E-10
CALSDV    9    7  0.6347E-11  0.6271E-11
CALSDV   10    7  0.5193E-11  0.5204E-11
CALSDV   11    7  0.4263E-11  0.4240E-11
CALSDV   12    7  0.3648E-11  0.3651E-11
CALSDV   13    7  0.3201E-11  0.3197E-11
CALSDV   14    7  0.2947E-11  0.2963E-11
CALSDV   15    7  0.2957E-11  0.2948E-11
CALSDV   16    7  0.2813E-11  0.2819E-11
CALSDV   17    7  0.2617E-11  0.2616E-11
CALSDV   18    7  0.2430E-11  0.2427E-11
CALSDV   19    7  0.2225E-11  0.2223E-11
CALSDV   20    7  0.2160E-11  0.2157E-11
CALSDV   21    7  0.2141E-11  0.2138E-11
CALSDV   22    7  0.2070E-11  0.2067E-11
CALSDV   23    7  0.1879E-11  0.1877E-11
CALSDV   24    7  0.1859E-11  0.1864E-11
CALSDV   25    7  0.1786E-11  0.1781E-11
CALSDV   26    7  0.1833E-11  0.1832E-11
CALSDV   27    7  0.1672E-11  0.1670E-11
CALSDV   28    7  0.1669E-11  0.1666E-11
CALSDV   29    7  0.1631E-11  0.1629E-11
CALSDV   30    7  0.1652E-11  0.1649E-11
CALSDV   31    7  0.1555E-11  0.1554E-11
CALSDV   32    7  0.1549E-11  0.1549E-11
CALSDV   33    7  0.1539E-11  0.1538E-11
CALSDV   34    7  0.1578E-11  0.1578E-11
CALSDV   35    7  0.1512E-11  0.1514E-11
CALSDV   36    7  0.1532E-11  0.1532E-11
CALSDV   37    7  0.1533E-11  0.1533E-11
CALSDV   38    7  0.1579E-11  0.1580E-11
CALSDV   39    7  0.1439E-11  0.1440E-11
CALSDV   40    7  0.1477E-11  0.1480E-11
CALSDV   41    7  0.1522E-11  0.1523E-11
CALSDV   42    7  0.1566E-11  0.1568E-11
CALSDV   43    7  0.1396E-11  0.1397E-11
CALSDV   44    7  0.1455E-11  0.1455E-11
CALSDV   45    7  0.1329E-11  0.1330E-11
CALSDV   46    7  0.1370E-11  0.1371E-11
CALSDV   47    7  0.1407E-11  0.1408E-11
CALSDV   48    7  0.1450E-11  0.1452E-11
CALSDV   49    7  0.1390E-11  0.1391E-11
CALSDV   50    7  0.1441E-11  0.1443E-11
CALSDV   51    7  0.1455E-11  0.1456E-11
CALSDV   52    7  0.1508E-11  0.1509E-11
CALSDV   53    7  0.1396E-11  0.1396E-11
CALSDV   54    7  0.1448E-11  0.1448E-11
CALSDV   55    7  0.1478E-11  0.1478E-11
CALSDV   56    7  0.1530E-11  0.1529E-11
CALSDV   57    7  0.1559E-11  0.1558E-11
CALSDV   58    7  0.1618E-11  0.1617E-11
CALSDV   59    7  0.1605E-11  0.1603E-11
CALSDV   60    7  0.1660E-11  0.1658E-11
CALSDV    8    8  0.1675E-10  0.1593E-10
CALSDV    9    8  0.1187E-10  0.1159E-10
CALSDV   10    8  0.5630E-11  0.5589E-11
CALSDV   11    8  0.6178E-11  0.6101E-11
CALSDV   12    8  0.4738E-11  0.4703E-11
CALSDV   13    8  0.4473E-11  0.4447E-11
CALSDV   14    8  0.3752E-11  0.3728E-11
CALSDV   15    8  0.3713E-11  0.3705E-11
CALSDV   16    8  0.3659E-11  0.3623E-11
CALSDV   17    8  0.3357E-11  0.3347E-11
CALSDV   18    8  0.3187E-11  0.3155E-11
CALSDV   19    8  0.2687E-11  0.2697E-11
CALSDV   20    8  0.2472E-11  0.2465E-11
CALSDV   21    8  0.2292E-11  0.2310E-11
CALSDV   22    8  0.2236E-11  0.2237E-11
CALSDV   23    8  0.2128E-11  0.2132E-11
CALSDV   24    8  0.2059E-11  0.2053E-11
CALSDV   25    8  0.1955E-11  0.1960E-11
CALSDV   26    8  0.1993E-11  0.1986E-11
CALSDV   27    8  0.1850E-11  0.1848E-11
CALSDV   28    8  0.1837E-11  0.1832E-11
CALSDV   29    8  0.1654E-11  0.1663E-11
CALSDV   30    8  0.1678E-11  0.1684E-11
CALSDV   31    8  0.1661E-11  0.1665E-11
CALSDV   32    8  0.1672E-11  0.1673E-11
CALSDV   33    8  0.1566E-11  0.1568E-11
CALSDV   34    8  0.1611E-11  0.1611E-11
CALSDV   35    8  0.1593E-11  0.1595E-11
CALSDV   36    8  0.1609E-11  0.1610E-11
CALSDV   37    8  0.1501E-11  0.1508E-11
CALSDV   38    8  0.1558E-11  0.1565E-11
CALSDV   39    8  0.1517E-11  0.1521E-11
CALSDV   40    8  0.1538E-11  0.1542E-11
CALSDV   41    8  0.1519E-11  0.1523E-11
CALSDV   42    8  0.1578E-11  0.1580E-11
CALSDV   43    8  0.1373E-11  0.1380E-11
CALSDV   44    8  0.1436E-11  0.1443E-11
CALSDV   45    8  0.1415E-11  0.1419E-11
CALSDV   46    8  0.1453E-11  0.1456E-11
CALSDV   47    8  0.1438E-11  0.1441E-11
CALSDV   48    8  0.1481E-11  0.1483E-11
CALSDV   49    8  0.1453E-11  0.1458E-11
CALSDV   50    8  0.1508E-11  0.1513E-11
CALSDV   51    8  0.1498E-11  0.1502E-11
CALSDV   52    8  0.1545E-11  0.1549E-11
CALSDV   53    8  0.1476E-11  0.1478E-11
CALSDV   54    8  0.1535E-11  0.1538E-11
CALSDV   55    8  0.1507E-11  0.1508E-11
CALSDV   56    8  0.1559E-11  0.1557E-11
CALSDV   57    8  0.1599E-11  0.1598E-11
CALSDV   58    8  0.1659E-11  0.1656E-11
CALSDV   59    8  0.1649E-11  0.1645E-11
CALSDV   60    8  0.1703E-11  0.1698E-11
CALSDV    9    9  0.1638E-10  0.1625E-10
CALSDV   10    9  0.1238E-10  0.1246E-10
CALSDV   11    9  0.6014E-11  0.5927E-11
CALSDV   12    9  0.6131E-11  0.6180E-11
CALSDV   13    9  0.4574E-11  0.4540E-11
CALSDV   14    9  0.4037E-11  0.4063E-11
CALSDV   15    9  0.3414E-11  0.3388E-11
CALSDV   16    9  0.3450E-11  0.3515E-11
CALSDV   17    9  0.3151E-11  0.3129E-11
CALSDV   18    9  0.2915E-11  0.2948E-11
CALSDV   19    9  0.2802E-11  0.2790E-11
CALSDV   20    9  0.2642E-11  0.2644E-11
CALSDV   21    9  0.2316E-11  0.2315E-11
CALSDV   22    9  0.2335E-11  0.2338E-11
CALSDV   23    9  0.2222E-11  0.2220E-11
CALSDV   24    9  0.2159E-11  0.2157E-11
CALSDV   25    9  0.1999E-11  0.1994E-11
CALSDV   26    9  0.1952E-11  0.1955E-11
CALSDV   27    9  0.1949E-11  0.1948E-11
CALSDV   28    9  0.1933E-11  0.1936E-11
CALSDV   29    9  0.1748E-11  0.1747E-11
CALSDV   30    9  0.1767E-11  0.1765E-11
CALSDV   31    9  0.1736E-11  0.1738E-11
CALSDV   32    9  0.1785E-11  0.1784E-11
CALSDV   33    9  0.1621E-11  0.1621E-11
CALSDV   34    9  0.1629E-11  0.1630E-11
CALSDV   35    9  0.1649E-11  0.1648E-11
CALSDV   36    9  0.1666E-11  0.1667E-11
CALSDV   37    9  0.1523E-11  0.1524E-11
CALSDV   38    9  0.1562E-11  0.1561E-11
CALSDV   39    9  0.1561E-11  0.1560E-11
CALSDV   40    9  0.1586E-11  0.1585E-11
CALSDV   41    9  0.1504E-11  0.1503E-11
CALSDV   42    9  0.1550E-11  0.1552E-11
CALSDV   43    9  0.1438E-11  0.1438E-11
CALSDV   44    9  0.1482E-11  0.1482E-11
CALSDV   45    9  0.1463E-11  0.1464E-11
CALSDV   46    9  0.1497E-11  0.1498E-11
CALSDV   47    9  0.1490E-11  0.1491E-11
CALSDV   48    9  0.1535E-11  0.1536E-11
CALSDV   49    9  0.1548E-11  0.1549E-11
CALSDV   50    9  0.1597E-11  0.1598E-11
CALSDV   51    9  0.1523E-11  0.1523E-11
CALSDV   52    9  0.1569E-11  0.1569E-11
CALSDV   53    9  0.1585E-11  0.1586E-11
CALSDV   54    9  0.1643E-11  0.1644E-11
CALSDV   55    9  0.1538E-11  0.1539E-11
CALSDV   56    9  0.1590E-11  0.1590E-11
CALSDV   57    9  0.1644E-11  0.1644E-11
CALSDV   58    9  0.1702E-11  0.1702E-11
CALSDV   59    9  0.1686E-11  0.1685E-11
CALSDV   60    9  0.1740E-11  0.1740E-11
CALSDV   10   10  0.1460E-10  0.1444E-10
CALSDV   11   10  0.9918E-11  0.9942E-11
CALSDV   12   10  0.5163E-11  0.5190E-11
CALSDV   13   10  0.5486E-11  0.5528E-11
CALSDV   14   10  0.4897E-11  0.4887E-11
CALSDV   15   10  0.4020E-11  0.4040E-11
CALSDV   16   10  0.4203E-11  0.4198E-11
CALSDV   17   10  0.3655E-11  0.3656E-11
CALSDV   18   10  0.3868E-11  0.3862E-11
CALSDV   19   10  0.3356E-11  0.3361E-11
CALSDV   20   10  0.3531E-11  0.3517E-11
CALSDV   21   10  0.3040E-11  0.3039E-11
CALSDV   22   10  0.3015E-11  0.3009E-11
CALSDV   23   10  0.2564E-11  0.2558E-11
CALSDV   24   10  0.2726E-11  0.2724E-11
CALSDV   25   10  0.2381E-11  0.2379E-11
CALSDV   26   10  0.2394E-11  0.2393E-11
CALSDV   27   10  0.2236E-11  0.2239E-11
CALSDV   28   10  0.2257E-11  0.2259E-11
CALSDV   29   10  0.2083E-11  0.2087E-11
CALSDV   30   10  0.2109E-11  0.2110E-11
CALSDV   31   10  0.1853E-11  0.1853E-11
CALSDV   32   10  0.1934E-11  0.1937E-11
CALSDV   33   10  0.1802E-11  0.1805E-11
CALSDV   34   10  0.1817E-11  0.1818E-11
CALSDV   35   10  0.1733E-11  0.1735E-11
CALSDV   36   10  0.1774E-11  0.1774E-11
CALSDV   37   10  0.1644E-11  0.1645E-11
CALSDV   38   10  0.1665E-11  0.1665E-11
CALSDV   39   10  0.1660E-11  0.1661E-11
CALSDV   40   10  0.1708E-11  0.1710E-11
CALSDV   41   10  0.1573E-11  0.1575E-11
CALSDV   42   10  0.1625E-11  0.1627E-11
CALSDV   43   10  0.1511E-11  0.1512E-11
CALSDV   44   10  0.1552E-11  0.1553E-11
CALSDV   45   10  0.1549E-11  0.1549E-11
CALSDV   46   10  0.1600E-11  0.1601E-11
CALSDV   47   10  0.1599E-11  0.1599E-11
CALSDV   48   10  0.1653E-11  0.1654E-11
CALSDV   49   10  0.1604E-11  0.1604E-11
CALSDV   50   10  0.1651E-11  0.1652E-11
CALSDV   51   10  0.1608E-11  0.1609E-11
CALSDV   52   10  0.1661E-11  0.1661E-11
CALSDV   53   10  0.1700E-11  0.1701E-11
CALSDV   54   10  0.1757E-11  0.1758E-11
CALSDV   55   10  0.1602E-11  0.1602E-11
CALSDV   56   10  0.1665E-11  0.1665E-11
CALSDV   57   10  0.1694E-11  0.1695E-11
CALSDV   58   10  0.1756E-11  0.1756E-11
CALSDV   59   10  0.1743E-11  0.1744E-11
CALSDV   60   10  0.1801E-11  0.1801E-11
CALSDV   11   11  0.1278E-10  0.1263E-10
CALSDV   12   11  0.1148E-10  0.1157E-10
CALSDV   13   11  0.5469E-11  0.5446E-11
CALSDV   14   11  0.6865E-11  0.6903E-11
CALSDV   15   11  0.4807E-11  0.4826E-11
CALSDV   16   11  0.4442E-11  0.4448E-11
CALSDV   17   11  0.4029E-11  0.4055E-11
CALSDV   18   11  0.4088E-11  0.4111E-11
CALSDV   19   11  0.3299E-11  0.3312E-11
CALSDV   20   11  0.3484E-11  0.3506E-11
CALSDV   21   11  0.2915E-11  0.2919E-11
CALSDV   22   11  0.2868E-11  0.2871E-11
CALSDV   23   11  0.2549E-11  0.2551E-11
CALSDV   24   11  0.2564E-11  0.2569E-11
CALSDV   25   11  0.2375E-11  0.2375E-11
CALSDV   26   11  0.2395E-11  0.2397E-11
CALSDV   27   11  0.2126E-11  0.2126E-11
CALSDV   28   11  0.2142E-11  0.2150E-11
CALSDV   29   11  0.2116E-11  0.2118E-11
CALSDV   30   11  0.2100E-11  0.2102E-11
CALSDV   31   11  0.1928E-11  0.1928E-11
CALSDV   32   11  0.1970E-11  0.1970E-11
CALSDV   33   11  0.1874E-11  0.1873E-11
CALSDV   34   11  0.1890E-11  0.1889E-11
CALSDV   35   11  0.1735E-11  0.1735E-11
CALSDV   36   11  0.1766E-11  0.1763E-11
CALSDV   37   11  0.1699E-11  0.1698E-11
CALSDV   38   11  0.1705E-11  0.1701E-11
CALSDV   39   11  0.1670E-11  0.1668E-11
CALSDV   40   11  0.1718E-11  0.1715E-11
CALSDV   41   11  0.1588E-11  0.1587E-11
CALSDV   42   11  0.1625E-11  0.1622E-11
CALSDV   43   11  0.1597E-11  0.1595E-11
CALSDV   44   11  0.1621E-11  0.1618E-11
CALSDV   45   11  0.1630E-11  0.1628E-11
CALSDV   46   11  0.1663E-11  0.1661E-11
CALSDV   47   11  0.1631E-11  0.1629E-11
CALSDV   48   11  0.1667E-11  0.1665E-11
CALSDV   49   11  0.1643E-11  0.1641E-11
CALSDV   50   11  0.1688E-11  0.1686E-11
CALSDV   51   11  0.1727E-11  0.1725E-11
CALSDV   52   11  0.1779E-11  0.1776E-11
CALSDV   53   11  0.1748E-11  0.1746E-11
CALSDV   54   11  0.1799E-11  0.1797E-11
CALSDV   55   11  0.1719E-11  0.1718E-11
CALSDV   56   11  0.1782E-11  0.1779E-11
CALSDV   57   11  0.1729E-11  0.1727E-11
CALSDV   58   11  0.1785E-11  0.1783E-11
CALSDV   59   11  0.1793E-11  0.1791E-11
CALSDV   60   11  0.1849E-11  0.1847E-11
CALSDV   12   12  0.1223E-10  0.1220E-10
CALSDV   13   12  0.9752E-11  0.9683E-11
CALSDV   14   12  0.5119E-11  0.5131E-11
CALSDV   15   12  0.5846E-11  0.5795E-11
CALSDV   16   12  0.4714E-11  0.4713E-11
CALSDV   17   12  0.3928E-11  0.3920E-11
CALSDV   18   12  0.4414E-11  0.4412E-11
CALSDV   19   12  0.3728E-11  0.3717E-11
CALSDV   20   12  0.3520E-11  0.3513E-11
CALSDV   21   12  0.3389E-11  0.3373E-11
CALSDV   22   12  0.3733E-11  0.3722E-11
CALSDV   23   12  0.3039E-11  0.3036E-11
CALSDV   24   12  0.3196E-11  0.3193E-11
CALSDV   25   12  0.2883E-11  0.2880E-11
CALSDV   26   12  0.3026E-11  0.3037E-11
CALSDV   27   12  0.2574E-11  0.2566E-11
CALSDV   28   12  0.2780E-11  0.2771E-11
CALSDV   29   12  0.2472E-11  0.2461E-11
CALSDV   30   12  0.2532E-11  0.2522E-11
CALSDV   31   12  0.2338E-11  0.2332E-11
CALSDV   32   12  0.2385E-11  0.2383E-11
CALSDV   33   12  0.2187E-11  0.2186E-11
CALSDV   34   12  0.2313E-11  0.2307E-11
CALSDV   35   12  0.2020E-11  0.2016E-11
CALSDV   36   12  0.2060E-11  0.2055E-11
CALSDV   37   12  0.1956E-11  0.1950E-11
CALSDV   38   12  0.1997E-11  0.1991E-11
CALSDV   39   12  0.1812E-11  0.1813E-11
CALSDV   40   12  0.1882E-11  0.1877E-11
CALSDV   41   12  0.1737E-11  0.1734E-11
CALSDV   42   12  0.1762E-11  0.1760E-11
CALSDV   43   12  0.1724E-11  0.1724E-11
CALSDV   44   12  0.1752E-11  0.1751E-11
CALSDV   45   12  0.1725E-11  0.1726E-11
CALSDV   46   12  0.1769E-11  0.1768E-11
CALSDV   47   12  0.1760E-11  0.1760E-11
CALSDV   48   12  0.1801E-11  0.1801E-11
CALSDV   49   12  0.1808E-11  0.1810E-11
CALSDV   50   12  0.1858E-11  0.1859E-11
CALSDV   51   12  0.1842E-11  0.1843E-11
CALSDV   52   12  0.1896E-11  0.1897E-11
CALSDV   53   12  0.1819E-11  0.1819E-11
CALSDV   54   12  0.1888E-11  0.1887E-11
CALSDV   55   12  0.1896E-11  0.1897E-11
CALSDV   56   12  0.1974E-11  0.1974E-11
CALSDV   57   12  0.1773E-11  0.1771E-11
CALSDV   58   12  0.1834E-11  0.1832E-11
CALSDV   59   12  0.1880E-11  0.1878E-11
CALSDV   60   12  0.1942E-11  0.1939E-11
CALSDV   13   13  0.1138E-10  0.1133E-10
CALSDV   14   13  0.9661E-11  0.9691E-11
CALSDV   15   13  0.5205E-11  0.5206E-11
CALSDV   16   13  0.6471E-11  0.6497E-11
CALSDV   17   13  0.5188E-11  0.5187E-11
CALSDV   18   13  0.4447E-11  0.4495E-11
CALSDV   19   13  0.4715E-11  0.4708E-11
CALSDV   20   13  0.4092E-11  0.4109E-11
CALSDV   21   13  0.3652E-11  0.3645E-11
CALSDV   22   13  0.3781E-11  0.3772E-11
CALSDV   23   13  0.3323E-11  0.3330E-11
CALSDV   24   13  0.3181E-11  0.3191E-11
CALSDV   25   13  0.2680E-11  0.2684E-11
CALSDV   26   13  0.2663E-11  0.2674E-11
CALSDV   27   13  0.2610E-11  0.2616E-11
CALSDV   28   13  0.2619E-11  0.2618E-11
CALSDV   29   13  0.2391E-11  0.2393E-11
CALSDV   30   13  0.2463E-11  0.2454E-11
CALSDV   31   13  0.2242E-11  0.2242E-11
CALSDV   32   13  0.2229E-11  0.2227E-11
CALSDV   33   13  0.2163E-11  0.2166E-11
CALSDV   34   13  0.2192E-11  0.2192E-11
CALSDV   35   13  0.2073E-11  0.2075E-11
CALSDV   36   13  0.2087E-11  0.2084E-11
CALSDV   37   13  0.1964E-11  0.1965E-11
CALSDV   38   13  0.1988E-11  0.1985E-11
CALSDV   39   13  0.1818E-11  0.1819E-11
CALSDV   40   13  0.1855E-11  0.1853E-11
CALSDV   41   13  0.1784E-11  0.1785E-11
CALSDV   42   13  0.1784E-11  0.1782E-11
CALSDV   43   13  0.1797E-11  0.1798E-11
CALSDV   44   13  0.1803E-11  0.1802E-11
CALSDV   45   13  0.1802E-11  0.1803E-11
CALSDV   46   13  0.1823E-11  0.1824E-11
CALSDV   47   13  0.1825E-11  0.1827E-11
CALSDV   48   13  0.1851E-11  0.1853E-11
CALSDV   49   13  0.1853E-11  0.1856E-11
CALSDV   50   13  0.1890E-11  0.1892E-11
CALSDV   51   13  0.1899E-11  0.1902E-11
CALSDV   52   13  0.1946E-11  0.1949E-11
CALSDV   53   13  0.1973E-11  0.1977E-11
CALSDV   54   13  0.2030E-11  0.2034E-11
CALSDV   55   13  0.2008E-11  0.2011E-11
CALSDV   56   13  0.2067E-11  0.2071E-11
CALSDV   57   13  0.1841E-11  0.1843E-11
CALSDV   58   13  0.1904E-11  0.1905E-11
CALSDV   59   13  0.1955E-11  0.1957E-11
CALSDV   60   13  0.2013E-11  0.2014E-11
CALSDV   14   14  0.9917E-11  0.8721E-11
CALSDV   15   14  0.1034E-10  0.1037E-10
CALSDV   16   14  0.5297E-11  0.5138E-11
CALSDV   17   14  0.6652E-11  0.6747E-11
CALSDV   18   14  0.5102E-11  0.5135E-11
CALSDV   19   14  0.4518E-11  0.4629E-11
CALSDV   20   14  0.4339E-11  0.4378E-11
CALSDV   21   14  0.3923E-11  0.3944E-11
CALSDV   22   14  0.3615E-11  0.3643E-11
CALSDV   23   14  0.3635E-11  0.3642E-11
CALSDV   24   14  0.3455E-11  0.3488E-11
CALSDV   25   14  0.3120E-11  0.3150E-11
CALSDV   26   14  0.3321E-11  0.3355E-11
CALSDV   27   14  0.2940E-11  0.2969E-11
CALSDV   28   14  0.3054E-11  0.3078E-11
CALSDV   29   14  0.2863E-11  0.2878E-11
CALSDV   30   14  0.2824E-11  0.2841E-11
CALSDV   31   14  0.2676E-11  0.2688E-11
CALSDV   32   14  0.2835E-11  0.2850E-11
CALSDV   33   14  0.2495E-11  0.2501E-11
CALSDV   34   14  0.2585E-11  0.2599E-11
CALSDV   35   14  0.2476E-11  0.2478E-11
CALSDV   36   14  0.2516E-11  0.2524E-11
CALSDV   37   14  0.2331E-11  0.2333E-11
CALSDV   38   14  0.2438E-11  0.2444E-11
CALSDV   39   14  0.2140E-11  0.2139E-11
CALSDV   40   14  0.2219E-11  0.2224E-11
CALSDV   41   14  0.2068E-11  0.2067E-11
CALSDV   42   14  0.2111E-11  0.2115E-11
CALSDV   43   14  0.2044E-11  0.2044E-11
CALSDV   44   14  0.2077E-11  0.2080E-11
CALSDV   45   14  0.2023E-11  0.2021E-11
CALSDV   46   14  0.2063E-11  0.2066E-11
CALSDV   47   14  0.2025E-11  0.2022E-11
CALSDV   48   14  0.2062E-11  0.2064E-11
CALSDV   49   14  0.2041E-11  0.2039E-11
CALSDV   50   14  0.2084E-11  0.2085E-11
CALSDV   51   14  0.2068E-11  0.2066E-11
CALSDV   52   14  0.2116E-11  0.2117E-11
CALSDV   53   14  0.2089E-11  0.2087E-11
CALSDV   54   14  0.2141E-11  0.2142E-11
CALSDV   55   14  0.2076E-11  0.2075E-11
CALSDV   56   14  0.2132E-11  0.2134E-11
CALSDV   57   14  0.2143E-11  0.2142E-11
CALSDV   58   14  0.2204E-11  0.2206E-11
CALSDV   59   14  0.2068E-11  0.2066E-11
CALSDV   60   14  0.2126E-11  0.2127E-11
CALSDV   15   15  0.1212E-10  0.1236E-10
CALSDV   16   15  0.9075E-11  0.8915E-11
CALSDV   17   15  0.5256E-11  0.5294E-11
CALSDV   18   15  0.6377E-11  0.6124E-11
CALSDV   19   15  0.5990E-11  0.5879E-11
CALSDV   20   15  0.5106E-11  0.4874E-11
CALSDV   21   15  0.5734E-11  0.5579E-11
CALSDV   22   15  0.4127E-11  0.3962E-11
CALSDV   23   15  0.5195E-11  0.5056E-11
CALSDV   24   15  0.4225E-11  0.4111E-11
CALSDV   25   15  0.4285E-11  0.4160E-11
CALSDV   26   15  0.3340E-11  0.3238E-11
CALSDV   27   15  0.3682E-11  0.3572E-11
CALSDV   28   15  0.3209E-11  0.3096E-11
CALSDV   29   15  0.3368E-11  0.3261E-11
CALSDV   30   15  0.2723E-11  0.2665E-11
CALSDV   31   15  0.3187E-11  0.3090E-11
CALSDV   32   15  0.2751E-11  0.2706E-11
CALSDV   33   15  0.2781E-11  0.2705E-11
CALSDV   34   15  0.2540E-11  0.2473E-11
CALSDV   35   15  0.2685E-11  0.2611E-11
CALSDV   36   15  0.2403E-11  0.2345E-11
CALSDV   37   15  0.2574E-11  0.2512E-11
CALSDV   38   15  0.2352E-11  0.2319E-11
CALSDV   39   15  0.2345E-11  0.2297E-11
CALSDV   40   15  0.2230E-11  0.2184E-11
CALSDV   41   15  0.2271E-11  0.2221E-11
CALSDV   42   15  0.2107E-11  0.2066E-11
CALSDV   43   15  0.2212E-11  0.2166E-11
CALSDV   44   15  0.2099E-11  0.2061E-11
CALSDV   45   15  0.2185E-11  0.2143E-11
CALSDV   46   15  0.2103E-11  0.2063E-11
CALSDV   47   15  0.2189E-11  0.2149E-11
CALSDV   48   15  0.2131E-11  0.2093E-11
CALSDV   49   15  0.2204E-11  0.2167E-11
CALSDV   50   15  0.2175E-11  0.2137E-11
CALSDV   51   15  0.2242E-11  0.2205E-11
CALSDV   52   15  0.2236E-11  0.2197E-11
CALSDV   53   15  0.2304E-11  0.2267E-11
CALSDV   54   15  0.2319E-11  0.2280E-11
CALSDV   55   15  0.2396E-11  0.2358E-11
CALSDV   56   15  0.2427E-11  0.2387E-11
CALSDV   57   15  0.2463E-11  0.2425E-11
CALSDV   58   15  0.2507E-11  0.2465E-11
CALSDV   59   15  0.2124E-11  0.2100E-11
CALSDV   60   15  0.2169E-11  0.2142E-11
CALSDV   16   16  0.8222E-11  0.8881E-11
CALSDV   17   16  0.1122E-10  0.1104E-10
CALSDV   18   16  0.5430E-11  0.5541E-11
CALSDV   19   16  0.7754E-11  0.7654E-11
CALSDV   20   16  0.6056E-11  0.5949E-11
CALSDV   21   16  0.5544E-11  0.5449E-11
CALSDV   22   16  0.4979E-11  0.4878E-11
CALSDV   23   16  0.4449E-11  0.4440E-11
CALSDV   24   16  0.3910E-11  0.3830E-11
CALSDV   25   16  0.4045E-11  0.4016E-11
CALSDV   26   16  0.3808E-11  0.3749E-11
CALSDV   27   16  0.3288E-11  0.3233E-11
CALSDV   28   16  0.3355E-11  0.3296E-11
CALSDV   29   16  0.3220E-11  0.3168E-11
CALSDV   30   16  0.3235E-11  0.3188E-11
CALSDV   31   16  0.2945E-11  0.2912E-11
CALSDV   32   16  0.2920E-11  0.2918E-11
CALSDV   33   16  0.2843E-11  0.2810E-11
CALSDV   34   16  0.2881E-11  0.2883E-11
CALSDV   35   16  0.2781E-11  0.2753E-11
CALSDV   36   16  0.2891E-11  0.2877E-11
CALSDV   37   16  0.2615E-11  0.2591E-11
CALSDV   38   16  0.2626E-11  0.2627E-11
CALSDV   39   16  0.2518E-11  0.2498E-11
CALSDV   40   16  0.2568E-11  0.2573E-11
CALSDV   41   16  0.2470E-11  0.2457E-11
CALSDV   42   16  0.2524E-11  0.2521E-11
CALSDV   43   16  0.2387E-11  0.2382E-11
CALSDV   44   16  0.2425E-11  0.2436E-11
CALSDV   45   16  0.2358E-11  0.2354E-11
CALSDV   46   16  0.2401E-11  0.2408E-11
CALSDV   47   16  0.2347E-11  0.2346E-11
CALSDV   48   16  0.2383E-11  0.2391E-11
CALSDV   49   16  0.2355E-11  0.2354E-11
CALSDV   50   16  0.2398E-11  0.2403E-11
CALSDV   51   16  0.2377E-11  0.2377E-11
CALSDV   52   16  0.2426E-11  0.2430E-11
CALSDV   53   16  0.2423E-11  0.2423E-11
CALSDV   54   16  0.2479E-11  0.2482E-11
CALSDV   55   16  0.2501E-11  0.2502E-11
CALSDV   56   16  0.2566E-11  0.2569E-11
CALSDV   57   16  0.2590E-11  0.2590E-11
CALSDV   58   16  0.2662E-11  0.2663E-11
CALSDV   59   16  0.2497E-11  0.2503E-11
CALSDV   60   16  0.2560E-11  0.2566E-11
CALSDV   17   17  0.1194E-10  0.1216E-10
CALSDV   18   17  0.8132E-11  0.8164E-11
CALSDV   19   17  0.5235E-11  0.5369E-11
CALSDV   20   17  0.5944E-11  0.5985E-11
CALSDV   21   17  0.6078E-11  0.6090E-11
CALSDV   22   17  0.4816E-11  0.4880E-11
CALSDV   23   17  0.5503E-11  0.5454E-11
CALSDV   24   17  0.4554E-11  0.4610E-11
CALSDV   25   17  0.4898E-11  0.4847E-11
CALSDV   26   17  0.4235E-11  0.4280E-11
CALSDV   27   17  0.4114E-11  0.4119E-11
CALSDV   28   17  0.3482E-11  0.3518E-11
CALSDV   29   17  0.3644E-11  0.3664E-11
CALSDV   30   17  0.3353E-11  0.3375E-11
CALSDV   31   17  0.3308E-11  0.3307E-11
CALSDV   32   17  0.3081E-11  0.3099E-11
CALSDV   33   17  0.3090E-11  0.3105E-11
CALSDV   34   17  0.2837E-11  0.2851E-11
CALSDV   35   17  0.2764E-11  0.2798E-11
CALSDV   36   17  0.2787E-11  0.2796E-11
CALSDV   37   17  0.2654E-11  0.2667E-11
CALSDV   38   17  0.2605E-11  0.2611E-11
CALSDV   39   17  0.2566E-11  0.2583E-11
CALSDV   40   17  0.2524E-11  0.2528E-11
CALSDV   41   17  0.2483E-11  0.2504E-11
CALSDV   42   17  0.2503E-11  0.2508E-11
CALSDV   43   17  0.2457E-11  0.2467E-11
CALSDV   44   17  0.2476E-11  0.2477E-11
CALSDV   45   17  0.2376E-11  0.2389E-11
CALSDV   46   17  0.2402E-11  0.2406E-11
CALSDV   47   17  0.2395E-11  0.2403E-11
CALSDV   48   17  0.2422E-11  0.2424E-11
CALSDV   49   17  0.2409E-11  0.2415E-11
CALSDV   50   17  0.2444E-11  0.2446E-11
CALSDV   51   17  0.2444E-11  0.2448E-11
CALSDV   52   17  0.2485E-11  0.2486E-11
CALSDV   53   17  0.2496E-11  0.2499E-11
CALSDV   54   17  0.2546E-11  0.2547E-11
CALSDV   55   17  0.2577E-11  0.2579E-11
CALSDV   56   17  0.2636E-11  0.2637E-11
CALSDV   57   17  0.2685E-11  0.2686E-11
CALSDV   58   17  0.2752E-11  0.2753E-11
CALSDV   59   17  0.2687E-11  0.2687E-11
CALSDV   60   17  0.2755E-11  0.2755E-11
CALSDV   18   18  0.9413E-11  0.9629E-11
CALSDV   19   18  0.8422E-11  0.8425E-11
CALSDV   20   18  0.5756E-11  0.5804E-11
CALSDV   21   18  0.6136E-11  0.6168E-11
CALSDV   22   18  0.6384E-11  0.6405E-11
CALSDV   23   18  0.4571E-11  0.4587E-11
CALSDV   24   18  0.5065E-11  0.5074E-11
CALSDV   25   18  0.4578E-11  0.4583E-11
CALSDV   26   18  0.3971E-11  0.3989E-11
CALSDV   27   18  0.3829E-11  0.3832E-11
CALSDV   28   18  0.3656E-11  0.3665E-11
CALSDV   29   18  0.3459E-11  0.3469E-11
CALSDV   30   18  0.3469E-11  0.3479E-11
CALSDV   31   18  0.3087E-11  0.3090E-11
CALSDV   32   18  0.2988E-11  0.2994E-11
CALSDV   33   18  0.3045E-11  0.3054E-11
CALSDV   34   18  0.3068E-11  0.3075E-11
CALSDV   35   18  0.2813E-11  0.2816E-11
CALSDV   36   18  0.2981E-11  0.2985E-11
CALSDV   37   18  0.2723E-11  0.2730E-11
CALSDV   38   18  0.2857E-11  0.2860E-11
CALSDV   39   18  0.2724E-11  0.2731E-11
CALSDV   40   18  0.2840E-11  0.2844E-11
CALSDV   41   18  0.2732E-11  0.2736E-11
CALSDV   42   18  0.2852E-11  0.2855E-11
CALSDV   43   18  0.2667E-11  0.2674E-11
CALSDV   44   18  0.2793E-11  0.2795E-11
CALSDV   45   18  0.2639E-11  0.2644E-11
CALSDV   46   18  0.2740E-11  0.2744E-11
CALSDV   47   18  0.2608E-11  0.2614E-11
CALSDV   48   18  0.2696E-11  0.2699E-11
CALSDV   49   18  0.2620E-11  0.2626E-11
CALSDV   50   18  0.2698E-11  0.2701E-11
CALSDV   51   18  0.2636E-11  0.2641E-11
CALSDV   52   18  0.2710E-11  0.2713E-11
CALSDV   53   18  0.2670E-11  0.2675E-11
CALSDV   54   18  0.2744E-11  0.2747E-11
CALSDV   55   18  0.2732E-11  0.2737E-11
CALSDV   56   18  0.2810E-11  0.2813E-11
CALSDV   57   18  0.2823E-11  0.2828E-11
CALSDV   58   18  0.2908E-11  0.2912E-11
CALSDV   59   18  0.2804E-11  0.2807E-11
CALSDV   60   18  0.2889E-11  0.2891E-11
CALSDV   19   19  0.1097E-10  0.1061E-10
CALSDV   20   19  0.7584E-11  0.7584E-11
CALSDV   21   19  0.5350E-11  0.5290E-11
CALSDV   22   19  0.5815E-11  0.5845E-11
CALSDV   23   19  0.5889E-11  0.5890E-11
CALSDV   24   19  0.4584E-11  0.4603E-11
CALSDV   25   19  0.5208E-11  0.5168E-11
CALSDV   26   19  0.5089E-11  0.5104E-11
CALSDV   27   19  0.4624E-11  0.4561E-11
CALSDV   28   19  0.4477E-11  0.4493E-11
CALSDV   29   19  0.4010E-11  0.3975E-11
CALSDV   30   19  0.3830E-11  0.3855E-11
CALSDV   31   19  0.3742E-11  0.3692E-11
CALSDV   32   19  0.3578E-11  0.3611E-11
CALSDV   33   19  0.3459E-11  0.3385E-11
CALSDV   34   19  0.3459E-11  0.3516E-11
CALSDV   35   19  0.3008E-11  0.2960E-11
CALSDV   36   19  0.3168E-11  0.3219E-11
CALSDV   37   19  0.2920E-11  0.2869E-11
CALSDV   38   19  0.3036E-11  0.3066E-11
CALSDV   39   19  0.2834E-11  0.2790E-11
CALSDV   40   19  0.2977E-11  0.3000E-11
CALSDV   41   19  0.2728E-11  0.2693E-11
CALSDV   42   19  0.2947E-11  0.2968E-11
CALSDV   43   19  0.2765E-11  0.2734E-11
CALSDV   44   19  0.2945E-11  0.2970E-11
CALSDV   45   19  0.2649E-11  0.2637E-11
CALSDV   46   19  0.2851E-11  0.2873E-11
CALSDV   47   19  0.2647E-11  0.2641E-11
CALSDV   48   19  0.2824E-11  0.2851E-11
CALSDV   49   19  0.2635E-11  0.2640E-11
CALSDV   50   19  0.2794E-11  0.2819E-11
CALSDV   51   19  0.2670E-11  0.2679E-11
CALSDV   52   19  0.2815E-11  0.2838E-11
CALSDV   53   19  0.2715E-11  0.2726E-11
CALSDV   54   19  0.2845E-11  0.2865E-11
CALSDV   55   19  0.2784E-11  0.2796E-11
CALSDV   56   19  0.2906E-11  0.2925E-11
CALSDV   57   19  0.2876E-11  0.2889E-11
CALSDV   58   19  0.2997E-11  0.3014E-11
CALSDV   59   19  0.2853E-11  0.2863E-11
CALSDV   60   19  0.2958E-11  0.2971E-11
CALSDV   20   20  0.1015E-10  0.1005E-10
CALSDV   21   20  0.7697E-11  0.7729E-11
CALSDV   22   20  0.6087E-11  0.6077E-11
CALSDV   23   20  0.5870E-11  0.5874E-11
CALSDV   24   20  0.6424E-11  0.6387E-11
CALSDV   25   20  0.4305E-11  0.4294E-11
CALSDV   26   20  0.5191E-11  0.5094E-11
CALSDV   27   20  0.4776E-11  0.4771E-11
CALSDV   28   20  0.4280E-11  0.4225E-11
CALSDV   29   20  0.3935E-11  0.3931E-11
CALSDV   30   20  0.3780E-11  0.3775E-11
CALSDV   31   20  0.3524E-11  0.3525E-11
CALSDV   32   20  0.3442E-11  0.3446E-11
CALSDV   33   20  0.3166E-11  0.3173E-11
CALSDV   34   20  0.3238E-11  0.3219E-11
CALSDV   35   20  0.2967E-11  0.2964E-11
CALSDV   36   20  0.3065E-11  0.3056E-11
CALSDV   37   20  0.2933E-11  0.2935E-11
CALSDV   38   20  0.3052E-11  0.3042E-11
CALSDV   39   20  0.2941E-11  0.2945E-11
CALSDV   40   20  0.3077E-11  0.3070E-11
CALSDV   41   20  0.2908E-11  0.2911E-11
CALSDV   42   20  0.3051E-11  0.3051E-11
CALSDV   43   20  0.2953E-11  0.2959E-11
CALSDV   44   20  0.3071E-11  0.3071E-11
CALSDV   45   20  0.2983E-11  0.2988E-11
CALSDV   46   20  0.3092E-11  0.3093E-11
CALSDV   47   20  0.2920E-11  0.2925E-11
CALSDV   48   20  0.3015E-11  0.3019E-11
CALSDV   49   20  0.2913E-11  0.2919E-11
CALSDV   50   20  0.2993E-11  0.2997E-11
CALSDV   51   20  0.2917E-11  0.2921E-11
CALSDV   52   20  0.2985E-11  0.2988E-11
CALSDV   53   20  0.2944E-11  0.2946E-11
CALSDV   54   20  0.3011E-11  0.3013E-11
CALSDV   55   20  0.2986E-11  0.2988E-11
CALSDV   56   20  0.3057E-11  0.3058E-11
CALSDV   57   20  0.3048E-11  0.3048E-11
CALSDV   58   20  0.3127E-11  0.3128E-11
CALSDV   59   20  0.2963E-11  0.2966E-11
CALSDV   60   20  0.3047E-11  0.3049E-11
CALSDV   21   21  0.9645E-11  0.9720E-11
CALSDV   22   21  0.7218E-11  0.7225E-11
CALSDV   23   21  0.5548E-11  0.5600E-11
CALSDV   24   21  0.5604E-11  0.5645E-11
CALSDV   25   21  0.5408E-11  0.5407E-11
CALSDV   26   21  0.4280E-11  0.4308E-11
CALSDV   27   21  0.4899E-11  0.4899E-11
CALSDV   28   21  0.5104E-11  0.5113E-11
CALSDV   29   21  0.4432E-11  0.4450E-11
CALSDV   30   21  0.4570E-11  0.4570E-11
CALSDV   31   21  0.4252E-11  0.4260E-11
CALSDV   32   21  0.4216E-11  0.4201E-11
CALSDV   33   21  0.3843E-11  0.3856E-11
CALSDV   34   21  0.3781E-11  0.3749E-11
CALSDV   35   21  0.3567E-11  0.3573E-11
CALSDV   36   21  0.3574E-11  0.3529E-11
CALSDV   37   21  0.3383E-11  0.3388E-11
CALSDV   38   21  0.3501E-11  0.3451E-11
CALSDV   39   21  0.3252E-11  0.3263E-11
CALSDV   40   21  0.3421E-11  0.3370E-11
CALSDV   41   21  0.3136E-11  0.3140E-11
CALSDV   42   21  0.3376E-11  0.3327E-11
CALSDV   43   21  0.3044E-11  0.3046E-11
CALSDV   44   21  0.3308E-11  0.3268E-11
CALSDV   45   21  0.3035E-11  0.3038E-11
CALSDV   46   21  0.3319E-11  0.3282E-11
CALSDV   47   21  0.3029E-11  0.3030E-11
CALSDV   48   21  0.3301E-11  0.3271E-11
CALSDV   49   21  0.2934E-11  0.2934E-11
CALSDV   50   21  0.3204E-11  0.3178E-11
CALSDV   51   21  0.2952E-11  0.2949E-11
CALSDV   52   21  0.3176E-11  0.3156E-11
CALSDV   53   21  0.2977E-11  0.2974E-11
CALSDV   54   21  0.3179E-11  0.3163E-11
CALSDV   55   21  0.3032E-11  0.3029E-11
CALSDV   56   21  0.3207E-11  0.3196E-11
CALSDV   57   21  0.3096E-11  0.3093E-11
CALSDV   58   21  0.3252E-11  0.3244E-11
CALSDV   59   21  0.3001E-11  0.3001E-11
CALSDV   60   21  0.3128E-11  0.3125E-11
CALSDV   22   22  0.9323E-11  0.9449E-11
CALSDV   23   22  0.7226E-11  0.7237E-11
CALSDV   24   22  0.6179E-11  0.6178E-11
CALSDV   25   22  0.5428E-11  0.5441E-11
CALSDV   26   22  0.6011E-11  0.6005E-11
CALSDV   27   22  0.4180E-11  0.4177E-11
CALSDV   28   22  0.5105E-11  0.5127E-11
CALSDV   29   22  0.4664E-11  0.4660E-11
CALSDV   30   22  0.4382E-11  0.4385E-11
CALSDV   31   22  0.4314E-11  0.4313E-11
CALSDV   32   22  0.4168E-11  0.4152E-11
CALSDV   33   22  0.3754E-11  0.3767E-11
CALSDV   34   22  0.3481E-11  0.3481E-11
CALSDV   35   22  0.3247E-11  0.3261E-11
CALSDV   36   22  0.3299E-11  0.3302E-11
CALSDV   37   22  0.3106E-11  0.3113E-11
CALSDV   38   22  0.3268E-11  0.3273E-11
CALSDV   39   22  0.3125E-11  0.3133E-11
CALSDV   40   22  0.3287E-11  0.3287E-11
CALSDV   41   22  0.3070E-11  0.3076E-11
CALSDV   42   22  0.3236E-11  0.3235E-11
CALSDV   43   22  0.3168E-11  0.3175E-11
CALSDV   44   22  0.3315E-11  0.3316E-11
CALSDV   45   22  0.3171E-11  0.3175E-11
CALSDV   46   22  0.3274E-11  0.3278E-11
CALSDV   47   22  0.3266E-11  0.3269E-11
CALSDV   48   22  0.3343E-11  0.3346E-11
CALSDV   49   22  0.3248E-11  0.3249E-11
CALSDV   50   22  0.3322E-11  0.3323E-11
CALSDV   51   22  0.3207E-11  0.3207E-11
CALSDV   52   22  0.3249E-11  0.3251E-11
CALSDV   53   22  0.3222E-11  0.3220E-11
CALSDV   54   22  0.3265E-11  0.3265E-11
CALSDV   55   22  0.3248E-11  0.3246E-11
CALSDV   56   22  0.3295E-11  0.3294E-11
CALSDV   57   22  0.3275E-11  0.3274E-11
CALSDV   58   22  0.3336E-11  0.3335E-11
CALSDV   59   22  0.3111E-11  0.3109E-11
CALSDV   60   22  0.3187E-11  0.3184E-11
CALSDV   23   23  0.7866E-11  0.8377E-11
CALSDV   24   23  0.7141E-11  0.7024E-11
CALSDV   25   23  0.5622E-11  0.5720E-11
CALSDV   26   23  0.5236E-11  0.5290E-11
CALSDV   27   23  0.5010E-11  0.4997E-11
CALSDV   28   23  0.4118E-11  0.4198E-11
CALSDV   29   23  0.4528E-11  0.4488E-11
CALSDV   30   23  0.4791E-11  0.4823E-11
CALSDV   31   23  0.4328E-11  0.4297E-11
CALSDV   32   23  0.4703E-11  0.4694E-11
CALSDV   33   23  0.4123E-11  0.4073E-11
CALSDV   34   23  0.4536E-11  0.4502E-11
CALSDV   35   23  0.3984E-11  0.3941E-11
CALSDV   36   23  0.4127E-11  0.4085E-11
CALSDV   37   23  0.3709E-11  0.3696E-11
CALSDV   38   23  0.3745E-11  0.3708E-11
CALSDV   39   23  0.3509E-11  0.3531E-11
CALSDV   40   23  0.3650E-11  0.3614E-11
CALSDV   41   23  0.3398E-11  0.3435E-11
CALSDV   42   23  0.3653E-11  0.3612E-11
CALSDV   43   23  0.3288E-11  0.3328E-11
CALSDV   44   23  0.3563E-11  0.3516E-11
CALSDV   45   23  0.3266E-11  0.3313E-11
CALSDV   46   23  0.3578E-11  0.3543E-11
CALSDV   47   23  0.3205E-11  0.3255E-11
CALSDV   48   23  0.3556E-11  0.3538E-11
CALSDV   49   23  0.3219E-11  0.3269E-11
CALSDV   50   23  0.3599E-11  0.3589E-11
CALSDV   51   23  0.3194E-11  0.3230E-11
CALSDV   52   23  0.3492E-11  0.3485E-11
CALSDV   53   23  0.3162E-11  0.3197E-11
CALSDV   54   23  0.3450E-11  0.3452E-11
CALSDV   55   23  0.3221E-11  0.3249E-11
CALSDV   56   23  0.3456E-11  0.3459E-11
CALSDV   57   23  0.3268E-11  0.3292E-11
CALSDV   58   23  0.3468E-11  0.3476E-11
CALSDV   59   23  0.3120E-11  0.3134E-11
CALSDV   60   23  0.3267E-11  0.3268E-11
CALSDV   24   24  0.8392E-11  0.8336E-11
CALSDV   25   24  0.7211E-11  0.7185E-11
CALSDV   26   24  0.6222E-11  0.6226E-11
CALSDV   27   24  0.4929E-11  0.4891E-11
CALSDV   28   24  0.5932E-11  0.5966E-11
CALSDV   29   24  0.4368E-11  0.4371E-11
CALSDV   30   24  0.5287E-11  0.5343E-11
CALSDV   31   24  0.4678E-11  0.4692E-11
CALSDV   32   24  0.4569E-11  0.4619E-11
CALSDV   33   24  0.4500E-11  0.4511E-11
CALSDV   34   24  0.4068E-11  0.4129E-11
CALSDV   35   24  0.4268E-11  0.4272E-11
CALSDV   36   24  0.3891E-11  0.3931E-11
CALSDV   37   24  0.3834E-11  0.3840E-11
CALSDV   38   24  0.3796E-11  0.3808E-11
CALSDV   39   24  0.3430E-11  0.3444E-11
CALSDV   40   24  0.3581E-11  0.3584E-11
CALSDV   41   24  0.3254E-11  0.3273E-11
CALSDV   42   24  0.3458E-11  0.3458E-11
CALSDV   43   24  0.3396E-11  0.3412E-11
CALSDV   44   24  0.3543E-11  0.3537E-11
CALSDV   45   24  0.3432E-11  0.3444E-11
CALSDV   46   24  0.3555E-11  0.3549E-11
CALSDV   47   24  0.3455E-11  0.3462E-11
CALSDV   48   24  0.3578E-11  0.3573E-11
CALSDV   49   24  0.3552E-11  0.3563E-11
CALSDV   50   24  0.3615E-11  0.3614E-11
CALSDV   51   24  0.3576E-11  0.3591E-11
CALSDV   52   24  0.3597E-11  0.3600E-11
CALSDV   53   24  0.3493E-11  0.3505E-11
CALSDV   54   24  0.3531E-11  0.3535E-11
CALSDV   55   24  0.3493E-11  0.3507E-11
CALSDV   56   24  0.3518E-11  0.3525E-11
CALSDV   57   24  0.3487E-11  0.3500E-11
CALSDV   58   24  0.3533E-11  0.3542E-11
CALSDV   59   24  0.3246E-11  0.3255E-11
CALSDV   60   24  0.3313E-11  0.3320E-11
CALSDV   25   25  0.8183E-11  0.8201E-11
CALSDV   26   25  0.7488E-11  0.7506E-11
CALSDV   27   25  0.6183E-11  0.6164E-11
CALSDV   28   25  0.4958E-11  0.4954E-11
CALSDV   29   25  0.5665E-11  0.5665E-11
CALSDV   30   25  0.4439E-11  0.4436E-11
CALSDV   31   25  0.4691E-11  0.4696E-11
CALSDV   32   25  0.4733E-11  0.4720E-11
CALSDV   33   25  0.4404E-11  0.4414E-11
CALSDV   34   25  0.4770E-11  0.4762E-11
CALSDV   35   25  0.4357E-11  0.4363E-11
CALSDV   36   25  0.4805E-11  0.4804E-11
CALSDV   37   25  0.4430E-11  0.4429E-11
CALSDV   38   25  0.4636E-11  0.4633E-11
CALSDV   39   25  0.4485E-11  0.4483E-11
CALSDV   40   25  0.4424E-11  0.4423E-11
CALSDV   41   25  0.4340E-11  0.4336E-11
CALSDV   42   25  0.4122E-11  0.4119E-11
CALSDV   43   25  0.4125E-11  0.4121E-11
CALSDV   44   25  0.3986E-11  0.3985E-11
CALSDV   45   25  0.4064E-11  0.4064E-11
CALSDV   46   25  0.4080E-11  0.4075E-11
CALSDV   47   25  0.4059E-11  0.4059E-11
CALSDV   48   25  0.4101E-11  0.4096E-11
CALSDV   49   25  0.3942E-11  0.3942E-11
CALSDV   50   25  0.3980E-11  0.3979E-11
CALSDV   51   25  0.3954E-11  0.3952E-11
CALSDV   52   25  0.4031E-11  0.4031E-11
CALSDV   53   25  0.3772E-11  0.3770E-11
CALSDV   54   25  0.3934E-11  0.3933E-11
CALSDV   55   25  0.3677E-11  0.3676E-11
CALSDV   56   25  0.3794E-11  0.3794E-11
CALSDV   57   25  0.3610E-11  0.3609E-11
CALSDV   58   25  0.3742E-11  0.3742E-11
CALSDV   59   25  0.3315E-11  0.3316E-11
CALSDV   60   25  0.3431E-11  0.3432E-11
CALSDV   26   26  0.8180E-11  0.8066E-11
CALSDV   27   26  0.7620E-11  0.7547E-11
CALSDV   28   26  0.6396E-11  0.6375E-11
CALSDV   29   26  0.4667E-11  0.4599E-11
CALSDV   30   26  0.6321E-11  0.6321E-11
CALSDV   31   26  0.4904E-11  0.4885E-11
CALSDV   32   26  0.5366E-11  0.5365E-11
CALSDV   33   26  0.5018E-11  0.5013E-11
CALSDV   34   26  0.4882E-11  0.4878E-11
CALSDV   35   26  0.4864E-11  0.4860E-11
CALSDV   36   26  0.4503E-11  0.4509E-11
CALSDV   37   26  0.4699E-11  0.4678E-11
CALSDV   38   26  0.4320E-11  0.4333E-11
CALSDV   39   26  0.4508E-11  0.4481E-11
CALSDV   40   26  0.4321E-11  0.4339E-11
CALSDV   41   26  0.4262E-11  0.4238E-11
CALSDV   42   26  0.4302E-11  0.4317E-11
CALSDV   43   26  0.3983E-11  0.3966E-11
CALSDV   44   26  0.4149E-11  0.4161E-11
CALSDV   45   26  0.3748E-11  0.3743E-11
CALSDV   46   26  0.3905E-11  0.3917E-11
CALSDV   47   26  0.3775E-11  0.3778E-11
CALSDV   48   26  0.3843E-11  0.3852E-11
CALSDV   49   26  0.3964E-11  0.3970E-11
CALSDV   50   26  0.3979E-11  0.3988E-11
CALSDV   51   26  0.3891E-11  0.3895E-11
CALSDV   52   26  0.3922E-11  0.3932E-11
CALSDV   53   26  0.3939E-11  0.3941E-11
CALSDV   54   26  0.3984E-11  0.3993E-11
CALSDV   55   26  0.3793E-11  0.3799E-11
CALSDV   56   26  0.3795E-11  0.3802E-11
CALSDV   57   26  0.3703E-11  0.3708E-11
CALSDV   58   26  0.3739E-11  0.3745E-11
CALSDV   59   26  0.3382E-11  0.3385E-11
CALSDV   60   26  0.3444E-11  0.3448E-11
CALSDV   27   27  0.8351E-11  0.8311E-11
CALSDV   28   27  0.8268E-11  0.8380E-11
CALSDV   29   27  0.6705E-11  0.6730E-11
CALSDV   30   27  0.4806E-11  0.4936E-11
CALSDV   31   27  0.6298E-11  0.6318E-11
CALSDV   32   27  0.5023E-11  0.5073E-11
CALSDV   33   27  0.5362E-11  0.5352E-11
CALSDV   34   27  0.5155E-11  0.5176E-11
CALSDV   35   27  0.4862E-11  0.4847E-11
CALSDV   36   27  0.5005E-11  0.5054E-11
CALSDV   37   27  0.4627E-11  0.4624E-11
CALSDV   38   27  0.4882E-11  0.4948E-11
CALSDV   39   27  0.4735E-11  0.4751E-11
CALSDV   40   27  0.4836E-11  0.4919E-11
CALSDV   41   27  0.4935E-11  0.4953E-11
CALSDV   42   27  0.4818E-11  0.4897E-11
CALSDV   43   27  0.5088E-11  0.5106E-11
CALSDV   44   27  0.4785E-11  0.4855E-11
CALSDV   45   27  0.5074E-11  0.5087E-11
CALSDV   46   27  0.4671E-11  0.4733E-11
CALSDV   47   27  0.4869E-11  0.4872E-11
CALSDV   48   27  0.4494E-11  0.4543E-11
CALSDV   49   27  0.4634E-11  0.4626E-11
CALSDV   50   27  0.4411E-11  0.4448E-11
CALSDV   51   27  0.4602E-11  0.4592E-11
CALSDV   52   27  0.4526E-11  0.4557E-11
CALSDV   53   27  0.4481E-11  0.4479E-11
CALSDV   54   27  0.4420E-11  0.4444E-11
CALSDV   55   27  0.4237E-11  0.4245E-11
CALSDV   56   27  0.4215E-11  0.4236E-11
CALSDV   57   27  0.3942E-11  0.3945E-11
CALSDV   58   27  0.3990E-11  0.4003E-11
CALSDV   59   27  0.3493E-11  0.3499E-11
CALSDV   60   27  0.3566E-11  0.3576E-11
CALSDV   28   28  0.8464E-11  0.8639E-11
CALSDV   29   28  0.8486E-11  0.8562E-11
CALSDV   30   28  0.6849E-11  0.6847E-11
CALSDV   31   28  0.5162E-11  0.5238E-11
CALSDV   32   28  0.6678E-11  0.6682E-11
CALSDV   33   28  0.5299E-11  0.5308E-11
CALSDV   34   28  0.5885E-11  0.5920E-11
CALSDV   35   28  0.5488E-11  0.5489E-11
CALSDV   36   28  0.5374E-11  0.5448E-11
CALSDV   37   28  0.5275E-11  0.5282E-11
CALSDV   38   28  0.4948E-11  0.5015E-11
CALSDV   39   28  0.4936E-11  0.4950E-11
CALSDV   40   28  0.4782E-11  0.4834E-11
CALSDV   41   28  0.4703E-11  0.4735E-11
CALSDV   42   28  0.4764E-11  0.4801E-11
CALSDV   43   28  0.4653E-11  0.4687E-11
CALSDV   44   28  0.4864E-11  0.4879E-11
CALSDV   45   28  0.4699E-11  0.4734E-11
CALSDV   46   28  0.4979E-11  0.4979E-11
CALSDV   47   28  0.4725E-11  0.4753E-11
CALSDV   48   28  0.4999E-11  0.4990E-11
CALSDV   49   28  0.4607E-11  0.4626E-11
CALSDV   50   28  0.4818E-11  0.4818E-11
CALSDV   51   28  0.4366E-11  0.4382E-11
CALSDV   52   28  0.4470E-11  0.4483E-11
CALSDV   53   28  0.4291E-11  0.4307E-11
CALSDV   54   28  0.4309E-11  0.4328E-11
CALSDV   55   28  0.4386E-11  0.4400E-11
CALSDV   56   28  0.4404E-11  0.4421E-11
CALSDV   57   28  0.3963E-11  0.3984E-11
CALSDV   58   28  0.4029E-11  0.4046E-11
CALSDV   59   28  0.3501E-11  0.3517E-11
CALSDV   60   28  0.3565E-11  0.3581E-11
CALSDV   29   29  0.6196E-11  0.6245E-11
CALSDV   30   29  0.9935E-11  0.9798E-11
CALSDV   31   29  0.7317E-11  0.7274E-11
CALSDV   32   29  0.6106E-11  0.6023E-11
CALSDV   33   29  0.6940E-11  0.6908E-11
CALSDV   34   29  0.5907E-11  0.5889E-11
CALSDV   35   29  0.5613E-11  0.5600E-11
CALSDV   36   29  0.6016E-11  0.6014E-11
CALSDV   37   29  0.4779E-11  0.4770E-11
CALSDV   38   29  0.5787E-11  0.5745E-11
CALSDV   39   29  0.4620E-11  0.4605E-11
CALSDV   40   29  0.5466E-11  0.5367E-11
CALSDV   41   29  0.4817E-11  0.4806E-11
CALSDV   42   29  0.5303E-11  0.5152E-11
CALSDV   43   29  0.5077E-11  0.5065E-11
CALSDV   44   29  0.5362E-11  0.5180E-11
CALSDV   45   29  0.5303E-11  0.5293E-11
CALSDV   46   29  0.5548E-11  0.5363E-11
CALSDV   47   29  0.5468E-11  0.5453E-11
CALSDV   48   29  0.5745E-11  0.5574E-11
CALSDV   49   29  0.5547E-11  0.5528E-11
CALSDV   50   29  0.5835E-11  0.5689E-11
CALSDV   51   29  0.5473E-11  0.5452E-11
CALSDV   52   29  0.5718E-11  0.5609E-11
CALSDV   53   29  0.5161E-11  0.5141E-11
CALSDV   54   29  0.5339E-11  0.5269E-11
CALSDV   55   29  0.4682E-11  0.4669E-11
CALSDV   56   29  0.4846E-11  0.4815E-11
CALSDV   57   29  0.4523E-11  0.4511E-11
CALSDV   58   29  0.4712E-11  0.4699E-11
CALSDV   59   29  0.3596E-11  0.3594E-11
CALSDV   60   29  0.3744E-11  0.3734E-11
CALSDV   30   30  0.8254E-11  0.8521E-11
CALSDV   31   30  0.9337E-11  0.9517E-11
CALSDV   32   30  0.7711E-11  0.7826E-11
CALSDV   33   30  0.5172E-11  0.5192E-11
CALSDV   34   30  0.7286E-11  0.7380E-11
CALSDV   35   30  0.5829E-11  0.5854E-11
CALSDV   36   30  0.6155E-11  0.6229E-11
CALSDV   37   30  0.6363E-11  0.6413E-11
CALSDV   38   30  0.5605E-11  0.5675E-11
CALSDV   39   30  0.6068E-11  0.6128E-11
CALSDV   40   30  0.5596E-11  0.5663E-11
CALSDV   41   30  0.5392E-11  0.5455E-11
CALSDV   42   30  0.5762E-11  0.5831E-11
CALSDV   43   30  0.4826E-11  0.4889E-11
CALSDV   44   30  0.5878E-11  0.5950E-11
CALSDV   45   30  0.4668E-11  0.4732E-11
CALSDV   46   30  0.5930E-11  0.5997E-11
CALSDV   47   30  0.4897E-11  0.4958E-11
CALSDV   48   30  0.5951E-11  0.6018E-11
CALSDV   49   30  0.5302E-11  0.5363E-11
CALSDV   50   30  0.5978E-11  0.6042E-11
CALSDV   51   30  0.5664E-11  0.5732E-11
CALSDV   52   30  0.6015E-11  0.6078E-11
CALSDV   53   30  0.5837E-11  0.5903E-11
CALSDV   54   30  0.5988E-11  0.6049E-11
CALSDV   55   30  0.5660E-11  0.5719E-11
CALSDV   56   30  0.5744E-11  0.5796E-11
CALSDV   57   30  0.4931E-11  0.4966E-11
CALSDV   58   30  0.5015E-11  0.5044E-11
CALSDV   59   30  0.3819E-11  0.3831E-11
CALSDV   60   30  0.3904E-11  0.3909E-11
CALSDV   31   31  0.1007E-10  0.4696E-11
CALSDV   32   31  0.1395E-10  0.7268E-11
CALSDV   33   31  0.1033E-10  0.4705E-11
CALSDV   34   31  0.8558E-11  0.5233E-11
CALSDV   35   31  0.1050E-10  0.4607E-11
CALSDV   36   31  0.8972E-11  0.4849E-11
CALSDV   37   31  0.9021E-11  0.3813E-11
CALSDV   38   31  0.9438E-11  0.4573E-11
CALSDV   39   31  0.7896E-11  0.3281E-11
CALSDV   40   31  0.8950E-11  0.4092E-11
CALSDV   41   31  0.7426E-11  0.3186E-11
CALSDV   42   31  0.8039E-11  0.3574E-11
CALSDV   43   31  0.7353E-11  0.3329E-11
CALSDV   44   31  0.7369E-11  0.3221E-11
CALSDV   45   31  0.7375E-11  0.3507E-11
CALSDV   46   31  0.7312E-11  0.3135E-11
CALSDV   47   31  0.7397E-11  0.3636E-11
CALSDV   48   31  0.7776E-11  0.3263E-11
CALSDV   49   31  0.7471E-11  0.3706E-11
CALSDV   50   31  0.8459E-11  0.3479E-11
CALSDV   51   31  0.7628E-11  0.3727E-11
CALSDV   52   31  0.9081E-11  0.3677E-11
CALSDV   53   31  0.7859E-11  0.3706E-11
CALSDV   54   31  0.9493E-11  0.3798E-11
CALSDV   55   31  0.8064E-11  0.3638E-11
CALSDV   56   31  0.9581E-11  0.3809E-11
CALSDV   57   31  0.8029E-11  0.3482E-11
CALSDV   58   31  0.9197E-11  0.3670E-11
CALSDV   59   31  0.7027E-11  0.3018E-11
CALSDV   60   31  0.7651E-11  0.3161E-11
CALSDV   32   32  0.8088E-11  0.8339E-11
CALSDV   33   32  0.9945E-11  0.1002E-10
CALSDV   34   32  0.7968E-11  0.8055E-11
CALSDV   35   32  0.5413E-11  0.5451E-11
CALSDV   36   32  0.7473E-11  0.7534E-11
CALSDV   37   32  0.6210E-11  0.6249E-11
CALSDV   38   32  0.6274E-11  0.6325E-11
CALSDV   39   32  0.6866E-11  0.6909E-11
CALSDV   40   32  0.5751E-11  0.5794E-11
CALSDV   41   32  0.6592E-11  0.6628E-11
CALSDV   42   32  0.5782E-11  0.5834E-11
CALSDV   43   32  0.5863E-11  0.5895E-11
CALSDV   44   32  0.5958E-11  0.6014E-11
CALSDV   45   32  0.5216E-11  0.5246E-11
CALSDV   46   32  0.6053E-11  0.6109E-11
CALSDV   47   32  0.5011E-11  0.5045E-11
CALSDV   48   32  0.6071E-11  0.6121E-11
CALSDV   49   32  0.5262E-11  0.5304E-11
CALSDV   50   32  0.6089E-11  0.6143E-11
CALSDV   51   32  0.5747E-11  0.5796E-11
CALSDV   52   32  0.6165E-11  0.6221E-11
CALSDV   53   32  0.6219E-11  0.6274E-11
CALSDV   54   32  0.6307E-11  0.6364E-11
CALSDV   55   32  0.6513E-11  0.6574E-11
CALSDV   56   32  0.6435E-11  0.6497E-11
CALSDV   57   32  0.6464E-11  0.6526E-11
CALSDV   58   32  0.6387E-11  0.6450E-11
CALSDV   59   32  0.5565E-11  0.5619E-11
CALSDV   60   32  0.5589E-11  0.5644E-11
CALSDV   33   33  0.6862E-11  0.6792E-11
CALSDV   34   33  0.9913E-11  0.9946E-11
CALSDV   35   33  0.7978E-11  0.7970E-11
CALSDV   36   33  0.5543E-11  0.5562E-11
CALSDV   37   33  0.7461E-11  0.7475E-11
CALSDV   38   33  0.6372E-11  0.6384E-11
CALSDV   39   33  0.6090E-11  0.6115E-11
CALSDV   40   33  0.6952E-11  0.6969E-11
CALSDV   41   33  0.5432E-11  0.5464E-11
CALSDV   42   33  0.6667E-11  0.6676E-11
CALSDV   43   33  0.5471E-11  0.5480E-11
CALSDV   44   33  0.6053E-11  0.6055E-11
CALSDV   45   33  0.5742E-11  0.5743E-11
CALSDV   46   33  0.5633E-11  0.5631E-11
CALSDV   47   33  0.5981E-11  0.5976E-11
CALSDV   48   33  0.5665E-11  0.5666E-11
CALSDV   49   33  0.6160E-11  0.6159E-11
CALSDV   50   33  0.6049E-11  0.6057E-11
CALSDV   51   33  0.6317E-11  0.6321E-11
CALSDV   52   33  0.6552E-11  0.6569E-11
CALSDV   53   33  0.6465E-11  0.6474E-11
CALSDV   54   33  0.6969E-11  0.6991E-11
CALSDV   55   33  0.6557E-11  0.6568E-11
CALSDV   56   33  0.7166E-11  0.7189E-11
CALSDV   57   33  0.6445E-11  0.6453E-11
CALSDV   58   33  0.6988E-11  0.7007E-11
CALSDV   59   33  0.5575E-11  0.5580E-11
CALSDV   60   33  0.5909E-11  0.5920E-11
CALSDV   34   34  0.6322E-11  0.6484E-11
CALSDV   35   34  0.9466E-11  0.9423E-11
CALSDV   36   34  0.7906E-11  0.7890E-11
CALSDV   37   34  0.5165E-11  0.5154E-11
CALSDV   38   34  0.7190E-11  0.7155E-11
CALSDV   39   34  0.6239E-11  0.6229E-11
CALSDV   40   34  0.6000E-11  0.5963E-11
CALSDV   41   34  0.6837E-11  0.6824E-11
CALSDV   42   34  0.5635E-11  0.5617E-11
CALSDV   43   34  0.6528E-11  0.6520E-11
CALSDV   44   34  0.5769E-11  0.5766E-11
CALSDV   45   34  0.5909E-11  0.5911E-11
CALSDV   46   34  0.5934E-11  0.5939E-11
CALSDV   47   34  0.5504E-11  0.5516E-11
CALSDV   48   34  0.5981E-11  0.5994E-11
CALSDV   49   34  0.5555E-11  0.5574E-11
CALSDV   50   34  0.6001E-11  0.6020E-11
CALSDV   51   34  0.5936E-11  0.5954E-11
CALSDV   52   34  0.6101E-11  0.6120E-11
CALSDV   53   34  0.6398E-11  0.6420E-11
CALSDV   54   34  0.6295E-11  0.6308E-11
CALSDV   55   34  0.6708E-11  0.6721E-11
CALSDV   56   34  0.6512E-11  0.6507E-11
CALSDV   57   34  0.6670E-11  0.6667E-11
CALSDV   58   34  0.6533E-11  0.6518E-11
CALSDV   59   34  0.5732E-11  0.5721E-11
CALSDV   60   34  0.5745E-11  0.5726E-11
CALSDV   35   35  0.6781E-11  0.7108E-11
CALSDV   36   35  0.9470E-11  0.9474E-11
CALSDV   37   35  0.8166E-11  0.8196E-11
CALSDV   38   35  0.5327E-11  0.5378E-11
CALSDV   39   35  0.7412E-11  0.7443E-11
CALSDV   40   35  0.6486E-11  0.6506E-11
CALSDV   41   35  0.6082E-11  0.6102E-11
CALSDV   42   35  0.7079E-11  0.7066E-11
CALSDV   43   35  0.5557E-11  0.5545E-11
CALSDV   44   35  0.6655E-11  0.6633E-11
CALSDV   45   35  0.5663E-11  0.5671E-11
CALSDV   46   35  0.5988E-11  0.5992E-11
CALSDV   47   35  0.5953E-11  0.5969E-11
CALSDV   48   35  0.5650E-11  0.5653E-11
CALSDV   49   35  0.6219E-11  0.6231E-11
CALSDV   50   35  0.5855E-11  0.5845E-11
CALSDV   51   35  0.6460E-11  0.6452E-11
CALSDV   52   35  0.6371E-11  0.6361E-11
CALSDV   53   35  0.6679E-11  0.6667E-11
CALSDV   54   35  0.6909E-11  0.6903E-11
CALSDV   55   35  0.6815E-11  0.6807E-11
CALSDV   56   35  0.7219E-11  0.7218E-11
CALSDV   57   35  0.6690E-11  0.6693E-11
CALSDV   58   35  0.7110E-11  0.7116E-11
CALSDV   59   35  0.5752E-11  0.5757E-11
CALSDV   60   35  0.6033E-11  0.6036E-11
CALSDV   36   36  0.6339E-11  0.6193E-11
CALSDV   37   36  0.9227E-11  0.9193E-11
CALSDV   38   36  0.8264E-11  0.8231E-11
CALSDV   39   36  0.5231E-11  0.5201E-11
CALSDV   40   36  0.7151E-11  0.7113E-11
CALSDV   41   36  0.6507E-11  0.6506E-11
CALSDV   42   36  0.5934E-11  0.5936E-11
CALSDV   43   36  0.7012E-11  0.7018E-11
CALSDV   44   36  0.5686E-11  0.5684E-11
CALSDV   45   36  0.6571E-11  0.6562E-11
CALSDV   46   36  0.5958E-11  0.5943E-11
CALSDV   47   36  0.5979E-11  0.5951E-11
CALSDV   48   36  0.6184E-11  0.6144E-11
CALSDV   49   36  0.5769E-11  0.5721E-11
CALSDV   50   36  0.6281E-11  0.6229E-11
CALSDV   51   36  0.6045E-11  0.5993E-11
CALSDV   52   36  0.6352E-11  0.6303E-11
CALSDV   53   36  0.6536E-11  0.6478E-11
CALSDV   54   36  0.6510E-11  0.6464E-11
CALSDV   55   36  0.6920E-11  0.6863E-11
CALSDV   56   36  0.6695E-11  0.6662E-11
CALSDV   57   36  0.6891E-11  0.6856E-11
CALSDV   58   36  0.6691E-11  0.6675E-11
CALSDV   59   36  0.5897E-11  0.5883E-11
CALSDV   60   36  0.5868E-11  0.5863E-11
CALSDV   37   37  0.6789E-11  0.6849E-11
CALSDV   38   37  0.9499E-11  0.9464E-11
CALSDV   39   37  0.8572E-11  0.8581E-11
CALSDV   40   37  0.5481E-11  0.5464E-11
CALSDV   41   37  0.7450E-11  0.7453E-11
CALSDV   42   37  0.6835E-11  0.6817E-11
CALSDV   43   37  0.6120E-11  0.6131E-11
CALSDV   44   37  0.7287E-11  0.7281E-11
CALSDV   45   37  0.5669E-11  0.5665E-11
CALSDV   46   37  0.6731E-11  0.6733E-11
CALSDV   47   37  0.5828E-11  0.5818E-11
CALSDV   48   37  0.5966E-11  0.5969E-11
CALSDV   49   37  0.6091E-11  0.6079E-11
CALSDV   50   37  0.5720E-11  0.5723E-11
CALSDV   51   37  0.6327E-11  0.6315E-11
CALSDV   52   37  0.6093E-11  0.6098E-11
CALSDV   53   37  0.6556E-11  0.6546E-11
CALSDV   54   37  0.6719E-11  0.6723E-11
CALSDV   55   37  0.6754E-11  0.6747E-11
CALSDV   56   37  0.7200E-11  0.7204E-11
CALSDV   57   37  0.6719E-11  0.6710E-11
CALSDV   58   37  0.7216E-11  0.7215E-11
CALSDV   59   37  0.5842E-11  0.5837E-11
CALSDV   60   37  0.6168E-11  0.6163E-11
CALSDV   38   38  0.6192E-11  0.6229E-11
CALSDV   39   38  0.9278E-11  0.9242E-11
CALSDV   40   38  0.8675E-11  0.8675E-11
CALSDV   41   38  0.5473E-11  0.5493E-11
CALSDV   42   38  0.7325E-11  0.7318E-11
CALSDV   43   38  0.6954E-11  0.6949E-11
CALSDV   44   38  0.6148E-11  0.6135E-11
CALSDV   45   38  0.7279E-11  0.7268E-11
CALSDV   46   38  0.5922E-11  0.5935E-11
CALSDV   47   38  0.6698E-11  0.6672E-11
CALSDV   48   38  0.6135E-11  0.6141E-11
CALSDV   49   38  0.6083E-11  0.6063E-11
CALSDV   50   38  0.6346E-11  0.6372E-11
CALSDV   51   38  0.6039E-11  0.6019E-11
CALSDV   52   38  0.6450E-11  0.6488E-11
CALSDV   53   38  0.6494E-11  0.6475E-11
CALSDV   54   38  0.6574E-11  0.6612E-11
CALSDV   55   38  0.6985E-11  0.6958E-11
CALSDV   56   38  0.6755E-11  0.6786E-11
CALSDV   57   38  0.7067E-11  0.7053E-11
CALSDV   58   38  0.6783E-11  0.6798E-11
CALSDV   59   38  0.6085E-11  0.6076E-11
CALSDV   60   38  0.5973E-11  0.5985E-11
CALSDV   39   39  0.6605E-11  0.6303E-11
CALSDV   40   39  0.9618E-11  0.9684E-11
CALSDV   41   39  0.9074E-11  0.9112E-11
CALSDV   42   39  0.5674E-11  0.5718E-11
CALSDV   43   39  0.7719E-11  0.7753E-11
CALSDV   44   39  0.7442E-11  0.7499E-11
CALSDV   45   39  0.6289E-11  0.6334E-11
CALSDV   46   39  0.7479E-11  0.7493E-11
CALSDV   47   39  0.5903E-11  0.5944E-11
CALSDV   48   39  0.6729E-11  0.6750E-11
CALSDV   49   39  0.6062E-11  0.6079E-11
CALSDV   50   39  0.5898E-11  0.5932E-11
CALSDV   51   39  0.6367E-11  0.6384E-11
CALSDV   52   39  0.5792E-11  0.5850E-11
CALSDV   53   39  0.6624E-11  0.6649E-11
CALSDV   54   39  0.6342E-11  0.6407E-11
CALSDV   55   39  0.6818E-11  0.6848E-11
CALSDV   56   39  0.6998E-11  0.7036E-11
CALSDV   57   39  0.6807E-11  0.6835E-11
CALSDV   58   39  0.7213E-11  0.7242E-11
CALSDV   59   39  0.5970E-11  0.5977E-11
CALSDV   60   39  0.6295E-11  0.6281E-11
CALSDV   40   40  0.6328E-11  0.6237E-11
CALSDV   41   40  0.9394E-11  0.9405E-11
CALSDV   42   40  0.9400E-11  0.9422E-11
CALSDV   43   40  0.5877E-11  0.5873E-11
CALSDV   44   40  0.7845E-11  0.7854E-11
CALSDV   45   40  0.7723E-11  0.7704E-11
CALSDV   46   40  0.6367E-11  0.6356E-11
CALSDV   47   40  0.7581E-11  0.7580E-11
CALSDV   48   40  0.6273E-11  0.6274E-11
CALSDV   49   40  0.6894E-11  0.6892E-11
CALSDV   50   40  0.6568E-11  0.6614E-11
CALSDV   51   40  0.6357E-11  0.6367E-11
CALSDV   52   40  0.6931E-11  0.7004E-11
CALSDV   53   40  0.6554E-11  0.6567E-11
CALSDV   54   40  0.7169E-11  0.7254E-11
CALSDV   55   40  0.7062E-11  0.7072E-11
CALSDV   56   40  0.7318E-11  0.7396E-11
CALSDV   57   40  0.7235E-11  0.7235E-11
CALSDV   58   40  0.7224E-11  0.7269E-11
CALSDV   59   40  0.6280E-11  0.6270E-11
CALSDV   60   40  0.6259E-11  0.6276E-11
CALSDV   41   41  0.6691E-11  0.6682E-11
CALSDV   42   41  0.9838E-11  0.9874E-11
CALSDV   43   41  0.9784E-11  0.9802E-11
CALSDV   44   41  0.6192E-11  0.6195E-11
CALSDV   45   41  0.8146E-11  0.8168E-11
CALSDV   46   41  0.8359E-11  0.8346E-11
CALSDV   47   41  0.6497E-11  0.6516E-11
CALSDV   48   41  0.8216E-11  0.8197E-11
CALSDV   49   41  0.6277E-11  0.6297E-11
CALSDV   50   41  0.6964E-11  0.6946E-11
CALSDV   51   41  0.6614E-11  0.6650E-11
CALSDV   52   41  0.6274E-11  0.6282E-11
CALSDV   53   41  0.6970E-11  0.7007E-11
CALSDV   54   41  0.6245E-11  0.6260E-11
CALSDV   55   41  0.7212E-11  0.7247E-11
CALSDV   56   41  0.6903E-11  0.6923E-11
CALSDV   57   41  0.7139E-11  0.7167E-11
CALSDV   58   41  0.7239E-11  0.7254E-11
CALSDV   59   41  0.6190E-11  0.6206E-11
CALSDV   60   41  0.6411E-11  0.6420E-11
CALSDV   42   42  0.6398E-11  0.6364E-11
CALSDV   43   42  0.9476E-11  0.9492E-11
CALSDV   44   42  0.1060E-10  0.1058E-10
CALSDV   45   42  0.6395E-11  0.6412E-11
CALSDV   46   42  0.8741E-11  0.8752E-11
CALSDV   47   42  0.8430E-11  0.8455E-11
CALSDV   48   42  0.6768E-11  0.6781E-11
CALSDV   49   42  0.8215E-11  0.8219E-11
CALSDV   50   42  0.6934E-11  0.6914E-11
CALSDV   51   42  0.7082E-11  0.7067E-11
CALSDV   52   42  0.7401E-11  0.7371E-11
CALSDV   53   42  0.6865E-11  0.6872E-11
CALSDV   54   42  0.8065E-11  0.8076E-11
CALSDV   55   42  0.7018E-11  0.7031E-11
CALSDV   56   42  0.8334E-11  0.8368E-11
CALSDV   57   42  0.7293E-11  0.7305E-11
CALSDV   58   42  0.8047E-11  0.8068E-11
CALSDV   59   42  0.6419E-11  0.6423E-11
CALSDV   60   42  0.6720E-11  0.6720E-11
CALSDV   43   43  0.6652E-11  0.6726E-11
CALSDV   44   43  0.9912E-11  0.9848E-11
CALSDV   45   43  0.1063E-10  0.1052E-10
CALSDV   46   43  0.6848E-11  0.6794E-11
CALSDV   47   43  0.8604E-11  0.8523E-11
CALSDV   48   43  0.8858E-11  0.8835E-11
CALSDV   49   43  0.6785E-11  0.6744E-11
CALSDV   50   43  0.8819E-11  0.8789E-11
CALSDV   51   43  0.7099E-11  0.7046E-11
CALSDV   52   43  0.7436E-11  0.7390E-11
CALSDV   53   43  0.7434E-11  0.7390E-11
CALSDV   54   43  0.6739E-11  0.6698E-11
CALSDV   55   43  0.7848E-11  0.7761E-11
CALSDV   56   43  0.7226E-11  0.7203E-11
CALSDV   57   43  0.7685E-11  0.7581E-11
CALSDV   58   43  0.7353E-11  0.7330E-11
CALSDV   59   43  0.6546E-11  0.6481E-11
CALSDV   60   43  0.6606E-11  0.6576E-11
CALSDV   44   44  0.6334E-11  0.6378E-11
CALSDV   45   44  0.9353E-11  0.9355E-11
CALSDV   46   44  0.1138E-10  0.1136E-10
CALSDV   47   44  0.7190E-11  0.7215E-11
CALSDV   48   44  0.9391E-11  0.9371E-11
CALSDV   49   44  0.8944E-11  0.8967E-11
CALSDV   50   44  0.7070E-11  0.7067E-11
CALSDV   51   44  0.8643E-11  0.8678E-11
CALSDV   52   44  0.7797E-11  0.7824E-11
CALSDV   53   44  0.7630E-11  0.7641E-11
CALSDV   54   44  0.9020E-11  0.9026E-11
CALSDV   55   44  0.7282E-11  0.7255E-11
CALSDV   56   44  0.8895E-11  0.8856E-11
CALSDV   57   44  0.7616E-11  0.7606E-11
CALSDV   58   44  0.8628E-11  0.8590E-11
CALSDV   59   44  0.6592E-11  0.6578E-11
CALSDV   60   44  0.7092E-11  0.7076E-11
CALSDV   45   45  0.7335E-11  0.7429E-11
CALSDV   46   45  0.9816E-11  0.9839E-11
CALSDV   47   45  0.1144E-10  0.1148E-10
CALSDV   48   45  0.7515E-11  0.7549E-11
CALSDV   49   45  0.9009E-11  0.9037E-11
CALSDV   50   45  0.9215E-11  0.9275E-11
CALSDV   51   45  0.7082E-11  0.7107E-11
CALSDV   52   45  0.8692E-11  0.8728E-11
CALSDV   53   45  0.8239E-11  0.8255E-11
CALSDV   54   45  0.7733E-11  0.7761E-11
CALSDV   55   45  0.9504E-11  0.9513E-11
CALSDV   56   45  0.7633E-11  0.7662E-11
CALSDV   57   45  0.8824E-11  0.8853E-11
CALSDV   58   45  0.7586E-11  0.7614E-11
CALSDV   59   45  0.7207E-11  0.7234E-11
CALSDV   60   45  0.7001E-11  0.7020E-11
CALSDV   46   46  0.6618E-11  0.6454E-11
CALSDV   47   46  0.9873E-11  0.9569E-11
CALSDV   48   46  0.1201E-10  0.1164E-10
CALSDV   49   46  0.8497E-11  0.8246E-11
CALSDV   50   46  0.9857E-11  0.9572E-11
CALSDV   51   46  0.1034E-10  0.1002E-10
CALSDV   52   46  0.7870E-11  0.7624E-11
CALSDV   53   46  0.9615E-11  0.9377E-11
CALSDV   54   46  0.8677E-11  0.8476E-11
CALSDV   55   46  0.8717E-11  0.8520E-11
CALSDV   56   46  0.1028E-10  0.1014E-10
CALSDV   57   46  0.8707E-11  0.8460E-11
CALSDV   58   46  0.1070E-10  0.1053E-10
CALSDV   59   46  0.7265E-11  0.7054E-11
CALSDV   60   46  0.8098E-11  0.7966E-11
CALSDV   47   47  0.7338E-11  0.7615E-11
CALSDV   48   47  0.1026E-10  0.1041E-10
CALSDV   49   47  0.1183E-10  0.1205E-10
CALSDV   50   47  0.8304E-11  0.8409E-11
CALSDV   51   47  0.8986E-11  0.9093E-11
CALSDV   52   47  0.9869E-11  0.1008E-10
CALSDV   53   47  0.7700E-11  0.7750E-11
CALSDV   54   47  0.8859E-11  0.9183E-11
CALSDV   55   47  0.9238E-11  0.9275E-11
CALSDV   56   47  0.7958E-11  0.8261E-11
CALSDV   57   47  0.1024E-10  0.1027E-10
CALSDV   58   47  0.8592E-11  0.8748E-11
CALSDV   59   47  0.8505E-11  0.8593E-11
CALSDV   60   47  0.7953E-11  0.8055E-11
CALSDV   48   48  0.6714E-11  0.6636E-11
CALSDV   49   48  0.9746E-11  0.9747E-11
CALSDV   50   48  0.1247E-10  0.1251E-10
CALSDV   51   48  0.8790E-11  0.8765E-11
CALSDV   52   48  0.9502E-11  0.9533E-11
CALSDV   53   48  0.1022E-10  0.1018E-10
CALSDV   54   48  0.7793E-11  0.7811E-11
CALSDV   55   48  0.9358E-11  0.9279E-11
CALSDV   56   48  0.9368E-11  0.9367E-11
CALSDV   57   48  0.8804E-11  0.8744E-11
CALSDV   58   48  0.1056E-10  0.1057E-10
CALSDV   59   48  0.7877E-11  0.7866E-11
CALSDV   60   48  0.8921E-11  0.8925E-11
CALSDV   49   49  0.6778E-11  0.6828E-11
CALSDV   50   49  0.1015E-10  0.1016E-10
CALSDV   51   49  0.1210E-10  0.1213E-10
CALSDV   52   49  0.8847E-11  0.8838E-11
CALSDV   53   49  0.8646E-11  0.8664E-11
CALSDV   54   49  0.9982E-11  0.9972E-11
CALSDV   55   49  0.7776E-11  0.7811E-11
CALSDV   56   49  0.8945E-11  0.8928E-11
CALSDV   57   49  0.9404E-11  0.9474E-11
CALSDV   58   49  0.8655E-11  0.8645E-11
CALSDV   59   49  0.8582E-11  0.8628E-11
CALSDV   60   49  0.8060E-11  0.8060E-11
CALSDV   50   50  0.6802E-11  0.6851E-11
CALSDV   51   50  0.1031E-10  0.1032E-10
CALSDV   52   50  0.1267E-10  0.1271E-10
CALSDV   53   50  0.9280E-11  0.9325E-11
CALSDV   54   50  0.9020E-11  0.9041E-11
CALSDV   55   50  0.1012E-10  0.1024E-10
CALSDV   56   50  0.8135E-11  0.8160E-11
CALSDV   57   50  0.9379E-11  0.9520E-11
CALSDV   58   50  0.9950E-11  0.9979E-11
CALSDV   59   50  0.8124E-11  0.8197E-11
CALSDV   60   50  0.9049E-11  0.9073E-11
CALSDV   51   51  0.6812E-11  0.6804E-11
CALSDV   52   51  0.1092E-10  0.1097E-10
CALSDV   53   51  0.1180E-10  0.1187E-10
CALSDV   54   51  0.9367E-11  0.9301E-11
CALSDV   55   51  0.8022E-11  0.8077E-11
CALSDV   56   51  0.1032E-10  0.1020E-10
CALSDV   57   51  0.8343E-11  0.8400E-11
CALSDV   58   51  0.9747E-11  0.9648E-11
CALSDV   59   51  0.8559E-11  0.8624E-11
CALSDV   60   51  0.8485E-11  0.8475E-11
CALSDV   52   52  0.6808E-11  0.6844E-11
CALSDV   53   52  0.1149E-10  0.1149E-10
CALSDV   54   52  0.1233E-10  0.1237E-10
CALSDV   55   52  0.9795E-11  0.9789E-11
CALSDV   56   52  0.8442E-11  0.8442E-11
CALSDV   57   52  0.1079E-10  0.1073E-10
CALSDV   58   52  0.8761E-11  0.8761E-11
CALSDV   59   52  0.9121E-11  0.9097E-11
CALSDV   60   52  0.8949E-11  0.8988E-11
CALSDV   53   53  0.6706E-11  0.6747E-11
CALSDV   54   53  0.1214E-10  0.1207E-10
CALSDV   55   53  0.1105E-10  0.1100E-10
CALSDV   56   53  0.9794E-11  0.9763E-11
CALSDV   57   53  0.7911E-11  0.7922E-11
CALSDV   58   53  0.1113E-10  0.1109E-10
CALSDV   59   53  0.8307E-11  0.8296E-11
CALSDV   60   53  0.9554E-11  0.9518E-11
CALSDV   54   54  0.6822E-11  0.6683E-11
CALSDV   55   54  0.1180E-10  0.1174E-10
CALSDV   56   54  0.1150E-10  0.1137E-10
CALSDV   57   54  0.9985E-11  0.9975E-11
CALSDV   58   54  0.8239E-11  0.7974E-11
CALSDV   59   54  0.9985E-11  0.9938E-11
CALSDV   60   54  0.8640E-11  0.8552E-11
CALSDV   55   55  0.7077E-11  0.7121E-11
CALSDV   56   55  0.1215E-10  0.1213E-10
CALSDV   57   55  0.1043E-10  0.1060E-10
CALSDV   58   55  0.1058E-10  0.1063E-10
CALSDV   59   55  0.8558E-11  0.8686E-11
CALSDV   60   55  0.1070E-10  0.1077E-10
CALSDV   56   56  0.7375E-11  0.7456E-11
CALSDV   57   56  0.1097E-10  0.1096E-10
CALSDV   58   56  0.1070E-10  0.1073E-10
CALSDV   59   56  0.1039E-10  0.1043E-10
CALSDV   60   56  0.8780E-11  0.8785E-11
CALSDV   57   57  0.7340E-11  0.7266E-11
CALSDV   58   57  0.1111E-10  0.1111E-10
CALSDV   59   57  0.1150E-10  0.1154E-10
CALSDV   60   57  0.1084E-10  0.1083E-10
CALSDV   58   58  0.7685E-11  0.8249E-11
CALSDV   59   58  0.1094E-10  0.1092E-10
CALSDV   60   58  0.1207E-10  0.1169E-10
CALSDV   59   59  0.4979E-11  0.5015E-11
CALSDV   60   59  0.1173E-10  0.1180E-10
CALSDV   60   60  0.7195E-11  0.6665E-11
