  This file contains calibrated standard deviations 
       The relevant data lines start with key CALSDV 
       Each such line contains the following data 
           N   M   C_SIGMA   S_SIGMA 
                 FOR M=0 S_SIGMA=0.0 
     
CALSDV    0    0  0.0000E+00  0.0000E+00
CALSDV    1    0  0.0000E+00  0.0000E+00
CALSDV    2    0  0.9069E-10  0.0000E+00
CALSDV    3    0  0.9600E-11  0.0000E+00
CALSDV    4    0  0.3302E-11  0.0000E+00
CALSDV    5    0  0.2142E-11  0.0000E+00
CALSDV    6    0  0.1647E-11  0.0000E+00
CALSDV    7    0  0.1345E-11  0.0000E+00
CALSDV    8    0  0.1148E-11  0.0000E+00
CALSDV    9    0  0.1006E-11  0.0000E+00
CALSDV   10    0  0.9047E-12  0.0000E+00
CALSDV   11    0  0.8252E-12  0.0000E+00
CALSDV   12    0  0.7644E-12  0.0000E+00
CALSDV   13    0  0.7177E-12  0.0000E+00
CALSDV   14    0  0.6795E-12  0.0000E+00
CALSDV   15    0  0.6497E-12  0.0000E+00
CALSDV   16    0  0.6257E-12  0.0000E+00
CALSDV   17    0  0.6066E-12  0.0000E+00
CALSDV   18    0  0.5916E-12  0.0000E+00
CALSDV   19    0  0.5804E-12  0.0000E+00
CALSDV   20    0  0.5718E-12  0.0000E+00
CALSDV   21    0  0.5658E-12  0.0000E+00
CALSDV   22    0  0.5618E-12  0.0000E+00
CALSDV   23    0  0.5602E-12  0.0000E+00
CALSDV   24    0  0.5603E-12  0.0000E+00
CALSDV   25    0  0.5620E-12  0.0000E+00
CALSDV   26    0  0.5656E-12  0.0000E+00
CALSDV   27    0  0.5706E-12  0.0000E+00
CALSDV   28    0  0.5764E-12  0.0000E+00
CALSDV   29    0  0.5842E-12  0.0000E+00
CALSDV   30    0  0.5933E-12  0.0000E+00
CALSDV   31    0  0.6036E-12  0.0000E+00
CALSDV   32    0  0.6153E-12  0.0000E+00
CALSDV   33    0  0.6283E-12  0.0000E+00
CALSDV   34    0  0.6422E-12  0.0000E+00
CALSDV   35    0  0.6579E-12  0.0000E+00
CALSDV   36    0  0.6748E-12  0.0000E+00
CALSDV   37    0  0.6933E-12  0.0000E+00
CALSDV   38    0  0.7132E-12  0.0000E+00
CALSDV   39    0  0.7345E-12  0.0000E+00
CALSDV   40    0  0.7576E-12  0.0000E+00
CALSDV   41    0  0.7823E-12  0.0000E+00
CALSDV   42    0  0.8087E-12  0.0000E+00
CALSDV   43    0  0.8365E-12  0.0000E+00
CALSDV   44    0  0.8666E-12  0.0000E+00
CALSDV   45    0  0.8986E-12  0.0000E+00
CALSDV   46    0  0.9327E-12  0.0000E+00
CALSDV   47    0  0.9684E-12  0.0000E+00
CALSDV   48    0  0.1007E-11  0.0000E+00
CALSDV   49    0  0.1047E-11  0.0000E+00
CALSDV   50    0  0.1091E-11  0.0000E+00
CALSDV   51    0  0.1137E-11  0.0000E+00
CALSDV   52    0  0.1186E-11  0.0000E+00
CALSDV   53    0  0.1237E-11  0.0000E+00
CALSDV   54    0  0.1293E-11  0.0000E+00
CALSDV   55    0  0.1350E-11  0.0000E+00
CALSDV   56    0  0.1412E-11  0.0000E+00
CALSDV   57    0  0.1472E-11  0.0000E+00
CALSDV   58    0  0.1539E-11  0.0000E+00
CALSDV   59    0  0.1452E-11  0.0000E+00
CALSDV   60    0  0.1515E-11  0.0000E+00
CALSDV    1    1  0.0000E+00  0.0000E+00
CALSDV    2    1  0.3194E-10  0.2939E-10
CALSDV    3    1  0.7190E-11  0.6841E-11
CALSDV    4    1  0.3401E-11  0.3371E-11
CALSDV    5    1  0.2281E-11  0.2276E-11
CALSDV    6    1  0.1729E-11  0.1728E-11
CALSDV    7    1  0.1401E-11  0.1404E-11
CALSDV    8    1  0.1184E-11  0.1187E-11
CALSDV    9    1  0.1033E-11  0.1037E-11
CALSDV   10    1  0.9227E-12  0.9254E-12
CALSDV   11    1  0.8401E-12  0.8429E-12
CALSDV   12    1  0.7756E-12  0.7785E-12
CALSDV   13    1  0.7261E-12  0.7284E-12
CALSDV   14    1  0.6868E-12  0.6893E-12
CALSDV   15    1  0.6556E-12  0.6579E-12
CALSDV   16    1  0.6305E-12  0.6327E-12
CALSDV   17    1  0.6108E-12  0.6130E-12
CALSDV   18    1  0.5955E-12  0.5976E-12
CALSDV   19    1  0.5835E-12  0.5855E-12
CALSDV   20    1  0.5742E-12  0.5763E-12
CALSDV   21    1  0.5682E-12  0.5701E-12
CALSDV   22    1  0.5639E-12  0.5659E-12
CALSDV   23    1  0.5621E-12  0.5641E-12
CALSDV   24    1  0.5619E-12  0.5638E-12
CALSDV   25    1  0.5636E-12  0.5655E-12
CALSDV   26    1  0.5667E-12  0.5687E-12
CALSDV   27    1  0.5715E-12  0.5735E-12
CALSDV   28    1  0.5776E-12  0.5796E-12
CALSDV   29    1  0.5852E-12  0.5873E-12
CALSDV   30    1  0.5940E-12  0.5960E-12
CALSDV   31    1  0.6043E-12  0.6064E-12
CALSDV   32    1  0.6157E-12  0.6178E-12
CALSDV   33    1  0.6288E-12  0.6309E-12
CALSDV   34    1  0.6427E-12  0.6449E-12
CALSDV   35    1  0.6583E-12  0.6606E-12
CALSDV   36    1  0.6751E-12  0.6774E-12
CALSDV   37    1  0.6935E-12  0.6959E-12
CALSDV   38    1  0.7134E-12  0.7158E-12
CALSDV   39    1  0.7347E-12  0.7372E-12
CALSDV   40    1  0.7577E-12  0.7602E-12
CALSDV   41    1  0.7821E-12  0.7849E-12
CALSDV   42    1  0.8085E-12  0.8112E-12
CALSDV   43    1  0.8364E-12  0.8392E-12
CALSDV   44    1  0.8663E-12  0.8693E-12
CALSDV   45    1  0.8982E-12  0.9012E-12
CALSDV   46    1  0.9322E-12  0.9354E-12
CALSDV   47    1  0.9681E-12  0.9711E-12
CALSDV   48    1  0.1007E-11  0.1010E-11
CALSDV   49    1  0.1047E-11  0.1050E-11
CALSDV   50    1  0.1090E-11  0.1094E-11
CALSDV   51    1  0.1136E-11  0.1140E-11
CALSDV   52    1  0.1185E-11  0.1189E-11
CALSDV   53    1  0.1237E-11  0.1241E-11
CALSDV   54    1  0.1292E-11  0.1296E-11
CALSDV   55    1  0.1349E-11  0.1353E-11
CALSDV   56    1  0.1411E-11  0.1416E-11
CALSDV   57    1  0.1471E-11  0.1476E-11
CALSDV   58    1  0.1538E-11  0.1543E-11
CALSDV   59    1  0.1453E-11  0.1457E-11
CALSDV   60    1  0.1516E-11  0.1520E-11
CALSDV    2    2  0.1970E-10  0.2404E-10
CALSDV    3    2  0.1010E-10  0.1021E-10
CALSDV    4    2  0.4670E-11  0.4690E-11
CALSDV    5    2  0.2902E-11  0.2909E-11
CALSDV    6    2  0.2112E-11  0.2117E-11
CALSDV    7    2  0.1639E-11  0.1641E-11
CALSDV    8    2  0.1355E-11  0.1357E-11
CALSDV    9    2  0.1153E-11  0.1154E-11
CALSDV   10    2  0.1016E-11  0.1018E-11
CALSDV   11    2  0.9110E-12  0.9119E-12
CALSDV   12    2  0.8334E-12  0.8345E-12
CALSDV   13    2  0.7732E-12  0.7736E-12
CALSDV   14    2  0.7256E-12  0.7264E-12
CALSDV   15    2  0.6882E-12  0.6890E-12
CALSDV   16    2  0.6585E-12  0.6591E-12
CALSDV   17    2  0.6348E-12  0.6355E-12
CALSDV   18    2  0.6164E-12  0.6172E-12
CALSDV   19    2  0.6021E-12  0.6027E-12
CALSDV   20    2  0.5911E-12  0.5916E-12
CALSDV   21    2  0.5831E-12  0.5836E-12
CALSDV   22    2  0.5777E-12  0.5783E-12
CALSDV   23    2  0.5745E-12  0.5751E-12
CALSDV   24    2  0.5734E-12  0.5740E-12
CALSDV   25    2  0.5742E-12  0.5749E-12
CALSDV   26    2  0.5765E-12  0.5772E-12
CALSDV   27    2  0.5807E-12  0.5813E-12
CALSDV   28    2  0.5864E-12  0.5870E-12
CALSDV   29    2  0.5935E-12  0.5942E-12
CALSDV   30    2  0.6018E-12  0.6025E-12
CALSDV   31    2  0.6117E-12  0.6124E-12
CALSDV   32    2  0.6228E-12  0.6235E-12
CALSDV   33    2  0.6354E-12  0.6361E-12
CALSDV   34    2  0.6494E-12  0.6502E-12
CALSDV   35    2  0.6648E-12  0.6656E-12
CALSDV   36    2  0.6813E-12  0.6821E-12
CALSDV   37    2  0.6997E-12  0.7005E-12
CALSDV   38    2  0.7192E-12  0.7200E-12
CALSDV   39    2  0.7404E-12  0.7412E-12
CALSDV   40    2  0.7633E-12  0.7641E-12
CALSDV   41    2  0.7876E-12  0.7885E-12
CALSDV   42    2  0.8138E-12  0.8147E-12
CALSDV   43    2  0.8418E-12  0.8428E-12
CALSDV   44    2  0.8717E-12  0.8727E-12
CALSDV   45    2  0.9033E-12  0.9044E-12
CALSDV   46    2  0.9374E-12  0.9385E-12
CALSDV   47    2  0.9732E-12  0.9743E-12
CALSDV   48    2  0.1012E-11  0.1013E-11
CALSDV   49    2  0.1052E-11  0.1053E-11
CALSDV   50    2  0.1096E-11  0.1097E-11
CALSDV   51    2  0.1141E-11  0.1143E-11
CALSDV   52    2  0.1190E-11  0.1192E-11
CALSDV   53    2  0.1242E-11  0.1243E-11
CALSDV   54    2  0.1297E-11  0.1299E-11
CALSDV   55    2  0.1355E-11  0.1357E-11
CALSDV   56    2  0.1417E-11  0.1419E-11
CALSDV   57    2  0.1478E-11  0.1480E-11
CALSDV   58    2  0.1545E-11  0.1547E-11
CALSDV   59    2  0.1472E-11  0.1473E-11
CALSDV   60    2  0.1534E-11  0.1536E-11
CALSDV    3    3  0.2390E-10  0.2383E-10
CALSDV    4    3  0.9719E-11  0.9603E-11
CALSDV    5    3  0.6621E-11  0.6571E-11
CALSDV    6    3  0.3586E-11  0.3564E-11
CALSDV    7    3  0.3160E-11  0.3139E-11
CALSDV    8    3  0.2005E-11  0.1995E-11
CALSDV    9    3  0.1900E-11  0.1889E-11
CALSDV   10    3  0.1358E-11  0.1354E-11
CALSDV   11    3  0.1324E-11  0.1318E-11
CALSDV   12    3  0.1037E-11  0.1034E-11
CALSDV   13    3  0.1023E-11  0.1018E-11
CALSDV   14    3  0.8569E-12  0.8540E-12
CALSDV   15    3  0.8508E-12  0.8470E-12
CALSDV   16    3  0.7494E-12  0.7468E-12
CALSDV   17    3  0.7467E-12  0.7436E-12
CALSDV   18    3  0.6821E-12  0.6797E-12
CALSDV   19    3  0.6825E-12  0.6796E-12
CALSDV   20    3  0.6410E-12  0.6388E-12
CALSDV   21    3  0.6436E-12  0.6410E-12
CALSDV   22    3  0.6170E-12  0.6147E-12
CALSDV   23    3  0.6215E-12  0.6192E-12
CALSDV   24    3  0.6052E-12  0.6030E-12
CALSDV   25    3  0.6118E-12  0.6092E-12
CALSDV   26    3  0.6033E-12  0.6011E-12
CALSDV   27    3  0.6117E-12  0.6092E-12
CALSDV   28    3  0.6090E-12  0.6067E-12
CALSDV   29    3  0.6195E-12  0.6170E-12
CALSDV   30    3  0.6217E-12  0.6191E-12
CALSDV   31    3  0.6343E-12  0.6317E-12
CALSDV   32    3  0.6403E-12  0.6379E-12
CALSDV   33    3  0.6551E-12  0.6525E-12
CALSDV   34    3  0.6654E-12  0.6628E-12
CALSDV   35    3  0.6825E-12  0.6797E-12
CALSDV   36    3  0.6962E-12  0.6935E-12
CALSDV   37    3  0.7157E-12  0.7129E-12
CALSDV   38    3  0.7328E-12  0.7300E-12
CALSDV   39    3  0.7552E-12  0.7523E-12
CALSDV   40    3  0.7760E-12  0.7730E-12
CALSDV   41    3  0.8013E-12  0.7982E-12
CALSDV   42    3  0.8261E-12  0.8229E-12
CALSDV   43    3  0.8549E-12  0.8516E-12
CALSDV   44    3  0.8835E-12  0.8801E-12
CALSDV   45    3  0.9159E-12  0.9123E-12
CALSDV   46    3  0.9488E-12  0.9452E-12
CALSDV   47    3  0.9853E-12  0.9816E-12
CALSDV   48    3  0.1023E-11  0.1019E-11
CALSDV   49    3  0.1064E-11  0.1060E-11
CALSDV   50    3  0.1107E-11  0.1103E-11
CALSDV   51    3  0.1153E-11  0.1149E-11
CALSDV   52    3  0.1202E-11  0.1197E-11
CALSDV   53    3  0.1254E-11  0.1250E-11
CALSDV   54    3  0.1309E-11  0.1305E-11
CALSDV   55    3  0.1368E-11  0.1363E-11
CALSDV   56    3  0.1430E-11  0.1425E-11
CALSDV   57    3  0.1494E-11  0.1489E-11
CALSDV   58    3  0.1561E-11  0.1556E-11
CALSDV   59    3  0.1513E-11  0.1508E-11
CALSDV   60    3  0.1575E-11  0.1569E-11
CALSDV    4    4  0.1235E-10  0.1271E-10
CALSDV    5    4  0.9881E-11  0.9881E-11
CALSDV    6    4  0.4095E-11  0.4137E-11
CALSDV    7    4  0.3668E-11  0.3642E-11
CALSDV    8    4  0.2241E-11  0.2246E-11
CALSDV    9    4  0.1993E-11  0.1984E-11
CALSDV   10    4  0.1494E-11  0.1499E-11
CALSDV   11    4  0.1354E-11  0.1349E-11
CALSDV   12    4  0.1129E-11  0.1130E-11
CALSDV   13    4  0.1044E-11  0.1041E-11
CALSDV   14    4  0.9247E-12  0.9256E-12
CALSDV   15    4  0.8722E-12  0.8702E-12
CALSDV   16    4  0.8018E-12  0.8020E-12
CALSDV   17    4  0.7687E-12  0.7673E-12
CALSDV   18    4  0.7258E-12  0.7255E-12
CALSDV   19    4  0.7045E-12  0.7038E-12
CALSDV   20    4  0.6775E-12  0.6768E-12
CALSDV   21    4  0.6651E-12  0.6640E-12
CALSDV   22    4  0.6480E-12  0.6476E-12
CALSDV   23    4  0.6419E-12  0.6410E-12
CALSDV   24    4  0.6323E-12  0.6318E-12
CALSDV   25    4  0.6307E-12  0.6299E-12
CALSDV   26    4  0.6270E-12  0.6265E-12
CALSDV   27    4  0.6296E-12  0.6288E-12
CALSDV   28    4  0.6301E-12  0.6295E-12
CALSDV   29    4  0.6361E-12  0.6353E-12
CALSDV   30    4  0.6406E-12  0.6401E-12
CALSDV   31    4  0.6496E-12  0.6488E-12
CALSDV   32    4  0.6579E-12  0.6572E-12
CALSDV   33    4  0.6696E-12  0.6689E-12
CALSDV   34    4  0.6811E-12  0.6804E-12
CALSDV   35    4  0.6960E-12  0.6951E-12
CALSDV   36    4  0.7108E-12  0.7101E-12
CALSDV   37    4  0.7286E-12  0.7278E-12
CALSDV   38    4  0.7464E-12  0.7456E-12
CALSDV   39    4  0.7673E-12  0.7664E-12
CALSDV   40    4  0.7887E-12  0.7878E-12
CALSDV   41    4  0.8128E-12  0.8119E-12
CALSDV   42    4  0.8380E-12  0.8370E-12
CALSDV   43    4  0.8656E-12  0.8646E-12
CALSDV   44    4  0.8946E-12  0.8936E-12
CALSDV   45    4  0.9260E-12  0.9251E-12
CALSDV   46    4  0.9594E-12  0.9583E-12
CALSDV   47    4  0.9950E-12  0.9939E-12
CALSDV   48    4  0.1033E-11  0.1032E-11
CALSDV   49    4  0.1074E-11  0.1072E-11
CALSDV   50    4  0.1117E-11  0.1115E-11
CALSDV   51    4  0.1162E-11  0.1161E-11
CALSDV   52    4  0.1211E-11  0.1210E-11
CALSDV   53    4  0.1263E-11  0.1262E-11
CALSDV   54    4  0.1319E-11  0.1317E-11
CALSDV   55    4  0.1377E-11  0.1376E-11
CALSDV   56    4  0.1439E-11  0.1438E-11
CALSDV   57    4  0.1504E-11  0.1503E-11
CALSDV   58    4  0.1573E-11  0.1571E-11
CALSDV   59    4  0.1544E-11  0.1542E-11
CALSDV   60    4  0.1607E-11  0.1605E-11
CALSDV    5    5  0.1875E-10  0.1867E-10
CALSDV    6    5  0.7202E-11  0.7176E-11
CALSDV    7    5  0.4849E-11  0.4838E-11
CALSDV    8    5  0.3040E-11  0.3031E-11
CALSDV    9    5  0.2739E-11  0.2738E-11
CALSDV   10    5  0.1907E-11  0.1904E-11
CALSDV   11    5  0.1891E-11  0.1889E-11
CALSDV   12    5  0.1419E-11  0.1415E-11
CALSDV   13    5  0.1429E-11  0.1430E-11
CALSDV   14    5  0.1147E-11  0.1145E-11
CALSDV   15    5  0.1153E-11  0.1153E-11
CALSDV   16    5  0.9763E-12  0.9746E-12
CALSDV   17    5  0.9783E-12  0.9783E-12
CALSDV   18    5  0.8648E-12  0.8634E-12
CALSDV   19    5  0.8640E-12  0.8642E-12
CALSDV   20    5  0.7891E-12  0.7883E-12
CALSDV   21    5  0.7881E-12  0.7882E-12
CALSDV   22    5  0.7392E-12  0.7388E-12
CALSDV   23    5  0.7394E-12  0.7396E-12
CALSDV   24    5  0.7081E-12  0.7076E-12
CALSDV   25    5  0.7101E-12  0.7097E-12
CALSDV   26    5  0.6905E-12  0.6901E-12
CALSDV   27    5  0.6946E-12  0.6942E-12
CALSDV   28    5  0.6843E-12  0.6842E-12
CALSDV   29    5  0.6900E-12  0.6906E-12
CALSDV   30    5  0.6870E-12  0.6867E-12
CALSDV   31    5  0.6954E-12  0.6952E-12
CALSDV   32    5  0.6980E-12  0.6978E-12
CALSDV   33    5  0.7093E-12  0.7090E-12
CALSDV   34    5  0.7164E-12  0.7165E-12
CALSDV   35    5  0.7301E-12  0.7301E-12
CALSDV   36    5  0.7418E-12  0.7420E-12
CALSDV   37    5  0.7583E-12  0.7585E-12
CALSDV   38    5  0.7743E-12  0.7746E-12
CALSDV   39    5  0.7939E-12  0.7941E-12
CALSDV   40    5  0.8134E-12  0.8137E-12
CALSDV   41    5  0.8364E-12  0.8367E-12
CALSDV   42    5  0.8604E-12  0.8606E-12
CALSDV   43    5  0.8867E-12  0.8871E-12
CALSDV   44    5  0.9150E-12  0.9154E-12
CALSDV   45    5  0.9453E-12  0.9456E-12
CALSDV   46    5  0.9779E-12  0.9784E-12
CALSDV   47    5  0.1012E-11  0.1013E-11
CALSDV   48    5  0.1050E-11  0.1051E-11
CALSDV   49    5  0.1090E-11  0.1090E-11
CALSDV   50    5  0.1133E-11  0.1133E-11
CALSDV   51    5  0.1177E-11  0.1178E-11
CALSDV   52    5  0.1226E-11  0.1227E-11
CALSDV   53    5  0.1277E-11  0.1278E-11
CALSDV   54    5  0.1332E-11  0.1333E-11
CALSDV   55    5  0.1391E-11  0.1392E-11
CALSDV   56    5  0.1453E-11  0.1454E-11
CALSDV   57    5  0.1518E-11  0.1519E-11
CALSDV   58    5  0.1588E-11  0.1588E-11
CALSDV   59    5  0.1576E-11  0.1577E-11
CALSDV   60    5  0.1640E-11  0.1641E-11
CALSDV    6    6  0.9237E-11  0.9379E-11
CALSDV    7    6  0.9731E-11  0.9717E-11
CALSDV    8    6  0.4138E-11  0.4189E-11
CALSDV    9    6  0.4749E-11  0.4726E-11
CALSDV   10    6  0.2634E-11  0.2652E-11
CALSDV   11    6  0.2803E-11  0.2788E-11
CALSDV   12    6  0.1827E-11  0.1835E-11
CALSDV   13    6  0.1899E-11  0.1891E-11
CALSDV   14    6  0.1380E-11  0.1383E-11
CALSDV   15    6  0.1422E-11  0.1416E-11
CALSDV   16    6  0.1119E-11  0.1118E-11
CALSDV   17    6  0.1149E-11  0.1143E-11
CALSDV   18    6  0.9586E-12  0.9566E-12
CALSDV   19    6  0.9807E-12  0.9777E-12
CALSDV   20    6  0.8569E-12  0.8552E-12
CALSDV   21    6  0.8748E-12  0.8732E-12
CALSDV   22    6  0.7924E-12  0.7906E-12
CALSDV   23    6  0.8078E-12  0.8062E-12
CALSDV   24    6  0.7517E-12  0.7503E-12
CALSDV   25    6  0.7658E-12  0.7649E-12
CALSDV   26    6  0.7284E-12  0.7272E-12
CALSDV   27    6  0.7420E-12  0.7411E-12
CALSDV   28    6  0.7180E-12  0.7169E-12
CALSDV   29    6  0.7319E-12  0.7310E-12
CALSDV   30    6  0.7180E-12  0.7173E-12
CALSDV   31    6  0.7327E-12  0.7319E-12
CALSDV   32    6  0.7267E-12  0.7262E-12
CALSDV   33    6  0.7427E-12  0.7421E-12
CALSDV   34    6  0.7436E-12  0.7429E-12
CALSDV   35    6  0.7609E-12  0.7604E-12
CALSDV   36    6  0.7673E-12  0.7667E-12
CALSDV   37    6  0.7870E-12  0.7864E-12
CALSDV   38    6  0.7985E-12  0.7980E-12
CALSDV   39    6  0.8203E-12  0.8199E-12
CALSDV   40    6  0.8366E-12  0.8362E-12
CALSDV   41    6  0.8614E-12  0.8611E-12
CALSDV   42    6  0.8822E-12  0.8818E-12
CALSDV   43    6  0.9099E-12  0.9096E-12
CALSDV   44    6  0.9359E-12  0.9355E-12
CALSDV   45    6  0.9671E-12  0.9667E-12
CALSDV   46    6  0.9979E-12  0.9975E-12
CALSDV   47    6  0.1033E-11  0.1033E-11
CALSDV   48    6  0.1069E-11  0.1069E-11
CALSDV   49    6  0.1109E-11  0.1109E-11
CALSDV   50    6  0.1151E-11  0.1151E-11
CALSDV   51    6  0.1196E-11  0.1196E-11
CALSDV   52    6  0.1244E-11  0.1243E-11
CALSDV   53    6  0.1295E-11  0.1295E-11
CALSDV   54    6  0.1349E-11  0.1349E-11
CALSDV   55    6  0.1408E-11  0.1408E-11
CALSDV   56    6  0.1470E-11  0.1469E-11
CALSDV   57    6  0.1537E-11  0.1536E-11
CALSDV   58    6  0.1606E-11  0.1605E-11
CALSDV   59    6  0.1612E-11  0.1611E-11
CALSDV   60    6  0.1675E-11  0.1675E-11
CALSDV    7    7  0.1387E-10  0.1398E-10
CALSDV    8    7  0.6786E-11  0.6813E-11
CALSDV    9    7  0.4574E-11  0.4577E-11
CALSDV   10    7  0.2908E-11  0.2925E-11
CALSDV   11    7  0.2601E-11  0.2592E-11
CALSDV   12    7  0.1789E-11  0.1792E-11
CALSDV   13    7  0.1769E-11  0.1764E-11
CALSDV   14    7  0.1400E-11  0.1400E-11
CALSDV   15    7  0.1350E-11  0.1346E-11
CALSDV   16    7  0.1206E-11  0.1202E-11
CALSDV   17    7  0.1114E-11  0.1115E-11
CALSDV   18    7  0.1077E-11  0.1073E-11
CALSDV   19    7  0.9731E-12  0.9746E-12
CALSDV   20    7  0.9833E-12  0.9810E-12
CALSDV   21    7  0.8850E-12  0.8862E-12
CALSDV   22    7  0.9143E-12  0.9128E-12
CALSDV   23    7  0.8275E-12  0.8286E-12
CALSDV   24    7  0.8648E-12  0.8635E-12
CALSDV   25    7  0.7923E-12  0.7927E-12
CALSDV   26    7  0.8304E-12  0.8293E-12
CALSDV   27    7  0.7713E-12  0.7719E-12
CALSDV   28    7  0.8088E-12  0.8079E-12
CALSDV   29    7  0.7628E-12  0.7627E-12
CALSDV   30    7  0.7989E-12  0.7979E-12
CALSDV   31    7  0.7639E-12  0.7639E-12
CALSDV   32    7  0.7984E-12  0.7974E-12
CALSDV   33    7  0.7735E-12  0.7731E-12
CALSDV   34    7  0.8069E-12  0.8061E-12
CALSDV   35    7  0.7909E-12  0.7905E-12
CALSDV   36    7  0.8239E-12  0.8229E-12
CALSDV   37    7  0.8156E-12  0.8153E-12
CALSDV   38    7  0.8489E-12  0.8482E-12
CALSDV   39    7  0.8479E-12  0.8473E-12
CALSDV   40    7  0.8819E-12  0.8810E-12
CALSDV   41    7  0.8878E-12  0.8872E-12
CALSDV   42    7  0.9229E-12  0.9219E-12
CALSDV   43    7  0.9349E-12  0.9342E-12
CALSDV   44    7  0.9724E-12  0.9713E-12
CALSDV   45    7  0.9908E-12  0.9898E-12
CALSDV   46    7  0.1031E-11  0.1030E-11
CALSDV   47    7  0.1056E-11  0.1055E-11
CALSDV   48    7  0.1099E-11  0.1098E-11
CALSDV   49    7  0.1130E-11  0.1129E-11
CALSDV   50    7  0.1178E-11  0.1177E-11
CALSDV   51    7  0.1216E-11  0.1215E-11
CALSDV   52    7  0.1269E-11  0.1268E-11
CALSDV   53    7  0.1314E-11  0.1312E-11
CALSDV   54    7  0.1372E-11  0.1371E-11
CALSDV   55    7  0.1426E-11  0.1425E-11
CALSDV   56    7  0.1491E-11  0.1489E-11
CALSDV   57    7  0.1554E-11  0.1553E-11
CALSDV   58    7  0.1627E-11  0.1625E-11
CALSDV   59    7  0.1642E-11  0.1640E-11
CALSDV   60    7  0.1712E-11  0.1710E-11
CALSDV    8    8  0.6708E-11  0.6884E-11
CALSDV    9    8  0.6398E-11  0.6449E-11
CALSDV   10    8  0.4014E-11  0.4067E-11
CALSDV   11    8  0.3648E-11  0.3696E-11
CALSDV   12    8  0.2944E-11  0.2977E-11
CALSDV   13    8  0.2625E-11  0.2645E-11
CALSDV   14    8  0.2157E-11  0.2183E-11
CALSDV   15    8  0.2062E-11  0.2073E-11
CALSDV   16    8  0.1660E-11  0.1678E-11
CALSDV   17    8  0.1693E-11  0.1697E-11
CALSDV   18    8  0.1350E-11  0.1363E-11
CALSDV   19    8  0.1438E-11  0.1438E-11
CALSDV   20    8  0.1153E-11  0.1163E-11
CALSDV   21    8  0.1256E-11  0.1255E-11
CALSDV   22    8  0.1027E-11  0.1035E-11
CALSDV   23    8  0.1126E-11  0.1124E-11
CALSDV   24    8  0.9451E-12  0.9508E-12
CALSDV   25    8  0.1033E-11  0.1031E-11
CALSDV   26    8  0.8924E-12  0.8976E-12
CALSDV   27    8  0.9681E-12  0.9664E-12
CALSDV   28    8  0.8604E-12  0.8652E-12
CALSDV   29    8  0.9246E-12  0.9236E-12
CALSDV   30    8  0.8442E-12  0.8479E-12
CALSDV   31    8  0.8987E-12  0.8980E-12
CALSDV   32    8  0.8401E-12  0.8435E-12
CALSDV   33    8  0.8868E-12  0.8867E-12
CALSDV   34    8  0.8456E-12  0.8488E-12
CALSDV   35    8  0.8871E-12  0.8872E-12
CALSDV   36    8  0.8606E-12  0.8636E-12
CALSDV   37    8  0.8982E-12  0.8986E-12
CALSDV   38    8  0.8836E-12  0.8866E-12
CALSDV   39    8  0.9192E-12  0.9200E-12
CALSDV   40    8  0.9155E-12  0.9182E-12
CALSDV   41    8  0.9497E-12  0.9509E-12
CALSDV   42    8  0.9548E-12  0.9577E-12
CALSDV   43    8  0.9891E-12  0.9907E-12
CALSDV   44    8  0.1002E-11  0.1005E-11
CALSDV   45    8  0.1038E-11  0.1040E-11
CALSDV   46    8  0.1060E-11  0.1063E-11
CALSDV   47    8  0.1098E-11  0.1100E-11
CALSDV   48    8  0.1126E-11  0.1129E-11
CALSDV   49    8  0.1168E-11  0.1170E-11
CALSDV   50    8  0.1204E-11  0.1207E-11
CALSDV   51    8  0.1249E-11  0.1252E-11
CALSDV   52    8  0.1293E-11  0.1296E-11
CALSDV   53    8  0.1343E-11  0.1346E-11
CALSDV   54    8  0.1394E-11  0.1398E-11
CALSDV   55    8  0.1452E-11  0.1456E-11
CALSDV   56    8  0.1511E-11  0.1515E-11
CALSDV   57    8  0.1578E-11  0.1582E-11
CALSDV   58    8  0.1647E-11  0.1651E-11
CALSDV   59    8  0.1684E-11  0.1687E-11
CALSDV   60    8  0.1747E-11  0.1751E-11
CALSDV    9    9  0.9897E-11  0.9919E-11
CALSDV   10    9  0.6469E-11  0.6466E-11
CALSDV   11    9  0.4397E-11  0.4402E-11
CALSDV   12    9  0.3083E-11  0.3104E-11
CALSDV   13    9  0.2787E-11  0.2787E-11
CALSDV   14    9  0.1924E-11  0.1945E-11
CALSDV   15    9  0.1899E-11  0.1892E-11
CALSDV   16    9  0.1504E-11  0.1516E-11
CALSDV   17    9  0.1410E-11  0.1402E-11
CALSDV   18    9  0.1308E-11  0.1309E-11
CALSDV   19    9  0.1149E-11  0.1141E-11
CALSDV   20    9  0.1182E-11  0.1182E-11
CALSDV   21    9  0.1008E-11  0.1003E-11
CALSDV   22    9  0.1092E-11  0.1091E-11
CALSDV   23    9  0.9320E-12  0.9273E-12
CALSDV   24    9  0.1026E-11  0.1024E-11
CALSDV   25    9  0.8893E-12  0.8860E-12
CALSDV   26    9  0.9771E-12  0.9743E-12
CALSDV   27    9  0.8666E-12  0.8642E-12
CALSDV   28    9  0.9433E-12  0.9404E-12
CALSDV   29    9  0.8572E-12  0.8550E-12
CALSDV   30    9  0.9219E-12  0.9188E-12
CALSDV   31    9  0.8571E-12  0.8551E-12
CALSDV   32    9  0.9115E-12  0.9085E-12
CALSDV   33    9  0.8645E-12  0.8628E-12
CALSDV   34    9  0.9111E-12  0.9080E-12
CALSDV   35    9  0.8791E-12  0.8773E-12
CALSDV   36    9  0.9201E-12  0.9174E-12
CALSDV   37    9  0.9008E-12  0.8992E-12
CALSDV   38    9  0.9380E-12  0.9356E-12
CALSDV   39    9  0.9294E-12  0.9278E-12
CALSDV   40    9  0.9644E-12  0.9621E-12
CALSDV   41    9  0.9651E-12  0.9635E-12
CALSDV   42    9  0.9999E-12  0.9976E-12
CALSDV   43    9  0.1009E-11  0.1007E-11
CALSDV   44    9  0.1044E-11  0.1042E-11
CALSDV   45    9  0.1060E-11  0.1059E-11
CALSDV   46    9  0.1097E-11  0.1096E-11
CALSDV   47    9  0.1121E-11  0.1119E-11
CALSDV   48    9  0.1161E-11  0.1159E-11
CALSDV   49    9  0.1191E-11  0.1190E-11
CALSDV   50    9  0.1236E-11  0.1234E-11
CALSDV   51    9  0.1273E-11  0.1271E-11
CALSDV   52    9  0.1322E-11  0.1321E-11
CALSDV   53    9  0.1367E-11  0.1365E-11
CALSDV   54    9  0.1422E-11  0.1420E-11
CALSDV   55    9  0.1475E-11  0.1473E-11
CALSDV   56    9  0.1537E-11  0.1535E-11
CALSDV   57    9  0.1601E-11  0.1599E-11
CALSDV   58    9  0.1671E-11  0.1669E-11
CALSDV   59    9  0.1714E-11  0.1712E-11
CALSDV   60    9  0.1780E-11  0.1778E-11
CALSDV   10   10  0.6999E-11  0.7013E-11
CALSDV   11   10  0.5156E-11  0.5176E-11
CALSDV   12   10  0.3683E-11  0.3680E-11
CALSDV   13   10  0.2762E-11  0.2767E-11
CALSDV   14   10  0.2962E-11  0.2965E-11
CALSDV   15   10  0.2227E-11  0.2232E-11
CALSDV   16   10  0.2339E-11  0.2347E-11
CALSDV   17   10  0.1996E-11  0.1997E-11
CALSDV   18   10  0.1901E-11  0.1906E-11
CALSDV   19   10  0.1799E-11  0.1799E-11
CALSDV   20   10  0.1606E-11  0.1612E-11
CALSDV   21   10  0.1622E-11  0.1622E-11
CALSDV   22   10  0.1408E-11  0.1414E-11
CALSDV   23   10  0.1471E-11  0.1472E-11
CALSDV   24   10  0.1272E-11  0.1279E-11
CALSDV   25   10  0.1349E-11  0.1351E-11
CALSDV   26   10  0.1178E-11  0.1184E-11
CALSDV   27   10  0.1254E-11  0.1255E-11
CALSDV   28   10  0.1114E-11  0.1118E-11
CALSDV   29   10  0.1181E-11  0.1182E-11
CALSDV   30   10  0.1070E-11  0.1074E-11
CALSDV   31   10  0.1127E-11  0.1128E-11
CALSDV   32   10  0.1043E-11  0.1046E-11
CALSDV   33   10  0.1091E-11  0.1092E-11
CALSDV   34   10  0.1029E-11  0.1032E-11
CALSDV   35   10  0.1070E-11  0.1070E-11
CALSDV   36   10  0.1026E-11  0.1029E-11
CALSDV   37   10  0.1062E-11  0.1062E-11
CALSDV   38   10  0.1035E-11  0.1037E-11
CALSDV   39   10  0.1066E-11  0.1066E-11
CALSDV   40   10  0.1053E-11  0.1054E-11
CALSDV   41   10  0.1081E-11  0.1081E-11
CALSDV   42   10  0.1080E-11  0.1081E-11
CALSDV   43   10  0.1108E-11  0.1108E-11
CALSDV   44   10  0.1117E-11  0.1118E-11
CALSDV   45   10  0.1146E-11  0.1145E-11
CALSDV   46   10  0.1164E-11  0.1164E-11
CALSDV   47   10  0.1194E-11  0.1194E-11
CALSDV   48   10  0.1221E-11  0.1221E-11
CALSDV   49   10  0.1254E-11  0.1254E-11
CALSDV   50   10  0.1290E-11  0.1290E-11
CALSDV   51   10  0.1327E-11  0.1326E-11
CALSDV   52   10  0.1371E-11  0.1371E-11
CALSDV   53   10  0.1413E-11  0.1413E-11
CALSDV   54   10  0.1465E-11  0.1465E-11
CALSDV   55   10  0.1515E-11  0.1514E-11
CALSDV   56   10  0.1575E-11  0.1575E-11
CALSDV   57   10  0.1636E-11  0.1635E-11
CALSDV   58   10  0.1706E-11  0.1706E-11
CALSDV   59   10  0.1763E-11  0.1762E-11
CALSDV   60   10  0.1831E-11  0.1830E-11
CALSDV   11   11  0.6992E-11  0.6987E-11
CALSDV   12   11  0.6402E-11  0.6330E-11
CALSDV   13   11  0.4019E-11  0.4028E-11
CALSDV   14   11  0.3606E-11  0.3543E-11
CALSDV   15   11  0.2918E-11  0.2926E-11
CALSDV   16   11  0.2445E-11  0.2400E-11
CALSDV   17   11  0.2080E-11  0.2087E-11
CALSDV   18   11  0.1880E-11  0.1856E-11
CALSDV   19   11  0.1553E-11  0.1557E-11
CALSDV   20   11  0.1559E-11  0.1543E-11
CALSDV   21   11  0.1257E-11  0.1260E-11
CALSDV   22   11  0.1354E-11  0.1345E-11
CALSDV   23   11  0.1104E-11  0.1105E-11
CALSDV   24   11  0.1217E-11  0.1212E-11
CALSDV   25   11  0.1030E-11  0.1031E-11
CALSDV   26   11  0.1125E-11  0.1123E-11
CALSDV   27   11  0.9953E-12  0.9956E-12
CALSDV   28   11  0.1064E-11  0.1062E-11
CALSDV   29   11  0.9816E-12  0.9820E-12
CALSDV   30   11  0.1026E-11  0.1025E-11
CALSDV   31   11  0.9797E-12  0.9797E-12
CALSDV   32   11  0.1005E-11  0.1005E-11
CALSDV   33   11  0.9856E-12  0.9860E-12
CALSDV   34   11  0.9983E-12  0.9985E-12
CALSDV   35   11  0.9983E-12  0.9983E-12
CALSDV   36   11  0.1003E-11  0.1003E-11
CALSDV   37   11  0.1016E-11  0.1016E-11
CALSDV   38   11  0.1018E-11  0.1018E-11
CALSDV   39   11  0.1041E-11  0.1041E-11
CALSDV   40   11  0.1042E-11  0.1042E-11
CALSDV   41   11  0.1072E-11  0.1072E-11
CALSDV   42   11  0.1075E-11  0.1075E-11
CALSDV   43   11  0.1110E-11  0.1110E-11
CALSDV   44   11  0.1117E-11  0.1117E-11
CALSDV   45   11  0.1156E-11  0.1155E-11
CALSDV   46   11  0.1168E-11  0.1168E-11
CALSDV   47   11  0.1210E-11  0.1210E-11
CALSDV   48   11  0.1229E-11  0.1228E-11
CALSDV   49   11  0.1274E-11  0.1273E-11
CALSDV   50   11  0.1300E-11  0.1300E-11
CALSDV   51   11  0.1349E-11  0.1348E-11
CALSDV   52   11  0.1384E-11  0.1383E-11
CALSDV   53   11  0.1436E-11  0.1435E-11
CALSDV   54   11  0.1479E-11  0.1479E-11
CALSDV   55   11  0.1537E-11  0.1537E-11
CALSDV   56   11  0.1590E-11  0.1589E-11
CALSDV   57   11  0.1657E-11  0.1657E-11
CALSDV   58   11  0.1721E-11  0.1720E-11
CALSDV   59   11  0.1789E-11  0.1789E-11
CALSDV   60   11  0.1848E-11  0.1847E-11
CALSDV   12   12  0.6282E-11  0.6328E-11
CALSDV   13   12  0.5202E-11  0.5168E-11
CALSDV   14   12  0.3482E-11  0.3476E-11
CALSDV   15   12  0.2623E-11  0.2591E-11
CALSDV   16   12  0.2752E-11  0.2751E-11
CALSDV   17   12  0.2031E-11  0.2022E-11
CALSDV   18   12  0.2158E-11  0.2160E-11
CALSDV   19   12  0.1892E-11  0.1888E-11
CALSDV   20   12  0.1784E-11  0.1785E-11
CALSDV   21   12  0.1785E-11  0.1782E-11
CALSDV   22   12  0.1567E-11  0.1570E-11
CALSDV   23   12  0.1669E-11  0.1665E-11
CALSDV   24   12  0.1439E-11  0.1442E-11
CALSDV   25   12  0.1557E-11  0.1553E-11
CALSDV   26   12  0.1360E-11  0.1362E-11
CALSDV   27   12  0.1458E-11  0.1455E-11
CALSDV   28   12  0.1305E-11  0.1306E-11
CALSDV   29   12  0.1377E-11  0.1373E-11
CALSDV   30   12  0.1267E-11  0.1268E-11
CALSDV   31   12  0.1312E-11  0.1309E-11
CALSDV   32   12  0.1240E-11  0.1240E-11
CALSDV   33   12  0.1264E-11  0.1261E-11
CALSDV   34   12  0.1222E-11  0.1222E-11
CALSDV   35   12  0.1232E-11  0.1229E-11
CALSDV   36   12  0.1214E-11  0.1213E-11
CALSDV   37   12  0.1213E-11  0.1210E-11
CALSDV   38   12  0.1213E-11  0.1213E-11
CALSDV   39   12  0.1206E-11  0.1204E-11
CALSDV   40   12  0.1221E-11  0.1220E-11
CALSDV   41   12  0.1212E-11  0.1210E-11
CALSDV   42   12  0.1237E-11  0.1237E-11
CALSDV   43   12  0.1229E-11  0.1227E-11
CALSDV   44   12  0.1263E-11  0.1262E-11
CALSDV   45   12  0.1257E-11  0.1256E-11
CALSDV   46   12  0.1298E-11  0.1298E-11
CALSDV   47   12  0.1297E-11  0.1296E-11
CALSDV   48   12  0.1344E-11  0.1344E-11
CALSDV   49   12  0.1348E-11  0.1348E-11
CALSDV   50   12  0.1401E-11  0.1401E-11
CALSDV   51   12  0.1412E-11  0.1412E-11
CALSDV   52   12  0.1470E-11  0.1470E-11
CALSDV   53   12  0.1490E-11  0.1490E-11
CALSDV   54   12  0.1553E-11  0.1554E-11
CALSDV   55   12  0.1583E-11  0.1583E-11
CALSDV   56   12  0.1653E-11  0.1653E-11
CALSDV   57   12  0.1696E-11  0.1696E-11
CALSDV   58   12  0.1774E-11  0.1775E-11
CALSDV   59   12  0.1835E-11  0.1835E-11
CALSDV   60   12  0.1913E-11  0.1915E-11
CALSDV   13   13  0.5573E-11  0.5679E-11
CALSDV   14   13  0.5368E-11  0.5379E-11
CALSDV   15   13  0.3748E-11  0.3754E-11
CALSDV   16   13  0.3214E-11  0.3212E-11
CALSDV   17   13  0.3011E-11  0.3010E-11
CALSDV   18   13  0.2447E-11  0.2431E-11
CALSDV   19   13  0.2244E-11  0.2242E-11
CALSDV   20   13  0.2032E-11  0.2015E-11
CALSDV   21   13  0.1707E-11  0.1705E-11
CALSDV   22   13  0.1736E-11  0.1720E-11
CALSDV   23   13  0.1388E-11  0.1388E-11
CALSDV   24   13  0.1515E-11  0.1500E-11
CALSDV   25   13  0.1221E-11  0.1223E-11
CALSDV   26   13  0.1352E-11  0.1341E-11
CALSDV   27   13  0.1146E-11  0.1147E-11
CALSDV   28   13  0.1240E-11  0.1229E-11
CALSDV   29   13  0.1116E-11  0.1117E-11
CALSDV   30   13  0.1167E-11  0.1157E-11
CALSDV   31   13  0.1110E-11  0.1111E-11
CALSDV   32   13  0.1123E-11  0.1116E-11
CALSDV   33   13  0.1114E-11  0.1115E-11
CALSDV   34   13  0.1102E-11  0.1097E-11
CALSDV   35   13  0.1126E-11  0.1127E-11
CALSDV   36   13  0.1099E-11  0.1095E-11
CALSDV   37   13  0.1143E-11  0.1144E-11
CALSDV   38   13  0.1110E-11  0.1106E-11
CALSDV   39   13  0.1165E-11  0.1165E-11
CALSDV   40   13  0.1132E-11  0.1129E-11
CALSDV   41   13  0.1192E-11  0.1193E-11
CALSDV   42   13  0.1163E-11  0.1161E-11
CALSDV   43   13  0.1226E-11  0.1226E-11
CALSDV   44   13  0.1204E-11  0.1202E-11
CALSDV   45   13  0.1266E-11  0.1266E-11
CALSDV   46   13  0.1253E-11  0.1252E-11
CALSDV   47   13  0.1314E-11  0.1314E-11
CALSDV   48   13  0.1312E-11  0.1311E-11
CALSDV   49   13  0.1371E-11  0.1371E-11
CALSDV   50   13  0.1380E-11  0.1379E-11
CALSDV   51   13  0.1438E-11  0.1438E-11
CALSDV   52   13  0.1460E-11  0.1459E-11
CALSDV   53   13  0.1517E-11  0.1517E-11
CALSDV   54   13  0.1551E-11  0.1550E-11
CALSDV   55   13  0.1610E-11  0.1610E-11
CALSDV   56   13  0.1656E-11  0.1656E-11
CALSDV   57   13  0.1722E-11  0.1722E-11
CALSDV   58   13  0.1781E-11  0.1780E-11
CALSDV   59   13  0.1864E-11  0.1864E-11
CALSDV   60   13  0.1920E-11  0.1920E-11
CALSDV   14   14  0.4601E-11  0.4579E-11
CALSDV   15   14  0.5590E-11  0.5640E-11
CALSDV   16   14  0.3424E-11  0.3414E-11
CALSDV   17   14  0.2955E-11  0.3000E-11
CALSDV   18   14  0.2792E-11  0.2784E-11
CALSDV   19   14  0.2140E-11  0.2162E-11
CALSDV   20   14  0.2102E-11  0.2098E-11
CALSDV   21   14  0.1909E-11  0.1914E-11
CALSDV   22   14  0.1668E-11  0.1665E-11
CALSDV   23   14  0.1786E-11  0.1788E-11
CALSDV   24   14  0.1462E-11  0.1458E-11
CALSDV   25   14  0.1682E-11  0.1681E-11
CALSDV   26   14  0.1383E-11  0.1380E-11
CALSDV   27   14  0.1589E-11  0.1587E-11
CALSDV   28   14  0.1361E-11  0.1358E-11
CALSDV   29   14  0.1510E-11  0.1507E-11
CALSDV   30   14  0.1358E-11  0.1355E-11
CALSDV   31   14  0.1446E-11  0.1444E-11
CALSDV   32   14  0.1361E-11  0.1357E-11
CALSDV   33   14  0.1397E-11  0.1395E-11
CALSDV   34   14  0.1364E-11  0.1361E-11
CALSDV   35   14  0.1363E-11  0.1361E-11
CALSDV   36   14  0.1368E-11  0.1364E-11
CALSDV   37   14  0.1343E-11  0.1340E-11
CALSDV   38   14  0.1374E-11  0.1371E-11
CALSDV   39   14  0.1334E-11  0.1332E-11
CALSDV   40   14  0.1384E-11  0.1380E-11
CALSDV   41   14  0.1337E-11  0.1335E-11
CALSDV   42   14  0.1398E-11  0.1395E-11
CALSDV   43   14  0.1350E-11  0.1347E-11
CALSDV   44   14  0.1418E-11  0.1415E-11
CALSDV   45   14  0.1374E-11  0.1372E-11
CALSDV   46   14  0.1447E-11  0.1443E-11
CALSDV   47   14  0.1408E-11  0.1405E-11
CALSDV   48   14  0.1483E-11  0.1480E-11
CALSDV   49   14  0.1453E-11  0.1450E-11
CALSDV   50   14  0.1529E-11  0.1526E-11
CALSDV   51   14  0.1509E-11  0.1506E-11
CALSDV   52   14  0.1587E-11  0.1584E-11
CALSDV   53   14  0.1578E-11  0.1575E-11
CALSDV   54   14  0.1657E-11  0.1654E-11
CALSDV   55   14  0.1662E-11  0.1659E-11
CALSDV   56   14  0.1744E-11  0.1741E-11
CALSDV   57   14  0.1767E-11  0.1763E-11
CALSDV   58   14  0.1854E-11  0.1850E-11
CALSDV   59   14  0.1912E-11  0.1908E-11
CALSDV   60   14  0.2000E-11  0.1996E-11
CALSDV   15   15  0.6168E-11  0.6168E-11
CALSDV   16   15  0.4923E-11  0.4964E-11
CALSDV   17   15  0.3577E-11  0.3558E-11
CALSDV   18   15  0.2647E-11  0.2671E-11
CALSDV   19   15  0.3232E-11  0.3217E-11
CALSDV   20   15  0.2048E-11  0.2048E-11
CALSDV   21   15  0.2698E-11  0.2679E-11
CALSDV   22   15  0.1835E-11  0.1833E-11
CALSDV   23   15  0.2260E-11  0.2239E-11
CALSDV   24   15  0.1673E-11  0.1673E-11
CALSDV   25   15  0.1956E-11  0.1936E-11
CALSDV   26   15  0.1529E-11  0.1530E-11
CALSDV   27   15  0.1755E-11  0.1738E-11
CALSDV   28   15  0.1413E-11  0.1416E-11
CALSDV   29   15  0.1624E-11  0.1611E-11
CALSDV   30   15  0.1329E-11  0.1332E-11
CALSDV   31   15  0.1538E-11  0.1528E-11
CALSDV   32   15  0.1274E-11  0.1277E-11
CALSDV   33   15  0.1482E-11  0.1473E-11
CALSDV   34   15  0.1246E-11  0.1247E-11
CALSDV   35   15  0.1446E-11  0.1438E-11
CALSDV   36   15  0.1236E-11  0.1237E-11
CALSDV   37   15  0.1424E-11  0.1418E-11
CALSDV   38   15  0.1243E-11  0.1242E-11
CALSDV   39   15  0.1415E-11  0.1409E-11
CALSDV   40   15  0.1261E-11  0.1260E-11
CALSDV   41   15  0.1415E-11  0.1410E-11
CALSDV   42   15  0.1289E-11  0.1288E-11
CALSDV   43   15  0.1426E-11  0.1421E-11
CALSDV   44   15  0.1327E-11  0.1325E-11
CALSDV   45   15  0.1447E-11  0.1442E-11
CALSDV   46   15  0.1373E-11  0.1370E-11
CALSDV   47   15  0.1477E-11  0.1472E-11
CALSDV   48   15  0.1427E-11  0.1424E-11
CALSDV   49   15  0.1517E-11  0.1512E-11
CALSDV   50   15  0.1490E-11  0.1486E-11
CALSDV   51   15  0.1568E-11  0.1563E-11
CALSDV   52   15  0.1562E-11  0.1558E-11
CALSDV   53   15  0.1631E-11  0.1626E-11
CALSDV   54   15  0.1645E-11  0.1641E-11
CALSDV   55   15  0.1709E-11  0.1704E-11
CALSDV   56   15  0.1742E-11  0.1737E-11
CALSDV   57   15  0.1807E-11  0.1802E-11
CALSDV   58   15  0.1858E-11  0.1853E-11
CALSDV   59   15  0.1951E-11  0.1945E-11
CALSDV   60   15  0.2004E-11  0.1998E-11
CALSDV   16   16  0.3951E-11  0.3950E-11
CALSDV   17   16  0.5718E-11  0.5734E-11
CALSDV   18   16  0.3463E-11  0.3460E-11
CALSDV   19   16  0.3212E-11  0.3246E-11
CALSDV   20   16  0.2994E-11  0.3001E-11
CALSDV   21   16  0.2338E-11  0.2365E-11
CALSDV   22   16  0.2278E-11  0.2287E-11
CALSDV   23   16  0.2022E-11  0.2035E-11
CALSDV   24   16  0.1783E-11  0.1792E-11
CALSDV   25   16  0.1846E-11  0.1853E-11
CALSDV   26   16  0.1542E-11  0.1547E-11
CALSDV   27   16  0.1720E-11  0.1721E-11
CALSDV   28   16  0.1464E-11  0.1464E-11
CALSDV   29   16  0.1624E-11  0.1623E-11
CALSDV   30   16  0.1460E-11  0.1458E-11
CALSDV   31   16  0.1554E-11  0.1552E-11
CALSDV   32   16  0.1480E-11  0.1476E-11
CALSDV   33   16  0.1506E-11  0.1504E-11
CALSDV   34   16  0.1502E-11  0.1498E-11
CALSDV   35   16  0.1476E-11  0.1475E-11
CALSDV   36   16  0.1522E-11  0.1518E-11
CALSDV   37   16  0.1460E-11  0.1460E-11
CALSDV   38   16  0.1539E-11  0.1534E-11
CALSDV   39   16  0.1457E-11  0.1455E-11
CALSDV   40   16  0.1554E-11  0.1549E-11
CALSDV   41   16  0.1463E-11  0.1462E-11
CALSDV   42   16  0.1568E-11  0.1564E-11
CALSDV   43   16  0.1478E-11  0.1476E-11
CALSDV   44   16  0.1586E-11  0.1582E-11
CALSDV   45   16  0.1501E-11  0.1499E-11
CALSDV   46   16  0.1608E-11  0.1604E-11
CALSDV   47   16  0.1533E-11  0.1531E-11
CALSDV   48   16  0.1636E-11  0.1632E-11
CALSDV   49   16  0.1573E-11  0.1571E-11
CALSDV   50   16  0.1673E-11  0.1669E-11
CALSDV   51   16  0.1623E-11  0.1621E-11
CALSDV   52   16  0.1718E-11  0.1714E-11
CALSDV   53   16  0.1683E-11  0.1679E-11
CALSDV   54   16  0.1774E-11  0.1771E-11
CALSDV   55   16  0.1756E-11  0.1753E-11
CALSDV   56   16  0.1847E-11  0.1843E-11
CALSDV   57   16  0.1848E-11  0.1844E-11
CALSDV   58   16  0.1941E-11  0.1937E-11
CALSDV   59   16  0.1993E-11  0.1990E-11
CALSDV   60   16  0.2086E-11  0.2082E-11
CALSDV   17   17  0.3934E-11  0.3980E-11
CALSDV   18   17  0.4409E-11  0.4378E-11
CALSDV   19   17  0.3335E-11  0.3334E-11
CALSDV   20   17  0.2567E-11  0.2549E-11
CALSDV   21   17  0.2948E-11  0.2951E-11
CALSDV   22   17  0.2304E-11  0.2301E-11
CALSDV   23   17  0.2317E-11  0.2324E-11
CALSDV   24   17  0.2165E-11  0.2165E-11
CALSDV   25   17  0.1861E-11  0.1863E-11
CALSDV   26   17  0.1962E-11  0.1963E-11
CALSDV   27   17  0.1604E-11  0.1604E-11
CALSDV   28   17  0.1749E-11  0.1750E-11
CALSDV   29   17  0.1482E-11  0.1480E-11
CALSDV   30   17  0.1571E-11  0.1569E-11
CALSDV   31   17  0.1436E-11  0.1431E-11
CALSDV   32   17  0.1442E-11  0.1438E-11
CALSDV   33   17  0.1423E-11  0.1418E-11
CALSDV   34   17  0.1362E-11  0.1358E-11
CALSDV   35   17  0.1425E-11  0.1419E-11
CALSDV   36   17  0.1325E-11  0.1320E-11
CALSDV   37   17  0.1434E-11  0.1430E-11
CALSDV   38   17  0.1320E-11  0.1314E-11
CALSDV   39   17  0.1449E-11  0.1445E-11
CALSDV   40   17  0.1338E-11  0.1333E-11
CALSDV   41   17  0.1469E-11  0.1465E-11
CALSDV   42   17  0.1371E-11  0.1366E-11
CALSDV   43   17  0.1493E-11  0.1489E-11
CALSDV   44   17  0.1415E-11  0.1410E-11
CALSDV   45   17  0.1523E-11  0.1519E-11
CALSDV   46   17  0.1467E-11  0.1462E-11
CALSDV   47   17  0.1559E-11  0.1555E-11
CALSDV   48   17  0.1526E-11  0.1520E-11
CALSDV   49   17  0.1602E-11  0.1598E-11
CALSDV   50   17  0.1591E-11  0.1586E-11
CALSDV   51   17  0.1654E-11  0.1650E-11
CALSDV   52   17  0.1662E-11  0.1657E-11
CALSDV   53   17  0.1715E-11  0.1710E-11
CALSDV   54   17  0.1741E-11  0.1736E-11
CALSDV   55   17  0.1787E-11  0.1782E-11
CALSDV   56   17  0.1831E-11  0.1826E-11
CALSDV   57   17  0.1877E-11  0.1871E-11
CALSDV   58   17  0.1938E-11  0.1932E-11
CALSDV   59   17  0.2021E-11  0.2015E-11
CALSDV   60   17  0.2086E-11  0.2080E-11
CALSDV   18   18  0.4319E-11  0.4388E-11
CALSDV   19   18  0.4469E-11  0.4484E-11
CALSDV   20   18  0.3679E-11  0.3685E-11
CALSDV   21   18  0.2430E-11  0.2438E-11
CALSDV   22   18  0.3125E-11  0.3120E-11
CALSDV   23   18  0.2119E-11  0.2122E-11
CALSDV   24   18  0.2321E-11  0.2318E-11
CALSDV   25   18  0.2035E-11  0.2036E-11
CALSDV   26   18  0.1777E-11  0.1772E-11
CALSDV   27   18  0.1902E-11  0.1904E-11
CALSDV   28   18  0.1542E-11  0.1540E-11
CALSDV   29   18  0.1758E-11  0.1759E-11
CALSDV   30   18  0.1508E-11  0.1507E-11
CALSDV   31   18  0.1638E-11  0.1639E-11
CALSDV   32   18  0.1555E-11  0.1554E-11
CALSDV   33   18  0.1558E-11  0.1558E-11
CALSDV   34   18  0.1615E-11  0.1614E-11
CALSDV   35   18  0.1515E-11  0.1514E-11
CALSDV   36   18  0.1667E-11  0.1666E-11
CALSDV   37   18  0.1501E-11  0.1499E-11
CALSDV   38   18  0.1706E-11  0.1704E-11
CALSDV   39   18  0.1507E-11  0.1506E-11
CALSDV   40   18  0.1733E-11  0.1732E-11
CALSDV   41   18  0.1527E-11  0.1525E-11
CALSDV   42   18  0.1754E-11  0.1752E-11
CALSDV   43   18  0.1556E-11  0.1554E-11
CALSDV   44   18  0.1771E-11  0.1770E-11
CALSDV   45   18  0.1591E-11  0.1590E-11
CALSDV   46   18  0.1789E-11  0.1787E-11
CALSDV   47   18  0.1632E-11  0.1630E-11
CALSDV   48   18  0.1808E-11  0.1807E-11
CALSDV   49   18  0.1677E-11  0.1675E-11
CALSDV   50   18  0.1833E-11  0.1831E-11
CALSDV   51   18  0.1727E-11  0.1726E-11
CALSDV   52   18  0.1864E-11  0.1864E-11
CALSDV   53   18  0.1784E-11  0.1783E-11
CALSDV   54   18  0.1904E-11  0.1903E-11
CALSDV   55   18  0.1849E-11  0.1848E-11
CALSDV   56   18  0.1959E-11  0.1958E-11
CALSDV   57   18  0.1930E-11  0.1929E-11
CALSDV   58   18  0.2034E-11  0.2033E-11
CALSDV   59   18  0.2071E-11  0.2071E-11
CALSDV   60   18  0.2170E-11  0.2170E-11
CALSDV   19   19  0.3510E-11  0.3501E-11
CALSDV   20   19  0.4146E-11  0.4150E-11
CALSDV   21   19  0.3331E-11  0.3340E-11
CALSDV   22   19  0.2466E-11  0.2474E-11
CALSDV   23   19  0.2910E-11  0.2920E-11
CALSDV   24   19  0.2494E-11  0.2506E-11
CALSDV   25   19  0.2272E-11  0.2278E-11
CALSDV   26   19  0.2490E-11  0.2502E-11
CALSDV   27   19  0.1837E-11  0.1841E-11
CALSDV   28   19  0.2328E-11  0.2339E-11
CALSDV   29   19  0.1618E-11  0.1620E-11
CALSDV   30   19  0.2114E-11  0.2124E-11
CALSDV   31   19  0.1531E-11  0.1531E-11
CALSDV   32   19  0.1915E-11  0.1924E-11
CALSDV   33   19  0.1509E-11  0.1508E-11
CALSDV   34   19  0.1763E-11  0.1769E-11
CALSDV   35   19  0.1511E-11  0.1510E-11
CALSDV   36   19  0.1660E-11  0.1666E-11
CALSDV   37   19  0.1523E-11  0.1523E-11
CALSDV   38   19  0.1605E-11  0.1608E-11
CALSDV   39   19  0.1541E-11  0.1541E-11
CALSDV   40   19  0.1584E-11  0.1589E-11
CALSDV   41   19  0.1563E-11  0.1563E-11
CALSDV   42   19  0.1593E-11  0.1594E-11
CALSDV   43   19  0.1590E-11  0.1590E-11
CALSDV   44   19  0.1618E-11  0.1618E-11
CALSDV   45   19  0.1622E-11  0.1621E-11
CALSDV   46   19  0.1654E-11  0.1657E-11
CALSDV   47   19  0.1658E-11  0.1659E-11
CALSDV   48   19  0.1702E-11  0.1701E-11
CALSDV   49   19  0.1702E-11  0.1702E-11
CALSDV   50   19  0.1753E-11  0.1756E-11
CALSDV   51   19  0.1751E-11  0.1754E-11
CALSDV   52   19  0.1811E-11  0.1813E-11
CALSDV   53   19  0.1808E-11  0.1810E-11
CALSDV   54   19  0.1875E-11  0.1877E-11
CALSDV   55   19  0.1873E-11  0.1874E-11
CALSDV   56   19  0.1949E-11  0.1950E-11
CALSDV   57   19  0.1953E-11  0.1954E-11
CALSDV   58   19  0.2036E-11  0.2038E-11
CALSDV   59   19  0.2091E-11  0.2093E-11
CALSDV   60   19  0.2176E-11  0.2178E-11
CALSDV   20   20  0.4168E-11  0.4204E-11
CALSDV   21   20  0.4193E-11  0.4174E-11
CALSDV   22   20  0.3782E-11  0.3789E-11
CALSDV   23   20  0.2274E-11  0.2253E-11
CALSDV   24   20  0.3254E-11  0.3252E-11
CALSDV   25   20  0.2178E-11  0.2168E-11
CALSDV   26   20  0.2437E-11  0.2434E-11
CALSDV   27   20  0.2154E-11  0.2151E-11
CALSDV   28   20  0.1871E-11  0.1870E-11
CALSDV   29   20  0.2008E-11  0.2009E-11
CALSDV   30   20  0.1627E-11  0.1626E-11
CALSDV   31   20  0.1831E-11  0.1834E-11
CALSDV   32   20  0.1595E-11  0.1593E-11
CALSDV   33   20  0.1688E-11  0.1690E-11
CALSDV   34   20  0.1652E-11  0.1649E-11
CALSDV   35   20  0.1600E-11  0.1602E-11
CALSDV   36   20  0.1723E-11  0.1720E-11
CALSDV   37   20  0.1567E-11  0.1568E-11
CALSDV   38   20  0.1785E-11  0.1781E-11
CALSDV   39   20  0.1573E-11  0.1572E-11
CALSDV   40   20  0.1834E-11  0.1829E-11
CALSDV   41   20  0.1604E-11  0.1602E-11
CALSDV   42   20  0.1869E-11  0.1864E-11
CALSDV   43   20  0.1648E-11  0.1646E-11
CALSDV   44   20  0.1897E-11  0.1892E-11
CALSDV   45   20  0.1697E-11  0.1695E-11
CALSDV   46   20  0.1920E-11  0.1915E-11
CALSDV   47   20  0.1750E-11  0.1746E-11
CALSDV   48   20  0.1941E-11  0.1936E-11
CALSDV   49   20  0.1800E-11  0.1798E-11
CALSDV   50   20  0.1965E-11  0.1960E-11
CALSDV   51   20  0.1854E-11  0.1849E-11
CALSDV   52   20  0.1993E-11  0.1986E-11
CALSDV   53   20  0.1907E-11  0.1902E-11
CALSDV   54   20  0.2026E-11  0.2020E-11
CALSDV   55   20  0.1964E-11  0.1959E-11
CALSDV   56   20  0.2067E-11  0.2062E-11
CALSDV   57   20  0.2029E-11  0.2024E-11
CALSDV   58   20  0.2127E-11  0.2122E-11
CALSDV   59   20  0.2161E-11  0.2155E-11
CALSDV   60   20  0.2252E-11  0.2246E-11
CALSDV   21   21  0.3513E-11  0.3518E-11
CALSDV   22   21  0.4048E-11  0.4042E-11
CALSDV   23   21  0.3361E-11  0.3369E-11
CALSDV   24   21  0.2270E-11  0.2261E-11
CALSDV   25   21  0.2907E-11  0.2911E-11
CALSDV   26   21  0.2487E-11  0.2480E-11
CALSDV   27   21  0.2281E-11  0.2281E-11
CALSDV   28   21  0.2606E-11  0.2604E-11
CALSDV   29   21  0.1900E-11  0.1901E-11
CALSDV   30   21  0.2504E-11  0.2505E-11
CALSDV   31   21  0.1744E-11  0.1744E-11
CALSDV   32   21  0.2319E-11  0.2320E-11
CALSDV   33   21  0.1701E-11  0.1702E-11
CALSDV   34   21  0.2132E-11  0.2137E-11
CALSDV   35   21  0.1700E-11  0.1702E-11
CALSDV   36   21  0.1986E-11  0.1992E-11
CALSDV   37   21  0.1710E-11  0.1714E-11
CALSDV   38   21  0.1890E-11  0.1896E-11
CALSDV   39   21  0.1722E-11  0.1726E-11
CALSDV   40   21  0.1840E-11  0.1846E-11
CALSDV   41   21  0.1738E-11  0.1740E-11
CALSDV   42   21  0.1824E-11  0.1830E-11
CALSDV   43   21  0.1757E-11  0.1759E-11
CALSDV   44   21  0.1833E-11  0.1839E-11
CALSDV   45   21  0.1781E-11  0.1783E-11
CALSDV   46   21  0.1859E-11  0.1862E-11
CALSDV   47   21  0.1811E-11  0.1812E-11
CALSDV   48   21  0.1893E-11  0.1897E-11
CALSDV   49   21  0.1847E-11  0.1847E-11
CALSDV   50   21  0.1935E-11  0.1937E-11
CALSDV   51   21  0.1888E-11  0.1888E-11
CALSDV   52   21  0.1980E-11  0.1982E-11
CALSDV   53   21  0.1935E-11  0.1934E-11
CALSDV   54   21  0.2030E-11  0.2031E-11
CALSDV   55   21  0.1988E-11  0.1988E-11
CALSDV   56   21  0.2085E-11  0.2085E-11
CALSDV   57   21  0.2053E-11  0.2052E-11
CALSDV   58   21  0.2150E-11  0.2149E-11
CALSDV   59   21  0.2177E-11  0.2177E-11
CALSDV   60   21  0.2274E-11  0.2274E-11
CALSDV   22   22  0.3495E-11  0.3491E-11
CALSDV   23   22  0.4088E-11  0.4092E-11
CALSDV   24   22  0.3737E-11  0.3730E-11
CALSDV   25   22  0.2199E-11  0.2197E-11
CALSDV   26   22  0.3270E-11  0.3271E-11
CALSDV   27   22  0.2264E-11  0.2260E-11
CALSDV   28   22  0.2478E-11  0.2479E-11
CALSDV   29   22  0.2286E-11  0.2283E-11
CALSDV   30   22  0.1934E-11  0.1937E-11
CALSDV   31   22  0.2123E-11  0.2124E-11
CALSDV   32   22  0.1707E-11  0.1713E-11
CALSDV   33   22  0.1913E-11  0.1915E-11
CALSDV   34   22  0.1682E-11  0.1688E-11
CALSDV   35   22  0.1744E-11  0.1747E-11
CALSDV   36   22  0.1741E-11  0.1745E-11
CALSDV   37   22  0.1651E-11  0.1654E-11
CALSDV   38   22  0.1814E-11  0.1817E-11
CALSDV   39   22  0.1630E-11  0.1633E-11
CALSDV   40   22  0.1878E-11  0.1880E-11
CALSDV   41   22  0.1659E-11  0.1662E-11
CALSDV   42   22  0.1931E-11  0.1932E-11
CALSDV   43   22  0.1717E-11  0.1718E-11
CALSDV   44   22  0.1973E-11  0.1974E-11
CALSDV   45   22  0.1785E-11  0.1787E-11
CALSDV   46   22  0.2008E-11  0.2009E-11
CALSDV   47   22  0.1854E-11  0.1855E-11
CALSDV   48   22  0.2040E-11  0.2040E-11
CALSDV   49   22  0.1920E-11  0.1920E-11
CALSDV   50   22  0.2070E-11  0.2070E-11
CALSDV   51   22  0.1979E-11  0.1979E-11
CALSDV   52   22  0.2100E-11  0.2100E-11
CALSDV   53   22  0.2033E-11  0.2033E-11
CALSDV   54   22  0.2132E-11  0.2132E-11
CALSDV   55   22  0.2083E-11  0.2083E-11
CALSDV   56   22  0.2170E-11  0.2170E-11
CALSDV   57   22  0.2135E-11  0.2135E-11
CALSDV   58   22  0.2216E-11  0.2216E-11
CALSDV   59   22  0.2248E-11  0.2248E-11
CALSDV   60   22  0.2328E-11  0.2327E-11
CALSDV   23   23  0.3441E-11  0.3429E-11
CALSDV   24   23  0.4053E-11  0.4075E-11
CALSDV   25   23  0.3382E-11  0.3398E-11
CALSDV   26   23  0.2111E-11  0.2126E-11
CALSDV   27   23  0.2903E-11  0.2906E-11
CALSDV   28   23  0.2393E-11  0.2400E-11
CALSDV   29   23  0.2279E-11  0.2277E-11
CALSDV   30   23  0.2556E-11  0.2554E-11
CALSDV   31   23  0.1943E-11  0.1943E-11
CALSDV   32   23  0.2459E-11  0.2453E-11
CALSDV   33   23  0.1842E-11  0.1844E-11
CALSDV   34   23  0.2265E-11  0.2258E-11
CALSDV   35   23  0.1840E-11  0.1838E-11
CALSDV   36   23  0.2077E-11  0.2071E-11
CALSDV   37   23  0.1859E-11  0.1855E-11
CALSDV   38   23  0.1942E-11  0.1936E-11
CALSDV   39   23  0.1877E-11  0.1871E-11
CALSDV   40   23  0.1871E-11  0.1866E-11
CALSDV   41   23  0.1892E-11  0.1884E-11
CALSDV   42   23  0.1855E-11  0.1850E-11
CALSDV   43   23  0.1907E-11  0.1898E-11
CALSDV   44   23  0.1876E-11  0.1869E-11
CALSDV   45   23  0.1927E-11  0.1918E-11
CALSDV   46   23  0.1918E-11  0.1913E-11
CALSDV   47   23  0.1954E-11  0.1943E-11
CALSDV   48   23  0.1973E-11  0.1965E-11
CALSDV   49   23  0.1985E-11  0.1975E-11
CALSDV   50   23  0.2031E-11  0.2022E-11
CALSDV   51   23  0.2023E-11  0.2012E-11
CALSDV   52   23  0.2088E-11  0.2079E-11
CALSDV   53   23  0.2065E-11  0.2053E-11
CALSDV   54   23  0.2143E-11  0.2133E-11
CALSDV   55   23  0.2109E-11  0.2099E-11
CALSDV   56   23  0.2197E-11  0.2187E-11
CALSDV   57   23  0.2161E-11  0.2149E-11
CALSDV   58   23  0.2255E-11  0.2243E-11
CALSDV   59   23  0.2270E-11  0.2262E-11
CALSDV   60   23  0.2358E-11  0.2359E-11
CALSDV   24   24  0.3307E-11  0.3361E-11
CALSDV   25   24  0.4128E-11  0.4129E-11
CALSDV   26   24  0.3773E-11  0.3757E-11
CALSDV   27   24  0.2229E-11  0.2235E-11
CALSDV   28   24  0.3298E-11  0.3286E-11
CALSDV   29   24  0.2410E-11  0.2410E-11
CALSDV   30   24  0.2521E-11  0.2518E-11
CALSDV   31   24  0.2456E-11  0.2454E-11
CALSDV   32   24  0.2020E-11  0.2021E-11
CALSDV   33   24  0.2269E-11  0.2267E-11
CALSDV   34   24  0.1828E-11  0.1831E-11
CALSDV   35   24  0.2022E-11  0.2020E-11
CALSDV   36   24  0.1816E-11  0.1818E-11
CALSDV   37   24  0.1828E-11  0.1826E-11
CALSDV   38   24  0.1867E-11  0.1870E-11
CALSDV   39   24  0.1731E-11  0.1728E-11
CALSDV   40   24  0.1931E-11  0.1932E-11
CALSDV   41   24  0.1725E-11  0.1722E-11
CALSDV   42   24  0.1988E-11  0.1988E-11
CALSDV   43   24  0.1780E-11  0.1777E-11
CALSDV   44   24  0.2039E-11  0.2038E-11
CALSDV   45   24  0.1863E-11  0.1860E-11
CALSDV   46   24  0.2083E-11  0.2083E-11
CALSDV   47   24  0.1952E-11  0.1949E-11
CALSDV   48   24  0.2125E-11  0.2124E-11
CALSDV   49   24  0.2036E-11  0.2033E-11
CALSDV   50   24  0.2164E-11  0.2163E-11
CALSDV   51   24  0.2108E-11  0.2105E-11
CALSDV   52   24  0.2202E-11  0.2201E-11
CALSDV   53   24  0.2165E-11  0.2162E-11
CALSDV   54   24  0.2239E-11  0.2237E-11
CALSDV   55   24  0.2211E-11  0.2208E-11
CALSDV   56   24  0.2275E-11  0.2273E-11
CALSDV   57   24  0.2249E-11  0.2247E-11
CALSDV   58   24  0.2316E-11  0.2313E-11
CALSDV   59   24  0.2346E-11  0.2343E-11
CALSDV   60   24  0.2411E-11  0.2408E-11
CALSDV   25   25  0.3459E-11  0.3459E-11
CALSDV   26   25  0.4224E-11  0.4214E-11
CALSDV   27   25  0.3621E-11  0.3617E-11
CALSDV   28   25  0.2201E-11  0.2189E-11
CALSDV   29   25  0.3049E-11  0.3052E-11
CALSDV   30   25  0.2502E-11  0.2499E-11
CALSDV   31   25  0.2342E-11  0.2340E-11
CALSDV   32   25  0.2679E-11  0.2678E-11
CALSDV   33   25  0.2033E-11  0.2032E-11
CALSDV   34   25  0.2591E-11  0.2590E-11
CALSDV   35   25  0.2035E-11  0.2036E-11
CALSDV   36   25  0.2412E-11  0.2411E-11
CALSDV   37   25  0.2132E-11  0.2136E-11
CALSDV   38   25  0.2252E-11  0.2251E-11
CALSDV   39   25  0.2223E-11  0.2225E-11
CALSDV   40   25  0.2152E-11  0.2152E-11
CALSDV   41   25  0.2280E-11  0.2284E-11
CALSDV   42   25  0.2117E-11  0.2116E-11
CALSDV   43   25  0.2310E-11  0.2314E-11
CALSDV   44   25  0.2131E-11  0.2128E-11
CALSDV   45   25  0.2323E-11  0.2325E-11
CALSDV   46   25  0.2169E-11  0.2165E-11
CALSDV   47   25  0.2326E-11  0.2327E-11
CALSDV   48   25  0.2218E-11  0.2213E-11
CALSDV   49   25  0.2325E-11  0.2325E-11
CALSDV   50   25  0.2267E-11  0.2262E-11
CALSDV   51   25  0.2323E-11  0.2323E-11
CALSDV   52   25  0.2310E-11  0.2307E-11
CALSDV   53   25  0.2322E-11  0.2321E-11
CALSDV   54   25  0.2346E-11  0.2343E-11
CALSDV   55   25  0.2322E-11  0.2321E-11
CALSDV   56   25  0.2374E-11  0.2372E-11
CALSDV   57   25  0.2325E-11  0.2325E-11
CALSDV   58   25  0.2398E-11  0.2397E-11
CALSDV   59   25  0.2394E-11  0.2395E-11
CALSDV   60   25  0.2477E-11  0.2476E-11
CALSDV   26   26  0.3497E-11  0.3485E-11
CALSDV   27   26  0.4310E-11  0.4305E-11
CALSDV   28   26  0.3859E-11  0.3864E-11
CALSDV   29   26  0.2439E-11  0.2420E-11
CALSDV   30   26  0.3343E-11  0.3342E-11
CALSDV   31   26  0.2679E-11  0.2664E-11
CALSDV   32   26  0.2590E-11  0.2590E-11
CALSDV   33   26  0.2721E-11  0.2708E-11
CALSDV   34   26  0.2145E-11  0.2147E-11
CALSDV   35   26  0.2499E-11  0.2489E-11
CALSDV   36   26  0.1999E-11  0.2000E-11
CALSDV   37   26  0.2213E-11  0.2206E-11
CALSDV   38   26  0.1996E-11  0.1996E-11
CALSDV   39   26  0.1992E-11  0.1987E-11
CALSDV   40   26  0.2036E-11  0.2035E-11
CALSDV   41   26  0.1888E-11  0.1885E-11
CALSDV   42   26  0.2083E-11  0.2081E-11
CALSDV   43   26  0.1890E-11  0.1888E-11
CALSDV   44   26  0.2128E-11  0.2125E-11
CALSDV   45   26  0.1960E-11  0.1960E-11
CALSDV   46   26  0.2172E-11  0.2169E-11
CALSDV   47   26  0.2057E-11  0.2056E-11
CALSDV   48   26  0.2218E-11  0.2214E-11
CALSDV   49   26  0.2155E-11  0.2155E-11
CALSDV   50   26  0.2263E-11  0.2259E-11
CALSDV   51   26  0.2240E-11  0.2238E-11
CALSDV   52   26  0.2308E-11  0.2305E-11
CALSDV   53   26  0.2304E-11  0.2302E-11
CALSDV   54   26  0.2349E-11  0.2346E-11
CALSDV   55   26  0.2346E-11  0.2345E-11
CALSDV   56   26  0.2385E-11  0.2383E-11
CALSDV   57   26  0.2371E-11  0.2369E-11
CALSDV   58   26  0.2418E-11  0.2415E-11
CALSDV   59   26  0.2443E-11  0.2441E-11
CALSDV   60   26  0.2496E-11  0.2495E-11
CALSDV   27   27  0.3411E-11  0.3441E-11
CALSDV   28   27  0.4398E-11  0.4402E-11
CALSDV   29   27  0.4006E-11  0.4015E-11
CALSDV   30   27  0.2343E-11  0.2347E-11
CALSDV   31   27  0.3355E-11  0.3363E-11
CALSDV   32   27  0.2641E-11  0.2645E-11
CALSDV   33   27  0.2492E-11  0.2496E-11
CALSDV   34   27  0.2784E-11  0.2786E-11
CALSDV   35   27  0.2127E-11  0.2131E-11
CALSDV   36   27  0.2656E-11  0.2656E-11
CALSDV   37   27  0.2195E-11  0.2199E-11
CALSDV   38   27  0.2452E-11  0.2451E-11
CALSDV   39   27  0.2389E-11  0.2392E-11
CALSDV   40   27  0.2295E-11  0.2292E-11
CALSDV   41   27  0.2556E-11  0.2559E-11
CALSDV   42   27  0.2224E-11  0.2221E-11
CALSDV   43   27  0.2665E-11  0.2667E-11
CALSDV   44   27  0.2231E-11  0.2227E-11
CALSDV   45   27  0.2718E-11  0.2720E-11
CALSDV   46   27  0.2283E-11  0.2280E-11
CALSDV   47   27  0.2731E-11  0.2732E-11
CALSDV   48   27  0.2353E-11  0.2351E-11
CALSDV   49   27  0.2716E-11  0.2716E-11
CALSDV   50   27  0.2421E-11  0.2420E-11
CALSDV   51   27  0.2682E-11  0.2682E-11
CALSDV   52   27  0.2476E-11  0.2476E-11
CALSDV   53   27  0.2637E-11  0.2636E-11
CALSDV   54   27  0.2514E-11  0.2514E-11
CALSDV   55   27  0.2583E-11  0.2583E-11
CALSDV   56   27  0.2533E-11  0.2533E-11
CALSDV   57   27  0.2527E-11  0.2527E-11
CALSDV   58   27  0.2536E-11  0.2537E-11
CALSDV   59   27  0.2540E-11  0.2540E-11
CALSDV   60   27  0.2585E-11  0.2586E-11
CALSDV   28   28  0.3609E-11  0.3618E-11
CALSDV   29   28  0.4446E-11  0.4422E-11
CALSDV   30   28  0.3988E-11  0.3978E-11
CALSDV   31   28  0.2529E-11  0.2504E-11
CALSDV   32   28  0.3407E-11  0.3398E-11
CALSDV   33   28  0.2849E-11  0.2836E-11
CALSDV   34   28  0.2668E-11  0.2662E-11
CALSDV   35   28  0.2907E-11  0.2901E-11
CALSDV   36   28  0.2287E-11  0.2285E-11
CALSDV   37   28  0.2666E-11  0.2666E-11
CALSDV   38   28  0.2190E-11  0.2191E-11
CALSDV   39   28  0.2358E-11  0.2362E-11
CALSDV   40   28  0.2198E-11  0.2200E-11
CALSDV   41   28  0.2131E-11  0.2137E-11
CALSDV   42   28  0.2228E-11  0.2231E-11
CALSDV   43   28  0.2039E-11  0.2047E-11
CALSDV   44   28  0.2257E-11  0.2261E-11
CALSDV   45   28  0.2065E-11  0.2073E-11
CALSDV   46   28  0.2289E-11  0.2293E-11
CALSDV   47   28  0.2158E-11  0.2163E-11
CALSDV   48   28  0.2328E-11  0.2330E-11
CALSDV   49   28  0.2269E-11  0.2273E-11
CALSDV   50   28  0.2372E-11  0.2374E-11
CALSDV   51   28  0.2369E-11  0.2371E-11
CALSDV   52   28  0.2420E-11  0.2421E-11
CALSDV   53   28  0.2444E-11  0.2445E-11
CALSDV   54   28  0.2466E-11  0.2466E-11
CALSDV   55   28  0.2488E-11  0.2488E-11
CALSDV   56   28  0.2503E-11  0.2502E-11
CALSDV   57   28  0.2499E-11  0.2498E-11
CALSDV   58   28  0.2527E-11  0.2526E-11
CALSDV   59   28  0.2544E-11  0.2543E-11
CALSDV   60   28  0.2587E-11  0.2586E-11
CALSDV   29   29  0.3280E-11  0.3283E-11
CALSDV   30   29  0.4648E-11  0.4643E-11
CALSDV   31   29  0.4226E-11  0.4228E-11
CALSDV   32   29  0.2632E-11  0.2626E-11
CALSDV   33   29  0.3553E-11  0.3563E-11
CALSDV   34   29  0.2907E-11  0.2904E-11
CALSDV   35   29  0.2648E-11  0.2656E-11
CALSDV   36   29  0.2985E-11  0.2986E-11
CALSDV   37   29  0.2252E-11  0.2254E-11
CALSDV   38   29  0.2795E-11  0.2797E-11
CALSDV   39   29  0.2297E-11  0.2295E-11
CALSDV   40   29  0.2558E-11  0.2562E-11
CALSDV   41   29  0.2478E-11  0.2473E-11
CALSDV   42   29  0.2406E-11  0.2410E-11
CALSDV   43   29  0.2638E-11  0.2632E-11
CALSDV   44   29  0.2372E-11  0.2375E-11
CALSDV   45   29  0.2744E-11  0.2737E-11
CALSDV   46   29  0.2425E-11  0.2426E-11
CALSDV   47   29  0.2797E-11  0.2792E-11
CALSDV   48   29  0.2514E-11  0.2515E-11
CALSDV   49   29  0.2812E-11  0.2808E-11
CALSDV   50   29  0.2606E-11  0.2607E-11
CALSDV   51   29  0.2798E-11  0.2796E-11
CALSDV   52   29  0.2677E-11  0.2678E-11
CALSDV   53   29  0.2764E-11  0.2763E-11
CALSDV   54   29  0.2717E-11  0.2719E-11
CALSDV   55   29  0.2713E-11  0.2714E-11
CALSDV   56   29  0.2725E-11  0.2726E-11
CALSDV   57   29  0.2647E-11  0.2648E-11
CALSDV   58   29  0.2702E-11  0.2703E-11
CALSDV   59   29  0.2633E-11  0.2633E-11
CALSDV   60   29  0.2711E-11  0.2711E-11
CALSDV   30   30  0.4368E-11  0.4340E-11
CALSDV   31   30  0.4633E-11  0.4631E-11
CALSDV   32   30  0.4302E-11  0.4305E-11
CALSDV   33   30  0.2620E-11  0.2622E-11
CALSDV   34   30  0.3557E-11  0.3564E-11
CALSDV   35   30  0.2983E-11  0.2988E-11
CALSDV   36   30  0.2828E-11  0.2835E-11
CALSDV   37   30  0.3055E-11  0.3059E-11
CALSDV   38   30  0.2567E-11  0.2576E-11
CALSDV   39   30  0.2811E-11  0.2815E-11
CALSDV   40   30  0.2582E-11  0.2593E-11
CALSDV   41   30  0.2505E-11  0.2512E-11
CALSDV   42   30  0.2648E-11  0.2659E-11
CALSDV   43   30  0.2299E-11  0.2308E-11
CALSDV   44   30  0.2690E-11  0.2701E-11
CALSDV   45   30  0.2242E-11  0.2251E-11
CALSDV   46   30  0.2704E-11  0.2714E-11
CALSDV   47   30  0.2298E-11  0.2307E-11
CALSDV   48   30  0.2704E-11  0.2715E-11
CALSDV   49   30  0.2407E-11  0.2415E-11
CALSDV   50   30  0.2702E-11  0.2713E-11
CALSDV   51   30  0.2517E-11  0.2524E-11
CALSDV   52   30  0.2707E-11  0.2716E-11
CALSDV   53   30  0.2600E-11  0.2607E-11
CALSDV   54   30  0.2710E-11  0.2719E-11
CALSDV   55   30  0.2643E-11  0.2649E-11
CALSDV   56   30  0.2709E-11  0.2715E-11
CALSDV   57   30  0.2640E-11  0.2645E-11
CALSDV   58   30  0.2693E-11  0.2699E-11
CALSDV   59   30  0.2652E-11  0.2657E-11
CALSDV   60   30  0.2707E-11  0.2712E-11
CALSDV   31   31  0.3689E-11  0.3680E-11
CALSDV   32   31  0.5132E-11  0.5117E-11
CALSDV   33   31  0.4361E-11  0.4350E-11
CALSDV   34   31  0.3234E-11  0.3229E-11
CALSDV   35   31  0.3830E-11  0.3839E-11
CALSDV   36   31  0.3409E-11  0.3404E-11
CALSDV   37   31  0.3020E-11  0.3025E-11
CALSDV   38   31  0.3359E-11  0.3354E-11
CALSDV   39   31  0.2588E-11  0.2589E-11
CALSDV   40   31  0.3063E-11  0.3055E-11
CALSDV   41   31  0.2493E-11  0.2493E-11
CALSDV   42   31  0.2763E-11  0.2751E-11
CALSDV   43   31  0.2533E-11  0.2535E-11
CALSDV   44   31  0.2600E-11  0.2585E-11
CALSDV   45   31  0.2599E-11  0.2600E-11
CALSDV   46   31  0.2589E-11  0.2576E-11
CALSDV   47   31  0.2657E-11  0.2659E-11
CALSDV   48   31  0.2674E-11  0.2664E-11
CALSDV   49   31  0.2702E-11  0.2703E-11
CALSDV   50   31  0.2787E-11  0.2781E-11
CALSDV   51   31  0.2733E-11  0.2734E-11
CALSDV   52   31  0.2882E-11  0.2880E-11
CALSDV   53   31  0.2748E-11  0.2751E-11
CALSDV   54   31  0.2935E-11  0.2936E-11
CALSDV   55   31  0.2743E-11  0.2745E-11
CALSDV   56   31  0.2936E-11  0.2939E-11
CALSDV   57   31  0.2706E-11  0.2712E-11
CALSDV   58   31  0.2884E-11  0.2891E-11
CALSDV   59   31  0.2697E-11  0.2697E-11
CALSDV   60   31  0.2849E-11  0.2850E-11
CALSDV   32   32  0.3544E-11  0.3551E-11
CALSDV   33   32  0.4781E-11  0.4756E-11
CALSDV   34   32  0.4340E-11  0.4337E-11
CALSDV   35   32  0.2797E-11  0.2776E-11
CALSDV   36   32  0.3612E-11  0.3606E-11
CALSDV   37   32  0.3211E-11  0.3215E-11
CALSDV   38   32  0.2855E-11  0.2850E-11
CALSDV   39   32  0.3250E-11  0.3258E-11
CALSDV   40   32  0.2598E-11  0.2594E-11
CALSDV   41   32  0.2953E-11  0.2963E-11
CALSDV   42   32  0.2625E-11  0.2617E-11
CALSDV   43   32  0.2615E-11  0.2625E-11
CALSDV   44   32  0.2695E-11  0.2684E-11
CALSDV   45   32  0.2414E-11  0.2421E-11
CALSDV   46   32  0.2740E-11  0.2725E-11
CALSDV   47   32  0.2390E-11  0.2393E-11
CALSDV   48   32  0.2762E-11  0.2746E-11
CALSDV   49   32  0.2482E-11  0.2481E-11
CALSDV   50   32  0.2779E-11  0.2764E-11
CALSDV   51   32  0.2611E-11  0.2608E-11
CALSDV   52   32  0.2800E-11  0.2785E-11
CALSDV   53   32  0.2723E-11  0.2718E-11
CALSDV   54   32  0.2820E-11  0.2807E-11
CALSDV   55   32  0.2785E-11  0.2779E-11
CALSDV   56   32  0.2831E-11  0.2821E-11
CALSDV   57   32  0.2782E-11  0.2775E-11
CALSDV   58   32  0.2816E-11  0.2808E-11
CALSDV   59   32  0.2765E-11  0.2762E-11
CALSDV   60   32  0.2808E-11  0.2805E-11
CALSDV   33   33  0.3556E-11  0.3557E-11
CALSDV   34   33  0.4838E-11  0.4837E-11
CALSDV   35   33  0.4638E-11  0.4645E-11
CALSDV   36   33  0.2816E-11  0.2810E-11
CALSDV   37   33  0.3873E-11  0.3881E-11
CALSDV   38   33  0.3254E-11  0.3249E-11
CALSDV   39   33  0.2897E-11  0.2905E-11
CALSDV   40   33  0.3282E-11  0.3281E-11
CALSDV   41   33  0.2529E-11  0.2533E-11
CALSDV   42   33  0.2979E-11  0.2980E-11
CALSDV   43   33  0.2636E-11  0.2634E-11
CALSDV   44   33  0.2666E-11  0.2665E-11
CALSDV   45   33  0.2855E-11  0.2852E-11
CALSDV   46   33  0.2517E-11  0.2516E-11
CALSDV   47   33  0.3029E-11  0.3027E-11
CALSDV   48   33  0.2550E-11  0.2550E-11
CALSDV   49   33  0.3130E-11  0.3130E-11
CALSDV   50   33  0.2684E-11  0.2686E-11
CALSDV   51   33  0.3167E-11  0.3167E-11
CALSDV   52   33  0.2836E-11  0.2839E-11
CALSDV   53   33  0.3150E-11  0.3151E-11
CALSDV   54   33  0.2950E-11  0.2955E-11
CALSDV   55   33  0.3087E-11  0.3089E-11
CALSDV   56   33  0.3001E-11  0.3006E-11
CALSDV   57   33  0.2976E-11  0.2980E-11
CALSDV   58   33  0.2978E-11  0.2983E-11
CALSDV   59   33  0.2876E-11  0.2879E-11
CALSDV   60   33  0.2931E-11  0.2935E-11
CALSDV   34   34  0.3253E-11  0.3256E-11
CALSDV   35   34  0.4790E-11  0.4790E-11
CALSDV   36   34  0.4450E-11  0.4455E-11
CALSDV   37   34  0.2841E-11  0.2827E-11
CALSDV   38   34  0.3684E-11  0.3685E-11
CALSDV   39   34  0.3398E-11  0.3387E-11
CALSDV   40   34  0.2918E-11  0.2915E-11
CALSDV   41   34  0.3453E-11  0.3446E-11
CALSDV   42   34  0.2671E-11  0.2670E-11
CALSDV   43   34  0.3146E-11  0.3141E-11
CALSDV   44   34  0.2689E-11  0.2694E-11
CALSDV   45   34  0.2814E-11  0.2814E-11
CALSDV   46   34  0.2739E-11  0.2748E-11
CALSDV   47   34  0.2646E-11  0.2644E-11
CALSDV   48   34  0.2770E-11  0.2781E-11
CALSDV   49   34  0.2654E-11  0.2654E-11
CALSDV   50   34  0.2793E-11  0.2806E-11
CALSDV   51   34  0.2760E-11  0.2760E-11
CALSDV   52   34  0.2829E-11  0.2841E-11
CALSDV   53   34  0.2878E-11  0.2876E-11
CALSDV   54   34  0.2874E-11  0.2884E-11
CALSDV   55   34  0.2948E-11  0.2946E-11
CALSDV   56   34  0.2911E-11  0.2918E-11
CALSDV   57   34  0.2938E-11  0.2937E-11
CALSDV   58   34  0.2915E-11  0.2919E-11
CALSDV   59   34  0.2888E-11  0.2888E-11
CALSDV   60   34  0.2900E-11  0.2902E-11
CALSDV   35   35  0.3501E-11  0.3506E-11
CALSDV   36   35  0.4939E-11  0.4935E-11
CALSDV   37   35  0.4895E-11  0.4890E-11
CALSDV   38   35  0.2919E-11  0.2915E-11
CALSDV   39   35  0.4062E-11  0.4059E-11
CALSDV   40   35  0.3438E-11  0.3438E-11
CALSDV   41   35  0.3049E-11  0.3055E-11
CALSDV   42   35  0.3447E-11  0.3447E-11
CALSDV   43   35  0.2686E-11  0.2694E-11
CALSDV   44   35  0.3110E-11  0.3110E-11
CALSDV   45   35  0.2798E-11  0.2800E-11
CALSDV   46   35  0.2800E-11  0.2799E-11
CALSDV   47   35  0.3013E-11  0.3009E-11
CALSDV   48   35  0.2695E-11  0.2695E-11
CALSDV   49   35  0.3176E-11  0.3168E-11
CALSDV   50   35  0.2782E-11  0.2779E-11
CALSDV   51   35  0.3263E-11  0.3255E-11
CALSDV   52   35  0.2945E-11  0.2947E-11
CALSDV   53   35  0.3282E-11  0.3275E-11
CALSDV   54   35  0.3095E-11  0.3094E-11
CALSDV   55   35  0.3238E-11  0.3231E-11
CALSDV   56   35  0.3170E-11  0.3170E-11
CALSDV   57   35  0.3126E-11  0.3123E-11
CALSDV   58   35  0.3146E-11  0.3147E-11
CALSDV   59   35  0.2995E-11  0.2993E-11
CALSDV   60   35  0.3065E-11  0.3064E-11
CALSDV   36   36  0.3327E-11  0.3337E-11
CALSDV   37   36  0.4906E-11  0.4902E-11
CALSDV   38   36  0.4688E-11  0.4685E-11
CALSDV   39   36  0.2964E-11  0.2968E-11
CALSDV   40   36  0.3840E-11  0.3836E-11
CALSDV   41   36  0.3603E-11  0.3611E-11
CALSDV   42   36  0.3045E-11  0.3043E-11
CALSDV   43   36  0.3662E-11  0.3667E-11
CALSDV   44   36  0.2831E-11  0.2833E-11
CALSDV   45   36  0.3359E-11  0.3369E-11
CALSDV   46   36  0.2883E-11  0.2889E-11
CALSDV   47   36  0.3071E-11  0.3083E-11
CALSDV   48   36  0.2953E-11  0.2960E-11
CALSDV   49   36  0.2957E-11  0.2974E-11
CALSDV   50   36  0.2992E-11  0.3000E-11
CALSDV   51   36  0.3003E-11  0.3015E-11
CALSDV   52   36  0.3024E-11  0.3030E-11
CALSDV   53   36  0.3100E-11  0.3111E-11
CALSDV   54   36  0.3059E-11  0.3065E-11
CALSDV   55   36  0.3164E-11  0.3170E-11
CALSDV   56   36  0.3087E-11  0.3090E-11
CALSDV   57   36  0.3136E-11  0.3139E-11
CALSDV   58   36  0.3076E-11  0.3078E-11
CALSDV   59   36  0.3036E-11  0.3038E-11
CALSDV   60   36  0.3026E-11  0.3028E-11
CALSDV   37   37  0.3275E-11  0.3251E-11
CALSDV   38   37  0.5071E-11  0.5074E-11
CALSDV   39   37  0.5149E-11  0.5149E-11
CALSDV   40   37  0.3085E-11  0.3085E-11
CALSDV   41   37  0.4239E-11  0.4240E-11
CALSDV   42   37  0.3654E-11  0.3652E-11
CALSDV   43   37  0.3197E-11  0.3196E-11
CALSDV   44   37  0.3609E-11  0.3607E-11
CALSDV   45   37  0.2840E-11  0.2837E-11
CALSDV   46   37  0.3220E-11  0.3219E-11
CALSDV   47   37  0.2941E-11  0.2936E-11
CALSDV   48   37  0.2909E-11  0.2907E-11
CALSDV   49   37  0.3130E-11  0.3126E-11
CALSDV   50   37  0.2851E-11  0.2851E-11
CALSDV   51   37  0.3270E-11  0.3268E-11
CALSDV   52   37  0.2988E-11  0.2988E-11
CALSDV   53   37  0.3338E-11  0.3337E-11
CALSDV   54   37  0.3171E-11  0.3172E-11
CALSDV   55   37  0.3334E-11  0.3334E-11
CALSDV   56   37  0.3292E-11  0.3295E-11
CALSDV   57   37  0.3245E-11  0.3245E-11
CALSDV   58   37  0.3293E-11  0.3295E-11
CALSDV   59   37  0.3101E-11  0.3101E-11
CALSDV   60   37  0.3192E-11  0.3192E-11
CALSDV   38   38  0.3393E-11  0.3386E-11
CALSDV   39   38  0.5028E-11  0.5035E-11
CALSDV   40   38  0.4931E-11  0.4926E-11
CALSDV   41   38  0.3128E-11  0.3125E-11
CALSDV   42   38  0.4003E-11  0.3995E-11
CALSDV   43   38  0.3811E-11  0.3814E-11
CALSDV   44   38  0.3187E-11  0.3183E-11
CALSDV   45   38  0.3841E-11  0.3850E-11
CALSDV   46   38  0.2995E-11  0.2997E-11
CALSDV   47   38  0.3543E-11  0.3554E-11
CALSDV   48   38  0.3061E-11  0.3061E-11
CALSDV   49   38  0.3307E-11  0.3315E-11
CALSDV   50   38  0.3131E-11  0.3128E-11
CALSDV   51   38  0.3256E-11  0.3264E-11
CALSDV   52   38  0.3175E-11  0.3166E-11
CALSDV   53   38  0.3324E-11  0.3330E-11
CALSDV   54   38  0.3211E-11  0.3200E-11
CALSDV   55   38  0.3384E-11  0.3388E-11
CALSDV   56   38  0.3239E-11  0.3230E-11
CALSDV   57   38  0.3345E-11  0.3347E-11
CALSDV   58   38  0.3225E-11  0.3219E-11
CALSDV   59   38  0.3197E-11  0.3199E-11
CALSDV   60   38  0.3150E-11  0.3147E-11
CALSDV   39   39  0.3270E-11  0.3226E-11
CALSDV   40   39  0.5213E-11  0.5197E-11
CALSDV   41   39  0.5434E-11  0.5435E-11
CALSDV   42   39  0.3297E-11  0.3293E-11
CALSDV   43   39  0.4420E-11  0.4420E-11
CALSDV   44   39  0.3885E-11  0.3882E-11
CALSDV   45   39  0.3328E-11  0.3327E-11
CALSDV   46   39  0.3760E-11  0.3755E-11
CALSDV   47   39  0.2995E-11  0.2996E-11
CALSDV   48   39  0.3314E-11  0.3306E-11
CALSDV   49   39  0.3126E-11  0.3125E-11
CALSDV   50   39  0.3019E-11  0.3008E-11
CALSDV   51   39  0.3325E-11  0.3320E-11
CALSDV   52   39  0.3031E-11  0.3015E-11
CALSDV   53   39  0.3454E-11  0.3448E-11
CALSDV   54   39  0.3218E-11  0.3202E-11
CALSDV   55   39  0.3489E-11  0.3482E-11
CALSDV   56   39  0.3394E-11  0.3379E-11
CALSDV   57   39  0.3414E-11  0.3408E-11
CALSDV   58   39  0.3437E-11  0.3425E-11
CALSDV   59   39  0.3241E-11  0.3234E-11
CALSDV   60   39  0.3326E-11  0.3317E-11
CALSDV   40   40  0.3556E-11  0.3559E-11
CALSDV   41   40  0.5241E-11  0.5234E-11
CALSDV   42   40  0.5378E-11  0.5372E-11
CALSDV   43   40  0.3365E-11  0.3363E-11
CALSDV   44   40  0.4285E-11  0.4288E-11
CALSDV   45   40  0.4066E-11  0.4062E-11
CALSDV   46   40  0.3349E-11  0.3359E-11
CALSDV   47   40  0.4097E-11  0.4088E-11
CALSDV   48   40  0.3233E-11  0.3236E-11
CALSDV   49   40  0.3843E-11  0.3837E-11
CALSDV   50   40  0.3441E-11  0.3431E-11
CALSDV   51   40  0.3681E-11  0.3680E-11
CALSDV   52   40  0.3616E-11  0.3597E-11
CALSDV   53   40  0.3673E-11  0.3671E-11
CALSDV   54   40  0.3695E-11  0.3666E-11
CALSDV   55   40  0.3698E-11  0.3694E-11
CALSDV   56   40  0.3684E-11  0.3655E-11
CALSDV   57   40  0.3621E-11  0.3620E-11
CALSDV   58   40  0.3580E-11  0.3559E-11
CALSDV   59   40  0.3399E-11  0.3398E-11
CALSDV   60   40  0.3384E-11  0.3374E-11
CALSDV   41   41  0.3512E-11  0.3532E-11
CALSDV   42   41  0.5386E-11  0.5388E-11
CALSDV   43   41  0.5749E-11  0.5757E-11
CALSDV   44   41  0.3627E-11  0.3625E-11
CALSDV   45   41  0.4593E-11  0.4596E-11
CALSDV   46   41  0.4219E-11  0.4217E-11
CALSDV   47   41  0.3471E-11  0.3473E-11
CALSDV   48   41  0.4011E-11  0.4003E-11
CALSDV   49   41  0.3221E-11  0.3219E-11
CALSDV   50   41  0.3520E-11  0.3510E-11
CALSDV   51   41  0.3414E-11  0.3409E-11
CALSDV   52   41  0.3254E-11  0.3248E-11
CALSDV   53   41  0.3615E-11  0.3612E-11
CALSDV   54   41  0.3315E-11  0.3308E-11
CALSDV   55   41  0.3696E-11  0.3694E-11
CALSDV   56   41  0.3494E-11  0.3491E-11
CALSDV   57   41  0.3627E-11  0.3626E-11
CALSDV   58   41  0.3578E-11  0.3575E-11
CALSDV   59   41  0.3409E-11  0.3408E-11
CALSDV   60   41  0.3464E-11  0.3462E-11
CALSDV   42   42  0.3780E-11  0.3768E-11
CALSDV   43   42  0.5499E-11  0.5508E-11
CALSDV   44   42  0.6018E-11  0.5982E-11
CALSDV   45   42  0.3689E-11  0.3691E-11
CALSDV   46   42  0.4678E-11  0.4666E-11
CALSDV   47   42  0.4333E-11  0.4331E-11
CALSDV   48   42  0.3542E-11  0.3546E-11
CALSDV   49   42  0.4292E-11  0.4295E-11
CALSDV   50   42  0.3543E-11  0.3541E-11
CALSDV   51   42  0.4037E-11  0.4045E-11
CALSDV   52   42  0.3957E-11  0.3943E-11
CALSDV   53   42  0.3914E-11  0.3924E-11
CALSDV   54   42  0.4236E-11  0.4217E-11
CALSDV   55   42  0.3904E-11  0.3912E-11
CALSDV   56   42  0.4274E-11  0.4257E-11
CALSDV   57   42  0.3830E-11  0.3835E-11
CALSDV   58   42  0.4084E-11  0.4075E-11
CALSDV   59   42  0.3575E-11  0.3577E-11
CALSDV   60   42  0.3714E-11  0.3707E-11
CALSDV   43   43  0.3785E-11  0.3754E-11
CALSDV   44   43  0.5550E-11  0.5562E-11
CALSDV   45   43  0.6099E-11  0.6101E-11
CALSDV   46   43  0.3933E-11  0.3925E-11
CALSDV   47   43  0.4746E-11  0.4747E-11
CALSDV   48   43  0.4492E-11  0.4488E-11
CALSDV   49   43  0.3618E-11  0.3615E-11
CALSDV   50   43  0.4186E-11  0.4186E-11
CALSDV   51   43  0.3504E-11  0.3497E-11
CALSDV   52   43  0.3683E-11  0.3687E-11
CALSDV   53   43  0.3770E-11  0.3762E-11
CALSDV   54   43  0.3492E-11  0.3501E-11
CALSDV   55   43  0.3941E-11  0.3933E-11
CALSDV   56   43  0.3602E-11  0.3607E-11
CALSDV   57   43  0.3896E-11  0.3887E-11
CALSDV   58   43  0.3716E-11  0.3715E-11
CALSDV   59   43  0.3619E-11  0.3613E-11
CALSDV   60   43  0.3609E-11  0.3608E-11
CALSDV   44   44  0.3907E-11  0.3908E-11
CALSDV   45   44  0.5815E-11  0.5820E-11
CALSDV   46   44  0.6430E-11  0.6398E-11
CALSDV   47   44  0.4087E-11  0.4093E-11
CALSDV   48   44  0.4889E-11  0.4880E-11
CALSDV   49   44  0.4657E-11  0.4670E-11
CALSDV   50   44  0.3720E-11  0.3713E-11
CALSDV   51   44  0.4544E-11  0.4563E-11
CALSDV   52   44  0.3844E-11  0.3834E-11
CALSDV   53   44  0.4284E-11  0.4297E-11
CALSDV   54   44  0.4307E-11  0.4301E-11
CALSDV   55   44  0.4156E-11  0.4165E-11
CALSDV   56   44  0.4527E-11  0.4519E-11
CALSDV   57   44  0.4049E-11  0.4057E-11
CALSDV   58   44  0.4398E-11  0.4391E-11
CALSDV   59   44  0.3761E-11  0.3764E-11
CALSDV   60   44  0.3964E-11  0.3959E-11
CALSDV   45   45  0.4480E-11  0.4507E-11
CALSDV   46   45  0.5815E-11  0.5804E-11
CALSDV   47   45  0.6545E-11  0.6572E-11
CALSDV   48   45  0.4247E-11  0.4262E-11
CALSDV   49   45  0.4934E-11  0.4944E-11
CALSDV   50   45  0.4751E-11  0.4746E-11
CALSDV   51   45  0.3945E-11  0.3964E-11
CALSDV   52   45  0.4402E-11  0.4384E-11
CALSDV   53   45  0.4113E-11  0.4123E-11
CALSDV   54   45  0.3963E-11  0.3941E-11
CALSDV   55   45  0.4423E-11  0.4423E-11
CALSDV   56   45  0.3862E-11  0.3839E-11
CALSDV   57   45  0.4397E-11  0.4386E-11
CALSDV   58   45  0.3921E-11  0.3898E-11
CALSDV   59   45  0.3978E-11  0.3972E-11
CALSDV   60   45  0.3791E-11  0.3778E-11
CALSDV   46   46  0.4468E-11  0.4435E-11
CALSDV   47   46  0.6533E-11  0.6459E-11
CALSDV   48   46  0.6847E-11  0.6704E-11
CALSDV   49   46  0.5115E-11  0.5013E-11
CALSDV   50   46  0.5242E-11  0.5237E-11
CALSDV   51   46  0.5598E-11  0.5490E-11
CALSDV   52   46  0.4190E-11  0.4190E-11
CALSDV   53   46  0.5341E-11  0.5242E-11
CALSDV   54   46  0.4283E-11  0.4318E-11
CALSDV   55   46  0.4900E-11  0.4825E-11
CALSDV   56   46  0.4566E-11  0.4644E-11
CALSDV   57   46  0.4500E-11  0.4484E-11
CALSDV   58   46  0.4536E-11  0.4639E-11
CALSDV   59   46  0.4040E-11  0.4020E-11
CALSDV   60   46  0.4141E-11  0.4175E-11
CALSDV   47   47  0.4384E-11  0.4355E-11
CALSDV   48   47  0.6171E-11  0.6150E-11
CALSDV   49   47  0.6821E-11  0.6824E-11
CALSDV   50   47  0.4628E-11  0.4634E-11
CALSDV   51   47  0.4993E-11  0.4993E-11
CALSDV   52   47  0.5003E-11  0.5026E-11
CALSDV   53   47  0.4168E-11  0.4159E-11
CALSDV   54   47  0.4614E-11  0.4633E-11
CALSDV   55   47  0.4473E-11  0.4456E-11
CALSDV   56   47  0.4259E-11  0.4268E-11
CALSDV   57   47  0.4641E-11  0.4627E-11
CALSDV   58   47  0.4170E-11  0.4170E-11
CALSDV   59   47  0.4253E-11  0.4243E-11
CALSDV   60   47  0.3993E-11  0.3987E-11
CALSDV   48   48  0.4047E-11  0.4066E-11
CALSDV   49   48  0.6425E-11  0.6422E-11
CALSDV   50   48  0.7037E-11  0.7047E-11
CALSDV   51   48  0.4662E-11  0.4670E-11
CALSDV   52   48  0.5008E-11  0.5015E-11
CALSDV   53   48  0.5021E-11  0.5023E-11
CALSDV   54   48  0.4083E-11  0.4087E-11
CALSDV   55   48  0.4799E-11  0.4793E-11
CALSDV   56   48  0.4531E-11  0.4534E-11
CALSDV   57   48  0.4519E-11  0.4516E-11
CALSDV   58   48  0.4824E-11  0.4827E-11
CALSDV   59   48  0.4154E-11  0.4153E-11
CALSDV   60   48  0.4465E-11  0.4468E-11
CALSDV   49   49  0.3720E-11  0.3717E-11
CALSDV   50   49  0.6215E-11  0.6244E-11
CALSDV   51   49  0.6874E-11  0.6879E-11
CALSDV   52   49  0.4861E-11  0.4884E-11
CALSDV   53   49  0.4777E-11  0.4783E-11
CALSDV   54   49  0.5257E-11  0.5293E-11
CALSDV   55   49  0.4118E-11  0.4117E-11
CALSDV   56   49  0.4892E-11  0.4934E-11
CALSDV   57   49  0.4485E-11  0.4483E-11
CALSDV   58   49  0.4554E-11  0.4599E-11
CALSDV   59   49  0.4374E-11  0.4372E-11
CALSDV   60   49  0.4244E-11  0.4262E-11
CALSDV   50   50  0.3839E-11  0.3904E-11
CALSDV   51   50  0.6757E-11  0.6763E-11
CALSDV   52   50  0.7212E-11  0.7224E-11
CALSDV   53   50  0.4904E-11  0.4883E-11
CALSDV   54   50  0.4928E-11  0.4945E-11
CALSDV   55   50  0.5382E-11  0.5367E-11
CALSDV   56   50  0.4325E-11  0.4333E-11
CALSDV   57   50  0.5162E-11  0.5156E-11
CALSDV   58   50  0.4813E-11  0.4813E-11
CALSDV   59   50  0.4581E-11  0.4577E-11
CALSDV   60   50  0.4681E-11  0.4677E-11
CALSDV   51   51  0.3493E-11  0.3507E-11
CALSDV   52   51  0.6695E-11  0.6687E-11
CALSDV   53   51  0.6878E-11  0.6884E-11
CALSDV   54   51  0.5205E-11  0.5198E-11
CALSDV   55   51  0.4632E-11  0.4639E-11
CALSDV   56   51  0.5782E-11  0.5771E-11
CALSDV   57   51  0.4417E-11  0.4425E-11
CALSDV   58   51  0.5457E-11  0.5440E-11
CALSDV   59   51  0.4560E-11  0.4570E-11
CALSDV   60   51  0.4784E-11  0.4768E-11
CALSDV   52   52  0.3585E-11  0.3595E-11
CALSDV   53   52  0.6994E-11  0.6988E-11
CALSDV   54   52  0.7174E-11  0.7169E-11
CALSDV   55   52  0.5159E-11  0.5194E-11
CALSDV   56   52  0.4729E-11  0.4732E-11
CALSDV   57   52  0.5704E-11  0.5747E-11
CALSDV   58   52  0.4595E-11  0.4609E-11
CALSDV   59   52  0.5124E-11  0.5151E-11
CALSDV   60   52  0.4812E-11  0.4817E-11
CALSDV   53   53  0.3208E-11  0.3242E-11
CALSDV   54   53  0.6997E-11  0.6940E-11
CALSDV   55   53  0.6659E-11  0.6671E-11
CALSDV   56   53  0.5533E-11  0.5517E-11
CALSDV   57   53  0.4552E-11  0.4595E-11
CALSDV   58   53  0.6133E-11  0.6080E-11
CALSDV   59   53  0.4661E-11  0.4679E-11
CALSDV   60   53  0.5408E-11  0.5383E-11
CALSDV   54   54  0.3300E-11  0.3278E-11
CALSDV   55   54  0.6686E-11  0.6718E-11
CALSDV   56   54  0.6769E-11  0.6832E-11
CALSDV   57   54  0.5496E-11  0.5536E-11
CALSDV   58   54  0.4495E-11  0.4556E-11
CALSDV   59   54  0.5708E-11  0.5744E-11
CALSDV   60   54  0.4804E-11  0.4842E-11
CALSDV   55   55  0.3411E-11  0.3434E-11
CALSDV   56   55  0.6861E-11  0.6848E-11
CALSDV   57   55  0.6523E-11  0.6499E-11
CALSDV   58   55  0.6063E-11  0.6043E-11
CALSDV   59   55  0.5053E-11  0.5031E-11
CALSDV   60   55  0.6255E-11  0.6247E-11
CALSDV   56   56  0.3562E-11  0.3495E-11
CALSDV   57   56  0.5797E-11  0.5838E-11
CALSDV   58   56  0.6622E-11  0.6619E-11
CALSDV   59   56  0.6083E-11  0.6106E-11
CALSDV   60   56  0.5101E-11  0.5085E-11
CALSDV   57   57  0.4055E-11  0.4088E-11
CALSDV   58   57  0.5995E-11  0.5973E-11
CALSDV   59   57  0.7158E-11  0.7181E-11
CALSDV   60   57  0.6479E-11  0.6462E-11
CALSDV   58   58  0.3964E-11  0.4250E-11
CALSDV   59   58  0.5190E-11  0.4736E-11
CALSDV   60   58  0.7489E-11  0.7099E-11
CALSDV   59   59  0.3410E-11  0.3257E-11
CALSDV   60   59  0.5486E-11  0.5524E-11
CALSDV   60   60  0.4313E-11  0.4628E-11
