  This file contains calibrated standard deviations 
       The relevant data lines start with key CALSDV 
       Each such line contains the following data 
           N   M   C_SIGMA   S_SIGMA 
                 FOR M=0 S_SIGMA=0.0 
     
CALSDV    0    0  0.0000E+00  0.0000E+00
CALSDV    1    0  0.0000E+00  0.0000E+00
CALSDV    2    0  0.1070E-09  0.0000E+00
CALSDV    3    0  0.1683E-10  0.0000E+00
CALSDV    4    0  0.5382E-11  0.0000E+00
CALSDV    5    0  0.3419E-11  0.0000E+00
CALSDV    6    0  0.2588E-11  0.0000E+00
CALSDV    7    0  0.2088E-11  0.0000E+00
CALSDV    8    0  0.1762E-11  0.0000E+00
CALSDV    9    0  0.1535E-11  0.0000E+00
CALSDV   10    0  0.1370E-11  0.0000E+00
CALSDV   11    0  0.1244E-11  0.0000E+00
CALSDV   12    0  0.1148E-11  0.0000E+00
CALSDV   13    0  0.1075E-11  0.0000E+00
CALSDV   14    0  0.1012E-11  0.0000E+00
CALSDV   15    0  0.9638E-12  0.0000E+00
CALSDV   16    0  0.9257E-12  0.0000E+00
CALSDV   17    0  0.8947E-12  0.0000E+00
CALSDV   18    0  0.8684E-12  0.0000E+00
CALSDV   19    0  0.8502E-12  0.0000E+00
CALSDV   20    0  0.8357E-12  0.0000E+00
CALSDV   21    0  0.8249E-12  0.0000E+00
CALSDV   22    0  0.8161E-12  0.0000E+00
CALSDV   23    0  0.8129E-12  0.0000E+00
CALSDV   24    0  0.8105E-12  0.0000E+00
CALSDV   25    0  0.8111E-12  0.0000E+00
CALSDV   26    0  0.8146E-12  0.0000E+00
CALSDV   27    0  0.8205E-12  0.0000E+00
CALSDV   28    0  0.8256E-12  0.0000E+00
CALSDV   29    0  0.8355E-12  0.0000E+00
CALSDV   30    0  0.8467E-12  0.0000E+00
CALSDV   31    0  0.8598E-12  0.0000E+00
CALSDV   32    0  0.8739E-12  0.0000E+00
CALSDV   33    0  0.8914E-12  0.0000E+00
CALSDV   34    0  0.9065E-12  0.0000E+00
CALSDV   35    0  0.9276E-12  0.0000E+00
CALSDV   36    0  0.9477E-12  0.0000E+00
CALSDV   37    0  0.9718E-12  0.0000E+00
CALSDV   38    0  0.9974E-12  0.0000E+00
CALSDV   39    0  0.1025E-11  0.0000E+00
CALSDV   40    0  0.1055E-11  0.0000E+00
CALSDV   41    0  0.1087E-11  0.0000E+00
CALSDV   42    0  0.1120E-11  0.0000E+00
CALSDV   43    0  0.1156E-11  0.0000E+00
CALSDV   44    0  0.1194E-11  0.0000E+00
CALSDV   45    0  0.1235E-11  0.0000E+00
CALSDV   46    0  0.1278E-11  0.0000E+00
CALSDV   47    0  0.1325E-11  0.0000E+00
CALSDV   48    0  0.1373E-11  0.0000E+00
CALSDV   49    0  0.1425E-11  0.0000E+00
CALSDV   50    0  0.1480E-11  0.0000E+00
CALSDV   51    0  0.1537E-11  0.0000E+00
CALSDV   52    0  0.1599E-11  0.0000E+00
CALSDV   53    0  0.1663E-11  0.0000E+00
CALSDV   54    0  0.1731E-11  0.0000E+00
CALSDV   55    0  0.1801E-11  0.0000E+00
CALSDV   56    0  0.1877E-11  0.0000E+00
CALSDV   57    0  0.1950E-11  0.0000E+00
CALSDV   58    0  0.2024E-11  0.0000E+00
CALSDV   59    0  0.1910E-11  0.0000E+00
CALSDV   60    0  0.1978E-11  0.0000E+00
CALSDV    1    1  0.0000E+00  0.0000E+00
CALSDV    2    1  0.3523E-10  0.3201E-10
CALSDV    3    1  0.1149E-10  0.1122E-10
CALSDV    4    1  0.5454E-11  0.5489E-11
CALSDV    5    1  0.3612E-11  0.3601E-11
CALSDV    6    1  0.2707E-11  0.2701E-11
CALSDV    7    1  0.2168E-11  0.2166E-11
CALSDV    8    1  0.1826E-11  0.1815E-11
CALSDV    9    1  0.1578E-11  0.1572E-11
CALSDV   10    1  0.1401E-11  0.1396E-11
CALSDV   11    1  0.1268E-11  0.1265E-11
CALSDV   12    1  0.1169E-11  0.1165E-11
CALSDV   13    1  0.1090E-11  0.1086E-11
CALSDV   14    1  0.1028E-11  0.1024E-11
CALSDV   15    1  0.9770E-12  0.9747E-12
CALSDV   16    1  0.9353E-12  0.9320E-12
CALSDV   17    1  0.9029E-12  0.9007E-12
CALSDV   18    1  0.8780E-12  0.8754E-12
CALSDV   19    1  0.8580E-12  0.8551E-12
CALSDV   20    1  0.8417E-12  0.8394E-12
CALSDV   21    1  0.8305E-12  0.8282E-12
CALSDV   22    1  0.8227E-12  0.8202E-12
CALSDV   23    1  0.8182E-12  0.8154E-12
CALSDV   24    1  0.8155E-12  0.8132E-12
CALSDV   25    1  0.8166E-12  0.8144E-12
CALSDV   26    1  0.8189E-12  0.8160E-12
CALSDV   27    1  0.8242E-12  0.8217E-12
CALSDV   28    1  0.8306E-12  0.8280E-12
CALSDV   29    1  0.8402E-12  0.8376E-12
CALSDV   30    1  0.8502E-12  0.8479E-12
CALSDV   31    1  0.8634E-12  0.8611E-12
CALSDV   32    1  0.8776E-12  0.8747E-12
CALSDV   33    1  0.8946E-12  0.8917E-12
CALSDV   34    1  0.9108E-12  0.9076E-12
CALSDV   35    1  0.9316E-12  0.9284E-12
CALSDV   36    1  0.9515E-12  0.9488E-12
CALSDV   37    1  0.9757E-12  0.9728E-12
CALSDV   38    1  0.1001E-11  0.9981E-12
CALSDV   39    1  0.1029E-11  0.1026E-11
CALSDV   40    1  0.1058E-11  0.1055E-11
CALSDV   41    1  0.1090E-11  0.1087E-11
CALSDV   42    1  0.1123E-11  0.1120E-11
CALSDV   43    1  0.1160E-11  0.1157E-11
CALSDV   44    1  0.1198E-11  0.1195E-11
CALSDV   45    1  0.1239E-11  0.1235E-11
CALSDV   46    1  0.1282E-11  0.1279E-11
CALSDV   47    1  0.1328E-11  0.1325E-11
CALSDV   48    1  0.1377E-11  0.1374E-11
CALSDV   49    1  0.1428E-11  0.1425E-11
CALSDV   50    1  0.1483E-11  0.1480E-11
CALSDV   51    1  0.1541E-11  0.1537E-11
CALSDV   52    1  0.1602E-11  0.1598E-11
CALSDV   53    1  0.1667E-11  0.1663E-11
CALSDV   54    1  0.1735E-11  0.1730E-11
CALSDV   55    1  0.1806E-11  0.1801E-11
CALSDV   56    1  0.1881E-11  0.1877E-11
CALSDV   57    1  0.1954E-11  0.1950E-11
CALSDV   58    1  0.2029E-11  0.2024E-11
CALSDV   59    1  0.1919E-11  0.1913E-11
CALSDV   60    1  0.1987E-11  0.1980E-11
CALSDV    2    2  0.2466E-10  0.2997E-10
CALSDV    3    2  0.1631E-10  0.1656E-10
CALSDV    4    2  0.7515E-11  0.7593E-11
CALSDV    5    2  0.4524E-11  0.4543E-11
CALSDV    6    2  0.3290E-11  0.3310E-11
CALSDV    7    2  0.2507E-11  0.2519E-11
CALSDV    8    2  0.2064E-11  0.2076E-11
CALSDV    9    2  0.1742E-11  0.1752E-11
CALSDV   10    2  0.1530E-11  0.1539E-11
CALSDV   11    2  0.1363E-11  0.1371E-11
CALSDV   12    2  0.1244E-11  0.1251E-11
CALSDV   13    2  0.1150E-11  0.1156E-11
CALSDV   14    2  0.1076E-11  0.1083E-11
CALSDV   15    2  0.1018E-11  0.1023E-11
CALSDV   16    2  0.9704E-12  0.9757E-12
CALSDV   17    2  0.9326E-12  0.9378E-12
CALSDV   18    2  0.9032E-12  0.9079E-12
CALSDV   19    2  0.8802E-12  0.8851E-12
CALSDV   20    2  0.8607E-12  0.8655E-12
CALSDV   21    2  0.8481E-12  0.8525E-12
CALSDV   22    2  0.8379E-12  0.8422E-12
CALSDV   23    2  0.8317E-12  0.8358E-12
CALSDV   24    2  0.8278E-12  0.8323E-12
CALSDV   25    2  0.8279E-12  0.8325E-12
CALSDV   26    2  0.8280E-12  0.8326E-12
CALSDV   27    2  0.8328E-12  0.8371E-12
CALSDV   28    2  0.8396E-12  0.8440E-12
CALSDV   29    2  0.8481E-12  0.8526E-12
CALSDV   30    2  0.8569E-12  0.8614E-12
CALSDV   31    2  0.8704E-12  0.8750E-12
CALSDV   32    2  0.8821E-12  0.8869E-12
CALSDV   33    2  0.8988E-12  0.9036E-12
CALSDV   34    2  0.9162E-12  0.9211E-12
CALSDV   35    2  0.9364E-12  0.9413E-12
CALSDV   36    2  0.9564E-12  0.9612E-12
CALSDV   37    2  0.9805E-12  0.9855E-12
CALSDV   38    2  0.1005E-11  0.1009E-11
CALSDV   39    2  0.1032E-11  0.1037E-11
CALSDV   40    2  0.1061E-11  0.1066E-11
CALSDV   41    2  0.1093E-11  0.1098E-11
CALSDV   42    2  0.1126E-11  0.1131E-11
CALSDV   43    2  0.1162E-11  0.1168E-11
CALSDV   44    2  0.1200E-11  0.1206E-11
CALSDV   45    2  0.1241E-11  0.1247E-11
CALSDV   46    2  0.1284E-11  0.1290E-11
CALSDV   47    2  0.1330E-11  0.1336E-11
CALSDV   48    2  0.1378E-11  0.1385E-11
CALSDV   49    2  0.1430E-11  0.1436E-11
CALSDV   50    2  0.1484E-11  0.1491E-11
CALSDV   51    2  0.1542E-11  0.1549E-11
CALSDV   52    2  0.1603E-11  0.1610E-11
CALSDV   53    2  0.1667E-11  0.1675E-11
CALSDV   54    2  0.1736E-11  0.1743E-11
CALSDV   55    2  0.1807E-11  0.1815E-11
CALSDV   56    2  0.1882E-11  0.1890E-11
CALSDV   57    2  0.1956E-11  0.1965E-11
CALSDV   58    2  0.2031E-11  0.2040E-11
CALSDV   59    2  0.1938E-11  0.1947E-11
CALSDV   60    2  0.2005E-11  0.2014E-11
CALSDV    3    3  0.3327E-10  0.3282E-10
CALSDV    4    3  0.1318E-10  0.1319E-10
CALSDV    5    3  0.9238E-11  0.9192E-11
CALSDV    6    3  0.4689E-11  0.4699E-11
CALSDV    7    3  0.4422E-11  0.4406E-11
CALSDV    8    3  0.2690E-11  0.2693E-11
CALSDV    9    3  0.2671E-11  0.2661E-11
CALSDV   10    3  0.1870E-11  0.1872E-11
CALSDV   11    3  0.1873E-11  0.1867E-11
CALSDV   12    3  0.1455E-11  0.1453E-11
CALSDV   13    3  0.1458E-11  0.1452E-11
CALSDV   14    3  0.1218E-11  0.1216E-11
CALSDV   15    3  0.1219E-11  0.1214E-11
CALSDV   16    3  0.1073E-11  0.1071E-11
CALSDV   17    3  0.1074E-11  0.1070E-11
CALSDV   18    3  0.9782E-12  0.9755E-12
CALSDV   19    3  0.9814E-12  0.9773E-12
CALSDV   20    3  0.9217E-12  0.9191E-12
CALSDV   21    3  0.9256E-12  0.9220E-12
CALSDV   22    3  0.8869E-12  0.8841E-12
CALSDV   23    3  0.8937E-12  0.8901E-12
CALSDV   24    3  0.8682E-12  0.8655E-12
CALSDV   25    3  0.8771E-12  0.8736E-12
CALSDV   26    3  0.8639E-12  0.8608E-12
CALSDV   27    3  0.8754E-12  0.8721E-12
CALSDV   28    3  0.8699E-12  0.8669E-12
CALSDV   29    3  0.8840E-12  0.8805E-12
CALSDV   30    3  0.8846E-12  0.8816E-12
CALSDV   31    3  0.9019E-12  0.8982E-12
CALSDV   32    3  0.9076E-12  0.9041E-12
CALSDV   33    3  0.9272E-12  0.9237E-12
CALSDV   34    3  0.9399E-12  0.9363E-12
CALSDV   35    3  0.9625E-12  0.9586E-12
CALSDV   36    3  0.9793E-12  0.9757E-12
CALSDV   37    3  0.1006E-11  0.1002E-11
CALSDV   38    3  0.1026E-11  0.1022E-11
CALSDV   39    3  0.1055E-11  0.1051E-11
CALSDV   40    3  0.1081E-11  0.1077E-11
CALSDV   41    3  0.1114E-11  0.1110E-11
CALSDV   42    3  0.1146E-11  0.1141E-11
CALSDV   43    3  0.1183E-11  0.1179E-11
CALSDV   44    3  0.1219E-11  0.1215E-11
CALSDV   45    3  0.1261E-11  0.1256E-11
CALSDV   46    3  0.1303E-11  0.1298E-11
CALSDV   47    3  0.1350E-11  0.1345E-11
CALSDV   48    3  0.1397E-11  0.1392E-11
CALSDV   49    3  0.1450E-11  0.1444E-11
CALSDV   50    3  0.1504E-11  0.1498E-11
CALSDV   51    3  0.1562E-11  0.1556E-11
CALSDV   52    3  0.1622E-11  0.1617E-11
CALSDV   53    3  0.1688E-11  0.1682E-11
CALSDV   54    3  0.1756E-11  0.1750E-11
CALSDV   55    3  0.1829E-11  0.1823E-11
CALSDV   56    3  0.1903E-11  0.1896E-11
CALSDV   57    3  0.1981E-11  0.1974E-11
CALSDV   58    3  0.2058E-11  0.2050E-11
CALSDV   59    3  0.1998E-11  0.1991E-11
CALSDV   60    3  0.2064E-11  0.2056E-11
CALSDV    4    4  0.1476E-10  0.1508E-10
CALSDV    5    4  0.1436E-10  0.1450E-10
CALSDV    6    4  0.5981E-11  0.6018E-11
CALSDV    7    4  0.5170E-11  0.5203E-11
CALSDV    8    4  0.3326E-11  0.3331E-11
CALSDV    9    4  0.2831E-11  0.2848E-11
CALSDV   10    4  0.2210E-11  0.2213E-11
CALSDV   11    4  0.1941E-11  0.1953E-11
CALSDV   12    4  0.1662E-11  0.1666E-11
CALSDV   13    4  0.1511E-11  0.1515E-11
CALSDV   14    4  0.1359E-11  0.1362E-11
CALSDV   15    4  0.1267E-11  0.1271E-11
CALSDV   16    4  0.1172E-11  0.1174E-11
CALSDV   17    4  0.1117E-11  0.1120E-11
CALSDV   18    4  0.1058E-11  0.1060E-11
CALSDV   19    4  0.1023E-11  0.1025E-11
CALSDV   20    4  0.9832E-12  0.9852E-12
CALSDV   21    4  0.9643E-12  0.9662E-12
CALSDV   22    4  0.9375E-12  0.9395E-12
CALSDV   23    4  0.9279E-12  0.9297E-12
CALSDV   24    4  0.9118E-12  0.9135E-12
CALSDV   25    4  0.9087E-12  0.9103E-12
CALSDV   26    4  0.9019E-12  0.9035E-12
CALSDV   27    4  0.9047E-12  0.9062E-12
CALSDV   28    4  0.9021E-12  0.9038E-12
CALSDV   29    4  0.9105E-12  0.9120E-12
CALSDV   30    4  0.9138E-12  0.9154E-12
CALSDV   31    4  0.9258E-12  0.9272E-12
CALSDV   32    4  0.9346E-12  0.9362E-12
CALSDV   33    4  0.9507E-12  0.9523E-12
CALSDV   34    4  0.9638E-12  0.9654E-12
CALSDV   35    4  0.9835E-12  0.9852E-12
CALSDV   36    4  0.1002E-11  0.1004E-11
CALSDV   37    4  0.1026E-11  0.1027E-11
CALSDV   38    4  0.1047E-11  0.1049E-11
CALSDV   39    4  0.1075E-11  0.1077E-11
CALSDV   40    4  0.1100E-11  0.1102E-11
CALSDV   41    4  0.1132E-11  0.1134E-11
CALSDV   42    4  0.1164E-11  0.1166E-11
CALSDV   43    4  0.1199E-11  0.1202E-11
CALSDV   44    4  0.1236E-11  0.1239E-11
CALSDV   45    4  0.1277E-11  0.1280E-11
CALSDV   46    4  0.1318E-11  0.1321E-11
CALSDV   47    4  0.1364E-11  0.1367E-11
CALSDV   48    4  0.1412E-11  0.1415E-11
CALSDV   49    4  0.1464E-11  0.1467E-11
CALSDV   50    4  0.1518E-11  0.1521E-11
CALSDV   51    4  0.1576E-11  0.1579E-11
CALSDV   52    4  0.1636E-11  0.1639E-11
CALSDV   53    4  0.1701E-11  0.1705E-11
CALSDV   54    4  0.1770E-11  0.1773E-11
CALSDV   55    4  0.1843E-11  0.1846E-11
CALSDV   56    4  0.1916E-11  0.1920E-11
CALSDV   57    4  0.1996E-11  0.2001E-11
CALSDV   58    4  0.2075E-11  0.2079E-11
CALSDV   59    4  0.2044E-11  0.2049E-11
CALSDV   60    4  0.2111E-11  0.2115E-11
CALSDV    5    5  0.2316E-10  0.2308E-10
CALSDV    6    5  0.1081E-10  0.1072E-10
CALSDV    7    5  0.6754E-11  0.6707E-11
CALSDV    8    5  0.4281E-11  0.4270E-11
CALSDV    9    5  0.3975E-11  0.3967E-11
CALSDV   10    5  0.2650E-11  0.2650E-11
CALSDV   11    5  0.2738E-11  0.2732E-11
CALSDV   12    5  0.1990E-11  0.1988E-11
CALSDV   13    5  0.2060E-11  0.2057E-11
CALSDV   14    5  0.1615E-11  0.1612E-11
CALSDV   15    5  0.1655E-11  0.1653E-11
CALSDV   16    5  0.1383E-11  0.1383E-11
CALSDV   17    5  0.1401E-11  0.1401E-11
CALSDV   18    5  0.1231E-11  0.1229E-11
CALSDV   19    5  0.1239E-11  0.1238E-11
CALSDV   20    5  0.1125E-11  0.1125E-11
CALSDV   21    5  0.1130E-11  0.1129E-11
CALSDV   22    5  0.1056E-11  0.1054E-11
CALSDV   23    5  0.1059E-11  0.1058E-11
CALSDV   24    5  0.1013E-11  0.1011E-11
CALSDV   25    5  0.1017E-11  0.1016E-11
CALSDV   26    5  0.9867E-12  0.9853E-12
CALSDV   27    5  0.9936E-12  0.9920E-12
CALSDV   28    5  0.9770E-12  0.9753E-12
CALSDV   29    5  0.9860E-12  0.9846E-12
CALSDV   30    5  0.9782E-12  0.9768E-12
CALSDV   31    5  0.9902E-12  0.9885E-12
CALSDV   32    5  0.9927E-12  0.9909E-12
CALSDV   33    5  0.1008E-11  0.1006E-11
CALSDV   34    5  0.1016E-11  0.1014E-11
CALSDV   35    5  0.1034E-11  0.1033E-11
CALSDV   36    5  0.1049E-11  0.1046E-11
CALSDV   37    5  0.1070E-11  0.1068E-11
CALSDV   38    5  0.1090E-11  0.1088E-11
CALSDV   39    5  0.1117E-11  0.1114E-11
CALSDV   40    5  0.1140E-11  0.1138E-11
CALSDV   41    5  0.1170E-11  0.1168E-11
CALSDV   42    5  0.1200E-11  0.1198E-11
CALSDV   43    5  0.1235E-11  0.1232E-11
CALSDV   44    5  0.1271E-11  0.1268E-11
CALSDV   45    5  0.1310E-11  0.1307E-11
CALSDV   46    5  0.1351E-11  0.1348E-11
CALSDV   47    5  0.1396E-11  0.1393E-11
CALSDV   48    5  0.1443E-11  0.1440E-11
CALSDV   49    5  0.1493E-11  0.1490E-11
CALSDV   50    5  0.1547E-11  0.1544E-11
CALSDV   51    5  0.1604E-11  0.1600E-11
CALSDV   52    5  0.1665E-11  0.1661E-11
CALSDV   53    5  0.1729E-11  0.1725E-11
CALSDV   54    5  0.1797E-11  0.1793E-11
CALSDV   55    5  0.1870E-11  0.1866E-11
CALSDV   56    5  0.1944E-11  0.1939E-11
CALSDV   57    5  0.2026E-11  0.2020E-11
CALSDV   58    5  0.2107E-11  0.2101E-11
CALSDV   59    5  0.2100E-11  0.2096E-11
CALSDV   60    5  0.2168E-11  0.2163E-11
CALSDV    6    6  0.1153E-10  0.1141E-10
CALSDV    7    6  0.1254E-10  0.1243E-10
CALSDV    8    6  0.5587E-11  0.5614E-11
CALSDV    9    6  0.5779E-11  0.5718E-11
CALSDV   10    6  0.3654E-11  0.3664E-11
CALSDV   11    6  0.3435E-11  0.3394E-11
CALSDV   12    6  0.2548E-11  0.2554E-11
CALSDV   13    6  0.2399E-11  0.2379E-11
CALSDV   14    6  0.1934E-11  0.1939E-11
CALSDV   15    6  0.1857E-11  0.1845E-11
CALSDV   16    6  0.1573E-11  0.1578E-11
CALSDV   17    6  0.1544E-11  0.1536E-11
CALSDV   18    6  0.1356E-11  0.1361E-11
CALSDV   19    6  0.1346E-11  0.1342E-11
CALSDV   20    6  0.1217E-11  0.1220E-11
CALSDV   21    6  0.1219E-11  0.1216E-11
CALSDV   22    6  0.1129E-11  0.1132E-11
CALSDV   23    6  0.1138E-11  0.1136E-11
CALSDV   24    6  0.1073E-11  0.1075E-11
CALSDV   25    6  0.1086E-11  0.1085E-11
CALSDV   26    6  0.1040E-11  0.1043E-11
CALSDV   27    6  0.1056E-11  0.1055E-11
CALSDV   28    6  0.1025E-11  0.1027E-11
CALSDV   29    6  0.1042E-11  0.1041E-11
CALSDV   30    6  0.1024E-11  0.1025E-11
CALSDV   31    6  0.1043E-11  0.1043E-11
CALSDV   32    6  0.1034E-11  0.1036E-11
CALSDV   33    6  0.1056E-11  0.1056E-11
CALSDV   34    6  0.1056E-11  0.1057E-11
CALSDV   35    6  0.1080E-11  0.1080E-11
CALSDV   36    6  0.1086E-11  0.1087E-11
CALSDV   37    6  0.1112E-11  0.1113E-11
CALSDV   38    6  0.1127E-11  0.1128E-11
CALSDV   39    6  0.1156E-11  0.1157E-11
CALSDV   40    6  0.1175E-11  0.1177E-11
CALSDV   41    6  0.1209E-11  0.1209E-11
CALSDV   42    6  0.1233E-11  0.1234E-11
CALSDV   43    6  0.1270E-11  0.1271E-11
CALSDV   44    6  0.1302E-11  0.1303E-11
CALSDV   45    6  0.1343E-11  0.1344E-11
CALSDV   46    6  0.1381E-11  0.1382E-11
CALSDV   47    6  0.1427E-11  0.1428E-11
CALSDV   48    6  0.1471E-11  0.1473E-11
CALSDV   49    6  0.1523E-11  0.1524E-11
CALSDV   50    6  0.1575E-11  0.1576E-11
CALSDV   51    6  0.1632E-11  0.1633E-11
CALSDV   52    6  0.1691E-11  0.1692E-11
CALSDV   53    6  0.1755E-11  0.1757E-11
CALSDV   54    6  0.1823E-11  0.1824E-11
CALSDV   55    6  0.1896E-11  0.1897E-11
CALSDV   56    6  0.1968E-11  0.1970E-11
CALSDV   57    6  0.2052E-11  0.2053E-11
CALSDV   58    6  0.2133E-11  0.2135E-11
CALSDV   59    6  0.2152E-11  0.2153E-11
CALSDV   60    6  0.2218E-11  0.2219E-11
CALSDV    7    7  0.1560E-10  0.1554E-10
CALSDV    8    7  0.1017E-10  0.1013E-10
CALSDV    9    7  0.5949E-11  0.5931E-11
CALSDV   10    7  0.4304E-11  0.4264E-11
CALSDV   11    7  0.3699E-11  0.3690E-11
CALSDV   12    7  0.2634E-11  0.2606E-11
CALSDV   13    7  0.2584E-11  0.2580E-11
CALSDV   14    7  0.2063E-11  0.2044E-11
CALSDV   15    7  0.1984E-11  0.1979E-11
CALSDV   16    7  0.1759E-11  0.1750E-11
CALSDV   17    7  0.1638E-11  0.1634E-11
CALSDV   18    7  0.1560E-11  0.1556E-11
CALSDV   19    7  0.1426E-11  0.1424E-11
CALSDV   20    7  0.1420E-11  0.1418E-11
CALSDV   21    7  0.1293E-11  0.1294E-11
CALSDV   22    7  0.1318E-11  0.1317E-11
CALSDV   23    7  0.1205E-11  0.1207E-11
CALSDV   24    7  0.1244E-11  0.1244E-11
CALSDV   25    7  0.1151E-11  0.1152E-11
CALSDV   26    7  0.1192E-11  0.1192E-11
CALSDV   27    7  0.1117E-11  0.1117E-11
CALSDV   28    7  0.1160E-11  0.1159E-11
CALSDV   29    7  0.1102E-11  0.1102E-11
CALSDV   30    7  0.1144E-11  0.1143E-11
CALSDV   31    7  0.1100E-11  0.1100E-11
CALSDV   32    7  0.1141E-11  0.1141E-11
CALSDV   33    7  0.1110E-11  0.1110E-11
CALSDV   34    7  0.1150E-11  0.1150E-11
CALSDV   35    7  0.1131E-11  0.1131E-11
CALSDV   36    7  0.1171E-11  0.1171E-11
CALSDV   37    7  0.1162E-11  0.1162E-11
CALSDV   38    7  0.1202E-11  0.1202E-11
CALSDV   39    7  0.1203E-11  0.1202E-11
CALSDV   40    7  0.1245E-11  0.1245E-11
CALSDV   41    7  0.1254E-11  0.1254E-11
CALSDV   42    7  0.1296E-11  0.1295E-11
CALSDV   43    7  0.1313E-11  0.1313E-11
CALSDV   44    7  0.1359E-11  0.1358E-11
CALSDV   45    7  0.1383E-11  0.1383E-11
CALSDV   46    7  0.1434E-11  0.1433E-11
CALSDV   47    7  0.1466E-11  0.1465E-11
CALSDV   48    7  0.1520E-11  0.1519E-11
CALSDV   49    7  0.1560E-11  0.1559E-11
CALSDV   50    7  0.1619E-11  0.1618E-11
CALSDV   51    7  0.1667E-11  0.1666E-11
CALSDV   52    7  0.1732E-11  0.1731E-11
CALSDV   53    7  0.1789E-11  0.1788E-11
CALSDV   54    7  0.1860E-11  0.1860E-11
CALSDV   55    7  0.1927E-11  0.1926E-11
CALSDV   56    7  0.2004E-11  0.2003E-11
CALSDV   57    7  0.2082E-11  0.2082E-11
CALSDV   58    7  0.2170E-11  0.2168E-11
CALSDV   59    7  0.2200E-11  0.2200E-11
CALSDV   60    7  0.2276E-11  0.2272E-11
CALSDV    8    8  0.9474E-11  0.9194E-11
CALSDV    9    8  0.9237E-11  0.9172E-11
CALSDV   10    8  0.5335E-11  0.5365E-11
CALSDV   11    8  0.4760E-11  0.4733E-11
CALSDV   12    8  0.3936E-11  0.3952E-11
CALSDV   13    8  0.3275E-11  0.3260E-11
CALSDV   14    8  0.2891E-11  0.2898E-11
CALSDV   15    8  0.2569E-11  0.2561E-11
CALSDV   16    8  0.2237E-11  0.2234E-11
CALSDV   17    8  0.2135E-11  0.2129E-11
CALSDV   18    8  0.1837E-11  0.1824E-11
CALSDV   19    8  0.1842E-11  0.1834E-11
CALSDV   20    8  0.1587E-11  0.1576E-11
CALSDV   21    8  0.1638E-11  0.1627E-11
CALSDV   22    8  0.1430E-11  0.1418E-11
CALSDV   23    8  0.1490E-11  0.1482E-11
CALSDV   24    8  0.1325E-11  0.1318E-11
CALSDV   25    8  0.1386E-11  0.1378E-11
CALSDV   26    8  0.1260E-11  0.1254E-11
CALSDV   27    8  0.1315E-11  0.1309E-11
CALSDV   28    8  0.1221E-11  0.1216E-11
CALSDV   29    8  0.1270E-11  0.1265E-11
CALSDV   30    8  0.1201E-11  0.1197E-11
CALSDV   31    8  0.1245E-11  0.1241E-11
CALSDV   32    8  0.1198E-11  0.1194E-11
CALSDV   33    8  0.1236E-11  0.1233E-11
CALSDV   34    8  0.1205E-11  0.1202E-11
CALSDV   35    8  0.1241E-11  0.1238E-11
CALSDV   36    8  0.1226E-11  0.1223E-11
CALSDV   37    8  0.1261E-11  0.1258E-11
CALSDV   38    8  0.1256E-11  0.1254E-11
CALSDV   39    8  0.1291E-11  0.1289E-11
CALSDV   40    8  0.1298E-11  0.1296E-11
CALSDV   41    8  0.1333E-11  0.1331E-11
CALSDV   42    8  0.1348E-11  0.1347E-11
CALSDV   43    8  0.1386E-11  0.1384E-11
CALSDV   44    8  0.1409E-11  0.1407E-11
CALSDV   45    8  0.1449E-11  0.1448E-11
CALSDV   46    8  0.1482E-11  0.1481E-11
CALSDV   47    8  0.1526E-11  0.1524E-11
CALSDV   48    8  0.1567E-11  0.1565E-11
CALSDV   49    8  0.1615E-11  0.1614E-11
CALSDV   50    8  0.1664E-11  0.1663E-11
CALSDV   51    8  0.1718E-11  0.1717E-11
CALSDV   52    8  0.1775E-11  0.1774E-11
CALSDV   53    8  0.1835E-11  0.1834E-11
CALSDV   54    8  0.1902E-11  0.1900E-11
CALSDV   55    8  0.1970E-11  0.1969E-11
CALSDV   56    8  0.2044E-11  0.2041E-11
CALSDV   57    8  0.2125E-11  0.2122E-11
CALSDV   58    8  0.2209E-11  0.2205E-11
CALSDV   59    8  0.2265E-11  0.2261E-11
CALSDV   60    8  0.2340E-11  0.2332E-11
CALSDV    9    9  0.1051E-10  0.1060E-10
CALSDV   10    9  0.9418E-11  0.9404E-11
CALSDV   11    9  0.5557E-11  0.5558E-11
CALSDV   12    9  0.4410E-11  0.4410E-11
CALSDV   13    9  0.3823E-11  0.3818E-11
CALSDV   14    9  0.2765E-11  0.2769E-11
CALSDV   15    9  0.2682E-11  0.2685E-11
CALSDV   16    9  0.2183E-11  0.2184E-11
CALSDV   17    9  0.2024E-11  0.2027E-11
CALSDV   18    9  0.1902E-11  0.1901E-11
CALSDV   19    9  0.1666E-11  0.1671E-11
CALSDV   20    9  0.1718E-11  0.1717E-11
CALSDV   21    9  0.1469E-11  0.1473E-11
CALSDV   22    9  0.1581E-11  0.1581E-11
CALSDV   23    9  0.1361E-11  0.1365E-11
CALSDV   24    9  0.1482E-11  0.1481E-11
CALSDV   25    9  0.1299E-11  0.1301E-11
CALSDV   26    9  0.1410E-11  0.1410E-11
CALSDV   27    9  0.1264E-11  0.1267E-11
CALSDV   28    9  0.1361E-11  0.1359E-11
CALSDV   29    9  0.1248E-11  0.1248E-11
CALSDV   30    9  0.1329E-11  0.1328E-11
CALSDV   31    9  0.1245E-11  0.1246E-11
CALSDV   32    9  0.1311E-11  0.1310E-11
CALSDV   33    9  0.1252E-11  0.1252E-11
CALSDV   34    9  0.1309E-11  0.1307E-11
CALSDV   35    9  0.1269E-11  0.1269E-11
CALSDV   36    9  0.1319E-11  0.1318E-11
CALSDV   37    9  0.1295E-11  0.1295E-11
CALSDV   38    9  0.1342E-11  0.1340E-11
CALSDV   39    9  0.1332E-11  0.1332E-11
CALSDV   40    9  0.1374E-11  0.1373E-11
CALSDV   41    9  0.1376E-11  0.1376E-11
CALSDV   42    9  0.1419E-11  0.1418E-11
CALSDV   43    9  0.1432E-11  0.1432E-11
CALSDV   44    9  0.1474E-11  0.1473E-11
CALSDV   45    9  0.1497E-11  0.1496E-11
CALSDV   46    9  0.1541E-11  0.1540E-11
CALSDV   47    9  0.1572E-11  0.1570E-11
CALSDV   48    9  0.1622E-11  0.1620E-11
CALSDV   49    9  0.1660E-11  0.1659E-11
CALSDV   50    9  0.1715E-11  0.1713E-11
CALSDV   51    9  0.1762E-11  0.1760E-11
CALSDV   52    9  0.1822E-11  0.1820E-11
CALSDV   53    9  0.1877E-11  0.1875E-11
CALSDV   54    9  0.1944E-11  0.1942E-11
CALSDV   55    9  0.2009E-11  0.2007E-11
CALSDV   56    9  0.2083E-11  0.2081E-11
CALSDV   57    9  0.2161E-11  0.2159E-11
CALSDV   58    9  0.2246E-11  0.2244E-11
CALSDV   59    9  0.2313E-11  0.2312E-11
CALSDV   60    9  0.2386E-11  0.2385E-11
CALSDV   10   10  0.8881E-11  0.8815E-11
CALSDV   11   10  0.7816E-11  0.7886E-11
CALSDV   12   10  0.5068E-11  0.5054E-11
CALSDV   13   10  0.3922E-11  0.3954E-11
CALSDV   14   10  0.4041E-11  0.4021E-11
CALSDV   15   10  0.2926E-11  0.2937E-11
CALSDV   16   10  0.3130E-11  0.3107E-11
CALSDV   17   10  0.2547E-11  0.2552E-11
CALSDV   18   10  0.2504E-11  0.2482E-11
CALSDV   19   10  0.2281E-11  0.2286E-11
CALSDV   20   10  0.2109E-11  0.2086E-11
CALSDV   21   10  0.2060E-11  0.2065E-11
CALSDV   22   10  0.1857E-11  0.1837E-11
CALSDV   23   10  0.1882E-11  0.1889E-11
CALSDV   24   10  0.1696E-11  0.1678E-11
CALSDV   25   10  0.1742E-11  0.1748E-11
CALSDV   26   10  0.1590E-11  0.1575E-11
CALSDV   27   10  0.1636E-11  0.1641E-11
CALSDV   28   10  0.1519E-11  0.1507E-11
CALSDV   29   10  0.1559E-11  0.1564E-11
CALSDV   30   10  0.1474E-11  0.1463E-11
CALSDV   31   10  0.1505E-11  0.1509E-11
CALSDV   32   10  0.1448E-11  0.1439E-11
CALSDV   33   10  0.1473E-11  0.1476E-11
CALSDV   34   10  0.1439E-11  0.1431E-11
CALSDV   35   10  0.1459E-11  0.1461E-11
CALSDV   36   10  0.1443E-11  0.1436E-11
CALSDV   37   10  0.1459E-11  0.1461E-11
CALSDV   38   10  0.1459E-11  0.1453E-11
CALSDV   39   10  0.1474E-11  0.1476E-11
CALSDV   40   10  0.1485E-11  0.1481E-11
CALSDV   41   10  0.1501E-11  0.1503E-11
CALSDV   42   10  0.1524E-11  0.1520E-11
CALSDV   43   10  0.1542E-11  0.1543E-11
CALSDV   44   10  0.1574E-11  0.1571E-11
CALSDV   45   10  0.1596E-11  0.1597E-11
CALSDV   46   10  0.1633E-11  0.1631E-11
CALSDV   47   10  0.1659E-11  0.1659E-11
CALSDV   48   10  0.1707E-11  0.1705E-11
CALSDV   49   10  0.1739E-11  0.1739E-11
CALSDV   50   10  0.1794E-11  0.1793E-11
CALSDV   51   10  0.1832E-11  0.1832E-11
CALSDV   52   10  0.1895E-11  0.1893E-11
CALSDV   53   10  0.1939E-11  0.1940E-11
CALSDV   54   10  0.2010E-11  0.2009E-11
CALSDV   55   10  0.2064E-11  0.2064E-11
CALSDV   56   10  0.2143E-11  0.2142E-11
CALSDV   57   10  0.2211E-11  0.2211E-11
CALSDV   58   10  0.2301E-11  0.2300E-11
CALSDV   59   10  0.2377E-11  0.2377E-11
CALSDV   60   10  0.2458E-11  0.2458E-11
CALSDV   11   11  0.7718E-11  0.7852E-11
CALSDV   12   11  0.8551E-11  0.8608E-11
CALSDV   13   11  0.5269E-11  0.5274E-11
CALSDV   14   11  0.4497E-11  0.4514E-11
CALSDV   15   11  0.4023E-11  0.4026E-11
CALSDV   16   11  0.3057E-11  0.3068E-11
CALSDV   17   11  0.2906E-11  0.2911E-11
CALSDV   18   11  0.2444E-11  0.2453E-11
CALSDV   19   11  0.2183E-11  0.2191E-11
CALSDV   20   11  0.2107E-11  0.2110E-11
CALSDV   21   11  0.1781E-11  0.1787E-11
CALSDV   22   11  0.1882E-11  0.1883E-11
CALSDV   23   11  0.1577E-11  0.1580E-11
CALSDV   24   11  0.1723E-11  0.1724E-11
CALSDV   25   11  0.1482E-11  0.1486E-11
CALSDV   26   11  0.1610E-11  0.1608E-11
CALSDV   27   11  0.1439E-11  0.1442E-11
CALSDV   28   11  0.1532E-11  0.1531E-11
CALSDV   29   11  0.1421E-11  0.1424E-11
CALSDV   30   11  0.1483E-11  0.1483E-11
CALSDV   31   11  0.1420E-11  0.1422E-11
CALSDV   32   11  0.1457E-11  0.1456E-11
CALSDV   33   11  0.1429E-11  0.1430E-11
CALSDV   34   11  0.1448E-11  0.1448E-11
CALSDV   35   11  0.1446E-11  0.1447E-11
CALSDV   36   11  0.1454E-11  0.1454E-11
CALSDV   37   11  0.1471E-11  0.1472E-11
CALSDV   38   11  0.1472E-11  0.1472E-11
CALSDV   39   11  0.1502E-11  0.1502E-11
CALSDV   40   11  0.1504E-11  0.1503E-11
CALSDV   41   11  0.1542E-11  0.1543E-11
CALSDV   42   11  0.1545E-11  0.1544E-11
CALSDV   43   11  0.1590E-11  0.1591E-11
CALSDV   44   11  0.1598E-11  0.1599E-11
CALSDV   45   11  0.1649E-11  0.1650E-11
CALSDV   46   11  0.1661E-11  0.1661E-11
CALSDV   47   11  0.1715E-11  0.1716E-11
CALSDV   48   11  0.1736E-11  0.1737E-11
CALSDV   49   11  0.1794E-11  0.1794E-11
CALSDV   50   11  0.1825E-11  0.1826E-11
CALSDV   51   11  0.1886E-11  0.1887E-11
CALSDV   52   11  0.1927E-11  0.1928E-11
CALSDV   53   11  0.1991E-11  0.1992E-11
CALSDV   54   11  0.2042E-11  0.2043E-11
CALSDV   55   11  0.2112E-11  0.2113E-11
CALSDV   56   11  0.2175E-11  0.2176E-11
CALSDV   57   11  0.2255E-11  0.2256E-11
CALSDV   58   11  0.2332E-11  0.2334E-11
CALSDV   59   11  0.2429E-11  0.2430E-11
CALSDV   60   11  0.2495E-11  0.2495E-11
CALSDV   12   12  0.7687E-11  0.7753E-11
CALSDV   13   12  0.7636E-11  0.7617E-11
CALSDV   14   12  0.4887E-11  0.4911E-11
CALSDV   15   12  0.3787E-11  0.3773E-11
CALSDV   16   12  0.3945E-11  0.3950E-11
CALSDV   17   12  0.2803E-11  0.2796E-11
CALSDV   18   12  0.3047E-11  0.3056E-11
CALSDV   19   12  0.2518E-11  0.2518E-11
CALSDV   20   12  0.2462E-11  0.2470E-11
CALSDV   21   12  0.2334E-11  0.2337E-11
CALSDV   22   12  0.2128E-11  0.2138E-11
CALSDV   23   12  0.2168E-11  0.2173E-11
CALSDV   24   12  0.1941E-11  0.1950E-11
CALSDV   25   12  0.2023E-11  0.2026E-11
CALSDV   26   12  0.1837E-11  0.1845E-11
CALSDV   27   12  0.1903E-11  0.1905E-11
CALSDV   28   12  0.1775E-11  0.1783E-11
CALSDV   29   12  0.1810E-11  0.1812E-11
CALSDV   30   12  0.1735E-11  0.1740E-11
CALSDV   31   12  0.1741E-11  0.1743E-11
CALSDV   32   12  0.1710E-11  0.1715E-11
CALSDV   33   12  0.1695E-11  0.1697E-11
CALSDV   34   12  0.1697E-11  0.1701E-11
CALSDV   35   12  0.1668E-11  0.1670E-11
CALSDV   36   12  0.1694E-11  0.1697E-11
CALSDV   37   12  0.1657E-11  0.1660E-11
CALSDV   38   12  0.1702E-11  0.1705E-11
CALSDV   39   12  0.1663E-11  0.1664E-11
CALSDV   40   12  0.1719E-11  0.1722E-11
CALSDV   41   12  0.1681E-11  0.1683E-11
CALSDV   42   12  0.1747E-11  0.1750E-11
CALSDV   43   12  0.1713E-11  0.1715E-11
CALSDV   44   12  0.1784E-11  0.1787E-11
CALSDV   45   12  0.1757E-11  0.1759E-11
CALSDV   46   12  0.1833E-11  0.1835E-11
CALSDV   47   12  0.1814E-11  0.1816E-11
CALSDV   48   12  0.1891E-11  0.1893E-11
CALSDV   49   12  0.1881E-11  0.1883E-11
CALSDV   50   12  0.1964E-11  0.1965E-11
CALSDV   51   12  0.1964E-11  0.1966E-11
CALSDV   52   12  0.2050E-11  0.2051E-11
CALSDV   53   12  0.2061E-11  0.2063E-11
CALSDV   54   12  0.2150E-11  0.2151E-11
CALSDV   55   12  0.2174E-11  0.2175E-11
CALSDV   56   12  0.2267E-11  0.2269E-11
CALSDV   57   12  0.2310E-11  0.2311E-11
CALSDV   58   12  0.2412E-11  0.2413E-11
CALSDV   59   12  0.2490E-11  0.2491E-11
CALSDV   60   12  0.2585E-11  0.2587E-11
CALSDV   13   13  0.6677E-11  0.6603E-11
CALSDV   14   13  0.7404E-11  0.7353E-11
CALSDV   15   13  0.5097E-11  0.5099E-11
CALSDV   16   13  0.4086E-11  0.4053E-11
CALSDV   17   13  0.4213E-11  0.4209E-11
CALSDV   18   13  0.3091E-11  0.3073E-11
CALSDV   19   13  0.3143E-11  0.3138E-11
CALSDV   20   13  0.2631E-11  0.2619E-11
CALSDV   21   13  0.2387E-11  0.2382E-11
CALSDV   22   13  0.2299E-11  0.2294E-11
CALSDV   23   13  0.1948E-11  0.1943E-11
CALSDV   24   13  0.2047E-11  0.2041E-11
CALSDV   25   13  0.1728E-11  0.1722E-11
CALSDV   26   13  0.1858E-11  0.1854E-11
CALSDV   27   13  0.1634E-11  0.1628E-11
CALSDV   28   13  0.1727E-11  0.1724E-11
CALSDV   29   13  0.1606E-11  0.1599E-11
CALSDV   30   13  0.1644E-11  0.1640E-11
CALSDV   31   13  0.1605E-11  0.1598E-11
CALSDV   32   13  0.1597E-11  0.1592E-11
CALSDV   33   13  0.1613E-11  0.1608E-11
CALSDV   34   13  0.1576E-11  0.1572E-11
CALSDV   35   13  0.1631E-11  0.1628E-11
CALSDV   36   13  0.1579E-11  0.1575E-11
CALSDV   37   13  0.1657E-11  0.1654E-11
CALSDV   38   13  0.1599E-11  0.1595E-11
CALSDV   39   13  0.1689E-11  0.1685E-11
CALSDV   40   13  0.1632E-11  0.1628E-11
CALSDV   41   13  0.1727E-11  0.1723E-11
CALSDV   42   13  0.1677E-11  0.1673E-11
CALSDV   43   13  0.1771E-11  0.1767E-11
CALSDV   44   13  0.1731E-11  0.1727E-11
CALSDV   45   13  0.1823E-11  0.1819E-11
CALSDV   46   13  0.1797E-11  0.1794E-11
CALSDV   47   13  0.1884E-11  0.1881E-11
CALSDV   48   13  0.1871E-11  0.1867E-11
CALSDV   49   13  0.1953E-11  0.1950E-11
CALSDV   50   13  0.1955E-11  0.1953E-11
CALSDV   51   13  0.2033E-11  0.2030E-11
CALSDV   52   13  0.2054E-11  0.2051E-11
CALSDV   53   13  0.2128E-11  0.2125E-11
CALSDV   54   13  0.2163E-11  0.2160E-11
CALSDV   55   13  0.2235E-11  0.2233E-11
CALSDV   56   13  0.2288E-11  0.2285E-11
CALSDV   57   13  0.2365E-11  0.2362E-11
CALSDV   58   13  0.2437E-11  0.2433E-11
CALSDV   59   13  0.2548E-11  0.2544E-11
CALSDV   60   13  0.2611E-11  0.2608E-11
CALSDV   14   14  0.5908E-11  0.5941E-11
CALSDV   15   14  0.8073E-11  0.8099E-11
CALSDV   16   14  0.4908E-11  0.4908E-11
CALSDV   17   14  0.4147E-11  0.4163E-11
CALSDV   18   14  0.4063E-11  0.4082E-11
CALSDV   19   14  0.2961E-11  0.2959E-11
CALSDV   20   14  0.3049E-11  0.3063E-11
CALSDV   21   14  0.2620E-11  0.2621E-11
CALSDV   22   14  0.2385E-11  0.2389E-11
CALSDV   23   14  0.2440E-11  0.2446E-11
CALSDV   24   14  0.2050E-11  0.2050E-11
CALSDV   25   14  0.2291E-11  0.2303E-11
CALSDV   26   14  0.1916E-11  0.1914E-11
CALSDV   27   14  0.2165E-11  0.2176E-11
CALSDV   28   14  0.1876E-11  0.1876E-11
CALSDV   29   14  0.2061E-11  0.2071E-11
CALSDV   30   14  0.1877E-11  0.1876E-11
CALSDV   31   14  0.1981E-11  0.1991E-11
CALSDV   32   14  0.1890E-11  0.1888E-11
CALSDV   33   14  0.1926E-11  0.1935E-11
CALSDV   34   14  0.1904E-11  0.1903E-11
CALSDV   35   14  0.1891E-11  0.1896E-11
CALSDV   36   14  0.1918E-11  0.1917E-11
CALSDV   37   14  0.1872E-11  0.1878E-11
CALSDV   38   14  0.1936E-11  0.1935E-11
CALSDV   39   14  0.1871E-11  0.1875E-11
CALSDV   40   14  0.1957E-11  0.1957E-11
CALSDV   41   14  0.1885E-11  0.1886E-11
CALSDV   42   14  0.1982E-11  0.1982E-11
CALSDV   43   14  0.1909E-11  0.1910E-11
CALSDV   44   14  0.2017E-11  0.2016E-11
CALSDV   45   14  0.1947E-11  0.1947E-11
CALSDV   46   14  0.2057E-11  0.2056E-11
CALSDV   47   14  0.1995E-11  0.1994E-11
CALSDV   48   14  0.2106E-11  0.2106E-11
CALSDV   49   14  0.2055E-11  0.2055E-11
CALSDV   50   14  0.2162E-11  0.2162E-11
CALSDV   51   14  0.2123E-11  0.2123E-11
CALSDV   52   14  0.2234E-11  0.2233E-11
CALSDV   53   14  0.2209E-11  0.2208E-11
CALSDV   54   14  0.2316E-11  0.2316E-11
CALSDV   55   14  0.2307E-11  0.2306E-11
CALSDV   56   14  0.2416E-11  0.2415E-11
CALSDV   57   14  0.2427E-11  0.2427E-11
CALSDV   58   14  0.2541E-11  0.2542E-11
CALSDV   59   14  0.2610E-11  0.2610E-11
CALSDV   60   14  0.2717E-11  0.2717E-11
CALSDV   15   15  0.6840E-11  0.6785E-11
CALSDV   16   15  0.7240E-11  0.7160E-11
CALSDV   17   15  0.4995E-11  0.4984E-11
CALSDV   18   15  0.3796E-11  0.3783E-11
CALSDV   19   15  0.4427E-11  0.4423E-11
CALSDV   20   15  0.2925E-11  0.2923E-11
CALSDV   21   15  0.3502E-11  0.3498E-11
CALSDV   22   15  0.2625E-11  0.2627E-11
CALSDV   23   15  0.2800E-11  0.2804E-11
CALSDV   24   15  0.2398E-11  0.2387E-11
CALSDV   25   15  0.2371E-11  0.2381E-11
CALSDV   26   15  0.2190E-11  0.2173E-11
CALSDV   27   15  0.2141E-11  0.2152E-11
CALSDV   28   15  0.2022E-11  0.2002E-11
CALSDV   29   15  0.2029E-11  0.2035E-11
CALSDV   30   15  0.1898E-11  0.1880E-11
CALSDV   31   15  0.1977E-11  0.1981E-11
CALSDV   32   15  0.1819E-11  0.1803E-11
CALSDV   33   15  0.1958E-11  0.1961E-11
CALSDV   34   15  0.1778E-11  0.1766E-11
CALSDV   35   15  0.1957E-11  0.1956E-11
CALSDV   36   15  0.1767E-11  0.1759E-11
CALSDV   37   15  0.1964E-11  0.1960E-11
CALSDV   38   15  0.1777E-11  0.1769E-11
CALSDV   39   15  0.1978E-11  0.1973E-11
CALSDV   40   15  0.1805E-11  0.1799E-11
CALSDV   41   15  0.2000E-11  0.1993E-11
CALSDV   42   15  0.1847E-11  0.1843E-11
CALSDV   43   15  0.2031E-11  0.2023E-11
CALSDV   44   15  0.1902E-11  0.1898E-11
CALSDV   45   15  0.2068E-11  0.2061E-11
CALSDV   46   15  0.1965E-11  0.1961E-11
CALSDV   47   15  0.2113E-11  0.2107E-11
CALSDV   48   15  0.2038E-11  0.2035E-11
CALSDV   49   15  0.2168E-11  0.2162E-11
CALSDV   50   15  0.2118E-11  0.2114E-11
CALSDV   51   15  0.2231E-11  0.2224E-11
CALSDV   52   15  0.2209E-11  0.2204E-11
CALSDV   53   15  0.2305E-11  0.2298E-11
CALSDV   54   15  0.2311E-11  0.2303E-11
CALSDV   55   15  0.2394E-11  0.2385E-11
CALSDV   56   15  0.2425E-11  0.2416E-11
CALSDV   57   15  0.2504E-11  0.2493E-11
CALSDV   58   15  0.2561E-11  0.2551E-11
CALSDV   59   15  0.2683E-11  0.2672E-11
CALSDV   60   15  0.2737E-11  0.2727E-11
CALSDV   16   16  0.5325E-11  0.5323E-11
CALSDV   17   16  0.7707E-11  0.7646E-11
CALSDV   18   16  0.5036E-11  0.5019E-11
CALSDV   19   16  0.4148E-11  0.4137E-11
CALSDV   20   16  0.4369E-11  0.4354E-11
CALSDV   21   16  0.3138E-11  0.3137E-11
CALSDV   22   16  0.3302E-11  0.3288E-11
CALSDV   23   16  0.2824E-11  0.2816E-11
CALSDV   24   16  0.2547E-11  0.2542E-11
CALSDV   25   16  0.2610E-11  0.2603E-11
CALSDV   26   16  0.2165E-11  0.2167E-11
CALSDV   27   16  0.2429E-11  0.2420E-11
CALSDV   28   16  0.2034E-11  0.2037E-11
CALSDV   29   16  0.2281E-11  0.2274E-11
CALSDV   30   16  0.2024E-11  0.2026E-11
CALSDV   31   16  0.2174E-11  0.2167E-11
CALSDV   32   16  0.2057E-11  0.2057E-11
CALSDV   33   16  0.2101E-11  0.2095E-11
CALSDV   34   16  0.2099E-11  0.2097E-11
CALSDV   35   16  0.2062E-11  0.2056E-11
CALSDV   36   16  0.2138E-11  0.2135E-11
CALSDV   37   16  0.2047E-11  0.2039E-11
CALSDV   38   16  0.2174E-11  0.2170E-11
CALSDV   39   16  0.2048E-11  0.2043E-11
CALSDV   40   16  0.2205E-11  0.2201E-11
CALSDV   41   16  0.2065E-11  0.2061E-11
CALSDV   42   16  0.2235E-11  0.2229E-11
CALSDV   43   16  0.2094E-11  0.2090E-11
CALSDV   44   16  0.2268E-11  0.2261E-11
CALSDV   45   16  0.2133E-11  0.2128E-11
CALSDV   46   16  0.2304E-11  0.2297E-11
CALSDV   47   16  0.2181E-11  0.2177E-11
CALSDV   48   16  0.2344E-11  0.2336E-11
CALSDV   49   16  0.2238E-11  0.2232E-11
CALSDV   50   16  0.2392E-11  0.2385E-11
CALSDV   51   16  0.2304E-11  0.2299E-11
CALSDV   52   16  0.2444E-11  0.2436E-11
CALSDV   53   16  0.2375E-11  0.2368E-11
CALSDV   54   16  0.2510E-11  0.2501E-11
CALSDV   55   16  0.2460E-11  0.2453E-11
CALSDV   56   16  0.2588E-11  0.2578E-11
CALSDV   57   16  0.2564E-11  0.2555E-11
CALSDV   58   16  0.2690E-11  0.2680E-11
CALSDV   59   16  0.2741E-11  0.2732E-11
CALSDV   60   16  0.2857E-11  0.2846E-11
CALSDV   17   17  0.5241E-11  0.5270E-11
CALSDV   18   17  0.6317E-11  0.6337E-11
CALSDV   19   17  0.4882E-11  0.4899E-11
CALSDV   20   17  0.3476E-11  0.3491E-11
CALSDV   21   17  0.4310E-11  0.4322E-11
CALSDV   22   17  0.3143E-11  0.3148E-11
CALSDV   23   17  0.3341E-11  0.3348E-11
CALSDV   24   17  0.2980E-11  0.2984E-11
CALSDV   25   17  0.2635E-11  0.2639E-11
CALSDV   26   17  0.2711E-11  0.2714E-11
CALSDV   27   17  0.2250E-11  0.2248E-11
CALSDV   28   17  0.2419E-11  0.2424E-11
CALSDV   29   17  0.2084E-11  0.2075E-11
CALSDV   30   17  0.2178E-11  0.2183E-11
CALSDV   31   17  0.2032E-11  0.2021E-11
CALSDV   32   17  0.2008E-11  0.2014E-11
CALSDV   33   17  0.2031E-11  0.2018E-11
CALSDV   34   17  0.1912E-11  0.1916E-11
CALSDV   35   17  0.2050E-11  0.2038E-11
CALSDV   36   17  0.1875E-11  0.1880E-11
CALSDV   37   17  0.2076E-11  0.2066E-11
CALSDV   38   17  0.1883E-11  0.1888E-11
CALSDV   39   17  0.2108E-11  0.2100E-11
CALSDV   40   17  0.1921E-11  0.1926E-11
CALSDV   41   17  0.2142E-11  0.2136E-11
CALSDV   42   17  0.1978E-11  0.1980E-11
CALSDV   43   17  0.2182E-11  0.2177E-11
CALSDV   44   17  0.2045E-11  0.2049E-11
CALSDV   45   17  0.2224E-11  0.2222E-11
CALSDV   46   17  0.2119E-11  0.2125E-11
CALSDV   47   17  0.2270E-11  0.2268E-11
CALSDV   48   17  0.2201E-11  0.2205E-11
CALSDV   49   17  0.2324E-11  0.2324E-11
CALSDV   50   17  0.2289E-11  0.2294E-11
CALSDV   51   17  0.2387E-11  0.2388E-11
CALSDV   52   17  0.2377E-11  0.2383E-11
CALSDV   53   17  0.2454E-11  0.2456E-11
CALSDV   54   17  0.2470E-11  0.2476E-11
CALSDV   55   17  0.2527E-11  0.2531E-11
CALSDV   56   17  0.2574E-11  0.2580E-11
CALSDV   57   17  0.2622E-11  0.2627E-11
CALSDV   58   17  0.2692E-11  0.2698E-11
CALSDV   59   17  0.2792E-11  0.2797E-11
CALSDV   60   17  0.2862E-11  0.2869E-11
CALSDV   18   18  0.5895E-11  0.5863E-11
CALSDV   19   18  0.6537E-11  0.6524E-11
CALSDV   20   18  0.5291E-11  0.5299E-11
CALSDV   21   18  0.3503E-11  0.3487E-11
CALSDV   22   18  0.4541E-11  0.4543E-11
CALSDV   23   18  0.3078E-11  0.3077E-11
CALSDV   24   18  0.3409E-11  0.3407E-11
CALSDV   25   18  0.2970E-11  0.2976E-11
CALSDV   26   18  0.2639E-11  0.2633E-11
CALSDV   27   18  0.2777E-11  0.2783E-11
CALSDV   28   18  0.2304E-11  0.2299E-11
CALSDV   29   18  0.2561E-11  0.2566E-11
CALSDV   30   18  0.2246E-11  0.2245E-11
CALSDV   31   18  0.2383E-11  0.2385E-11
CALSDV   32   18  0.2301E-11  0.2297E-11
CALSDV   33   18  0.2263E-11  0.2263E-11
CALSDV   34   18  0.2377E-11  0.2374E-11
CALSDV   35   18  0.2200E-11  0.2199E-11
CALSDV   36   18  0.2444E-11  0.2442E-11
CALSDV   37   18  0.2181E-11  0.2180E-11
CALSDV   38   18  0.2494E-11  0.2493E-11
CALSDV   39   18  0.2193E-11  0.2191E-11
CALSDV   40   18  0.2532E-11  0.2531E-11
CALSDV   41   18  0.2222E-11  0.2221E-11
CALSDV   42   18  0.2560E-11  0.2561E-11
CALSDV   43   18  0.2264E-11  0.2262E-11
CALSDV   44   18  0.2585E-11  0.2584E-11
CALSDV   45   18  0.2315E-11  0.2314E-11
CALSDV   46   18  0.2609E-11  0.2609E-11
CALSDV   47   18  0.2372E-11  0.2372E-11
CALSDV   48   18  0.2633E-11  0.2633E-11
CALSDV   49   18  0.2430E-11  0.2431E-11
CALSDV   50   18  0.2659E-11  0.2660E-11
CALSDV   51   18  0.2491E-11  0.2493E-11
CALSDV   52   18  0.2693E-11  0.2694E-11
CALSDV   53   18  0.2559E-11  0.2560E-11
CALSDV   54   18  0.2726E-11  0.2728E-11
CALSDV   55   18  0.2623E-11  0.2624E-11
CALSDV   56   18  0.2779E-11  0.2779E-11
CALSDV   57   18  0.2708E-11  0.2708E-11
CALSDV   58   18  0.2848E-11  0.2848E-11
CALSDV   59   18  0.2870E-11  0.2870E-11
CALSDV   60   18  0.2992E-11  0.2992E-11
CALSDV   19   19  0.4807E-11  0.4867E-11
CALSDV   20   19  0.6133E-11  0.6089E-11
CALSDV   21   19  0.4938E-11  0.4932E-11
CALSDV   22   19  0.3425E-11  0.3419E-11
CALSDV   23   19  0.4333E-11  0.4350E-11
CALSDV   24   19  0.3391E-11  0.3399E-11
CALSDV   25   19  0.3364E-11  0.3385E-11
CALSDV   26   19  0.3368E-11  0.3378E-11
CALSDV   27   19  0.2689E-11  0.2706E-11
CALSDV   28   19  0.3130E-11  0.3140E-11
CALSDV   29   19  0.2342E-11  0.2356E-11
CALSDV   30   19  0.2824E-11  0.2836E-11
CALSDV   31   19  0.2206E-11  0.2218E-11
CALSDV   32   19  0.2549E-11  0.2562E-11
CALSDV   33   19  0.2176E-11  0.2187E-11
CALSDV   34   19  0.2349E-11  0.2361E-11
CALSDV   35   19  0.2186E-11  0.2198E-11
CALSDV   36   19  0.2231E-11  0.2242E-11
CALSDV   37   19  0.2215E-11  0.2226E-11
CALSDV   38   19  0.2185E-11  0.2196E-11
CALSDV   39   19  0.2249E-11  0.2259E-11
CALSDV   40   19  0.2190E-11  0.2201E-11
CALSDV   41   19  0.2289E-11  0.2299E-11
CALSDV   42   19  0.2230E-11  0.2240E-11
CALSDV   43   19  0.2333E-11  0.2342E-11
CALSDV   44   19  0.2290E-11  0.2298E-11
CALSDV   45   19  0.2381E-11  0.2389E-11
CALSDV   46   19  0.2362E-11  0.2369E-11
CALSDV   47   19  0.2435E-11  0.2442E-11
CALSDV   48   19  0.2441E-11  0.2447E-11
CALSDV   49   19  0.2494E-11  0.2500E-11
CALSDV   50   19  0.2524E-11  0.2528E-11
CALSDV   51   19  0.2557E-11  0.2562E-11
CALSDV   52   19  0.2604E-11  0.2607E-11
CALSDV   53   19  0.2621E-11  0.2624E-11
CALSDV   54   19  0.2681E-11  0.2683E-11
CALSDV   55   19  0.2684E-11  0.2685E-11
CALSDV   56   19  0.2765E-11  0.2766E-11
CALSDV   57   19  0.2762E-11  0.2763E-11
CALSDV   58   19  0.2859E-11  0.2860E-11
CALSDV   59   19  0.2919E-11  0.2919E-11
CALSDV   60   19  0.3010E-11  0.3010E-11
CALSDV   20   20  0.5893E-11  0.5935E-11
CALSDV   21   20  0.6271E-11  0.6250E-11
CALSDV   22   20  0.5497E-11  0.5518E-11
CALSDV   23   20  0.3390E-11  0.3387E-11
CALSDV   24   20  0.4756E-11  0.4766E-11
CALSDV   25   20  0.3233E-11  0.3235E-11
CALSDV   26   20  0.3589E-11  0.3598E-11
CALSDV   27   20  0.3199E-11  0.3199E-11
CALSDV   28   20  0.2786E-11  0.2796E-11
CALSDV   29   20  0.2993E-11  0.2989E-11
CALSDV   30   20  0.2443E-11  0.2452E-11
CALSDV   31   20  0.2737E-11  0.2734E-11
CALSDV   32   20  0.2395E-11  0.2403E-11
CALSDV   33   20  0.2528E-11  0.2527E-11
CALSDV   34   20  0.2472E-11  0.2475E-11
CALSDV   35   20  0.2402E-11  0.2400E-11
CALSDV   36   20  0.2571E-11  0.2571E-11
CALSDV   37   20  0.2350E-11  0.2348E-11
CALSDV   38   20  0.2656E-11  0.2655E-11
CALSDV   39   20  0.2359E-11  0.2357E-11
CALSDV   40   20  0.2724E-11  0.2722E-11
CALSDV   41   20  0.2403E-11  0.2403E-11
CALSDV   42   20  0.2772E-11  0.2772E-11
CALSDV   43   20  0.2464E-11  0.2463E-11
CALSDV   44   20  0.2810E-11  0.2810E-11
CALSDV   45   20  0.2528E-11  0.2530E-11
CALSDV   46   20  0.2838E-11  0.2838E-11
CALSDV   47   20  0.2595E-11  0.2596E-11
CALSDV   48   20  0.2862E-11  0.2862E-11
CALSDV   49   20  0.2660E-11  0.2660E-11
CALSDV   50   20  0.2886E-11  0.2886E-11
CALSDV   51   20  0.2721E-11  0.2720E-11
CALSDV   52   20  0.2912E-11  0.2912E-11
CALSDV   53   20  0.2777E-11  0.2777E-11
CALSDV   54   20  0.2941E-11  0.2941E-11
CALSDV   55   20  0.2831E-11  0.2831E-11
CALSDV   56   20  0.2963E-11  0.2964E-11
CALSDV   57   20  0.2879E-11  0.2878E-11
CALSDV   58   20  0.3011E-11  0.3010E-11
CALSDV   59   20  0.3019E-11  0.3019E-11
CALSDV   60   20  0.3126E-11  0.3126E-11
CALSDV   21   21  0.4809E-11  0.4781E-11
CALSDV   22   21  0.6067E-11  0.6061E-11
CALSDV   23   21  0.5037E-11  0.5029E-11
CALSDV   24   21  0.3311E-11  0.3309E-11
CALSDV   25   21  0.4382E-11  0.4387E-11
CALSDV   26   21  0.3512E-11  0.3514E-11
CALSDV   27   21  0.3423E-11  0.3430E-11
CALSDV   28   21  0.3620E-11  0.3628E-11
CALSDV   29   21  0.2814E-11  0.2814E-11
CALSDV   30   21  0.3435E-11  0.3442E-11
CALSDV   31   21  0.2538E-11  0.2532E-11
CALSDV   32   21  0.3142E-11  0.3150E-11
CALSDV   33   21  0.2446E-11  0.2435E-11
CALSDV   34   21  0.2869E-11  0.2874E-11
CALSDV   35   21  0.2433E-11  0.2422E-11
CALSDV   36   21  0.2671E-11  0.2674E-11
CALSDV   37   21  0.2450E-11  0.2438E-11
CALSDV   38   21  0.2557E-11  0.2558E-11
CALSDV   39   21  0.2476E-11  0.2466E-11
CALSDV   40   21  0.2517E-11  0.2518E-11
CALSDV   41   21  0.2508E-11  0.2501E-11
CALSDV   42   21  0.2533E-11  0.2533E-11
CALSDV   43   21  0.2547E-11  0.2543E-11
CALSDV   44   21  0.2581E-11  0.2581E-11
CALSDV   45   21  0.2592E-11  0.2590E-11
CALSDV   46   21  0.2648E-11  0.2646E-11
CALSDV   47   21  0.2643E-11  0.2642E-11
CALSDV   48   21  0.2718E-11  0.2719E-11
CALSDV   49   21  0.2697E-11  0.2698E-11
CALSDV   50   21  0.2792E-11  0.2792E-11
CALSDV   51   21  0.2754E-11  0.2756E-11
CALSDV   52   21  0.2862E-11  0.2861E-11
CALSDV   53   21  0.2813E-11  0.2813E-11
CALSDV   54   21  0.2927E-11  0.2926E-11
CALSDV   55   21  0.2870E-11  0.2867E-11
CALSDV   56   21  0.2988E-11  0.2984E-11
CALSDV   57   21  0.2932E-11  0.2930E-11
CALSDV   58   21  0.3046E-11  0.3042E-11
CALSDV   59   21  0.3059E-11  0.3055E-11
CALSDV   60   21  0.3167E-11  0.3161E-11
CALSDV   22   22  0.5341E-11  0.5373E-11
CALSDV   23   22  0.6175E-11  0.6150E-11
CALSDV   24   22  0.5555E-11  0.5557E-11
CALSDV   25   22  0.3338E-11  0.3336E-11
CALSDV   26   22  0.4861E-11  0.4861E-11
CALSDV   27   22  0.3414E-11  0.3409E-11
CALSDV   28   22  0.3708E-11  0.3703E-11
CALSDV   29   22  0.3442E-11  0.3427E-11
CALSDV   30   22  0.2926E-11  0.2921E-11
CALSDV   31   22  0.3208E-11  0.3188E-11
CALSDV   32   22  0.2605E-11  0.2596E-11
CALSDV   33   22  0.2907E-11  0.2880E-11
CALSDV   34   22  0.2566E-11  0.2553E-11
CALSDV   35   22  0.2663E-11  0.2637E-11
CALSDV   36   22  0.2640E-11  0.2631E-11
CALSDV   37   22  0.2527E-11  0.2506E-11
CALSDV   38   22  0.2741E-11  0.2732E-11
CALSDV   39   22  0.2495E-11  0.2474E-11
CALSDV   40   22  0.2832E-11  0.2825E-11
CALSDV   41   22  0.2535E-11  0.2517E-11
CALSDV   42   22  0.2908E-11  0.2901E-11
CALSDV   43   22  0.2616E-11  0.2600E-11
CALSDV   44   22  0.2969E-11  0.2962E-11
CALSDV   45   22  0.2712E-11  0.2698E-11
CALSDV   46   22  0.3018E-11  0.3014E-11
CALSDV   47   22  0.2804E-11  0.2795E-11
CALSDV   48   22  0.3058E-11  0.3054E-11
CALSDV   49   22  0.2889E-11  0.2880E-11
CALSDV   50   22  0.3091E-11  0.3088E-11
CALSDV   51   22  0.2961E-11  0.2953E-11
CALSDV   52   22  0.3120E-11  0.3118E-11
CALSDV   53   22  0.3016E-11  0.3009E-11
CALSDV   54   22  0.3144E-11  0.3142E-11
CALSDV   55   22  0.3055E-11  0.3049E-11
CALSDV   56   22  0.3165E-11  0.3163E-11
CALSDV   57   22  0.3093E-11  0.3085E-11
CALSDV   58   22  0.3176E-11  0.3172E-11
CALSDV   59   22  0.3174E-11  0.3169E-11
CALSDV   60   22  0.3266E-11  0.3268E-11
CALSDV   23   23  0.4759E-11  0.4819E-11
CALSDV   24   23  0.6161E-11  0.6129E-11
CALSDV   25   23  0.5151E-11  0.5149E-11
CALSDV   26   23  0.3277E-11  0.3229E-11
CALSDV   27   23  0.4447E-11  0.4431E-11
CALSDV   28   23  0.3610E-11  0.3591E-11
CALSDV   29   23  0.3486E-11  0.3472E-11
CALSDV   30   23  0.3792E-11  0.3790E-11
CALSDV   31   23  0.2940E-11  0.2930E-11
CALSDV   32   23  0.3627E-11  0.3629E-11
CALSDV   33   23  0.2741E-11  0.2736E-11
CALSDV   34   23  0.3333E-11  0.3340E-11
CALSDV   35   23  0.2696E-11  0.2693E-11
CALSDV   36   23  0.3058E-11  0.3074E-11
CALSDV   37   23  0.2702E-11  0.2698E-11
CALSDV   38   23  0.2869E-11  0.2891E-11
CALSDV   39   23  0.2720E-11  0.2716E-11
CALSDV   40   23  0.2778E-11  0.2804E-11
CALSDV   41   23  0.2746E-11  0.2739E-11
CALSDV   42   23  0.2768E-11  0.2793E-11
CALSDV   43   23  0.2779E-11  0.2769E-11
CALSDV   44   23  0.2812E-11  0.2834E-11
CALSDV   45   23  0.2821E-11  0.2807E-11
CALSDV   46   23  0.2883E-11  0.2900E-11
CALSDV   47   23  0.2872E-11  0.2854E-11
CALSDV   48   23  0.2969E-11  0.2978E-11
CALSDV   49   23  0.2929E-11  0.2905E-11
CALSDV   50   23  0.3053E-11  0.3054E-11
CALSDV   51   23  0.2988E-11  0.2959E-11
CALSDV   52   23  0.3127E-11  0.3121E-11
CALSDV   53   23  0.3045E-11  0.3014E-11
CALSDV   54   23  0.3191E-11  0.3177E-11
CALSDV   55   23  0.3094E-11  0.3060E-11
CALSDV   56   23  0.3240E-11  0.3220E-11
CALSDV   57   23  0.3142E-11  0.3104E-11
CALSDV   58   23  0.3287E-11  0.3255E-11
CALSDV   59   23  0.3244E-11  0.3205E-11
CALSDV   60   23  0.3323E-11  0.3351E-11
CALSDV   24   24  0.5236E-11  0.5135E-11
CALSDV   25   24  0.6230E-11  0.6280E-11
CALSDV   26   24  0.5665E-11  0.5634E-11
CALSDV   27   24  0.3410E-11  0.3423E-11
CALSDV   28   24  0.4948E-11  0.4933E-11
CALSDV   29   24  0.3655E-11  0.3662E-11
CALSDV   30   24  0.3816E-11  0.3797E-11
CALSDV   31   24  0.3712E-11  0.3716E-11
CALSDV   32   24  0.3086E-11  0.3079E-11
CALSDV   33   24  0.3434E-11  0.3441E-11
CALSDV   34   24  0.2815E-11  0.2803E-11
CALSDV   35   24  0.3076E-11  0.3079E-11
CALSDV   36   24  0.2791E-11  0.2777E-11
CALSDV   37   24  0.2800E-11  0.2800E-11
CALSDV   38   24  0.2860E-11  0.2841E-11
CALSDV   39   24  0.2661E-11  0.2664E-11
CALSDV   40   24  0.2945E-11  0.2928E-11
CALSDV   41   24  0.2656E-11  0.2655E-11
CALSDV   42   24  0.3027E-11  0.3010E-11
CALSDV   43   24  0.2737E-11  0.2734E-11
CALSDV   44   24  0.3101E-11  0.3085E-11
CALSDV   45   24  0.2857E-11  0.2854E-11
CALSDV   46   24  0.3166E-11  0.3153E-11
CALSDV   47   24  0.2980E-11  0.2979E-11
CALSDV   48   24  0.3223E-11  0.3213E-11
CALSDV   49   24  0.3094E-11  0.3093E-11
CALSDV   50   24  0.3272E-11  0.3266E-11
CALSDV   51   24  0.3184E-11  0.3184E-11
CALSDV   52   24  0.3313E-11  0.3309E-11
CALSDV   53   24  0.3247E-11  0.3247E-11
CALSDV   54   24  0.3345E-11  0.3344E-11
CALSDV   55   24  0.3279E-11  0.3281E-11
CALSDV   56   24  0.3364E-11  0.3364E-11
CALSDV   57   24  0.3291E-11  0.3295E-11
CALSDV   58   24  0.3378E-11  0.3381E-11
CALSDV   59   24  0.3356E-11  0.3358E-11
CALSDV   60   24  0.3431E-11  0.3427E-11
CALSDV   25   25  0.4865E-11  0.4858E-11
CALSDV   26   25  0.6373E-11  0.6372E-11
CALSDV   27   25  0.5419E-11  0.5466E-11
CALSDV   28   25  0.3369E-11  0.3366E-11
CALSDV   29   25  0.4619E-11  0.4647E-11
CALSDV   30   25  0.3772E-11  0.3772E-11
CALSDV   31   25  0.3590E-11  0.3604E-11
CALSDV   32   25  0.3980E-11  0.3982E-11
CALSDV   33   25  0.3088E-11  0.3092E-11
CALSDV   34   25  0.3806E-11  0.3808E-11
CALSDV   35   25  0.2996E-11  0.2995E-11
CALSDV   36   25  0.3508E-11  0.3510E-11
CALSDV   37   25  0.3046E-11  0.3043E-11
CALSDV   38   25  0.3255E-11  0.3254E-11
CALSDV   39   25  0.3110E-11  0.3110E-11
CALSDV   40   25  0.3109E-11  0.3107E-11
CALSDV   41   25  0.3157E-11  0.3160E-11
CALSDV   42   25  0.3072E-11  0.3069E-11
CALSDV   43   25  0.3191E-11  0.3196E-11
CALSDV   44   25  0.3110E-11  0.3105E-11
CALSDV   45   25  0.3221E-11  0.3227E-11
CALSDV   46   25  0.3190E-11  0.3184E-11
CALSDV   47   25  0.3251E-11  0.3257E-11
CALSDV   48   25  0.3281E-11  0.3277E-11
CALSDV   49   25  0.3282E-11  0.3289E-11
CALSDV   50   25  0.3366E-11  0.3363E-11
CALSDV   51   25  0.3310E-11  0.3317E-11
CALSDV   52   25  0.3436E-11  0.3432E-11
CALSDV   53   25  0.3334E-11  0.3341E-11
CALSDV   54   25  0.3482E-11  0.3480E-11
CALSDV   55   25  0.3347E-11  0.3352E-11
CALSDV   56   25  0.3502E-11  0.3501E-11
CALSDV   57   25  0.3349E-11  0.3353E-11
CALSDV   58   25  0.3503E-11  0.3500E-11
CALSDV   59   25  0.3399E-11  0.3402E-11
CALSDV   60   25  0.3532E-11  0.3531E-11
CALSDV   26   26  0.5170E-11  0.5145E-11
CALSDV   27   26  0.6499E-11  0.6474E-11
CALSDV   28   26  0.5791E-11  0.5777E-11
CALSDV   29   26  0.3657E-11  0.3626E-11
CALSDV   30   26  0.5039E-11  0.5033E-11
CALSDV   31   26  0.4013E-11  0.3993E-11
CALSDV   32   26  0.3925E-11  0.3923E-11
CALSDV   33   26  0.4075E-11  0.4064E-11
CALSDV   34   26  0.3273E-11  0.3270E-11
CALSDV   35   26  0.3751E-11  0.3747E-11
CALSDV   36   26  0.3061E-11  0.3054E-11
CALSDV   37   26  0.3332E-11  0.3337E-11
CALSDV   38   26  0.3051E-11  0.3044E-11
CALSDV   39   26  0.3020E-11  0.3026E-11
CALSDV   40   26  0.3106E-11  0.3097E-11
CALSDV   41   26  0.2881E-11  0.2886E-11
CALSDV   42   26  0.3172E-11  0.3165E-11
CALSDV   43   26  0.2898E-11  0.2904E-11
CALSDV   44   26  0.3239E-11  0.3234E-11
CALSDV   45   26  0.3009E-11  0.3015E-11
CALSDV   46   26  0.3306E-11  0.3301E-11
CALSDV   47   26  0.3158E-11  0.3159E-11
CALSDV   48   26  0.3374E-11  0.3369E-11
CALSDV   49   26  0.3300E-11  0.3300E-11
CALSDV   50   26  0.3438E-11  0.3434E-11
CALSDV   51   26  0.3415E-11  0.3412E-11
CALSDV   52   26  0.3497E-11  0.3492E-11
CALSDV   53   26  0.3487E-11  0.3481E-11
CALSDV   54   26  0.3538E-11  0.3533E-11
CALSDV   55   26  0.3518E-11  0.3512E-11
CALSDV   56   26  0.3561E-11  0.3556E-11
CALSDV   57   26  0.3508E-11  0.3501E-11
CALSDV   58   26  0.3563E-11  0.3558E-11
CALSDV   59   26  0.3525E-11  0.3518E-11
CALSDV   60   26  0.3587E-11  0.3580E-11
CALSDV   27   27  0.4799E-11  0.4790E-11
CALSDV   28   27  0.6655E-11  0.6618E-11
CALSDV   29   27  0.5865E-11  0.5872E-11
CALSDV   30   27  0.3588E-11  0.3570E-11
CALSDV   31   27  0.4968E-11  0.4957E-11
CALSDV   32   27  0.4013E-11  0.4016E-11
CALSDV   33   27  0.3797E-11  0.3784E-11
CALSDV   34   27  0.4188E-11  0.4189E-11
CALSDV   35   27  0.3264E-11  0.3253E-11
CALSDV   36   27  0.3953E-11  0.3955E-11
CALSDV   37   27  0.3243E-11  0.3237E-11
CALSDV   38   27  0.3611E-11  0.3612E-11
CALSDV   39   27  0.3384E-11  0.3380E-11
CALSDV   40   27  0.3350E-11  0.3351E-11
CALSDV   41   27  0.3520E-11  0.3518E-11
CALSDV   42   27  0.3240E-11  0.3237E-11
CALSDV   43   27  0.3615E-11  0.3614E-11
CALSDV   44   27  0.3259E-11  0.3257E-11
CALSDV   45   27  0.3674E-11  0.3674E-11
CALSDV   46   27  0.3356E-11  0.3353E-11
CALSDV   47   27  0.3707E-11  0.3708E-11
CALSDV   48   27  0.3482E-11  0.3479E-11
CALSDV   49   27  0.3722E-11  0.3726E-11
CALSDV   50   27  0.3601E-11  0.3597E-11
CALSDV   51   27  0.3723E-11  0.3726E-11
CALSDV   52   27  0.3694E-11  0.3690E-11
CALSDV   53   27  0.3711E-11  0.3715E-11
CALSDV   54   27  0.3752E-11  0.3748E-11
CALSDV   55   27  0.3674E-11  0.3675E-11
CALSDV   56   27  0.3761E-11  0.3757E-11
CALSDV   57   27  0.3620E-11  0.3620E-11
CALSDV   58   27  0.3733E-11  0.3731E-11
CALSDV   59   27  0.3598E-11  0.3599E-11
CALSDV   60   27  0.3713E-11  0.3709E-11
CALSDV   28   28  0.5135E-11  0.5113E-11
CALSDV   29   28  0.6673E-11  0.6720E-11
CALSDV   30   28  0.5956E-11  0.5971E-11
CALSDV   31   28  0.3772E-11  0.3823E-11
CALSDV   32   28  0.5147E-11  0.5148E-11
CALSDV   33   28  0.4270E-11  0.4306E-11
CALSDV   34   28  0.4055E-11  0.4047E-11
CALSDV   35   28  0.4367E-11  0.4386E-11
CALSDV   36   28  0.3483E-11  0.3476E-11
CALSDV   37   28  0.4024E-11  0.4028E-11
CALSDV   38   28  0.3327E-11  0.3326E-11
CALSDV   39   28  0.3578E-11  0.3576E-11
CALSDV   40   28  0.3329E-11  0.3332E-11
CALSDV   41   28  0.3256E-11  0.3252E-11
CALSDV   42   28  0.3367E-11  0.3373E-11
CALSDV   43   28  0.3138E-11  0.3131E-11
CALSDV   44   28  0.3414E-11  0.3417E-11
CALSDV   45   28  0.3190E-11  0.3184E-11
CALSDV   46   28  0.3470E-11  0.3472E-11
CALSDV   47   28  0.3335E-11  0.3329E-11
CALSDV   48   28  0.3537E-11  0.3535E-11
CALSDV   49   28  0.3501E-11  0.3495E-11
CALSDV   50   28  0.3607E-11  0.3604E-11
CALSDV   51   28  0.3640E-11  0.3637E-11
CALSDV   52   28  0.3677E-11  0.3675E-11
CALSDV   53   28  0.3731E-11  0.3730E-11
CALSDV   54   28  0.3733E-11  0.3732E-11
CALSDV   55   28  0.3758E-11  0.3759E-11
CALSDV   56   28  0.3760E-11  0.3760E-11
CALSDV   57   28  0.3725E-11  0.3729E-11
CALSDV   58   28  0.3751E-11  0.3753E-11
CALSDV   59   28  0.3692E-11  0.3699E-11
CALSDV   60   28  0.3737E-11  0.3745E-11
CALSDV   29   29  0.4584E-11  0.4618E-11
CALSDV   30   29  0.7045E-11  0.6990E-11
CALSDV   31   29  0.6224E-11  0.6223E-11
CALSDV   32   29  0.4002E-11  0.3964E-11
CALSDV   33   29  0.5284E-11  0.5280E-11
CALSDV   34   29  0.4415E-11  0.4386E-11
CALSDV   35   29  0.4049E-11  0.4039E-11
CALSDV   36   29  0.4512E-11  0.4491E-11
CALSDV   37   29  0.3475E-11  0.3463E-11
CALSDV   38   29  0.4206E-11  0.4192E-11
CALSDV   39   29  0.3437E-11  0.3424E-11
CALSDV   40   29  0.3834E-11  0.3826E-11
CALSDV   41   29  0.3570E-11  0.3559E-11
CALSDV   42   29  0.3603E-11  0.3597E-11
CALSDV   43   29  0.3703E-11  0.3697E-11
CALSDV   44   29  0.3561E-11  0.3557E-11
CALSDV   45   29  0.3802E-11  0.3800E-11
CALSDV   46   29  0.3656E-11  0.3650E-11
CALSDV   47   29  0.3871E-11  0.3871E-11
CALSDV   48   29  0.3812E-11  0.3802E-11
CALSDV   49   29  0.3919E-11  0.3917E-11
CALSDV   50   29  0.3963E-11  0.3950E-11
CALSDV   51   29  0.3945E-11  0.3940E-11
CALSDV   52   29  0.4075E-11  0.4062E-11
CALSDV   53   29  0.3946E-11  0.3941E-11
CALSDV   54   29  0.4129E-11  0.4117E-11
CALSDV   55   29  0.3913E-11  0.3908E-11
CALSDV   56   29  0.4113E-11  0.4103E-11
CALSDV   57   29  0.3837E-11  0.3831E-11
CALSDV   58   29  0.4031E-11  0.4020E-11
CALSDV   59   29  0.3775E-11  0.3764E-11
CALSDV   60   29  0.3938E-11  0.3923E-11
CALSDV   30   30  0.5459E-11  0.5471E-11
CALSDV   31   30  0.7100E-11  0.7148E-11
CALSDV   32   30  0.6293E-11  0.6296E-11
CALSDV   33   30  0.4024E-11  0.4009E-11
CALSDV   34   30  0.5378E-11  0.5377E-11
CALSDV   35   30  0.4500E-11  0.4507E-11
CALSDV   36   30  0.4295E-11  0.4311E-11
CALSDV   37   30  0.4577E-11  0.4606E-11
CALSDV   38   30  0.3832E-11  0.3845E-11
CALSDV   39   30  0.4214E-11  0.4248E-11
CALSDV   40   30  0.3763E-11  0.3770E-11
CALSDV   41   30  0.3782E-11  0.3811E-11
CALSDV   42   30  0.3796E-11  0.3796E-11
CALSDV   43   30  0.3511E-11  0.3533E-11
CALSDV   44   30  0.3830E-11  0.3822E-11
CALSDV   45   30  0.3461E-11  0.3480E-11
CALSDV   46   30  0.3854E-11  0.3841E-11
CALSDV   47   30  0.3568E-11  0.3584E-11
CALSDV   48   30  0.3883E-11  0.3871E-11
CALSDV   49   30  0.3741E-11  0.3756E-11
CALSDV   50   30  0.3922E-11  0.3915E-11
CALSDV   51   30  0.3904E-11  0.3917E-11
CALSDV   52   30  0.3970E-11  0.3970E-11
CALSDV   53   30  0.4011E-11  0.4027E-11
CALSDV   54   30  0.4010E-11  0.4017E-11
CALSDV   55   30  0.4039E-11  0.4056E-11
CALSDV   56   30  0.4020E-11  0.4033E-11
CALSDV   57   30  0.3984E-11  0.4003E-11
CALSDV   58   30  0.3990E-11  0.4006E-11
CALSDV   59   30  0.3881E-11  0.3901E-11
CALSDV   60   30  0.3916E-11  0.3937E-11
CALSDV   31   31  0.5000E-11  0.4848E-11
CALSDV   32   31  0.7451E-11  0.7431E-11
CALSDV   33   31  0.6446E-11  0.6488E-11
CALSDV   34   31  0.4455E-11  0.4453E-11
CALSDV   35   31  0.5580E-11  0.5606E-11
CALSDV   36   31  0.4861E-11  0.4896E-11
CALSDV   37   31  0.4396E-11  0.4397E-11
CALSDV   38   31  0.4874E-11  0.4905E-11
CALSDV   39   31  0.3803E-11  0.3793E-11
CALSDV   40   31  0.4475E-11  0.4489E-11
CALSDV   41   31  0.3674E-11  0.3661E-11
CALSDV   42   31  0.4058E-11  0.4055E-11
CALSDV   43   31  0.3704E-11  0.3698E-11
CALSDV   44   31  0.3845E-11  0.3834E-11
CALSDV   45   31  0.3761E-11  0.3766E-11
CALSDV   46   31  0.3869E-11  0.3851E-11
CALSDV   47   31  0.3824E-11  0.3838E-11
CALSDV   48   31  0.4029E-11  0.4015E-11
CALSDV   49   31  0.3893E-11  0.3914E-11
CALSDV   50   31  0.4223E-11  0.4214E-11
CALSDV   51   31  0.3961E-11  0.3988E-11
CALSDV   52   31  0.4382E-11  0.4378E-11
CALSDV   53   31  0.4018E-11  0.4045E-11
CALSDV   54   31  0.4462E-11  0.4465E-11
CALSDV   55   31  0.4036E-11  0.4061E-11
CALSDV   56   31  0.4445E-11  0.4453E-11
CALSDV   57   31  0.3998E-11  0.4020E-11
CALSDV   58   31  0.4332E-11  0.4344E-11
CALSDV   59   31  0.3914E-11  0.3932E-11
CALSDV   60   31  0.4155E-11  0.4166E-11
CALSDV   32   32  0.4984E-11  0.4986E-11
CALSDV   33   32  0.7175E-11  0.7169E-11
CALSDV   34   32  0.6531E-11  0.6539E-11
CALSDV   35   32  0.4190E-11  0.4168E-11
CALSDV   36   32  0.5512E-11  0.5505E-11
CALSDV   37   32  0.4872E-11  0.4863E-11
CALSDV   38   32  0.4376E-11  0.4371E-11
CALSDV   39   32  0.4932E-11  0.4940E-11
CALSDV   40   32  0.3947E-11  0.3937E-11
CALSDV   41   32  0.4482E-11  0.4501E-11
CALSDV   42   32  0.3928E-11  0.3924E-11
CALSDV   43   32  0.3978E-11  0.4004E-11
CALSDV   44   32  0.3988E-11  0.3995E-11
CALSDV   45   32  0.3689E-11  0.3718E-11
CALSDV   46   32  0.4034E-11  0.4049E-11
CALSDV   47   32  0.3670E-11  0.3698E-11
CALSDV   48   32  0.4074E-11  0.4086E-11
CALSDV   49   32  0.3829E-11  0.3844E-11
CALSDV   50   32  0.4119E-11  0.4132E-11
CALSDV   51   32  0.4031E-11  0.4043E-11
CALSDV   52   32  0.4180E-11  0.4190E-11
CALSDV   53   32  0.4196E-11  0.4203E-11
CALSDV   54   32  0.4236E-11  0.4244E-11
CALSDV   55   32  0.4266E-11  0.4271E-11
CALSDV   56   32  0.4258E-11  0.4267E-11
CALSDV   57   32  0.4220E-11  0.4225E-11
CALSDV   58   32  0.4223E-11  0.4228E-11
CALSDV   59   32  0.4084E-11  0.4087E-11
CALSDV   60   32  0.4116E-11  0.4119E-11
CALSDV   33   33  0.5210E-11  0.5206E-11
CALSDV   34   33  0.7356E-11  0.7320E-11
CALSDV   35   33  0.7012E-11  0.7006E-11
CALSDV   36   33  0.4279E-11  0.4274E-11
CALSDV   37   33  0.5856E-11  0.5854E-11
CALSDV   38   33  0.4968E-11  0.4989E-11
CALSDV   39   33  0.4455E-11  0.4462E-11
CALSDV   40   33  0.5019E-11  0.5040E-11
CALSDV   41   33  0.3930E-11  0.3943E-11
CALSDV   42   33  0.4558E-11  0.4570E-11
CALSDV   43   33  0.4048E-11  0.4059E-11
CALSDV   44   33  0.4077E-11  0.4082E-11
CALSDV   45   33  0.4321E-11  0.4327E-11
CALSDV   46   33  0.3852E-11  0.3850E-11
CALSDV   47   33  0.4541E-11  0.4544E-11
CALSDV   48   33  0.3905E-11  0.3902E-11
CALSDV   49   33  0.4676E-11  0.4676E-11
CALSDV   50   33  0.4116E-11  0.4113E-11
CALSDV   51   33  0.4729E-11  0.4732E-11
CALSDV   52   33  0.4351E-11  0.4350E-11
CALSDV   53   33  0.4716E-11  0.4721E-11
CALSDV   54   33  0.4523E-11  0.4527E-11
CALSDV   55   33  0.4629E-11  0.4634E-11
CALSDV   56   33  0.4583E-11  0.4588E-11
CALSDV   57   33  0.4459E-11  0.4466E-11
CALSDV   58   33  0.4511E-11  0.4519E-11
CALSDV   59   33  0.4222E-11  0.4230E-11
CALSDV   60   33  0.4319E-11  0.4326E-11
CALSDV   34   34  0.4848E-11  0.4874E-11
CALSDV   35   34  0.7310E-11  0.7307E-11
CALSDV   36   34  0.6838E-11  0.6844E-11
CALSDV   37   34  0.4377E-11  0.4362E-11
CALSDV   38   34  0.5711E-11  0.5712E-11
CALSDV   39   34  0.5253E-11  0.5227E-11
CALSDV   40   34  0.4539E-11  0.4531E-11
CALSDV   41   34  0.5339E-11  0.5304E-11
CALSDV   42   34  0.4136E-11  0.4129E-11
CALSDV   43   34  0.4876E-11  0.4842E-11
CALSDV   44   34  0.4145E-11  0.4135E-11
CALSDV   45   34  0.4390E-11  0.4361E-11
CALSDV   46   34  0.4214E-11  0.4205E-11
CALSDV   47   34  0.4152E-11  0.4132E-11
CALSDV   48   34  0.4264E-11  0.4253E-11
CALSDV   49   34  0.4179E-11  0.4165E-11
CALSDV   50   34  0.4310E-11  0.4298E-11
CALSDV   51   34  0.4337E-11  0.4332E-11
CALSDV   52   34  0.4373E-11  0.4364E-11
CALSDV   53   34  0.4501E-11  0.4499E-11
CALSDV   54   34  0.4443E-11  0.4434E-11
CALSDV   55   34  0.4574E-11  0.4575E-11
CALSDV   56   34  0.4483E-11  0.4477E-11
CALSDV   57   34  0.4511E-11  0.4510E-11
CALSDV   58   34  0.4450E-11  0.4446E-11
CALSDV   59   34  0.4308E-11  0.4306E-11
CALSDV   60   34  0.4307E-11  0.4303E-11
CALSDV   35   35  0.5270E-11  0.5251E-11
CALSDV   36   35  0.7577E-11  0.7554E-11
CALSDV   37   35  0.7522E-11  0.7518E-11
CALSDV   38   35  0.4497E-11  0.4496E-11
CALSDV   39   35  0.6252E-11  0.6249E-11
CALSDV   40   35  0.5321E-11  0.5308E-11
CALSDV   41   35  0.4746E-11  0.4741E-11
CALSDV   42   35  0.5331E-11  0.5321E-11
CALSDV   43   35  0.4200E-11  0.4193E-11
CALSDV   44   35  0.4814E-11  0.4800E-11
CALSDV   45   35  0.4341E-11  0.4338E-11
CALSDV   46   35  0.4346E-11  0.4331E-11
CALSDV   47   35  0.4639E-11  0.4641E-11
CALSDV   48   35  0.4202E-11  0.4186E-11
CALSDV   49   35  0.4871E-11  0.4876E-11
CALSDV   50   35  0.4343E-11  0.4332E-11
CALSDV   51   35  0.4999E-11  0.5006E-11
CALSDV   52   35  0.4602E-11  0.4592E-11
CALSDV   53   35  0.5028E-11  0.5034E-11
CALSDV   54   35  0.4818E-11  0.4812E-11
CALSDV   55   35  0.4951E-11  0.4958E-11
CALSDV   56   35  0.4908E-11  0.4903E-11
CALSDV   57   35  0.4762E-11  0.4764E-11
CALSDV   58   35  0.4827E-11  0.4822E-11
CALSDV   59   35  0.4454E-11  0.4453E-11
CALSDV   60   35  0.4564E-11  0.4558E-11
CALSDV   36   36  0.5188E-11  0.5208E-11
CALSDV   37   36  0.7541E-11  0.7536E-11
CALSDV   38   36  0.7258E-11  0.7258E-11
CALSDV   39   36  0.4602E-11  0.4606E-11
CALSDV   40   36  0.5989E-11  0.5995E-11
CALSDV   41   36  0.5609E-11  0.5592E-11
CALSDV   42   36  0.4770E-11  0.4778E-11
CALSDV   43   36  0.5705E-11  0.5673E-11
CALSDV   44   36  0.4424E-11  0.4423E-11
CALSDV   45   36  0.5253E-11  0.5222E-11
CALSDV   46   36  0.4491E-11  0.4484E-11
CALSDV   47   36  0.4837E-11  0.4808E-11
CALSDV   48   36  0.4594E-11  0.4584E-11
CALSDV   49   36  0.4694E-11  0.4670E-11
CALSDV   50   36  0.4661E-11  0.4650E-11
CALSDV   51   36  0.4772E-11  0.4746E-11
CALSDV   52   36  0.4715E-11  0.4706E-11
CALSDV   53   36  0.4907E-11  0.4892E-11
CALSDV   54   36  0.4767E-11  0.4763E-11
CALSDV   55   36  0.4964E-11  0.4954E-11
CALSDV   56   36  0.4792E-11  0.4786E-11
CALSDV   57   36  0.4863E-11  0.4856E-11
CALSDV   58   36  0.4736E-11  0.4729E-11
CALSDV   59   36  0.4568E-11  0.4564E-11
CALSDV   60   36  0.4530E-11  0.4523E-11
CALSDV   37   37  0.5092E-11  0.5062E-11
CALSDV   38   37  0.7812E-11  0.7833E-11
CALSDV   39   37  0.7970E-11  0.7966E-11
CALSDV   40   37  0.4779E-11  0.4798E-11
CALSDV   41   37  0.6577E-11  0.6583E-11
CALSDV   42   37  0.5673E-11  0.5695E-11
CALSDV   43   37  0.4986E-11  0.4992E-11
CALSDV   44   37  0.5612E-11  0.5617E-11
CALSDV   45   37  0.4434E-11  0.4446E-11
CALSDV   46   37  0.5020E-11  0.5022E-11
CALSDV   47   37  0.4590E-11  0.4607E-11
CALSDV   48   37  0.4564E-11  0.4566E-11
CALSDV   49   37  0.4896E-11  0.4909E-11
CALSDV   50   37  0.4506E-11  0.4510E-11
CALSDV   51   37  0.5123E-11  0.5131E-11
CALSDV   52   37  0.4737E-11  0.4740E-11
CALSDV   53   37  0.5231E-11  0.5235E-11
CALSDV   54   37  0.5011E-11  0.5021E-11
CALSDV   55   37  0.5202E-11  0.5210E-11
CALSDV   56   37  0.5165E-11  0.5173E-11
CALSDV   57   37  0.5023E-11  0.5033E-11
CALSDV   58   37  0.5107E-11  0.5116E-11
CALSDV   59   37  0.4666E-11  0.4676E-11
CALSDV   60   37  0.4794E-11  0.4803E-11
CALSDV   38   38  0.5334E-11  0.5527E-11
CALSDV   39   38  0.7827E-11  0.7776E-11
CALSDV   40   38  0.7676E-11  0.7720E-11
CALSDV   41   38  0.4898E-11  0.4882E-11
CALSDV   42   38  0.6268E-11  0.6308E-11
CALSDV   43   38  0.5991E-11  0.5941E-11
CALSDV   44   38  0.5014E-11  0.5028E-11
CALSDV   45   38  0.6071E-11  0.5977E-11
CALSDV   46   38  0.4739E-11  0.4714E-11
CALSDV   47   38  0.5655E-11  0.5516E-11
CALSDV   48   38  0.4878E-11  0.4814E-11
CALSDV   49   38  0.5337E-11  0.5172E-11
CALSDV   50   38  0.5023E-11  0.4940E-11
CALSDV   51   38  0.5284E-11  0.5119E-11
CALSDV   52   38  0.5110E-11  0.5022E-11
CALSDV   53   38  0.5372E-11  0.5232E-11
CALSDV   54   38  0.5156E-11  0.5080E-11
CALSDV   55   38  0.5411E-11  0.5308E-11
CALSDV   56   38  0.5158E-11  0.5101E-11
CALSDV   57   38  0.5269E-11  0.5199E-11
CALSDV   58   38  0.5065E-11  0.5022E-11
CALSDV   59   38  0.4864E-11  0.4829E-11
CALSDV   60   38  0.4774E-11  0.4762E-11
CALSDV   39   39  0.5261E-11  0.5188E-11
CALSDV   40   39  0.8128E-11  0.8084E-11
CALSDV   41   39  0.8434E-11  0.8454E-11
CALSDV   42   39  0.5174E-11  0.5145E-11
CALSDV   43   39  0.6889E-11  0.6896E-11
CALSDV   44   39  0.6106E-11  0.6071E-11
CALSDV   45   39  0.5225E-11  0.5214E-11
CALSDV   46   39  0.5918E-11  0.5890E-11
CALSDV   47   39  0.4729E-11  0.4715E-11
CALSDV   48   39  0.5236E-11  0.5227E-11
CALSDV   49   39  0.4947E-11  0.4938E-11
CALSDV   50   39  0.4799E-11  0.4810E-11
CALSDV   51   39  0.5267E-11  0.5267E-11
CALSDV   52   39  0.4838E-11  0.4858E-11
CALSDV   53   39  0.5474E-11  0.5472E-11
CALSDV   54   39  0.5132E-11  0.5143E-11
CALSDV   55   39  0.5511E-11  0.5504E-11
CALSDV   56   39  0.5377E-11  0.5376E-11
CALSDV   57   39  0.5345E-11  0.5340E-11
CALSDV   58   39  0.5382E-11  0.5376E-11
CALSDV   59   39  0.4928E-11  0.4923E-11
CALSDV   60   39  0.5042E-11  0.5035E-11
CALSDV   40   40  0.5715E-11  0.5699E-11
CALSDV   41   40  0.8162E-11  0.8171E-11
CALSDV   42   40  0.8370E-11  0.8364E-11
CALSDV   43   40  0.5297E-11  0.5288E-11
CALSDV   44   40  0.6746E-11  0.6730E-11
CALSDV   45   40  0.6371E-11  0.6368E-11
CALSDV   46   40  0.5318E-11  0.5300E-11
CALSDV   47   40  0.6375E-11  0.6383E-11
CALSDV   48   40  0.5112E-11  0.5109E-11
CALSDV   49   40  0.5965E-11  0.5979E-11
CALSDV   50   40  0.5404E-11  0.5417E-11
CALSDV   51   40  0.5723E-11  0.5740E-11
CALSDV   52   40  0.5666E-11  0.5688E-11
CALSDV   53   40  0.5734E-11  0.5747E-11
CALSDV   54   40  0.5783E-11  0.5806E-11
CALSDV   55   40  0.5778E-11  0.5785E-11
CALSDV   56   40  0.5759E-11  0.5777E-11
CALSDV   57   40  0.5637E-11  0.5640E-11
CALSDV   58   40  0.5566E-11  0.5582E-11
CALSDV   59   40  0.5157E-11  0.5161E-11
CALSDV   60   40  0.5122E-11  0.5134E-11
CALSDV   41   41  0.5597E-11  0.5592E-11
CALSDV   42   41  0.8450E-11  0.8441E-11
CALSDV   43   41  0.8981E-11  0.8963E-11
CALSDV   44   41  0.5670E-11  0.5664E-11
CALSDV   45   41  0.7201E-11  0.7191E-11
CALSDV   46   41  0.6590E-11  0.6583E-11
CALSDV   47   41  0.5460E-11  0.5466E-11
CALSDV   48   41  0.6275E-11  0.6265E-11
CALSDV   49   41  0.5083E-11  0.5095E-11
CALSDV   50   41  0.5541E-11  0.5536E-11
CALSDV   51   41  0.5399E-11  0.5409E-11
CALSDV   52   41  0.5174E-11  0.5173E-11
CALSDV   53   41  0.5728E-11  0.5737E-11
CALSDV   54   41  0.5298E-11  0.5304E-11
CALSDV   55   41  0.5848E-11  0.5856E-11
CALSDV   56   41  0.5572E-11  0.5575E-11
CALSDV   57   41  0.5703E-11  0.5707E-11
CALSDV   58   41  0.5644E-11  0.5646E-11
CALSDV   59   41  0.5216E-11  0.5219E-11
CALSDV   60   41  0.5295E-11  0.5295E-11
CALSDV   42   42  0.5957E-11  0.5912E-11
CALSDV   43   42  0.8585E-11  0.8608E-11
CALSDV   44   42  0.9223E-11  0.9205E-11
CALSDV   45   42  0.5795E-11  0.5798E-11
CALSDV   46   42  0.7265E-11  0.7238E-11
CALSDV   47   42  0.6764E-11  0.6774E-11
CALSDV   48   42  0.5615E-11  0.5602E-11
CALSDV   49   42  0.6640E-11  0.6657E-11
CALSDV   50   42  0.5563E-11  0.5571E-11
CALSDV   51   42  0.6212E-11  0.6220E-11
CALSDV   52   42  0.6101E-11  0.6117E-11
CALSDV   53   42  0.6032E-11  0.6037E-11
CALSDV   54   42  0.6479E-11  0.6494E-11
CALSDV   55   42  0.6053E-11  0.6055E-11
CALSDV   56   42  0.6531E-11  0.6541E-11
CALSDV   57   42  0.5952E-11  0.5950E-11
CALSDV   58   42  0.6248E-11  0.6253E-11
CALSDV   59   42  0.5445E-11  0.5443E-11
CALSDV   60   42  0.5582E-11  0.5587E-11
CALSDV   43   43  0.5934E-11  0.5956E-11
CALSDV   44   43  0.8805E-11  0.8757E-11
CALSDV   45   43  0.9543E-11  0.9545E-11
CALSDV   46   43  0.6166E-11  0.6138E-11
CALSDV   47   43  0.7459E-11  0.7458E-11
CALSDV   48   43  0.7037E-11  0.7030E-11
CALSDV   49   43  0.5705E-11  0.5705E-11
CALSDV   50   43  0.6582E-11  0.6561E-11
CALSDV   51   43  0.5527E-11  0.5542E-11
CALSDV   52   43  0.5842E-11  0.5810E-11
CALSDV   53   43  0.5950E-11  0.5974E-11
CALSDV   54   43  0.5596E-11  0.5560E-11
CALSDV   55   43  0.6217E-11  0.6246E-11
CALSDV   56   43  0.5781E-11  0.5750E-11
CALSDV   57   43  0.6127E-11  0.6144E-11
CALSDV   58   43  0.5913E-11  0.5888E-11
CALSDV   59   43  0.5564E-11  0.5567E-11
CALSDV   60   43  0.5569E-11  0.5554E-11
CALSDV   44   44  0.6031E-11  0.6077E-11
CALSDV   45   44  0.9175E-11  0.9211E-11
CALSDV   46   44  0.9955E-11  0.9976E-11
CALSDV   47   44  0.6426E-11  0.6419E-11
CALSDV   48   44  0.7665E-11  0.7668E-11
CALSDV   49   44  0.7278E-11  0.7285E-11
CALSDV   50   44  0.5899E-11  0.5879E-11
CALSDV   51   44  0.7071E-11  0.7083E-11
CALSDV   52   44  0.6008E-11  0.6005E-11
CALSDV   53   44  0.6668E-11  0.6688E-11
CALSDV   54   44  0.6657E-11  0.6660E-11
CALSDV   55   44  0.6507E-11  0.6518E-11
CALSDV   56   44  0.6966E-11  0.6975E-11
CALSDV   57   44  0.6357E-11  0.6360E-11
CALSDV   58   44  0.6766E-11  0.6776E-11
CALSDV   59   44  0.5787E-11  0.5789E-11
CALSDV   60   44  0.5994E-11  0.6003E-11
CALSDV   45   45  0.6748E-11  0.6634E-11
CALSDV   46   45  0.9357E-11  0.9280E-11
CALSDV   47   45  0.1026E-10  0.1018E-10
CALSDV   48   45  0.6695E-11  0.6663E-11
CALSDV   49   45  0.7791E-11  0.7753E-11
CALSDV   50   45  0.7473E-11  0.7440E-11
CALSDV   51   45  0.6210E-11  0.6175E-11
CALSDV   52   45  0.6960E-11  0.6921E-11
CALSDV   53   45  0.6410E-11  0.6391E-11
CALSDV   54   45  0.6339E-11  0.6283E-11
CALSDV   55   45  0.6878E-11  0.6868E-11
CALSDV   56   45  0.6209E-11  0.6164E-11
CALSDV   57   45  0.6829E-11  0.6826E-11
CALSDV   58   45  0.6259E-11  0.6238E-11
CALSDV   59   45  0.6091E-11  0.6076E-11
CALSDV   60   45  0.5891E-11  0.5870E-11
CALSDV   46   46  0.6561E-11  0.6550E-11
CALSDV   47   46  0.1027E-10  0.1008E-10
CALSDV   48   46  0.1073E-10  0.1045E-10
CALSDV   49   46  0.7472E-11  0.7284E-11
CALSDV   50   46  0.8168E-11  0.8102E-11
CALSDV   51   46  0.8098E-11  0.7971E-11
CALSDV   52   46  0.6313E-11  0.6282E-11
CALSDV   53   46  0.7775E-11  0.7684E-11
CALSDV   54   46  0.6362E-11  0.6346E-11
CALSDV   55   46  0.7301E-11  0.7239E-11
CALSDV   56   46  0.6853E-11  0.6868E-11
CALSDV   57   46  0.6901E-11  0.6891E-11
CALSDV   58   46  0.6904E-11  0.6950E-11
CALSDV   59   46  0.6203E-11  0.6167E-11
CALSDV   60   46  0.6277E-11  0.6261E-11
CALSDV   47   47  0.6501E-11  0.6525E-11
CALSDV   48   47  0.9669E-11  0.9663E-11
CALSDV   49   47  0.1069E-10  0.1074E-10
CALSDV   50   47  0.7223E-11  0.7275E-11
CALSDV   51   47  0.7835E-11  0.7831E-11
CALSDV   52   47  0.7916E-11  0.7932E-11
CALSDV   53   47  0.6396E-11  0.6485E-11
CALSDV   54   47  0.7363E-11  0.7345E-11
CALSDV   55   47  0.6881E-11  0.6940E-11
CALSDV   56   47  0.6848E-11  0.6821E-11
CALSDV   57   47  0.7203E-11  0.7219E-11
CALSDV   58   47  0.6707E-11  0.6654E-11
CALSDV   59   47  0.6525E-11  0.6545E-11
CALSDV   60   47  0.6250E-11  0.6232E-11
CALSDV   48   48  0.6468E-11  0.6443E-11
CALSDV   49   48  0.1003E-10  0.1002E-10
CALSDV   50   48  0.1119E-10  0.1115E-10
CALSDV   51   48  0.7316E-11  0.7318E-11
CALSDV   52   48  0.7978E-11  0.7961E-11
CALSDV   53   48  0.7762E-11  0.7750E-11
CALSDV   54   48  0.6528E-11  0.6503E-11
CALSDV   55   48  0.7317E-11  0.7319E-11
CALSDV   56   48  0.7236E-11  0.7216E-11
CALSDV   57   48  0.6935E-11  0.6947E-11
CALSDV   58   48  0.7669E-11  0.7658E-11
CALSDV   59   48  0.6384E-11  0.6385E-11
CALSDV   60   48  0.6943E-11  0.6935E-11
CALSDV   49   49  0.5924E-11  0.5867E-11
CALSDV   50   49  0.1004E-10  0.9987E-11
CALSDV   51   49  0.1097E-10  0.1098E-10
CALSDV   52   49  0.7743E-11  0.7739E-11
CALSDV   53   49  0.7589E-11  0.7593E-11
CALSDV   54   49  0.8495E-11  0.8455E-11
CALSDV   55   49  0.6572E-11  0.6561E-11
CALSDV   56   49  0.8008E-11  0.7940E-11
CALSDV   57   49  0.7180E-11  0.7163E-11
CALSDV   58   49  0.7477E-11  0.7401E-11
CALSDV   59   49  0.6879E-11  0.6867E-11
CALSDV   60   49  0.6755E-11  0.6717E-11
CALSDV   50   50  0.6252E-11  0.6263E-11
CALSDV   51   50  0.1082E-10  0.1080E-10
CALSDV   52   50  0.1158E-10  0.1158E-10
CALSDV   53   50  0.7796E-11  0.7810E-11
CALSDV   54   50  0.7865E-11  0.7881E-11
CALSDV   55   50  0.8540E-11  0.8547E-11
CALSDV   56   50  0.6914E-11  0.6932E-11
CALSDV   57   50  0.8219E-11  0.8212E-11
CALSDV   58   50  0.7693E-11  0.7711E-11
CALSDV   59   50  0.7196E-11  0.7200E-11
CALSDV   60   50  0.7338E-11  0.7353E-11
CALSDV   51   51  0.5748E-11  0.5696E-11
CALSDV   52   51  0.1086E-10  0.1087E-10
CALSDV   53   51  0.1116E-10  0.1111E-10
CALSDV   54   51  0.8343E-11  0.8353E-11
CALSDV   55   51  0.7569E-11  0.7515E-11
CALSDV   56   51  0.9239E-11  0.9344E-11
CALSDV   57   51  0.7203E-11  0.7158E-11
CALSDV   58   51  0.8769E-11  0.8887E-11
CALSDV   59   51  0.7288E-11  0.7254E-11
CALSDV   60   51  0.7579E-11  0.7625E-11
CALSDV   52   52  0.5860E-11  0.5915E-11
CALSDV   53   52  0.1126E-10  0.1129E-10
CALSDV   54   52  0.1155E-10  0.1157E-10
CALSDV   55   52  0.8317E-11  0.8338E-11
CALSDV   56   52  0.7580E-11  0.7585E-11
CALSDV   57   52  0.9248E-11  0.9260E-11
CALSDV   58   52  0.7399E-11  0.7399E-11
CALSDV   59   52  0.8181E-11  0.8198E-11
CALSDV   60   52  0.7635E-11  0.7644E-11
CALSDV   53   53  0.5393E-11  0.5378E-11
CALSDV   54   53  0.1139E-10  0.1145E-10
CALSDV   55   53  0.1100E-10  0.1100E-10
CALSDV   56   53  0.8955E-11  0.8997E-11
CALSDV   57   53  0.7697E-11  0.7693E-11
CALSDV   58   53  0.9964E-11  0.1008E-10
CALSDV   59   53  0.7605E-11  0.7615E-11
CALSDV   60   53  0.8670E-11  0.8762E-11
CALSDV   54   54  0.5712E-11  0.5649E-11
CALSDV   55   54  0.1087E-10  0.1088E-10
CALSDV   56   54  0.1116E-10  0.1118E-10
CALSDV   57   54  0.9023E-11  0.9083E-11
CALSDV   58   54  0.7515E-11  0.7551E-11
CALSDV   59   54  0.9261E-11  0.9300E-11
CALSDV   60   54  0.7815E-11  0.7838E-11
CALSDV   55   55  0.5909E-11  0.5858E-11
CALSDV   56   55  0.1122E-10  0.1121E-10
CALSDV   57   55  0.1108E-10  0.1107E-10
CALSDV   58   55  0.9896E-11  0.9928E-11
CALSDV   59   55  0.8493E-11  0.8507E-11
CALSDV   60   55  0.1008E-10  0.1010E-10
CALSDV   56   56  0.6041E-11  0.6036E-11
CALSDV   57   56  0.9535E-11  0.9510E-11
CALSDV   58   56  0.1104E-10  0.1102E-10
CALSDV   59   56  0.9910E-11  0.9910E-11
CALSDV   60   56  0.8434E-11  0.8441E-11
CALSDV   57   57  0.6782E-11  0.6638E-11
CALSDV   58   57  0.9775E-11  0.9802E-11
CALSDV   59   57  0.1210E-10  0.1211E-10
CALSDV   60   57  0.1051E-10  0.1053E-10
CALSDV   58   58  0.6732E-11  0.6747E-11
CALSDV   59   58  0.8085E-11  0.8214E-11
CALSDV   60   58  0.1224E-10  0.1222E-10
CALSDV   59   59  0.5604E-11  0.5708E-11
CALSDV   60   59  0.8733E-11  0.8722E-11
CALSDV   60   60  0.7123E-11  0.7245E-11
