  This file contains calibrated standard deviations 
       The relevant data lines start with key CALSDV 
       Each such line contains the following data 
           N   M   C_SIGMA   S_SIGMA 
                 FOR M=0 S_SIGMA=0.0 
     
CALSDV    0    0  0.0000E+00  0.0000E+00
CALSDV    1    0  0.0000E+00  0.0000E+00
CALSDV    2    0  0.7437E-10  0.0000E+00
CALSDV    3    0  0.9024E-11  0.0000E+00
CALSDV    4    0  0.3242E-11  0.0000E+00
CALSDV    5    0  0.2128E-11  0.0000E+00
CALSDV    6    0  0.1627E-11  0.0000E+00
CALSDV    7    0  0.1300E-11  0.0000E+00
CALSDV    8    0  0.1098E-11  0.0000E+00
CALSDV    9    0  0.9514E-12  0.0000E+00
CALSDV   10    0  0.8481E-12  0.0000E+00
CALSDV   11    0  0.7684E-12  0.0000E+00
CALSDV   12    0  0.7090E-12  0.0000E+00
CALSDV   13    0  0.6615E-12  0.0000E+00
CALSDV   14    0  0.6244E-12  0.0000E+00
CALSDV   15    0  0.5944E-12  0.0000E+00
CALSDV   16    0  0.5711E-12  0.0000E+00
CALSDV   17    0  0.5521E-12  0.0000E+00
CALSDV   18    0  0.5373E-12  0.0000E+00
CALSDV   19    0  0.5258E-12  0.0000E+00
CALSDV   20    0  0.5170E-12  0.0000E+00
CALSDV   21    0  0.5108E-12  0.0000E+00
CALSDV   22    0  0.5066E-12  0.0000E+00
CALSDV   23    0  0.5045E-12  0.0000E+00
CALSDV   24    0  0.5041E-12  0.0000E+00
CALSDV   25    0  0.5052E-12  0.0000E+00
CALSDV   26    0  0.5079E-12  0.0000E+00
CALSDV   27    0  0.5118E-12  0.0000E+00
CALSDV   28    0  0.5172E-12  0.0000E+00
CALSDV   29    0  0.5238E-12  0.0000E+00
CALSDV   30    0  0.5317E-12  0.0000E+00
CALSDV   31    0  0.5408E-12  0.0000E+00
CALSDV   32    0  0.5511E-12  0.0000E+00
CALSDV   33    0  0.5627E-12  0.0000E+00
CALSDV   34    0  0.5753E-12  0.0000E+00
CALSDV   35    0  0.5893E-12  0.0000E+00
CALSDV   36    0  0.6044E-12  0.0000E+00
CALSDV   37    0  0.6210E-12  0.0000E+00
CALSDV   38    0  0.6389E-12  0.0000E+00
CALSDV   39    0  0.6581E-12  0.0000E+00
CALSDV   40    0  0.6788E-12  0.0000E+00
CALSDV   41    0  0.7010E-12  0.0000E+00
CALSDV   42    0  0.7246E-12  0.0000E+00
CALSDV   43    0  0.7500E-12  0.0000E+00
CALSDV   44    0  0.7770E-12  0.0000E+00
CALSDV   45    0  0.8058E-12  0.0000E+00
CALSDV   46    0  0.8365E-12  0.0000E+00
CALSDV   47    0  0.8691E-12  0.0000E+00
CALSDV   48    0  0.9039E-12  0.0000E+00
CALSDV   49    0  0.9407E-12  0.0000E+00
CALSDV   50    0  0.9801E-12  0.0000E+00
CALSDV   51    0  0.1022E-11  0.0000E+00
CALSDV   52    0  0.1066E-11  0.0000E+00
CALSDV   53    0  0.1113E-11  0.0000E+00
CALSDV   54    0  0.1163E-11  0.0000E+00
CALSDV   55    0  0.1215E-11  0.0000E+00
CALSDV   56    0  0.1271E-11  0.0000E+00
CALSDV   57    0  0.1325E-11  0.0000E+00
CALSDV   58    0  0.1388E-11  0.0000E+00
CALSDV   59    0  0.1306E-11  0.0000E+00
CALSDV   60    0  0.1370E-11  0.0000E+00
CALSDV    1    1  0.0000E+00  0.0000E+00
CALSDV    2    1  0.2800E-10  0.2822E-10
CALSDV    3    1  0.6907E-11  0.7185E-11
CALSDV    4    1  0.3365E-11  0.3365E-11
CALSDV    5    1  0.2248E-11  0.2261E-11
CALSDV    6    1  0.1688E-11  0.1692E-11
CALSDV    7    1  0.1350E-11  0.1352E-11
CALSDV    8    1  0.1129E-11  0.1130E-11
CALSDV    9    1  0.9778E-12  0.9778E-12
CALSDV   10    1  0.8661E-12  0.8664E-12
CALSDV   11    1  0.7844E-12  0.7842E-12
CALSDV   12    1  0.7204E-12  0.7205E-12
CALSDV   13    1  0.6713E-12  0.6711E-12
CALSDV   14    1  0.6322E-12  0.6322E-12
CALSDV   15    1  0.6016E-12  0.6013E-12
CALSDV   16    1  0.5767E-12  0.5765E-12
CALSDV   17    1  0.5572E-12  0.5569E-12
CALSDV   18    1  0.5418E-12  0.5416E-12
CALSDV   19    1  0.5297E-12  0.5295E-12
CALSDV   20    1  0.5206E-12  0.5203E-12
CALSDV   21    1  0.5140E-12  0.5139E-12
CALSDV   22    1  0.5097E-12  0.5094E-12
CALSDV   23    1  0.5072E-12  0.5070E-12
CALSDV   24    1  0.5066E-12  0.5064E-12
CALSDV   25    1  0.5076E-12  0.5073E-12
CALSDV   26    1  0.5099E-12  0.5097E-12
CALSDV   27    1  0.5140E-12  0.5137E-12
CALSDV   28    1  0.5191E-12  0.5189E-12
CALSDV   29    1  0.5257E-12  0.5255E-12
CALSDV   30    1  0.5334E-12  0.5332E-12
CALSDV   31    1  0.5425E-12  0.5423E-12
CALSDV   32    1  0.5527E-12  0.5525E-12
CALSDV   33    1  0.5642E-12  0.5640E-12
CALSDV   34    1  0.5769E-12  0.5766E-12
CALSDV   35    1  0.5908E-12  0.5906E-12
CALSDV   36    1  0.6059E-12  0.6056E-12
CALSDV   37    1  0.6224E-12  0.6222E-12
CALSDV   38    1  0.6402E-12  0.6400E-12
CALSDV   39    1  0.6595E-12  0.6592E-12
CALSDV   40    1  0.6801E-12  0.6799E-12
CALSDV   41    1  0.7022E-12  0.7020E-12
CALSDV   42    1  0.7259E-12  0.7257E-12
CALSDV   43    1  0.7512E-12  0.7510E-12
CALSDV   44    1  0.7782E-12  0.7780E-12
CALSDV   45    1  0.8070E-12  0.8068E-12
CALSDV   46    1  0.8377E-12  0.8375E-12
CALSDV   47    1  0.8703E-12  0.8701E-12
CALSDV   48    1  0.9051E-12  0.9049E-12
CALSDV   49    1  0.9419E-12  0.9417E-12
CALSDV   50    1  0.9812E-12  0.9810E-12
CALSDV   51    1  0.1023E-11  0.1023E-11
CALSDV   52    1  0.1067E-11  0.1067E-11
CALSDV   53    1  0.1114E-11  0.1114E-11
CALSDV   54    1  0.1164E-11  0.1164E-11
CALSDV   55    1  0.1216E-11  0.1216E-11
CALSDV   56    1  0.1272E-11  0.1272E-11
CALSDV   57    1  0.1326E-11  0.1326E-11
CALSDV   58    1  0.1389E-11  0.1389E-11
CALSDV   59    1  0.1310E-11  0.1310E-11
CALSDV   60    1  0.1373E-11  0.1373E-11
CALSDV    2    2  0.2315E-10  0.1854E-10
CALSDV    3    2  0.9939E-11  0.9861E-11
CALSDV    4    2  0.4691E-11  0.4688E-11
CALSDV    5    2  0.2849E-11  0.2850E-11
CALSDV    6    2  0.2069E-11  0.2065E-11
CALSDV    7    2  0.1578E-11  0.1575E-11
CALSDV    8    2  0.1294E-11  0.1291E-11
CALSDV    9    2  0.1090E-11  0.1087E-11
CALSDV   10    2  0.9543E-12  0.9520E-12
CALSDV   11    2  0.8491E-12  0.8472E-12
CALSDV   12    2  0.7739E-12  0.7721E-12
CALSDV   13    2  0.7136E-12  0.7120E-12
CALSDV   14    2  0.6679E-12  0.6663E-12
CALSDV   15    2  0.6309E-12  0.6294E-12
CALSDV   16    2  0.6023E-12  0.6009E-12
CALSDV   17    2  0.5789E-12  0.5777E-12
CALSDV   18    2  0.5610E-12  0.5596E-12
CALSDV   19    2  0.5466E-12  0.5454E-12
CALSDV   20    2  0.5356E-12  0.5344E-12
CALSDV   21    2  0.5276E-12  0.5264E-12
CALSDV   22    2  0.5219E-12  0.5208E-12
CALSDV   23    2  0.5185E-12  0.5173E-12
CALSDV   24    2  0.5170E-12  0.5158E-12
CALSDV   25    2  0.5172E-12  0.5160E-12
CALSDV   26    2  0.5190E-12  0.5178E-12
CALSDV   27    2  0.5222E-12  0.5210E-12
CALSDV   28    2  0.5270E-12  0.5258E-12
CALSDV   29    2  0.5331E-12  0.5319E-12
CALSDV   30    2  0.5404E-12  0.5392E-12
CALSDV   31    2  0.5492E-12  0.5479E-12
CALSDV   32    2  0.5590E-12  0.5577E-12
CALSDV   33    2  0.5703E-12  0.5689E-12
CALSDV   34    2  0.5827E-12  0.5814E-12
CALSDV   35    2  0.5965E-12  0.5951E-12
CALSDV   36    2  0.6114E-12  0.6100E-12
CALSDV   37    2  0.6278E-12  0.6264E-12
CALSDV   38    2  0.6454E-12  0.6440E-12
CALSDV   39    2  0.6645E-12  0.6630E-12
CALSDV   40    2  0.6851E-12  0.6835E-12
CALSDV   41    2  0.7072E-12  0.7055E-12
CALSDV   42    2  0.7307E-12  0.7291E-12
CALSDV   43    2  0.7561E-12  0.7543E-12
CALSDV   44    2  0.7829E-12  0.7812E-12
CALSDV   45    2  0.8117E-12  0.8099E-12
CALSDV   46    2  0.8424E-12  0.8405E-12
CALSDV   47    2  0.8750E-12  0.8730E-12
CALSDV   48    2  0.9097E-12  0.9077E-12
CALSDV   49    2  0.9466E-12  0.9445E-12
CALSDV   50    2  0.9859E-12  0.9837E-12
CALSDV   51    2  0.1028E-11  0.1025E-11
CALSDV   52    2  0.1072E-11  0.1070E-11
CALSDV   53    2  0.1119E-11  0.1116E-11
CALSDV   54    2  0.1169E-11  0.1166E-11
CALSDV   55    2  0.1221E-11  0.1218E-11
CALSDV   56    2  0.1278E-11  0.1275E-11
CALSDV   57    2  0.1333E-11  0.1330E-11
CALSDV   58    2  0.1396E-11  0.1393E-11
CALSDV   59    2  0.1327E-11  0.1325E-11
CALSDV   60    2  0.1391E-11  0.1388E-11
CALSDV    3    3  0.2320E-10  0.2342E-10
CALSDV    4    3  0.9328E-11  0.9281E-11
CALSDV    5    3  0.6284E-11  0.6296E-11
CALSDV    6    3  0.3332E-11  0.3334E-11
CALSDV    7    3  0.2944E-11  0.2942E-11
CALSDV    8    3  0.1833E-11  0.1841E-11
CALSDV    9    3  0.1747E-11  0.1749E-11
CALSDV   10    3  0.1232E-11  0.1233E-11
CALSDV   11    3  0.1209E-11  0.1210E-11
CALSDV   12    3  0.9389E-12  0.9388E-12
CALSDV   13    3  0.9289E-12  0.9298E-12
CALSDV   14    3  0.7738E-12  0.7744E-12
CALSDV   15    3  0.7703E-12  0.7702E-12
CALSDV   16    3  0.6751E-12  0.6759E-12
CALSDV   17    3  0.6739E-12  0.6739E-12
CALSDV   18    3  0.6138E-12  0.6140E-12
CALSDV   19    3  0.6145E-12  0.6145E-12
CALSDV   20    3  0.5759E-12  0.5760E-12
CALSDV   21    3  0.5780E-12  0.5782E-12
CALSDV   22    3  0.5533E-12  0.5535E-12
CALSDV   23    3  0.5575E-12  0.5575E-12
CALSDV   24    3  0.5423E-12  0.5424E-12
CALSDV   25    3  0.5480E-12  0.5480E-12
CALSDV   26    3  0.5398E-12  0.5400E-12
CALSDV   27    3  0.5475E-12  0.5474E-12
CALSDV   28    3  0.5447E-12  0.5447E-12
CALSDV   29    3  0.5540E-12  0.5542E-12
CALSDV   30    3  0.5557E-12  0.5557E-12
CALSDV   31    3  0.5669E-12  0.5669E-12
CALSDV   32    3  0.5724E-12  0.5725E-12
CALSDV   33    3  0.5855E-12  0.5856E-12
CALSDV   34    3  0.5946E-12  0.5947E-12
CALSDV   35    3  0.6099E-12  0.6100E-12
CALSDV   36    3  0.6221E-12  0.6222E-12
CALSDV   37    3  0.6398E-12  0.6399E-12
CALSDV   38    3  0.6551E-12  0.6552E-12
CALSDV   39    3  0.6753E-12  0.6754E-12
CALSDV   40    3  0.6939E-12  0.6941E-12
CALSDV   41    3  0.7168E-12  0.7170E-12
CALSDV   42    3  0.7390E-12  0.7391E-12
CALSDV   43    3  0.7649E-12  0.7651E-12
CALSDV   44    3  0.7907E-12  0.7908E-12
CALSDV   45    3  0.8200E-12  0.8202E-12
CALSDV   46    3  0.8496E-12  0.8498E-12
CALSDV   47    3  0.8828E-12  0.8830E-12
CALSDV   48    3  0.9167E-12  0.9169E-12
CALSDV   49    3  0.9540E-12  0.9543E-12
CALSDV   50    3  0.9926E-12  0.9928E-12
CALSDV   51    3  0.1035E-11  0.1035E-11
CALSDV   52    3  0.1078E-11  0.1079E-11
CALSDV   53    3  0.1126E-11  0.1126E-11
CALSDV   54    3  0.1176E-11  0.1176E-11
CALSDV   55    3  0.1229E-11  0.1229E-11
CALSDV   56    3  0.1285E-11  0.1285E-11
CALSDV   57    3  0.1343E-11  0.1343E-11
CALSDV   58    3  0.1405E-11  0.1406E-11
CALSDV   59    3  0.1360E-11  0.1361E-11
CALSDV   60    3  0.1423E-11  0.1424E-11
CALSDV    4    4  0.1135E-10  0.1153E-10
CALSDV    5    4  0.9240E-11  0.9301E-11
CALSDV    6    4  0.3886E-11  0.3925E-11
CALSDV    7    4  0.3366E-11  0.3359E-11
CALSDV    8    4  0.2099E-11  0.2114E-11
CALSDV    9    4  0.1820E-11  0.1818E-11
CALSDV   10    4  0.1389E-11  0.1393E-11
CALSDV   11    4  0.1238E-11  0.1237E-11
CALSDV   12    4  0.1040E-11  0.1043E-11
CALSDV   13    4  0.9532E-12  0.9520E-12
CALSDV   14    4  0.8450E-12  0.8475E-12
CALSDV   15    4  0.7938E-12  0.7931E-12
CALSDV   16    4  0.7294E-12  0.7311E-12
CALSDV   17    4  0.6977E-12  0.6971E-12
CALSDV   18    4  0.6569E-12  0.6581E-12
CALSDV   19    4  0.6376E-12  0.6373E-12
CALSDV   20    4  0.6112E-12  0.6123E-12
CALSDV   21    4  0.6001E-12  0.6000E-12
CALSDV   22    4  0.5835E-12  0.5841E-12
CALSDV   23    4  0.5781E-12  0.5779E-12
CALSDV   24    4  0.5682E-12  0.5687E-12
CALSDV   25    4  0.5672E-12  0.5670E-12
CALSDV   26    4  0.5628E-12  0.5631E-12
CALSDV   27    4  0.5652E-12  0.5651E-12
CALSDV   28    4  0.5651E-12  0.5654E-12
CALSDV   29    4  0.5707E-12  0.5705E-12
CALSDV   30    4  0.5741E-12  0.5744E-12
CALSDV   31    4  0.5825E-12  0.5824E-12
CALSDV   32    4  0.5893E-12  0.5894E-12
CALSDV   33    4  0.6003E-12  0.6002E-12
CALSDV   34    4  0.6102E-12  0.6102E-12
CALSDV   35    4  0.6237E-12  0.6237E-12
CALSDV   36    4  0.6367E-12  0.6367E-12
CALSDV   37    4  0.6529E-12  0.6528E-12
CALSDV   38    4  0.6688E-12  0.6688E-12
CALSDV   39    4  0.6878E-12  0.6877E-12
CALSDV   40    4  0.7069E-12  0.7069E-12
CALSDV   41    4  0.7288E-12  0.7288E-12
CALSDV   42    4  0.7512E-12  0.7512E-12
CALSDV   43    4  0.7765E-12  0.7764E-12
CALSDV   44    4  0.8024E-12  0.8024E-12
CALSDV   45    4  0.8311E-12  0.8310E-12
CALSDV   46    4  0.8609E-12  0.8609E-12
CALSDV   47    4  0.8936E-12  0.8934E-12
CALSDV   48    4  0.9276E-12  0.9275E-12
CALSDV   49    4  0.9646E-12  0.9644E-12
CALSDV   50    4  0.1003E-11  0.1003E-11
CALSDV   51    4  0.1045E-11  0.1045E-11
CALSDV   52    4  0.1089E-11  0.1089E-11
CALSDV   53    4  0.1136E-11  0.1136E-11
CALSDV   54    4  0.1186E-11  0.1186E-11
CALSDV   55    4  0.1240E-11  0.1239E-11
CALSDV   56    4  0.1296E-11  0.1296E-11
CALSDV   57    4  0.1355E-11  0.1355E-11
CALSDV   58    4  0.1418E-11  0.1418E-11
CALSDV   59    4  0.1392E-11  0.1392E-11
CALSDV   60    4  0.1456E-11  0.1456E-11
CALSDV    5    5  0.1746E-10  0.1728E-10
CALSDV    6    5  0.6837E-11  0.6808E-11
CALSDV    7    5  0.4523E-11  0.4523E-11
CALSDV    8    5  0.2789E-11  0.2796E-11
CALSDV    9    5  0.2549E-11  0.2549E-11
CALSDV   10    5  0.1732E-11  0.1740E-11
CALSDV   11    5  0.1746E-11  0.1743E-11
CALSDV   12    5  0.1276E-11  0.1280E-11
CALSDV   13    5  0.1309E-11  0.1308E-11
CALSDV   14    5  0.1030E-11  0.1032E-11
CALSDV   15    5  0.1049E-11  0.1047E-11
CALSDV   16    5  0.8752E-12  0.8781E-12
CALSDV   17    5  0.8851E-12  0.8849E-12
CALSDV   18    5  0.7746E-12  0.7765E-12
CALSDV   19    5  0.7789E-12  0.7786E-12
CALSDV   20    5  0.7073E-12  0.7082E-12
CALSDV   21    5  0.7096E-12  0.7092E-12
CALSDV   22    5  0.6626E-12  0.6633E-12
CALSDV   23    5  0.6644E-12  0.6641E-12
CALSDV   24    5  0.6341E-12  0.6347E-12
CALSDV   25    5  0.6369E-12  0.6367E-12
CALSDV   26    5  0.6184E-12  0.6189E-12
CALSDV   27    5  0.6226E-12  0.6223E-12
CALSDV   28    5  0.6126E-12  0.6130E-12
CALSDV   29    5  0.6185E-12  0.6183E-12
CALSDV   30    5  0.6151E-12  0.6154E-12
CALSDV   31    5  0.6230E-12  0.6229E-12
CALSDV   32    5  0.6251E-12  0.6254E-12
CALSDV   33    5  0.6352E-12  0.6351E-12
CALSDV   34    5  0.6418E-12  0.6420E-12
CALSDV   35    5  0.6542E-12  0.6542E-12
CALSDV   36    5  0.6648E-12  0.6650E-12
CALSDV   37    5  0.6798E-12  0.6797E-12
CALSDV   38    5  0.6941E-12  0.6943E-12
CALSDV   39    5  0.7120E-12  0.7118E-12
CALSDV   40    5  0.7298E-12  0.7299E-12
CALSDV   41    5  0.7506E-12  0.7505E-12
CALSDV   42    5  0.7722E-12  0.7723E-12
CALSDV   43    5  0.7962E-12  0.7961E-12
CALSDV   44    5  0.8217E-12  0.8218E-12
CALSDV   45    5  0.8492E-12  0.8492E-12
CALSDV   46    5  0.8788E-12  0.8788E-12
CALSDV   47    5  0.9102E-12  0.9103E-12
CALSDV   48    5  0.9442E-12  0.9443E-12
CALSDV   49    5  0.9802E-12  0.9801E-12
CALSDV   50    5  0.1019E-11  0.1019E-11
CALSDV   51    5  0.1060E-11  0.1060E-11
CALSDV   52    5  0.1104E-11  0.1104E-11
CALSDV   53    5  0.1150E-11  0.1150E-11
CALSDV   54    5  0.1200E-11  0.1200E-11
CALSDV   55    5  0.1253E-11  0.1253E-11
CALSDV   56    5  0.1310E-11  0.1310E-11
CALSDV   57    5  0.1369E-11  0.1369E-11
CALSDV   58    5  0.1433E-11  0.1433E-11
CALSDV   59    5  0.1423E-11  0.1423E-11
CALSDV   60    5  0.1489E-11  0.1489E-11
CALSDV    6    6  0.8272E-11  0.8113E-11
CALSDV    7    6  0.8798E-11  0.8697E-11
CALSDV    8    6  0.3825E-11  0.3801E-11
CALSDV    9    6  0.4136E-11  0.4092E-11
CALSDV   10    6  0.2396E-11  0.2395E-11
CALSDV   11    6  0.2408E-11  0.2390E-11
CALSDV   12    6  0.1645E-11  0.1645E-11
CALSDV   13    6  0.1635E-11  0.1625E-11
CALSDV   14    6  0.1237E-11  0.1238E-11
CALSDV   15    6  0.1236E-11  0.1229E-11
CALSDV   16    6  0.9991E-12  0.9998E-12
CALSDV   17    6  0.1006E-11  0.1002E-11
CALSDV   18    6  0.8550E-12  0.8555E-12
CALSDV   19    6  0.8654E-12  0.8631E-12
CALSDV   20    6  0.7646E-12  0.7645E-12
CALSDV   21    6  0.7767E-12  0.7735E-12
CALSDV   22    6  0.7072E-12  0.7074E-12
CALSDV   23    6  0.7187E-12  0.7177E-12
CALSDV   24    6  0.6714E-12  0.6713E-12
CALSDV   25    6  0.6835E-12  0.6825E-12
CALSDV   26    6  0.6508E-12  0.6512E-12
CALSDV   27    6  0.6629E-12  0.6628E-12
CALSDV   28    6  0.6418E-12  0.6422E-12
CALSDV   29    6  0.6547E-12  0.6544E-12
CALSDV   30    6  0.6422E-12  0.6425E-12
CALSDV   31    6  0.6559E-12  0.6559E-12
CALSDV   32    6  0.6502E-12  0.6507E-12
CALSDV   33    6  0.6652E-12  0.6654E-12
CALSDV   34    6  0.6654E-12  0.6660E-12
CALSDV   35    6  0.6820E-12  0.6824E-12
CALSDV   36    6  0.6873E-12  0.6878E-12
CALSDV   37    6  0.7056E-12  0.7059E-12
CALSDV   38    6  0.7155E-12  0.7163E-12
CALSDV   39    6  0.7359E-12  0.7364E-12
CALSDV   40    6  0.7502E-12  0.7510E-12
CALSDV   41    6  0.7731E-12  0.7738E-12
CALSDV   42    6  0.7917E-12  0.7926E-12
CALSDV   43    6  0.8174E-12  0.8181E-12
CALSDV   44    6  0.8403E-12  0.8412E-12
CALSDV   45    6  0.8692E-12  0.8700E-12
CALSDV   46    6  0.8966E-12  0.8976E-12
CALSDV   47    6  0.9291E-12  0.9300E-12
CALSDV   48    6  0.9613E-12  0.9624E-12
CALSDV   49    6  0.9980E-12  0.9990E-12
CALSDV   50    6  0.1035E-11  0.1036E-11
CALSDV   51    6  0.1077E-11  0.1078E-11
CALSDV   52    6  0.1119E-11  0.1121E-11
CALSDV   53    6  0.1166E-11  0.1168E-11
CALSDV   54    6  0.1215E-11  0.1217E-11
CALSDV   55    6  0.1269E-11  0.1270E-11
CALSDV   56    6  0.1324E-11  0.1326E-11
CALSDV   57    6  0.1385E-11  0.1387E-11
CALSDV   58    6  0.1448E-11  0.1450E-11
CALSDV   59    6  0.1456E-11  0.1457E-11
CALSDV   60    6  0.1521E-11  0.1522E-11
CALSDV    7    7  0.1203E-10  0.1205E-10
CALSDV    8    7  0.6295E-11  0.6284E-11
CALSDV    9    7  0.4101E-11  0.4110E-11
CALSDV   10    7  0.2645E-11  0.2637E-11
CALSDV   11    7  0.2368E-11  0.2362E-11
CALSDV   12    7  0.1622E-11  0.1630E-11
CALSDV   13    7  0.1613E-11  0.1611E-11
CALSDV   14    7  0.1265E-11  0.1273E-11
CALSDV   15    7  0.1223E-11  0.1228E-11
CALSDV   16    7  0.1091E-11  0.1090E-11
CALSDV   17    7  0.1011E-11  0.1006E-11
CALSDV   18    7  0.9699E-12  0.9743E-12
CALSDV   19    7  0.8774E-12  0.8792E-12
CALSDV   20    7  0.8849E-12  0.8884E-12
CALSDV   21    7  0.7945E-12  0.7975E-12
CALSDV   22    7  0.8228E-12  0.8241E-12
CALSDV   23    7  0.7439E-12  0.7441E-12
CALSDV   24    7  0.7772E-12  0.7785E-12
CALSDV   25    7  0.7111E-12  0.7117E-12
CALSDV   26    7  0.7456E-12  0.7468E-12
CALSDV   27    7  0.6922E-12  0.6924E-12
CALSDV   28    7  0.7265E-12  0.7267E-12
CALSDV   29    7  0.6843E-12  0.6842E-12
CALSDV   30    7  0.7172E-12  0.7173E-12
CALSDV   31    7  0.6854E-12  0.6848E-12
CALSDV   32    7  0.7168E-12  0.7168E-12
CALSDV   33    7  0.6943E-12  0.6933E-12
CALSDV   34    7  0.7247E-12  0.7242E-12
CALSDV   35    7  0.7099E-12  0.7090E-12
CALSDV   36    7  0.7400E-12  0.7394E-12
CALSDV   37    7  0.7326E-12  0.7315E-12
CALSDV   38    7  0.7627E-12  0.7620E-12
CALSDV   39    7  0.7619E-12  0.7607E-12
CALSDV   40    7  0.7927E-12  0.7919E-12
CALSDV   41    7  0.7980E-12  0.7968E-12
CALSDV   42    7  0.8300E-12  0.8291E-12
CALSDV   43    7  0.8412E-12  0.8398E-12
CALSDV   44    7  0.8750E-12  0.8740E-12
CALSDV   45    7  0.8919E-12  0.8904E-12
CALSDV   46    7  0.9283E-12  0.9271E-12
CALSDV   47    7  0.9508E-12  0.9493E-12
CALSDV   48    7  0.9904E-12  0.9889E-12
CALSDV   49    7  0.1019E-11  0.1017E-11
CALSDV   50    7  0.1062E-11  0.1060E-11
CALSDV   51    7  0.1097E-11  0.1095E-11
CALSDV   52    7  0.1144E-11  0.1142E-11
CALSDV   53    7  0.1186E-11  0.1183E-11
CALSDV   54    7  0.1239E-11  0.1237E-11
CALSDV   55    7  0.1287E-11  0.1285E-11
CALSDV   56    7  0.1346E-11  0.1344E-11
CALSDV   57    7  0.1404E-11  0.1401E-11
CALSDV   58    7  0.1470E-11  0.1468E-11
CALSDV   59    7  0.1485E-11  0.1483E-11
CALSDV   60    7  0.1556E-11  0.1554E-11
CALSDV    8    8  0.6019E-11  0.5849E-11
CALSDV    9    8  0.5776E-11  0.5787E-11
CALSDV   10    8  0.3662E-11  0.3648E-11
CALSDV   11    8  0.3163E-11  0.3161E-11
CALSDV   12    8  0.2655E-11  0.2639E-11
CALSDV   13    8  0.2251E-11  0.2245E-11
CALSDV   14    8  0.1931E-11  0.1909E-11
CALSDV   15    8  0.1764E-11  0.1756E-11
CALSDV   16    8  0.1480E-11  0.1459E-11
CALSDV   17    8  0.1452E-11  0.1448E-11
CALSDV   18    8  0.1202E-11  0.1183E-11
CALSDV   19    8  0.1238E-11  0.1234E-11
CALSDV   20    8  0.1027E-11  0.1012E-11
CALSDV   21    8  0.1087E-11  0.1084E-11
CALSDV   22    8  0.9158E-12  0.9026E-12
CALSDV   23    8  0.9792E-12  0.9765E-12
CALSDV   24    8  0.8438E-12  0.8337E-12
CALSDV   25    8  0.9031E-12  0.9003E-12
CALSDV   26    8  0.7982E-12  0.7903E-12
CALSDV   27    8  0.8501E-12  0.8480E-12
CALSDV   28    8  0.7710E-12  0.7642E-12
CALSDV   29    8  0.8158E-12  0.8138E-12
CALSDV   30    8  0.7569E-12  0.7517E-12
CALSDV   31    8  0.7960E-12  0.7942E-12
CALSDV   32    8  0.7538E-12  0.7496E-12
CALSDV   33    8  0.7883E-12  0.7866E-12
CALSDV   34    8  0.7598E-12  0.7563E-12
CALSDV   35    8  0.7908E-12  0.7893E-12
CALSDV   36    8  0.7737E-12  0.7709E-12
CALSDV   37    8  0.8028E-12  0.8014E-12
CALSDV   38    8  0.7954E-12  0.7927E-12
CALSDV   39    8  0.8234E-12  0.8220E-12
CALSDV   40    8  0.8244E-12  0.8220E-12
CALSDV   41    8  0.8524E-12  0.8509E-12
CALSDV   42    8  0.8605E-12  0.8585E-12
CALSDV   43    8  0.8895E-12  0.8882E-12
CALSDV   44    8  0.9046E-12  0.9025E-12
CALSDV   45    8  0.9350E-12  0.9338E-12
CALSDV   46    8  0.9566E-12  0.9548E-12
CALSDV   47    8  0.9896E-12  0.9882E-12
CALSDV   48    8  0.1017E-11  0.1016E-11
CALSDV   49    8  0.1054E-11  0.1052E-11
CALSDV   50    8  0.1088E-11  0.1086E-11
CALSDV   51    8  0.1128E-11  0.1127E-11
CALSDV   52    8  0.1169E-11  0.1167E-11
CALSDV   53    8  0.1214E-11  0.1213E-11
CALSDV   54    8  0.1262E-11  0.1260E-11
CALSDV   55    8  0.1313E-11  0.1312E-11
CALSDV   56    8  0.1368E-11  0.1366E-11
CALSDV   57    8  0.1429E-11  0.1427E-11
CALSDV   58    8  0.1491E-11  0.1490E-11
CALSDV   59    8  0.1526E-11  0.1524E-11
CALSDV   60    8  0.1592E-11  0.1591E-11
CALSDV    9    9  0.8317E-11  0.8366E-11
CALSDV   10    9  0.5916E-11  0.5912E-11
CALSDV   11    9  0.3867E-11  0.3877E-11
CALSDV   12    9  0.2761E-11  0.2761E-11
CALSDV   13    9  0.2487E-11  0.2491E-11
CALSDV   14    9  0.1729E-11  0.1733E-11
CALSDV   15    9  0.1694E-11  0.1698E-11
CALSDV   16    9  0.1356E-11  0.1358E-11
CALSDV   17    9  0.1259E-11  0.1263E-11
CALSDV   18    9  0.1178E-11  0.1181E-11
CALSDV   19    9  0.1026E-11  0.1029E-11
CALSDV   20    9  0.1066E-11  0.1068E-11
CALSDV   21    9  0.9022E-12  0.9050E-12
CALSDV   22    9  0.9848E-12  0.9858E-12
CALSDV   23    9  0.8347E-12  0.8365E-12
CALSDV   24    9  0.9243E-12  0.9248E-12
CALSDV   25    9  0.7972E-12  0.7996E-12
CALSDV   26    9  0.8796E-12  0.8798E-12
CALSDV   27    9  0.7783E-12  0.7796E-12
CALSDV   28    9  0.8483E-12  0.8485E-12
CALSDV   29    9  0.7701E-12  0.7712E-12
CALSDV   30    9  0.8287E-12  0.8289E-12
CALSDV   31    9  0.7701E-12  0.7710E-12
CALSDV   32    9  0.8193E-12  0.8193E-12
CALSDV   33    9  0.7772E-12  0.7778E-12
CALSDV   34    9  0.8190E-12  0.8193E-12
CALSDV   35    9  0.7909E-12  0.7914E-12
CALSDV   36    9  0.8275E-12  0.8275E-12
CALSDV   37    9  0.8107E-12  0.8110E-12
CALSDV   38    9  0.8439E-12  0.8439E-12
CALSDV   39    9  0.8369E-12  0.8372E-12
CALSDV   40    9  0.8681E-12  0.8682E-12
CALSDV   41    9  0.8696E-12  0.8699E-12
CALSDV   42    9  0.9005E-12  0.9006E-12
CALSDV   43    9  0.9091E-12  0.9094E-12
CALSDV   44    9  0.9408E-12  0.9409E-12
CALSDV   45    9  0.9562E-12  0.9565E-12
CALSDV   46    9  0.9897E-12  0.9897E-12
CALSDV   47    9  0.1011E-11  0.1012E-11
CALSDV   48    9  0.1048E-11  0.1048E-11
CALSDV   49    9  0.1075E-11  0.1076E-11
CALSDV   50    9  0.1115E-11  0.1116E-11
CALSDV   51    9  0.1149E-11  0.1150E-11
CALSDV   52    9  0.1194E-11  0.1194E-11
CALSDV   53    9  0.1235E-11  0.1235E-11
CALSDV   54    9  0.1285E-11  0.1285E-11
CALSDV   55    9  0.1333E-11  0.1333E-11
CALSDV   56    9  0.1389E-11  0.1389E-11
CALSDV   57    9  0.1447E-11  0.1447E-11
CALSDV   58    9  0.1511E-11  0.1511E-11
CALSDV   59    9  0.1552E-11  0.1553E-11
CALSDV   60    9  0.1620E-11  0.1620E-11
CALSDV   10   10  0.5906E-11  0.5976E-11
CALSDV   11   10  0.4697E-11  0.4698E-11
CALSDV   12   10  0.3342E-11  0.3350E-11
CALSDV   13   10  0.2432E-11  0.2439E-11
CALSDV   14   10  0.2656E-11  0.2661E-11
CALSDV   15   10  0.1955E-11  0.1958E-11
CALSDV   16   10  0.2061E-11  0.2065E-11
CALSDV   17   10  0.1737E-11  0.1740E-11
CALSDV   18   10  0.1655E-11  0.1659E-11
CALSDV   19   10  0.1561E-11  0.1563E-11
CALSDV   20   10  0.1391E-11  0.1394E-11
CALSDV   21   10  0.1407E-11  0.1409E-11
CALSDV   22   10  0.1220E-11  0.1222E-11
CALSDV   23   10  0.1278E-11  0.1279E-11
CALSDV   24   10  0.1105E-11  0.1106E-11
CALSDV   25   10  0.1175E-11  0.1176E-11
CALSDV   26   10  0.1028E-11  0.1028E-11
CALSDV   27   10  0.1095E-11  0.1096E-11
CALSDV   28   10  0.9755E-12  0.9766E-12
CALSDV   29   10  0.1035E-11  0.1035E-11
CALSDV   30   10  0.9419E-12  0.9426E-12
CALSDV   31   10  0.9916E-12  0.9918E-12
CALSDV   32   10  0.9219E-12  0.9221E-12
CALSDV   33   10  0.9634E-12  0.9633E-12
CALSDV   34   10  0.9131E-12  0.9135E-12
CALSDV   35   10  0.9480E-12  0.9478E-12
CALSDV   36   10  0.9146E-12  0.9146E-12
CALSDV   37   10  0.9442E-12  0.9440E-12
CALSDV   38   10  0.9244E-12  0.9246E-12
CALSDV   39   10  0.9509E-12  0.9505E-12
CALSDV   40   10  0.9429E-12  0.9429E-12
CALSDV   41   10  0.9676E-12  0.9670E-12
CALSDV   42   10  0.9698E-12  0.9697E-12
CALSDV   43   10  0.9938E-12  0.9934E-12
CALSDV   44   10  0.1005E-11  0.1005E-11
CALSDV   45   10  0.1030E-11  0.1029E-11
CALSDV   46   10  0.1049E-11  0.1049E-11
CALSDV   47   10  0.1075E-11  0.1075E-11
CALSDV   48   10  0.1102E-11  0.1102E-11
CALSDV   49   10  0.1131E-11  0.1131E-11
CALSDV   50   10  0.1165E-11  0.1165E-11
CALSDV   51   10  0.1198E-11  0.1198E-11
CALSDV   52   10  0.1239E-11  0.1239E-11
CALSDV   53   10  0.1277E-11  0.1277E-11
CALSDV   54   10  0.1325E-11  0.1325E-11
CALSDV   55   10  0.1370E-11  0.1369E-11
CALSDV   56   10  0.1426E-11  0.1425E-11
CALSDV   57   10  0.1480E-11  0.1480E-11
CALSDV   58   10  0.1544E-11  0.1544E-11
CALSDV   59   10  0.1597E-11  0.1596E-11
CALSDV   60   10  0.1667E-11  0.1667E-11
CALSDV   11   11  0.5828E-11  0.5808E-11
CALSDV   12   11  0.5587E-11  0.5606E-11
CALSDV   13   11  0.3559E-11  0.3550E-11
CALSDV   14   11  0.3027E-11  0.3050E-11
CALSDV   15   11  0.2604E-11  0.2603E-11
CALSDV   16   11  0.2067E-11  0.2087E-11
CALSDV   17   11  0.1849E-11  0.1849E-11
CALSDV   18   11  0.1618E-11  0.1633E-11
CALSDV   19   11  0.1380E-11  0.1379E-11
CALSDV   20   11  0.1363E-11  0.1371E-11
CALSDV   21   11  0.1119E-11  0.1118E-11
CALSDV   22   11  0.1198E-11  0.1202E-11
CALSDV   23   11  0.9865E-12  0.9852E-12
CALSDV   24   11  0.1085E-11  0.1088E-11
CALSDV   25   11  0.9228E-12  0.9216E-12
CALSDV   26   11  0.1007E-11  0.1010E-11
CALSDV   27   11  0.8941E-12  0.8932E-12
CALSDV   28   11  0.9551E-12  0.9570E-12
CALSDV   29   11  0.8836E-12  0.8830E-12
CALSDV   30   11  0.9227E-12  0.9245E-12
CALSDV   31   11  0.8831E-12  0.8828E-12
CALSDV   32   11  0.9050E-12  0.9066E-12
CALSDV   33   11  0.8894E-12  0.8892E-12
CALSDV   34   11  0.8997E-12  0.9006E-12
CALSDV   35   11  0.9011E-12  0.9012E-12
CALSDV   36   11  0.9044E-12  0.9056E-12
CALSDV   37   11  0.9184E-12  0.9185E-12
CALSDV   38   11  0.9183E-12  0.9194E-12
CALSDV   39   11  0.9408E-12  0.9413E-12
CALSDV   40   11  0.9405E-12  0.9417E-12
CALSDV   41   11  0.9695E-12  0.9698E-12
CALSDV   42   11  0.9711E-12  0.9720E-12
CALSDV   43   11  0.1004E-11  0.1005E-11
CALSDV   44   11  0.1010E-11  0.1011E-11
CALSDV   45   11  0.1046E-11  0.1047E-11
CALSDV   46   11  0.1056E-11  0.1057E-11
CALSDV   47   11  0.1096E-11  0.1096E-11
CALSDV   48   11  0.1112E-11  0.1113E-11
CALSDV   49   11  0.1154E-11  0.1155E-11
CALSDV   50   11  0.1177E-11  0.1178E-11
CALSDV   51   11  0.1222E-11  0.1222E-11
CALSDV   52   11  0.1253E-11  0.1253E-11
CALSDV   53   11  0.1301E-11  0.1301E-11
CALSDV   54   11  0.1340E-11  0.1341E-11
CALSDV   55   11  0.1393E-11  0.1393E-11
CALSDV   56   11  0.1441E-11  0.1441E-11
CALSDV   57   11  0.1502E-11  0.1502E-11
CALSDV   58   11  0.1559E-11  0.1560E-11
CALSDV   59   11  0.1625E-11  0.1625E-11
CALSDV   60   11  0.1685E-11  0.1685E-11
CALSDV   12   12  0.5278E-11  0.5328E-11
CALSDV   13   12  0.4643E-11  0.4617E-11
CALSDV   14   12  0.3148E-11  0.3164E-11
CALSDV   15   12  0.2290E-11  0.2283E-11
CALSDV   16   12  0.2495E-11  0.2502E-11
CALSDV   17   12  0.1799E-11  0.1799E-11
CALSDV   18   12  0.1927E-11  0.1930E-11
CALSDV   19   12  0.1671E-11  0.1667E-11
CALSDV   20   12  0.1571E-11  0.1572E-11
CALSDV   21   12  0.1567E-11  0.1562E-11
CALSDV   22   12  0.1370E-11  0.1369E-11
CALSDV   23   12  0.1460E-11  0.1454E-11
CALSDV   24   12  0.1256E-11  0.1255E-11
CALSDV   25   12  0.1360E-11  0.1354E-11
CALSDV   26   12  0.1188E-11  0.1187E-11
CALSDV   27   12  0.1275E-11  0.1269E-11
CALSDV   28   12  0.1143E-11  0.1143E-11
CALSDV   29   12  0.1205E-11  0.1200E-11
CALSDV   30   12  0.1114E-11  0.1114E-11
CALSDV   31   12  0.1152E-11  0.1147E-11
CALSDV   32   12  0.1095E-11  0.1094E-11
CALSDV   33   12  0.1113E-11  0.1109E-11
CALSDV   34   12  0.1083E-11  0.1083E-11
CALSDV   35   12  0.1089E-11  0.1085E-11
CALSDV   36   12  0.1079E-11  0.1079E-11
CALSDV   37   12  0.1076E-11  0.1072E-11
CALSDV   38   12  0.1082E-11  0.1083E-11
CALSDV   39   12  0.1074E-11  0.1071E-11
CALSDV   40   12  0.1093E-11  0.1093E-11
CALSDV   41   12  0.1083E-11  0.1081E-11
CALSDV   42   12  0.1111E-11  0.1111E-11
CALSDV   43   12  0.1101E-11  0.1100E-11
CALSDV   44   12  0.1137E-11  0.1137E-11
CALSDV   45   12  0.1130E-11  0.1129E-11
CALSDV   46   12  0.1171E-11  0.1171E-11
CALSDV   47   12  0.1168E-11  0.1168E-11
CALSDV   48   12  0.1214E-11  0.1215E-11
CALSDV   49   12  0.1217E-11  0.1217E-11
CALSDV   50   12  0.1267E-11  0.1268E-11
CALSDV   51   12  0.1276E-11  0.1277E-11
CALSDV   52   12  0.1331E-11  0.1332E-11
CALSDV   53   12  0.1348E-11  0.1349E-11
CALSDV   54   12  0.1408E-11  0.1409E-11
CALSDV   55   12  0.1433E-11  0.1434E-11
CALSDV   56   12  0.1499E-11  0.1500E-11
CALSDV   57   12  0.1537E-11  0.1538E-11
CALSDV   58   12  0.1609E-11  0.1610E-11
CALSDV   59   12  0.1665E-11  0.1666E-11
CALSDV   60   12  0.1746E-11  0.1747E-11
CALSDV   13   13  0.4676E-11  0.4676E-11
CALSDV   14   13  0.4730E-11  0.4743E-11
CALSDV   15   13  0.3352E-11  0.3356E-11
CALSDV   16   13  0.2723E-11  0.2740E-11
CALSDV   17   13  0.2697E-11  0.2695E-11
CALSDV   18   13  0.2085E-11  0.2104E-11
CALSDV   19   13  0.1993E-11  0.1991E-11
CALSDV   20   13  0.1751E-11  0.1765E-11
CALSDV   21   13  0.1507E-11  0.1503E-11
CALSDV   22   13  0.1509E-11  0.1518E-11
CALSDV   23   13  0.1225E-11  0.1221E-11
CALSDV   24   13  0.1325E-11  0.1330E-11
CALSDV   25   13  0.1083E-11  0.1079E-11
CALSDV   26   13  0.1189E-11  0.1193E-11
CALSDV   27   13  0.1021E-11  0.1018E-11
CALSDV   28   13  0.1096E-11  0.1098E-11
CALSDV   29   13  0.9993E-12  0.9962E-12
CALSDV   30   13  0.1035E-11  0.1037E-11
CALSDV   31   13  0.9966E-12  0.9949E-12
CALSDV   32   13  0.9997E-12  0.1002E-11
CALSDV   33   13  0.1004E-11  0.1002E-11
CALSDV   34   13  0.9849E-12  0.9864E-12
CALSDV   35   13  0.1016E-11  0.1015E-11
CALSDV   36   13  0.9853E-12  0.9857E-12
CALSDV   37   13  0.1034E-11  0.1032E-11
CALSDV   38   13  0.9968E-12  0.9979E-12
CALSDV   39   13  0.1055E-11  0.1054E-11
CALSDV   40   13  0.1019E-11  0.1019E-11
CALSDV   41   13  0.1081E-11  0.1080E-11
CALSDV   42   13  0.1050E-11  0.1050E-11
CALSDV   43   13  0.1112E-11  0.1112E-11
CALSDV   44   13  0.1088E-11  0.1089E-11
CALSDV   45   13  0.1150E-11  0.1149E-11
CALSDV   46   13  0.1135E-11  0.1135E-11
CALSDV   47   13  0.1194E-11  0.1194E-11
CALSDV   48   13  0.1189E-11  0.1189E-11
CALSDV   49   13  0.1246E-11  0.1246E-11
CALSDV   50   13  0.1252E-11  0.1253E-11
CALSDV   51   13  0.1307E-11  0.1307E-11
CALSDV   52   13  0.1325E-11  0.1325E-11
CALSDV   53   13  0.1379E-11  0.1379E-11
CALSDV   54   13  0.1408E-11  0.1408E-11
CALSDV   55   13  0.1463E-11  0.1463E-11
CALSDV   56   13  0.1504E-11  0.1504E-11
CALSDV   57   13  0.1564E-11  0.1564E-11
CALSDV   58   13  0.1617E-11  0.1617E-11
CALSDV   59   13  0.1696E-11  0.1696E-11
CALSDV   60   13  0.1755E-11  0.1755E-11
CALSDV   14   14  0.3976E-11  0.3967E-11
CALSDV   15   14  0.4944E-11  0.4981E-11
CALSDV   16   14  0.3106E-11  0.3111E-11
CALSDV   17   14  0.2561E-11  0.2588E-11
CALSDV   18   14  0.2531E-11  0.2534E-11
CALSDV   19   14  0.1890E-11  0.1900E-11
CALSDV   20   14  0.1891E-11  0.1893E-11
CALSDV   21   14  0.1699E-11  0.1702E-11
CALSDV   22   14  0.1489E-11  0.1493E-11
CALSDV   23   14  0.1590E-11  0.1590E-11
CALSDV   24   14  0.1296E-11  0.1299E-11
CALSDV   25   14  0.1494E-11  0.1493E-11
CALSDV   26   14  0.1224E-11  0.1227E-11
CALSDV   27   14  0.1408E-11  0.1407E-11
CALSDV   28   14  0.1205E-11  0.1208E-11
CALSDV   29   14  0.1336E-11  0.1336E-11
CALSDV   30   14  0.1204E-11  0.1207E-11
CALSDV   31   14  0.1280E-11  0.1281E-11
CALSDV   32   14  0.1210E-11  0.1211E-11
CALSDV   33   14  0.1238E-11  0.1240E-11
CALSDV   34   14  0.1216E-11  0.1217E-11
CALSDV   35   14  0.1211E-11  0.1213E-11
CALSDV   36   14  0.1222E-11  0.1224E-11
CALSDV   37   14  0.1196E-11  0.1198E-11
CALSDV   38   14  0.1231E-11  0.1233E-11
CALSDV   39   14  0.1190E-11  0.1193E-11
CALSDV   40   14  0.1243E-11  0.1245E-11
CALSDV   41   14  0.1196E-11  0.1199E-11
CALSDV   42   14  0.1259E-11  0.1261E-11
CALSDV   43   14  0.1212E-11  0.1214E-11
CALSDV   44   14  0.1280E-11  0.1282E-11
CALSDV   45   14  0.1236E-11  0.1239E-11
CALSDV   46   14  0.1308E-11  0.1310E-11
CALSDV   47   14  0.1270E-11  0.1272E-11
CALSDV   48   14  0.1343E-11  0.1345E-11
CALSDV   49   14  0.1313E-11  0.1315E-11
CALSDV   50   14  0.1387E-11  0.1389E-11
CALSDV   51   14  0.1366E-11  0.1368E-11
CALSDV   52   14  0.1440E-11  0.1442E-11
CALSDV   53   14  0.1430E-11  0.1433E-11
CALSDV   54   14  0.1505E-11  0.1508E-11
CALSDV   55   14  0.1507E-11  0.1509E-11
CALSDV   56   14  0.1584E-11  0.1586E-11
CALSDV   57   14  0.1602E-11  0.1604E-11
CALSDV   58   14  0.1683E-11  0.1685E-11
CALSDV   59   14  0.1735E-11  0.1738E-11
CALSDV   60   14  0.1825E-11  0.1828E-11
CALSDV   15   15  0.4941E-11  0.5014E-11
CALSDV   16   15  0.4618E-11  0.4615E-11
CALSDV   17   15  0.3233E-11  0.3232E-11
CALSDV   18   15  0.2451E-11  0.2446E-11
CALSDV   19   15  0.2855E-11  0.2845E-11
CALSDV   20   15  0.1862E-11  0.1857E-11
CALSDV   21   15  0.2296E-11  0.2290E-11
CALSDV   22   15  0.1647E-11  0.1644E-11
CALSDV   23   15  0.1872E-11  0.1865E-11
CALSDV   24   15  0.1497E-11  0.1495E-11
CALSDV   25   15  0.1597E-11  0.1592E-11
CALSDV   26   15  0.1371E-11  0.1369E-11
CALSDV   27   15  0.1436E-11  0.1432E-11
CALSDV   28   15  0.1272E-11  0.1270E-11
CALSDV   29   15  0.1344E-11  0.1341E-11
CALSDV   30   15  0.1202E-11  0.1198E-11
CALSDV   31   15  0.1292E-11  0.1289E-11
CALSDV   32   15  0.1156E-11  0.1152E-11
CALSDV   33   15  0.1264E-11  0.1261E-11
CALSDV   34   15  0.1132E-11  0.1128E-11
CALSDV   35   15  0.1250E-11  0.1247E-11
CALSDV   36   15  0.1125E-11  0.1121E-11
CALSDV   37   15  0.1246E-11  0.1243E-11
CALSDV   38   15  0.1131E-11  0.1127E-11
CALSDV   39   15  0.1250E-11  0.1247E-11
CALSDV   40   15  0.1148E-11  0.1144E-11
CALSDV   41   15  0.1260E-11  0.1257E-11
CALSDV   42   15  0.1175E-11  0.1171E-11
CALSDV   43   15  0.1278E-11  0.1275E-11
CALSDV   44   15  0.1209E-11  0.1205E-11
CALSDV   45   15  0.1302E-11  0.1299E-11
CALSDV   46   15  0.1251E-11  0.1247E-11
CALSDV   47   15  0.1334E-11  0.1331E-11
CALSDV   48   15  0.1301E-11  0.1297E-11
CALSDV   49   15  0.1375E-11  0.1371E-11
CALSDV   50   15  0.1358E-11  0.1354E-11
CALSDV   51   15  0.1424E-11  0.1420E-11
CALSDV   52   15  0.1424E-11  0.1420E-11
CALSDV   53   15  0.1483E-11  0.1479E-11
CALSDV   54   15  0.1500E-11  0.1496E-11
CALSDV   55   15  0.1555E-11  0.1550E-11
CALSDV   56   15  0.1588E-11  0.1583E-11
CALSDV   57   15  0.1643E-11  0.1639E-11
CALSDV   58   15  0.1692E-11  0.1687E-11
CALSDV   59   15  0.1777E-11  0.1772E-11
CALSDV   60   15  0.1835E-11  0.1829E-11
CALSDV   16   16  0.3433E-11  0.3426E-11
CALSDV   17   16  0.4905E-11  0.4926E-11
CALSDV   18   16  0.3152E-11  0.3171E-11
CALSDV   19   16  0.2698E-11  0.2703E-11
CALSDV   20   16  0.2703E-11  0.2717E-11
CALSDV   21   16  0.2031E-11  0.2038E-11
CALSDV   22   16  0.2036E-11  0.2043E-11
CALSDV   23   16  0.1798E-11  0.1804E-11
CALSDV   24   16  0.1582E-11  0.1584E-11
CALSDV   25   16  0.1655E-11  0.1660E-11
CALSDV   26   16  0.1361E-11  0.1361E-11
CALSDV   27   16  0.1541E-11  0.1546E-11
CALSDV   28   16  0.1291E-11  0.1291E-11
CALSDV   29   16  0.1451E-11  0.1456E-11
CALSDV   30   16  0.1293E-11  0.1292E-11
CALSDV   31   16  0.1386E-11  0.1391E-11
CALSDV   32   16  0.1316E-11  0.1315E-11
CALSDV   33   16  0.1341E-11  0.1347E-11
CALSDV   34   16  0.1341E-11  0.1341E-11
CALSDV   35   16  0.1315E-11  0.1321E-11
CALSDV   36   16  0.1363E-11  0.1364E-11
CALSDV   37   16  0.1303E-11  0.1309E-11
CALSDV   38   16  0.1382E-11  0.1383E-11
CALSDV   39   16  0.1302E-11  0.1308E-11
CALSDV   40   16  0.1398E-11  0.1401E-11
CALSDV   41   16  0.1310E-11  0.1317E-11
CALSDV   42   16  0.1416E-11  0.1419E-11
CALSDV   43   16  0.1327E-11  0.1333E-11
CALSDV   44   16  0.1435E-11  0.1439E-11
CALSDV   45   16  0.1351E-11  0.1358E-11
CALSDV   46   16  0.1457E-11  0.1462E-11
CALSDV   47   16  0.1383E-11  0.1390E-11
CALSDV   48   16  0.1485E-11  0.1491E-11
CALSDV   49   16  0.1422E-11  0.1429E-11
CALSDV   50   16  0.1519E-11  0.1526E-11
CALSDV   51   16  0.1469E-11  0.1476E-11
CALSDV   52   16  0.1562E-11  0.1568E-11
CALSDV   53   16  0.1525E-11  0.1533E-11
CALSDV   54   16  0.1614E-11  0.1622E-11
CALSDV   55   16  0.1592E-11  0.1600E-11
CALSDV   56   16  0.1679E-11  0.1687E-11
CALSDV   57   16  0.1675E-11  0.1684E-11
CALSDV   58   16  0.1763E-11  0.1771E-11
CALSDV   59   16  0.1809E-11  0.1818E-11
CALSDV   60   16  0.1903E-11  0.1913E-11
CALSDV   17   17  0.3353E-11  0.3351E-11
CALSDV   18   17  0.3878E-11  0.3882E-11
CALSDV   19   17  0.3038E-11  0.3041E-11
CALSDV   20   17  0.2196E-11  0.2201E-11
CALSDV   21   17  0.2663E-11  0.2665E-11
CALSDV   22   17  0.2022E-11  0.2028E-11
CALSDV   23   17  0.2069E-11  0.2068E-11
CALSDV   24   17  0.1914E-11  0.1917E-11
CALSDV   25   17  0.1641E-11  0.1636E-11
CALSDV   26   17  0.1736E-11  0.1739E-11
CALSDV   27   17  0.1402E-11  0.1395E-11
CALSDV   28   17  0.1547E-11  0.1549E-11
CALSDV   29   17  0.1293E-11  0.1285E-11
CALSDV   30   17  0.1389E-11  0.1390E-11
CALSDV   31   17  0.1255E-11  0.1249E-11
CALSDV   32   17  0.1277E-11  0.1278E-11
CALSDV   33   17  0.1251E-11  0.1245E-11
CALSDV   34   17  0.1210E-11  0.1211E-11
CALSDV   35   17  0.1260E-11  0.1256E-11
CALSDV   36   17  0.1182E-11  0.1182E-11
CALSDV   37   17  0.1277E-11  0.1274E-11
CALSDV   38   17  0.1182E-11  0.1183E-11
CALSDV   39   17  0.1297E-11  0.1295E-11
CALSDV   40   17  0.1203E-11  0.1203E-11
CALSDV   41   17  0.1320E-11  0.1318E-11
CALSDV   42   17  0.1237E-11  0.1237E-11
CALSDV   43   17  0.1347E-11  0.1346E-11
CALSDV   44   17  0.1281E-11  0.1281E-11
CALSDV   45   17  0.1379E-11  0.1378E-11
CALSDV   46   17  0.1331E-11  0.1331E-11
CALSDV   47   17  0.1415E-11  0.1414E-11
CALSDV   48   17  0.1387E-11  0.1387E-11
CALSDV   49   17  0.1457E-11  0.1457E-11
CALSDV   50   17  0.1449E-11  0.1448E-11
CALSDV   51   17  0.1506E-11  0.1505E-11
CALSDV   52   17  0.1515E-11  0.1515E-11
CALSDV   53   17  0.1563E-11  0.1562E-11
CALSDV   54   17  0.1589E-11  0.1589E-11
CALSDV   55   17  0.1629E-11  0.1628E-11
CALSDV   56   17  0.1670E-11  0.1670E-11
CALSDV   57   17  0.1709E-11  0.1709E-11
CALSDV   58   17  0.1766E-11  0.1765E-11
CALSDV   59   17  0.1841E-11  0.1840E-11
CALSDV   60   17  0.1910E-11  0.1910E-11
CALSDV   18   18  0.3759E-11  0.3748E-11
CALSDV   19   18  0.3989E-11  0.3971E-11
CALSDV   20   18  0.3333E-11  0.3334E-11
CALSDV   21   18  0.2116E-11  0.2105E-11
CALSDV   22   18  0.2819E-11  0.2816E-11
CALSDV   23   18  0.1894E-11  0.1891E-11
CALSDV   24   18  0.2088E-11  0.2082E-11
CALSDV   25   18  0.1834E-11  0.1833E-11
CALSDV   26   18  0.1597E-11  0.1592E-11
CALSDV   27   18  0.1720E-11  0.1719E-11
CALSDV   28   18  0.1387E-11  0.1384E-11
CALSDV   29   18  0.1591E-11  0.1589E-11
CALSDV   30   18  0.1360E-11  0.1357E-11
CALSDV   31   18  0.1484E-11  0.1482E-11
CALSDV   32   18  0.1404E-11  0.1402E-11
CALSDV   33   18  0.1413E-11  0.1410E-11
CALSDV   34   18  0.1460E-11  0.1459E-11
CALSDV   35   18  0.1374E-11  0.1372E-11
CALSDV   36   18  0.1509E-11  0.1508E-11
CALSDV   37   18  0.1362E-11  0.1360E-11
CALSDV   38   18  0.1546E-11  0.1545E-11
CALSDV   39   18  0.1369E-11  0.1367E-11
CALSDV   40   18  0.1574E-11  0.1573E-11
CALSDV   41   18  0.1389E-11  0.1388E-11
CALSDV   42   18  0.1596E-11  0.1595E-11
CALSDV   43   18  0.1417E-11  0.1415E-11
CALSDV   44   18  0.1615E-11  0.1613E-11
CALSDV   45   18  0.1451E-11  0.1449E-11
CALSDV   46   18  0.1633E-11  0.1632E-11
CALSDV   47   18  0.1490E-11  0.1488E-11
CALSDV   48   18  0.1653E-11  0.1652E-11
CALSDV   49   18  0.1532E-11  0.1530E-11
CALSDV   50   18  0.1677E-11  0.1676E-11
CALSDV   51   18  0.1579E-11  0.1578E-11
CALSDV   52   18  0.1707E-11  0.1706E-11
CALSDV   53   18  0.1632E-11  0.1630E-11
CALSDV   54   18  0.1745E-11  0.1744E-11
CALSDV   55   18  0.1691E-11  0.1690E-11
CALSDV   56   18  0.1794E-11  0.1793E-11
CALSDV   57   18  0.1763E-11  0.1762E-11
CALSDV   58   18  0.1859E-11  0.1858E-11
CALSDV   59   18  0.1891E-11  0.1890E-11
CALSDV   60   18  0.1991E-11  0.1991E-11
CALSDV   19   19  0.3073E-11  0.3059E-11
CALSDV   20   19  0.3691E-11  0.3697E-11
CALSDV   21   19  0.3047E-11  0.3040E-11
CALSDV   22   19  0.2115E-11  0.2131E-11
CALSDV   23   19  0.2654E-11  0.2649E-11
CALSDV   24   19  0.2176E-11  0.2186E-11
CALSDV   25   19  0.2064E-11  0.2061E-11
CALSDV   26   19  0.2179E-11  0.2187E-11
CALSDV   27   19  0.1660E-11  0.1658E-11
CALSDV   28   19  0.2037E-11  0.2043E-11
CALSDV   29   19  0.1451E-11  0.1449E-11
CALSDV   30   19  0.1848E-11  0.1853E-11
CALSDV   31   19  0.1366E-11  0.1364E-11
CALSDV   32   19  0.1676E-11  0.1679E-11
CALSDV   33   19  0.1344E-11  0.1340E-11
CALSDV   34   19  0.1546E-11  0.1549E-11
CALSDV   35   19  0.1347E-11  0.1344E-11
CALSDV   36   19  0.1464E-11  0.1465E-11
CALSDV   37   19  0.1363E-11  0.1359E-11
CALSDV   38   19  0.1424E-11  0.1423E-11
CALSDV   39   19  0.1384E-11  0.1380E-11
CALSDV   40   19  0.1415E-11  0.1415E-11
CALSDV   41   19  0.1409E-11  0.1406E-11
CALSDV   42   19  0.1430E-11  0.1430E-11
CALSDV   43   19  0.1438E-11  0.1435E-11
CALSDV   44   19  0.1460E-11  0.1459E-11
CALSDV   45   19  0.1472E-11  0.1469E-11
CALSDV   46   19  0.1500E-11  0.1499E-11
CALSDV   47   19  0.1509E-11  0.1507E-11
CALSDV   48   19  0.1547E-11  0.1546E-11
CALSDV   49   19  0.1553E-11  0.1550E-11
CALSDV   50   19  0.1600E-11  0.1599E-11
CALSDV   51   19  0.1601E-11  0.1599E-11
CALSDV   52   19  0.1656E-11  0.1655E-11
CALSDV   53   19  0.1655E-11  0.1653E-11
CALSDV   54   19  0.1718E-11  0.1717E-11
CALSDV   55   19  0.1715E-11  0.1713E-11
CALSDV   56   19  0.1785E-11  0.1784E-11
CALSDV   57   19  0.1786E-11  0.1785E-11
CALSDV   58   19  0.1864E-11  0.1862E-11
CALSDV   59   19  0.1912E-11  0.1911E-11
CALSDV   60   19  0.2000E-11  0.1999E-11
CALSDV   20   20  0.3607E-11  0.3629E-11
CALSDV   21   20  0.3797E-11  0.3797E-11
CALSDV   22   20  0.3430E-11  0.3437E-11
CALSDV   23   20  0.2015E-11  0.2019E-11
CALSDV   24   20  0.2943E-11  0.2944E-11
CALSDV   25   20  0.1961E-11  0.1964E-11
CALSDV   26   20  0.2197E-11  0.2198E-11
CALSDV   27   20  0.1948E-11  0.1950E-11
CALSDV   28   20  0.1686E-11  0.1687E-11
CALSDV   29   20  0.1821E-11  0.1821E-11
CALSDV   30   20  0.1468E-11  0.1467E-11
CALSDV   31   20  0.1665E-11  0.1664E-11
CALSDV   32   20  0.1443E-11  0.1441E-11
CALSDV   33   20  0.1538E-11  0.1537E-11
CALSDV   34   20  0.1496E-11  0.1494E-11
CALSDV   35   20  0.1462E-11  0.1460E-11
CALSDV   36   20  0.1563E-11  0.1561E-11
CALSDV   37   20  0.1434E-11  0.1432E-11
CALSDV   38   20  0.1622E-11  0.1621E-11
CALSDV   39   20  0.1441E-11  0.1439E-11
CALSDV   40   20  0.1669E-11  0.1667E-11
CALSDV   41   20  0.1469E-11  0.1468E-11
CALSDV   42   20  0.1705E-11  0.1704E-11
CALSDV   43   20  0.1510E-11  0.1510E-11
CALSDV   44   20  0.1733E-11  0.1732E-11
CALSDV   45   20  0.1557E-11  0.1556E-11
CALSDV   46   20  0.1757E-11  0.1756E-11
CALSDV   47   20  0.1604E-11  0.1604E-11
CALSDV   48   20  0.1779E-11  0.1778E-11
CALSDV   49   20  0.1653E-11  0.1652E-11
CALSDV   50   20  0.1802E-11  0.1802E-11
CALSDV   51   20  0.1701E-11  0.1700E-11
CALSDV   52   20  0.1828E-11  0.1828E-11
CALSDV   53   20  0.1749E-11  0.1749E-11
CALSDV   54   20  0.1860E-11  0.1859E-11
CALSDV   55   20  0.1800E-11  0.1800E-11
CALSDV   56   20  0.1897E-11  0.1897E-11
CALSDV   57   20  0.1857E-11  0.1857E-11
CALSDV   58   20  0.1948E-11  0.1948E-11
CALSDV   59   20  0.1976E-11  0.1975E-11
CALSDV   60   20  0.2069E-11  0.2068E-11
CALSDV   21   21  0.3118E-11  0.3115E-11
CALSDV   22   21  0.3657E-11  0.3655E-11
CALSDV   23   21  0.3071E-11  0.3070E-11
CALSDV   24   21  0.1999E-11  0.1988E-11
CALSDV   25   21  0.2650E-11  0.2649E-11
CALSDV   26   21  0.2210E-11  0.2205E-11
CALSDV   27   21  0.2077E-11  0.2078E-11
CALSDV   28   21  0.2311E-11  0.2308E-11
CALSDV   29   21  0.1724E-11  0.1727E-11
CALSDV   30   21  0.2212E-11  0.2210E-11
CALSDV   31   21  0.1572E-11  0.1574E-11
CALSDV   32   21  0.2041E-11  0.2039E-11
CALSDV   33   21  0.1524E-11  0.1527E-11
CALSDV   34   21  0.1874E-11  0.1872E-11
CALSDV   35   21  0.1519E-11  0.1521E-11
CALSDV   36   21  0.1747E-11  0.1745E-11
CALSDV   37   21  0.1527E-11  0.1528E-11
CALSDV   38   21  0.1668E-11  0.1666E-11
CALSDV   39   21  0.1541E-11  0.1541E-11
CALSDV   40   21  0.1632E-11  0.1629E-11
CALSDV   41   21  0.1559E-11  0.1558E-11
CALSDV   42   21  0.1627E-11  0.1625E-11
CALSDV   43   21  0.1582E-11  0.1581E-11
CALSDV   44   21  0.1645E-11  0.1644E-11
CALSDV   45   21  0.1610E-11  0.1608E-11
CALSDV   46   21  0.1677E-11  0.1676E-11
CALSDV   47   21  0.1642E-11  0.1641E-11
CALSDV   48   21  0.1716E-11  0.1716E-11
CALSDV   49   21  0.1679E-11  0.1679E-11
CALSDV   50   21  0.1761E-11  0.1761E-11
CALSDV   51   21  0.1722E-11  0.1721E-11
CALSDV   52   21  0.1807E-11  0.1809E-11
CALSDV   53   21  0.1768E-11  0.1769E-11
CALSDV   54   21  0.1857E-11  0.1858E-11
CALSDV   55   21  0.1819E-11  0.1820E-11
CALSDV   56   21  0.1909E-11  0.1910E-11
CALSDV   57   21  0.1877E-11  0.1879E-11
CALSDV   58   21  0.1968E-11  0.1970E-11
CALSDV   59   21  0.1991E-11  0.1993E-11
CALSDV   60   21  0.2090E-11  0.2092E-11
CALSDV   22   22  0.3098E-11  0.3076E-11
CALSDV   23   22  0.3742E-11  0.3733E-11
CALSDV   24   22  0.3412E-11  0.3411E-11
CALSDV   25   22  0.1986E-11  0.1983E-11
CALSDV   26   22  0.2977E-11  0.2979E-11
CALSDV   27   22  0.2058E-11  0.2054E-11
CALSDV   28   22  0.2253E-11  0.2254E-11
CALSDV   29   22  0.2076E-11  0.2072E-11
CALSDV   30   22  0.1759E-11  0.1760E-11
CALSDV   31   22  0.1930E-11  0.1926E-11
CALSDV   32   22  0.1552E-11  0.1552E-11
CALSDV   33   22  0.1742E-11  0.1738E-11
CALSDV   34   22  0.1531E-11  0.1531E-11
CALSDV   35   22  0.1593E-11  0.1589E-11
CALSDV   36   22  0.1585E-11  0.1585E-11
CALSDV   37   22  0.1513E-11  0.1508E-11
CALSDV   38   22  0.1653E-11  0.1654E-11
CALSDV   39   22  0.1496E-11  0.1493E-11
CALSDV   40   22  0.1715E-11  0.1716E-11
CALSDV   41   22  0.1525E-11  0.1523E-11
CALSDV   42   22  0.1766E-11  0.1768E-11
CALSDV   43   22  0.1579E-11  0.1577E-11
CALSDV   44   22  0.1809E-11  0.1810E-11
CALSDV   45   22  0.1643E-11  0.1642E-11
CALSDV   46   22  0.1844E-11  0.1846E-11
CALSDV   47   22  0.1708E-11  0.1707E-11
CALSDV   48   22  0.1876E-11  0.1877E-11
CALSDV   49   22  0.1768E-11  0.1768E-11
CALSDV   50   22  0.1905E-11  0.1907E-11
CALSDV   51   22  0.1823E-11  0.1823E-11
CALSDV   52   22  0.1935E-11  0.1936E-11
CALSDV   53   22  0.1872E-11  0.1872E-11
CALSDV   54   22  0.1965E-11  0.1966E-11
CALSDV   55   22  0.1916E-11  0.1916E-11
CALSDV   56   22  0.1998E-11  0.1999E-11
CALSDV   57   22  0.1960E-11  0.1961E-11
CALSDV   58   22  0.2037E-11  0.2038E-11
CALSDV   59   22  0.2062E-11  0.2062E-11
CALSDV   60   22  0.2145E-11  0.2145E-11
CALSDV   23   23  0.3036E-11  0.3072E-11
CALSDV   24   23  0.3705E-11  0.3689E-11
CALSDV   25   23  0.3092E-11  0.3079E-11
CALSDV   26   23  0.1910E-11  0.1908E-11
CALSDV   27   23  0.2641E-11  0.2640E-11
CALSDV   28   23  0.2186E-11  0.2181E-11
CALSDV   29   23  0.2078E-11  0.2077E-11
CALSDV   30   23  0.2328E-11  0.2321E-11
CALSDV   31   23  0.1777E-11  0.1773E-11
CALSDV   32   23  0.2237E-11  0.2226E-11
CALSDV   33   23  0.1682E-11  0.1673E-11
CALSDV   34   23  0.2061E-11  0.2046E-11
CALSDV   35   23  0.1672E-11  0.1661E-11
CALSDV   36   23  0.1891E-11  0.1874E-11
CALSDV   37   23  0.1684E-11  0.1672E-11
CALSDV   38   23  0.1770E-11  0.1752E-11
CALSDV   39   23  0.1696E-11  0.1685E-11
CALSDV   40   23  0.1708E-11  0.1689E-11
CALSDV   41   23  0.1710E-11  0.1698E-11
CALSDV   42   23  0.1696E-11  0.1678E-11
CALSDV   43   23  0.1726E-11  0.1714E-11
CALSDV   44   23  0.1717E-11  0.1701E-11
CALSDV   45   23  0.1748E-11  0.1737E-11
CALSDV   46   23  0.1760E-11  0.1746E-11
CALSDV   47   23  0.1776E-11  0.1766E-11
CALSDV   48   23  0.1812E-11  0.1800E-11
CALSDV   49   23  0.1810E-11  0.1801E-11
CALSDV   50   23  0.1867E-11  0.1857E-11
CALSDV   51   23  0.1848E-11  0.1841E-11
CALSDV   52   23  0.1921E-11  0.1912E-11
CALSDV   53   23  0.1890E-11  0.1883E-11
CALSDV   54   23  0.1973E-11  0.1966E-11
CALSDV   55   23  0.1933E-11  0.1926E-11
CALSDV   56   23  0.2022E-11  0.2014E-11
CALSDV   57   23  0.1979E-11  0.1973E-11
CALSDV   58   23  0.2071E-11  0.2065E-11
CALSDV   59   23  0.2079E-11  0.2072E-11
CALSDV   60   23  0.2177E-11  0.2171E-11
CALSDV   24   24  0.2992E-11  0.3001E-11
CALSDV   25   24  0.3774E-11  0.3779E-11
CALSDV   26   24  0.3454E-11  0.3453E-11
CALSDV   27   24  0.2028E-11  0.2028E-11
CALSDV   28   24  0.3013E-11  0.3013E-11
CALSDV   29   24  0.2199E-11  0.2199E-11
CALSDV   30   24  0.2306E-11  0.2305E-11
CALSDV   31   24  0.2235E-11  0.2237E-11
CALSDV   32   24  0.1848E-11  0.1848E-11
CALSDV   33   24  0.2062E-11  0.2066E-11
CALSDV   34   24  0.1670E-11  0.1670E-11
CALSDV   35   24  0.1841E-11  0.1845E-11
CALSDV   36   24  0.1657E-11  0.1657E-11
CALSDV   37   24  0.1668E-11  0.1672E-11
CALSDV   38   24  0.1706E-11  0.1706E-11
CALSDV   39   24  0.1584E-11  0.1588E-11
CALSDV   40   24  0.1766E-11  0.1766E-11
CALSDV   41   24  0.1583E-11  0.1586E-11
CALSDV   42   24  0.1823E-11  0.1823E-11
CALSDV   43   24  0.1636E-11  0.1638E-11
CALSDV   44   24  0.1873E-11  0.1874E-11
CALSDV   45   24  0.1715E-11  0.1716E-11
CALSDV   46   24  0.1919E-11  0.1920E-11
CALSDV   47   24  0.1800E-11  0.1800E-11
CALSDV   48   24  0.1961E-11  0.1961E-11
CALSDV   49   24  0.1878E-11  0.1878E-11
CALSDV   50   24  0.1999E-11  0.2000E-11
CALSDV   51   24  0.1945E-11  0.1944E-11
CALSDV   52   24  0.2036E-11  0.2036E-11
CALSDV   53   24  0.1999E-11  0.1998E-11
CALSDV   54   24  0.2070E-11  0.2070E-11
CALSDV   55   24  0.2039E-11  0.2038E-11
CALSDV   56   24  0.2101E-11  0.2101E-11
CALSDV   57   24  0.2070E-11  0.2069E-11
CALSDV   58   24  0.2134E-11  0.2133E-11
CALSDV   59   24  0.2154E-11  0.2153E-11
CALSDV   60   24  0.2225E-11  0.2225E-11
CALSDV   25   25  0.3084E-11  0.3104E-11
CALSDV   26   25  0.3852E-11  0.3853E-11
CALSDV   27   25  0.3302E-11  0.3297E-11
CALSDV   28   25  0.1981E-11  0.1982E-11
CALSDV   29   25  0.2781E-11  0.2774E-11
CALSDV   30   25  0.2273E-11  0.2278E-11
CALSDV   31   25  0.2143E-11  0.2137E-11
CALSDV   32   25  0.2431E-11  0.2436E-11
CALSDV   33   25  0.1861E-11  0.1857E-11
CALSDV   34   25  0.2347E-11  0.2352E-11
CALSDV   35   25  0.1848E-11  0.1848E-11
CALSDV   36   25  0.2183E-11  0.2188E-11
CALSDV   37   25  0.1922E-11  0.1924E-11
CALSDV   38   25  0.2036E-11  0.2041E-11
CALSDV   39   25  0.1995E-11  0.1997E-11
CALSDV   40   25  0.1948E-11  0.1953E-11
CALSDV   41   25  0.2043E-11  0.2047E-11
CALSDV   42   25  0.1919E-11  0.1924E-11
CALSDV   43   25  0.2072E-11  0.2075E-11
CALSDV   44   25  0.1935E-11  0.1939E-11
CALSDV   45   25  0.2088E-11  0.2091E-11
CALSDV   46   25  0.1976E-11  0.1978E-11
CALSDV   47   25  0.2098E-11  0.2100E-11
CALSDV   48   25  0.2027E-11  0.2029E-11
CALSDV   49   25  0.2105E-11  0.2108E-11
CALSDV   50   25  0.2077E-11  0.2080E-11
CALSDV   51   25  0.2112E-11  0.2114E-11
CALSDV   52   25  0.2122E-11  0.2124E-11
CALSDV   53   25  0.2119E-11  0.2121E-11
CALSDV   54   25  0.2159E-11  0.2161E-11
CALSDV   55   25  0.2125E-11  0.2126E-11
CALSDV   56   25  0.2187E-11  0.2187E-11
CALSDV   57   25  0.2131E-11  0.2132E-11
CALSDV   58   25  0.2207E-11  0.2208E-11
CALSDV   59   25  0.2194E-11  0.2195E-11
CALSDV   60   25  0.2285E-11  0.2286E-11
CALSDV   26   26  0.3061E-11  0.3108E-11
CALSDV   27   26  0.3926E-11  0.3924E-11
CALSDV   28   26  0.3531E-11  0.3534E-11
CALSDV   29   26  0.2201E-11  0.2186E-11
CALSDV   30   26  0.3058E-11  0.3058E-11
CALSDV   31   26  0.2439E-11  0.2427E-11
CALSDV   32   26  0.2370E-11  0.2369E-11
CALSDV   33   26  0.2478E-11  0.2470E-11
CALSDV   34   26  0.1963E-11  0.1963E-11
CALSDV   35   26  0.2278E-11  0.2273E-11
CALSDV   36   26  0.1824E-11  0.1825E-11
CALSDV   37   26  0.2023E-11  0.2019E-11
CALSDV   38   26  0.1820E-11  0.1821E-11
CALSDV   39   26  0.1828E-11  0.1824E-11
CALSDV   40   26  0.1859E-11  0.1859E-11
CALSDV   41   26  0.1738E-11  0.1736E-11
CALSDV   42   26  0.1906E-11  0.1906E-11
CALSDV   43   26  0.1745E-11  0.1744E-11
CALSDV   44   26  0.1953E-11  0.1952E-11
CALSDV   45   26  0.1812E-11  0.1811E-11
CALSDV   46   26  0.2000E-11  0.1999E-11
CALSDV   47   26  0.1903E-11  0.1903E-11
CALSDV   48   26  0.2046E-11  0.2046E-11
CALSDV   49   26  0.1995E-11  0.1995E-11
CALSDV   50   26  0.2092E-11  0.2092E-11
CALSDV   51   26  0.2074E-11  0.2074E-11
CALSDV   52   26  0.2137E-11  0.2136E-11
CALSDV   53   26  0.2133E-11  0.2133E-11
CALSDV   54   26  0.2176E-11  0.2176E-11
CALSDV   55   26  0.2170E-11  0.2170E-11
CALSDV   56   26  0.2208E-11  0.2208E-11
CALSDV   57   26  0.2188E-11  0.2189E-11
CALSDV   58   26  0.2233E-11  0.2233E-11
CALSDV   59   26  0.2248E-11  0.2248E-11
CALSDV   60   26  0.2309E-11  0.2309E-11
CALSDV   27   27  0.3084E-11  0.3068E-11
CALSDV   28   27  0.4021E-11  0.4027E-11
CALSDV   29   27  0.3654E-11  0.3647E-11
CALSDV   30   27  0.2124E-11  0.2131E-11
CALSDV   31   27  0.3063E-11  0.3056E-11
CALSDV   32   27  0.2411E-11  0.2414E-11
CALSDV   33   27  0.2288E-11  0.2286E-11
CALSDV   34   27  0.2537E-11  0.2538E-11
CALSDV   35   27  0.1950E-11  0.1951E-11
CALSDV   36   27  0.2414E-11  0.2413E-11
CALSDV   37   27  0.1986E-11  0.1990E-11
CALSDV   38   27  0.2224E-11  0.2223E-11
CALSDV   39   27  0.2144E-11  0.2145E-11
CALSDV   40   27  0.2077E-11  0.2076E-11
CALSDV   41   27  0.2287E-11  0.2286E-11
CALSDV   42   27  0.2012E-11  0.2012E-11
CALSDV   43   27  0.2382E-11  0.2382E-11
CALSDV   44   27  0.2020E-11  0.2020E-11
CALSDV   45   27  0.2435E-11  0.2434E-11
CALSDV   46   27  0.2072E-11  0.2072E-11
CALSDV   47   27  0.2455E-11  0.2453E-11
CALSDV   48   27  0.2142E-11  0.2143E-11
CALSDV   49   27  0.2453E-11  0.2451E-11
CALSDV   50   27  0.2212E-11  0.2212E-11
CALSDV   51   27  0.2434E-11  0.2432E-11
CALSDV   52   27  0.2271E-11  0.2271E-11
CALSDV   53   27  0.2405E-11  0.2403E-11
CALSDV   54   27  0.2312E-11  0.2312E-11
CALSDV   55   27  0.2364E-11  0.2363E-11
CALSDV   56   27  0.2333E-11  0.2333E-11
CALSDV   57   27  0.2319E-11  0.2318E-11
CALSDV   58   27  0.2337E-11  0.2337E-11
CALSDV   59   27  0.2330E-11  0.2329E-11
CALSDV   60   27  0.2388E-11  0.2388E-11
CALSDV   28   28  0.3151E-11  0.3165E-11
CALSDV   29   28  0.4047E-11  0.4040E-11
CALSDV   30   28  0.3644E-11  0.3643E-11
CALSDV   31   28  0.2281E-11  0.2279E-11
CALSDV   32   28  0.3118E-11  0.3116E-11
CALSDV   33   28  0.2598E-11  0.2598E-11
CALSDV   34   28  0.2442E-11  0.2443E-11
CALSDV   35   28  0.2656E-11  0.2654E-11
CALSDV   36   28  0.2094E-11  0.2094E-11
CALSDV   37   28  0.2440E-11  0.2438E-11
CALSDV   38   28  0.2002E-11  0.2000E-11
CALSDV   39   28  0.2167E-11  0.2163E-11
CALSDV   40   28  0.2009E-11  0.2006E-11
CALSDV   41   28  0.1967E-11  0.1963E-11
CALSDV   42   28  0.2039E-11  0.2036E-11
CALSDV   43   28  0.1891E-11  0.1886E-11
CALSDV   44   28  0.2071E-11  0.2069E-11
CALSDV   45   28  0.1918E-11  0.1915E-11
CALSDV   46   28  0.2108E-11  0.2104E-11
CALSDV   47   28  0.2004E-11  0.2003E-11
CALSDV   48   28  0.2150E-11  0.2147E-11
CALSDV   49   28  0.2107E-11  0.2106E-11
CALSDV   50   28  0.2196E-11  0.2194E-11
CALSDV   51   28  0.2199E-11  0.2200E-11
CALSDV   52   28  0.2244E-11  0.2243E-11
CALSDV   53   28  0.2269E-11  0.2270E-11
CALSDV   54   28  0.2288E-11  0.2289E-11
CALSDV   55   28  0.2307E-11  0.2308E-11
CALSDV   56   28  0.2321E-11  0.2322E-11
CALSDV   57   28  0.2312E-11  0.2314E-11
CALSDV   58   28  0.2340E-11  0.2342E-11
CALSDV   59   28  0.2347E-11  0.2348E-11
CALSDV   60   28  0.2396E-11  0.2398E-11
CALSDV   29   29  0.2956E-11  0.2933E-11
CALSDV   30   29  0.4238E-11  0.4243E-11
CALSDV   31   29  0.3871E-11  0.3866E-11
CALSDV   32   29  0.2376E-11  0.2379E-11
CALSDV   33   29  0.3256E-11  0.3257E-11
CALSDV   34   29  0.2653E-11  0.2655E-11
CALSDV   35   29  0.2444E-11  0.2444E-11
CALSDV   36   29  0.2726E-11  0.2728E-11
CALSDV   37   29  0.2075E-11  0.2074E-11
CALSDV   38   29  0.2554E-11  0.2553E-11
CALSDV   39   29  0.2086E-11  0.2086E-11
CALSDV   40   29  0.2343E-11  0.2341E-11
CALSDV   41   29  0.2227E-11  0.2224E-11
CALSDV   42   29  0.2210E-11  0.2209E-11
CALSDV   43   29  0.2361E-11  0.2356E-11
CALSDV   44   29  0.2185E-11  0.2184E-11
CALSDV   45   29  0.2454E-11  0.2448E-11
CALSDV   46   29  0.2237E-11  0.2237E-11
CALSDV   47   29  0.2508E-11  0.2503E-11
CALSDV   48   29  0.2325E-11  0.2325E-11
CALSDV   49   29  0.2533E-11  0.2528E-11
CALSDV   50   29  0.2413E-11  0.2413E-11
CALSDV   51   29  0.2536E-11  0.2531E-11
CALSDV   52   29  0.2481E-11  0.2482E-11
CALSDV   53   29  0.2520E-11  0.2516E-11
CALSDV   54   29  0.2522E-11  0.2522E-11
CALSDV   55   29  0.2485E-11  0.2482E-11
CALSDV   56   29  0.2529E-11  0.2529E-11
CALSDV   57   29  0.2433E-11  0.2430E-11
CALSDV   58   29  0.2504E-11  0.2504E-11
CALSDV   59   29  0.2420E-11  0.2419E-11
CALSDV   60   29  0.2513E-11  0.2513E-11
CALSDV   30   30  0.3734E-11  0.3730E-11
CALSDV   31   30  0.4338E-11  0.4348E-11
CALSDV   32   30  0.3917E-11  0.3926E-11
CALSDV   33   30  0.2427E-11  0.2427E-11
CALSDV   34   30  0.3277E-11  0.3275E-11
CALSDV   35   30  0.2737E-11  0.2743E-11
CALSDV   36   30  0.2610E-11  0.2606E-11
CALSDV   37   30  0.2806E-11  0.2813E-11
CALSDV   38   30  0.2352E-11  0.2348E-11
CALSDV   39   30  0.2598E-11  0.2604E-11
CALSDV   40   30  0.2338E-11  0.2338E-11
CALSDV   41   30  0.2343E-11  0.2348E-11
CALSDV   42   30  0.2381E-11  0.2383E-11
CALSDV   43   30  0.2176E-11  0.2181E-11
CALSDV   44   30  0.2416E-11  0.2416E-11
CALSDV   45   30  0.2136E-11  0.2138E-11
CALSDV   46   30  0.2434E-11  0.2432E-11
CALSDV   47   30  0.2191E-11  0.2190E-11
CALSDV   48   30  0.2445E-11  0.2444E-11
CALSDV   49   30  0.2286E-11  0.2284E-11
CALSDV   50   30  0.2461E-11  0.2458E-11
CALSDV   51   30  0.2380E-11  0.2377E-11
CALSDV   52   30  0.2479E-11  0.2475E-11
CALSDV   53   30  0.2449E-11  0.2446E-11
CALSDV   54   30  0.2497E-11  0.2493E-11
CALSDV   55   30  0.2478E-11  0.2475E-11
CALSDV   56   30  0.2504E-11  0.2501E-11
CALSDV   57   30  0.2465E-11  0.2461E-11
CALSDV   58   30  0.2494E-11  0.2490E-11
CALSDV   59   30  0.2460E-11  0.2460E-11
CALSDV   60   30  0.2511E-11  0.2511E-11
CALSDV   31   31  0.3174E-11  0.3168E-11
CALSDV   32   31  0.4554E-11  0.4558E-11
CALSDV   33   31  0.4022E-11  0.4023E-11
CALSDV   34   31  0.2743E-11  0.2747E-11
CALSDV   35   31  0.3477E-11  0.3472E-11
CALSDV   36   31  0.2997E-11  0.2999E-11
CALSDV   37   31  0.2710E-11  0.2706E-11
CALSDV   38   31  0.2995E-11  0.2997E-11
CALSDV   39   31  0.2323E-11  0.2323E-11
CALSDV   40   31  0.2749E-11  0.2752E-11
CALSDV   41   31  0.2249E-11  0.2251E-11
CALSDV   42   31  0.2497E-11  0.2500E-11
CALSDV   43   31  0.2297E-11  0.2300E-11
CALSDV   44   31  0.2367E-11  0.2371E-11
CALSDV   45   31  0.2366E-11  0.2368E-11
CALSDV   46   31  0.2374E-11  0.2378E-11
CALSDV   47   31  0.2426E-11  0.2428E-11
CALSDV   48   31  0.2466E-11  0.2468E-11
CALSDV   49   31  0.2476E-11  0.2475E-11
CALSDV   50   31  0.2578E-11  0.2581E-11
CALSDV   51   31  0.2514E-11  0.2512E-11
CALSDV   52   31  0.2672E-11  0.2672E-11
CALSDV   53   31  0.2537E-11  0.2535E-11
CALSDV   54   31  0.2726E-11  0.2725E-11
CALSDV   55   31  0.2537E-11  0.2536E-11
CALSDV   56   31  0.2728E-11  0.2729E-11
CALSDV   57   31  0.2509E-11  0.2507E-11
CALSDV   58   31  0.2680E-11  0.2680E-11
CALSDV   59   31  0.2492E-11  0.2492E-11
CALSDV   60   31  0.2644E-11  0.2645E-11
CALSDV   32   32  0.3108E-11  0.3090E-11
CALSDV   33   32  0.4352E-11  0.4348E-11
CALSDV   34   32  0.3977E-11  0.3972E-11
CALSDV   35   32  0.2522E-11  0.2518E-11
CALSDV   36   32  0.3310E-11  0.3312E-11
CALSDV   37   32  0.2958E-11  0.2957E-11
CALSDV   38   32  0.2617E-11  0.2618E-11
CALSDV   39   32  0.3007E-11  0.3004E-11
CALSDV   40   32  0.2372E-11  0.2374E-11
CALSDV   41   32  0.2741E-11  0.2736E-11
CALSDV   42   32  0.2377E-11  0.2376E-11
CALSDV   43   32  0.2437E-11  0.2433E-11
CALSDV   44   32  0.2426E-11  0.2425E-11
CALSDV   45   32  0.2255E-11  0.2254E-11
CALSDV   46   32  0.2461E-11  0.2462E-11
CALSDV   47   32  0.2233E-11  0.2231E-11
CALSDV   48   32  0.2488E-11  0.2487E-11
CALSDV   49   32  0.2317E-11  0.2315E-11
CALSDV   50   32  0.2516E-11  0.2515E-11
CALSDV   51   32  0.2437E-11  0.2434E-11
CALSDV   52   32  0.2551E-11  0.2550E-11
CALSDV   53   32  0.2538E-11  0.2536E-11
CALSDV   54   32  0.2587E-11  0.2586E-11
CALSDV   55   32  0.2592E-11  0.2590E-11
CALSDV   56   32  0.2610E-11  0.2609E-11
CALSDV   57   32  0.2585E-11  0.2584E-11
CALSDV   58   32  0.2604E-11  0.2604E-11
CALSDV   59   32  0.2562E-11  0.2562E-11
CALSDV   60   32  0.2606E-11  0.2606E-11
CALSDV   33   33  0.3227E-11  0.3218E-11
CALSDV   34   33  0.4439E-11  0.4437E-11
CALSDV   35   33  0.4289E-11  0.4289E-11
CALSDV   36   33  0.2544E-11  0.2540E-11
CALSDV   37   33  0.3575E-11  0.3575E-11
CALSDV   38   33  0.2978E-11  0.2976E-11
CALSDV   39   33  0.2680E-11  0.2679E-11
CALSDV   40   33  0.3014E-11  0.3009E-11
CALSDV   41   33  0.2337E-11  0.2335E-11
CALSDV   42   33  0.2743E-11  0.2737E-11
CALSDV   43   33  0.2419E-11  0.2417E-11
CALSDV   44   33  0.2462E-11  0.2455E-11
CALSDV   45   33  0.2612E-11  0.2612E-11
CALSDV   46   33  0.2329E-11  0.2324E-11
CALSDV   47   33  0.2776E-11  0.2775E-11
CALSDV   48   33  0.2363E-11  0.2359E-11
CALSDV   49   33  0.2877E-11  0.2878E-11
CALSDV   50   33  0.2490E-11  0.2488E-11
CALSDV   51   33  0.2921E-11  0.2922E-11
CALSDV   52   33  0.2634E-11  0.2632E-11
CALSDV   53   33  0.2916E-11  0.2917E-11
CALSDV   54   33  0.2743E-11  0.2743E-11
CALSDV   55   33  0.2865E-11  0.2864E-11
CALSDV   56   33  0.2792E-11  0.2791E-11
CALSDV   57   33  0.2764E-11  0.2766E-11
CALSDV   58   33  0.2769E-11  0.2770E-11
CALSDV   59   33  0.2665E-11  0.2668E-11
CALSDV   60   33  0.2726E-11  0.2728E-11
CALSDV   34   34  0.2975E-11  0.2987E-11
CALSDV   35   34  0.4408E-11  0.4409E-11
CALSDV   36   34  0.4108E-11  0.4111E-11
CALSDV   37   34  0.2599E-11  0.2599E-11
CALSDV   38   34  0.3399E-11  0.3401E-11
CALSDV   39   34  0.3153E-11  0.3149E-11
CALSDV   40   34  0.2701E-11  0.2701E-11
CALSDV   41   34  0.3212E-11  0.3206E-11
CALSDV   42   34  0.2479E-11  0.2473E-11
CALSDV   43   34  0.2936E-11  0.2928E-11
CALSDV   44   34  0.2488E-11  0.2478E-11
CALSDV   45   34  0.2639E-11  0.2632E-11
CALSDV   46   34  0.2528E-11  0.2516E-11
CALSDV   47   34  0.2487E-11  0.2482E-11
CALSDV   48   34  0.2555E-11  0.2544E-11
CALSDV   49   34  0.2494E-11  0.2492E-11
CALSDV   50   34  0.2583E-11  0.2572E-11
CALSDV   51   34  0.2589E-11  0.2591E-11
CALSDV   52   34  0.2624E-11  0.2614E-11
CALSDV   53   34  0.2697E-11  0.2697E-11
CALSDV   54   34  0.2672E-11  0.2666E-11
CALSDV   55   34  0.2757E-11  0.2758E-11
CALSDV   56   34  0.2712E-11  0.2707E-11
CALSDV   57   34  0.2743E-11  0.2742E-11
CALSDV   58   34  0.2717E-11  0.2713E-11
CALSDV   59   34  0.2685E-11  0.2685E-11
CALSDV   60   34  0.2704E-11  0.2702E-11
CALSDV   35   35  0.3197E-11  0.3194E-11
CALSDV   36   35  0.4565E-11  0.4567E-11
CALSDV   37   35  0.4544E-11  0.4541E-11
CALSDV   38   35  0.2671E-11  0.2667E-11
CALSDV   39   35  0.3764E-11  0.3764E-11
CALSDV   40   35  0.3165E-11  0.3164E-11
CALSDV   41   35  0.2828E-11  0.2829E-11
CALSDV   42   35  0.3174E-11  0.3173E-11
CALSDV   43   35  0.2491E-11  0.2489E-11
CALSDV   44   35  0.2871E-11  0.2869E-11
CALSDV   45   35  0.2583E-11  0.2577E-11
CALSDV   46   35  0.2595E-11  0.2592E-11
CALSDV   47   35  0.2775E-11  0.2767E-11
CALSDV   48   35  0.2511E-11  0.2507E-11
CALSDV   49   35  0.2930E-11  0.2921E-11
CALSDV   50   35  0.2601E-11  0.2597E-11
CALSDV   51   35  0.3018E-11  0.3012E-11
CALSDV   52   35  0.2760E-11  0.2756E-11
CALSDV   53   35  0.3045E-11  0.3040E-11
CALSDV   54   35  0.2900E-11  0.2897E-11
CALSDV   55   35  0.3011E-11  0.3007E-11
CALSDV   56   35  0.2969E-11  0.2967E-11
CALSDV   57   35  0.2912E-11  0.2909E-11
CALSDV   58   35  0.2943E-11  0.2941E-11
CALSDV   59   35  0.2783E-11  0.2781E-11
CALSDV   60   35  0.2863E-11  0.2861E-11
CALSDV   36   36  0.3114E-11  0.3107E-11
CALSDV   37   36  0.4548E-11  0.4539E-11
CALSDV   38   36  0.4331E-11  0.4343E-11
CALSDV   39   36  0.2730E-11  0.2729E-11
CALSDV   40   36  0.3545E-11  0.3557E-11
CALSDV   41   36  0.3354E-11  0.3357E-11
CALSDV   42   36  0.2826E-11  0.2831E-11
CALSDV   43   36  0.3422E-11  0.3419E-11
CALSDV   44   36  0.2639E-11  0.2638E-11
CALSDV   45   36  0.3160E-11  0.3149E-11
CALSDV   46   36  0.2683E-11  0.2674E-11
CALSDV   47   36  0.2907E-11  0.2893E-11
CALSDV   48   36  0.2742E-11  0.2730E-11
CALSDV   49   36  0.2812E-11  0.2792E-11
CALSDV   50   36  0.2779E-11  0.2769E-11
CALSDV   51   36  0.2851E-11  0.2833E-11
CALSDV   52   36  0.2814E-11  0.2804E-11
CALSDV   53   36  0.2935E-11  0.2920E-11
CALSDV   54   36  0.2853E-11  0.2846E-11
CALSDV   55   36  0.2983E-11  0.2973E-11
CALSDV   56   36  0.2884E-11  0.2878E-11
CALSDV   57   36  0.2945E-11  0.2939E-11
CALSDV   58   36  0.2875E-11  0.2872E-11
CALSDV   59   36  0.2835E-11  0.2832E-11
CALSDV   60   36  0.2828E-11  0.2827E-11
CALSDV   37   37  0.2974E-11  0.2975E-11
CALSDV   38   37  0.4710E-11  0.4713E-11
CALSDV   39   37  0.4799E-11  0.4790E-11
CALSDV   40   37  0.2848E-11  0.2845E-11
CALSDV   41   37  0.3945E-11  0.3938E-11
CALSDV   42   37  0.3384E-11  0.3382E-11
CALSDV   43   37  0.2971E-11  0.2970E-11
CALSDV   44   37  0.3339E-11  0.3339E-11
CALSDV   45   37  0.2638E-11  0.2638E-11
CALSDV   46   37  0.2983E-11  0.2985E-11
CALSDV   47   37  0.2725E-11  0.2727E-11
CALSDV   48   37  0.2704E-11  0.2708E-11
CALSDV   49   37  0.2901E-11  0.2903E-11
CALSDV   50   37  0.2665E-11  0.2669E-11
CALSDV   51   37  0.3037E-11  0.3040E-11
CALSDV   52   37  0.2804E-11  0.2808E-11
CALSDV   53   37  0.3110E-11  0.3111E-11
CALSDV   54   37  0.2981E-11  0.2984E-11
CALSDV   55   37  0.3112E-11  0.3113E-11
CALSDV   56   37  0.3096E-11  0.3097E-11
CALSDV   57   37  0.3033E-11  0.3033E-11
CALSDV   58   37  0.3092E-11  0.3093E-11
CALSDV   59   37  0.2891E-11  0.2890E-11
CALSDV   60   37  0.2990E-11  0.2989E-11
CALSDV   38   38  0.3162E-11  0.3170E-11
CALSDV   39   38  0.4682E-11  0.4687E-11
CALSDV   40   38  0.4549E-11  0.4570E-11
CALSDV   41   38  0.2881E-11  0.2887E-11
CALSDV   42   38  0.3689E-11  0.3696E-11
CALSDV   43   38  0.3545E-11  0.3552E-11
CALSDV   44   38  0.2957E-11  0.2961E-11
CALSDV   45   38  0.3591E-11  0.3592E-11
CALSDV   46   38  0.2797E-11  0.2802E-11
CALSDV   47   38  0.3333E-11  0.3330E-11
CALSDV   48   38  0.2857E-11  0.2862E-11
CALSDV   49   38  0.3129E-11  0.3126E-11
CALSDV   50   38  0.2917E-11  0.2920E-11
CALSDV   51   38  0.3092E-11  0.3087E-11
CALSDV   52   38  0.2957E-11  0.2959E-11
CALSDV   53   38  0.3156E-11  0.3151E-11
CALSDV   54   38  0.2993E-11  0.2997E-11
CALSDV   55   38  0.3205E-11  0.3197E-11
CALSDV   56   38  0.3024E-11  0.3029E-11
CALSDV   57   38  0.3155E-11  0.3150E-11
CALSDV   58   38  0.3017E-11  0.3019E-11
CALSDV   59   38  0.2993E-11  0.2995E-11
CALSDV   60   38  0.2947E-11  0.2952E-11
CALSDV   39   39  0.3047E-11  0.3032E-11
CALSDV   40   39  0.4843E-11  0.4862E-11
CALSDV   41   39  0.5075E-11  0.5074E-11
CALSDV   42   39  0.3061E-11  0.3064E-11
CALSDV   43   39  0.4124E-11  0.4122E-11
CALSDV   44   39  0.3620E-11  0.3622E-11
CALSDV   45   39  0.3104E-11  0.3107E-11
CALSDV   46   39  0.3500E-11  0.3503E-11
CALSDV   47   39  0.2802E-11  0.2802E-11
CALSDV   48   39  0.3087E-11  0.3091E-11
CALSDV   49   39  0.2925E-11  0.2923E-11
CALSDV   50   39  0.2825E-11  0.2823E-11
CALSDV   51   39  0.3113E-11  0.3108E-11
CALSDV   52   39  0.2850E-11  0.2843E-11
CALSDV   53   39  0.3239E-11  0.3236E-11
CALSDV   54   39  0.3032E-11  0.3027E-11
CALSDV   55   39  0.3275E-11  0.3272E-11
CALSDV   56   39  0.3198E-11  0.3192E-11
CALSDV   57   39  0.3203E-11  0.3203E-11
CALSDV   58   39  0.3234E-11  0.3231E-11
CALSDV   59   39  0.3029E-11  0.3030E-11
CALSDV   60   39  0.3121E-11  0.3120E-11
CALSDV   40   40  0.3350E-11  0.3370E-11
CALSDV   41   40  0.4919E-11  0.4915E-11
CALSDV   42   40  0.5007E-11  0.5017E-11
CALSDV   43   40  0.3128E-11  0.3128E-11
CALSDV   44   40  0.3990E-11  0.3998E-11
CALSDV   45   40  0.3797E-11  0.3799E-11
CALSDV   46   40  0.3139E-11  0.3139E-11
CALSDV   47   40  0.3833E-11  0.3833E-11
CALSDV   48   40  0.3039E-11  0.3040E-11
CALSDV   49   40  0.3618E-11  0.3607E-11
CALSDV   50   40  0.3232E-11  0.3233E-11
CALSDV   51   40  0.3482E-11  0.3478E-11
CALSDV   52   40  0.3393E-11  0.3399E-11
CALSDV   53   40  0.3484E-11  0.3476E-11
CALSDV   54   40  0.3466E-11  0.3476E-11
CALSDV   55   40  0.3505E-11  0.3498E-11
CALSDV   56   40  0.3456E-11  0.3470E-11
CALSDV   57   40  0.3421E-11  0.3419E-11
CALSDV   58   40  0.3364E-11  0.3370E-11
CALSDV   59   40  0.3191E-11  0.3191E-11
CALSDV   60   40  0.3177E-11  0.3181E-11
CALSDV   41   41  0.3295E-11  0.3286E-11
CALSDV   42   41  0.5065E-11  0.5046E-11
CALSDV   43   41  0.5387E-11  0.5390E-11
CALSDV   44   41  0.3382E-11  0.3381E-11
CALSDV   45   41  0.4301E-11  0.4300E-11
CALSDV   46   41  0.3953E-11  0.3956E-11
CALSDV   47   41  0.3252E-11  0.3251E-11
CALSDV   48   41  0.3757E-11  0.3761E-11
CALSDV   49   41  0.3018E-11  0.3019E-11
CALSDV   50   41  0.3302E-11  0.3308E-11
CALSDV   51   41  0.3198E-11  0.3198E-11
CALSDV   52   41  0.3067E-11  0.3070E-11
CALSDV   53   41  0.3391E-11  0.3389E-11
CALSDV   54   41  0.3129E-11  0.3136E-11
CALSDV   55   41  0.3472E-11  0.3470E-11
CALSDV   56   41  0.3303E-11  0.3305E-11
CALSDV   57   41  0.3410E-11  0.3409E-11
CALSDV   58   41  0.3378E-11  0.3378E-11
CALSDV   59   41  0.3195E-11  0.3195E-11
CALSDV   60   41  0.3261E-11  0.3262E-11
CALSDV   42   42  0.3577E-11  0.3565E-11
CALSDV   43   42  0.5179E-11  0.5182E-11
CALSDV   44   42  0.5610E-11  0.5612E-11
CALSDV   45   42  0.3442E-11  0.3452E-11
CALSDV   46   42  0.4375E-11  0.4371E-11
CALSDV   47   42  0.4058E-11  0.4060E-11
CALSDV   48   42  0.3335E-11  0.3328E-11
CALSDV   49   42  0.4023E-11  0.4020E-11
CALSDV   50   42  0.3330E-11  0.3320E-11
CALSDV   51   42  0.3794E-11  0.3787E-11
CALSDV   52   42  0.3701E-11  0.3688E-11
CALSDV   53   42  0.3691E-11  0.3686E-11
CALSDV   54   42  0.3958E-11  0.3942E-11
CALSDV   55   42  0.3688E-11  0.3682E-11
CALSDV   56   42  0.4000E-11  0.3986E-11
CALSDV   57   42  0.3618E-11  0.3613E-11
CALSDV   58   42  0.3831E-11  0.3821E-11
CALSDV   59   42  0.3361E-11  0.3358E-11
CALSDV   60   42  0.3485E-11  0.3480E-11
CALSDV   43   43  0.3549E-11  0.3516E-11
CALSDV   44   43  0.5231E-11  0.5223E-11
CALSDV   45   43  0.5737E-11  0.5738E-11
CALSDV   46   43  0.3677E-11  0.3665E-11
CALSDV   47   43  0.4461E-11  0.4461E-11
CALSDV   48   43  0.4226E-11  0.4220E-11
CALSDV   49   43  0.3409E-11  0.3401E-11
CALSDV   50   43  0.3942E-11  0.3933E-11
CALSDV   51   43  0.3312E-11  0.3305E-11
CALSDV   52   43  0.3482E-11  0.3461E-11
CALSDV   53   43  0.3563E-11  0.3562E-11
CALSDV   54   43  0.3316E-11  0.3294E-11
CALSDV   55   43  0.3722E-11  0.3725E-11
CALSDV   56   43  0.3419E-11  0.3404E-11
CALSDV   57   43  0.3675E-11  0.3680E-11
CALSDV   58   43  0.3519E-11  0.3512E-11
CALSDV   59   43  0.3403E-11  0.3405E-11
CALSDV   60   43  0.3408E-11  0.3405E-11
CALSDV   44   44  0.3694E-11  0.3683E-11
CALSDV   45   44  0.5503E-11  0.5496E-11
CALSDV   46   44  0.6050E-11  0.6036E-11
CALSDV   47   44  0.3829E-11  0.3837E-11
CALSDV   48   44  0.4611E-11  0.4599E-11
CALSDV   49   44  0.4385E-11  0.4397E-11
CALSDV   50   44  0.3507E-11  0.3501E-11
CALSDV   51   44  0.4283E-11  0.4304E-11
CALSDV   52   44  0.3607E-11  0.3608E-11
CALSDV   53   44  0.4047E-11  0.4069E-11
CALSDV   54   44  0.4032E-11  0.4033E-11
CALSDV   55   44  0.3941E-11  0.3956E-11
CALSDV   56   44  0.4235E-11  0.4236E-11
CALSDV   57   44  0.3841E-11  0.3849E-11
CALSDV   58   44  0.4123E-11  0.4125E-11
CALSDV   59   44  0.3549E-11  0.3552E-11
CALSDV   60   44  0.3720E-11  0.3722E-11
CALSDV   45   45  0.4274E-11  0.4303E-11
CALSDV   46   45  0.5553E-11  0.5555E-11
CALSDV   47   45  0.6214E-11  0.6213E-11
CALSDV   48   45  0.4002E-11  0.4010E-11
CALSDV   49   45  0.4680E-11  0.4675E-11
CALSDV   50   45  0.4565E-11  0.4570E-11
CALSDV   51   45  0.3768E-11  0.3771E-11
CALSDV   52   45  0.4309E-11  0.4314E-11
CALSDV   53   45  0.3942E-11  0.3949E-11
CALSDV   54   45  0.3928E-11  0.3930E-11
CALSDV   55   45  0.4225E-11  0.4237E-11
CALSDV   56   45  0.3805E-11  0.3807E-11
CALSDV   57   45  0.4179E-11  0.4190E-11
CALSDV   58   45  0.3798E-11  0.3802E-11
CALSDV   59   45  0.3758E-11  0.3763E-11
CALSDV   60   45  0.3618E-11  0.3620E-11
CALSDV   46   46  0.4167E-11  0.4184E-11
CALSDV   47   46  0.6108E-11  0.6103E-11
CALSDV   48   46  0.6407E-11  0.6464E-11
CALSDV   49   46  0.4483E-11  0.4538E-11
CALSDV   50   46  0.4936E-11  0.4971E-11
CALSDV   51   46  0.4990E-11  0.5047E-11
CALSDV   52   46  0.3902E-11  0.3913E-11
CALSDV   53   46  0.4831E-11  0.4870E-11
CALSDV   54   46  0.3994E-11  0.3982E-11
CALSDV   55   46  0.4512E-11  0.4530E-11
CALSDV   56   46  0.4294E-11  0.4267E-11
CALSDV   57   46  0.4231E-11  0.4228E-11
CALSDV   58   46  0.4298E-11  0.4269E-11
CALSDV   59   46  0.3800E-11  0.3804E-11
CALSDV   60   46  0.3904E-11  0.3898E-11
CALSDV   47   47  0.4598E-11  0.4686E-11
CALSDV   48   47  0.5765E-11  0.5791E-11
CALSDV   49   47  0.6524E-11  0.6527E-11
CALSDV   50   47  0.4361E-11  0.4350E-11
CALSDV   51   47  0.4710E-11  0.4685E-11
CALSDV   52   47  0.4874E-11  0.4845E-11
CALSDV   53   47  0.3914E-11  0.3902E-11
CALSDV   54   47  0.4552E-11  0.4537E-11
CALSDV   55   47  0.4218E-11  0.4221E-11
CALSDV   56   47  0.4197E-11  0.4197E-11
CALSDV   57   47  0.4386E-11  0.4395E-11
CALSDV   58   47  0.4056E-11  0.4061E-11
CALSDV   59   47  0.4012E-11  0.4015E-11
CALSDV   60   47  0.3825E-11  0.3825E-11
CALSDV   48   48  0.4190E-11  0.4192E-11
CALSDV   49   48  0.6082E-11  0.6093E-11
CALSDV   50   48  0.6737E-11  0.6751E-11
CALSDV   51   48  0.4402E-11  0.4394E-11
CALSDV   52   48  0.4762E-11  0.4767E-11
CALSDV   53   48  0.4718E-11  0.4726E-11
CALSDV   54   48  0.3863E-11  0.3861E-11
CALSDV   55   48  0.4481E-11  0.4497E-11
CALSDV   56   48  0.4289E-11  0.4290E-11
CALSDV   57   48  0.4233E-11  0.4250E-11
CALSDV   58   48  0.4571E-11  0.4578E-11
CALSDV   59   48  0.3910E-11  0.3919E-11
CALSDV   60   48  0.4227E-11  0.4231E-11
CALSDV   49   49  0.3979E-11  0.4008E-11
CALSDV   50   49  0.5939E-11  0.5953E-11
CALSDV   51   49  0.7001E-11  0.6952E-11
CALSDV   52   49  0.4633E-11  0.4662E-11
CALSDV   53   49  0.4544E-11  0.4568E-11
CALSDV   54   49  0.5115E-11  0.5152E-11
CALSDV   55   49  0.4004E-11  0.4023E-11
CALSDV   56   49  0.4792E-11  0.4826E-11
CALSDV   57   49  0.4293E-11  0.4276E-11
CALSDV   58   49  0.4454E-11  0.4474E-11
CALSDV   59   49  0.4165E-11  0.4145E-11
CALSDV   60   49  0.4090E-11  0.4096E-11
CALSDV   50   50  0.4277E-11  0.4333E-11
CALSDV   51   50  0.6777E-11  0.6774E-11
CALSDV   52   50  0.7329E-11  0.7403E-11
CALSDV   53   50  0.5091E-11  0.5062E-11
CALSDV   54   50  0.4678E-11  0.4726E-11
CALSDV   55   50  0.5128E-11  0.5099E-11
CALSDV   56   50  0.4129E-11  0.4174E-11
CALSDV   57   50  0.5003E-11  0.4978E-11
CALSDV   58   50  0.4579E-11  0.4589E-11
CALSDV   59   50  0.4357E-11  0.4346E-11
CALSDV   60   50  0.4449E-11  0.4452E-11
CALSDV   51   51  0.3870E-11  0.3859E-11
CALSDV   52   51  0.6844E-11  0.6831E-11
CALSDV   53   51  0.7139E-11  0.7153E-11
CALSDV   54   51  0.5467E-11  0.5466E-11
CALSDV   55   51  0.4760E-11  0.4757E-11
CALSDV   56   51  0.5650E-11  0.5637E-11
CALSDV   57   51  0.4334E-11  0.4318E-11
CALSDV   58   51  0.5479E-11  0.5463E-11
CALSDV   59   51  0.4509E-11  0.4503E-11
CALSDV   60   51  0.4646E-11  0.4638E-11
CALSDV   52   52  0.4007E-11  0.3985E-11
CALSDV   53   52  0.7069E-11  0.7058E-11
CALSDV   54   52  0.7454E-11  0.7442E-11
CALSDV   55   52  0.5457E-11  0.5423E-11
CALSDV   56   52  0.4796E-11  0.4795E-11
CALSDV   57   52  0.5619E-11  0.5576E-11
CALSDV   58   52  0.4428E-11  0.4431E-11
CALSDV   59   52  0.4996E-11  0.4971E-11
CALSDV   60   52  0.4712E-11  0.4715E-11
CALSDV   53   53  0.3529E-11  0.3638E-11
CALSDV   54   53  0.7199E-11  0.7152E-11
CALSDV   55   53  0.7026E-11  0.7032E-11
CALSDV   56   53  0.5859E-11  0.5881E-11
CALSDV   57   53  0.4911E-11  0.4913E-11
CALSDV   58   53  0.6141E-11  0.6119E-11
CALSDV   59   53  0.4717E-11  0.4727E-11
CALSDV   60   53  0.5382E-11  0.5339E-11
CALSDV   54   54  0.3728E-11  0.3713E-11
CALSDV   55   54  0.6759E-11  0.6756E-11
CALSDV   56   54  0.7214E-11  0.7201E-11
CALSDV   57   54  0.6003E-11  0.6008E-11
CALSDV   58   54  0.4877E-11  0.4882E-11
CALSDV   59   54  0.5709E-11  0.5720E-11
CALSDV   60   54  0.4855E-11  0.4862E-11
CALSDV   55   55  0.4048E-11  0.4062E-11
CALSDV   56   55  0.7008E-11  0.6997E-11
CALSDV   57   55  0.7339E-11  0.7293E-11
CALSDV   58   55  0.6537E-11  0.6525E-11
CALSDV   59   55  0.5574E-11  0.5559E-11
CALSDV   60   55  0.6299E-11  0.6293E-11
CALSDV   56   56  0.4166E-11  0.4181E-11
CALSDV   57   56  0.6152E-11  0.6139E-11
CALSDV   58   56  0.7537E-11  0.7565E-11
CALSDV   59   56  0.6765E-11  0.6754E-11
CALSDV   60   56  0.5696E-11  0.5707E-11
CALSDV   57   57  0.4791E-11  0.4697E-11
CALSDV   58   57  0.6342E-11  0.6339E-11
CALSDV   59   57  0.7986E-11  0.8014E-11
CALSDV   60   57  0.7096E-11  0.7089E-11
CALSDV   58   58  0.4730E-11  0.4724E-11
CALSDV   59   58  0.4844E-11  0.4847E-11
CALSDV   60   58  0.8443E-11  0.8481E-11
CALSDV   59   59  0.4103E-11  0.4030E-11
CALSDV   60   59  0.5083E-11  0.5134E-11
CALSDV   60   60  0.6084E-11  0.6071E-11
