  This file contains calibrated standard deviations 
       The relevant data lines start with key CALSDV 
       Each such line contains the following data 
           N   M   C_SIGMA   S_SIGMA 
                 FOR M=0 S_SIGMA=0.0 
     
CALSDV    0    0  0.0000E+00  0.0000E+00
CALSDV    1    0  0.0000E+00  0.0000E+00
CALSDV    2    0  0.1125E-09  0.0000E+00
CALSDV    3    0  0.1132E-10  0.0000E+00
CALSDV    4    0  0.3600E-11  0.0000E+00
CALSDV    5    0  0.2319E-11  0.0000E+00
CALSDV    6    0  0.1752E-11  0.0000E+00
CALSDV    7    0  0.1432E-11  0.0000E+00
CALSDV    8    0  0.1228E-11  0.0000E+00
CALSDV    9    0  0.1087E-11  0.0000E+00
CALSDV   10    0  0.9788E-12  0.0000E+00
CALSDV   11    0  0.8992E-12  0.0000E+00
CALSDV   12    0  0.8330E-12  0.0000E+00
CALSDV   13    0  0.7980E-12  0.0000E+00
CALSDV   14    0  0.7504E-12  0.0000E+00
CALSDV   15    0  0.7175E-12  0.0000E+00
CALSDV   16    0  0.6928E-12  0.0000E+00
CALSDV   17    0  0.6757E-12  0.0000E+00
CALSDV   18    0  0.6520E-12  0.0000E+00
CALSDV   19    0  0.6439E-12  0.0000E+00
CALSDV   20    0  0.6359E-12  0.0000E+00
CALSDV   21    0  0.6293E-12  0.0000E+00
CALSDV   22    0  0.6210E-12  0.0000E+00
CALSDV   23    0  0.6241E-12  0.0000E+00
CALSDV   24    0  0.6203E-12  0.0000E+00
CALSDV   25    0  0.6227E-12  0.0000E+00
CALSDV   26    0  0.6278E-12  0.0000E+00
CALSDV   27    0  0.6359E-12  0.0000E+00
CALSDV   28    0  0.6347E-12  0.0000E+00
CALSDV   29    0  0.6466E-12  0.0000E+00
CALSDV   30    0  0.6550E-12  0.0000E+00
CALSDV   31    0  0.6668E-12  0.0000E+00
CALSDV   32    0  0.6792E-12  0.0000E+00
CALSDV   33    0  0.6963E-12  0.0000E+00
CALSDV   34    0  0.7026E-12  0.0000E+00
CALSDV   35    0  0.7232E-12  0.0000E+00
CALSDV   36    0  0.7357E-12  0.0000E+00
CALSDV   37    0  0.7570E-12  0.0000E+00
CALSDV   38    0  0.7790E-12  0.0000E+00
CALSDV   39    0  0.8028E-12  0.0000E+00
CALSDV   40    0  0.8282E-12  0.0000E+00
CALSDV   41    0  0.8559E-12  0.0000E+00
CALSDV   42    0  0.8839E-12  0.0000E+00
CALSDV   43    0  0.9154E-12  0.0000E+00
CALSDV   44    0  0.9478E-12  0.0000E+00
CALSDV   45    0  0.9834E-12  0.0000E+00
CALSDV   46    0  0.1021E-11  0.0000E+00
CALSDV   47    0  0.1061E-11  0.0000E+00
CALSDV   48    0  0.1104E-11  0.0000E+00
CALSDV   49    0  0.1149E-11  0.0000E+00
CALSDV   50    0  0.1197E-11  0.0000E+00
CALSDV   51    0  0.1249E-11  0.0000E+00
CALSDV   52    0  0.1303E-11  0.0000E+00
CALSDV   53    0  0.1361E-11  0.0000E+00
CALSDV   54    0  0.1422E-11  0.0000E+00
CALSDV   55    0  0.1486E-11  0.0000E+00
CALSDV   56    0  0.1555E-11  0.0000E+00
CALSDV   57    0  0.1621E-11  0.0000E+00
CALSDV   58    0  0.1696E-11  0.0000E+00
CALSDV   59    0  0.1602E-11  0.0000E+00
CALSDV   60    0  0.1673E-11  0.0000E+00
CALSDV    1    1  0.0000E+00  0.0000E+00
CALSDV    2    1  0.3419E-10  0.3554E-10
CALSDV    3    1  0.7956E-11  0.8058E-11
CALSDV    4    1  0.3766E-11  0.3765E-11
CALSDV    5    1  0.2439E-11  0.2429E-11
CALSDV    6    1  0.1829E-11  0.1829E-11
CALSDV    7    1  0.1486E-11  0.1487E-11
CALSDV    8    1  0.1271E-11  0.1271E-11
CALSDV    9    1  0.1115E-11  0.1115E-11
CALSDV   10    1  0.9964E-12  0.9966E-12
CALSDV   11    1  0.9109E-12  0.9110E-12
CALSDV   12    1  0.8511E-12  0.8515E-12
CALSDV   13    1  0.7984E-12  0.7986E-12
CALSDV   14    1  0.7619E-12  0.7622E-12
CALSDV   15    1  0.7284E-12  0.7286E-12
CALSDV   16    1  0.6962E-12  0.6964E-12
CALSDV   17    1  0.6751E-12  0.6753E-12
CALSDV   18    1  0.6616E-12  0.6619E-12
CALSDV   19    1  0.6494E-12  0.6497E-12
CALSDV   20    1  0.6367E-12  0.6370E-12
CALSDV   21    1  0.6311E-12  0.6314E-12
CALSDV   22    1  0.6259E-12  0.6262E-12
CALSDV   23    1  0.6245E-12  0.6249E-12
CALSDV   24    1  0.6237E-12  0.6240E-12
CALSDV   25    1  0.6271E-12  0.6274E-12
CALSDV   26    1  0.6279E-12  0.6282E-12
CALSDV   27    1  0.6344E-12  0.6348E-12
CALSDV   28    1  0.6391E-12  0.6394E-12
CALSDV   29    1  0.6488E-12  0.6491E-12
CALSDV   30    1  0.6564E-12  0.6568E-12
CALSDV   31    1  0.6690E-12  0.6694E-12
CALSDV   32    1  0.6794E-12  0.6798E-12
CALSDV   33    1  0.6952E-12  0.6956E-12
CALSDV   34    1  0.7052E-12  0.7056E-12
CALSDV   35    1  0.7241E-12  0.7245E-12
CALSDV   36    1  0.7379E-12  0.7384E-12
CALSDV   37    1  0.7591E-12  0.7596E-12
CALSDV   38    1  0.7801E-12  0.7806E-12
CALSDV   39    1  0.8040E-12  0.8045E-12
CALSDV   40    1  0.8293E-12  0.8299E-12
CALSDV   41    1  0.8568E-12  0.8574E-12
CALSDV   42    1  0.8851E-12  0.8857E-12
CALSDV   43    1  0.9164E-12  0.9171E-12
CALSDV   44    1  0.9489E-12  0.9496E-12
CALSDV   45    1  0.9845E-12  0.9852E-12
CALSDV   46    1  0.1022E-11  0.1023E-11
CALSDV   47    1  0.1062E-11  0.1063E-11
CALSDV   48    1  0.1105E-11  0.1106E-11
CALSDV   49    1  0.1150E-11  0.1151E-11
CALSDV   50    1  0.1198E-11  0.1199E-11
CALSDV   51    1  0.1249E-11  0.1250E-11
CALSDV   52    1  0.1304E-11  0.1305E-11
CALSDV   53    1  0.1361E-11  0.1362E-11
CALSDV   54    1  0.1423E-11  0.1424E-11
CALSDV   55    1  0.1487E-11  0.1488E-11
CALSDV   56    1  0.1556E-11  0.1557E-11
CALSDV   57    1  0.1622E-11  0.1623E-11
CALSDV   58    1  0.1697E-11  0.1699E-11
CALSDV   59    1  0.1605E-11  0.1607E-11
CALSDV   60    1  0.1676E-11  0.1677E-11
CALSDV    2    2  0.2501E-10  0.2111E-10
CALSDV    3    2  0.1126E-10  0.1074E-10
CALSDV    4    2  0.5133E-11  0.5083E-11
CALSDV    5    2  0.3110E-11  0.3116E-11
CALSDV    6    2  0.2245E-11  0.2245E-11
CALSDV    7    2  0.1738E-11  0.1740E-11
CALSDV    8    2  0.1446E-11  0.1447E-11
CALSDV    9    2  0.1243E-11  0.1243E-11
CALSDV   10    2  0.1096E-11  0.1096E-11
CALSDV   11    2  0.9881E-12  0.9884E-12
CALSDV   12    2  0.9061E-12  0.9067E-12
CALSDV   13    2  0.8527E-12  0.8516E-12
CALSDV   14    2  0.7974E-12  0.7976E-12
CALSDV   15    2  0.7613E-12  0.7609E-12
CALSDV   16    2  0.7263E-12  0.7259E-12
CALSDV   17    2  0.7025E-12  0.7025E-12
CALSDV   18    2  0.6813E-12  0.6813E-12
CALSDV   19    2  0.6690E-12  0.6686E-12
CALSDV   20    2  0.6522E-12  0.6524E-12
CALSDV   21    2  0.6470E-12  0.6470E-12
CALSDV   22    2  0.6402E-12  0.6403E-12
CALSDV   23    2  0.6375E-12  0.6373E-12
CALSDV   24    2  0.6345E-12  0.6348E-12
CALSDV   25    2  0.6397E-12  0.6396E-12
CALSDV   26    2  0.6357E-12  0.6360E-12
CALSDV   27    2  0.6422E-12  0.6423E-12
CALSDV   28    2  0.6499E-12  0.6501E-12
CALSDV   29    2  0.6587E-12  0.6588E-12
CALSDV   30    2  0.6631E-12  0.6636E-12
CALSDV   31    2  0.6781E-12  0.6783E-12
CALSDV   32    2  0.6835E-12  0.6842E-12
CALSDV   33    2  0.6991E-12  0.6997E-12
CALSDV   34    2  0.7135E-12  0.7142E-12
CALSDV   35    2  0.7316E-12  0.7323E-12
CALSDV   36    2  0.7457E-12  0.7466E-12
CALSDV   37    2  0.7678E-12  0.7686E-12
CALSDV   38    2  0.7852E-12  0.7862E-12
CALSDV   39    2  0.8095E-12  0.8106E-12
CALSDV   40    2  0.8341E-12  0.8352E-12
CALSDV   41    2  0.8614E-12  0.8626E-12
CALSDV   42    2  0.8901E-12  0.8913E-12
CALSDV   43    2  0.9215E-12  0.9227E-12
CALSDV   44    2  0.9538E-12  0.9550E-12
CALSDV   45    2  0.9892E-12  0.9905E-12
CALSDV   46    2  0.1026E-11  0.1028E-11
CALSDV   47    2  0.1066E-11  0.1068E-11
CALSDV   48    2  0.1109E-11  0.1110E-11
CALSDV   49    2  0.1154E-11  0.1156E-11
CALSDV   50    2  0.1202E-11  0.1204E-11
CALSDV   51    2  0.1254E-11  0.1255E-11
CALSDV   52    2  0.1308E-11  0.1310E-11
CALSDV   53    2  0.1366E-11  0.1367E-11
CALSDV   54    2  0.1427E-11  0.1429E-11
CALSDV   55    2  0.1491E-11  0.1493E-11
CALSDV   56    2  0.1560E-11  0.1562E-11
CALSDV   57    2  0.1628E-11  0.1630E-11
CALSDV   58    2  0.1703E-11  0.1706E-11
CALSDV   59    2  0.1625E-11  0.1627E-11
CALSDV   60    2  0.1695E-11  0.1697E-11
CALSDV    3    3  0.2544E-10  0.2563E-10
CALSDV    4    3  0.1023E-10  0.1019E-10
CALSDV    5    3  0.6970E-11  0.6989E-11
CALSDV    6    3  0.3815E-11  0.3813E-11
CALSDV    7    3  0.3320E-11  0.3326E-11
CALSDV    8    3  0.2132E-11  0.2135E-11
CALSDV    9    3  0.2020E-11  0.2019E-11
CALSDV   10    3  0.1458E-11  0.1458E-11
CALSDV   11    3  0.1412E-11  0.1411E-11
CALSDV   12    3  0.1114E-11  0.1115E-11
CALSDV   13    3  0.1102E-11  0.1101E-11
CALSDV   14    3  0.9349E-12  0.9340E-12
CALSDV   15    3  0.9283E-12  0.9267E-12
CALSDV   16    3  0.8246E-12  0.8245E-12
CALSDV   17    3  0.8195E-12  0.8181E-12
CALSDV   18    3  0.7450E-12  0.7440E-12
CALSDV   19    3  0.7463E-12  0.7453E-12
CALSDV   20    3  0.7057E-12  0.7049E-12
CALSDV   21    3  0.7088E-12  0.7073E-12
CALSDV   22    3  0.6812E-12  0.6803E-12
CALSDV   23    3  0.6883E-12  0.6867E-12
CALSDV   24    3  0.6658E-12  0.6649E-12
CALSDV   25    3  0.6732E-12  0.6719E-12
CALSDV   26    3  0.6649E-12  0.6640E-12
CALSDV   27    3  0.6756E-12  0.6742E-12
CALSDV   28    3  0.6720E-12  0.6708E-12
CALSDV   29    3  0.6850E-12  0.6835E-12
CALSDV   30    3  0.6837E-12  0.6825E-12
CALSDV   31    3  0.6993E-12  0.6980E-12
CALSDV   32    3  0.7015E-12  0.7003E-12
CALSDV   33    3  0.7190E-12  0.7174E-12
CALSDV   34    3  0.7309E-12  0.7297E-12
CALSDV   35    3  0.7500E-12  0.7488E-12
CALSDV   36    3  0.7640E-12  0.7627E-12
CALSDV   37    3  0.7872E-12  0.7857E-12
CALSDV   38    3  0.8002E-12  0.7988E-12
CALSDV   39    3  0.8261E-12  0.8246E-12
CALSDV   40    3  0.8473E-12  0.8459E-12
CALSDV   41    3  0.8757E-12  0.8741E-12
CALSDV   42    3  0.9034E-12  0.9018E-12
CALSDV   43    3  0.9356E-12  0.9339E-12
CALSDV   44    3  0.9664E-12  0.9648E-12
CALSDV   45    3  0.1003E-11  0.1001E-11
CALSDV   46    3  0.1038E-11  0.1037E-11
CALSDV   47    3  0.1079E-11  0.1078E-11
CALSDV   48    3  0.1121E-11  0.1119E-11
CALSDV   49    3  0.1167E-11  0.1165E-11
CALSDV   50    3  0.1214E-11  0.1212E-11
CALSDV   51    3  0.1266E-11  0.1264E-11
CALSDV   52    3  0.1320E-11  0.1318E-11
CALSDV   53    3  0.1378E-11  0.1376E-11
CALSDV   54    3  0.1439E-11  0.1437E-11
CALSDV   55    3  0.1505E-11  0.1502E-11
CALSDV   56    3  0.1573E-11  0.1571E-11
CALSDV   57    3  0.1644E-11  0.1641E-11
CALSDV   58    3  0.1720E-11  0.1717E-11
CALSDV   59    3  0.1669E-11  0.1667E-11
CALSDV   60    3  0.1739E-11  0.1737E-11
CALSDV    4    4  0.1265E-10  0.1272E-10
CALSDV    5    4  0.1074E-10  0.1070E-10
CALSDV    6    4  0.4369E-11  0.4353E-11
CALSDV    7    4  0.3844E-11  0.3823E-11
CALSDV    8    4  0.2379E-11  0.2368E-11
CALSDV    9    4  0.2111E-11  0.2101E-11
CALSDV   10    4  0.1601E-11  0.1592E-11
CALSDV   11    4  0.1447E-11  0.1441E-11
CALSDV   12    4  0.1220E-11  0.1214E-11
CALSDV   13    4  0.1135E-11  0.1131E-11
CALSDV   14    4  0.1013E-11  0.1009E-11
CALSDV   15    4  0.9548E-12  0.9523E-12
CALSDV   16    4  0.8759E-12  0.8713E-12
CALSDV   17    4  0.8423E-12  0.8402E-12
CALSDV   18    4  0.7979E-12  0.7953E-12
CALSDV   19    4  0.7740E-12  0.7724E-12
CALSDV   20    4  0.7458E-12  0.7437E-12
CALSDV   21    4  0.7353E-12  0.7338E-12
CALSDV   22    4  0.7136E-12  0.7114E-12
CALSDV   23    4  0.7085E-12  0.7069E-12
CALSDV   24    4  0.6963E-12  0.6947E-12
CALSDV   25    4  0.6955E-12  0.6944E-12
CALSDV   26    4  0.6930E-12  0.6918E-12
CALSDV   27    4  0.6972E-12  0.6961E-12
CALSDV   28    4  0.6935E-12  0.6920E-12
CALSDV   29    4  0.7032E-12  0.7020E-12
CALSDV   30    4  0.7052E-12  0.7039E-12
CALSDV   31    4  0.7158E-12  0.7147E-12
CALSDV   32    4  0.7240E-12  0.7227E-12
CALSDV   33    4  0.7384E-12  0.7374E-12
CALSDV   34    4  0.7489E-12  0.7475E-12
CALSDV   35    4  0.7661E-12  0.7649E-12
CALSDV   36    4  0.7832E-12  0.7820E-12
CALSDV   37    4  0.8037E-12  0.8026E-12
CALSDV   38    4  0.8192E-12  0.8178E-12
CALSDV   39    4  0.8440E-12  0.8428E-12
CALSDV   40    4  0.8630E-12  0.8616E-12
CALSDV   41    4  0.8904E-12  0.8892E-12
CALSDV   42    4  0.9180E-12  0.9165E-12
CALSDV   43    4  0.9488E-12  0.9475E-12
CALSDV   44    4  0.9809E-12  0.9795E-12
CALSDV   45    4  0.1016E-11  0.1015E-11
CALSDV   46    4  0.1052E-11  0.1051E-11
CALSDV   47    4  0.1092E-11  0.1091E-11
CALSDV   48    4  0.1134E-11  0.1132E-11
CALSDV   49    4  0.1179E-11  0.1177E-11
CALSDV   50    4  0.1227E-11  0.1225E-11
CALSDV   51    4  0.1278E-11  0.1276E-11
CALSDV   52    4  0.1332E-11  0.1330E-11
CALSDV   53    4  0.1390E-11  0.1388E-11
CALSDV   54    4  0.1451E-11  0.1449E-11
CALSDV   55    4  0.1517E-11  0.1515E-11
CALSDV   56    4  0.1586E-11  0.1584E-11
CALSDV   57    4  0.1658E-11  0.1656E-11
CALSDV   58    4  0.1735E-11  0.1732E-11
CALSDV   59    4  0.1706E-11  0.1704E-11
CALSDV   60    4  0.1777E-11  0.1775E-11
CALSDV    5    5  0.2004E-10  0.2022E-10
CALSDV    6    5  0.7639E-11  0.7696E-11
CALSDV    7    5  0.5095E-11  0.5096E-11
CALSDV    8    5  0.3294E-11  0.3302E-11
CALSDV    9    5  0.2912E-11  0.2914E-11
CALSDV   10    5  0.2092E-11  0.2093E-11
CALSDV   11    5  0.2031E-11  0.2034E-11
CALSDV   12    5  0.1573E-11  0.1572E-11
CALSDV   13    5  0.1548E-11  0.1551E-11
CALSDV   14    5  0.1252E-11  0.1252E-11
CALSDV   15    5  0.1246E-11  0.1249E-11
CALSDV   16    5  0.1070E-11  0.1071E-11
CALSDV   17    5  0.1067E-11  0.1068E-11
CALSDV   18    5  0.9546E-12  0.9550E-12
CALSDV   19    5  0.9482E-12  0.9495E-12
CALSDV   20    5  0.8679E-12  0.8681E-12
CALSDV   21    5  0.8649E-12  0.8663E-12
CALSDV   22    5  0.8119E-12  0.8124E-12
CALSDV   23    5  0.8112E-12  0.8126E-12
CALSDV   24    5  0.7806E-12  0.7811E-12
CALSDV   25    5  0.7828E-12  0.7842E-12
CALSDV   26    5  0.7593E-12  0.7602E-12
CALSDV   27    5  0.7649E-12  0.7662E-12
CALSDV   28    5  0.7545E-12  0.7552E-12
CALSDV   29    5  0.7623E-12  0.7632E-12
CALSDV   30    5  0.7545E-12  0.7554E-12
CALSDV   31    5  0.7647E-12  0.7655E-12
CALSDV   32    5  0.7688E-12  0.7700E-12
CALSDV   33    5  0.7820E-12  0.7833E-12
CALSDV   34    5  0.7893E-12  0.7901E-12
CALSDV   35    5  0.8058E-12  0.8067E-12
CALSDV   36    5  0.8170E-12  0.8179E-12
CALSDV   37    5  0.8357E-12  0.8367E-12
CALSDV   38    5  0.8524E-12  0.8532E-12
CALSDV   39    5  0.8757E-12  0.8769E-12
CALSDV   40    5  0.8926E-12  0.8933E-12
CALSDV   41    5  0.9193E-12  0.9202E-12
CALSDV   42    5  0.9427E-12  0.9435E-12
CALSDV   43    5  0.9724E-12  0.9733E-12
CALSDV   44    5  0.1004E-11  0.1005E-11
CALSDV   45    5  0.1038E-11  0.1039E-11
CALSDV   46    5  0.1074E-11  0.1075E-11
CALSDV   47    5  0.1113E-11  0.1114E-11
CALSDV   48    5  0.1153E-11  0.1154E-11
CALSDV   49    5  0.1197E-11  0.1198E-11
CALSDV   50    5  0.1244E-11  0.1246E-11
CALSDV   51    5  0.1295E-11  0.1296E-11
CALSDV   52    5  0.1348E-11  0.1350E-11
CALSDV   53    5  0.1406E-11  0.1407E-11
CALSDV   54    5  0.1467E-11  0.1468E-11
CALSDV   55    5  0.1532E-11  0.1533E-11
CALSDV   56    5  0.1601E-11  0.1602E-11
CALSDV   57    5  0.1674E-11  0.1676E-11
CALSDV   58    5  0.1751E-11  0.1753E-11
CALSDV   59    5  0.1742E-11  0.1744E-11
CALSDV   60    5  0.1815E-11  0.1816E-11
CALSDV    6    6  0.9509E-11  0.9516E-11
CALSDV    7    6  0.1029E-10  0.1025E-10
CALSDV    8    6  0.4338E-11  0.4342E-11
CALSDV    9    6  0.4974E-11  0.4945E-11
CALSDV   10    6  0.2766E-11  0.2777E-11
CALSDV   11    6  0.2942E-11  0.2927E-11
CALSDV   12    6  0.1925E-11  0.1935E-11
CALSDV   13    6  0.2001E-11  0.1996E-11
CALSDV   14    6  0.1472E-11  0.1479E-11
CALSDV   15    6  0.1513E-11  0.1511E-11
CALSDV   16    6  0.1205E-11  0.1210E-11
CALSDV   17    6  0.1237E-11  0.1236E-11
CALSDV   18    6  0.1037E-11  0.1041E-11
CALSDV   19    6  0.1064E-11  0.1062E-11
CALSDV   20    6  0.9302E-12  0.9338E-12
CALSDV   21    6  0.9488E-12  0.9495E-12
CALSDV   22    6  0.8651E-12  0.8681E-12
CALSDV   23    6  0.8819E-12  0.8820E-12
CALSDV   24    6  0.8225E-12  0.8245E-12
CALSDV   25    6  0.8401E-12  0.8405E-12
CALSDV   26    6  0.7994E-12  0.8014E-12
CALSDV   27    6  0.8165E-12  0.8170E-12
CALSDV   28    6  0.7876E-12  0.7892E-12
CALSDV   29    6  0.8032E-12  0.8035E-12
CALSDV   30    6  0.7894E-12  0.7907E-12
CALSDV   31    6  0.8063E-12  0.8071E-12
CALSDV   32    6  0.8001E-12  0.8012E-12
CALSDV   33    6  0.8187E-12  0.8194E-12
CALSDV   34    6  0.8203E-12  0.8214E-12
CALSDV   35    6  0.8411E-12  0.8418E-12
CALSDV   36    6  0.8444E-12  0.8453E-12
CALSDV   37    6  0.8669E-12  0.8676E-12
CALSDV   38    6  0.8811E-12  0.8821E-12
CALSDV   39    6  0.9060E-12  0.9066E-12
CALSDV   40    6  0.9214E-12  0.9221E-12
CALSDV   41    6  0.9506E-12  0.9513E-12
CALSDV   42    6  0.9675E-12  0.9682E-12
CALSDV   43    6  0.9990E-12  0.9994E-12
CALSDV   44    6  0.1028E-11  0.1028E-11
CALSDV   45    6  0.1063E-11  0.1063E-11
CALSDV   46    6  0.1097E-11  0.1097E-11
CALSDV   47    6  0.1137E-11  0.1137E-11
CALSDV   48    6  0.1175E-11  0.1175E-11
CALSDV   49    6  0.1220E-11  0.1220E-11
CALSDV   50    6  0.1265E-11  0.1266E-11
CALSDV   51    6  0.1316E-11  0.1316E-11
CALSDV   52    6  0.1369E-11  0.1369E-11
CALSDV   53    6  0.1426E-11  0.1426E-11
CALSDV   54    6  0.1486E-11  0.1487E-11
CALSDV   55    6  0.1552E-11  0.1552E-11
CALSDV   56    6  0.1620E-11  0.1620E-11
CALSDV   57    6  0.1695E-11  0.1695E-11
CALSDV   58    6  0.1772E-11  0.1772E-11
CALSDV   59    6  0.1783E-11  0.1783E-11
CALSDV   60    6  0.1854E-11  0.1855E-11
CALSDV    7    7  0.1468E-10  0.1452E-10
CALSDV    8    7  0.7406E-11  0.7399E-11
CALSDV    9    7  0.4798E-11  0.4827E-11
CALSDV   10    7  0.3266E-11  0.3299E-11
CALSDV   11    7  0.2765E-11  0.2771E-11
CALSDV   12    7  0.2018E-11  0.2049E-11
CALSDV   13    7  0.1912E-11  0.1909E-11
CALSDV   14    7  0.1579E-11  0.1602E-11
CALSDV   15    7  0.1478E-11  0.1481E-11
CALSDV   16    7  0.1336E-11  0.1348E-11
CALSDV   17    7  0.1227E-11  0.1221E-11
CALSDV   18    7  0.1183E-11  0.1189E-11
CALSDV   19    7  0.1072E-11  0.1070E-11
CALSDV   20    7  0.1079E-11  0.1082E-11
CALSDV   21    7  0.9775E-12  0.9751E-12
CALSDV   22    7  0.1003E-11  0.1005E-11
CALSDV   23    7  0.9160E-12  0.9128E-12
CALSDV   24    7  0.9506E-12  0.9531E-12
CALSDV   25    7  0.8794E-12  0.8782E-12
CALSDV   26    7  0.9116E-12  0.9129E-12
CALSDV   27    7  0.8530E-12  0.8509E-12
CALSDV   28    7  0.8872E-12  0.8882E-12
CALSDV   29    7  0.8430E-12  0.8419E-12
CALSDV   30    7  0.8793E-12  0.8800E-12
CALSDV   31    7  0.8457E-12  0.8450E-12
CALSDV   32    7  0.8803E-12  0.8811E-12
CALSDV   33    7  0.8574E-12  0.8565E-12
CALSDV   34    7  0.8907E-12  0.8913E-12
CALSDV   35    7  0.8762E-12  0.8758E-12
CALSDV   36    7  0.9081E-12  0.9082E-12
CALSDV   37    7  0.9033E-12  0.9029E-12
CALSDV   38    7  0.9369E-12  0.9372E-12
CALSDV   39    7  0.9381E-12  0.9380E-12
CALSDV   40    7  0.9755E-12  0.9758E-12
CALSDV   41    7  0.9845E-12  0.9842E-12
CALSDV   42    7  0.1014E-11  0.1014E-11
CALSDV   43    7  0.1031E-11  0.1031E-11
CALSDV   44    7  0.1069E-11  0.1069E-11
CALSDV   45    7  0.1090E-11  0.1090E-11
CALSDV   46    7  0.1134E-11  0.1135E-11
CALSDV   47    7  0.1163E-11  0.1163E-11
CALSDV   48    7  0.1209E-11  0.1209E-11
CALSDV   49    7  0.1245E-11  0.1245E-11
CALSDV   50    7  0.1296E-11  0.1297E-11
CALSDV   51    7  0.1339E-11  0.1339E-11
CALSDV   52    7  0.1397E-11  0.1397E-11
CALSDV   53    7  0.1447E-11  0.1448E-11
CALSDV   54    7  0.1512E-11  0.1512E-11
CALSDV   55    7  0.1572E-11  0.1572E-11
CALSDV   56    7  0.1644E-11  0.1644E-11
CALSDV   57    7  0.1715E-11  0.1715E-11
CALSDV   58    7  0.1795E-11  0.1796E-11
CALSDV   59    7  0.1817E-11  0.1816E-11
CALSDV   60    7  0.1895E-11  0.1895E-11
CALSDV    8    8  0.7159E-11  0.7306E-11
CALSDV    9    8  0.6937E-11  0.7019E-11
CALSDV   10    8  0.4216E-11  0.4245E-11
CALSDV   11    8  0.3999E-11  0.4056E-11
CALSDV   12    8  0.3097E-11  0.3143E-11
CALSDV   13    8  0.2838E-11  0.2880E-11
CALSDV   14    8  0.2291E-11  0.2333E-11
CALSDV   15    8  0.2215E-11  0.2248E-11
CALSDV   16    8  0.1767E-11  0.1803E-11
CALSDV   17    8  0.1801E-11  0.1831E-11
CALSDV   18    8  0.1446E-11  0.1477E-11
CALSDV   19    8  0.1532E-11  0.1554E-11
CALSDV   20    8  0.1248E-11  0.1270E-11
CALSDV   21    8  0.1342E-11  0.1359E-11
CALSDV   22    8  0.1116E-11  0.1136E-11
CALSDV   23    8  0.1208E-11  0.1222E-11
CALSDV   24    8  0.1031E-11  0.1046E-11
CALSDV   25    8  0.1113E-11  0.1122E-11
CALSDV   26    8  0.9762E-12  0.9874E-12
CALSDV   27    8  0.1047E-11  0.1054E-11
CALSDV   28    8  0.9459E-12  0.9546E-12
CALSDV   29    8  0.1006E-11  0.1012E-11
CALSDV   30    8  0.9299E-12  0.9369E-12
CALSDV   31    8  0.9820E-12  0.9870E-12
CALSDV   32    8  0.9283E-12  0.9339E-12
CALSDV   33    8  0.9736E-12  0.9778E-12
CALSDV   34    8  0.9337E-12  0.9380E-12
CALSDV   35    8  0.9744E-12  0.9773E-12
CALSDV   36    8  0.9532E-12  0.9566E-12
CALSDV   37    8  0.9910E-12  0.9937E-12
CALSDV   38    8  0.9780E-12  0.9812E-12
CALSDV   39    8  0.1015E-11  0.1018E-11
CALSDV   40    8  0.1015E-11  0.1017E-11
CALSDV   41    8  0.1051E-11  0.1053E-11
CALSDV   42    8  0.1056E-11  0.1058E-11
CALSDV   43    8  0.1094E-11  0.1095E-11
CALSDV   44    8  0.1105E-11  0.1107E-11
CALSDV   45    8  0.1144E-11  0.1146E-11
CALSDV   46    8  0.1169E-11  0.1171E-11
CALSDV   47    8  0.1210E-11  0.1211E-11
CALSDV   48    8  0.1243E-11  0.1245E-11
CALSDV   49    8  0.1288E-11  0.1289E-11
CALSDV   50    8  0.1328E-11  0.1329E-11
CALSDV   51    8  0.1378E-11  0.1379E-11
CALSDV   52    8  0.1426E-11  0.1428E-11
CALSDV   53    8  0.1482E-11  0.1483E-11
CALSDV   54    8  0.1540E-11  0.1541E-11
CALSDV   55    8  0.1603E-11  0.1605E-11
CALSDV   56    8  0.1670E-11  0.1671E-11
CALSDV   57    8  0.1745E-11  0.1746E-11
CALSDV   58    8  0.1821E-11  0.1822E-11
CALSDV   59    8  0.1865E-11  0.1866E-11
CALSDV   60    8  0.1937E-11  0.1939E-11
CALSDV    9    9  0.1000E-10  0.1009E-10
CALSDV   10    9  0.7284E-11  0.7247E-11
CALSDV   11    9  0.4543E-11  0.4570E-11
CALSDV   12    9  0.3633E-11  0.3596E-11
CALSDV   13    9  0.2932E-11  0.2940E-11
CALSDV   14    9  0.2272E-11  0.2250E-11
CALSDV   15    9  0.2031E-11  0.2032E-11
CALSDV   16    9  0.1734E-11  0.1719E-11
CALSDV   17    9  0.1523E-11  0.1522E-11
CALSDV   18    9  0.1470E-11  0.1464E-11
CALSDV   19    9  0.1257E-11  0.1255E-11
CALSDV   20    9  0.1312E-11  0.1309E-11
CALSDV   21    9  0.1110E-11  0.1110E-11
CALSDV   22    9  0.1200E-11  0.1200E-11
CALSDV   23    9  0.1023E-11  0.1023E-11
CALSDV   24    9  0.1121E-11  0.1122E-11
CALSDV   25    9  0.9768E-12  0.9779E-12
CALSDV   26    9  0.1071E-11  0.1072E-11
CALSDV   27    9  0.9554E-12  0.9561E-12
CALSDV   28    9  0.1037E-11  0.1037E-11
CALSDV   29    9  0.9473E-12  0.9479E-12
CALSDV   30    9  0.1016E-11  0.1017E-11
CALSDV   31    9  0.9494E-12  0.9500E-12
CALSDV   32    9  0.1004E-11  0.1004E-11
CALSDV   33    9  0.9556E-12  0.9562E-12
CALSDV   34    9  0.1005E-11  0.1006E-11
CALSDV   35    9  0.9741E-12  0.9742E-12
CALSDV   36    9  0.1017E-11  0.1018E-11
CALSDV   37    9  0.9985E-12  0.9990E-12
CALSDV   38    9  0.1040E-11  0.1041E-11
CALSDV   39    9  0.1033E-11  0.1033E-11
CALSDV   40    9  0.1067E-11  0.1067E-11
CALSDV   41    9  0.1069E-11  0.1069E-11
CALSDV   42    9  0.1108E-11  0.1108E-11
CALSDV   43    9  0.1120E-11  0.1120E-11
CALSDV   44    9  0.1154E-11  0.1154E-11
CALSDV   45    9  0.1173E-11  0.1174E-11
CALSDV   46    9  0.1210E-11  0.1210E-11
CALSDV   47    9  0.1236E-11  0.1236E-11
CALSDV   48    9  0.1281E-11  0.1282E-11
CALSDV   49    9  0.1315E-11  0.1315E-11
CALSDV   50    9  0.1364E-11  0.1364E-11
CALSDV   51    9  0.1405E-11  0.1405E-11
CALSDV   52    9  0.1458E-11  0.1458E-11
CALSDV   53    9  0.1507E-11  0.1508E-11
CALSDV   54    9  0.1569E-11  0.1569E-11
CALSDV   55    9  0.1627E-11  0.1628E-11
CALSDV   56    9  0.1697E-11  0.1697E-11
CALSDV   57    9  0.1768E-11  0.1768E-11
CALSDV   58    9  0.1846E-11  0.1846E-11
CALSDV   59    9  0.1898E-11  0.1898E-11
CALSDV   60    9  0.1973E-11  0.1973E-11
CALSDV   10   10  0.7507E-11  0.7540E-11
CALSDV   11   10  0.5588E-11  0.5581E-11
CALSDV   12   10  0.3899E-11  0.3908E-11
CALSDV   13   10  0.3069E-11  0.3056E-11
CALSDV   14   10  0.3149E-11  0.3164E-11
CALSDV   15   10  0.2431E-11  0.2431E-11
CALSDV   16   10  0.2529E-11  0.2545E-11
CALSDV   17   10  0.2148E-11  0.2151E-11
CALSDV   18   10  0.2068E-11  0.2080E-11
CALSDV   19   10  0.1923E-11  0.1926E-11
CALSDV   20   10  0.1752E-11  0.1762E-11
CALSDV   21   10  0.1734E-11  0.1738E-11
CALSDV   22   10  0.1547E-11  0.1553E-11
CALSDV   23   10  0.1575E-11  0.1578E-11
CALSDV   24   10  0.1404E-11  0.1407E-11
CALSDV   25   10  0.1449E-11  0.1452E-11
CALSDV   26   10  0.1305E-11  0.1306E-11
CALSDV   27   10  0.1352E-11  0.1354E-11
CALSDV   28   10  0.1237E-11  0.1237E-11
CALSDV   29   10  0.1280E-11  0.1282E-11
CALSDV   30   10  0.1188E-11  0.1188E-11
CALSDV   31   10  0.1226E-11  0.1228E-11
CALSDV   32   10  0.1159E-11  0.1159E-11
CALSDV   33   10  0.1193E-11  0.1193E-11
CALSDV   34   10  0.1145E-11  0.1145E-11
CALSDV   35   10  0.1174E-11  0.1175E-11
CALSDV   36   10  0.1143E-11  0.1143E-11
CALSDV   37   10  0.1170E-11  0.1170E-11
CALSDV   38   10  0.1154E-11  0.1153E-11
CALSDV   39   10  0.1178E-11  0.1178E-11
CALSDV   40   10  0.1171E-11  0.1171E-11
CALSDV   41   10  0.1196E-11  0.1196E-11
CALSDV   42   10  0.1203E-11  0.1203E-11
CALSDV   43   10  0.1228E-11  0.1228E-11
CALSDV   44   10  0.1243E-11  0.1243E-11
CALSDV   45   10  0.1271E-11  0.1271E-11
CALSDV   46   10  0.1288E-11  0.1287E-11
CALSDV   47   10  0.1318E-11  0.1317E-11
CALSDV   48   10  0.1352E-11  0.1351E-11
CALSDV   49   10  0.1386E-11  0.1385E-11
CALSDV   50   10  0.1428E-11  0.1427E-11
CALSDV   51   10  0.1467E-11  0.1466E-11
CALSDV   52   10  0.1515E-11  0.1515E-11
CALSDV   53   10  0.1561E-11  0.1560E-11
CALSDV   54   10  0.1620E-11  0.1619E-11
CALSDV   55   10  0.1674E-11  0.1673E-11
CALSDV   56   10  0.1742E-11  0.1741E-11
CALSDV   57   10  0.1809E-11  0.1808E-11
CALSDV   58   10  0.1888E-11  0.1887E-11
CALSDV   59   10  0.1953E-11  0.1952E-11
CALSDV   60   10  0.2031E-11  0.2030E-11
CALSDV   11   11  0.7119E-11  0.7061E-11
CALSDV   12   11  0.7223E-11  0.7281E-11
CALSDV   13   11  0.4199E-11  0.4194E-11
CALSDV   14   11  0.4161E-11  0.4225E-11
CALSDV   15   11  0.3090E-11  0.3090E-11
CALSDV   16   11  0.2813E-11  0.2864E-11
CALSDV   17   11  0.2234E-11  0.2238E-11
CALSDV   18   11  0.2124E-11  0.2156E-11
CALSDV   19   11  0.1683E-11  0.1690E-11
CALSDV   20   11  0.1733E-11  0.1758E-11
CALSDV   21   11  0.1368E-11  0.1376E-11
CALSDV   22   11  0.1495E-11  0.1513E-11
CALSDV   23   11  0.1213E-11  0.1220E-11
CALSDV   24   11  0.1343E-11  0.1355E-11
CALSDV   25   11  0.1138E-11  0.1144E-11
CALSDV   26   11  0.1237E-11  0.1247E-11
CALSDV   27   11  0.1099E-11  0.1104E-11
CALSDV   28   11  0.1169E-11  0.1176E-11
CALSDV   29   11  0.1083E-11  0.1086E-11
CALSDV   30   11  0.1129E-11  0.1135E-11
CALSDV   31   11  0.1083E-11  0.1085E-11
CALSDV   32   11  0.1111E-11  0.1114E-11
CALSDV   33   11  0.1092E-11  0.1094E-11
CALSDV   34   11  0.1106E-11  0.1109E-11
CALSDV   35   11  0.1109E-11  0.1110E-11
CALSDV   36   11  0.1115E-11  0.1116E-11
CALSDV   37   11  0.1131E-11  0.1132E-11
CALSDV   38   11  0.1130E-11  0.1131E-11
CALSDV   39   11  0.1156E-11  0.1157E-11
CALSDV   40   11  0.1160E-11  0.1160E-11
CALSDV   41   11  0.1194E-11  0.1194E-11
CALSDV   42   11  0.1196E-11  0.1196E-11
CALSDV   43   11  0.1235E-11  0.1235E-11
CALSDV   44   11  0.1245E-11  0.1245E-11
CALSDV   45   11  0.1289E-11  0.1289E-11
CALSDV   46   11  0.1295E-11  0.1295E-11
CALSDV   47   11  0.1343E-11  0.1342E-11
CALSDV   48   11  0.1360E-11  0.1359E-11
CALSDV   49   11  0.1410E-11  0.1409E-11
CALSDV   50   11  0.1441E-11  0.1440E-11
CALSDV   51   11  0.1495E-11  0.1493E-11
CALSDV   52   11  0.1531E-11  0.1530E-11
CALSDV   53   11  0.1589E-11  0.1588E-11
CALSDV   54   11  0.1636E-11  0.1635E-11
CALSDV   55   11  0.1700E-11  0.1699E-11
CALSDV   56   11  0.1759E-11  0.1758E-11
CALSDV   57   11  0.1834E-11  0.1833E-11
CALSDV   58   11  0.1905E-11  0.1904E-11
CALSDV   59   11  0.1984E-11  0.1982E-11
CALSDV   60   11  0.2050E-11  0.2049E-11
CALSDV   12   12  0.6722E-11  0.6716E-11
CALSDV   13   12  0.5602E-11  0.5573E-11
CALSDV   14   12  0.3715E-11  0.3729E-11
CALSDV   15   12  0.2875E-11  0.2868E-11
CALSDV   16   12  0.2938E-11  0.2947E-11
CALSDV   17   12  0.2224E-11  0.2224E-11
CALSDV   18   12  0.2335E-11  0.2346E-11
CALSDV   19   12  0.2035E-11  0.2035E-11
CALSDV   20   12  0.1949E-11  0.1958E-11
CALSDV   21   12  0.1918E-11  0.1918E-11
CALSDV   22   12  0.1718E-11  0.1724E-11
CALSDV   23   12  0.1796E-11  0.1796E-11
CALSDV   24   12  0.1582E-11  0.1587E-11
CALSDV   25   12  0.1679E-11  0.1679E-11
CALSDV   26   12  0.1497E-11  0.1501E-11
CALSDV   27   12  0.1578E-11  0.1578E-11
CALSDV   28   12  0.1441E-11  0.1444E-11
CALSDV   29   12  0.1496E-11  0.1495E-11
CALSDV   30   12  0.1399E-11  0.1402E-11
CALSDV   31   12  0.1430E-11  0.1429E-11
CALSDV   32   12  0.1372E-11  0.1374E-11
CALSDV   33   12  0.1385E-11  0.1383E-11
CALSDV   34   12  0.1356E-11  0.1357E-11
CALSDV   35   12  0.1355E-11  0.1353E-11
CALSDV   36   12  0.1346E-11  0.1347E-11
CALSDV   37   12  0.1338E-11  0.1336E-11
CALSDV   38   12  0.1349E-11  0.1349E-11
CALSDV   39   12  0.1336E-11  0.1335E-11
CALSDV   40   12  0.1359E-11  0.1359E-11
CALSDV   41   12  0.1345E-11  0.1343E-11
CALSDV   42   12  0.1379E-11  0.1379E-11
CALSDV   43   12  0.1368E-11  0.1365E-11
CALSDV   44   12  0.1408E-11  0.1407E-11
CALSDV   45   12  0.1400E-11  0.1398E-11
CALSDV   46   12  0.1447E-11  0.1446E-11
CALSDV   47   12  0.1445E-11  0.1443E-11
CALSDV   48   12  0.1491E-11  0.1490E-11
CALSDV   49   12  0.1495E-11  0.1493E-11
CALSDV   50   12  0.1554E-11  0.1553E-11
CALSDV   51   12  0.1566E-11  0.1564E-11
CALSDV   52   12  0.1631E-11  0.1629E-11
CALSDV   53   12  0.1652E-11  0.1650E-11
CALSDV   54   12  0.1721E-11  0.1720E-11
CALSDV   55   12  0.1753E-11  0.1751E-11
CALSDV   56   12  0.1831E-11  0.1829E-11
CALSDV   57   12  0.1879E-11  0.1877E-11
CALSDV   58   12  0.1966E-11  0.1965E-11
CALSDV   59   12  0.2036E-11  0.2034E-11
CALSDV   60   12  0.2125E-11  0.2124E-11
CALSDV   13   13  0.5920E-11  0.5861E-11
CALSDV   14   13  0.5865E-11  0.5899E-11
CALSDV   15   13  0.3986E-11  0.3975E-11
CALSDV   16   13  0.3563E-11  0.3588E-11
CALSDV   17   13  0.3230E-11  0.3225E-11
CALSDV   18   13  0.2717E-11  0.2729E-11
CALSDV   19   13  0.2437E-11  0.2434E-11
CALSDV   20   13  0.2236E-11  0.2237E-11
CALSDV   21   13  0.1877E-11  0.1875E-11
CALSDV   22   13  0.1897E-11  0.1895E-11
CALSDV   23   13  0.1536E-11  0.1537E-11
CALSDV   24   13  0.1650E-11  0.1646E-11
CALSDV   25   13  0.1356E-11  0.1358E-11
CALSDV   26   13  0.1474E-11  0.1471E-11
CALSDV   27   13  0.1274E-11  0.1275E-11
CALSDV   28   13  0.1355E-11  0.1352E-11
CALSDV   29   13  0.1244E-11  0.1246E-11
CALSDV   30   13  0.1279E-11  0.1276E-11
CALSDV   31   13  0.1237E-11  0.1239E-11
CALSDV   32   13  0.1232E-11  0.1231E-11
CALSDV   33   13  0.1239E-11  0.1241E-11
CALSDV   34   13  0.1210E-11  0.1210E-11
CALSDV   35   13  0.1251E-11  0.1252E-11
CALSDV   36   13  0.1212E-11  0.1211E-11
CALSDV   37   13  0.1272E-11  0.1273E-11
CALSDV   38   13  0.1227E-11  0.1227E-11
CALSDV   39   13  0.1298E-11  0.1299E-11
CALSDV   40   13  0.1254E-11  0.1255E-11
CALSDV   41   13  0.1330E-11  0.1332E-11
CALSDV   42   13  0.1294E-11  0.1295E-11
CALSDV   43   13  0.1370E-11  0.1371E-11
CALSDV   44   13  0.1337E-11  0.1339E-11
CALSDV   45   13  0.1412E-11  0.1414E-11
CALSDV   46   13  0.1396E-11  0.1398E-11
CALSDV   47   13  0.1468E-11  0.1471E-11
CALSDV   48   13  0.1455E-11  0.1458E-11
CALSDV   49   13  0.1526E-11  0.1528E-11
CALSDV   50   13  0.1527E-11  0.1530E-11
CALSDV   51   13  0.1594E-11  0.1597E-11
CALSDV   52   13  0.1617E-11  0.1620E-11
CALSDV   53   13  0.1683E-11  0.1686E-11
CALSDV   54   13  0.1716E-11  0.1719E-11
CALSDV   55   13  0.1783E-11  0.1787E-11
CALSDV   56   13  0.1832E-11  0.1835E-11
CALSDV   57   13  0.1906E-11  0.1909E-11
CALSDV   58   13  0.1971E-11  0.1974E-11
CALSDV   59   13  0.2066E-11  0.2070E-11
CALSDV   60   13  0.2129E-11  0.2133E-11
CALSDV   14   14  0.4802E-11  0.4824E-11
CALSDV   15   14  0.6208E-11  0.6280E-11
CALSDV   16   14  0.3654E-11  0.3651E-11
CALSDV   17   14  0.3367E-11  0.3400E-11
CALSDV   18   14  0.3006E-11  0.2997E-11
CALSDV   19   14  0.2403E-11  0.2418E-11
CALSDV   20   14  0.2270E-11  0.2265E-11
CALSDV   21   14  0.2086E-11  0.2096E-11
CALSDV   22   14  0.1818E-11  0.1811E-11
CALSDV   23   14  0.1938E-11  0.1950E-11
CALSDV   24   14  0.1597E-11  0.1595E-11
CALSDV   25   14  0.1832E-11  0.1844E-11
CALSDV   26   14  0.1509E-11  0.1511E-11
CALSDV   27   14  0.1741E-11  0.1754E-11
CALSDV   28   14  0.1484E-11  0.1486E-11
CALSDV   29   14  0.1663E-11  0.1676E-11
CALSDV   30   14  0.1483E-11  0.1485E-11
CALSDV   31   14  0.1600E-11  0.1612E-11
CALSDV   32   14  0.1491E-11  0.1493E-11
CALSDV   33   14  0.1552E-11  0.1565E-11
CALSDV   34   14  0.1499E-11  0.1501E-11
CALSDV   35   14  0.1518E-11  0.1530E-11
CALSDV   36   14  0.1507E-11  0.1508E-11
CALSDV   37   14  0.1496E-11  0.1507E-11
CALSDV   38   14  0.1517E-11  0.1519E-11
CALSDV   39   14  0.1490E-11  0.1500E-11
CALSDV   40   14  0.1533E-11  0.1535E-11
CALSDV   41   14  0.1496E-11  0.1506E-11
CALSDV   42   14  0.1550E-11  0.1552E-11
CALSDV   43   14  0.1511E-11  0.1521E-11
CALSDV   44   14  0.1577E-11  0.1580E-11
CALSDV   45   14  0.1540E-11  0.1549E-11
CALSDV   46   14  0.1609E-11  0.1612E-11
CALSDV   47   14  0.1576E-11  0.1583E-11
CALSDV   48   14  0.1652E-11  0.1655E-11
CALSDV   49   14  0.1626E-11  0.1633E-11
CALSDV   50   14  0.1694E-11  0.1697E-11
CALSDV   51   14  0.1678E-11  0.1684E-11
CALSDV   52   14  0.1759E-11  0.1763E-11
CALSDV   53   14  0.1754E-11  0.1760E-11
CALSDV   54   14  0.1837E-11  0.1841E-11
CALSDV   55   14  0.1845E-11  0.1850E-11
CALSDV   56   14  0.1930E-11  0.1934E-11
CALSDV   57   14  0.1957E-11  0.1962E-11
CALSDV   58   14  0.2051E-11  0.2056E-11
CALSDV   59   14  0.2119E-11  0.2124E-11
CALSDV   60   14  0.2216E-11  0.2221E-11
CALSDV   15   15  0.6464E-11  0.6502E-11
CALSDV   16   15  0.5354E-11  0.5388E-11
CALSDV   17   15  0.3839E-11  0.3859E-11
CALSDV   18   15  0.2908E-11  0.2899E-11
CALSDV   19   15  0.3518E-11  0.3512E-11
CALSDV   20   15  0.2259E-11  0.2244E-11
CALSDV   21   15  0.2949E-11  0.2927E-11
CALSDV   22   15  0.2017E-11  0.2009E-11
CALSDV   23   15  0.2484E-11  0.2457E-11
CALSDV   24   15  0.1834E-11  0.1831E-11
CALSDV   25   15  0.2160E-11  0.2133E-11
CALSDV   26   15  0.1680E-11  0.1678E-11
CALSDV   27   15  0.1943E-11  0.1919E-11
CALSDV   28   15  0.1558E-11  0.1558E-11
CALSDV   29   15  0.1800E-11  0.1779E-11
CALSDV   30   15  0.1469E-11  0.1469E-11
CALSDV   31   15  0.1705E-11  0.1689E-11
CALSDV   32   15  0.1412E-11  0.1413E-11
CALSDV   33   15  0.1646E-11  0.1633E-11
CALSDV   34   15  0.1384E-11  0.1386E-11
CALSDV   35   15  0.1610E-11  0.1601E-11
CALSDV   36   15  0.1378E-11  0.1379E-11
CALSDV   37   15  0.1590E-11  0.1582E-11
CALSDV   38   15  0.1386E-11  0.1387E-11
CALSDV   39   15  0.1578E-11  0.1572E-11
CALSDV   40   15  0.1405E-11  0.1407E-11
CALSDV   41   15  0.1578E-11  0.1574E-11
CALSDV   42   15  0.1440E-11  0.1441E-11
CALSDV   43   15  0.1594E-11  0.1590E-11
CALSDV   44   15  0.1484E-11  0.1485E-11
CALSDV   45   15  0.1618E-11  0.1616E-11
CALSDV   46   15  0.1534E-11  0.1535E-11
CALSDV   47   15  0.1653E-11  0.1652E-11
CALSDV   48   15  0.1597E-11  0.1599E-11
CALSDV   49   15  0.1700E-11  0.1699E-11
CALSDV   50   15  0.1658E-11  0.1659E-11
CALSDV   51   15  0.1747E-11  0.1746E-11
CALSDV   52   15  0.1734E-11  0.1735E-11
CALSDV   53   15  0.1812E-11  0.1812E-11
CALSDV   54   15  0.1827E-11  0.1828E-11
CALSDV   55   15  0.1899E-11  0.1899E-11
CALSDV   56   15  0.1931E-11  0.1931E-11
CALSDV   57   15  0.2002E-11  0.2002E-11
CALSDV   58   15  0.2058E-11  0.2058E-11
CALSDV   59   15  0.2163E-11  0.2163E-11
CALSDV   60   15  0.2222E-11  0.2223E-11
CALSDV   16   16  0.4267E-11  0.4213E-11
CALSDV   17   16  0.6260E-11  0.6283E-11
CALSDV   18   16  0.3747E-11  0.3722E-11
CALSDV   19   16  0.3581E-11  0.3606E-11
CALSDV   20   16  0.3270E-11  0.3237E-11
CALSDV   21   16  0.2624E-11  0.2624E-11
CALSDV   22   16  0.2482E-11  0.2458E-11
CALSDV   23   16  0.2252E-11  0.2241E-11
CALSDV   24   16  0.1954E-11  0.1929E-11
CALSDV   25   16  0.2041E-11  0.2031E-11
CALSDV   26   16  0.1703E-11  0.1681E-11
CALSDV   27   16  0.1897E-11  0.1890E-11
CALSDV   28   16  0.1624E-11  0.1604E-11
CALSDV   29   16  0.1796E-11  0.1790E-11
CALSDV   30   16  0.1619E-11  0.1602E-11
CALSDV   31   16  0.1726E-11  0.1719E-11
CALSDV   32   16  0.1639E-11  0.1624E-11
CALSDV   33   16  0.1680E-11  0.1672E-11
CALSDV   34   16  0.1663E-11  0.1649E-11
CALSDV   35   16  0.1651E-11  0.1642E-11
CALSDV   36   16  0.1688E-11  0.1673E-11
CALSDV   37   16  0.1637E-11  0.1628E-11
CALSDV   38   16  0.1711E-11  0.1697E-11
CALSDV   39   16  0.1637E-11  0.1627E-11
CALSDV   40   16  0.1732E-11  0.1719E-11
CALSDV   41   16  0.1644E-11  0.1635E-11
CALSDV   42   16  0.1751E-11  0.1739E-11
CALSDV   43   16  0.1659E-11  0.1650E-11
CALSDV   44   16  0.1773E-11  0.1762E-11
CALSDV   45   16  0.1685E-11  0.1676E-11
CALSDV   46   16  0.1803E-11  0.1792E-11
CALSDV   47   16  0.1725E-11  0.1716E-11
CALSDV   48   16  0.1834E-11  0.1822E-11
CALSDV   49   16  0.1769E-11  0.1759E-11
CALSDV   50   16  0.1877E-11  0.1865E-11
CALSDV   51   16  0.1828E-11  0.1817E-11
CALSDV   52   16  0.1916E-11  0.1904E-11
CALSDV   53   16  0.1878E-11  0.1867E-11
CALSDV   54   16  0.1981E-11  0.1969E-11
CALSDV   55   16  0.1960E-11  0.1949E-11
CALSDV   56   16  0.2058E-11  0.2045E-11
CALSDV   57   16  0.2059E-11  0.2047E-11
CALSDV   58   16  0.2159E-11  0.2146E-11
CALSDV   59   16  0.2218E-11  0.2205E-11
CALSDV   60   16  0.2322E-11  0.2308E-11
CALSDV   17   17  0.4259E-11  0.4286E-11
CALSDV   18   17  0.4696E-11  0.4677E-11
CALSDV   19   17  0.3604E-11  0.3607E-11
CALSDV   20   17  0.2720E-11  0.2722E-11
CALSDV   21   17  0.3221E-11  0.3227E-11
CALSDV   22   17  0.2498E-11  0.2502E-11
CALSDV   23   17  0.2539E-11  0.2545E-11
CALSDV   24   17  0.2376E-11  0.2374E-11
CALSDV   25   17  0.2051E-11  0.2057E-11
CALSDV   26   17  0.2159E-11  0.2155E-11
CALSDV   27   17  0.1782E-11  0.1788E-11
CALSDV   28   17  0.1925E-11  0.1920E-11
CALSDV   29   17  0.1656E-11  0.1663E-11
CALSDV   30   17  0.1729E-11  0.1722E-11
CALSDV   31   17  0.1604E-11  0.1612E-11
CALSDV   32   17  0.1589E-11  0.1582E-11
CALSDV   33   17  0.1587E-11  0.1597E-11
CALSDV   34   17  0.1503E-11  0.1499E-11
CALSDV   35   17  0.1589E-11  0.1597E-11
CALSDV   36   17  0.1465E-11  0.1461E-11
CALSDV   37   17  0.1600E-11  0.1608E-11
CALSDV   38   17  0.1463E-11  0.1460E-11
CALSDV   39   17  0.1619E-11  0.1625E-11
CALSDV   40   17  0.1489E-11  0.1486E-11
CALSDV   41   17  0.1646E-11  0.1650E-11
CALSDV   42   17  0.1531E-11  0.1528E-11
CALSDV   43   17  0.1678E-11  0.1681E-11
CALSDV   44   17  0.1583E-11  0.1581E-11
CALSDV   45   17  0.1712E-11  0.1714E-11
CALSDV   46   17  0.1639E-11  0.1637E-11
CALSDV   47   17  0.1749E-11  0.1751E-11
CALSDV   48   17  0.1706E-11  0.1705E-11
CALSDV   49   17  0.1798E-11  0.1800E-11
CALSDV   50   17  0.1783E-11  0.1782E-11
CALSDV   51   17  0.1858E-11  0.1859E-11
CALSDV   52   17  0.1854E-11  0.1854E-11
CALSDV   53   17  0.1919E-11  0.1920E-11
CALSDV   54   17  0.1936E-11  0.1936E-11
CALSDV   55   17  0.1989E-11  0.1990E-11
CALSDV   56   17  0.2036E-11  0.2036E-11
CALSDV   57   17  0.2087E-11  0.2088E-11
CALSDV   58   17  0.2149E-11  0.2149E-11
CALSDV   59   17  0.2242E-11  0.2243E-11
CALSDV   60   17  0.2313E-11  0.2314E-11
CALSDV   18   18  0.4768E-11  0.4784E-11
CALSDV   19   18  0.4870E-11  0.4885E-11
CALSDV   20   18  0.4009E-11  0.4021E-11
CALSDV   21   18  0.2681E-11  0.2673E-11
CALSDV   22   18  0.3430E-11  0.3440E-11
CALSDV   23   18  0.2350E-11  0.2339E-11
CALSDV   24   18  0.2546E-11  0.2554E-11
CALSDV   25   18  0.2257E-11  0.2248E-11
CALSDV   26   18  0.1950E-11  0.1958E-11
CALSDV   27   18  0.2106E-11  0.2100E-11
CALSDV   28   18  0.1707E-11  0.1715E-11
CALSDV   29   18  0.1945E-11  0.1941E-11
CALSDV   30   18  0.1683E-11  0.1693E-11
CALSDV   31   18  0.1816E-11  0.1815E-11
CALSDV   32   18  0.1739E-11  0.1748E-11
CALSDV   33   18  0.1733E-11  0.1734E-11
CALSDV   34   18  0.1806E-11  0.1815E-11
CALSDV   35   18  0.1694E-11  0.1693E-11
CALSDV   36   18  0.1862E-11  0.1869E-11
CALSDV   37   18  0.1681E-11  0.1685E-11
CALSDV   38   18  0.1902E-11  0.1910E-11
CALSDV   39   18  0.1691E-11  0.1695E-11
CALSDV   40   18  0.1932E-11  0.1939E-11
CALSDV   41   18  0.1715E-11  0.1718E-11
CALSDV   42   18  0.1956E-11  0.1963E-11
CALSDV   43   18  0.1748E-11  0.1751E-11
CALSDV   44   18  0.1979E-11  0.1985E-11
CALSDV   45   18  0.1791E-11  0.1794E-11
CALSDV   46   18  0.2004E-11  0.2011E-11
CALSDV   47   18  0.1839E-11  0.1843E-11
CALSDV   48   18  0.2029E-11  0.2035E-11
CALSDV   49   18  0.1889E-11  0.1893E-11
CALSDV   50   18  0.2054E-11  0.2060E-11
CALSDV   51   18  0.1940E-11  0.1944E-11
CALSDV   52   18  0.2093E-11  0.2098E-11
CALSDV   53   18  0.2008E-11  0.2012E-11
CALSDV   54   18  0.2123E-11  0.2128E-11
CALSDV   55   18  0.2062E-11  0.2066E-11
CALSDV   56   18  0.2185E-11  0.2190E-11
CALSDV   57   18  0.2152E-11  0.2157E-11
CALSDV   58   18  0.2261E-11  0.2266E-11
CALSDV   59   18  0.2302E-11  0.2307E-11
CALSDV   60   18  0.2409E-11  0.2415E-11
CALSDV   19   19  0.3816E-11  0.3821E-11
CALSDV   20   19  0.4439E-11  0.4473E-11
CALSDV   21   19  0.3618E-11  0.3619E-11
CALSDV   22   19  0.2601E-11  0.2647E-11
CALSDV   23   19  0.3207E-11  0.3212E-11
CALSDV   24   19  0.2677E-11  0.2715E-11
CALSDV   25   19  0.2513E-11  0.2519E-11
CALSDV   26   19  0.2706E-11  0.2739E-11
CALSDV   27   19  0.2037E-11  0.2042E-11
CALSDV   28   19  0.2542E-11  0.2574E-11
CALSDV   29   19  0.1799E-11  0.1801E-11
CALSDV   30   19  0.2312E-11  0.2341E-11
CALSDV   31   19  0.1711E-11  0.1708E-11
CALSDV   32   19  0.2099E-11  0.2124E-11
CALSDV   33   19  0.1689E-11  0.1684E-11
CALSDV   34   19  0.1936E-11  0.1958E-11
CALSDV   35   19  0.1695E-11  0.1686E-11
CALSDV   36   19  0.1829E-11  0.1851E-11
CALSDV   37   19  0.1710E-11  0.1701E-11
CALSDV   38   19  0.1776E-11  0.1793E-11
CALSDV   39   19  0.1732E-11  0.1722E-11
CALSDV   40   19  0.1761E-11  0.1776E-11
CALSDV   41   19  0.1758E-11  0.1749E-11
CALSDV   42   19  0.1775E-11  0.1786E-11
CALSDV   43   19  0.1789E-11  0.1781E-11
CALSDV   44   19  0.1808E-11  0.1817E-11
CALSDV   45   19  0.1827E-11  0.1820E-11
CALSDV   46   19  0.1856E-11  0.1862E-11
CALSDV   47   19  0.1872E-11  0.1867E-11
CALSDV   48   19  0.1914E-11  0.1919E-11
CALSDV   49   19  0.1926E-11  0.1923E-11
CALSDV   50   19  0.1979E-11  0.1984E-11
CALSDV   51   19  0.1988E-11  0.1986E-11
CALSDV   52   19  0.2043E-11  0.2046E-11
CALSDV   53   19  0.2046E-11  0.2044E-11
CALSDV   54   19  0.2099E-11  0.2104E-11
CALSDV   55   19  0.2099E-11  0.2098E-11
CALSDV   56   19  0.2176E-11  0.2179E-11
CALSDV   57   19  0.2182E-11  0.2181E-11
CALSDV   58   19  0.2272E-11  0.2274E-11
CALSDV   59   19  0.2334E-11  0.2335E-11
CALSDV   60   19  0.2421E-11  0.2423E-11
CALSDV   20   20  0.4759E-11  0.4701E-11
CALSDV   21   20  0.4594E-11  0.4614E-11
CALSDV   22   20  0.4192E-11  0.4171E-11
CALSDV   23   20  0.2529E-11  0.2537E-11
CALSDV   24   20  0.3630E-11  0.3619E-11
CALSDV   25   20  0.2425E-11  0.2430E-11
CALSDV   26   20  0.2728E-11  0.2722E-11
CALSDV   27   20  0.2403E-11  0.2404E-11
CALSDV   28   20  0.2098E-11  0.2095E-11
CALSDV   29   20  0.2241E-11  0.2240E-11
CALSDV   30   20  0.1831E-11  0.1829E-11
CALSDV   31   20  0.2043E-11  0.2041E-11
CALSDV   32   20  0.1804E-11  0.1804E-11
CALSDV   33   20  0.1884E-11  0.1882E-11
CALSDV   34   20  0.1871E-11  0.1870E-11
CALSDV   35   20  0.1791E-11  0.1788E-11
CALSDV   36   20  0.1952E-11  0.1952E-11
CALSDV   37   20  0.1761E-11  0.1758E-11
CALSDV   38   20  0.2022E-11  0.2022E-11
CALSDV   39   20  0.1774E-11  0.1772E-11
CALSDV   40   20  0.2075E-11  0.2075E-11
CALSDV   41   20  0.1815E-11  0.1813E-11
CALSDV   42   20  0.2114E-11  0.2114E-11
CALSDV   43   20  0.1869E-11  0.1868E-11
CALSDV   44   20  0.2144E-11  0.2144E-11
CALSDV   45   20  0.1927E-11  0.1926E-11
CALSDV   46   20  0.2168E-11  0.2168E-11
CALSDV   47   20  0.1986E-11  0.1986E-11
CALSDV   48   20  0.2191E-11  0.2191E-11
CALSDV   49   20  0.2044E-11  0.2043E-11
CALSDV   50   20  0.2217E-11  0.2217E-11
CALSDV   51   20  0.2101E-11  0.2101E-11
CALSDV   52   20  0.2250E-11  0.2250E-11
CALSDV   53   20  0.2162E-11  0.2162E-11
CALSDV   54   20  0.2295E-11  0.2294E-11
CALSDV   55   20  0.2224E-11  0.2224E-11
CALSDV   56   20  0.2310E-11  0.2311E-11
CALSDV   57   20  0.2267E-11  0.2267E-11
CALSDV   58   20  0.2378E-11  0.2378E-11
CALSDV   59   20  0.2415E-11  0.2415E-11
CALSDV   60   20  0.2506E-11  0.2506E-11
CALSDV   21   21  0.3874E-11  0.3868E-11
CALSDV   22   21  0.4425E-11  0.4403E-11
CALSDV   23   21  0.3676E-11  0.3684E-11
CALSDV   24   21  0.2467E-11  0.2444E-11
CALSDV   25   21  0.3217E-11  0.3214E-11
CALSDV   26   21  0.2712E-11  0.2697E-11
CALSDV   27   21  0.2543E-11  0.2539E-11
CALSDV   28   21  0.2859E-11  0.2848E-11
CALSDV   29   21  0.2132E-11  0.2126E-11
CALSDV   30   21  0.2755E-11  0.2745E-11
CALSDV   31   21  0.1961E-11  0.1957E-11
CALSDV   32   21  0.2556E-11  0.2543E-11
CALSDV   33   21  0.1914E-11  0.1915E-11
CALSDV   34   21  0.2354E-11  0.2345E-11
CALSDV   35   21  0.1914E-11  0.1915E-11
CALSDV   36   21  0.2199E-11  0.2194E-11
CALSDV   37   21  0.1925E-11  0.1928E-11
CALSDV   38   21  0.2104E-11  0.2096E-11
CALSDV   39   21  0.1940E-11  0.1944E-11
CALSDV   40   21  0.2059E-11  0.2052E-11
CALSDV   41   21  0.1959E-11  0.1963E-11
CALSDV   42   21  0.2053E-11  0.2047E-11
CALSDV   43   21  0.1983E-11  0.1988E-11
CALSDV   44   21  0.2073E-11  0.2068E-11
CALSDV   45   21  0.2015E-11  0.2019E-11
CALSDV   46   21  0.2109E-11  0.2104E-11
CALSDV   47   21  0.2052E-11  0.2056E-11
CALSDV   48   21  0.2154E-11  0.2151E-11
CALSDV   49   21  0.2096E-11  0.2100E-11
CALSDV   50   21  0.2205E-11  0.2202E-11
CALSDV   51   21  0.2146E-11  0.2148E-11
CALSDV   52   21  0.2256E-11  0.2254E-11
CALSDV   53   21  0.2201E-11  0.2202E-11
CALSDV   54   21  0.2310E-11  0.2308E-11
CALSDV   55   21  0.2257E-11  0.2257E-11
CALSDV   56   21  0.2362E-11  0.2360E-11
CALSDV   57   21  0.2331E-11  0.2331E-11
CALSDV   58   21  0.2416E-11  0.2414E-11
CALSDV   59   21  0.2447E-11  0.2447E-11
CALSDV   60   21  0.2540E-11  0.2539E-11
CALSDV   22   22  0.3936E-11  0.3948E-11
CALSDV   23   22  0.4542E-11  0.4517E-11
CALSDV   24   22  0.4112E-11  0.4113E-11
CALSDV   25   22  0.2483E-11  0.2472E-11
CALSDV   26   22  0.3642E-11  0.3640E-11
CALSDV   27   22  0.2556E-11  0.2559E-11
CALSDV   28   22  0.2783E-11  0.2779E-11
CALSDV   29   22  0.2585E-11  0.2589E-11
CALSDV   30   22  0.2184E-11  0.2184E-11
CALSDV   31   22  0.2404E-11  0.2404E-11
CALSDV   32   22  0.1934E-11  0.1935E-11
CALSDV   33   22  0.2167E-11  0.2164E-11
CALSDV   34   22  0.1911E-11  0.1912E-11
CALSDV   35   22  0.1975E-11  0.1972E-11
CALSDV   36   22  0.1977E-11  0.1979E-11
CALSDV   37   22  0.1870E-11  0.1867E-11
CALSDV   38   22  0.2060E-11  0.2062E-11
CALSDV   39   22  0.1850E-11  0.1845E-11
CALSDV   40   22  0.2136E-11  0.2137E-11
CALSDV   41   22  0.1888E-11  0.1884E-11
CALSDV   42   22  0.2198E-11  0.2199E-11
CALSDV   43   22  0.1958E-11  0.1955E-11
CALSDV   44   22  0.2249E-11  0.2251E-11
CALSDV   45   22  0.2043E-11  0.2040E-11
CALSDV   46   22  0.2294E-11  0.2295E-11
CALSDV   47   22  0.2128E-11  0.2126E-11
CALSDV   48   22  0.2333E-11  0.2334E-11
CALSDV   49   22  0.2208E-11  0.2206E-11
CALSDV   50   22  0.2371E-11  0.2371E-11
CALSDV   51   22  0.2281E-11  0.2279E-11
CALSDV   52   22  0.2407E-11  0.2408E-11
CALSDV   53   22  0.2345E-11  0.2344E-11
CALSDV   54   22  0.2445E-11  0.2445E-11
CALSDV   55   22  0.2401E-11  0.2400E-11
CALSDV   56   22  0.2484E-11  0.2484E-11
CALSDV   57   22  0.2468E-11  0.2466E-11
CALSDV   58   22  0.2492E-11  0.2490E-11
CALSDV   59   22  0.2529E-11  0.2528E-11
CALSDV   60   22  0.2618E-11  0.2617E-11
CALSDV   23   23  0.3754E-11  0.3798E-11
CALSDV   24   23  0.4459E-11  0.4473E-11
CALSDV   25   23  0.3755E-11  0.3714E-11
CALSDV   26   23  0.2339E-11  0.2330E-11
CALSDV   27   23  0.3221E-11  0.3212E-11
CALSDV   28   23  0.2667E-11  0.2663E-11
CALSDV   29   23  0.2539E-11  0.2541E-11
CALSDV   30   23  0.2852E-11  0.2868E-11
CALSDV   31   23  0.2187E-11  0.2191E-11
CALSDV   32   23  0.2749E-11  0.2774E-11
CALSDV   33   23  0.2088E-11  0.2093E-11
CALSDV   34   23  0.2539E-11  0.2567E-11
CALSDV   35   23  0.2087E-11  0.2094E-11
CALSDV   36   23  0.2337E-11  0.2364E-11
CALSDV   37   23  0.2104E-11  0.2115E-11
CALSDV   38   23  0.2193E-11  0.2221E-11
CALSDV   39   23  0.2117E-11  0.2132E-11
CALSDV   40   23  0.2119E-11  0.2147E-11
CALSDV   41   23  0.2129E-11  0.2149E-11
CALSDV   42   23  0.2105E-11  0.2137E-11
CALSDV   43   23  0.2144E-11  0.2169E-11
CALSDV   44   23  0.2133E-11  0.2168E-11
CALSDV   45   23  0.2167E-11  0.2198E-11
CALSDV   46   23  0.2186E-11  0.2225E-11
CALSDV   47   23  0.2199E-11  0.2236E-11
CALSDV   48   23  0.2249E-11  0.2294E-11
CALSDV   49   23  0.2240E-11  0.2284E-11
CALSDV   50   23  0.2317E-11  0.2368E-11
CALSDV   51   23  0.2290E-11  0.2336E-11
CALSDV   52   23  0.2385E-11  0.2441E-11
CALSDV   53   23  0.2344E-11  0.2395E-11
CALSDV   54   23  0.2452E-11  0.2510E-11
CALSDV   55   23  0.2400E-11  0.2453E-11
CALSDV   56   23  0.2514E-11  0.2572E-11
CALSDV   57   23  0.2468E-11  0.2531E-11
CALSDV   58   23  0.2584E-11  0.2654E-11
CALSDV   59   23  0.2594E-11  0.2636E-11
CALSDV   60   23  0.2668E-11  0.2703E-11
CALSDV   24   24  0.3799E-11  0.3819E-11
CALSDV   25   24  0.4586E-11  0.4582E-11
CALSDV   26   24  0.4175E-11  0.4166E-11
CALSDV   27   24  0.2486E-11  0.2483E-11
CALSDV   28   24  0.3674E-11  0.3668E-11
CALSDV   29   24  0.2721E-11  0.2721E-11
CALSDV   30   24  0.2832E-11  0.2829E-11
CALSDV   31   24  0.2786E-11  0.2792E-11
CALSDV   32   24  0.2292E-11  0.2292E-11
CALSDV   33   24  0.2576E-11  0.2584E-11
CALSDV   34   24  0.2087E-11  0.2091E-11
CALSDV   35   24  0.2297E-11  0.2304E-11
CALSDV   36   24  0.2075E-11  0.2080E-11
CALSDV   37   24  0.2077E-11  0.2081E-11
CALSDV   38   24  0.2130E-11  0.2136E-11
CALSDV   39   24  0.1969E-11  0.1972E-11
CALSDV   40   24  0.2198E-11  0.2203E-11
CALSDV   41   24  0.1966E-11  0.1969E-11
CALSDV   42   24  0.2263E-11  0.2267E-11
CALSDV   43   24  0.2034E-11  0.2037E-11
CALSDV   44   24  0.2322E-11  0.2327E-11
CALSDV   45   24  0.2135E-11  0.2138E-11
CALSDV   46   24  0.2378E-11  0.2381E-11
CALSDV   47   24  0.2245E-11  0.2247E-11
CALSDV   48   24  0.2432E-11  0.2435E-11
CALSDV   49   24  0.2348E-11  0.2350E-11
CALSDV   50   24  0.2485E-11  0.2487E-11
CALSDV   51   24  0.2437E-11  0.2440E-11
CALSDV   52   24  0.2536E-11  0.2539E-11
CALSDV   53   24  0.2509E-11  0.2512E-11
CALSDV   54   24  0.2585E-11  0.2588E-11
CALSDV   55   24  0.2564E-11  0.2567E-11
CALSDV   56   24  0.2631E-11  0.2634E-11
CALSDV   57   24  0.2619E-11  0.2622E-11
CALSDV   58   24  0.2692E-11  0.2696E-11
CALSDV   59   24  0.2715E-11  0.2718E-11
CALSDV   60   24  0.2767E-11  0.2767E-11
CALSDV   25   25  0.3803E-11  0.3771E-11
CALSDV   26   25  0.4667E-11  0.4659E-11
CALSDV   27   25  0.4033E-11  0.4029E-11
CALSDV   28   25  0.2420E-11  0.2414E-11
CALSDV   29   25  0.3409E-11  0.3411E-11
CALSDV   30   25  0.2791E-11  0.2781E-11
CALSDV   31   25  0.2614E-11  0.2616E-11
CALSDV   32   25  0.3004E-11  0.2998E-11
CALSDV   33   25  0.2292E-11  0.2284E-11
CALSDV   34   25  0.2912E-11  0.2907E-11
CALSDV   35   25  0.2317E-11  0.2306E-11
CALSDV   36   25  0.2719E-11  0.2715E-11
CALSDV   37   25  0.2442E-11  0.2433E-11
CALSDV   38   25  0.2549E-11  0.2547E-11
CALSDV   39   25  0.2550E-11  0.2546E-11
CALSDV   40   25  0.2450E-11  0.2453E-11
CALSDV   41   25  0.2620E-11  0.2614E-11
CALSDV   42   25  0.2424E-11  0.2430E-11
CALSDV   43   25  0.2656E-11  0.2652E-11
CALSDV   44   25  0.2451E-11  0.2457E-11
CALSDV   45   25  0.2673E-11  0.2670E-11
CALSDV   46   25  0.2506E-11  0.2511E-11
CALSDV   47   25  0.2681E-11  0.2679E-11
CALSDV   48   25  0.2572E-11  0.2575E-11
CALSDV   49   25  0.2685E-11  0.2683E-11
CALSDV   50   25  0.2636E-11  0.2638E-11
CALSDV   51   25  0.2688E-11  0.2686E-11
CALSDV   52   25  0.2691E-11  0.2693E-11
CALSDV   53   25  0.2693E-11  0.2691E-11
CALSDV   54   25  0.2736E-11  0.2738E-11
CALSDV   55   25  0.2694E-11  0.2693E-11
CALSDV   56   25  0.2768E-11  0.2769E-11
CALSDV   57   25  0.2710E-11  0.2710E-11
CALSDV   58   25  0.2805E-11  0.2806E-11
CALSDV   59   25  0.2775E-11  0.2773E-11
CALSDV   60   25  0.2873E-11  0.2872E-11
CALSDV   26   26  0.4043E-11  0.4024E-11
CALSDV   27   26  0.4800E-11  0.4825E-11
CALSDV   28   26  0.4304E-11  0.4306E-11
CALSDV   29   26  0.2733E-11  0.2741E-11
CALSDV   30   26  0.3744E-11  0.3746E-11
CALSDV   31   26  0.3050E-11  0.3047E-11
CALSDV   32   26  0.2915E-11  0.2918E-11
CALSDV   33   26  0.3119E-11  0.3115E-11
CALSDV   34   26  0.2442E-11  0.2443E-11
CALSDV   35   26  0.2870E-11  0.2869E-11
CALSDV   36   26  0.2291E-11  0.2292E-11
CALSDV   37   26  0.2542E-11  0.2542E-11
CALSDV   38   26  0.2290E-11  0.2292E-11
CALSDV   39   26  0.2288E-11  0.2288E-11
CALSDV   40   26  0.2332E-11  0.2335E-11
CALSDV   41   26  0.2171E-11  0.2170E-11
CALSDV   42   26  0.2380E-11  0.2383E-11
CALSDV   43   26  0.2178E-11  0.2177E-11
CALSDV   44   26  0.2429E-11  0.2433E-11
CALSDV   45   26  0.2263E-11  0.2263E-11
CALSDV   46   26  0.2481E-11  0.2485E-11
CALSDV   47   26  0.2380E-11  0.2380E-11
CALSDV   48   26  0.2538E-11  0.2542E-11
CALSDV   49   26  0.2499E-11  0.2500E-11
CALSDV   50   26  0.2598E-11  0.2601E-11
CALSDV   51   26  0.2602E-11  0.2603E-11
CALSDV   52   26  0.2658E-11  0.2661E-11
CALSDV   53   26  0.2680E-11  0.2681E-11
CALSDV   54   26  0.2715E-11  0.2717E-11
CALSDV   55   26  0.2731E-11  0.2731E-11
CALSDV   56   26  0.2763E-11  0.2765E-11
CALSDV   57   26  0.2768E-11  0.2770E-11
CALSDV   58   26  0.2815E-11  0.2816E-11
CALSDV   59   26  0.2834E-11  0.2834E-11
CALSDV   60   26  0.2889E-11  0.2890E-11
CALSDV   27   27  0.3712E-11  0.3767E-11
CALSDV   28   27  0.4883E-11  0.4901E-11
CALSDV   29   27  0.4485E-11  0.4462E-11
CALSDV   30   27  0.2583E-11  0.2600E-11
CALSDV   31   27  0.3794E-11  0.3764E-11
CALSDV   32   27  0.2960E-11  0.2970E-11
CALSDV   33   27  0.2812E-11  0.2793E-11
CALSDV   34   27  0.3140E-11  0.3149E-11
CALSDV   35   27  0.2401E-11  0.2396E-11
CALSDV   36   27  0.2999E-11  0.3005E-11
CALSDV   37   27  0.2486E-11  0.2489E-11
CALSDV   38   27  0.2771E-11  0.2777E-11
CALSDV   39   27  0.2718E-11  0.2721E-11
CALSDV   40   27  0.2600E-11  0.2606E-11
CALSDV   41   27  0.2918E-11  0.2917E-11
CALSDV   42   27  0.2534E-11  0.2541E-11
CALSDV   43   27  0.3048E-11  0.3044E-11
CALSDV   44   27  0.2559E-11  0.2564E-11
CALSDV   45   27  0.3115E-11  0.3110E-11
CALSDV   46   27  0.2634E-11  0.2640E-11
CALSDV   47   27  0.3137E-11  0.3131E-11
CALSDV   48   27  0.2726E-11  0.2733E-11
CALSDV   49   27  0.3128E-11  0.3122E-11
CALSDV   50   27  0.2815E-11  0.2822E-11
CALSDV   51   27  0.3098E-11  0.3093E-11
CALSDV   52   27  0.2887E-11  0.2893E-11
CALSDV   53   27  0.3053E-11  0.3051E-11
CALSDV   54   27  0.2936E-11  0.2941E-11
CALSDV   55   27  0.2998E-11  0.2995E-11
CALSDV   56   27  0.2958E-11  0.2962E-11
CALSDV   57   27  0.2948E-11  0.2946E-11
CALSDV   58   27  0.2972E-11  0.2975E-11
CALSDV   59   27  0.2942E-11  0.2943E-11
CALSDV   60   27  0.3006E-11  0.3008E-11
CALSDV   28   28  0.4192E-11  0.4153E-11
CALSDV   29   28  0.4945E-11  0.4939E-11
CALSDV   30   28  0.4449E-11  0.4454E-11
CALSDV   31   28  0.2801E-11  0.2800E-11
CALSDV   32   28  0.3827E-11  0.3820E-11
CALSDV   33   28  0.3213E-11  0.3219E-11
CALSDV   34   28  0.3012E-11  0.3010E-11
CALSDV   35   28  0.3309E-11  0.3315E-11
CALSDV   36   28  0.2613E-11  0.2616E-11
CALSDV   37   28  0.3044E-11  0.3049E-11
CALSDV   38   28  0.2520E-11  0.2529E-11
CALSDV   39   28  0.2692E-11  0.2700E-11
CALSDV   40   28  0.2536E-11  0.2546E-11
CALSDV   41   28  0.2430E-11  0.2442E-11
CALSDV   42   28  0.2567E-11  0.2577E-11
CALSDV   43   28  0.2332E-11  0.2343E-11
CALSDV   44   28  0.2597E-11  0.2605E-11
CALSDV   45   28  0.2372E-11  0.2381E-11
CALSDV   46   28  0.2632E-11  0.2638E-11
CALSDV   47   28  0.2488E-11  0.2495E-11
CALSDV   48   28  0.2677E-11  0.2682E-11
CALSDV   49   28  0.2626E-11  0.2630E-11
CALSDV   50   28  0.2732E-11  0.2736E-11
CALSDV   51   28  0.2752E-11  0.2753E-11
CALSDV   52   28  0.2795E-11  0.2797E-11
CALSDV   53   28  0.2846E-11  0.2846E-11
CALSDV   54   28  0.2856E-11  0.2857E-11
CALSDV   55   28  0.2899E-11  0.2898E-11
CALSDV   56   28  0.2906E-11  0.2905E-11
CALSDV   57   28  0.2924E-11  0.2922E-11
CALSDV   58   28  0.2948E-11  0.2947E-11
CALSDV   59   28  0.2953E-11  0.2953E-11
CALSDV   60   28  0.3001E-11  0.3000E-11
CALSDV   29   29  0.3603E-11  0.3584E-11
CALSDV   30   29  0.5180E-11  0.5187E-11
CALSDV   31   29  0.4700E-11  0.4710E-11
CALSDV   32   29  0.2918E-11  0.2943E-11
CALSDV   33   29  0.4003E-11  0.4008E-11
CALSDV   34   29  0.3278E-11  0.3294E-11
CALSDV   35   29  0.2991E-11  0.2991E-11
CALSDV   36   29  0.3395E-11  0.3401E-11
CALSDV   37   29  0.2549E-11  0.2550E-11
CALSDV   38   29  0.3186E-11  0.3188E-11
CALSDV   39   29  0.2608E-11  0.2609E-11
CALSDV   40   29  0.2919E-11  0.2920E-11
CALSDV   41   29  0.2824E-11  0.2818E-11
CALSDV   42   29  0.2757E-11  0.2753E-11
CALSDV   43   29  0.3014E-11  0.3004E-11
CALSDV   44   29  0.2734E-11  0.2728E-11
CALSDV   45   29  0.3140E-11  0.3126E-11
CALSDV   46   29  0.2811E-11  0.2805E-11
CALSDV   47   29  0.3208E-11  0.3194E-11
CALSDV   48   29  0.2931E-11  0.2924E-11
CALSDV   49   29  0.3234E-11  0.3220E-11
CALSDV   50   29  0.3048E-11  0.3040E-11
CALSDV   51   29  0.3229E-11  0.3217E-11
CALSDV   52   29  0.3140E-11  0.3132E-11
CALSDV   53   29  0.3201E-11  0.3191E-11
CALSDV   54   29  0.3192E-11  0.3185E-11
CALSDV   55   29  0.3150E-11  0.3142E-11
CALSDV   56   29  0.3200E-11  0.3193E-11
CALSDV   57   29  0.3091E-11  0.3084E-11
CALSDV   58   29  0.3180E-11  0.3173E-11
CALSDV   59   29  0.3053E-11  0.3050E-11
CALSDV   60   29  0.3159E-11  0.3157E-11
CALSDV   30   30  0.4852E-11  0.4892E-11
CALSDV   31   30  0.5189E-11  0.5192E-11
CALSDV   32   30  0.4786E-11  0.4802E-11
CALSDV   33   30  0.2918E-11  0.2919E-11
CALSDV   34   30  0.3998E-11  0.4008E-11
CALSDV   35   30  0.3368E-11  0.3363E-11
CALSDV   36   30  0.3215E-11  0.3215E-11
CALSDV   37   30  0.3477E-11  0.3475E-11
CALSDV   38   30  0.2975E-11  0.2968E-11
CALSDV   39   30  0.3207E-11  0.3207E-11
CALSDV   40   30  0.3023E-11  0.3020E-11
CALSDV   41   30  0.2865E-11  0.2861E-11
CALSDV   42   30  0.3109E-11  0.3111E-11
CALSDV   43   30  0.2636E-11  0.2630E-11
CALSDV   44   30  0.3155E-11  0.3161E-11
CALSDV   45   30  0.2582E-11  0.2573E-11
CALSDV   46   30  0.3166E-11  0.3173E-11
CALSDV   47   30  0.2660E-11  0.2648E-11
CALSDV   48   30  0.3162E-11  0.3168E-11
CALSDV   49   30  0.2795E-11  0.2784E-11
CALSDV   50   30  0.3158E-11  0.3163E-11
CALSDV   51   30  0.2932E-11  0.2922E-11
CALSDV   52   30  0.3162E-11  0.3164E-11
CALSDV   53   30  0.3038E-11  0.3028E-11
CALSDV   54   30  0.3169E-11  0.3168E-11
CALSDV   55   30  0.3092E-11  0.3082E-11
CALSDV   56   30  0.3168E-11  0.3165E-11
CALSDV   57   30  0.3100E-11  0.3091E-11
CALSDV   58   30  0.3160E-11  0.3155E-11
CALSDV   59   30  0.3085E-11  0.3082E-11
CALSDV   60   30  0.3150E-11  0.3149E-11
CALSDV   31   31  0.4000E-11  0.3987E-11
CALSDV   32   31  0.5668E-11  0.5681E-11
CALSDV   33   31  0.4839E-11  0.4834E-11
CALSDV   34   31  0.3573E-11  0.3604E-11
CALSDV   35   31  0.4278E-11  0.4277E-11
CALSDV   36   31  0.3847E-11  0.3874E-11
CALSDV   37   31  0.3372E-11  0.3369E-11
CALSDV   38   31  0.3823E-11  0.3848E-11
CALSDV   39   31  0.2915E-11  0.2913E-11
CALSDV   40   31  0.3490E-11  0.3511E-11
CALSDV   41   31  0.2837E-11  0.2837E-11
CALSDV   42   31  0.3143E-11  0.3158E-11
CALSDV   43   31  0.2905E-11  0.2905E-11
CALSDV   44   31  0.2955E-11  0.2968E-11
CALSDV   45   31  0.2992E-11  0.2990E-11
CALSDV   46   31  0.2955E-11  0.2965E-11
CALSDV   47   31  0.3063E-11  0.3062E-11
CALSDV   48   31  0.3070E-11  0.3078E-11
CALSDV   49   31  0.3120E-11  0.3119E-11
CALSDV   50   31  0.3220E-11  0.3227E-11
CALSDV   51   31  0.3161E-11  0.3163E-11
CALSDV   52   31  0.3345E-11  0.3352E-11
CALSDV   53   31  0.3188E-11  0.3189E-11
CALSDV   54   31  0.3420E-11  0.3427E-11
CALSDV   55   31  0.3189E-11  0.3191E-11
CALSDV   56   31  0.3430E-11  0.3436E-11
CALSDV   57   31  0.3165E-11  0.3168E-11
CALSDV   58   31  0.3387E-11  0.3392E-11
CALSDV   59   31  0.3130E-11  0.3129E-11
CALSDV   60   31  0.3314E-11  0.3315E-11
CALSDV   32   32  0.4075E-11  0.4063E-11
CALSDV   33   32  0.5305E-11  0.5310E-11
CALSDV   34   32  0.4835E-11  0.4833E-11
CALSDV   35   32  0.3073E-11  0.3096E-11
CALSDV   36   32  0.4055E-11  0.4046E-11
CALSDV   37   32  0.3615E-11  0.3635E-11
CALSDV   38   32  0.3228E-11  0.3221E-11
CALSDV   39   32  0.3705E-11  0.3708E-11
CALSDV   40   32  0.2979E-11  0.2973E-11
CALSDV   41   32  0.3380E-11  0.3374E-11
CALSDV   42   32  0.3032E-11  0.3029E-11
CALSDV   43   32  0.2991E-11  0.2987E-11
CALSDV   44   32  0.3121E-11  0.3118E-11
CALSDV   45   32  0.2755E-11  0.2757E-11
CALSDV   46   32  0.3170E-11  0.3168E-11
CALSDV   47   32  0.2730E-11  0.2736E-11
CALSDV   48   32  0.3192E-11  0.3191E-11
CALSDV   49   32  0.2848E-11  0.2854E-11
CALSDV   50   32  0.3210E-11  0.3211E-11
CALSDV   51   32  0.3014E-11  0.3019E-11
CALSDV   52   32  0.3237E-11  0.3236E-11
CALSDV   53   32  0.3158E-11  0.3158E-11
CALSDV   54   32  0.3269E-11  0.3268E-11
CALSDV   55   32  0.3240E-11  0.3237E-11
CALSDV   56   32  0.3290E-11  0.3287E-11
CALSDV   57   32  0.3255E-11  0.3249E-11
CALSDV   58   32  0.3291E-11  0.3287E-11
CALSDV   59   32  0.3210E-11  0.3210E-11
CALSDV   60   32  0.3261E-11  0.3261E-11
CALSDV   33   33  0.4078E-11  0.4002E-11
CALSDV   34   33  0.5396E-11  0.5402E-11
CALSDV   35   33  0.5211E-11  0.5207E-11
CALSDV   36   33  0.3116E-11  0.3115E-11
CALSDV   37   33  0.4396E-11  0.4387E-11
CALSDV   38   33  0.3680E-11  0.3676E-11
CALSDV   39   33  0.3303E-11  0.3293E-11
CALSDV   40   33  0.3752E-11  0.3749E-11
CALSDV   41   33  0.2895E-11  0.2891E-11
CALSDV   42   33  0.3419E-11  0.3416E-11
CALSDV   43   33  0.3024E-11  0.3018E-11
CALSDV   44   33  0.3059E-11  0.3060E-11
CALSDV   45   33  0.3280E-11  0.3276E-11
CALSDV   46   33  0.2891E-11  0.2895E-11
CALSDV   47   33  0.3486E-11  0.3482E-11
CALSDV   48   33  0.2941E-11  0.2944E-11
CALSDV   49   33  0.3611E-11  0.3604E-11
CALSDV   50   33  0.3114E-11  0.3114E-11
CALSDV   51   33  0.3664E-11  0.3656E-11
CALSDV   52   33  0.3307E-11  0.3304E-11
CALSDV   53   33  0.3657E-11  0.3649E-11
CALSDV   54   33  0.3452E-11  0.3448E-11
CALSDV   55   33  0.3594E-11  0.3586E-11
CALSDV   56   33  0.3519E-11  0.3513E-11
CALSDV   57   33  0.3485E-11  0.3477E-11
CALSDV   58   33  0.3504E-11  0.3498E-11
CALSDV   59   33  0.3340E-11  0.3337E-11
CALSDV   60   33  0.3416E-11  0.3415E-11
CALSDV   34   34  0.3660E-11  0.3672E-11
CALSDV   35   34  0.5367E-11  0.5364E-11
CALSDV   36   34  0.4990E-11  0.4963E-11
CALSDV   37   34  0.3152E-11  0.3150E-11
CALSDV   38   34  0.4145E-11  0.4128E-11
CALSDV   39   34  0.3841E-11  0.3851E-11
CALSDV   40   34  0.3303E-11  0.3299E-11
CALSDV   41   34  0.3944E-11  0.3959E-11
CALSDV   42   34  0.3062E-11  0.3059E-11
CALSDV   43   34  0.3608E-11  0.3624E-11
CALSDV   44   34  0.3110E-11  0.3098E-11
CALSDV   45   34  0.3235E-11  0.3251E-11
CALSDV   46   34  0.3177E-11  0.3155E-11
CALSDV   47   34  0.3043E-11  0.3061E-11
CALSDV   48   34  0.3210E-11  0.3180E-11
CALSDV   49   34  0.3065E-11  0.3077E-11
CALSDV   50   34  0.3235E-11  0.3206E-11
CALSDV   51   34  0.3195E-11  0.3215E-11
CALSDV   52   34  0.3280E-11  0.3250E-11
CALSDV   53   34  0.3351E-11  0.3356E-11
CALSDV   54   34  0.3337E-11  0.3315E-11
CALSDV   55   34  0.3439E-11  0.3447E-11
CALSDV   56   34  0.3389E-11  0.3372E-11
CALSDV   57   34  0.3443E-11  0.3447E-11
CALSDV   58   34  0.3409E-11  0.3399E-11
CALSDV   59   34  0.3359E-11  0.3358E-11
CALSDV   60   34  0.3371E-11  0.3364E-11
CALSDV   35   35  0.4112E-11  0.4092E-11
CALSDV   36   35  0.5560E-11  0.5548E-11
CALSDV   37   35  0.5552E-11  0.5552E-11
CALSDV   38   35  0.3272E-11  0.3257E-11
CALSDV   39   35  0.4632E-11  0.4635E-11
CALSDV   40   35  0.3901E-11  0.3890E-11
CALSDV   41   35  0.3502E-11  0.3500E-11
CALSDV   42   35  0.3953E-11  0.3945E-11
CALSDV   43   35  0.3097E-11  0.3094E-11
CALSDV   44   35  0.3567E-11  0.3564E-11
CALSDV   45   35  0.3228E-11  0.3227E-11
CALSDV   46   35  0.3209E-11  0.3210E-11
CALSDV   47   35  0.3476E-11  0.3479E-11
CALSDV   48   35  0.3096E-11  0.3101E-11
CALSDV   49   35  0.3666E-11  0.3673E-11
CALSDV   50   35  0.3211E-11  0.3217E-11
CALSDV   51   35  0.3774E-11  0.3781E-11
CALSDV   52   35  0.3424E-11  0.3429E-11
CALSDV   53   35  0.3806E-11  0.3813E-11
CALSDV   54   35  0.3614E-11  0.3620E-11
CALSDV   55   35  0.3766E-11  0.3773E-11
CALSDV   56   35  0.3713E-11  0.3719E-11
CALSDV   57   35  0.3656E-11  0.3662E-11
CALSDV   58   35  0.3700E-11  0.3705E-11
CALSDV   59   35  0.3476E-11  0.3479E-11
CALSDV   60   35  0.3570E-11  0.3573E-11
CALSDV   36   36  0.3800E-11  0.3787E-11
CALSDV   37   36  0.5544E-11  0.5527E-11
CALSDV   38   36  0.5271E-11  0.5254E-11
CALSDV   39   36  0.3325E-11  0.3324E-11
CALSDV   40   36  0.4339E-11  0.4327E-11
CALSDV   41   36  0.4092E-11  0.4089E-11
CALSDV   42   36  0.3459E-11  0.3458E-11
CALSDV   43   36  0.4209E-11  0.4207E-11
CALSDV   44   36  0.3263E-11  0.3267E-11
CALSDV   45   36  0.3872E-11  0.3870E-11
CALSDV   46   36  0.3336E-11  0.3341E-11
CALSDV   47   36  0.3552E-11  0.3551E-11
CALSDV   48   36  0.3419E-11  0.3423E-11
CALSDV   49   36  0.3435E-11  0.3432E-11
CALSDV   50   36  0.3456E-11  0.3465E-11
CALSDV   51   36  0.3496E-11  0.3499E-11
CALSDV   52   36  0.3491E-11  0.3499E-11
CALSDV   53   36  0.3622E-11  0.3625E-11
CALSDV   54   36  0.3537E-11  0.3545E-11
CALSDV   55   36  0.3706E-11  0.3708E-11
CALSDV   56   36  0.3582E-11  0.3589E-11
CALSDV   57   36  0.3685E-11  0.3687E-11
CALSDV   58   36  0.3591E-11  0.3595E-11
CALSDV   59   36  0.3534E-11  0.3537E-11
CALSDV   60   36  0.3514E-11  0.3517E-11
CALSDV   37   37  0.3732E-11  0.3747E-11
CALSDV   38   37  0.5739E-11  0.5733E-11
CALSDV   39   37  0.5836E-11  0.5830E-11
CALSDV   40   37  0.3474E-11  0.3468E-11
CALSDV   41   37  0.4849E-11  0.4849E-11
CALSDV   42   37  0.4175E-11  0.4173E-11
CALSDV   43   37  0.3670E-11  0.3668E-11
CALSDV   44   37  0.4156E-11  0.4158E-11
CALSDV   45   37  0.3274E-11  0.3271E-11
CALSDV   46   37  0.3715E-11  0.3716E-11
CALSDV   47   37  0.3387E-11  0.3385E-11
CALSDV   48   37  0.3342E-11  0.3347E-11
CALSDV   49   37  0.3611E-11  0.3610E-11
CALSDV   50   37  0.3287E-11  0.3290E-11
CALSDV   51   37  0.3779E-11  0.3779E-11
CALSDV   52   37  0.3466E-11  0.3471E-11
CALSDV   53   37  0.3869E-11  0.3869E-11
CALSDV   54   37  0.3703E-11  0.3705E-11
CALSDV   55   37  0.3877E-11  0.3877E-11
CALSDV   56   37  0.3862E-11  0.3862E-11
CALSDV   57   37  0.3796E-11  0.3795E-11
CALSDV   58   37  0.3880E-11  0.3880E-11
CALSDV   59   37  0.3600E-11  0.3599E-11
CALSDV   60   37  0.3722E-11  0.3722E-11
CALSDV   38   38  0.3875E-11  0.3832E-11
CALSDV   39   38  0.5712E-11  0.5676E-11
CALSDV   40   38  0.5554E-11  0.5544E-11
CALSDV   41   38  0.3501E-11  0.3520E-11
CALSDV   42   38  0.4527E-11  0.4516E-11
CALSDV   43   38  0.4345E-11  0.4345E-11
CALSDV   44   38  0.3627E-11  0.3632E-11
CALSDV   45   38  0.4426E-11  0.4414E-11
CALSDV   46   38  0.3460E-11  0.3463E-11
CALSDV   47   38  0.4094E-11  0.4088E-11
CALSDV   48   38  0.3562E-11  0.3555E-11
CALSDV   49   38  0.3807E-11  0.3812E-11
CALSDV   50   38  0.3627E-11  0.3618E-11
CALSDV   51   38  0.3762E-11  0.3779E-11
CALSDV   52   38  0.3670E-11  0.3666E-11
CALSDV   53   38  0.3859E-11  0.3879E-11
CALSDV   54   38  0.3708E-11  0.3707E-11
CALSDV   55   38  0.3950E-11  0.3966E-11
CALSDV   56   38  0.3752E-11  0.3754E-11
CALSDV   57   38  0.3927E-11  0.3936E-11
CALSDV   58   38  0.3762E-11  0.3759E-11
CALSDV   59   38  0.3721E-11  0.3725E-11
CALSDV   60   38  0.3655E-11  0.3657E-11
CALSDV   39   39  0.3769E-11  0.3740E-11
CALSDV   40   39  0.5902E-11  0.5899E-11
CALSDV   41   39  0.6147E-11  0.6154E-11
CALSDV   42   39  0.3713E-11  0.3705E-11
CALSDV   43   39  0.5045E-11  0.5049E-11
CALSDV   44   39  0.4442E-11  0.4444E-11
CALSDV   45   39  0.3818E-11  0.3821E-11
CALSDV   46   39  0.4345E-11  0.4347E-11
CALSDV   47   39  0.3460E-11  0.3457E-11
CALSDV   48   39  0.3831E-11  0.3835E-11
CALSDV   49   39  0.3627E-11  0.3619E-11
CALSDV   50   39  0.3481E-11  0.3488E-11
CALSDV   51   39  0.3846E-11  0.3838E-11
CALSDV   52   39  0.3489E-11  0.3501E-11
CALSDV   53   39  0.4005E-11  0.3999E-11
CALSDV   54   39  0.3729E-11  0.3744E-11
CALSDV   55   39  0.4055E-11  0.4051E-11
CALSDV   56   39  0.3955E-11  0.3969E-11
CALSDV   57   39  0.3986E-11  0.3986E-11
CALSDV   58   39  0.4029E-11  0.4042E-11
CALSDV   59   39  0.3757E-11  0.3759E-11
CALSDV   60   39  0.3869E-11  0.3876E-11
CALSDV   40   40  0.4059E-11  0.4079E-11
CALSDV   41   40  0.5942E-11  0.5926E-11
CALSDV   42   40  0.6129E-11  0.6111E-11
CALSDV   43   40  0.3783E-11  0.3787E-11
CALSDV   44   40  0.4927E-11  0.4900E-11
CALSDV   45   40  0.4635E-11  0.4637E-11
CALSDV   46   40  0.3854E-11  0.3846E-11
CALSDV   47   40  0.4709E-11  0.4698E-11
CALSDV   48   40  0.3754E-11  0.3740E-11
CALSDV   49   40  0.4429E-11  0.4407E-11
CALSDV   50   40  0.4042E-11  0.4013E-11
CALSDV   51   40  0.4253E-11  0.4232E-11
CALSDV   52   40  0.4265E-11  0.4232E-11
CALSDV   53   40  0.4246E-11  0.4234E-11
CALSDV   54   40  0.4346E-11  0.4314E-11
CALSDV   55   40  0.4305E-11  0.4298E-11
CALSDV   56   40  0.4337E-11  0.4311E-11
CALSDV   57   40  0.4243E-11  0.4240E-11
CALSDV   58   40  0.4220E-11  0.4203E-11
CALSDV   59   40  0.3952E-11  0.3951E-11
CALSDV   60   40  0.3949E-11  0.3940E-11
CALSDV   41   41  0.4149E-11  0.4146E-11
CALSDV   42   41  0.6123E-11  0.6140E-11
CALSDV   43   41  0.6516E-11  0.6530E-11
CALSDV   44   41  0.4100E-11  0.4105E-11
CALSDV   45   41  0.5256E-11  0.5266E-11
CALSDV   46   41  0.4834E-11  0.4830E-11
CALSDV   47   41  0.4001E-11  0.4005E-11
CALSDV   48   41  0.4638E-11  0.4628E-11
CALSDV   49   41  0.3734E-11  0.3731E-11
CALSDV   50   41  0.4075E-11  0.4062E-11
CALSDV   51   41  0.3979E-11  0.3974E-11
CALSDV   52   41  0.3775E-11  0.3762E-11
CALSDV   53   41  0.4222E-11  0.4220E-11
CALSDV   54   41  0.3860E-11  0.3851E-11
CALSDV   55   41  0.4305E-11  0.4305E-11
CALSDV   56   41  0.4073E-11  0.4070E-11
CALSDV   57   41  0.4244E-11  0.4242E-11
CALSDV   58   41  0.4199E-11  0.4196E-11
CALSDV   59   41  0.3957E-11  0.3955E-11
CALSDV   60   41  0.4034E-11  0.4031E-11
CALSDV   42   42  0.4367E-11  0.4348E-11
CALSDV   43   42  0.6267E-11  0.6237E-11
CALSDV   44   42  0.6826E-11  0.6815E-11
CALSDV   45   42  0.4167E-11  0.4161E-11
CALSDV   46   42  0.5371E-11  0.5355E-11
CALSDV   47   42  0.4942E-11  0.4945E-11
CALSDV   48   42  0.4079E-11  0.4069E-11
CALSDV   49   42  0.4927E-11  0.4930E-11
CALSDV   50   42  0.4110E-11  0.4100E-11
CALSDV   51   42  0.4633E-11  0.4637E-11
CALSDV   52   42  0.4626E-11  0.4603E-11
CALSDV   53   42  0.4516E-11  0.4521E-11
CALSDV   54   42  0.4988E-11  0.4960E-11
CALSDV   55   42  0.4541E-11  0.4544E-11
CALSDV   56   42  0.5048E-11  0.5021E-11
CALSDV   57   42  0.4472E-11  0.4475E-11
CALSDV   58   42  0.4818E-11  0.4796E-11
CALSDV   59   42  0.4152E-11  0.4151E-11
CALSDV   60   42  0.4334E-11  0.4321E-11
CALSDV   43   43  0.4469E-11  0.4509E-11
CALSDV   44   43  0.6335E-11  0.6337E-11
CALSDV   45   43  0.6943E-11  0.6928E-11
CALSDV   46   43  0.4452E-11  0.4468E-11
CALSDV   47   43  0.5463E-11  0.5453E-11
CALSDV   48   43  0.5137E-11  0.5144E-11
CALSDV   49   43  0.4189E-11  0.4196E-11
CALSDV   50   43  0.4815E-11  0.4821E-11
CALSDV   51   43  0.4091E-11  0.4106E-11
CALSDV   52   43  0.4242E-11  0.4246E-11
CALSDV   53   43  0.4420E-11  0.4427E-11
CALSDV   54   43  0.4041E-11  0.4040E-11
CALSDV   55   43  0.4638E-11  0.4644E-11
CALSDV   56   43  0.4205E-11  0.4214E-11
CALSDV   57   43  0.4596E-11  0.4597E-11
CALSDV   58   43  0.4371E-11  0.4377E-11
CALSDV   59   43  0.4208E-11  0.4209E-11
CALSDV   60   43  0.4198E-11  0.4196E-11
CALSDV   44   44  0.4520E-11  0.4551E-11
CALSDV   45   44  0.6620E-11  0.6634E-11
CALSDV   46   44  0.7288E-11  0.7315E-11
CALSDV   47   44  0.4635E-11  0.4667E-11
CALSDV   48   44  0.5619E-11  0.5629E-11
CALSDV   49   44  0.5343E-11  0.5346E-11
CALSDV   50   44  0.4275E-11  0.4280E-11
CALSDV   51   44  0.5248E-11  0.5238E-11
CALSDV   52   44  0.4454E-11  0.4451E-11
CALSDV   53   44  0.4967E-11  0.4949E-11
CALSDV   54   44  0.5055E-11  0.5050E-11
CALSDV   55   44  0.4840E-11  0.4821E-11
CALSDV   56   44  0.5318E-11  0.5309E-11
CALSDV   57   44  0.4759E-11  0.4740E-11
CALSDV   58   44  0.5191E-11  0.5182E-11
CALSDV   59   44  0.4394E-11  0.4387E-11
CALSDV   60   44  0.4636E-11  0.4636E-11
CALSDV   45   45  0.5727E-11  0.5687E-11
CALSDV   46   45  0.6636E-11  0.6641E-11
CALSDV   47   45  0.7544E-11  0.7546E-11
CALSDV   48   45  0.4853E-11  0.4866E-11
CALSDV   49   45  0.5751E-11  0.5769E-11
CALSDV   50   45  0.5467E-11  0.5479E-11
CALSDV   51   45  0.4686E-11  0.4698E-11
CALSDV   52   45  0.5072E-11  0.5094E-11
CALSDV   53   45  0.4958E-11  0.4966E-11
CALSDV   54   45  0.4542E-11  0.4565E-11
CALSDV   55   45  0.5366E-11  0.5387E-11
CALSDV   56   45  0.4466E-11  0.4480E-11
CALSDV   57   45  0.5295E-11  0.5312E-11
CALSDV   58   45  0.4579E-11  0.4586E-11
CALSDV   59   45  0.4701E-11  0.4712E-11
CALSDV   60   45  0.4422E-11  0.4424E-11
CALSDV   46   46  0.5079E-11  0.5222E-11
CALSDV   47   46  0.7520E-11  0.7441E-11
CALSDV   48   46  0.7980E-11  0.7534E-11
CALSDV   49   46  0.5946E-11  0.5667E-11
CALSDV   50   46  0.5895E-11  0.6287E-11
CALSDV   51   46  0.6529E-11  0.6272E-11
CALSDV   52   46  0.4709E-11  0.5038E-11
CALSDV   53   46  0.6247E-11  0.6040E-11
CALSDV   54   46  0.4790E-11  0.5248E-11
CALSDV   55   46  0.5703E-11  0.5631E-11
CALSDV   56   46  0.5052E-11  0.5830E-11
CALSDV   57   46  0.5136E-11  0.5424E-11
CALSDV   58   46  0.4968E-11  0.5958E-11
CALSDV   59   46  0.4607E-11  0.4823E-11
CALSDV   60   46  0.4627E-11  0.5147E-11
CALSDV   47   47  0.5335E-11  0.5258E-11
CALSDV   48   47  0.6995E-11  0.6984E-11
CALSDV   49   47  0.7834E-11  0.7827E-11
CALSDV   50   47  0.5312E-11  0.5307E-11
CALSDV   51   47  0.5813E-11  0.5813E-11
CALSDV   52   47  0.5811E-11  0.5766E-11
CALSDV   53   47  0.4874E-11  0.4881E-11
CALSDV   54   47  0.5380E-11  0.5303E-11
CALSDV   55   47  0.5273E-11  0.5268E-11
CALSDV   56   47  0.4945E-11  0.4870E-11
CALSDV   57   47  0.5521E-11  0.5510E-11
CALSDV   58   47  0.4881E-11  0.4827E-11
CALSDV   59   47  0.5007E-11  0.4999E-11
CALSDV   60   47  0.4669E-11  0.4647E-11
CALSDV   48   48  0.4733E-11  0.4780E-11
CALSDV   49   48  0.7368E-11  0.7378E-11
CALSDV   50   48  0.8083E-11  0.8110E-11
CALSDV   51   48  0.5353E-11  0.5364E-11
CALSDV   52   48  0.5825E-11  0.5843E-11
CALSDV   53   48  0.5817E-11  0.5763E-11
CALSDV   54   48  0.4731E-11  0.4749E-11
CALSDV   55   48  0.5598E-11  0.5517E-11
CALSDV   56   48  0.5299E-11  0.5306E-11
CALSDV   57   48  0.5302E-11  0.5245E-11
CALSDV   58   48  0.5716E-11  0.5727E-11
CALSDV   59   48  0.4866E-11  0.4846E-11
CALSDV   60   48  0.5266E-11  0.5276E-11
CALSDV   49   49  0.4304E-11  0.4360E-11
CALSDV   50   49  0.7139E-11  0.7158E-11
CALSDV   51   49  0.7903E-11  0.7907E-11
CALSDV   52   49  0.5602E-11  0.5621E-11
CALSDV   53   49  0.5564E-11  0.5543E-11
CALSDV   54   49  0.6153E-11  0.6185E-11
CALSDV   55   49  0.4794E-11  0.4758E-11
CALSDV   56   49  0.5784E-11  0.5821E-11
CALSDV   57   49  0.5264E-11  0.5233E-11
CALSDV   58   49  0.5396E-11  0.5444E-11
CALSDV   59   49  0.5125E-11  0.5113E-11
CALSDV   60   49  0.5001E-11  0.5014E-11
CALSDV   50   50  0.4552E-11  0.4523E-11
CALSDV   51   50  0.7796E-11  0.7793E-11
CALSDV   52   50  0.8334E-11  0.8318E-11
CALSDV   53   50  0.5630E-11  0.5625E-11
CALSDV   54   50  0.5749E-11  0.5743E-11
CALSDV   55   50  0.6226E-11  0.6205E-11
CALSDV   56   50  0.5036E-11  0.5035E-11
CALSDV   57   50  0.6027E-11  0.6008E-11
CALSDV   58   50  0.5655E-11  0.5653E-11
CALSDV   59   50  0.5346E-11  0.5337E-11
CALSDV   60   50  0.5495E-11  0.5489E-11
CALSDV   51   51  0.4105E-11  0.4143E-11
CALSDV   52   51  0.7756E-11  0.7761E-11
CALSDV   53   51  0.7945E-11  0.7938E-11
CALSDV   54   51  0.5994E-11  0.5999E-11
CALSDV   55   51  0.5383E-11  0.5376E-11
CALSDV   56   51  0.6768E-11  0.6799E-11
CALSDV   57   51  0.5147E-11  0.5141E-11
CALSDV   58   51  0.6461E-11  0.6495E-11
CALSDV   59   51  0.5323E-11  0.5319E-11
CALSDV   60   51  0.5630E-11  0.5651E-11
CALSDV   52   52  0.4180E-11  0.4180E-11
CALSDV   53   52  0.8079E-11  0.8057E-11
CALSDV   54   52  0.8302E-11  0.8262E-11
CALSDV   55   52  0.6009E-11  0.5965E-11
CALSDV   56   52  0.5487E-11  0.5472E-11
CALSDV   57   52  0.6704E-11  0.6655E-11
CALSDV   58   52  0.5360E-11  0.5318E-11
CALSDV   59   52  0.6010E-11  0.5973E-11
CALSDV   60   52  0.5614E-11  0.5599E-11
CALSDV   53   53  0.3879E-11  0.3902E-11
CALSDV   54   53  0.8045E-11  0.8097E-11
CALSDV   55   53  0.7711E-11  0.7738E-11
CALSDV   56   53  0.6363E-11  0.6409E-11
CALSDV   57   53  0.5347E-11  0.5377E-11
CALSDV   58   53  0.7095E-11  0.7206E-11
CALSDV   59   53  0.5434E-11  0.5452E-11
CALSDV   60   53  0.6281E-11  0.6361E-11
CALSDV   54   54  0.3815E-11  0.3867E-11
CALSDV   55   54  0.7800E-11  0.7734E-11
CALSDV   56   54  0.7834E-11  0.7869E-11
CALSDV   57   54  0.6669E-11  0.6433E-11
CALSDV   58   54  0.5224E-11  0.5245E-11
CALSDV   59   54  0.6806E-11  0.6655E-11
CALSDV   60   54  0.5584E-11  0.5582E-11
CALSDV   55   55  0.4185E-11  0.4168E-11
CALSDV   56   55  0.7913E-11  0.7924E-11
CALSDV   57   55  0.7626E-11  0.7589E-11
CALSDV   58   55  0.7003E-11  0.7022E-11
CALSDV   59   55  0.5916E-11  0.5895E-11
CALSDV   60   55  0.7245E-11  0.7284E-11
CALSDV   56   56  0.4184E-11  0.4166E-11
CALSDV   57   56  0.6861E-11  0.6758E-11
CALSDV   58   56  0.7845E-11  0.7763E-11
CALSDV   59   56  0.7162E-11  0.7082E-11
CALSDV   60   56  0.6028E-11  0.5974E-11
CALSDV   57   57  0.4750E-11  0.4892E-11
CALSDV   58   57  0.6947E-11  0.6962E-11
CALSDV   59   57  0.8314E-11  0.8371E-11
CALSDV   60   57  0.7504E-11  0.7512E-11
CALSDV   58   58  0.4767E-11  0.4955E-11
CALSDV   59   58  0.5992E-11  0.5896E-11
CALSDV   60   58  0.8616E-11  0.9121E-11
CALSDV   59   59  0.4013E-11  0.4052E-11
CALSDV   60   59  0.6431E-11  0.6390E-11
CALSDV   60   60  0.5741E-11  0.5725E-11
