  This file contains calibrated standard deviations 
       The relevant data lines start with key CALSDV 
       Each such line contains the following data 
           N   M   C_SIGMA   S_SIGMA 
                 FOR M=0 S_SIGMA=0.0 
     
CALSDV    0    0  0.0000E+00  0.0000E+00
CALSDV    1    0  0.0000E+00  0.0000E+00
CALSDV    2    0  0.4868E-10  0.0000E+00
CALSDV    3    0  0.7915E-11  0.0000E+00
CALSDV    4    0  0.3458E-11  0.0000E+00
CALSDV    5    0  0.2357E-11  0.0000E+00
CALSDV    6    0  0.1778E-11  0.0000E+00
CALSDV    7    0  0.1433E-11  0.0000E+00
CALSDV    8    0  0.1213E-11  0.0000E+00
CALSDV    9    0  0.1053E-11  0.0000E+00
CALSDV   10    0  0.9397E-12  0.0000E+00
CALSDV   11    0  0.8524E-12  0.0000E+00
CALSDV   12    0  0.7865E-12  0.0000E+00
CALSDV   13    0  0.7340E-12  0.0000E+00
CALSDV   14    0  0.6930E-12  0.0000E+00
CALSDV   15    0  0.6602E-12  0.0000E+00
CALSDV   16    0  0.6342E-12  0.0000E+00
CALSDV   17    0  0.6134E-12  0.0000E+00
CALSDV   18    0  0.5969E-12  0.0000E+00
CALSDV   19    0  0.5841E-12  0.0000E+00
CALSDV   20    0  0.5746E-12  0.0000E+00
CALSDV   21    0  0.5675E-12  0.0000E+00
CALSDV   22    0  0.5630E-12  0.0000E+00
CALSDV   23    0  0.5603E-12  0.0000E+00
CALSDV   24    0  0.5600E-12  0.0000E+00
CALSDV   25    0  0.5609E-12  0.0000E+00
CALSDV   26    0  0.5637E-12  0.0000E+00
CALSDV   27    0  0.5680E-12  0.0000E+00
CALSDV   28    0  0.5737E-12  0.0000E+00
CALSDV   29    0  0.5808E-12  0.0000E+00
CALSDV   30    0  0.5893E-12  0.0000E+00
CALSDV   31    0  0.5990E-12  0.0000E+00
CALSDV   32    0  0.6101E-12  0.0000E+00
CALSDV   33    0  0.6225E-12  0.0000E+00
CALSDV   34    0  0.6360E-12  0.0000E+00
CALSDV   35    0  0.6510E-12  0.0000E+00
CALSDV   36    0  0.6673E-12  0.0000E+00
CALSDV   37    0  0.6850E-12  0.0000E+00
CALSDV   38    0  0.7041E-12  0.0000E+00
CALSDV   39    0  0.7246E-12  0.0000E+00
CALSDV   40    0  0.7466E-12  0.0000E+00
CALSDV   41    0  0.7702E-12  0.0000E+00
CALSDV   42    0  0.7953E-12  0.0000E+00
CALSDV   43    0  0.8222E-12  0.0000E+00
CALSDV   44    0  0.8507E-12  0.0000E+00
CALSDV   45    0  0.8811E-12  0.0000E+00
CALSDV   46    0  0.9135E-12  0.0000E+00
CALSDV   47    0  0.9478E-12  0.0000E+00
CALSDV   48    0  0.9843E-12  0.0000E+00
CALSDV   49    0  0.1023E-11  0.0000E+00
CALSDV   50    0  0.1064E-11  0.0000E+00
CALSDV   51    0  0.1107E-11  0.0000E+00
CALSDV   52    0  0.1154E-11  0.0000E+00
CALSDV   53    0  0.1202E-11  0.0000E+00
CALSDV   54    0  0.1254E-11  0.0000E+00
CALSDV   55    0  0.1307E-11  0.0000E+00
CALSDV   56    0  0.1365E-11  0.0000E+00
CALSDV   57    0  0.1420E-11  0.0000E+00
CALSDV   58    0  0.1483E-11  0.0000E+00
CALSDV   59    0  0.1401E-11  0.0000E+00
CALSDV   60    0  0.1457E-11  0.0000E+00
CALSDV    1    1  0.0000E+00  0.0000E+00
CALSDV    2    1  0.2283E-10  0.2259E-10
CALSDV    3    1  0.6873E-11  0.6972E-11
CALSDV    4    1  0.3643E-11  0.3655E-11
CALSDV    5    1  0.2465E-11  0.2470E-11
CALSDV    6    1  0.1851E-11  0.1857E-11
CALSDV    7    1  0.1491E-11  0.1492E-11
CALSDV    8    1  0.1248E-11  0.1251E-11
CALSDV    9    1  0.1081E-11  0.1082E-11
CALSDV   10    1  0.9588E-12  0.9604E-12
CALSDV   11    1  0.8685E-12  0.8699E-12
CALSDV   12    1  0.7995E-12  0.7995E-12
CALSDV   13    1  0.7438E-12  0.7462E-12
CALSDV   14    1  0.7016E-12  0.7023E-12
CALSDV   15    1  0.6672E-12  0.6682E-12
CALSDV   16    1  0.6403E-12  0.6413E-12
CALSDV   17    1  0.6184E-12  0.6194E-12
CALSDV   18    1  0.6014E-12  0.6024E-12
CALSDV   19    1  0.5881E-12  0.5890E-12
CALSDV   20    1  0.5780E-12  0.5789E-12
CALSDV   21    1  0.5707E-12  0.5716E-12
CALSDV   22    1  0.5656E-12  0.5666E-12
CALSDV   23    1  0.5631E-12  0.5639E-12
CALSDV   24    1  0.5620E-12  0.5630E-12
CALSDV   25    1  0.5632E-12  0.5641E-12
CALSDV   26    1  0.5656E-12  0.5666E-12
CALSDV   27    1  0.5698E-12  0.5707E-12
CALSDV   28    1  0.5752E-12  0.5762E-12
CALSDV   29    1  0.5824E-12  0.5834E-12
CALSDV   30    1  0.5906E-12  0.5917E-12
CALSDV   31    1  0.6003E-12  0.6014E-12
CALSDV   32    1  0.6113E-12  0.6124E-12
CALSDV   33    1  0.6236E-12  0.6247E-12
CALSDV   34    1  0.6371E-12  0.6383E-12
CALSDV   35    1  0.6520E-12  0.6532E-12
CALSDV   36    1  0.6682E-12  0.6695E-12
CALSDV   37    1  0.6859E-12  0.6871E-12
CALSDV   38    1  0.7049E-12  0.7062E-12
CALSDV   39    1  0.7253E-12  0.7267E-12
CALSDV   40    1  0.7473E-12  0.7486E-12
CALSDV   41    1  0.7707E-12  0.7722E-12
CALSDV   42    1  0.7959E-12  0.7974E-12
CALSDV   43    1  0.8226E-12  0.8242E-12
CALSDV   44    1  0.8512E-12  0.8528E-12
CALSDV   45    1  0.8816E-12  0.8832E-12
CALSDV   46    1  0.9139E-12  0.9157E-12
CALSDV   47    1  0.9482E-12  0.9499E-12
CALSDV   48    1  0.9846E-12  0.9866E-12
CALSDV   49    1  0.1023E-11  0.1025E-11
CALSDV   50    1  0.1064E-11  0.1066E-11
CALSDV   51    1  0.1108E-11  0.1110E-11
CALSDV   52    1  0.1154E-11  0.1156E-11
CALSDV   53    1  0.1202E-11  0.1204E-11
CALSDV   54    1  0.1254E-11  0.1256E-11
CALSDV   55    1  0.1307E-11  0.1310E-11
CALSDV   56    1  0.1365E-11  0.1368E-11
CALSDV   57    1  0.1420E-11  0.1423E-11
CALSDV   58    1  0.1483E-11  0.1486E-11
CALSDV   59    1  0.1404E-11  0.1405E-11
CALSDV   60    1  0.1460E-11  0.1461E-11
CALSDV    2    2  0.2183E-10  0.2175E-10
CALSDV    3    2  0.1055E-10  0.1058E-10
CALSDV    4    2  0.5103E-11  0.5072E-11
CALSDV    5    2  0.3132E-11  0.3127E-11
CALSDV    6    2  0.2274E-11  0.2268E-11
CALSDV    7    2  0.1740E-11  0.1737E-11
CALSDV    8    2  0.1430E-11  0.1428E-11
CALSDV    9    2  0.1205E-11  0.1203E-11
CALSDV   10    2  0.1057E-11  0.1054E-11
CALSDV   11    2  0.9405E-12  0.9393E-12
CALSDV   12    2  0.8578E-12  0.8566E-12
CALSDV   13    2  0.7910E-12  0.7900E-12
CALSDV   14    2  0.7408E-12  0.7399E-12
CALSDV   15    2  0.7002E-12  0.6992E-12
CALSDV   16    2  0.6683E-12  0.6678E-12
CALSDV   17    2  0.6430E-12  0.6422E-12
CALSDV   18    2  0.6229E-12  0.6223E-12
CALSDV   19    2  0.6071E-12  0.6063E-12
CALSDV   20    2  0.5951E-12  0.5945E-12
CALSDV   21    2  0.5859E-12  0.5854E-12
CALSDV   22    2  0.5798E-12  0.5791E-12
CALSDV   23    2  0.5757E-12  0.5751E-12
CALSDV   24    2  0.5741E-12  0.5735E-12
CALSDV   25    2  0.5741E-12  0.5734E-12
CALSDV   26    2  0.5759E-12  0.5753E-12
CALSDV   27    2  0.5794E-12  0.5787E-12
CALSDV   28    2  0.5845E-12  0.5839E-12
CALSDV   29    2  0.5909E-12  0.5903E-12
CALSDV   30    2  0.5989E-12  0.5982E-12
CALSDV   31    2  0.6082E-12  0.6076E-12
CALSDV   32    2  0.6188E-12  0.6181E-12
CALSDV   33    2  0.6308E-12  0.6302E-12
CALSDV   34    2  0.6441E-12  0.6434E-12
CALSDV   35    2  0.6589E-12  0.6582E-12
CALSDV   36    2  0.6749E-12  0.6741E-12
CALSDV   37    2  0.6924E-12  0.6916E-12
CALSDV   38    2  0.7112E-12  0.7104E-12
CALSDV   39    2  0.7316E-12  0.7308E-12
CALSDV   40    2  0.7534E-12  0.7525E-12
CALSDV   41    2  0.7769E-12  0.7760E-12
CALSDV   42    2  0.8018E-12  0.8009E-12
CALSDV   43    2  0.8287E-12  0.8278E-12
CALSDV   44    2  0.8571E-12  0.8562E-12
CALSDV   45    2  0.8875E-12  0.8865E-12
CALSDV   46    2  0.9198E-12  0.9187E-12
CALSDV   47    2  0.9541E-12  0.9531E-12
CALSDV   48    2  0.9905E-12  0.9894E-12
CALSDV   49    2  0.1029E-11  0.1028E-11
CALSDV   50    2  0.1070E-11  0.1069E-11
CALSDV   51    2  0.1114E-11  0.1112E-11
CALSDV   52    2  0.1160E-11  0.1159E-11
CALSDV   53    2  0.1209E-11  0.1207E-11
CALSDV   54    2  0.1260E-11  0.1259E-11
CALSDV   55    2  0.1314E-11  0.1313E-11
CALSDV   56    2  0.1372E-11  0.1371E-11
CALSDV   57    2  0.1429E-11  0.1427E-11
CALSDV   58    2  0.1492E-11  0.1490E-11
CALSDV   59    2  0.1424E-11  0.1422E-11
CALSDV   60    2  0.1480E-11  0.1478E-11
CALSDV    3    3  0.2300E-10  0.2314E-10
CALSDV    4    3  0.9759E-11  0.9755E-11
CALSDV    5    3  0.6608E-11  0.6637E-11
CALSDV    6    3  0.3476E-11  0.3479E-11
CALSDV    7    3  0.3163E-11  0.3174E-11
CALSDV    8    3  0.1948E-11  0.1947E-11
CALSDV    9    3  0.1897E-11  0.1900E-11
CALSDV   10    3  0.1332E-11  0.1330E-11
CALSDV   11    3  0.1322E-11  0.1323E-11
CALSDV   12    3  0.1023E-11  0.1022E-11
CALSDV   13    3  0.1021E-11  0.1021E-11
CALSDV   14    3  0.8490E-12  0.8481E-12
CALSDV   15    3  0.8485E-12  0.8487E-12
CALSDV   16    3  0.7440E-12  0.7434E-12
CALSDV   17    3  0.7450E-12  0.7447E-12
CALSDV   18    3  0.6783E-12  0.6779E-12
CALSDV   19    3  0.6803E-12  0.6803E-12
CALSDV   20    3  0.6375E-12  0.6372E-12
CALSDV   21    3  0.6411E-12  0.6410E-12
CALSDV   22    3  0.6132E-12  0.6131E-12
CALSDV   23    3  0.6185E-12  0.6185E-12
CALSDV   24    3  0.6014E-12  0.6012E-12
CALSDV   25    3  0.6083E-12  0.6080E-12
CALSDV   26    3  0.5988E-12  0.5987E-12
CALSDV   27    3  0.6074E-12  0.6073E-12
CALSDV   28    3  0.6041E-12  0.6038E-12
CALSDV   29    3  0.6145E-12  0.6144E-12
CALSDV   30    3  0.6160E-12  0.6158E-12
CALSDV   31    3  0.6283E-12  0.6282E-12
CALSDV   32    3  0.6340E-12  0.6338E-12
CALSDV   33    3  0.6483E-12  0.6483E-12
CALSDV   34    3  0.6578E-12  0.6577E-12
CALSDV   35    3  0.6743E-12  0.6743E-12
CALSDV   36    3  0.6873E-12  0.6872E-12
CALSDV   37    3  0.7064E-12  0.7063E-12
CALSDV   38    3  0.7226E-12  0.7226E-12
CALSDV   39    3  0.7443E-12  0.7442E-12
CALSDV   40    3  0.7641E-12  0.7640E-12
CALSDV   41    3  0.7885E-12  0.7884E-12
CALSDV   42    3  0.8119E-12  0.8119E-12
CALSDV   43    3  0.8395E-12  0.8395E-12
CALSDV   44    3  0.8667E-12  0.8666E-12
CALSDV   45    3  0.8977E-12  0.8978E-12
CALSDV   46    3  0.9290E-12  0.9288E-12
CALSDV   47    3  0.9638E-12  0.9639E-12
CALSDV   48    3  0.9994E-12  0.9993E-12
CALSDV   49    3  0.1039E-11  0.1039E-11
CALSDV   50    3  0.1079E-11  0.1079E-11
CALSDV   51    3  0.1123E-11  0.1123E-11
CALSDV   52    3  0.1168E-11  0.1168E-11
CALSDV   53    3  0.1218E-11  0.1218E-11
CALSDV   54    3  0.1269E-11  0.1269E-11
CALSDV   55    3  0.1324E-11  0.1324E-11
CALSDV   56    3  0.1382E-11  0.1382E-11
CALSDV   57    3  0.1441E-11  0.1441E-11
CALSDV   58    3  0.1504E-11  0.1504E-11
CALSDV   59    3  0.1461E-11  0.1461E-11
CALSDV   60    3  0.1516E-11  0.1516E-11
CALSDV    4    4  0.1185E-10  0.1166E-10
CALSDV    5    4  0.9785E-11  0.9968E-11
CALSDV    6    4  0.4233E-11  0.4208E-11
CALSDV    7    4  0.3611E-11  0.3632E-11
CALSDV    8    4  0.2303E-11  0.2301E-11
CALSDV    9    4  0.1983E-11  0.1986E-11
CALSDV   10    4  0.1519E-11  0.1523E-11
CALSDV   11    4  0.1353E-11  0.1354E-11
CALSDV   12    4  0.1140E-11  0.1141E-11
CALSDV   13    4  0.1049E-11  0.1049E-11
CALSDV   14    4  0.9305E-12  0.9323E-12
CALSDV   15    4  0.8769E-12  0.8771E-12
CALSDV   16    4  0.8049E-12  0.8054E-12
CALSDV   17    4  0.7733E-12  0.7734E-12
CALSDV   18    4  0.7263E-12  0.7271E-12
CALSDV   19    4  0.7079E-12  0.7079E-12
CALSDV   20    4  0.6771E-12  0.6776E-12
CALSDV   21    4  0.6669E-12  0.6668E-12
CALSDV   22    4  0.6471E-12  0.6475E-12
CALSDV   23    4  0.6426E-12  0.6427E-12
CALSDV   24    4  0.6307E-12  0.6310E-12
CALSDV   25    4  0.6306E-12  0.6306E-12
CALSDV   26    4  0.6246E-12  0.6250E-12
CALSDV   27    4  0.6283E-12  0.6283E-12
CALSDV   28    4  0.6271E-12  0.6273E-12
CALSDV   29    4  0.6339E-12  0.6338E-12
CALSDV   30    4  0.6368E-12  0.6370E-12
CALSDV   31    4  0.6465E-12  0.6465E-12
CALSDV   32    4  0.6530E-12  0.6532E-12
CALSDV   33    4  0.6655E-12  0.6655E-12
CALSDV   34    4  0.6754E-12  0.6756E-12
CALSDV   35    4  0.6906E-12  0.6906E-12
CALSDV   36    4  0.7039E-12  0.7040E-12
CALSDV   37    4  0.7217E-12  0.7217E-12
CALSDV   38    4  0.7382E-12  0.7383E-12
CALSDV   39    4  0.7589E-12  0.7589E-12
CALSDV   40    4  0.7788E-12  0.7789E-12
CALSDV   41    4  0.8026E-12  0.8026E-12
CALSDV   42    4  0.8260E-12  0.8261E-12
CALSDV   43    4  0.8531E-12  0.8531E-12
CALSDV   44    4  0.8802E-12  0.8803E-12
CALSDV   45    4  0.9109E-12  0.9109E-12
CALSDV   46    4  0.9420E-12  0.9421E-12
CALSDV   47    4  0.9766E-12  0.9767E-12
CALSDV   48    4  0.1012E-11  0.1012E-11
CALSDV   49    4  0.1051E-11  0.1051E-11
CALSDV   50    4  0.1091E-11  0.1092E-11
CALSDV   51    4  0.1135E-11  0.1135E-11
CALSDV   52    4  0.1181E-11  0.1181E-11
CALSDV   53    4  0.1230E-11  0.1230E-11
CALSDV   54    4  0.1281E-11  0.1282E-11
CALSDV   55    4  0.1337E-11  0.1337E-11
CALSDV   56    4  0.1395E-11  0.1395E-11
CALSDV   57    4  0.1456E-11  0.1456E-11
CALSDV   58    4  0.1519E-11  0.1519E-11
CALSDV   59    4  0.1497E-11  0.1497E-11
CALSDV   60    4  0.1553E-11  0.1553E-11
CALSDV    5    5  0.1677E-10  0.1661E-10
CALSDV    6    5  0.7342E-11  0.7352E-11
CALSDV    7    5  0.4747E-11  0.4728E-11
CALSDV    8    5  0.2955E-11  0.2942E-11
CALSDV    9    5  0.2797E-11  0.2795E-11
CALSDV   10    5  0.1836E-11  0.1830E-11
CALSDV   11    5  0.1925E-11  0.1924E-11
CALSDV   12    5  0.1378E-11  0.1375E-11
CALSDV   13    5  0.1446E-11  0.1446E-11
CALSDV   14    5  0.1124E-11  0.1123E-11
CALSDV   15    5  0.1160E-11  0.1160E-11
CALSDV   16    5  0.9615E-12  0.9609E-12
CALSDV   17    5  0.9799E-12  0.9802E-12
CALSDV   18    5  0.8551E-12  0.8548E-12
CALSDV   19    5  0.8634E-12  0.8639E-12
CALSDV   20    5  0.7821E-12  0.7822E-12
CALSDV   21    5  0.7869E-12  0.7874E-12
CALSDV   22    5  0.7341E-12  0.7344E-12
CALSDV   23    5  0.7376E-12  0.7383E-12
CALSDV   24    5  0.7037E-12  0.7042E-12
CALSDV   25    5  0.7074E-12  0.7080E-12
CALSDV   26    5  0.6866E-12  0.6871E-12
CALSDV   27    5  0.6914E-12  0.6923E-12
CALSDV   28    5  0.6804E-12  0.6811E-12
CALSDV   29    5  0.6868E-12  0.6875E-12
CALSDV   30    5  0.6829E-12  0.6836E-12
CALSDV   31    5  0.6915E-12  0.6923E-12
CALSDV   32    5  0.6936E-12  0.6945E-12
CALSDV   33    5  0.7043E-12  0.7052E-12
CALSDV   34    5  0.7112E-12  0.7122E-12
CALSDV   35    5  0.7246E-12  0.7254E-12
CALSDV   36    5  0.7359E-12  0.7368E-12
CALSDV   37    5  0.7517E-12  0.7528E-12
CALSDV   38    5  0.7670E-12  0.7682E-12
CALSDV   39    5  0.7858E-12  0.7869E-12
CALSDV   40    5  0.8049E-12  0.8062E-12
CALSDV   41    5  0.8269E-12  0.8281E-12
CALSDV   42    5  0.8500E-12  0.8513E-12
CALSDV   43    5  0.8751E-12  0.8765E-12
CALSDV   44    5  0.9024E-12  0.9037E-12
CALSDV   45    5  0.9313E-12  0.9326E-12
CALSDV   46    5  0.9625E-12  0.9639E-12
CALSDV   47    5  0.9954E-12  0.9969E-12
CALSDV   48    5  0.1031E-11  0.1033E-11
CALSDV   49    5  0.1069E-11  0.1070E-11
CALSDV   50    5  0.1109E-11  0.1111E-11
CALSDV   51    5  0.1152E-11  0.1154E-11
CALSDV   52    5  0.1198E-11  0.1200E-11
CALSDV   53    5  0.1246E-11  0.1248E-11
CALSDV   54    5  0.1298E-11  0.1300E-11
CALSDV   55    5  0.1352E-11  0.1355E-11
CALSDV   56    5  0.1411E-11  0.1413E-11
CALSDV   57    5  0.1472E-11  0.1474E-11
CALSDV   58    5  0.1536E-11  0.1539E-11
CALSDV   59    5  0.1532E-11  0.1534E-11
CALSDV   60    5  0.1589E-11  0.1592E-11
CALSDV    6    6  0.8474E-11  0.8278E-11
CALSDV    7    6  0.9050E-11  0.8923E-11
CALSDV    8    6  0.4099E-11  0.4071E-11
CALSDV    9    6  0.4202E-11  0.4155E-11
CALSDV   10    6  0.2593E-11  0.2580E-11
CALSDV   11    6  0.2482E-11  0.2455E-11
CALSDV   12    6  0.1782E-11  0.1771E-11
CALSDV   13    6  0.1714E-11  0.1699E-11
CALSDV   14    6  0.1338E-11  0.1327E-11
CALSDV   15    6  0.1314E-11  0.1306E-11
CALSDV   16    6  0.1084E-11  0.1077E-11
CALSDV   17    6  0.1085E-11  0.1080E-11
CALSDV   18    6  0.9350E-12  0.9286E-12
CALSDV   19    6  0.9420E-12  0.9393E-12
CALSDV   20    6  0.8381E-12  0.8337E-12
CALSDV   21    6  0.8512E-12  0.8493E-12
CALSDV   22    6  0.7787E-12  0.7755E-12
CALSDV   23    6  0.7925E-12  0.7913E-12
CALSDV   24    6  0.7413E-12  0.7384E-12
CALSDV   25    6  0.7561E-12  0.7547E-12
CALSDV   26    6  0.7202E-12  0.7182E-12
CALSDV   27    6  0.7356E-12  0.7345E-12
CALSDV   28    6  0.7117E-12  0.7103E-12
CALSDV   29    6  0.7269E-12  0.7261E-12
CALSDV   30    6  0.7123E-12  0.7113E-12
CALSDV   31    6  0.7289E-12  0.7281E-12
CALSDV   32    6  0.7217E-12  0.7206E-12
CALSDV   33    6  0.7390E-12  0.7384E-12
CALSDV   34    6  0.7383E-12  0.7373E-12
CALSDV   35    6  0.7572E-12  0.7567E-12
CALSDV   36    6  0.7619E-12  0.7610E-12
CALSDV   37    6  0.7824E-12  0.7818E-12
CALSDV   38    6  0.7925E-12  0.7915E-12
CALSDV   39    6  0.8150E-12  0.8143E-12
CALSDV   40    6  0.8297E-12  0.8285E-12
CALSDV   41    6  0.8546E-12  0.8539E-12
CALSDV   42    6  0.8736E-12  0.8730E-12
CALSDV   43    6  0.9014E-12  0.9012E-12
CALSDV   44    6  0.9256E-12  0.9245E-12
CALSDV   45    6  0.9566E-12  0.9556E-12
CALSDV   46    6  0.9849E-12  0.9843E-12
CALSDV   47    6  0.1020E-11  0.1019E-11
CALSDV   48    6  0.1053E-11  0.1052E-11
CALSDV   49    6  0.1092E-11  0.1091E-11
CALSDV   50    6  0.1131E-11  0.1130E-11
CALSDV   51    6  0.1174E-11  0.1173E-11
CALSDV   52    6  0.1219E-11  0.1218E-11
CALSDV   53    6  0.1268E-11  0.1267E-11
CALSDV   54    6  0.1318E-11  0.1317E-11
CALSDV   55    6  0.1374E-11  0.1373E-11
CALSDV   56    6  0.1431E-11  0.1430E-11
CALSDV   57    6  0.1494E-11  0.1493E-11
CALSDV   58    6  0.1558E-11  0.1557E-11
CALSDV   59    6  0.1572E-11  0.1571E-11
CALSDV   60    6  0.1628E-11  0.1628E-11
CALSDV    7    7  0.1204E-10  0.1204E-10
CALSDV    8    7  0.6879E-11  0.6898E-11
CALSDV    9    7  0.4295E-11  0.4294E-11
CALSDV   10    7  0.2875E-11  0.2872E-11
CALSDV   11    7  0.2585E-11  0.2595E-11
CALSDV   12    7  0.1768E-11  0.1760E-11
CALSDV   13    7  0.1790E-11  0.1798E-11
CALSDV   14    7  0.1397E-11  0.1391E-11
CALSDV   15    7  0.1369E-11  0.1373E-11
CALSDV   16    7  0.1209E-11  0.1207E-11
CALSDV   17    7  0.1130E-11  0.1133E-11
CALSDV   18    7  0.1082E-11  0.1082E-11
CALSDV   19    7  0.9852E-12  0.9879E-12
CALSDV   20    7  0.9892E-12  0.9897E-12
CALSDV   21    7  0.8936E-12  0.8951E-12
CALSDV   22    7  0.9200E-12  0.9210E-12
CALSDV   23    7  0.8347E-12  0.8355E-12
CALSDV   24    7  0.8685E-12  0.8698E-12
CALSDV   25    7  0.7974E-12  0.7983E-12
CALSDV   26    7  0.8334E-12  0.8349E-12
CALSDV   27    7  0.7755E-12  0.7768E-12
CALSDV   28    7  0.8112E-12  0.8128E-12
CALSDV   29    7  0.7660E-12  0.7672E-12
CALSDV   30    7  0.8004E-12  0.8019E-12
CALSDV   31    7  0.7661E-12  0.7670E-12
CALSDV   32    7  0.7994E-12  0.8009E-12
CALSDV   33    7  0.7746E-12  0.7756E-12
CALSDV   34    7  0.8070E-12  0.8083E-12
CALSDV   35    7  0.7910E-12  0.7919E-12
CALSDV   36    7  0.8230E-12  0.8242E-12
CALSDV   37    7  0.8145E-12  0.8156E-12
CALSDV   38    7  0.8467E-12  0.8480E-12
CALSDV   39    7  0.8455E-12  0.8465E-12
CALSDV   40    7  0.8784E-12  0.8795E-12
CALSDV   41    7  0.8834E-12  0.8843E-12
CALSDV   42    7  0.9177E-12  0.9187E-12
CALSDV   43    7  0.9289E-12  0.9299E-12
CALSDV   44    7  0.9651E-12  0.9662E-12
CALSDV   45    7  0.9822E-12  0.9833E-12
CALSDV   46    7  0.1021E-11  0.1022E-11
CALSDV   47    7  0.1044E-11  0.1045E-11
CALSDV   48    7  0.1086E-11  0.1087E-11
CALSDV   49    7  0.1115E-11  0.1116E-11
CALSDV   50    7  0.1160E-11  0.1162E-11
CALSDV   51    7  0.1196E-11  0.1197E-11
CALSDV   52    7  0.1246E-11  0.1247E-11
CALSDV   53    7  0.1288E-11  0.1289E-11
CALSDV   54    7  0.1343E-11  0.1345E-11
CALSDV   55    7  0.1393E-11  0.1394E-11
CALSDV   56    7  0.1454E-11  0.1456E-11
CALSDV   57    7  0.1513E-11  0.1515E-11
CALSDV   58    7  0.1581E-11  0.1582E-11
CALSDV   59    7  0.1604E-11  0.1605E-11
CALSDV   60    7  0.1667E-11  0.1668E-11
CALSDV    8    8  0.6355E-11  0.6367E-11
CALSDV    9    8  0.6371E-11  0.6396E-11
CALSDV   10    8  0.3971E-11  0.3926E-11
CALSDV   11    8  0.3372E-11  0.3395E-11
CALSDV   12    8  0.2876E-11  0.2857E-11
CALSDV   13    8  0.2353E-11  0.2371E-11
CALSDV   14    8  0.2083E-11  0.2069E-11
CALSDV   15    8  0.1849E-11  0.1860E-11
CALSDV   16    8  0.1591E-11  0.1585E-11
CALSDV   17    8  0.1535E-11  0.1540E-11
CALSDV   18    8  0.1291E-11  0.1285E-11
CALSDV   19    8  0.1320E-11  0.1322E-11
CALSDV   20    8  0.1110E-11  0.1107E-11
CALSDV   21    8  0.1168E-11  0.1169E-11
CALSDV   22    8  0.9952E-12  0.9932E-12
CALSDV   23    8  0.1059E-11  0.1058E-11
CALSDV   24    8  0.9213E-12  0.9197E-12
CALSDV   25    8  0.9826E-12  0.9819E-12
CALSDV   26    8  0.8773E-12  0.8761E-12
CALSDV   27    8  0.9300E-12  0.9288E-12
CALSDV   28    8  0.8490E-12  0.8479E-12
CALSDV   29    8  0.8959E-12  0.8946E-12
CALSDV   30    8  0.8368E-12  0.8358E-12
CALSDV   31    8  0.8772E-12  0.8760E-12
CALSDV   32    8  0.8354E-12  0.8346E-12
CALSDV   33    8  0.8706E-12  0.8691E-12
CALSDV   34    8  0.8425E-12  0.8417E-12
CALSDV   35    8  0.8747E-12  0.8734E-12
CALSDV   36    8  0.8588E-12  0.8581E-12
CALSDV   37    8  0.8885E-12  0.8873E-12
CALSDV   38    8  0.8820E-12  0.8815E-12
CALSDV   39    8  0.9110E-12  0.9100E-12
CALSDV   40    8  0.9135E-12  0.9131E-12
CALSDV   41    8  0.9424E-12  0.9415E-12
CALSDV   42    8  0.9523E-12  0.9519E-12
CALSDV   43    8  0.9821E-12  0.9813E-12
CALSDV   44    8  0.9990E-12  0.9988E-12
CALSDV   45    8  0.1031E-11  0.1030E-11
CALSDV   46    8  0.1054E-11  0.1054E-11
CALSDV   47    8  0.1088E-11  0.1088E-11
CALSDV   48    8  0.1118E-11  0.1118E-11
CALSDV   49    8  0.1155E-11  0.1155E-11
CALSDV   50    8  0.1192E-11  0.1191E-11
CALSDV   51    8  0.1233E-11  0.1232E-11
CALSDV   52    8  0.1276E-11  0.1276E-11
CALSDV   53    8  0.1322E-11  0.1322E-11
CALSDV   54    8  0.1372E-11  0.1371E-11
CALSDV   55    8  0.1425E-11  0.1424E-11
CALSDV   56    8  0.1482E-11  0.1481E-11
CALSDV   57    8  0.1543E-11  0.1543E-11
CALSDV   58    8  0.1608E-11  0.1608E-11
CALSDV   59    8  0.1650E-11  0.1649E-11
CALSDV   60    8  0.1708E-11  0.1708E-11
CALSDV    9    9  0.8417E-11  0.8492E-11
CALSDV   10    9  0.6349E-11  0.6370E-11
CALSDV   11    9  0.4086E-11  0.4088E-11
CALSDV   12    9  0.2908E-11  0.2922E-11
CALSDV   13    9  0.2710E-11  0.2712E-11
CALSDV   14    9  0.1829E-11  0.1836E-11
CALSDV   15    9  0.1875E-11  0.1877E-11
CALSDV   16    9  0.1470E-11  0.1469E-11
CALSDV   17    9  0.1405E-11  0.1409E-11
CALSDV   18    9  0.1300E-11  0.1299E-11
CALSDV   19    9  0.1149E-11  0.1153E-11
CALSDV   20    9  0.1187E-11  0.1187E-11
CALSDV   21    9  0.1014E-11  0.1017E-11
CALSDV   22    9  0.1100E-11  0.1100E-11
CALSDV   23    9  0.9404E-12  0.9423E-12
CALSDV   24    9  0.1035E-11  0.1035E-11
CALSDV   25    9  0.8982E-12  0.8992E-12
CALSDV   26    9  0.9865E-12  0.9872E-12
CALSDV   27    9  0.8768E-12  0.8769E-12
CALSDV   28    9  0.9512E-12  0.9516E-12
CALSDV   29    9  0.8661E-12  0.8665E-12
CALSDV   30    9  0.9291E-12  0.9294E-12
CALSDV   31    9  0.8658E-12  0.8658E-12
CALSDV   32    9  0.9182E-12  0.9183E-12
CALSDV   33    9  0.8730E-12  0.8727E-12
CALSDV   34    9  0.9174E-12  0.9174E-12
CALSDV   35    9  0.8867E-12  0.8866E-12
CALSDV   36    9  0.9255E-12  0.9256E-12
CALSDV   37    9  0.9075E-12  0.9073E-12
CALSDV   38    9  0.9427E-12  0.9423E-12
CALSDV   39    9  0.9349E-12  0.9344E-12
CALSDV   40    9  0.9679E-12  0.9678E-12
CALSDV   41    9  0.9695E-12  0.9689E-12
CALSDV   42    9  0.1002E-11  0.1002E-11
CALSDV   43    9  0.1011E-11  0.1010E-11
CALSDV   44    9  0.1044E-11  0.1044E-11
CALSDV   45    9  0.1061E-11  0.1060E-11
CALSDV   46    9  0.1096E-11  0.1095E-11
CALSDV   47    9  0.1118E-11  0.1117E-11
CALSDV   48    9  0.1156E-11  0.1155E-11
CALSDV   49    9  0.1185E-11  0.1184E-11
CALSDV   50    9  0.1227E-11  0.1226E-11
CALSDV   51    9  0.1262E-11  0.1261E-11
CALSDV   52    9  0.1308E-11  0.1307E-11
CALSDV   53    9  0.1350E-11  0.1349E-11
CALSDV   54    9  0.1402E-11  0.1400E-11
CALSDV   55    9  0.1451E-11  0.1450E-11
CALSDV   56    9  0.1509E-11  0.1508E-11
CALSDV   57    9  0.1569E-11  0.1567E-11
CALSDV   58    9  0.1634E-11  0.1633E-11
CALSDV   59    9  0.1684E-11  0.1682E-11
CALSDV   60    9  0.1743E-11  0.1741E-11
CALSDV   10   10  0.5489E-11  0.5581E-11
CALSDV   11   10  0.5175E-11  0.5249E-11
CALSDV   12   10  0.3643E-11  0.3634E-11
CALSDV   13   10  0.2646E-11  0.2679E-11
CALSDV   14   10  0.2890E-11  0.2889E-11
CALSDV   15   10  0.2084E-11  0.2091E-11
CALSDV   16   10  0.2195E-11  0.2199E-11
CALSDV   17   10  0.1856E-11  0.1854E-11
CALSDV   18   10  0.1734E-11  0.1739E-11
CALSDV   19   10  0.1672E-11  0.1670E-11
CALSDV   20   10  0.1444E-11  0.1449E-11
CALSDV   21   10  0.1511E-11  0.1509E-11
CALSDV   22   10  0.1264E-11  0.1270E-11
CALSDV   23   10  0.1377E-11  0.1375E-11
CALSDV   24   10  0.1156E-11  0.1160E-11
CALSDV   25   10  0.1270E-11  0.1269E-11
CALSDV   26   10  0.1085E-11  0.1089E-11
CALSDV   27   10  0.1187E-11  0.1187E-11
CALSDV   28   10  0.1039E-11  0.1042E-11
CALSDV   29   10  0.1126E-11  0.1126E-11
CALSDV   30   10  0.1014E-11  0.1015E-11
CALSDV   31   10  0.1083E-11  0.1082E-11
CALSDV   32   10  0.9984E-12  0.9999E-12
CALSDV   33   10  0.1055E-11  0.1055E-11
CALSDV   34   10  0.9961E-12  0.9965E-12
CALSDV   35   10  0.1042E-11  0.1041E-11
CALSDV   36   10  0.1003E-11  0.1003E-11
CALSDV   37   10  0.1040E-11  0.1039E-11
CALSDV   38   10  0.1017E-11  0.1017E-11
CALSDV   39   10  0.1049E-11  0.1048E-11
CALSDV   40   10  0.1040E-11  0.1040E-11
CALSDV   41   10  0.1068E-11  0.1067E-11
CALSDV   42   10  0.1071E-11  0.1070E-11
CALSDV   43   10  0.1097E-11  0.1097E-11
CALSDV   44   10  0.1110E-11  0.1109E-11
CALSDV   45   10  0.1136E-11  0.1136E-11
CALSDV   46   10  0.1157E-11  0.1157E-11
CALSDV   47   10  0.1185E-11  0.1184E-11
CALSDV   48   10  0.1214E-11  0.1213E-11
CALSDV   49   10  0.1244E-11  0.1244E-11
CALSDV   50   10  0.1281E-11  0.1280E-11
CALSDV   51   10  0.1314E-11  0.1313E-11
CALSDV   52   10  0.1358E-11  0.1357E-11
CALSDV   53   10  0.1396E-11  0.1395E-11
CALSDV   54   10  0.1447E-11  0.1446E-11
CALSDV   55   10  0.1492E-11  0.1491E-11
CALSDV   56   10  0.1551E-11  0.1550E-11
CALSDV   57   10  0.1605E-11  0.1604E-11
CALSDV   58   10  0.1673E-11  0.1672E-11
CALSDV   59   10  0.1731E-11  0.1730E-11
CALSDV   60   10  0.1794E-11  0.1793E-11
CALSDV   11   11  0.5957E-11  0.5972E-11
CALSDV   12   11  0.5581E-11  0.5629E-11
CALSDV   13   11  0.3821E-11  0.3838E-11
CALSDV   14   11  0.2826E-11  0.2847E-11
CALSDV   15   11  0.2854E-11  0.2854E-11
CALSDV   16   11  0.1943E-11  0.1953E-11
CALSDV   17   11  0.2037E-11  0.2033E-11
CALSDV   18   11  0.1604E-11  0.1607E-11
CALSDV   19   11  0.1520E-11  0.1515E-11
CALSDV   20   11  0.1410E-11  0.1412E-11
CALSDV   21   11  0.1232E-11  0.1229E-11
CALSDV   22   11  0.1276E-11  0.1277E-11
CALSDV   23   11  0.1087E-11  0.1085E-11
CALSDV   24   11  0.1179E-11  0.1180E-11
CALSDV   25   11  0.1022E-11  0.1021E-11
CALSDV   26   11  0.1107E-11  0.1108E-11
CALSDV   27   11  0.9945E-12  0.9947E-12
CALSDV   28   11  0.1058E-11  0.1059E-11
CALSDV   29   11  0.9844E-12  0.9855E-12
CALSDV   30   11  0.1027E-11  0.1029E-11
CALSDV   31   11  0.9868E-12  0.9877E-12
CALSDV   32   11  0.1010E-11  0.1012E-11
CALSDV   33   11  0.9946E-12  0.9957E-12
CALSDV   34   11  0.1005E-11  0.1007E-11
CALSDV   35   11  0.1009E-11  0.1010E-11
CALSDV   36   11  0.1011E-11  0.1014E-11
CALSDV   37   11  0.1028E-11  0.1029E-11
CALSDV   38   11  0.1026E-11  0.1029E-11
CALSDV   39   11  0.1052E-11  0.1054E-11
CALSDV   40   11  0.1051E-11  0.1053E-11
CALSDV   41   11  0.1083E-11  0.1085E-11
CALSDV   42   11  0.1083E-11  0.1086E-11
CALSDV   43   11  0.1120E-11  0.1122E-11
CALSDV   44   11  0.1124E-11  0.1127E-11
CALSDV   45   11  0.1164E-11  0.1166E-11
CALSDV   46   11  0.1173E-11  0.1176E-11
CALSDV   47   11  0.1216E-11  0.1219E-11
CALSDV   48   11  0.1231E-11  0.1234E-11
CALSDV   49   11  0.1276E-11  0.1279E-11
CALSDV   50   11  0.1299E-11  0.1302E-11
CALSDV   51   11  0.1346E-11  0.1350E-11
CALSDV   52   11  0.1377E-11  0.1381E-11
CALSDV   53   11  0.1428E-11  0.1431E-11
CALSDV   54   11  0.1467E-11  0.1471E-11
CALSDV   55   11  0.1521E-11  0.1525E-11
CALSDV   56   11  0.1570E-11  0.1574E-11
CALSDV   57   11  0.1633E-11  0.1637E-11
CALSDV   58   11  0.1691E-11  0.1695E-11
CALSDV   59   11  0.1764E-11  0.1768E-11
CALSDV   60   11  0.1816E-11  0.1819E-11
CALSDV   12   12  0.4888E-11  0.4892E-11
CALSDV   13   12  0.4973E-11  0.4980E-11
CALSDV   14   12  0.3413E-11  0.3407E-11
CALSDV   15   12  0.2431E-11  0.2439E-11
CALSDV   16   12  0.2767E-11  0.2774E-11
CALSDV   17   12  0.1930E-11  0.1931E-11
CALSDV   18   12  0.2114E-11  0.2122E-11
CALSDV   19   12  0.1816E-11  0.1813E-11
CALSDV   20   12  0.1687E-11  0.1696E-11
CALSDV   21   12  0.1704E-11  0.1700E-11
CALSDV   22   12  0.1448E-11  0.1454E-11
CALSDV   23   12  0.1587E-11  0.1582E-11
CALSDV   24   12  0.1317E-11  0.1322E-11
CALSDV   25   12  0.1478E-11  0.1474E-11
CALSDV   26   12  0.1248E-11  0.1252E-11
CALSDV   27   12  0.1386E-11  0.1381E-11
CALSDV   28   12  0.1211E-11  0.1213E-11
CALSDV   29   12  0.1312E-11  0.1308E-11
CALSDV   30   12  0.1189E-11  0.1191E-11
CALSDV   31   12  0.1256E-11  0.1253E-11
CALSDV   32   12  0.1176E-11  0.1178E-11
CALSDV   33   12  0.1217E-11  0.1215E-11
CALSDV   34   12  0.1173E-11  0.1175E-11
CALSDV   35   12  0.1193E-11  0.1191E-11
CALSDV   36   12  0.1174E-11  0.1176E-11
CALSDV   37   12  0.1182E-11  0.1181E-11
CALSDV   38   12  0.1184E-11  0.1186E-11
CALSDV   39   12  0.1183E-11  0.1183E-11
CALSDV   40   12  0.1200E-11  0.1202E-11
CALSDV   41   12  0.1195E-11  0.1194E-11
CALSDV   42   12  0.1223E-11  0.1225E-11
CALSDV   43   12  0.1217E-11  0.1217E-11
CALSDV   44   12  0.1254E-11  0.1256E-11
CALSDV   45   12  0.1249E-11  0.1249E-11
CALSDV   46   12  0.1292E-11  0.1294E-11
CALSDV   47   12  0.1291E-11  0.1291E-11
CALSDV   48   12  0.1340E-11  0.1341E-11
CALSDV   49   12  0.1343E-11  0.1343E-11
CALSDV   50   12  0.1397E-11  0.1398E-11
CALSDV   51   12  0.1406E-11  0.1406E-11
CALSDV   52   12  0.1464E-11  0.1465E-11
CALSDV   53   12  0.1480E-11  0.1480E-11
CALSDV   54   12  0.1544E-11  0.1544E-11
CALSDV   55   12  0.1568E-11  0.1568E-11
CALSDV   56   12  0.1637E-11  0.1637E-11
CALSDV   57   12  0.1674E-11  0.1674E-11
CALSDV   58   12  0.1749E-11  0.1750E-11
CALSDV   59   12  0.1810E-11  0.1810E-11
CALSDV   60   12  0.1883E-11  0.1884E-11
CALSDV   13   13  0.4682E-11  0.4742E-11
CALSDV   14   13  0.4911E-11  0.4896E-11
CALSDV   15   13  0.3647E-11  0.3644E-11
CALSDV   16   13  0.2646E-11  0.2639E-11
CALSDV   17   13  0.2962E-11  0.2958E-11
CALSDV   18   13  0.2022E-11  0.2031E-11
CALSDV   19   13  0.2183E-11  0.2180E-11
CALSDV   20   13  0.1754E-11  0.1762E-11
CALSDV   21   13  0.1639E-11  0.1638E-11
CALSDV   22   13  0.1550E-11  0.1555E-11
CALSDV   23   13  0.1328E-11  0.1329E-11
CALSDV   24   13  0.1385E-11  0.1390E-11
CALSDV   25   13  0.1177E-11  0.1179E-11
CALSDV   26   13  0.1262E-11  0.1266E-11
CALSDV   27   13  0.1117E-11  0.1120E-11
CALSDV   28   13  0.1177E-11  0.1181E-11
CALSDV   29   13  0.1103E-11  0.1106E-11
CALSDV   30   13  0.1123E-11  0.1126E-11
CALSDV   31   13  0.1108E-11  0.1111E-11
CALSDV   32   13  0.1095E-11  0.1097E-11
CALSDV   33   13  0.1119E-11  0.1122E-11
CALSDV   34   13  0.1085E-11  0.1088E-11
CALSDV   35   13  0.1137E-11  0.1140E-11
CALSDV   36   13  0.1090E-11  0.1092E-11
CALSDV   37   13  0.1158E-11  0.1161E-11
CALSDV   38   13  0.1107E-11  0.1110E-11
CALSDV   39   13  0.1183E-11  0.1185E-11
CALSDV   40   13  0.1134E-11  0.1136E-11
CALSDV   41   13  0.1212E-11  0.1215E-11
CALSDV   42   13  0.1169E-11  0.1171E-11
CALSDV   43   13  0.1246E-11  0.1248E-11
CALSDV   44   13  0.1211E-11  0.1214E-11
CALSDV   45   13  0.1286E-11  0.1288E-11
CALSDV   46   13  0.1262E-11  0.1264E-11
CALSDV   47   13  0.1332E-11  0.1334E-11
CALSDV   48   13  0.1320E-11  0.1323E-11
CALSDV   49   13  0.1386E-11  0.1388E-11
CALSDV   50   13  0.1387E-11  0.1389E-11
CALSDV   51   13  0.1449E-11  0.1451E-11
CALSDV   52   13  0.1463E-11  0.1465E-11
CALSDV   53   13  0.1522E-11  0.1524E-11
CALSDV   54   13  0.1549E-11  0.1551E-11
CALSDV   55   13  0.1607E-11  0.1609E-11
CALSDV   56   13  0.1647E-11  0.1649E-11
CALSDV   57   13  0.1709E-11  0.1711E-11
CALSDV   58   13  0.1762E-11  0.1764E-11
CALSDV   59   13  0.1848E-11  0.1850E-11
CALSDV   60   13  0.1897E-11  0.1899E-11
CALSDV   14   14  0.4069E-11  0.4129E-11
CALSDV   15   14  0.5037E-11  0.5062E-11
CALSDV   16   14  0.3406E-11  0.3420E-11
CALSDV   17   14  0.2541E-11  0.2549E-11
CALSDV   18   14  0.2812E-11  0.2820E-11
CALSDV   19   14  0.1979E-11  0.1976E-11
CALSDV   20   14  0.2103E-11  0.2115E-11
CALSDV   21   14  0.1858E-11  0.1855E-11
CALSDV   22   14  0.1637E-11  0.1649E-11
CALSDV   23   14  0.1757E-11  0.1757E-11
CALSDV   24   14  0.1408E-11  0.1419E-11
CALSDV   25   14  0.1648E-11  0.1648E-11
CALSDV   26   14  0.1320E-11  0.1332E-11
CALSDV   27   14  0.1549E-11  0.1549E-11
CALSDV   28   14  0.1300E-11  0.1309E-11
CALSDV   29   14  0.1465E-11  0.1467E-11
CALSDV   30   14  0.1304E-11  0.1312E-11
CALSDV   31   14  0.1401E-11  0.1402E-11
CALSDV   32   14  0.1317E-11  0.1324E-11
CALSDV   33   14  0.1356E-11  0.1357E-11
CALSDV   34   14  0.1330E-11  0.1336E-11
CALSDV   35   14  0.1327E-11  0.1328E-11
CALSDV   36   14  0.1342E-11  0.1348E-11
CALSDV   37   14  0.1312E-11  0.1314E-11
CALSDV   38   14  0.1357E-11  0.1362E-11
CALSDV   39   14  0.1310E-11  0.1312E-11
CALSDV   40   14  0.1374E-11  0.1378E-11
CALSDV   41   14  0.1320E-11  0.1321E-11
CALSDV   42   14  0.1395E-11  0.1399E-11
CALSDV   43   14  0.1339E-11  0.1341E-11
CALSDV   44   14  0.1421E-11  0.1424E-11
CALSDV   45   14  0.1367E-11  0.1369E-11
CALSDV   46   14  0.1452E-11  0.1455E-11
CALSDV   47   14  0.1405E-11  0.1407E-11
CALSDV   48   14  0.1490E-11  0.1493E-11
CALSDV   49   14  0.1452E-11  0.1454E-11
CALSDV   50   14  0.1537E-11  0.1540E-11
CALSDV   51   14  0.1509E-11  0.1511E-11
CALSDV   52   14  0.1593E-11  0.1595E-11
CALSDV   53   14  0.1576E-11  0.1578E-11
CALSDV   54   14  0.1660E-11  0.1662E-11
CALSDV   55   14  0.1655E-11  0.1657E-11
CALSDV   56   14  0.1739E-11  0.1741E-11
CALSDV   57   14  0.1751E-11  0.1753E-11
CALSDV   58   14  0.1838E-11  0.1840E-11
CALSDV   59   14  0.1890E-11  0.1893E-11
CALSDV   60   14  0.1975E-11  0.1977E-11
CALSDV   15   15  0.4697E-11  0.4722E-11
CALSDV   16   15  0.5093E-11  0.5128E-11
CALSDV   17   15  0.3549E-11  0.3537E-11
CALSDV   18   15  0.2691E-11  0.2712E-11
CALSDV   19   15  0.3082E-11  0.3075E-11
CALSDV   20   15  0.2045E-11  0.2054E-11
CALSDV   21   15  0.2415E-11  0.2407E-11
CALSDV   22   15  0.1829E-11  0.1831E-11
CALSDV   23   15  0.1916E-11  0.1905E-11
CALSDV   24   15  0.1673E-11  0.1674E-11
CALSDV   25   15  0.1614E-11  0.1608E-11
CALSDV   26   15  0.1533E-11  0.1534E-11
CALSDV   27   15  0.1456E-11  0.1454E-11
CALSDV   28   15  0.1421E-11  0.1423E-11
CALSDV   29   15  0.1383E-11  0.1384E-11
CALSDV   30   15  0.1340E-11  0.1342E-11
CALSDV   31   15  0.1354E-11  0.1355E-11
CALSDV   32   15  0.1288E-11  0.1291E-11
CALSDV   33   15  0.1348E-11  0.1348E-11
CALSDV   34   15  0.1262E-11  0.1265E-11
CALSDV   35   15  0.1352E-11  0.1353E-11
CALSDV   36   15  0.1255E-11  0.1258E-11
CALSDV   37   15  0.1361E-11  0.1361E-11
CALSDV   38   15  0.1262E-11  0.1264E-11
CALSDV   39   15  0.1375E-11  0.1376E-11
CALSDV   40   15  0.1283E-11  0.1285E-11
CALSDV   41   15  0.1395E-11  0.1395E-11
CALSDV   42   15  0.1313E-11  0.1314E-11
CALSDV   43   15  0.1420E-11  0.1419E-11
CALSDV   44   15  0.1351E-11  0.1352E-11
CALSDV   45   15  0.1450E-11  0.1449E-11
CALSDV   46   15  0.1397E-11  0.1398E-11
CALSDV   47   15  0.1486E-11  0.1485E-11
CALSDV   48   15  0.1451E-11  0.1450E-11
CALSDV   49   15  0.1530E-11  0.1529E-11
CALSDV   50   15  0.1512E-11  0.1511E-11
CALSDV   51   15  0.1581E-11  0.1580E-11
CALSDV   52   15  0.1580E-11  0.1579E-11
CALSDV   53   15  0.1642E-11  0.1640E-11
CALSDV   54   15  0.1658E-11  0.1657E-11
CALSDV   55   15  0.1714E-11  0.1711E-11
CALSDV   56   15  0.1747E-11  0.1745E-11
CALSDV   57   15  0.1802E-11  0.1799E-11
CALSDV   58   15  0.1851E-11  0.1849E-11
CALSDV   59   15  0.1940E-11  0.1937E-11
CALSDV   60   15  0.1988E-11  0.1986E-11
CALSDV   16   16  0.3680E-11  0.3635E-11
CALSDV   17   16  0.4820E-11  0.4833E-11
CALSDV   18   16  0.3496E-11  0.3493E-11
CALSDV   19   16  0.2527E-11  0.2534E-11
CALSDV   20   16  0.3000E-11  0.2988E-11
CALSDV   21   16  0.2069E-11  0.2070E-11
CALSDV   22   16  0.2261E-11  0.2253E-11
CALSDV   23   16  0.1957E-11  0.1959E-11
CALSDV   24   16  0.1746E-11  0.1740E-11
CALSDV   25   16  0.1845E-11  0.1848E-11
CALSDV   26   16  0.1494E-11  0.1495E-11
CALSDV   27   16  0.1722E-11  0.1724E-11
CALSDV   28   16  0.1416E-11  0.1418E-11
CALSDV   29   16  0.1613E-11  0.1615E-11
CALSDV   30   16  0.1420E-11  0.1423E-11
CALSDV   31   16  0.1532E-11  0.1534E-11
CALSDV   32   16  0.1450E-11  0.1452E-11
CALSDV   33   16  0.1477E-11  0.1479E-11
CALSDV   34   16  0.1483E-11  0.1486E-11
CALSDV   35   16  0.1445E-11  0.1447E-11
CALSDV   36   16  0.1512E-11  0.1515E-11
CALSDV   37   16  0.1432E-11  0.1434E-11
CALSDV   38   16  0.1538E-11  0.1541E-11
CALSDV   39   16  0.1432E-11  0.1435E-11
CALSDV   40   16  0.1560E-11  0.1562E-11
CALSDV   41   16  0.1445E-11  0.1447E-11
CALSDV   42   16  0.1581E-11  0.1584E-11
CALSDV   43   16  0.1467E-11  0.1470E-11
CALSDV   44   16  0.1605E-11  0.1607E-11
CALSDV   45   16  0.1497E-11  0.1499E-11
CALSDV   46   16  0.1630E-11  0.1633E-11
CALSDV   47   16  0.1534E-11  0.1537E-11
CALSDV   48   16  0.1661E-11  0.1663E-11
CALSDV   49   16  0.1579E-11  0.1581E-11
CALSDV   50   16  0.1697E-11  0.1699E-11
CALSDV   51   16  0.1631E-11  0.1633E-11
CALSDV   52   16  0.1741E-11  0.1743E-11
CALSDV   53   16  0.1690E-11  0.1692E-11
CALSDV   54   16  0.1793E-11  0.1795E-11
CALSDV   55   16  0.1759E-11  0.1761E-11
CALSDV   56   16  0.1857E-11  0.1859E-11
CALSDV   57   16  0.1842E-11  0.1844E-11
CALSDV   58   16  0.1938E-11  0.1940E-11
CALSDV   59   16  0.1979E-11  0.1981E-11
CALSDV   60   16  0.2070E-11  0.2072E-11
CALSDV   17   17  0.3424E-11  0.3470E-11
CALSDV   18   17  0.4257E-11  0.4263E-11
CALSDV   19   17  0.3392E-11  0.3404E-11
CALSDV   20   17  0.2354E-11  0.2355E-11
CALSDV   21   17  0.2980E-11  0.2990E-11
CALSDV   22   17  0.2172E-11  0.2174E-11
CALSDV   23   17  0.2297E-11  0.2308E-11
CALSDV   24   17  0.2071E-11  0.2074E-11
CALSDV   25   17  0.1791E-11  0.1799E-11
CALSDV   26   17  0.1888E-11  0.1891E-11
CALSDV   27   17  0.1509E-11  0.1515E-11
CALSDV   28   17  0.1687E-11  0.1687E-11
CALSDV   29   17  0.1387E-11  0.1392E-11
CALSDV   30   17  0.1514E-11  0.1513E-11
CALSDV   31   17  0.1354E-11  0.1357E-11
CALSDV   32   17  0.1394E-11  0.1392E-11
CALSDV   33   17  0.1361E-11  0.1364E-11
CALSDV   34   17  0.1325E-11  0.1324E-11
CALSDV   35   17  0.1383E-11  0.1385E-11
CALSDV   36   17  0.1301E-11  0.1297E-11
CALSDV   37   17  0.1412E-11  0.1414E-11
CALSDV   38   17  0.1307E-11  0.1306E-11
CALSDV   39   17  0.1443E-11  0.1444E-11
CALSDV   40   17  0.1337E-11  0.1335E-11
CALSDV   41   17  0.1473E-11  0.1474E-11
CALSDV   42   17  0.1378E-11  0.1377E-11
CALSDV   43   17  0.1507E-11  0.1509E-11
CALSDV   44   17  0.1429E-11  0.1430E-11
CALSDV   45   17  0.1545E-11  0.1547E-11
CALSDV   46   17  0.1488E-11  0.1488E-11
CALSDV   47   17  0.1585E-11  0.1588E-11
CALSDV   48   17  0.1550E-11  0.1551E-11
CALSDV   49   17  0.1631E-11  0.1633E-11
CALSDV   50   17  0.1617E-11  0.1618E-11
CALSDV   51   17  0.1682E-11  0.1685E-11
CALSDV   52   17  0.1688E-11  0.1689E-11
CALSDV   53   17  0.1739E-11  0.1742E-11
CALSDV   54   17  0.1764E-11  0.1765E-11
CALSDV   55   17  0.1805E-11  0.1807E-11
CALSDV   56   17  0.1847E-11  0.1848E-11
CALSDV   57   17  0.1883E-11  0.1885E-11
CALSDV   58   17  0.1941E-11  0.1942E-11
CALSDV   59   17  0.2017E-11  0.2019E-11
CALSDV   60   17  0.2076E-11  0.2078E-11
CALSDV   18   18  0.4032E-11  0.4021E-11
CALSDV   19   18  0.4349E-11  0.4352E-11
CALSDV   20   18  0.3699E-11  0.3704E-11
CALSDV   21   18  0.2266E-11  0.2270E-11
CALSDV   22   18  0.3148E-11  0.3152E-11
CALSDV   23   18  0.2071E-11  0.2074E-11
CALSDV   24   18  0.2353E-11  0.2354E-11
CALSDV   25   18  0.2045E-11  0.2046E-11
CALSDV   26   18  0.1812E-11  0.1812E-11
CALSDV   27   18  0.1938E-11  0.1938E-11
CALSDV   28   18  0.1576E-11  0.1576E-11
CALSDV   29   18  0.1802E-11  0.1804E-11
CALSDV   30   18  0.1543E-11  0.1540E-11
CALSDV   31   18  0.1684E-11  0.1687E-11
CALSDV   32   18  0.1589E-11  0.1586E-11
CALSDV   33   18  0.1601E-11  0.1604E-11
CALSDV   34   18  0.1649E-11  0.1646E-11
CALSDV   35   18  0.1558E-11  0.1561E-11
CALSDV   36   18  0.1705E-11  0.1701E-11
CALSDV   37   18  0.1544E-11  0.1546E-11
CALSDV   38   18  0.1747E-11  0.1744E-11
CALSDV   39   18  0.1553E-11  0.1554E-11
CALSDV   40   18  0.1780E-11  0.1776E-11
CALSDV   41   18  0.1573E-11  0.1574E-11
CALSDV   42   18  0.1804E-11  0.1800E-11
CALSDV   43   18  0.1603E-11  0.1603E-11
CALSDV   44   18  0.1823E-11  0.1819E-11
CALSDV   45   18  0.1640E-11  0.1639E-11
CALSDV   46   18  0.1843E-11  0.1839E-11
CALSDV   47   18  0.1681E-11  0.1680E-11
CALSDV   48   18  0.1863E-11  0.1860E-11
CALSDV   49   18  0.1726E-11  0.1724E-11
CALSDV   50   18  0.1887E-11  0.1883E-11
CALSDV   51   18  0.1773E-11  0.1771E-11
CALSDV   52   18  0.1915E-11  0.1912E-11
CALSDV   53   18  0.1825E-11  0.1823E-11
CALSDV   54   18  0.1950E-11  0.1946E-11
CALSDV   55   18  0.1882E-11  0.1879E-11
CALSDV   56   18  0.1994E-11  0.1991E-11
CALSDV   57   18  0.1950E-11  0.1947E-11
CALSDV   58   18  0.2053E-11  0.2050E-11
CALSDV   59   18  0.2077E-11  0.2074E-11
CALSDV   60   18  0.2170E-11  0.2168E-11
CALSDV   19   19  0.3355E-11  0.3337E-11
CALSDV   20   19  0.4135E-11  0.4151E-11
CALSDV   21   19  0.3420E-11  0.3424E-11
CALSDV   22   19  0.2291E-11  0.2307E-11
CALSDV   23   19  0.3007E-11  0.3003E-11
CALSDV   24   19  0.2315E-11  0.2326E-11
CALSDV   25   19  0.2344E-11  0.2340E-11
CALSDV   26   19  0.2314E-11  0.2318E-11
CALSDV   27   19  0.1874E-11  0.1872E-11
CALSDV   28   19  0.2157E-11  0.2156E-11
CALSDV   29   19  0.1621E-11  0.1622E-11
CALSDV   30   19  0.1948E-11  0.1945E-11
CALSDV   31   19  0.1519E-11  0.1520E-11
CALSDV   32   19  0.1759E-11  0.1754E-11
CALSDV   33   19  0.1494E-11  0.1495E-11
CALSDV   34   19  0.1620E-11  0.1613E-11
CALSDV   35   19  0.1502E-11  0.1503E-11
CALSDV   36   19  0.1538E-11  0.1531E-11
CALSDV   37   19  0.1525E-11  0.1527E-11
CALSDV   38   19  0.1508E-11  0.1501E-11
CALSDV   39   19  0.1553E-11  0.1554E-11
CALSDV   40   19  0.1515E-11  0.1509E-11
CALSDV   41   19  0.1586E-11  0.1588E-11
CALSDV   42   19  0.1548E-11  0.1541E-11
CALSDV   43   19  0.1622E-11  0.1623E-11
CALSDV   44   19  0.1593E-11  0.1588E-11
CALSDV   45   19  0.1660E-11  0.1661E-11
CALSDV   46   19  0.1649E-11  0.1644E-11
CALSDV   47   19  0.1703E-11  0.1703E-11
CALSDV   48   19  0.1710E-11  0.1706E-11
CALSDV   49   19  0.1750E-11  0.1750E-11
CALSDV   50   19  0.1773E-11  0.1770E-11
CALSDV   51   19  0.1800E-11  0.1799E-11
CALSDV   52   19  0.1838E-11  0.1836E-11
CALSDV   53   19  0.1854E-11  0.1853E-11
CALSDV   54   19  0.1905E-11  0.1903E-11
CALSDV   55   19  0.1912E-11  0.1912E-11
CALSDV   56   19  0.1975E-11  0.1974E-11
CALSDV   57   19  0.1979E-11  0.1979E-11
CALSDV   58   19  0.2053E-11  0.2052E-11
CALSDV   59   19  0.2103E-11  0.2103E-11
CALSDV   60   19  0.2177E-11  0.2177E-11
CALSDV   20   20  0.3945E-11  0.3982E-11
CALSDV   21   20  0.4252E-11  0.4242E-11
CALSDV   22   20  0.3836E-11  0.3846E-11
CALSDV   23   20  0.2254E-11  0.2254E-11
CALSDV   24   20  0.3305E-11  0.3312E-11
CALSDV   25   20  0.2193E-11  0.2196E-11
CALSDV   26   20  0.2484E-11  0.2490E-11
CALSDV   27   20  0.2189E-11  0.2191E-11
CALSDV   28   20  0.1921E-11  0.1925E-11
CALSDV   29   20  0.2056E-11  0.2059E-11
CALSDV   30   20  0.1675E-11  0.1681E-11
CALSDV   31   20  0.1890E-11  0.1895E-11
CALSDV   32   20  0.1644E-11  0.1649E-11
CALSDV   33   20  0.1755E-11  0.1761E-11
CALSDV   34   20  0.1703E-11  0.1707E-11
CALSDV   35   20  0.1673E-11  0.1680E-11
CALSDV   36   20  0.1779E-11  0.1782E-11
CALSDV   37   20  0.1641E-11  0.1649E-11
CALSDV   38   20  0.1845E-11  0.1848E-11
CALSDV   39   20  0.1649E-11  0.1656E-11
CALSDV   40   20  0.1899E-11  0.1901E-11
CALSDV   41   20  0.1682E-11  0.1688E-11
CALSDV   42   20  0.1939E-11  0.1941E-11
CALSDV   43   20  0.1728E-11  0.1732E-11
CALSDV   44   20  0.1972E-11  0.1973E-11
CALSDV   45   20  0.1776E-11  0.1779E-11
CALSDV   46   20  0.1995E-11  0.1997E-11
CALSDV   47   20  0.1827E-11  0.1830E-11
CALSDV   48   20  0.2018E-11  0.2019E-11
CALSDV   49   20  0.1877E-11  0.1879E-11
CALSDV   50   20  0.2040E-11  0.2041E-11
CALSDV   51   20  0.1924E-11  0.1926E-11
CALSDV   52   20  0.2063E-11  0.2064E-11
CALSDV   53   20  0.1970E-11  0.1971E-11
CALSDV   54   20  0.2089E-11  0.2090E-11
CALSDV   55   20  0.2016E-11  0.2017E-11
CALSDV   56   20  0.2120E-11  0.2120E-11
CALSDV   57   20  0.2064E-11  0.2066E-11
CALSDV   58   20  0.2161E-11  0.2162E-11
CALSDV   59   20  0.2176E-11  0.2177E-11
CALSDV   60   20  0.2261E-11  0.2263E-11
CALSDV   21   21  0.3445E-11  0.3456E-11
CALSDV   22   21  0.4148E-11  0.4150E-11
CALSDV   23   21  0.3468E-11  0.3480E-11
CALSDV   24   21  0.2255E-11  0.2255E-11
CALSDV   25   21  0.3023E-11  0.3029E-11
CALSDV   26   21  0.2429E-11  0.2426E-11
CALSDV   27   21  0.2381E-11  0.2382E-11
CALSDV   28   21  0.2513E-11  0.2508E-11
CALSDV   29   21  0.1969E-11  0.1969E-11
CALSDV   30   21  0.2386E-11  0.2383E-11
CALSDV   31   21  0.1775E-11  0.1774E-11
CALSDV   32   21  0.2184E-11  0.2181E-11
CALSDV   33   21  0.1702E-11  0.1703E-11
CALSDV   34   21  0.1994E-11  0.1991E-11
CALSDV   35   21  0.1688E-11  0.1689E-11
CALSDV   36   21  0.1852E-11  0.1850E-11
CALSDV   37   21  0.1696E-11  0.1697E-11
CALSDV   38   21  0.1771E-11  0.1769E-11
CALSDV   39   21  0.1713E-11  0.1716E-11
CALSDV   40   21  0.1739E-11  0.1739E-11
CALSDV   41   21  0.1737E-11  0.1741E-11
CALSDV   42   21  0.1749E-11  0.1750E-11
CALSDV   43   21  0.1767E-11  0.1771E-11
CALSDV   44   21  0.1786E-11  0.1786E-11
CALSDV   45   21  0.1802E-11  0.1806E-11
CALSDV   46   21  0.1837E-11  0.1836E-11
CALSDV   47   21  0.1842E-11  0.1844E-11
CALSDV   48   21  0.1889E-11  0.1890E-11
CALSDV   49   21  0.1887E-11  0.1888E-11
CALSDV   50   21  0.1949E-11  0.1949E-11
CALSDV   51   21  0.1934E-11  0.1935E-11
CALSDV   52   21  0.2008E-11  0.2008E-11
CALSDV   53   21  0.1983E-11  0.1983E-11
CALSDV   54   21  0.2064E-11  0.2063E-11
CALSDV   55   21  0.2033E-11  0.2033E-11
CALSDV   56   21  0.2119E-11  0.2119E-11
CALSDV   57   21  0.2087E-11  0.2086E-11
CALSDV   58   21  0.2176E-11  0.2176E-11
CALSDV   59   21  0.2196E-11  0.2195E-11
CALSDV   60   21  0.2282E-11  0.2282E-11
CALSDV   22   22  0.3682E-11  0.3677E-11
CALSDV   23   22  0.4225E-11  0.4215E-11
CALSDV   24   22  0.3885E-11  0.3880E-11
CALSDV   25   22  0.2268E-11  0.2259E-11
CALSDV   26   22  0.3389E-11  0.3387E-11
CALSDV   27   22  0.2335E-11  0.2333E-11
CALSDV   28   22  0.2576E-11  0.2576E-11
CALSDV   29   22  0.2352E-11  0.2355E-11
CALSDV   30   22  0.2029E-11  0.2024E-11
CALSDV   31   22  0.2189E-11  0.2195E-11
CALSDV   32   22  0.1801E-11  0.1793E-11
CALSDV   33   22  0.1984E-11  0.1990E-11
CALSDV   34   22  0.1775E-11  0.1768E-11
CALSDV   35   22  0.1825E-11  0.1829E-11
CALSDV   36   22  0.1832E-11  0.1825E-11
CALSDV   37   22  0.1740E-11  0.1743E-11
CALSDV   38   22  0.1908E-11  0.1901E-11
CALSDV   39   22  0.1726E-11  0.1729E-11
CALSDV   40   22  0.1977E-11  0.1973E-11
CALSDV   41   22  0.1758E-11  0.1761E-11
CALSDV   42   22  0.2034E-11  0.2031E-11
CALSDV   43   22  0.1818E-11  0.1819E-11
CALSDV   44   22  0.2079E-11  0.2078E-11
CALSDV   45   22  0.1890E-11  0.1890E-11
CALSDV   46   22  0.2117E-11  0.2117E-11
CALSDV   47   22  0.1958E-11  0.1959E-11
CALSDV   48   22  0.2148E-11  0.2148E-11
CALSDV   49   22  0.2020E-11  0.2021E-11
CALSDV   50   22  0.2174E-11  0.2175E-11
CALSDV   51   22  0.2075E-11  0.2076E-11
CALSDV   52   22  0.2200E-11  0.2201E-11
CALSDV   53   22  0.2120E-11  0.2122E-11
CALSDV   54   22  0.2223E-11  0.2224E-11
CALSDV   55   22  0.2157E-11  0.2158E-11
CALSDV   56   22  0.2246E-11  0.2247E-11
CALSDV   57   22  0.2189E-11  0.2191E-11
CALSDV   58   22  0.2273E-11  0.2274E-11
CALSDV   59   22  0.2279E-11  0.2280E-11
CALSDV   60   22  0.2357E-11  0.2354E-11
CALSDV   23   23  0.3488E-11  0.3453E-11
CALSDV   24   23  0.4216E-11  0.4229E-11
CALSDV   25   23  0.3535E-11  0.3544E-11
CALSDV   26   23  0.2237E-11  0.2241E-11
CALSDV   27   23  0.3047E-11  0.3057E-11
CALSDV   28   23  0.2508E-11  0.2513E-11
CALSDV   29   23  0.2407E-11  0.2414E-11
CALSDV   30   23  0.2648E-11  0.2656E-11
CALSDV   31   23  0.2052E-11  0.2055E-11
CALSDV   32   23  0.2540E-11  0.2548E-11
CALSDV   33   23  0.1927E-11  0.1925E-11
CALSDV   34   23  0.2346E-11  0.2351E-11
CALSDV   35   23  0.1899E-11  0.1899E-11
CALSDV   36   23  0.2166E-11  0.2166E-11
CALSDV   37   23  0.1903E-11  0.1903E-11
CALSDV   38   23  0.2039E-11  0.2035E-11
CALSDV   39   23  0.1913E-11  0.1914E-11
CALSDV   40   23  0.1977E-11  0.1969E-11
CALSDV   41   23  0.1929E-11  0.1932E-11
CALSDV   42   23  0.1967E-11  0.1957E-11
CALSDV   43   23  0.1949E-11  0.1954E-11
CALSDV   44   23  0.1991E-11  0.1982E-11
CALSDV   45   23  0.1976E-11  0.1982E-11
CALSDV   46   23  0.2034E-11  0.2027E-11
CALSDV   47   23  0.2009E-11  0.2017E-11
CALSDV   48   23  0.2089E-11  0.2085E-11
CALSDV   49   23  0.2045E-11  0.2054E-11
CALSDV   50   23  0.2142E-11  0.2141E-11
CALSDV   51   23  0.2085E-11  0.2096E-11
CALSDV   52   23  0.2192E-11  0.2194E-11
CALSDV   53   23  0.2127E-11  0.2139E-11
CALSDV   54   23  0.2236E-11  0.2242E-11
CALSDV   55   23  0.2164E-11  0.2178E-11
CALSDV   56   23  0.2274E-11  0.2283E-11
CALSDV   57   23  0.2201E-11  0.2216E-11
CALSDV   58   23  0.2307E-11  0.2320E-11
CALSDV   59   23  0.2289E-11  0.2304E-11
CALSDV   60   23  0.2391E-11  0.2395E-11
CALSDV   24   24  0.3556E-11  0.3559E-11
CALSDV   25   24  0.4277E-11  0.4275E-11
CALSDV   26   24  0.3939E-11  0.3929E-11
CALSDV   27   24  0.2324E-11  0.2313E-11
CALSDV   28   24  0.3445E-11  0.3439E-11
CALSDV   29   24  0.2506E-11  0.2498E-11
CALSDV   30   24  0.2651E-11  0.2646E-11
CALSDV   31   24  0.2545E-11  0.2539E-11
CALSDV   32   24  0.2138E-11  0.2135E-11
CALSDV   33   24  0.2353E-11  0.2349E-11
CALSDV   34   24  0.1941E-11  0.1938E-11
CALSDV   35   24  0.2107E-11  0.2105E-11
CALSDV   36   24  0.1925E-11  0.1923E-11
CALSDV   37   24  0.1921E-11  0.1919E-11
CALSDV   38   24  0.1978E-11  0.1976E-11
CALSDV   39   24  0.1833E-11  0.1831E-11
CALSDV   40   24  0.2044E-11  0.2043E-11
CALSDV   41   24  0.1837E-11  0.1834E-11
CALSDV   42   24  0.2108E-11  0.2107E-11
CALSDV   43   24  0.1898E-11  0.1896E-11
CALSDV   44   24  0.2165E-11  0.2165E-11
CALSDV   45   24  0.1985E-11  0.1984E-11
CALSDV   46   24  0.2216E-11  0.2216E-11
CALSDV   47   24  0.2075E-11  0.2075E-11
CALSDV   48   24  0.2258E-11  0.2259E-11
CALSDV   49   24  0.2158E-11  0.2159E-11
CALSDV   50   24  0.2297E-11  0.2298E-11
CALSDV   51   24  0.2224E-11  0.2225E-11
CALSDV   52   24  0.2328E-11  0.2329E-11
CALSDV   53   24  0.2275E-11  0.2276E-11
CALSDV   54   24  0.2355E-11  0.2357E-11
CALSDV   55   24  0.2306E-11  0.2307E-11
CALSDV   56   24  0.2375E-11  0.2376E-11
CALSDV   57   24  0.2322E-11  0.2323E-11
CALSDV   58   24  0.2391E-11  0.2391E-11
CALSDV   59   24  0.2388E-11  0.2386E-11
CALSDV   60   24  0.2453E-11  0.2450E-11
CALSDV   25   25  0.3392E-11  0.3392E-11
CALSDV   26   25  0.4366E-11  0.4359E-11
CALSDV   27   25  0.3672E-11  0.3687E-11
CALSDV   28   25  0.2300E-11  0.2286E-11
CALSDV   29   25  0.3133E-11  0.3145E-11
CALSDV   30   25  0.2612E-11  0.2608E-11
CALSDV   31   25  0.2466E-11  0.2467E-11
CALSDV   32   25  0.2778E-11  0.2775E-11
CALSDV   33   25  0.2144E-11  0.2143E-11
CALSDV   34   25  0.2670E-11  0.2669E-11
CALSDV   35   25  0.2078E-11  0.2079E-11
CALSDV   36   25  0.2476E-11  0.2476E-11
CALSDV   37   25  0.2100E-11  0.2105E-11
CALSDV   38   25  0.2306E-11  0.2308E-11
CALSDV   39   25  0.2135E-11  0.2142E-11
CALSDV   40   25  0.2205E-11  0.2209E-11
CALSDV   41   25  0.2160E-11  0.2168E-11
CALSDV   42   25  0.2173E-11  0.2179E-11
CALSDV   43   25  0.2179E-11  0.2188E-11
CALSDV   44   25  0.2191E-11  0.2200E-11
CALSDV   45   25  0.2200E-11  0.2210E-11
CALSDV   46   25  0.2239E-11  0.2249E-11
CALSDV   47   25  0.2226E-11  0.2235E-11
CALSDV   48   25  0.2299E-11  0.2309E-11
CALSDV   49   25  0.2255E-11  0.2264E-11
CALSDV   50   25  0.2357E-11  0.2366E-11
CALSDV   51   25  0.2283E-11  0.2291E-11
CALSDV   52   25  0.2404E-11  0.2411E-11
CALSDV   53   25  0.2311E-11  0.2317E-11
CALSDV   54   25  0.2440E-11  0.2445E-11
CALSDV   55   25  0.2335E-11  0.2339E-11
CALSDV   56   25  0.2462E-11  0.2466E-11
CALSDV   57   25  0.2348E-11  0.2351E-11
CALSDV   58   25  0.2468E-11  0.2471E-11
CALSDV   59   25  0.2408E-11  0.2409E-11
CALSDV   60   25  0.2515E-11  0.2516E-11
CALSDV   26   26  0.3544E-11  0.3542E-11
CALSDV   27   26  0.4397E-11  0.4405E-11
CALSDV   28   26  0.4017E-11  0.4021E-11
CALSDV   29   26  0.2421E-11  0.2426E-11
CALSDV   30   26  0.3504E-11  0.3498E-11
CALSDV   31   26  0.2696E-11  0.2701E-11
CALSDV   32   26  0.2729E-11  0.2724E-11
CALSDV   33   26  0.2752E-11  0.2754E-11
CALSDV   34   26  0.2265E-11  0.2262E-11
CALSDV   35   26  0.2531E-11  0.2533E-11
CALSDV   36   26  0.2103E-11  0.2106E-11
CALSDV   37   26  0.2248E-11  0.2251E-11
CALSDV   38   26  0.2096E-11  0.2100E-11
CALSDV   39   26  0.2040E-11  0.2043E-11
CALSDV   40   26  0.2142E-11  0.2147E-11
CALSDV   41   26  0.1955E-11  0.1959E-11
CALSDV   42   26  0.2197E-11  0.2202E-11
CALSDV   43   26  0.1980E-11  0.1984E-11
CALSDV   44   26  0.2252E-11  0.2257E-11
CALSDV   45   26  0.2068E-11  0.2071E-11
CALSDV   46   26  0.2307E-11  0.2309E-11
CALSDV   47   26  0.2179E-11  0.2182E-11
CALSDV   48   26  0.2360E-11  0.2362E-11
CALSDV   49   26  0.2287E-11  0.2289E-11
CALSDV   50   26  0.2411E-11  0.2413E-11
CALSDV   51   26  0.2375E-11  0.2377E-11
CALSDV   52   26  0.2457E-11  0.2458E-11
CALSDV   53   26  0.2430E-11  0.2431E-11
CALSDV   54   26  0.2485E-11  0.2486E-11
CALSDV   55   26  0.2462E-11  0.2463E-11
CALSDV   56   26  0.2508E-11  0.2509E-11
CALSDV   57   26  0.2463E-11  0.2464E-11
CALSDV   58   26  0.2514E-11  0.2516E-11
CALSDV   59   26  0.2496E-11  0.2499E-11
CALSDV   60   26  0.2551E-11  0.2553E-11
CALSDV   27   27  0.3275E-11  0.3266E-11
CALSDV   28   27  0.4533E-11  0.4519E-11
CALSDV   29   27  0.3905E-11  0.3909E-11
CALSDV   30   27  0.2413E-11  0.2402E-11
CALSDV   31   27  0.3296E-11  0.3312E-11
CALSDV   32   27  0.2750E-11  0.2750E-11
CALSDV   33   27  0.2564E-11  0.2575E-11
CALSDV   34   27  0.2902E-11  0.2902E-11
CALSDV   35   27  0.2245E-11  0.2252E-11
CALSDV   36   27  0.2763E-11  0.2764E-11
CALSDV   37   27  0.2224E-11  0.2226E-11
CALSDV   38   27  0.2548E-11  0.2545E-11
CALSDV   39   27  0.2293E-11  0.2291E-11
CALSDV   40   27  0.2381E-11  0.2377E-11
CALSDV   41   27  0.2360E-11  0.2357E-11
CALSDV   42   27  0.2309E-11  0.2304E-11
CALSDV   43   27  0.2405E-11  0.2402E-11
CALSDV   44   27  0.2319E-11  0.2315E-11
CALSDV   45   27  0.2436E-11  0.2435E-11
CALSDV   46   27  0.2379E-11  0.2377E-11
CALSDV   47   27  0.2461E-11  0.2459E-11
CALSDV   48   27  0.2458E-11  0.2458E-11
CALSDV   49   27  0.2483E-11  0.2482E-11
CALSDV   50   27  0.2535E-11  0.2536E-11
CALSDV   51   27  0.2504E-11  0.2504E-11
CALSDV   52   27  0.2596E-11  0.2599E-11
CALSDV   53   27  0.2522E-11  0.2523E-11
CALSDV   54   27  0.2636E-11  0.2641E-11
CALSDV   55   27  0.2519E-11  0.2521E-11
CALSDV   56   27  0.2642E-11  0.2647E-11
CALSDV   57   27  0.2507E-11  0.2510E-11
CALSDV   58   27  0.2629E-11  0.2633E-11
CALSDV   59   27  0.2529E-11  0.2532E-11
CALSDV   60   27  0.2637E-11  0.2641E-11
CALSDV   28   28  0.3492E-11  0.3489E-11
CALSDV   29   28  0.4548E-11  0.4551E-11
CALSDV   30   28  0.4139E-11  0.4141E-11
CALSDV   31   28  0.2539E-11  0.2552E-11
CALSDV   32   28  0.3569E-11  0.3576E-11
CALSDV   33   28  0.2898E-11  0.2914E-11
CALSDV   34   28  0.2809E-11  0.2814E-11
CALSDV   35   28  0.2961E-11  0.2978E-11
CALSDV   36   28  0.2399E-11  0.2407E-11
CALSDV   37   28  0.2712E-11  0.2729E-11
CALSDV   38   28  0.2280E-11  0.2290E-11
CALSDV   39   28  0.2399E-11  0.2415E-11
CALSDV   40   28  0.2282E-11  0.2293E-11
CALSDV   41   28  0.2180E-11  0.2193E-11
CALSDV   42   28  0.2319E-11  0.2328E-11
CALSDV   43   28  0.2109E-11  0.2121E-11
CALSDV   44   28  0.2363E-11  0.2370E-11
CALSDV   45   28  0.2162E-11  0.2171E-11
CALSDV   46   28  0.2413E-11  0.2416E-11
CALSDV   47   28  0.2278E-11  0.2284E-11
CALSDV   48   28  0.2467E-11  0.2469E-11
CALSDV   49   28  0.2407E-11  0.2412E-11
CALSDV   50   28  0.2525E-11  0.2525E-11
CALSDV   51   28  0.2518E-11  0.2521E-11
CALSDV   52   28  0.2580E-11  0.2578E-11
CALSDV   53   28  0.2595E-11  0.2597E-11
CALSDV   54   28  0.2626E-11  0.2624E-11
CALSDV   55   28  0.2627E-11  0.2628E-11
CALSDV   56   28  0.2649E-11  0.2647E-11
CALSDV   57   28  0.2613E-11  0.2614E-11
CALSDV   58   28  0.2646E-11  0.2646E-11
CALSDV   59   28  0.2617E-11  0.2618E-11
CALSDV   60   28  0.2661E-11  0.2661E-11
CALSDV   29   29  0.3157E-11  0.3167E-11
CALSDV   30   29  0.4741E-11  0.4739E-11
CALSDV   31   29  0.4214E-11  0.4266E-11
CALSDV   32   29  0.2610E-11  0.2615E-11
CALSDV   33   29  0.3559E-11  0.3598E-11
CALSDV   34   29  0.2969E-11  0.2978E-11
CALSDV   35   29  0.2748E-11  0.2767E-11
CALSDV   36   29  0.3091E-11  0.3094E-11
CALSDV   37   29  0.2391E-11  0.2396E-11
CALSDV   38   29  0.2916E-11  0.2916E-11
CALSDV   39   29  0.2373E-11  0.2376E-11
CALSDV   40   29  0.2686E-11  0.2683E-11
CALSDV   41   29  0.2459E-11  0.2466E-11
CALSDV   42   29  0.2539E-11  0.2536E-11
CALSDV   43   29  0.2546E-11  0.2556E-11
CALSDV   44   29  0.2510E-11  0.2509E-11
CALSDV   45   29  0.2608E-11  0.2622E-11
CALSDV   46   29  0.2571E-11  0.2570E-11
CALSDV   47   29  0.2653E-11  0.2669E-11
CALSDV   48   29  0.2669E-11  0.2670E-11
CALSDV   49   29  0.2686E-11  0.2704E-11
CALSDV   50   29  0.2770E-11  0.2770E-11
CALSDV   51   29  0.2711E-11  0.2727E-11
CALSDV   52   29  0.2845E-11  0.2846E-11
CALSDV   53   29  0.2724E-11  0.2736E-11
CALSDV   54   29  0.2886E-11  0.2885E-11
CALSDV   55   29  0.2718E-11  0.2726E-11
CALSDV   56   29  0.2881E-11  0.2881E-11
CALSDV   57   29  0.2676E-11  0.2681E-11
CALSDV   58   29  0.2827E-11  0.2827E-11
CALSDV   59   29  0.2662E-11  0.2668E-11
CALSDV   60   29  0.2789E-11  0.2794E-11
CALSDV   30   30  0.3723E-11  0.3734E-11
CALSDV   31   30  0.4930E-11  0.4902E-11
CALSDV   32   30  0.4377E-11  0.4354E-11
CALSDV   33   30  0.2792E-11  0.2784E-11
CALSDV   34   30  0.3726E-11  0.3705E-11
CALSDV   35   30  0.3130E-11  0.3127E-11
CALSDV   36   30  0.2967E-11  0.2964E-11
CALSDV   37   30  0.3192E-11  0.3190E-11
CALSDV   38   30  0.2632E-11  0.2639E-11
CALSDV   39   30  0.2947E-11  0.2942E-11
CALSDV   40   30  0.2577E-11  0.2583E-11
CALSDV   41   30  0.2653E-11  0.2644E-11
CALSDV   42   30  0.2606E-11  0.2606E-11
CALSDV   43   30  0.2466E-11  0.2457E-11
CALSDV   44   30  0.2641E-11  0.2634E-11
CALSDV   45   30  0.2430E-11  0.2423E-11
CALSDV   46   30  0.2671E-11  0.2660E-11
CALSDV   47   30  0.2502E-11  0.2500E-11
CALSDV   48   30  0.2704E-11  0.2691E-11
CALSDV   49   30  0.2620E-11  0.2622E-11
CALSDV   50   30  0.2744E-11  0.2732E-11
CALSDV   51   30  0.2734E-11  0.2737E-11
CALSDV   52   30  0.2786E-11  0.2777E-11
CALSDV   53   30  0.2814E-11  0.2817E-11
CALSDV   54   30  0.2822E-11  0.2815E-11
CALSDV   55   30  0.2841E-11  0.2844E-11
CALSDV   56   30  0.2838E-11  0.2834E-11
CALSDV   57   30  0.2814E-11  0.2818E-11
CALSDV   58   30  0.2827E-11  0.2826E-11
CALSDV   59   30  0.2761E-11  0.2758E-11
CALSDV   60   30  0.2794E-11  0.2789E-11
CALSDV   31   31  0.3480E-11  0.3423E-11
CALSDV   32   31  0.5027E-11  0.5009E-11
CALSDV   33   31  0.4485E-11  0.4535E-11
CALSDV   34   31  0.2937E-11  0.2923E-11
CALSDV   35   31  0.3881E-11  0.3902E-11
CALSDV   36   31  0.3294E-11  0.3304E-11
CALSDV   37   31  0.3072E-11  0.3065E-11
CALSDV   38   31  0.3356E-11  0.3355E-11
CALSDV   39   31  0.2669E-11  0.2651E-11
CALSDV   40   31  0.3119E-11  0.3107E-11
CALSDV   41   31  0.2590E-11  0.2567E-11
CALSDV   42   31  0.2855E-11  0.2839E-11
CALSDV   43   31  0.2628E-11  0.2604E-11
CALSDV   44   31  0.2719E-11  0.2702E-11
CALSDV   45   31  0.2691E-11  0.2665E-11
CALSDV   46   31  0.2731E-11  0.2714E-11
CALSDV   47   31  0.2749E-11  0.2724E-11
CALSDV   48   31  0.2837E-11  0.2819E-11
CALSDV   49   31  0.2803E-11  0.2780E-11
CALSDV   50   31  0.2965E-11  0.2950E-11
CALSDV   51   31  0.2850E-11  0.2831E-11
CALSDV   52   31  0.3072E-11  0.3058E-11
CALSDV   53   31  0.2881E-11  0.2868E-11
CALSDV   54   31  0.3129E-11  0.3116E-11
CALSDV   55   31  0.2885E-11  0.2875E-11
CALSDV   56   31  0.3123E-11  0.3113E-11
CALSDV   57   31  0.2853E-11  0.2845E-11
CALSDV   58   31  0.3058E-11  0.3049E-11
CALSDV   59   31  0.2801E-11  0.2801E-11
CALSDV   60   31  0.2956E-11  0.2956E-11
CALSDV   32   32  0.3477E-11  0.3425E-11
CALSDV   33   32  0.4901E-11  0.4925E-11
CALSDV   34   32  0.4506E-11  0.4508E-11
CALSDV   35   32  0.2859E-11  0.2863E-11
CALSDV   36   32  0.3808E-11  0.3803E-11
CALSDV   37   32  0.3368E-11  0.3366E-11
CALSDV   38   32  0.3040E-11  0.3026E-11
CALSDV   39   32  0.3416E-11  0.3418E-11
CALSDV   40   32  0.2734E-11  0.2721E-11
CALSDV   41   32  0.3106E-11  0.3107E-11
CALSDV   42   32  0.2700E-11  0.2689E-11
CALSDV   43   32  0.2758E-11  0.2755E-11
CALSDV   44   32  0.2729E-11  0.2718E-11
CALSDV   45   32  0.2559E-11  0.2550E-11
CALSDV   46   32  0.2758E-11  0.2748E-11
CALSDV   47   32  0.2546E-11  0.2536E-11
CALSDV   48   32  0.2790E-11  0.2780E-11
CALSDV   49   32  0.2658E-11  0.2646E-11
CALSDV   50   32  0.2836E-11  0.2823E-11
CALSDV   51   32  0.2806E-11  0.2793E-11
CALSDV   52   32  0.2889E-11  0.2883E-11
CALSDV   53   32  0.2922E-11  0.2920E-11
CALSDV   54   32  0.2944E-11  0.2941E-11
CALSDV   55   32  0.2981E-11  0.2980E-11
CALSDV   56   32  0.2976E-11  0.2973E-11
CALSDV   57   32  0.2964E-11  0.2964E-11
CALSDV   58   32  0.2969E-11  0.2968E-11
CALSDV   59   32  0.2899E-11  0.2899E-11
CALSDV   60   32  0.2927E-11  0.2926E-11
CALSDV   33   33  0.3330E-11  0.3352E-11
CALSDV   34   33  0.5049E-11  0.5041E-11
CALSDV   35   33  0.4883E-11  0.4875E-11
CALSDV   36   33  0.2887E-11  0.2885E-11
CALSDV   37   33  0.4078E-11  0.4069E-11
CALSDV   38   33  0.3401E-11  0.3403E-11
CALSDV   39   33  0.3102E-11  0.3098E-11
CALSDV   40   33  0.3461E-11  0.3462E-11
CALSDV   41   33  0.2727E-11  0.2722E-11
CALSDV   42   33  0.3167E-11  0.3168E-11
CALSDV   43   33  0.2789E-11  0.2782E-11
CALSDV   44   33  0.2856E-11  0.2858E-11
CALSDV   45   33  0.2965E-11  0.2952E-11
CALSDV   46   33  0.2713E-11  0.2715E-11
CALSDV   47   33  0.3118E-11  0.3098E-11
CALSDV   48   33  0.2755E-11  0.2759E-11
CALSDV   49   33  0.3218E-11  0.3196E-11
CALSDV   50   33  0.2901E-11  0.2906E-11
CALSDV   51   33  0.3267E-11  0.3246E-11
CALSDV   52   33  0.3062E-11  0.3066E-11
CALSDV   53   33  0.3271E-11  0.3254E-11
CALSDV   54   33  0.3182E-11  0.3185E-11
CALSDV   55   33  0.3225E-11  0.3213E-11
CALSDV   56   33  0.3225E-11  0.3227E-11
CALSDV   57   33  0.3126E-11  0.3118E-11
CALSDV   58   33  0.3183E-11  0.3184E-11
CALSDV   59   33  0.2994E-11  0.2991E-11
CALSDV   60   33  0.3075E-11  0.3078E-11
CALSDV   34   34  0.3446E-11  0.3433E-11
CALSDV   35   34  0.5042E-11  0.5038E-11
CALSDV   36   34  0.4725E-11  0.4726E-11
CALSDV   37   34  0.2995E-11  0.2988E-11
CALSDV   38   34  0.3945E-11  0.3947E-11
CALSDV   39   34  0.3605E-11  0.3602E-11
CALSDV   40   34  0.3157E-11  0.3155E-11
CALSDV   41   34  0.3655E-11  0.3656E-11
CALSDV   42   34  0.2884E-11  0.2885E-11
CALSDV   43   34  0.3329E-11  0.3332E-11
CALSDV   44   34  0.2877E-11  0.2877E-11
CALSDV   45   34  0.2987E-11  0.2992E-11
CALSDV   46   34  0.2911E-11  0.2912E-11
CALSDV   47   34  0.2825E-11  0.2831E-11
CALSDV   48   34  0.2938E-11  0.2942E-11
CALSDV   49   34  0.2852E-11  0.2858E-11
CALSDV   50   34  0.2974E-11  0.2977E-11
CALSDV   51   34  0.2981E-11  0.2984E-11
CALSDV   52   34  0.3028E-11  0.3030E-11
CALSDV   53   34  0.3111E-11  0.3114E-11
CALSDV   54   34  0.3089E-11  0.3091E-11
CALSDV   55   34  0.3180E-11  0.3182E-11
CALSDV   56   34  0.3131E-11  0.3134E-11
CALSDV   57   34  0.3155E-11  0.3157E-11
CALSDV   58   34  0.3125E-11  0.3127E-11
CALSDV   59   34  0.3049E-11  0.3050E-11
CALSDV   60   34  0.3057E-11  0.3059E-11
CALSDV   35   35  0.3355E-11  0.3371E-11
CALSDV   36   35  0.5233E-11  0.5231E-11
CALSDV   37   35  0.5234E-11  0.5237E-11
CALSDV   38   35  0.3081E-11  0.3083E-11
CALSDV   39   35  0.4356E-11  0.4360E-11
CALSDV   40   35  0.3656E-11  0.3657E-11
CALSDV   41   35  0.3306E-11  0.3306E-11
CALSDV   42   35  0.3673E-11  0.3669E-11
CALSDV   43   35  0.2910E-11  0.2907E-11
CALSDV   44   35  0.3332E-11  0.3325E-11
CALSDV   45   35  0.2985E-11  0.2985E-11
CALSDV   46   35  0.3030E-11  0.3019E-11
CALSDV   47   35  0.3180E-11  0.3180E-11
CALSDV   48   35  0.2946E-11  0.2937E-11
CALSDV   49   35  0.3342E-11  0.3346E-11
CALSDV   50   35  0.3056E-11  0.3049E-11
CALSDV   51   35  0.3444E-11  0.3447E-11
CALSDV   52   35  0.3241E-11  0.3234E-11
CALSDV   53   35  0.3479E-11  0.3483E-11
CALSDV   54   35  0.3395E-11  0.3390E-11
CALSDV   55   35  0.3444E-11  0.3447E-11
CALSDV   56   35  0.3459E-11  0.3455E-11
CALSDV   57   35  0.3334E-11  0.3334E-11
CALSDV   58   35  0.3408E-11  0.3403E-11
CALSDV   59   35  0.3154E-11  0.3153E-11
CALSDV   60   35  0.3248E-11  0.3246E-11
CALSDV   36   36  0.3721E-11  0.3705E-11
CALSDV   37   36  0.5225E-11  0.5209E-11
CALSDV   38   36  0.5001E-11  0.5000E-11
CALSDV   39   36  0.3177E-11  0.3173E-11
CALSDV   40   36  0.4127E-11  0.4123E-11
CALSDV   41   36  0.3873E-11  0.3872E-11
CALSDV   42   36  0.3321E-11  0.3324E-11
CALSDV   43   36  0.3927E-11  0.3930E-11
CALSDV   44   36  0.3106E-11  0.3106E-11
CALSDV   45   36  0.3615E-11  0.3614E-11
CALSDV   46   36  0.3150E-11  0.3141E-11
CALSDV   47   36  0.3327E-11  0.3320E-11
CALSDV   48   36  0.3210E-11  0.3196E-11
CALSDV   49   36  0.3231E-11  0.3220E-11
CALSDV   50   36  0.3249E-11  0.3233E-11
CALSDV   51   36  0.3293E-11  0.3280E-11
CALSDV   52   36  0.3286E-11  0.3271E-11
CALSDV   53   36  0.3401E-11  0.3389E-11
CALSDV   54   36  0.3329E-11  0.3316E-11
CALSDV   55   36  0.3457E-11  0.3446E-11
CALSDV   56   36  0.3354E-11  0.3345E-11
CALSDV   57   36  0.3402E-11  0.3396E-11
CALSDV   58   36  0.3328E-11  0.3323E-11
CALSDV   59   36  0.3230E-11  0.3228E-11
CALSDV   60   36  0.3215E-11  0.3212E-11
CALSDV   37   37  0.3389E-11  0.3386E-11
CALSDV   38   37  0.5431E-11  0.5420E-11
CALSDV   39   37  0.5563E-11  0.5551E-11
CALSDV   40   37  0.3315E-11  0.3307E-11
CALSDV   41   37  0.4592E-11  0.4592E-11
CALSDV   42   37  0.3932E-11  0.3924E-11
CALSDV   43   37  0.3484E-11  0.3480E-11
CALSDV   44   37  0.3878E-11  0.3872E-11
CALSDV   45   37  0.3100E-11  0.3091E-11
CALSDV   46   37  0.3473E-11  0.3470E-11
CALSDV   47   37  0.3199E-11  0.3196E-11
CALSDV   48   37  0.3169E-11  0.3168E-11
CALSDV   49   37  0.3406E-11  0.3404E-11
CALSDV   50   37  0.3149E-11  0.3139E-11
CALSDV   51   37  0.3570E-11  0.3568E-11
CALSDV   52   37  0.3317E-11  0.3309E-11
CALSDV   53   37  0.3654E-11  0.3651E-11
CALSDV   54   37  0.3517E-11  0.3514E-11
CALSDV   55   37  0.3646E-11  0.3645E-11
CALSDV   56   37  0.3632E-11  0.3629E-11
CALSDV   57   37  0.3533E-11  0.3534E-11
CALSDV   58   37  0.3602E-11  0.3599E-11
CALSDV   59   37  0.3315E-11  0.3312E-11
CALSDV   60   37  0.3412E-11  0.3408E-11
CALSDV   38   38  0.4003E-11  0.3712E-11
CALSDV   39   38  0.5390E-11  0.5442E-11
CALSDV   40   38  0.5310E-11  0.5305E-11
CALSDV   41   38  0.3383E-11  0.3396E-11
CALSDV   42   38  0.4337E-11  0.4321E-11
CALSDV   43   38  0.4116E-11  0.4189E-11
CALSDV   44   38  0.3504E-11  0.3489E-11
CALSDV   45   38  0.4135E-11  0.4291E-11
CALSDV   46   38  0.3319E-11  0.3339E-11
CALSDV   47   38  0.3814E-11  0.4051E-11
CALSDV   48   38  0.3388E-11  0.3450E-11
CALSDV   49   38  0.3574E-11  0.3858E-11
CALSDV   50   38  0.3462E-11  0.3553E-11
CALSDV   51   38  0.3548E-11  0.3818E-11
CALSDV   52   38  0.3511E-11  0.3609E-11
CALSDV   53   38  0.3638E-11  0.3857E-11
CALSDV   54   38  0.3548E-11  0.3639E-11
CALSDV   55   38  0.3705E-11  0.3858E-11
CALSDV   56   38  0.3570E-11  0.3637E-11
CALSDV   57   38  0.3648E-11  0.3736E-11
CALSDV   58   38  0.3531E-11  0.3571E-11
CALSDV   59   38  0.3421E-11  0.3461E-11
CALSDV   60   38  0.3378E-11  0.3396E-11
CALSDV   39   39  0.3526E-11  0.3531E-11
CALSDV   40   39  0.5614E-11  0.5623E-11
CALSDV   41   39  0.5896E-11  0.5879E-11
CALSDV   42   39  0.3573E-11  0.3581E-11
CALSDV   43   39  0.4813E-11  0.4800E-11
CALSDV   44   39  0.4219E-11  0.4214E-11
CALSDV   45   39  0.3648E-11  0.3644E-11
CALSDV   46   39  0.4082E-11  0.4072E-11
CALSDV   47   39  0.3294E-11  0.3300E-11
CALSDV   48   39  0.3616E-11  0.3605E-11
CALSDV   49   39  0.3437E-11  0.3450E-11
CALSDV   50   39  0.3330E-11  0.3322E-11
CALSDV   51   39  0.3656E-11  0.3675E-11
CALSDV   52   39  0.3373E-11  0.3368E-11
CALSDV   53   39  0.3804E-11  0.3822E-11
CALSDV   54   39  0.3585E-11  0.3582E-11
CALSDV   55   39  0.3838E-11  0.3855E-11
CALSDV   56   39  0.3760E-11  0.3763E-11
CALSDV   57   39  0.3741E-11  0.3752E-11
CALSDV   58   39  0.3776E-11  0.3779E-11
CALSDV   59   39  0.3483E-11  0.3488E-11
CALSDV   60   39  0.3572E-11  0.3572E-11
CALSDV   40   40  0.3941E-11  0.3959E-11
CALSDV   41   40  0.5680E-11  0.5678E-11
CALSDV   42   40  0.5733E-11  0.5712E-11
CALSDV   43   40  0.3662E-11  0.3667E-11
CALSDV   44   40  0.4616E-11  0.4596E-11
CALSDV   45   40  0.4442E-11  0.4441E-11
CALSDV   46   40  0.3695E-11  0.3689E-11
CALSDV   47   40  0.4491E-11  0.4490E-11
CALSDV   48   40  0.3573E-11  0.3581E-11
CALSDV   49   40  0.4249E-11  0.4248E-11
CALSDV   50   40  0.3750E-11  0.3759E-11
CALSDV   51   40  0.4109E-11  0.4105E-11
CALSDV   52   40  0.3899E-11  0.3908E-11
CALSDV   53   40  0.4113E-11  0.4106E-11
CALSDV   54   40  0.3967E-11  0.3975E-11
CALSDV   55   40  0.4122E-11  0.4116E-11
CALSDV   56   40  0.3961E-11  0.3964E-11
CALSDV   57   40  0.4002E-11  0.3998E-11
CALSDV   58   40  0.3860E-11  0.3861E-11
CALSDV   59   40  0.3671E-11  0.3669E-11
CALSDV   60   40  0.3608E-11  0.3607E-11
CALSDV   41   41  0.3747E-11  0.3781E-11
CALSDV   42   41  0.5816E-11  0.5842E-11
CALSDV   43   41  0.6241E-11  0.6259E-11
CALSDV   44   41  0.3888E-11  0.3905E-11
CALSDV   45   41  0.5011E-11  0.5021E-11
CALSDV   46   41  0.4522E-11  0.4532E-11
CALSDV   47   41  0.3806E-11  0.3810E-11
CALSDV   48   41  0.4280E-11  0.4284E-11
CALSDV   49   41  0.3531E-11  0.3529E-11
CALSDV   50   41  0.3766E-11  0.3768E-11
CALSDV   51   41  0.3742E-11  0.3737E-11
CALSDV   52   41  0.3531E-11  0.3533E-11
CALSDV   53   41  0.3969E-11  0.3969E-11
CALSDV   54   41  0.3649E-11  0.3653E-11
CALSDV   55   41  0.4066E-11  0.4066E-11
CALSDV   56   41  0.3863E-11  0.3870E-11
CALSDV   57   41  0.3983E-11  0.3984E-11
CALSDV   58   41  0.3941E-11  0.3946E-11
CALSDV   59   41  0.3681E-11  0.3682E-11
CALSDV   60   41  0.3739E-11  0.3743E-11
CALSDV   42   42  0.4026E-11  0.4014E-11
CALSDV   43   42  0.5971E-11  0.5973E-11
CALSDV   44   42  0.6235E-11  0.6227E-11
CALSDV   45   42  0.3996E-11  0.3997E-11
CALSDV   46   42  0.4921E-11  0.4924E-11
CALSDV   47   42  0.4714E-11  0.4727E-11
CALSDV   48   42  0.3891E-11  0.3902E-11
CALSDV   49   42  0.4683E-11  0.4702E-11
CALSDV   50   42  0.3851E-11  0.3857E-11
CALSDV   51   42  0.4435E-11  0.4450E-11
CALSDV   52   42  0.4147E-11  0.4141E-11
CALSDV   53   42  0.4333E-11  0.4343E-11
CALSDV   54   42  0.4353E-11  0.4338E-11
CALSDV   55   42  0.4330E-11  0.4340E-11
CALSDV   56   42  0.4388E-11  0.4370E-11
CALSDV   57   42  0.4230E-11  0.4240E-11
CALSDV   58   42  0.4240E-11  0.4232E-11
CALSDV   59   42  0.3871E-11  0.3879E-11
CALSDV   60   42  0.3874E-11  0.3874E-11
CALSDV   43   43  0.3962E-11  0.3964E-11
CALSDV   44   43  0.6033E-11  0.6037E-11
CALSDV   45   43  0.6641E-11  0.6652E-11
CALSDV   46   43  0.4233E-11  0.4250E-11
CALSDV   47   43  0.5201E-11  0.5207E-11
CALSDV   48   43  0.4824E-11  0.4834E-11
CALSDV   49   43  0.3963E-11  0.3961E-11
CALSDV   50   43  0.4462E-11  0.4472E-11
CALSDV   51   43  0.3806E-11  0.3812E-11
CALSDV   52   43  0.3933E-11  0.3939E-11
CALSDV   53   43  0.4089E-11  0.4103E-11
CALSDV   54   43  0.3787E-11  0.3794E-11
CALSDV   55   43  0.4290E-11  0.4306E-11
CALSDV   56   43  0.3961E-11  0.3968E-11
CALSDV   57   43  0.4253E-11  0.4266E-11
CALSDV   58   43  0.4096E-11  0.4101E-11
CALSDV   59   43  0.3907E-11  0.3917E-11
CALSDV   60   43  0.3913E-11  0.3918E-11
CALSDV   44   44  0.4101E-11  0.4086E-11
CALSDV   45   44  0.6341E-11  0.6347E-11
CALSDV   46   44  0.6811E-11  0.6824E-11
CALSDV   47   44  0.4381E-11  0.4386E-11
CALSDV   48   44  0.5245E-11  0.5256E-11
CALSDV   49   44  0.5031E-11  0.5045E-11
CALSDV   50   44  0.4094E-11  0.4094E-11
CALSDV   51   44  0.4949E-11  0.4963E-11
CALSDV   52   44  0.4152E-11  0.4157E-11
CALSDV   53   44  0.4719E-11  0.4732E-11
CALSDV   54   44  0.4541E-11  0.4558E-11
CALSDV   55   44  0.4623E-11  0.4632E-11
CALSDV   56   44  0.4736E-11  0.4751E-11
CALSDV   57   44  0.4508E-11  0.4513E-11
CALSDV   58   44  0.4624E-11  0.4641E-11
CALSDV   59   44  0.4107E-11  0.4112E-11
CALSDV   60   44  0.4170E-11  0.4182E-11
CALSDV   45   45  0.4274E-11  0.4257E-11
CALSDV   46   45  0.6384E-11  0.6372E-11
CALSDV   47   45  0.7104E-11  0.7090E-11
CALSDV   48   45  0.4652E-11  0.4641E-11
CALSDV   49   45  0.5387E-11  0.5387E-11
CALSDV   50   45  0.5211E-11  0.5190E-11
CALSDV   51   45  0.4208E-11  0.4208E-11
CALSDV   52   45  0.4838E-11  0.4796E-11
CALSDV   53   45  0.4281E-11  0.4294E-11
CALSDV   54   45  0.4391E-11  0.4348E-11
CALSDV   55   45  0.4610E-11  0.4633E-11
CALSDV   56   45  0.4313E-11  0.4279E-11
CALSDV   57   45  0.4639E-11  0.4665E-11
CALSDV   58   45  0.4368E-11  0.4356E-11
CALSDV   59   45  0.4226E-11  0.4234E-11
CALSDV   60   45  0.4147E-11  0.4141E-11
CALSDV   46   46  0.4712E-11  0.4708E-11
CALSDV   47   46  0.6952E-11  0.6945E-11
CALSDV   48   46  0.7418E-11  0.7425E-11
CALSDV   49   46  0.5072E-11  0.5059E-11
CALSDV   50   46  0.5717E-11  0.5718E-11
CALSDV   51   46  0.5642E-11  0.5641E-11
CALSDV   52   46  0.4524E-11  0.4513E-11
CALSDV   53   46  0.5495E-11  0.5480E-11
CALSDV   54   46  0.4593E-11  0.4584E-11
CALSDV   55   46  0.5194E-11  0.5180E-11
CALSDV   56   46  0.4924E-11  0.4918E-11
CALSDV   57   46  0.4912E-11  0.4909E-11
CALSDV   58   46  0.4937E-11  0.4934E-11
CALSDV   59   46  0.4395E-11  0.4401E-11
CALSDV   60   46  0.4460E-11  0.4464E-11
CALSDV   47   47  0.4200E-11  0.4241E-11
CALSDV   48   47  0.6576E-11  0.6591E-11
CALSDV   49   47  0.7464E-11  0.7449E-11
CALSDV   50   47  0.5036E-11  0.5045E-11
CALSDV   51   47  0.5452E-11  0.5446E-11
CALSDV   52   47  0.5499E-11  0.5515E-11
CALSDV   53   47  0.4398E-11  0.4391E-11
CALSDV   54   47  0.5047E-11  0.5061E-11
CALSDV   55   47  0.4676E-11  0.4667E-11
CALSDV   56   47  0.4659E-11  0.4693E-11
CALSDV   57   47  0.4915E-11  0.4909E-11
CALSDV   58   47  0.4594E-11  0.4624E-11
CALSDV   59   47  0.4535E-11  0.4532E-11
CALSDV   60   47  0.4366E-11  0.4374E-11
CALSDV   48   48  0.4217E-11  0.4227E-11
CALSDV   49   48  0.6964E-11  0.6983E-11
CALSDV   50   48  0.7798E-11  0.7794E-11
CALSDV   51   48  0.5053E-11  0.5060E-11
CALSDV   52   48  0.5551E-11  0.5543E-11
CALSDV   53   48  0.5455E-11  0.5470E-11
CALSDV   54   48  0.4507E-11  0.4498E-11
CALSDV   55   48  0.5212E-11  0.5228E-11
CALSDV   56   48  0.4983E-11  0.4983E-11
CALSDV   57   48  0.4955E-11  0.4965E-11
CALSDV   58   48  0.5306E-11  0.5308E-11
CALSDV   59   48  0.4547E-11  0.4549E-11
CALSDV   60   48  0.4857E-11  0.4859E-11
CALSDV   49   49  0.3970E-11  0.3947E-11
CALSDV   50   49  0.6865E-11  0.6911E-11
CALSDV   51   49  0.7677E-11  0.7679E-11
CALSDV   52   49  0.5378E-11  0.5382E-11
CALSDV   53   49  0.5339E-11  0.5342E-11
CALSDV   54   49  0.5773E-11  0.5782E-11
CALSDV   55   49  0.4569E-11  0.4579E-11
CALSDV   56   49  0.5341E-11  0.5358E-11
CALSDV   57   49  0.4972E-11  0.4987E-11
CALSDV   58   49  0.5019E-11  0.5033E-11
CALSDV   59   49  0.4801E-11  0.4812E-11
CALSDV   60   49  0.4658E-11  0.4670E-11
CALSDV   50   50  0.4132E-11  0.4113E-11
CALSDV   51   50  0.7560E-11  0.7566E-11
CALSDV   52   50  0.8056E-11  0.8057E-11
CALSDV   53   50  0.5381E-11  0.5382E-11
CALSDV   54   50  0.5458E-11  0.5465E-11
CALSDV   55   50  0.5939E-11  0.5948E-11
CALSDV   56   50  0.4777E-11  0.4780E-11
CALSDV   57   50  0.5740E-11  0.5754E-11
CALSDV   58   50  0.5350E-11  0.5348E-11
CALSDV   59   50  0.5070E-11  0.5077E-11
CALSDV   60   50  0.5152E-11  0.5147E-11
CALSDV   51   51  0.3766E-11  0.3770E-11
CALSDV   52   51  0.7432E-11  0.7456E-11
CALSDV   53   51  0.7803E-11  0.7829E-11
CALSDV   54   51  0.5758E-11  0.5777E-11
CALSDV   55   51  0.5315E-11  0.5338E-11
CALSDV   56   51  0.6270E-11  0.6308E-11
CALSDV   57   51  0.5041E-11  0.5066E-11
CALSDV   58   51  0.5896E-11  0.5941E-11
CALSDV   59   51  0.5102E-11  0.5115E-11
CALSDV   60   51  0.5199E-11  0.5225E-11
CALSDV   52   52  0.3964E-11  0.3972E-11
CALSDV   53   52  0.7889E-11  0.7872E-11
CALSDV   54   52  0.8076E-11  0.8052E-11
CALSDV   55   52  0.5744E-11  0.5715E-11
CALSDV   56   52  0.5272E-11  0.5260E-11
CALSDV   57   52  0.6396E-11  0.6370E-11
CALSDV   58   52  0.5171E-11  0.5158E-11
CALSDV   59   52  0.5717E-11  0.5699E-11
CALSDV   60   52  0.5373E-11  0.5362E-11
CALSDV   53   53  0.3513E-11  0.3514E-11
CALSDV   54   53  0.7943E-11  0.7941E-11
CALSDV   55   53  0.7771E-11  0.7754E-11
CALSDV   56   53  0.6218E-11  0.6203E-11
CALSDV   57   53  0.5502E-11  0.5465E-11
CALSDV   58   53  0.6923E-11  0.6886E-11
CALSDV   59   53  0.5391E-11  0.5368E-11
CALSDV   60   53  0.6063E-11  0.6043E-11
CALSDV   54   54  0.3867E-11  0.3800E-11
CALSDV   55   54  0.7592E-11  0.7615E-11
CALSDV   56   54  0.7804E-11  0.7795E-11
CALSDV   57   54  0.6211E-11  0.6219E-11
CALSDV   58   54  0.5236E-11  0.5248E-11
CALSDV   59   54  0.6439E-11  0.6446E-11
CALSDV   60   54  0.5492E-11  0.5475E-11
CALSDV   55   55  0.3645E-11  0.3697E-11
CALSDV   56   55  0.7851E-11  0.7820E-11
CALSDV   57   55  0.7789E-11  0.7745E-11
CALSDV   58   55  0.6882E-11  0.6845E-11
CALSDV   59   55  0.5976E-11  0.5955E-11
CALSDV   60   55  0.7045E-11  0.7037E-11
CALSDV   56   56  0.3909E-11  0.3936E-11
CALSDV   57   56  0.6364E-11  0.6369E-11
CALSDV   58   56  0.7554E-11  0.7498E-11
CALSDV   59   56  0.6737E-11  0.6758E-11
CALSDV   60   56  0.5782E-11  0.5757E-11
CALSDV   57   57  0.4105E-11  0.4114E-11
CALSDV   58   57  0.6657E-11  0.6638E-11
CALSDV   59   57  0.8346E-11  0.8373E-11
CALSDV   60   57  0.7299E-11  0.7295E-11
CALSDV   58   58  0.4219E-11  0.4256E-11
CALSDV   59   58  0.4705E-11  0.4720E-11
CALSDV   60   58  0.8137E-11  0.8144E-11
CALSDV   59   59  0.3204E-11  0.3200E-11
CALSDV   60   59  0.5098E-11  0.4999E-11
CALSDV   60   60  0.3806E-11  0.3766E-11
