  This file contains calibrated standard deviations 
       The relevant data lines start with key CALSDV 
       Each such line contains the following data 
           N   M   C_SIGMA   S_SIGMA 
                 FOR M=0 S_SIGMA=0.0 
     
CALSDV    0    0  0.0000E+00  0.0000E+00
CALSDV    1    0  0.0000E+00  0.0000E+00
CALSDV    2    0  0.3845E-10  0.0000E+00
CALSDV    3    0  0.8975E-11  0.0000E+00
CALSDV    4    0  0.3034E-11  0.0000E+00
CALSDV    5    0  0.2062E-11  0.0000E+00
CALSDV    6    0  0.1574E-11  0.0000E+00
CALSDV    7    0  0.1271E-11  0.0000E+00
CALSDV    8    0  0.1074E-11  0.0000E+00
CALSDV    9    0  0.9343E-12  0.0000E+00
CALSDV   10    0  0.8328E-12  0.0000E+00
CALSDV   11    0  0.7564E-12  0.0000E+00
CALSDV   12    0  0.6975E-12  0.0000E+00
CALSDV   13    0  0.6512E-12  0.0000E+00
CALSDV   14    0  0.6147E-12  0.0000E+00
CALSDV   15    0  0.5857E-12  0.0000E+00
CALSDV   16    0  0.5625E-12  0.0000E+00
CALSDV   17    0  0.5443E-12  0.0000E+00
CALSDV   18    0  0.5297E-12  0.0000E+00
CALSDV   19    0  0.5185E-12  0.0000E+00
CALSDV   20    0  0.5102E-12  0.0000E+00
CALSDV   21    0  0.5040E-12  0.0000E+00
CALSDV   22    0  0.5001E-12  0.0000E+00
CALSDV   23    0  0.4980E-12  0.0000E+00
CALSDV   24    0  0.4977E-12  0.0000E+00
CALSDV   25    0  0.4987E-12  0.0000E+00
CALSDV   26    0  0.5015E-12  0.0000E+00
CALSDV   27    0  0.5054E-12  0.0000E+00
CALSDV   28    0  0.5106E-12  0.0000E+00
CALSDV   29    0  0.5172E-12  0.0000E+00
CALSDV   30    0  0.5249E-12  0.0000E+00
CALSDV   31    0  0.5338E-12  0.0000E+00
CALSDV   32    0  0.5439E-12  0.0000E+00
CALSDV   33    0  0.5552E-12  0.0000E+00
CALSDV   34    0  0.5675E-12  0.0000E+00
CALSDV   35    0  0.5813E-12  0.0000E+00
CALSDV   36    0  0.5960E-12  0.0000E+00
CALSDV   37    0  0.6122E-12  0.0000E+00
CALSDV   38    0  0.6296E-12  0.0000E+00
CALSDV   39    0  0.6483E-12  0.0000E+00
CALSDV   40    0  0.6683E-12  0.0000E+00
CALSDV   41    0  0.6898E-12  0.0000E+00
CALSDV   42    0  0.7128E-12  0.0000E+00
CALSDV   43    0  0.7373E-12  0.0000E+00
CALSDV   44    0  0.7635E-12  0.0000E+00
CALSDV   45    0  0.7913E-12  0.0000E+00
CALSDV   46    0  0.8209E-12  0.0000E+00
CALSDV   47    0  0.8523E-12  0.0000E+00
CALSDV   48    0  0.8858E-12  0.0000E+00
CALSDV   49    0  0.9213E-12  0.0000E+00
CALSDV   50    0  0.9590E-12  0.0000E+00
CALSDV   51    0  0.9989E-12  0.0000E+00
CALSDV   52    0  0.1041E-11  0.0000E+00
CALSDV   53    0  0.1086E-11  0.0000E+00
CALSDV   54    0  0.1134E-11  0.0000E+00
CALSDV   55    0  0.1183E-11  0.0000E+00
CALSDV   56    0  0.1237E-11  0.0000E+00
CALSDV   57    0  0.1287E-11  0.0000E+00
CALSDV   58    0  0.1346E-11  0.0000E+00
CALSDV   59    0  0.1273E-11  0.0000E+00
CALSDV   60    0  0.1323E-11  0.0000E+00
CALSDV    1    1  0.0000E+00  0.0000E+00
CALSDV    2    1  0.2188E-10  0.2237E-10
CALSDV    3    1  0.6180E-11  0.6087E-11
CALSDV    4    1  0.3249E-11  0.3241E-11
CALSDV    5    1  0.2200E-11  0.2201E-11
CALSDV    6    1  0.1645E-11  0.1646E-11
CALSDV    7    1  0.1321E-11  0.1322E-11
CALSDV    8    1  0.1107E-11  0.1108E-11
CALSDV    9    1  0.9582E-12  0.9598E-12
CALSDV   10    1  0.8498E-12  0.8517E-12
CALSDV   11    1  0.7703E-12  0.7715E-12
CALSDV   12    1  0.7084E-12  0.7093E-12
CALSDV   13    1  0.6601E-12  0.6612E-12
CALSDV   14    1  0.6219E-12  0.6229E-12
CALSDV   15    1  0.5920E-12  0.5928E-12
CALSDV   16    1  0.5678E-12  0.5689E-12
CALSDV   17    1  0.5487E-12  0.5495E-12
CALSDV   18    1  0.5338E-12  0.5345E-12
CALSDV   19    1  0.5222E-12  0.5229E-12
CALSDV   20    1  0.5131E-12  0.5139E-12
CALSDV   21    1  0.5068E-12  0.5076E-12
CALSDV   22    1  0.5025E-12  0.5033E-12
CALSDV   23    1  0.5003E-12  0.5011E-12
CALSDV   24    1  0.4997E-12  0.5005E-12
CALSDV   25    1  0.5007E-12  0.5015E-12
CALSDV   26    1  0.5031E-12  0.5038E-12
CALSDV   27    1  0.5070E-12  0.5078E-12
CALSDV   28    1  0.5121E-12  0.5129E-12
CALSDV   29    1  0.5184E-12  0.5193E-12
CALSDV   30    1  0.5261E-12  0.5270E-12
CALSDV   31    1  0.5350E-12  0.5359E-12
CALSDV   32    1  0.5449E-12  0.5459E-12
CALSDV   33    1  0.5562E-12  0.5571E-12
CALSDV   34    1  0.5685E-12  0.5695E-12
CALSDV   35    1  0.5820E-12  0.5831E-12
CALSDV   36    1  0.5969E-12  0.5980E-12
CALSDV   37    1  0.6129E-12  0.6140E-12
CALSDV   38    1  0.6303E-12  0.6314E-12
CALSDV   39    1  0.6488E-12  0.6501E-12
CALSDV   40    1  0.6690E-12  0.6702E-12
CALSDV   41    1  0.6904E-12  0.6917E-12
CALSDV   42    1  0.7133E-12  0.7146E-12
CALSDV   43    1  0.7378E-12  0.7393E-12
CALSDV   44    1  0.7638E-12  0.7653E-12
CALSDV   45    1  0.7916E-12  0.7932E-12
CALSDV   46    1  0.8212E-12  0.8228E-12
CALSDV   47    1  0.8527E-12  0.8543E-12
CALSDV   48    1  0.8860E-12  0.8878E-12
CALSDV   49    1  0.9214E-12  0.9233E-12
CALSDV   50    1  0.9592E-12  0.9611E-12
CALSDV   51    1  0.9990E-12  0.1001E-11
CALSDV   52    1  0.1041E-11  0.1044E-11
CALSDV   53    1  0.1086E-11  0.1088E-11
CALSDV   54    1  0.1134E-11  0.1136E-11
CALSDV   55    1  0.1183E-11  0.1186E-11
CALSDV   56    1  0.1237E-11  0.1239E-11
CALSDV   57    1  0.1287E-11  0.1290E-11
CALSDV   58    1  0.1345E-11  0.1349E-11
CALSDV   59    1  0.1275E-11  0.1277E-11
CALSDV   60    1  0.1326E-11  0.1328E-11
CALSDV    2    2  0.1913E-10  0.2234E-10
CALSDV    3    2  0.9165E-11  0.9261E-11
CALSDV    4    2  0.4491E-11  0.4485E-11
CALSDV    5    2  0.2786E-11  0.2785E-11
CALSDV    6    2  0.2016E-11  0.2018E-11
CALSDV    7    2  0.1545E-11  0.1544E-11
CALSDV    8    2  0.1267E-11  0.1268E-11
CALSDV    9    2  0.1069E-11  0.1069E-11
CALSDV   10    2  0.9363E-12  0.9366E-12
CALSDV   11    2  0.8345E-12  0.8349E-12
CALSDV   12    2  0.7605E-12  0.7607E-12
CALSDV   13    2  0.7014E-12  0.7017E-12
CALSDV   14    2  0.6570E-12  0.6570E-12
CALSDV   15    2  0.6207E-12  0.6210E-12
CALSDV   16    2  0.5926E-12  0.5929E-12
CALSDV   17    2  0.5702E-12  0.5704E-12
CALSDV   18    2  0.5524E-12  0.5527E-12
CALSDV   19    2  0.5385E-12  0.5388E-12
CALSDV   20    2  0.5280E-12  0.5283E-12
CALSDV   21    2  0.5201E-12  0.5203E-12
CALSDV   22    2  0.5147E-12  0.5149E-12
CALSDV   23    2  0.5113E-12  0.5115E-12
CALSDV   24    2  0.5099E-12  0.5100E-12
CALSDV   25    2  0.5101E-12  0.5102E-12
CALSDV   26    2  0.5119E-12  0.5121E-12
CALSDV   27    2  0.5151E-12  0.5153E-12
CALSDV   28    2  0.5198E-12  0.5200E-12
CALSDV   29    2  0.5258E-12  0.5261E-12
CALSDV   30    2  0.5330E-12  0.5332E-12
CALSDV   31    2  0.5416E-12  0.5417E-12
CALSDV   32    2  0.5512E-12  0.5514E-12
CALSDV   33    2  0.5622E-12  0.5624E-12
CALSDV   34    2  0.5743E-12  0.5745E-12
CALSDV   35    2  0.5878E-12  0.5880E-12
CALSDV   36    2  0.6023E-12  0.6025E-12
CALSDV   37    2  0.6182E-12  0.6185E-12
CALSDV   38    2  0.6355E-12  0.6356E-12
CALSDV   39    2  0.6540E-12  0.6542E-12
CALSDV   40    2  0.6739E-12  0.6741E-12
CALSDV   41    2  0.6953E-12  0.6955E-12
CALSDV   42    2  0.7181E-12  0.7184E-12
CALSDV   43    2  0.7425E-12  0.7428E-12
CALSDV   44    2  0.7687E-12  0.7689E-12
CALSDV   45    2  0.7963E-12  0.7966E-12
CALSDV   46    2  0.8259E-12  0.8262E-12
CALSDV   47    2  0.8573E-12  0.8576E-12
CALSDV   48    2  0.8907E-12  0.8910E-12
CALSDV   49    2  0.9262E-12  0.9265E-12
CALSDV   50    2  0.9639E-12  0.9642E-12
CALSDV   51    2  0.1004E-11  0.1004E-11
CALSDV   52    2  0.1046E-11  0.1047E-11
CALSDV   53    2  0.1091E-11  0.1091E-11
CALSDV   54    2  0.1139E-11  0.1139E-11
CALSDV   55    2  0.1189E-11  0.1189E-11
CALSDV   56    2  0.1242E-11  0.1242E-11
CALSDV   57    2  0.1294E-11  0.1295E-11
CALSDV   58    2  0.1352E-11  0.1353E-11
CALSDV   59    2  0.1293E-11  0.1294E-11
CALSDV   60    2  0.1343E-11  0.1344E-11
CALSDV    3    3  0.2221E-10  0.2180E-10
CALSDV    4    3  0.9144E-11  0.9042E-11
CALSDV    5    3  0.6029E-11  0.6019E-11
CALSDV    6    3  0.3244E-11  0.3221E-11
CALSDV    7    3  0.2864E-11  0.2861E-11
CALSDV    8    3  0.1794E-11  0.1782E-11
CALSDV    9    3  0.1710E-11  0.1708E-11
CALSDV   10    3  0.1212E-11  0.1207E-11
CALSDV   11    3  0.1188E-11  0.1188E-11
CALSDV   12    3  0.9232E-12  0.9205E-12
CALSDV   13    3  0.9139E-12  0.9144E-12
CALSDV   14    3  0.7623E-12  0.7610E-12
CALSDV   15    3  0.7582E-12  0.7587E-12
CALSDV   16    3  0.6655E-12  0.6652E-12
CALSDV   17    3  0.6642E-12  0.6648E-12
CALSDV   18    3  0.6053E-12  0.6052E-12
CALSDV   19    3  0.6062E-12  0.6067E-12
CALSDV   20    3  0.5680E-12  0.5685E-12
CALSDV   21    3  0.5706E-12  0.5714E-12
CALSDV   22    3  0.5462E-12  0.5466E-12
CALSDV   23    3  0.5504E-12  0.5512E-12
CALSDV   24    3  0.5355E-12  0.5360E-12
CALSDV   25    3  0.5413E-12  0.5420E-12
CALSDV   26    3  0.5331E-12  0.5337E-12
CALSDV   27    3  0.5406E-12  0.5414E-12
CALSDV   28    3  0.5379E-12  0.5386E-12
CALSDV   29    3  0.5471E-12  0.5478E-12
CALSDV   30    3  0.5487E-12  0.5494E-12
CALSDV   31    3  0.5597E-12  0.5606E-12
CALSDV   32    3  0.5650E-12  0.5658E-12
CALSDV   33    3  0.5780E-12  0.5788E-12
CALSDV   34    3  0.5867E-12  0.5876E-12
CALSDV   35    3  0.6017E-12  0.6026E-12
CALSDV   36    3  0.6137E-12  0.6144E-12
CALSDV   37    3  0.6307E-12  0.6319E-12
CALSDV   38    3  0.6457E-12  0.6467E-12
CALSDV   39    3  0.6654E-12  0.6664E-12
CALSDV   40    3  0.6834E-12  0.6845E-12
CALSDV   41    3  0.7057E-12  0.7068E-12
CALSDV   42    3  0.7271E-12  0.7282E-12
CALSDV   43    3  0.7523E-12  0.7535E-12
CALSDV   44    3  0.7770E-12  0.7782E-12
CALSDV   45    3  0.8055E-12  0.8067E-12
CALSDV   46    3  0.8340E-12  0.8353E-12
CALSDV   47    3  0.8660E-12  0.8674E-12
CALSDV   48    3  0.8985E-12  0.8999E-12
CALSDV   49    3  0.9345E-12  0.9360E-12
CALSDV   50    3  0.9715E-12  0.9730E-12
CALSDV   51    3  0.1012E-11  0.1014E-11
CALSDV   52    3  0.1054E-11  0.1056E-11
CALSDV   53    3  0.1099E-11  0.1101E-11
CALSDV   54    3  0.1147E-11  0.1148E-11
CALSDV   55    3  0.1197E-11  0.1199E-11
CALSDV   56    3  0.1251E-11  0.1253E-11
CALSDV   57    3  0.1305E-11  0.1307E-11
CALSDV   58    3  0.1363E-11  0.1366E-11
CALSDV   59    3  0.1326E-11  0.1328E-11
CALSDV   60    3  0.1376E-11  0.1378E-11
CALSDV    4    4  0.1139E-10  0.1128E-10
CALSDV    5    4  0.8851E-11  0.8759E-11
CALSDV    6    4  0.3819E-11  0.3814E-11
CALSDV    7    4  0.3251E-11  0.3228E-11
CALSDV    8    4  0.2062E-11  0.2062E-11
CALSDV    9    4  0.1777E-11  0.1766E-11
CALSDV   10    4  0.1356E-11  0.1359E-11
CALSDV   11    4  0.1209E-11  0.1208E-11
CALSDV   12    4  0.1016E-11  0.1018E-11
CALSDV   13    4  0.9342E-12  0.9341E-12
CALSDV   14    4  0.8271E-12  0.8297E-12
CALSDV   15    4  0.7804E-12  0.7810E-12
CALSDV   16    4  0.7146E-12  0.7171E-12
CALSDV   17    4  0.6870E-12  0.6879E-12
CALSDV   18    4  0.6447E-12  0.6469E-12
CALSDV   19    4  0.6290E-12  0.6299E-12
CALSDV   20    4  0.6010E-12  0.6030E-12
CALSDV   21    4  0.5925E-12  0.5934E-12
CALSDV   22    4  0.5745E-12  0.5760E-12
CALSDV   23    4  0.5710E-12  0.5719E-12
CALSDV   24    4  0.5601E-12  0.5616E-12
CALSDV   25    4  0.5605E-12  0.5615E-12
CALSDV   26    4  0.5550E-12  0.5564E-12
CALSDV   27    4  0.5587E-12  0.5595E-12
CALSDV   28    4  0.5574E-12  0.5588E-12
CALSDV   29    4  0.5639E-12  0.5650E-12
CALSDV   30    4  0.5666E-12  0.5678E-12
CALSDV   31    4  0.5755E-12  0.5765E-12
CALSDV   32    4  0.5815E-12  0.5827E-12
CALSDV   33    4  0.5929E-12  0.5939E-12
CALSDV   34    4  0.6019E-12  0.6032E-12
CALSDV   35    4  0.6158E-12  0.6169E-12
CALSDV   36    4  0.6279E-12  0.6291E-12
CALSDV   37    4  0.6441E-12  0.6454E-12
CALSDV   38    4  0.6592E-12  0.6606E-12
CALSDV   39    4  0.6781E-12  0.6794E-12
CALSDV   40    4  0.6962E-12  0.6977E-12
CALSDV   41    4  0.7179E-12  0.7193E-12
CALSDV   42    4  0.7393E-12  0.7408E-12
CALSDV   43    4  0.7639E-12  0.7654E-12
CALSDV   44    4  0.7888E-12  0.7905E-12
CALSDV   45    4  0.8168E-12  0.8183E-12
CALSDV   46    4  0.8452E-12  0.8471E-12
CALSDV   47    4  0.8769E-12  0.8787E-12
CALSDV   48    4  0.9094E-12  0.9115E-12
CALSDV   49    4  0.9452E-12  0.9472E-12
CALSDV   50    4  0.9822E-12  0.9843E-12
CALSDV   51    4  0.1022E-11  0.1025E-11
CALSDV   52    4  0.1064E-11  0.1067E-11
CALSDV   53    4  0.1110E-11  0.1112E-11
CALSDV   54    4  0.1157E-11  0.1160E-11
CALSDV   55    4  0.1208E-11  0.1211E-11
CALSDV   56    4  0.1262E-11  0.1264E-11
CALSDV   57    4  0.1318E-11  0.1321E-11
CALSDV   58    4  0.1377E-11  0.1379E-11
CALSDV   59    4  0.1358E-11  0.1361E-11
CALSDV   60    4  0.1409E-11  0.1411E-11
CALSDV    5    5  0.1608E-10  0.1614E-10
CALSDV    6    5  0.6672E-11  0.6657E-11
CALSDV    7    5  0.4349E-11  0.4366E-11
CALSDV    8    5  0.2701E-11  0.2680E-11
CALSDV    9    5  0.2509E-11  0.2519E-11
CALSDV   10    5  0.1670E-11  0.1656E-11
CALSDV   11    5  0.1721E-11  0.1726E-11
CALSDV   12    5  0.1244E-11  0.1237E-11
CALSDV   13    5  0.1292E-11  0.1296E-11
CALSDV   14    5  0.1009E-11  0.1004E-11
CALSDV   15    5  0.1036E-11  0.1038E-11
CALSDV   16    5  0.8612E-12  0.8585E-12
CALSDV   17    5  0.8744E-12  0.8760E-12
CALSDV   18    5  0.7642E-12  0.7628E-12
CALSDV   19    5  0.7700E-12  0.7715E-12
CALSDV   20    5  0.6982E-12  0.6970E-12
CALSDV   21    5  0.7016E-12  0.7025E-12
CALSDV   22    5  0.6551E-12  0.6544E-12
CALSDV   23    5  0.6574E-12  0.6582E-12
CALSDV   24    5  0.6277E-12  0.6273E-12
CALSDV   25    5  0.6303E-12  0.6310E-12
CALSDV   26    5  0.6122E-12  0.6119E-12
CALSDV   27    5  0.6161E-12  0.6169E-12
CALSDV   28    5  0.6068E-12  0.6067E-12
CALSDV   29    5  0.6121E-12  0.6127E-12
CALSDV   30    5  0.6091E-12  0.6093E-12
CALSDV   31    5  0.6166E-12  0.6172E-12
CALSDV   32    5  0.6189E-12  0.6190E-12
CALSDV   33    5  0.6283E-12  0.6291E-12
CALSDV   34    5  0.6351E-12  0.6353E-12
CALSDV   35    5  0.6468E-12  0.6475E-12
CALSDV   36    5  0.6575E-12  0.6579E-12
CALSDV   37    5  0.6718E-12  0.6725E-12
CALSDV   38    5  0.6860E-12  0.6864E-12
CALSDV   39    5  0.7029E-12  0.7036E-12
CALSDV   40    5  0.7206E-12  0.7211E-12
CALSDV   41    5  0.7405E-12  0.7412E-12
CALSDV   42    5  0.7617E-12  0.7622E-12
CALSDV   43    5  0.7846E-12  0.7854E-12
CALSDV   44    5  0.8094E-12  0.8100E-12
CALSDV   45    5  0.8360E-12  0.8367E-12
CALSDV   46    5  0.8646E-12  0.8653E-12
CALSDV   47    5  0.8948E-12  0.8957E-12
CALSDV   48    5  0.9276E-12  0.9284E-12
CALSDV   49    5  0.9620E-12  0.9629E-12
CALSDV   50    5  0.9994E-12  0.1000E-11
CALSDV   51    5  0.1038E-11  0.1040E-11
CALSDV   52    5  0.1081E-11  0.1082E-11
CALSDV   53    5  0.1125E-11  0.1126E-11
CALSDV   54    5  0.1173E-11  0.1174E-11
CALSDV   55    5  0.1223E-11  0.1225E-11
CALSDV   56    5  0.1277E-11  0.1279E-11
CALSDV   57    5  0.1334E-11  0.1335E-11
CALSDV   58    5  0.1394E-11  0.1395E-11
CALSDV   59    5  0.1390E-11  0.1392E-11
CALSDV   60    5  0.1443E-11  0.1444E-11
CALSDV    6    6  0.7992E-11  0.8076E-11
CALSDV    7    6  0.8320E-11  0.8274E-11
CALSDV    8    6  0.3747E-11  0.3779E-11
CALSDV    9    6  0.3896E-11  0.3873E-11
CALSDV   10    6  0.2357E-11  0.2364E-11
CALSDV   11    6  0.2284E-11  0.2276E-11
CALSDV   12    6  0.1612E-11  0.1613E-11
CALSDV   13    6  0.1566E-11  0.1561E-11
CALSDV   14    6  0.1206E-11  0.1206E-11
CALSDV   15    6  0.1193E-11  0.1188E-11
CALSDV   16    6  0.9739E-12  0.9731E-12
CALSDV   17    6  0.9773E-12  0.9754E-12
CALSDV   18    6  0.8358E-12  0.8341E-12
CALSDV   19    6  0.8452E-12  0.8434E-12
CALSDV   20    6  0.7484E-12  0.7477E-12
CALSDV   21    6  0.7614E-12  0.7602E-12
CALSDV   22    6  0.6941E-12  0.6933E-12
CALSDV   23    6  0.7078E-12  0.7069E-12
CALSDV   24    6  0.6601E-12  0.6597E-12
CALSDV   25    6  0.6742E-12  0.6737E-12
CALSDV   26    6  0.6412E-12  0.6410E-12
CALSDV   27    6  0.6553E-12  0.6553E-12
CALSDV   28    6  0.6334E-12  0.6332E-12
CALSDV   29    6  0.6477E-12  0.6477E-12
CALSDV   30    6  0.6339E-12  0.6345E-12
CALSDV   31    6  0.6491E-12  0.6495E-12
CALSDV   32    6  0.6430E-12  0.6430E-12
CALSDV   33    6  0.6588E-12  0.6586E-12
CALSDV   34    6  0.6577E-12  0.6586E-12
CALSDV   35    6  0.6748E-12  0.6760E-12
CALSDV   36    6  0.6795E-12  0.6798E-12
CALSDV   37    6  0.6981E-12  0.6989E-12
CALSDV   38    6  0.7071E-12  0.7081E-12
CALSDV   39    6  0.7277E-12  0.7287E-12
CALSDV   40    6  0.7410E-12  0.7420E-12
CALSDV   41    6  0.7638E-12  0.7649E-12
CALSDV   42    6  0.7813E-12  0.7826E-12
CALSDV   43    6  0.8066E-12  0.8079E-12
CALSDV   44    6  0.8286E-12  0.8299E-12
CALSDV   45    6  0.8568E-12  0.8582E-12
CALSDV   46    6  0.8830E-12  0.8845E-12
CALSDV   47    6  0.9146E-12  0.9162E-12
CALSDV   48    6  0.9454E-12  0.9471E-12
CALSDV   49    6  0.9809E-12  0.9826E-12
CALSDV   50    6  0.1016E-11  0.1018E-11
CALSDV   51    6  0.1056E-11  0.1058E-11
CALSDV   52    6  0.1097E-11  0.1099E-11
CALSDV   53    6  0.1142E-11  0.1145E-11
CALSDV   54    6  0.1189E-11  0.1191E-11
CALSDV   55    6  0.1240E-11  0.1243E-11
CALSDV   56    6  0.1293E-11  0.1296E-11
CALSDV   57    6  0.1351E-11  0.1354E-11
CALSDV   58    6  0.1410E-11  0.1413E-11
CALSDV   59    6  0.1424E-11  0.1426E-11
CALSDV   60    6  0.1475E-11  0.1478E-11
CALSDV    7    7  0.1156E-10  0.1146E-10
CALSDV    8    7  0.6208E-11  0.6170E-11
CALSDV    9    7  0.3967E-11  0.3958E-11
CALSDV   10    7  0.2602E-11  0.2579E-11
CALSDV   11    7  0.2336E-11  0.2335E-11
CALSDV   12    7  0.1591E-11  0.1583E-11
CALSDV   13    7  0.1601E-11  0.1603E-11
CALSDV   14    7  0.1252E-11  0.1249E-11
CALSDV   15    7  0.1219E-11  0.1222E-11
CALSDV   16    7  0.1081E-11  0.1079E-11
CALSDV   17    7  0.1004E-11  0.1006E-11
CALSDV   18    7  0.9665E-12  0.9649E-12
CALSDV   19    7  0.8760E-12  0.8752E-12
CALSDV   20    7  0.8824E-12  0.8823E-12
CALSDV   21    7  0.7938E-12  0.7946E-12
CALSDV   22    7  0.8198E-12  0.8202E-12
CALSDV   23    7  0.7413E-12  0.7415E-12
CALSDV   24    7  0.7742E-12  0.7744E-12
CALSDV   25    7  0.7086E-12  0.7085E-12
CALSDV   26    7  0.7430E-12  0.7434E-12
CALSDV   27    7  0.6895E-12  0.6896E-12
CALSDV   28    7  0.7234E-12  0.7239E-12
CALSDV   29    7  0.6811E-12  0.6815E-12
CALSDV   30    7  0.7139E-12  0.7145E-12
CALSDV   31    7  0.6817E-12  0.6818E-12
CALSDV   32    7  0.7130E-12  0.7137E-12
CALSDV   33    7  0.6899E-12  0.6904E-12
CALSDV   34    7  0.7202E-12  0.7207E-12
CALSDV   35    7  0.7051E-12  0.7055E-12
CALSDV   36    7  0.7349E-12  0.7355E-12
CALSDV   37    7  0.7266E-12  0.7273E-12
CALSDV   38    7  0.7566E-12  0.7572E-12
CALSDV   39    7  0.7549E-12  0.7558E-12
CALSDV   40    7  0.7855E-12  0.7863E-12
CALSDV   41    7  0.7899E-12  0.7906E-12
CALSDV   42    7  0.8214E-12  0.8221E-12
CALSDV   43    7  0.8316E-12  0.8323E-12
CALSDV   44    7  0.8646E-12  0.8655E-12
CALSDV   45    7  0.8806E-12  0.8814E-12
CALSDV   46    7  0.9160E-12  0.9169E-12
CALSDV   47    7  0.9372E-12  0.9380E-12
CALSDV   48    7  0.9755E-12  0.9764E-12
CALSDV   49    7  0.1002E-11  0.1003E-11
CALSDV   50    7  0.1044E-11  0.1045E-11
CALSDV   51    7  0.1077E-11  0.1078E-11
CALSDV   52    7  0.1123E-11  0.1124E-11
CALSDV   53    7  0.1162E-11  0.1163E-11
CALSDV   54    7  0.1213E-11  0.1214E-11
CALSDV   55    7  0.1259E-11  0.1260E-11
CALSDV   56    7  0.1315E-11  0.1317E-11
CALSDV   57    7  0.1370E-11  0.1371E-11
CALSDV   58    7  0.1432E-11  0.1434E-11
CALSDV   59    7  0.1453E-11  0.1455E-11
CALSDV   60    7  0.1510E-11  0.1512E-11
CALSDV    8    8  0.6027E-11  0.5908E-11
CALSDV    9    8  0.5739E-11  0.5773E-11
CALSDV   10    8  0.3639E-11  0.3649E-11
CALSDV   11    8  0.3099E-11  0.3132E-11
CALSDV   12    8  0.2626E-11  0.2631E-11
CALSDV   13    8  0.2178E-11  0.2203E-11
CALSDV   14    8  0.1899E-11  0.1902E-11
CALSDV   15    8  0.1704E-11  0.1723E-11
CALSDV   16    8  0.1449E-11  0.1452E-11
CALSDV   17    8  0.1409E-11  0.1417E-11
CALSDV   18    8  0.1172E-11  0.1174E-11
CALSDV   19    8  0.1205E-11  0.1209E-11
CALSDV   20    8  0.1003E-11  0.1004E-11
CALSDV   21    8  0.1062E-11  0.1063E-11
CALSDV   22    8  0.8963E-12  0.8973E-12
CALSDV   23    8  0.9593E-12  0.9593E-12
CALSDV   24    8  0.8274E-12  0.8282E-12
CALSDV   25    8  0.8866E-12  0.8862E-12
CALSDV   26    8  0.7853E-12  0.7861E-12
CALSDV   27    8  0.8370E-12  0.8366E-12
CALSDV   28    8  0.7595E-12  0.7601E-12
CALSDV   29    8  0.8048E-12  0.8042E-12
CALSDV   30    8  0.7474E-12  0.7482E-12
CALSDV   31    8  0.7865E-12  0.7863E-12
CALSDV   32    8  0.7456E-12  0.7462E-12
CALSDV   33    8  0.7795E-12  0.7793E-12
CALSDV   34    8  0.7522E-12  0.7526E-12
CALSDV   35    8  0.7827E-12  0.7827E-12
CALSDV   36    8  0.7666E-12  0.7673E-12
CALSDV   37    8  0.7948E-12  0.7949E-12
CALSDV   38    8  0.7878E-12  0.7885E-12
CALSDV   39    8  0.8151E-12  0.8153E-12
CALSDV   40    8  0.8164E-12  0.8170E-12
CALSDV   41    8  0.8434E-12  0.8438E-12
CALSDV   42    8  0.8518E-12  0.8525E-12
CALSDV   43    8  0.8795E-12  0.8799E-12
CALSDV   44    8  0.8943E-12  0.8954E-12
CALSDV   45    8  0.9237E-12  0.9242E-12
CALSDV   46    8  0.9448E-12  0.9458E-12
CALSDV   47    8  0.9764E-12  0.9771E-12
CALSDV   48    8  0.1004E-11  0.1005E-11
CALSDV   49    8  0.1038E-11  0.1039E-11
CALSDV   50    8  0.1071E-11  0.1072E-11
CALSDV   51    8  0.1109E-11  0.1110E-11
CALSDV   52    8  0.1148E-11  0.1150E-11
CALSDV   53    8  0.1191E-11  0.1192E-11
CALSDV   54    8  0.1237E-11  0.1238E-11
CALSDV   55    8  0.1286E-11  0.1287E-11
CALSDV   56    8  0.1339E-11  0.1340E-11
CALSDV   57    8  0.1396E-11  0.1397E-11
CALSDV   58    8  0.1456E-11  0.1457E-11
CALSDV   59    8  0.1494E-11  0.1495E-11
CALSDV   60    8  0.1547E-11  0.1548E-11
CALSDV    9    9  0.8137E-11  0.8150E-11
CALSDV   10    9  0.5684E-11  0.5702E-11
CALSDV   11    9  0.3790E-11  0.3796E-11
CALSDV   12    9  0.2615E-11  0.2620E-11
CALSDV   13    9  0.2462E-11  0.2467E-11
CALSDV   14    9  0.1644E-11  0.1645E-11
CALSDV   15    9  0.1688E-11  0.1691E-11
CALSDV   16    9  0.1318E-11  0.1317E-11
CALSDV   17    9  0.1258E-11  0.1261E-11
CALSDV   18    9  0.1163E-11  0.1162E-11
CALSDV   19    9  0.1026E-11  0.1027E-11
CALSDV   20    9  0.1061E-11  0.1060E-11
CALSDV   21    9  0.9027E-12  0.9030E-12
CALSDV   22    9  0.9825E-12  0.9816E-12
CALSDV   23    9  0.8365E-12  0.8364E-12
CALSDV   24    9  0.9238E-12  0.9232E-12
CALSDV   25    9  0.7983E-12  0.7987E-12
CALSDV   26    9  0.8802E-12  0.8796E-12
CALSDV   27    9  0.7789E-12  0.7785E-12
CALSDV   28    9  0.8486E-12  0.8479E-12
CALSDV   29    9  0.7702E-12  0.7698E-12
CALSDV   30    9  0.8289E-12  0.8285E-12
CALSDV   31    9  0.7701E-12  0.7697E-12
CALSDV   32    9  0.8193E-12  0.8188E-12
CALSDV   33    9  0.7770E-12  0.7764E-12
CALSDV   34    9  0.8186E-12  0.8181E-12
CALSDV   35    9  0.7898E-12  0.7894E-12
CALSDV   36    9  0.8263E-12  0.8258E-12
CALSDV   37    9  0.8091E-12  0.8086E-12
CALSDV   38    9  0.8417E-12  0.8416E-12
CALSDV   39    9  0.8342E-12  0.8339E-12
CALSDV   40    9  0.8653E-12  0.8646E-12
CALSDV   41    9  0.8661E-12  0.8652E-12
CALSDV   42    9  0.8962E-12  0.8957E-12
CALSDV   43    9  0.9042E-12  0.9036E-12
CALSDV   44    9  0.9349E-12  0.9345E-12
CALSDV   45    9  0.9499E-12  0.9489E-12
CALSDV   46    9  0.9821E-12  0.9814E-12
CALSDV   47    9  0.1003E-11  0.1002E-11
CALSDV   48    9  0.1038E-11  0.1037E-11
CALSDV   49    9  0.1064E-11  0.1063E-11
CALSDV   50    9  0.1103E-11  0.1102E-11
CALSDV   51    9  0.1135E-11  0.1134E-11
CALSDV   52    9  0.1178E-11  0.1177E-11
CALSDV   53    9  0.1216E-11  0.1215E-11
CALSDV   54    9  0.1264E-11  0.1263E-11
CALSDV   55    9  0.1310E-11  0.1309E-11
CALSDV   56    9  0.1364E-11  0.1363E-11
CALSDV   57    9  0.1419E-11  0.1418E-11
CALSDV   58    9  0.1479E-11  0.1478E-11
CALSDV   59    9  0.1525E-11  0.1524E-11
CALSDV   60    9  0.1578E-11  0.1577E-11
CALSDV   10   10  0.5180E-11  0.5029E-11
CALSDV   11   10  0.4631E-11  0.4578E-11
CALSDV   12   10  0.3326E-11  0.3320E-11
CALSDV   13   10  0.2396E-11  0.2380E-11
CALSDV   14   10  0.2628E-11  0.2621E-11
CALSDV   15   10  0.1911E-11  0.1906E-11
CALSDV   16   10  0.1999E-11  0.1993E-11
CALSDV   17   10  0.1706E-11  0.1703E-11
CALSDV   18   10  0.1578E-11  0.1571E-11
CALSDV   19   10  0.1537E-11  0.1534E-11
CALSDV   20   10  0.1313E-11  0.1309E-11
CALSDV   21   10  0.1388E-11  0.1383E-11
CALSDV   22   10  0.1147E-11  0.1144E-11
CALSDV   23   10  0.1263E-11  0.1259E-11
CALSDV   24   10  0.1044E-11  0.1042E-11
CALSDV   25   10  0.1162E-11  0.1158E-11
CALSDV   26   10  0.9776E-12  0.9754E-12
CALSDV   27   10  0.1083E-11  0.1080E-11
CALSDV   28   10  0.9346E-12  0.9329E-12
CALSDV   29   10  0.1024E-11  0.1022E-11
CALSDV   30   10  0.9089E-12  0.9074E-12
CALSDV   31   10  0.9827E-12  0.9803E-12
CALSDV   32   10  0.8950E-12  0.8938E-12
CALSDV   33   10  0.9558E-12  0.9535E-12
CALSDV   34   10  0.8917E-12  0.8905E-12
CALSDV   35   10  0.9413E-12  0.9394E-12
CALSDV   36   10  0.8971E-12  0.8958E-12
CALSDV   37   10  0.9378E-12  0.9361E-12
CALSDV   38   10  0.9099E-12  0.9089E-12
CALSDV   39   10  0.9446E-12  0.9431E-12
CALSDV   40   10  0.9306E-12  0.9293E-12
CALSDV   41   10  0.9609E-12  0.9597E-12
CALSDV   42   10  0.9584E-12  0.9574E-12
CALSDV   43   10  0.9868E-12  0.9855E-12
CALSDV   44   10  0.9941E-12  0.9928E-12
CALSDV   45   10  0.1022E-11  0.1021E-11
CALSDV   46   10  0.1037E-11  0.1037E-11
CALSDV   47   10  0.1066E-11  0.1065E-11
CALSDV   48   10  0.1089E-11  0.1089E-11
CALSDV   49   10  0.1119E-11  0.1119E-11
CALSDV   50   10  0.1151E-11  0.1150E-11
CALSDV   51   10  0.1183E-11  0.1183E-11
CALSDV   52   10  0.1222E-11  0.1221E-11
CALSDV   53   10  0.1259E-11  0.1258E-11
CALSDV   54   10  0.1304E-11  0.1304E-11
CALSDV   55   10  0.1347E-11  0.1346E-11
CALSDV   56   10  0.1400E-11  0.1400E-11
CALSDV   57   10  0.1452E-11  0.1451E-11
CALSDV   58   10  0.1513E-11  0.1513E-11
CALSDV   59   10  0.1568E-11  0.1567E-11
CALSDV   60   10  0.1624E-11  0.1623E-11
CALSDV   11   11  0.5676E-11  0.5671E-11
CALSDV   12   11  0.5025E-11  0.5005E-11
CALSDV   13   11  0.3504E-11  0.3509E-11
CALSDV   14   11  0.2566E-11  0.2561E-11
CALSDV   15   11  0.2579E-11  0.2581E-11
CALSDV   16   11  0.1764E-11  0.1763E-11
CALSDV   17   11  0.1833E-11  0.1833E-11
CALSDV   18   11  0.1452E-11  0.1451E-11
CALSDV   19   11  0.1363E-11  0.1364E-11
CALSDV   20   11  0.1270E-11  0.1270E-11
CALSDV   21   11  0.1102E-11  0.1104E-11
CALSDV   22   11  0.1146E-11  0.1146E-11
CALSDV   23   11  0.9702E-12  0.9725E-12
CALSDV   24   11  0.1056E-11  0.1056E-11
CALSDV   25   11  0.9114E-12  0.9129E-12
CALSDV   26   11  0.9903E-12  0.9907E-12
CALSDV   27   11  0.8862E-12  0.8875E-12
CALSDV   28   11  0.9460E-12  0.9464E-12
CALSDV   29   11  0.8773E-12  0.8786E-12
CALSDV   30   11  0.9178E-12  0.9181E-12
CALSDV   31   11  0.8791E-12  0.8798E-12
CALSDV   32   11  0.9020E-12  0.9023E-12
CALSDV   33   11  0.8865E-12  0.8873E-12
CALSDV   34   11  0.8978E-12  0.8979E-12
CALSDV   35   11  0.8995E-12  0.9000E-12
CALSDV   36   11  0.9036E-12  0.9038E-12
CALSDV   37   11  0.9173E-12  0.9176E-12
CALSDV   38   11  0.9176E-12  0.9175E-12
CALSDV   39   11  0.9400E-12  0.9400E-12
CALSDV   40   11  0.9397E-12  0.9396E-12
CALSDV   41   11  0.9682E-12  0.9681E-12
CALSDV   42   11  0.9694E-12  0.9690E-12
CALSDV   43   11  0.1002E-11  0.1002E-11
CALSDV   44   11  0.1007E-11  0.1006E-11
CALSDV   45   11  0.1043E-11  0.1043E-11
CALSDV   46   11  0.1052E-11  0.1052E-11
CALSDV   47   11  0.1091E-11  0.1091E-11
CALSDV   48   11  0.1106E-11  0.1105E-11
CALSDV   49   11  0.1147E-11  0.1146E-11
CALSDV   50   11  0.1168E-11  0.1168E-11
CALSDV   51   11  0.1211E-11  0.1211E-11
CALSDV   52   11  0.1240E-11  0.1240E-11
CALSDV   53   11  0.1286E-11  0.1286E-11
CALSDV   54   11  0.1323E-11  0.1323E-11
CALSDV   55   11  0.1373E-11  0.1373E-11
CALSDV   56   11  0.1419E-11  0.1418E-11
CALSDV   57   11  0.1477E-11  0.1477E-11
CALSDV   58   11  0.1531E-11  0.1531E-11
CALSDV   59   11  0.1598E-11  0.1598E-11
CALSDV   60   11  0.1645E-11  0.1644E-11
CALSDV   12   12  0.4481E-11  0.4489E-11
CALSDV   13   12  0.4408E-11  0.4448E-11
CALSDV   14   12  0.3078E-11  0.3084E-11
CALSDV   15   12  0.2159E-11  0.2178E-11
CALSDV   16   12  0.2488E-11  0.2482E-11
CALSDV   17   12  0.1739E-11  0.1743E-11
CALSDV   18   12  0.1901E-11  0.1894E-11
CALSDV   19   12  0.1651E-11  0.1650E-11
CALSDV   20   12  0.1517E-11  0.1512E-11
CALSDV   21   12  0.1558E-11  0.1555E-11
CALSDV   22   12  0.1299E-11  0.1298E-11
CALSDV   23   12  0.1453E-11  0.1452E-11
CALSDV   24   12  0.1181E-11  0.1181E-11
CALSDV   25   12  0.1354E-11  0.1354E-11
CALSDV   26   12  0.1118E-11  0.1119E-11
CALSDV   27   12  0.1269E-11  0.1269E-11
CALSDV   28   12  0.1082E-11  0.1084E-11
CALSDV   29   12  0.1200E-11  0.1200E-11
CALSDV   30   12  0.1062E-11  0.1063E-11
CALSDV   31   12  0.1147E-11  0.1147E-11
CALSDV   32   12  0.1050E-11  0.1052E-11
CALSDV   33   12  0.1109E-11  0.1109E-11
CALSDV   34   12  0.1047E-11  0.1048E-11
CALSDV   35   12  0.1084E-11  0.1085E-11
CALSDV   36   12  0.1049E-11  0.1050E-11
CALSDV   37   12  0.1072E-11  0.1073E-11
CALSDV   38   12  0.1057E-11  0.1058E-11
CALSDV   39   12  0.1071E-11  0.1071E-11
CALSDV   40   12  0.1073E-11  0.1073E-11
CALSDV   41   12  0.1079E-11  0.1080E-11
CALSDV   42   12  0.1094E-11  0.1094E-11
CALSDV   43   12  0.1098E-11  0.1098E-11
CALSDV   44   12  0.1122E-11  0.1122E-11
CALSDV   45   12  0.1126E-11  0.1126E-11
CALSDV   46   12  0.1158E-11  0.1158E-11
CALSDV   47   12  0.1163E-11  0.1163E-11
CALSDV   48   12  0.1201E-11  0.1202E-11
CALSDV   49   12  0.1210E-11  0.1210E-11
CALSDV   50   12  0.1254E-11  0.1254E-11
CALSDV   51   12  0.1266E-11  0.1267E-11
CALSDV   52   12  0.1316E-11  0.1316E-11
CALSDV   53   12  0.1334E-11  0.1335E-11
CALSDV   54   12  0.1390E-11  0.1390E-11
CALSDV   55   12  0.1415E-11  0.1415E-11
CALSDV   56   12  0.1476E-11  0.1476E-11
CALSDV   57   12  0.1513E-11  0.1513E-11
CALSDV   58   12  0.1581E-11  0.1581E-11
CALSDV   59   12  0.1639E-11  0.1639E-11
CALSDV   60   12  0.1703E-11  0.1703E-11
CALSDV   13   13  0.4401E-11  0.4413E-11
CALSDV   14   13  0.4325E-11  0.4362E-11
CALSDV   15   13  0.3301E-11  0.3304E-11
CALSDV   16   13  0.2353E-11  0.2378E-11
CALSDV   17   13  0.2657E-11  0.2663E-11
CALSDV   18   13  0.1825E-11  0.1831E-11
CALSDV   19   13  0.1954E-11  0.1961E-11
CALSDV   20   13  0.1588E-11  0.1589E-11
CALSDV   21   13  0.1466E-11  0.1475E-11
CALSDV   22   13  0.1402E-11  0.1400E-11
CALSDV   23   13  0.1187E-11  0.1196E-11
CALSDV   24   13  0.1252E-11  0.1249E-11
CALSDV   25   13  0.1051E-11  0.1058E-11
CALSDV   26   13  0.1139E-11  0.1137E-11
CALSDV   27   13  0.9971E-12  0.1003E-11
CALSDV   28   13  0.1060E-11  0.1059E-11
CALSDV   29   13  0.9836E-12  0.9879E-12
CALSDV   30   13  0.1009E-11  0.1008E-11
CALSDV   31   13  0.9875E-12  0.9908E-12
CALSDV   32   13  0.9816E-12  0.9816E-12
CALSDV   33   13  0.9978E-12  0.1000E-11
CALSDV   34   13  0.9718E-12  0.9719E-12
CALSDV   35   13  0.1014E-11  0.1016E-11
CALSDV   36   13  0.9753E-12  0.9753E-12
CALSDV   37   13  0.1033E-11  0.1035E-11
CALSDV   38   13  0.9900E-12  0.9904E-12
CALSDV   39   13  0.1055E-11  0.1057E-11
CALSDV   40   13  0.1014E-11  0.1014E-11
CALSDV   41   13  0.1082E-11  0.1083E-11
CALSDV   42   13  0.1045E-11  0.1046E-11
CALSDV   43   13  0.1113E-11  0.1114E-11
CALSDV   44   13  0.1084E-11  0.1085E-11
CALSDV   45   13  0.1150E-11  0.1151E-11
CALSDV   46   13  0.1130E-11  0.1131E-11
CALSDV   47   13  0.1193E-11  0.1194E-11
CALSDV   48   13  0.1183E-11  0.1185E-11
CALSDV   49   13  0.1242E-11  0.1244E-11
CALSDV   50   13  0.1244E-11  0.1246E-11
CALSDV   51   13  0.1300E-11  0.1302E-11
CALSDV   52   13  0.1314E-11  0.1316E-11
CALSDV   53   13  0.1368E-11  0.1370E-11
CALSDV   54   13  0.1394E-11  0.1395E-11
CALSDV   55   13  0.1447E-11  0.1449E-11
CALSDV   56   13  0.1484E-11  0.1486E-11
CALSDV   57   13  0.1543E-11  0.1544E-11
CALSDV   58   13  0.1592E-11  0.1594E-11
CALSDV   59   13  0.1671E-11  0.1672E-11
CALSDV   60   13  0.1714E-11  0.1716E-11
CALSDV   14   14  0.3754E-11  0.3697E-11
CALSDV   15   14  0.4493E-11  0.4543E-11
CALSDV   16   14  0.3055E-11  0.3042E-11
CALSDV   17   14  0.2267E-11  0.2284E-11
CALSDV   18   14  0.2507E-11  0.2500E-11
CALSDV   19   14  0.1768E-11  0.1774E-11
CALSDV   20   14  0.1877E-11  0.1871E-11
CALSDV   21   14  0.1671E-11  0.1675E-11
CALSDV   22   14  0.1467E-11  0.1459E-11
CALSDV   23   14  0.1588E-11  0.1593E-11
CALSDV   24   14  0.1265E-11  0.1258E-11
CALSDV   25   14  0.1495E-11  0.1501E-11
CALSDV   26   14  0.1189E-11  0.1182E-11
CALSDV   27   14  0.1408E-11  0.1414E-11
CALSDV   28   14  0.1172E-11  0.1165E-11
CALSDV   29   14  0.1333E-11  0.1341E-11
CALSDV   30   14  0.1175E-11  0.1168E-11
CALSDV   31   14  0.1275E-11  0.1282E-11
CALSDV   32   14  0.1184E-11  0.1178E-11
CALSDV   33   14  0.1232E-11  0.1240E-11
CALSDV   34   14  0.1194E-11  0.1189E-11
CALSDV   35   14  0.1204E-11  0.1211E-11
CALSDV   36   14  0.1204E-11  0.1200E-11
CALSDV   37   14  0.1188E-11  0.1195E-11
CALSDV   38   14  0.1216E-11  0.1212E-11
CALSDV   39   14  0.1185E-11  0.1190E-11
CALSDV   40   14  0.1231E-11  0.1227E-11
CALSDV   41   14  0.1191E-11  0.1196E-11
CALSDV   42   14  0.1249E-11  0.1246E-11
CALSDV   43   14  0.1207E-11  0.1211E-11
CALSDV   44   14  0.1272E-11  0.1270E-11
CALSDV   45   14  0.1231E-11  0.1235E-11
CALSDV   46   14  0.1301E-11  0.1299E-11
CALSDV   47   14  0.1264E-11  0.1268E-11
CALSDV   48   14  0.1336E-11  0.1335E-11
CALSDV   49   14  0.1307E-11  0.1309E-11
CALSDV   50   14  0.1379E-11  0.1378E-11
CALSDV   51   14  0.1358E-11  0.1360E-11
CALSDV   52   14  0.1430E-11  0.1430E-11
CALSDV   53   14  0.1419E-11  0.1421E-11
CALSDV   54   14  0.1492E-11  0.1492E-11
CALSDV   55   14  0.1492E-11  0.1494E-11
CALSDV   56   14  0.1567E-11  0.1567E-11
CALSDV   57   14  0.1581E-11  0.1583E-11
CALSDV   58   14  0.1660E-11  0.1660E-11
CALSDV   59   14  0.1710E-11  0.1712E-11
CALSDV   60   14  0.1785E-11  0.1785E-11
CALSDV   15   15  0.4348E-11  0.4378E-11
CALSDV   16   15  0.4602E-11  0.4565E-11
CALSDV   17   15  0.3207E-11  0.3185E-11
CALSDV   18   15  0.2453E-11  0.2428E-11
CALSDV   19   15  0.2769E-11  0.2750E-11
CALSDV   20   15  0.1846E-11  0.1833E-11
CALSDV   21   15  0.2166E-11  0.2152E-11
CALSDV   22   15  0.1637E-11  0.1632E-11
CALSDV   23   15  0.1716E-11  0.1708E-11
CALSDV   24   15  0.1494E-11  0.1492E-11
CALSDV   25   15  0.1446E-11  0.1441E-11
CALSDV   26   15  0.1371E-11  0.1370E-11
CALSDV   27   15  0.1303E-11  0.1302E-11
CALSDV   28   15  0.1276E-11  0.1273E-11
CALSDV   29   15  0.1237E-11  0.1237E-11
CALSDV   30   15  0.1206E-11  0.1203E-11
CALSDV   31   15  0.1210E-11  0.1211E-11
CALSDV   32   15  0.1163E-11  0.1159E-11
CALSDV   33   15  0.1203E-11  0.1203E-11
CALSDV   34   15  0.1140E-11  0.1136E-11
CALSDV   35   15  0.1205E-11  0.1206E-11
CALSDV   36   15  0.1134E-11  0.1129E-11
CALSDV   37   15  0.1213E-11  0.1213E-11
CALSDV   38   15  0.1140E-11  0.1136E-11
CALSDV   39   15  0.1226E-11  0.1225E-11
CALSDV   40   15  0.1158E-11  0.1153E-11
CALSDV   41   15  0.1244E-11  0.1243E-11
CALSDV   42   15  0.1184E-11  0.1179E-11
CALSDV   43   15  0.1267E-11  0.1265E-11
CALSDV   44   15  0.1217E-11  0.1213E-11
CALSDV   45   15  0.1295E-11  0.1293E-11
CALSDV   46   15  0.1258E-11  0.1254E-11
CALSDV   47   15  0.1329E-11  0.1326E-11
CALSDV   48   15  0.1306E-11  0.1301E-11
CALSDV   49   15  0.1369E-11  0.1366E-11
CALSDV   50   15  0.1361E-11  0.1356E-11
CALSDV   51   15  0.1417E-11  0.1414E-11
CALSDV   52   15  0.1423E-11  0.1418E-11
CALSDV   53   15  0.1474E-11  0.1470E-11
CALSDV   54   15  0.1494E-11  0.1489E-11
CALSDV   55   15  0.1542E-11  0.1537E-11
CALSDV   56   15  0.1576E-11  0.1570E-11
CALSDV   57   15  0.1625E-11  0.1620E-11
CALSDV   58   15  0.1674E-11  0.1668E-11
CALSDV   59   15  0.1753E-11  0.1748E-11
CALSDV   60   15  0.1799E-11  0.1792E-11
CALSDV   16   16  0.3293E-11  0.3307E-11
CALSDV   17   16  0.4321E-11  0.4307E-11
CALSDV   18   16  0.3112E-11  0.3124E-11
CALSDV   19   16  0.2259E-11  0.2265E-11
CALSDV   20   16  0.2659E-11  0.2669E-11
CALSDV   21   16  0.1843E-11  0.1854E-11
CALSDV   22   16  0.2002E-11  0.2009E-11
CALSDV   23   16  0.1748E-11  0.1760E-11
CALSDV   24   16  0.1550E-11  0.1554E-11
CALSDV   25   16  0.1655E-11  0.1663E-11
CALSDV   26   16  0.1334E-11  0.1336E-11
CALSDV   27   16  0.1549E-11  0.1557E-11
CALSDV   28   16  0.1269E-11  0.1271E-11
CALSDV   29   16  0.1455E-11  0.1461E-11
CALSDV   30   16  0.1275E-11  0.1277E-11
CALSDV   31   16  0.1384E-11  0.1390E-11
CALSDV   32   16  0.1302E-11  0.1304E-11
CALSDV   33   16  0.1334E-11  0.1341E-11
CALSDV   34   16  0.1331E-11  0.1333E-11
CALSDV   35   16  0.1304E-11  0.1311E-11
CALSDV   36   16  0.1356E-11  0.1358E-11
CALSDV   37   16  0.1290E-11  0.1297E-11
CALSDV   38   16  0.1378E-11  0.1380E-11
CALSDV   39   16  0.1289E-11  0.1296E-11
CALSDV   40   16  0.1397E-11  0.1399E-11
CALSDV   41   16  0.1299E-11  0.1306E-11
CALSDV   42   16  0.1415E-11  0.1417E-11
CALSDV   43   16  0.1317E-11  0.1324E-11
CALSDV   44   16  0.1436E-11  0.1438E-11
CALSDV   45   16  0.1343E-11  0.1350E-11
CALSDV   46   16  0.1459E-11  0.1462E-11
CALSDV   47   16  0.1375E-11  0.1383E-11
CALSDV   48   16  0.1486E-11  0.1490E-11
CALSDV   49   16  0.1415E-11  0.1422E-11
CALSDV   50   16  0.1519E-11  0.1524E-11
CALSDV   51   16  0.1462E-11  0.1469E-11
CALSDV   52   16  0.1559E-11  0.1565E-11
CALSDV   53   16  0.1516E-11  0.1523E-11
CALSDV   54   16  0.1608E-11  0.1614E-11
CALSDV   55   16  0.1580E-11  0.1587E-11
CALSDV   56   16  0.1668E-11  0.1674E-11
CALSDV   57   16  0.1658E-11  0.1666E-11
CALSDV   58   16  0.1745E-11  0.1752E-11
CALSDV   59   16  0.1785E-11  0.1793E-11
CALSDV   60   16  0.1865E-11  0.1873E-11
CALSDV   17   17  0.3118E-11  0.3100E-11
CALSDV   18   17  0.3756E-11  0.3774E-11
CALSDV   19   17  0.3030E-11  0.3026E-11
CALSDV   20   17  0.2093E-11  0.2103E-11
CALSDV   21   17  0.2654E-11  0.2656E-11
CALSDV   22   17  0.1954E-11  0.1950E-11
CALSDV   23   17  0.2046E-11  0.2049E-11
CALSDV   24   17  0.1871E-11  0.1862E-11
CALSDV   25   17  0.1598E-11  0.1602E-11
CALSDV   26   17  0.1708E-11  0.1698E-11
CALSDV   27   17  0.1350E-11  0.1351E-11
CALSDV   28   17  0.1526E-11  0.1517E-11
CALSDV   29   17  0.1243E-11  0.1242E-11
CALSDV   30   17  0.1371E-11  0.1363E-11
CALSDV   31   17  0.1214E-11  0.1210E-11
CALSDV   32   17  0.1259E-11  0.1254E-11
CALSDV   33   17  0.1220E-11  0.1215E-11
CALSDV   34   17  0.1195E-11  0.1192E-11
CALSDV   35   17  0.1240E-11  0.1234E-11
CALSDV   36   17  0.1169E-11  0.1167E-11
CALSDV   37   17  0.1264E-11  0.1259E-11
CALSDV   38   17  0.1174E-11  0.1171E-11
CALSDV   39   17  0.1290E-11  0.1286E-11
CALSDV   40   17  0.1198E-11  0.1196E-11
CALSDV   41   17  0.1317E-11  0.1312E-11
CALSDV   42   17  0.1234E-11  0.1232E-11
CALSDV   43   17  0.1348E-11  0.1343E-11
CALSDV   44   17  0.1280E-11  0.1278E-11
CALSDV   45   17  0.1382E-11  0.1378E-11
CALSDV   46   17  0.1332E-11  0.1330E-11
CALSDV   47   17  0.1418E-11  0.1415E-11
CALSDV   48   17  0.1388E-11  0.1387E-11
CALSDV   49   17  0.1460E-11  0.1457E-11
CALSDV   50   17  0.1449E-11  0.1448E-11
CALSDV   51   17  0.1507E-11  0.1505E-11
CALSDV   52   17  0.1514E-11  0.1513E-11
CALSDV   53   17  0.1561E-11  0.1559E-11
CALSDV   54   17  0.1584E-11  0.1583E-11
CALSDV   55   17  0.1622E-11  0.1621E-11
CALSDV   56   17  0.1661E-11  0.1660E-11
CALSDV   57   17  0.1697E-11  0.1696E-11
CALSDV   58   17  0.1750E-11  0.1750E-11
CALSDV   59   17  0.1820E-11  0.1820E-11
CALSDV   60   17  0.1874E-11  0.1874E-11
CALSDV   18   18  0.3750E-11  0.3759E-11
CALSDV   19   18  0.3874E-11  0.3883E-11
CALSDV   20   18  0.3296E-11  0.3305E-11
CALSDV   21   18  0.2024E-11  0.2028E-11
CALSDV   22   18  0.2795E-11  0.2799E-11
CALSDV   23   18  0.1846E-11  0.1848E-11
CALSDV   24   18  0.2084E-11  0.2083E-11
CALSDV   25   18  0.1824E-11  0.1824E-11
CALSDV   26   18  0.1602E-11  0.1599E-11
CALSDV   27   18  0.1731E-11  0.1730E-11
CALSDV   28   18  0.1395E-11  0.1391E-11
CALSDV   29   18  0.1613E-11  0.1612E-11
CALSDV   30   18  0.1365E-11  0.1363E-11
CALSDV   31   18  0.1509E-11  0.1509E-11
CALSDV   32   18  0.1408E-11  0.1406E-11
CALSDV   33   18  0.1438E-11  0.1438E-11
CALSDV   34   18  0.1465E-11  0.1463E-11
CALSDV   35   18  0.1400E-11  0.1401E-11
CALSDV   36   18  0.1515E-11  0.1513E-11
CALSDV   37   18  0.1387E-11  0.1389E-11
CALSDV   38   18  0.1554E-11  0.1552E-11
CALSDV   39   18  0.1394E-11  0.1395E-11
CALSDV   40   18  0.1583E-11  0.1582E-11
CALSDV   41   18  0.1412E-11  0.1413E-11
CALSDV   42   18  0.1606E-11  0.1605E-11
CALSDV   43   18  0.1438E-11  0.1439E-11
CALSDV   44   18  0.1624E-11  0.1623E-11
CALSDV   45   18  0.1470E-11  0.1471E-11
CALSDV   46   18  0.1643E-11  0.1642E-11
CALSDV   47   18  0.1506E-11  0.1507E-11
CALSDV   48   18  0.1662E-11  0.1661E-11
CALSDV   49   18  0.1545E-11  0.1546E-11
CALSDV   50   18  0.1684E-11  0.1684E-11
CALSDV   51   18  0.1589E-11  0.1589E-11
CALSDV   52   18  0.1712E-11  0.1711E-11
CALSDV   53   18  0.1637E-11  0.1637E-11
CALSDV   54   18  0.1745E-11  0.1745E-11
CALSDV   55   18  0.1690E-11  0.1690E-11
CALSDV   56   18  0.1788E-11  0.1788E-11
CALSDV   57   18  0.1754E-11  0.1755E-11
CALSDV   58   18  0.1847E-11  0.1847E-11
CALSDV   59   18  0.1873E-11  0.1874E-11
CALSDV   60   18  0.1955E-11  0.1956E-11
CALSDV   19   19  0.3040E-11  0.3010E-11
CALSDV   20   19  0.3665E-11  0.3652E-11
CALSDV   21   19  0.3058E-11  0.3050E-11
CALSDV   22   19  0.2059E-11  0.2036E-11
CALSDV   23   19  0.2675E-11  0.2671E-11
CALSDV   24   19  0.2100E-11  0.2083E-11
CALSDV   25   19  0.2082E-11  0.2080E-11
CALSDV   26   19  0.2103E-11  0.2091E-11
CALSDV   27   19  0.1668E-11  0.1665E-11
CALSDV   28   19  0.1964E-11  0.1954E-11
CALSDV   29   19  0.1450E-11  0.1446E-11
CALSDV   30   19  0.1778E-11  0.1771E-11
CALSDV   31   19  0.1362E-11  0.1357E-11
CALSDV   32   19  0.1609E-11  0.1603E-11
CALSDV   33   19  0.1341E-11  0.1336E-11
CALSDV   34   19  0.1482E-11  0.1477E-11
CALSDV   35   19  0.1349E-11  0.1344E-11
CALSDV   36   19  0.1406E-11  0.1401E-11
CALSDV   37   19  0.1369E-11  0.1365E-11
CALSDV   38   19  0.1374E-11  0.1370E-11
CALSDV   39   19  0.1392E-11  0.1389E-11
CALSDV   40   19  0.1375E-11  0.1372E-11
CALSDV   41   19  0.1421E-11  0.1418E-11
CALSDV   42   19  0.1399E-11  0.1396E-11
CALSDV   43   19  0.1452E-11  0.1449E-11
CALSDV   44   19  0.1437E-11  0.1434E-11
CALSDV   45   19  0.1486E-11  0.1483E-11
CALSDV   46   19  0.1483E-11  0.1481E-11
CALSDV   47   19  0.1524E-11  0.1522E-11
CALSDV   48   19  0.1535E-11  0.1533E-11
CALSDV   49   19  0.1566E-11  0.1563E-11
CALSDV   50   19  0.1591E-11  0.1589E-11
CALSDV   51   19  0.1611E-11  0.1609E-11
CALSDV   52   19  0.1649E-11  0.1648E-11
CALSDV   53   19  0.1661E-11  0.1659E-11
CALSDV   54   19  0.1710E-11  0.1709E-11
CALSDV   55   19  0.1717E-11  0.1714E-11
CALSDV   56   19  0.1775E-11  0.1773E-11
CALSDV   57   19  0.1781E-11  0.1778E-11
CALSDV   58   19  0.1850E-11  0.1848E-11
CALSDV   59   19  0.1897E-11  0.1894E-11
CALSDV   60   19  0.1964E-11  0.1962E-11
CALSDV   20   20  0.3664E-11  0.3711E-11
CALSDV   21   20  0.3760E-11  0.3767E-11
CALSDV   22   20  0.3417E-11  0.3437E-11
CALSDV   23   20  0.1993E-11  0.1998E-11
CALSDV   24   20  0.2938E-11  0.2943E-11
CALSDV   25   20  0.1947E-11  0.1950E-11
CALSDV   26   20  0.2204E-11  0.2206E-11
CALSDV   27   20  0.1950E-11  0.1949E-11
CALSDV   28   20  0.1700E-11  0.1703E-11
CALSDV   29   20  0.1834E-11  0.1833E-11
CALSDV   30   20  0.1483E-11  0.1486E-11
CALSDV   31   20  0.1688E-11  0.1686E-11
CALSDV   32   20  0.1455E-11  0.1458E-11
CALSDV   33   20  0.1569E-11  0.1567E-11
CALSDV   34   20  0.1509E-11  0.1511E-11
CALSDV   35   20  0.1497E-11  0.1495E-11
CALSDV   36   20  0.1578E-11  0.1580E-11
CALSDV   37   20  0.1469E-11  0.1467E-11
CALSDV   38   20  0.1639E-11  0.1641E-11
CALSDV   39   20  0.1476E-11  0.1475E-11
CALSDV   40   20  0.1688E-11  0.1690E-11
CALSDV   41   20  0.1505E-11  0.1504E-11
CALSDV   42   20  0.1725E-11  0.1726E-11
CALSDV   43   20  0.1545E-11  0.1544E-11
CALSDV   44   20  0.1755E-11  0.1756E-11
CALSDV   45   20  0.1589E-11  0.1587E-11
CALSDV   46   20  0.1778E-11  0.1779E-11
CALSDV   47   20  0.1634E-11  0.1632E-11
CALSDV   48   20  0.1800E-11  0.1800E-11
CALSDV   49   20  0.1679E-11  0.1677E-11
CALSDV   50   20  0.1822E-11  0.1821E-11
CALSDV   51   20  0.1722E-11  0.1720E-11
CALSDV   52   20  0.1844E-11  0.1844E-11
CALSDV   53   20  0.1764E-11  0.1763E-11
CALSDV   54   20  0.1870E-11  0.1869E-11
CALSDV   55   20  0.1808E-11  0.1806E-11
CALSDV   56   20  0.1901E-11  0.1900E-11
CALSDV   57   20  0.1857E-11  0.1855E-11
CALSDV   58   20  0.1944E-11  0.1943E-11
CALSDV   59   20  0.1961E-11  0.1961E-11
CALSDV   60   20  0.2038E-11  0.2037E-11
CALSDV   21   21  0.3161E-11  0.3159E-11
CALSDV   22   21  0.3661E-11  0.3664E-11
CALSDV   23   21  0.3119E-11  0.3110E-11
CALSDV   24   21  0.1992E-11  0.2001E-11
CALSDV   25   21  0.2704E-11  0.2696E-11
CALSDV   26   21  0.2175E-11  0.2180E-11
CALSDV   27   21  0.2122E-11  0.2117E-11
CALSDV   28   21  0.2267E-11  0.2268E-11
CALSDV   29   21  0.1756E-11  0.1753E-11
CALSDV   30   21  0.2164E-11  0.2164E-11
CALSDV   31   21  0.1589E-11  0.1586E-11
CALSDV   32   21  0.1990E-11  0.1988E-11
CALSDV   33   21  0.1532E-11  0.1529E-11
CALSDV   34   21  0.1823E-11  0.1821E-11
CALSDV   35   21  0.1525E-11  0.1520E-11
CALSDV   36   21  0.1698E-11  0.1694E-11
CALSDV   37   21  0.1535E-11  0.1529E-11
CALSDV   38   21  0.1623E-11  0.1618E-11
CALSDV   39   21  0.1553E-11  0.1546E-11
CALSDV   40   21  0.1593E-11  0.1587E-11
CALSDV   41   21  0.1574E-11  0.1567E-11
CALSDV   42   21  0.1597E-11  0.1591E-11
CALSDV   43   21  0.1599E-11  0.1592E-11
CALSDV   44   21  0.1623E-11  0.1618E-11
CALSDV   45   21  0.1628E-11  0.1621E-11
CALSDV   46   21  0.1663E-11  0.1657E-11
CALSDV   47   21  0.1661E-11  0.1655E-11
CALSDV   48   21  0.1707E-11  0.1702E-11
CALSDV   49   21  0.1699E-11  0.1693E-11
CALSDV   50   21  0.1756E-11  0.1751E-11
CALSDV   51   21  0.1740E-11  0.1734E-11
CALSDV   52   21  0.1806E-11  0.1802E-11
CALSDV   53   21  0.1782E-11  0.1778E-11
CALSDV   54   21  0.1856E-11  0.1851E-11
CALSDV   55   21  0.1827E-11  0.1824E-11
CALSDV   56   21  0.1905E-11  0.1902E-11
CALSDV   57   21  0.1878E-11  0.1875E-11
CALSDV   58   21  0.1960E-11  0.1958E-11
CALSDV   59   21  0.1980E-11  0.1977E-11
CALSDV   60   21  0.2058E-11  0.2055E-11
CALSDV   22   22  0.3313E-11  0.3347E-11
CALSDV   23   22  0.3735E-11  0.3733E-11
CALSDV   24   22  0.3445E-11  0.3468E-11
CALSDV   25   22  0.1997E-11  0.1998E-11
CALSDV   26   22  0.3007E-11  0.3015E-11
CALSDV   27   22  0.2067E-11  0.2066E-11
CALSDV   28   22  0.2285E-11  0.2288E-11
CALSDV   29   22  0.2089E-11  0.2091E-11
CALSDV   30   22  0.1795E-11  0.1797E-11
CALSDV   31   22  0.1947E-11  0.1949E-11
CALSDV   32   22  0.1590E-11  0.1591E-11
CALSDV   33   22  0.1767E-11  0.1769E-11
CALSDV   34   22  0.1567E-11  0.1567E-11
CALSDV   35   22  0.1624E-11  0.1627E-11
CALSDV   36   22  0.1618E-11  0.1621E-11
CALSDV   37   22  0.1547E-11  0.1554E-11
CALSDV   38   22  0.1687E-11  0.1689E-11
CALSDV   39   22  0.1535E-11  0.1540E-11
CALSDV   40   22  0.1752E-11  0.1754E-11
CALSDV   41   22  0.1566E-11  0.1569E-11
CALSDV   42   22  0.1804E-11  0.1806E-11
CALSDV   43   22  0.1619E-11  0.1622E-11
CALSDV   44   22  0.1847E-11  0.1849E-11
CALSDV   45   22  0.1682E-11  0.1686E-11
CALSDV   46   22  0.1882E-11  0.1885E-11
CALSDV   47   22  0.1744E-11  0.1747E-11
CALSDV   48   22  0.1912E-11  0.1914E-11
CALSDV   49   22  0.1801E-11  0.1803E-11
CALSDV   50   22  0.1938E-11  0.1940E-11
CALSDV   51   22  0.1852E-11  0.1854E-11
CALSDV   52   22  0.1963E-11  0.1965E-11
CALSDV   53   22  0.1895E-11  0.1896E-11
CALSDV   54   22  0.1987E-11  0.1988E-11
CALSDV   55   22  0.1930E-11  0.1932E-11
CALSDV   56   22  0.2011E-11  0.2013E-11
CALSDV   57   22  0.1965E-11  0.1965E-11
CALSDV   58   22  0.2042E-11  0.2042E-11
CALSDV   59   22  0.2051E-11  0.2051E-11
CALSDV   60   22  0.2119E-11  0.2119E-11
CALSDV   23   23  0.3183E-11  0.3191E-11
CALSDV   24   23  0.3735E-11  0.3728E-11
CALSDV   25   23  0.3167E-11  0.3164E-11
CALSDV   26   23  0.1971E-11  0.1969E-11
CALSDV   27   23  0.2718E-11  0.2719E-11
CALSDV   28   23  0.2231E-11  0.2226E-11
CALSDV   29   23  0.2141E-11  0.2141E-11
CALSDV   30   23  0.2374E-11  0.2368E-11
CALSDV   31   23  0.1827E-11  0.1821E-11
CALSDV   32   23  0.2290E-11  0.2283E-11
CALSDV   33   23  0.1723E-11  0.1713E-11
CALSDV   34   23  0.2123E-11  0.2116E-11
CALSDV   35   23  0.1706E-11  0.1695E-11
CALSDV   36   23  0.1963E-11  0.1956E-11
CALSDV   37   23  0.1716E-11  0.1704E-11
CALSDV   38   23  0.1849E-11  0.1842E-11
CALSDV   39   23  0.1731E-11  0.1717E-11
CALSDV   40   23  0.1790E-11  0.1782E-11
CALSDV   41   23  0.1748E-11  0.1735E-11
CALSDV   42   23  0.1777E-11  0.1769E-11
CALSDV   43   23  0.1767E-11  0.1754E-11
CALSDV   44   23  0.1796E-11  0.1786E-11
CALSDV   45   23  0.1790E-11  0.1777E-11
CALSDV   46   23  0.1833E-11  0.1822E-11
CALSDV   47   23  0.1818E-11  0.1806E-11
CALSDV   48   23  0.1880E-11  0.1868E-11
CALSDV   49   23  0.1849E-11  0.1836E-11
CALSDV   50   23  0.1927E-11  0.1913E-11
CALSDV   51   23  0.1885E-11  0.1871E-11
CALSDV   52   23  0.1973E-11  0.1958E-11
CALSDV   53   23  0.1921E-11  0.1907E-11
CALSDV   54   23  0.2015E-11  0.1999E-11
CALSDV   55   23  0.1957E-11  0.1942E-11
CALSDV   56   23  0.2051E-11  0.2035E-11
CALSDV   57   23  0.1992E-11  0.1977E-11
CALSDV   58   23  0.2087E-11  0.2070E-11
CALSDV   59   23  0.2075E-11  0.2061E-11
CALSDV   60   23  0.2157E-11  0.2150E-11
CALSDV   24   24  0.3249E-11  0.3195E-11
CALSDV   25   24  0.3784E-11  0.3776E-11
CALSDV   26   24  0.3514E-11  0.3499E-11
CALSDV   27   24  0.2052E-11  0.2040E-11
CALSDV   28   24  0.3067E-11  0.3060E-11
CALSDV   29   24  0.2216E-11  0.2209E-11
CALSDV   30   24  0.2356E-11  0.2353E-11
CALSDV   31   24  0.2256E-11  0.2251E-11
CALSDV   32   24  0.1898E-11  0.1894E-11
CALSDV   33   24  0.2089E-11  0.2084E-11
CALSDV   34   24  0.1721E-11  0.1718E-11
CALSDV   35   24  0.1872E-11  0.1869E-11
CALSDV   36   24  0.1705E-11  0.1703E-11
CALSDV   37   24  0.1708E-11  0.1704E-11
CALSDV   38   24  0.1753E-11  0.1751E-11
CALSDV   39   24  0.1631E-11  0.1626E-11
CALSDV   40   24  0.1814E-11  0.1811E-11
CALSDV   41   24  0.1633E-11  0.1629E-11
CALSDV   42   24  0.1873E-11  0.1869E-11
CALSDV   43   24  0.1689E-11  0.1684E-11
CALSDV   44   24  0.1925E-11  0.1922E-11
CALSDV   45   24  0.1768E-11  0.1764E-11
CALSDV   46   24  0.1972E-11  0.1969E-11
CALSDV   47   24  0.1849E-11  0.1845E-11
CALSDV   48   24  0.2011E-11  0.2009E-11
CALSDV   49   24  0.1923E-11  0.1920E-11
CALSDV   50   24  0.2047E-11  0.2045E-11
CALSDV   51   24  0.1984E-11  0.1982E-11
CALSDV   52   24  0.2077E-11  0.2074E-11
CALSDV   53   24  0.2032E-11  0.2029E-11
CALSDV   54   24  0.2105E-11  0.2102E-11
CALSDV   55   24  0.2063E-11  0.2060E-11
CALSDV   56   24  0.2126E-11  0.2124E-11
CALSDV   57   24  0.2083E-11  0.2080E-11
CALSDV   58   24  0.2146E-11  0.2143E-11
CALSDV   59   24  0.2147E-11  0.2144E-11
CALSDV   60   24  0.2204E-11  0.2202E-11
CALSDV   25   25  0.3117E-11  0.3095E-11
CALSDV   26   25  0.3861E-11  0.3862E-11
CALSDV   27   25  0.3289E-11  0.3297E-11
CALSDV   28   25  0.2019E-11  0.2025E-11
CALSDV   29   25  0.2797E-11  0.2804E-11
CALSDV   30   25  0.2312E-11  0.2311E-11
CALSDV   31   25  0.2188E-11  0.2189E-11
CALSDV   32   25  0.2474E-11  0.2469E-11
CALSDV   33   25  0.1900E-11  0.1897E-11
CALSDV   34   25  0.2393E-11  0.2388E-11
CALSDV   35   25  0.1850E-11  0.1850E-11
CALSDV   36   25  0.2230E-11  0.2227E-11
CALSDV   37   25  0.1881E-11  0.1886E-11
CALSDV   38   25  0.2087E-11  0.2087E-11
CALSDV   39   25  0.1920E-11  0.1930E-11
CALSDV   40   25  0.2002E-11  0.2002E-11
CALSDV   41   25  0.1949E-11  0.1962E-11
CALSDV   42   25  0.1975E-11  0.1976E-11
CALSDV   43   25  0.1971E-11  0.1985E-11
CALSDV   44   25  0.1990E-11  0.1992E-11
CALSDV   45   25  0.1991E-11  0.2005E-11
CALSDV   46   25  0.2029E-11  0.2032E-11
CALSDV   47   25  0.2012E-11  0.2026E-11
CALSDV   48   25  0.2078E-11  0.2081E-11
CALSDV   49   25  0.2036E-11  0.2048E-11
CALSDV   50   25  0.2125E-11  0.2129E-11
CALSDV   51   25  0.2057E-11  0.2069E-11
CALSDV   52   25  0.2164E-11  0.2167E-11
CALSDV   53   25  0.2080E-11  0.2089E-11
CALSDV   54   25  0.2193E-11  0.2195E-11
CALSDV   55   25  0.2099E-11  0.2106E-11
CALSDV   56   25  0.2212E-11  0.2213E-11
CALSDV   57   25  0.2112E-11  0.2116E-11
CALSDV   58   25  0.2219E-11  0.2221E-11
CALSDV   59   25  0.2168E-11  0.2171E-11
CALSDV   60   25  0.2264E-11  0.2264E-11
CALSDV   26   26  0.3248E-11  0.3220E-11
CALSDV   27   26  0.3894E-11  0.3887E-11
CALSDV   28   26  0.3590E-11  0.3584E-11
CALSDV   29   26  0.2145E-11  0.2145E-11
CALSDV   30   26  0.3119E-11  0.3115E-11
CALSDV   31   26  0.2391E-11  0.2392E-11
CALSDV   32   26  0.2426E-11  0.2420E-11
CALSDV   33   26  0.2444E-11  0.2444E-11
CALSDV   34   26  0.2012E-11  0.2007E-11
CALSDV   35   26  0.2251E-11  0.2250E-11
CALSDV   36   26  0.1870E-11  0.1866E-11
CALSDV   37   26  0.2002E-11  0.2001E-11
CALSDV   38   26  0.1862E-11  0.1861E-11
CALSDV   39   26  0.1819E-11  0.1817E-11
CALSDV   40   26  0.1903E-11  0.1902E-11
CALSDV   41   26  0.1744E-11  0.1742E-11
CALSDV   42   26  0.1954E-11  0.1952E-11
CALSDV   43   26  0.1765E-11  0.1764E-11
CALSDV   44   26  0.2004E-11  0.2002E-11
CALSDV   45   26  0.1844E-11  0.1841E-11
CALSDV   46   26  0.2053E-11  0.2051E-11
CALSDV   47   26  0.1942E-11  0.1941E-11
CALSDV   48   26  0.2101E-11  0.2099E-11
CALSDV   49   26  0.2038E-11  0.2036E-11
CALSDV   50   26  0.2148E-11  0.2145E-11
CALSDV   51   26  0.2117E-11  0.2116E-11
CALSDV   52   26  0.2190E-11  0.2188E-11
CALSDV   53   26  0.2168E-11  0.2168E-11
CALSDV   54   26  0.2218E-11  0.2217E-11
CALSDV   55   26  0.2199E-11  0.2199E-11
CALSDV   56   26  0.2241E-11  0.2241E-11
CALSDV   57   26  0.2205E-11  0.2206E-11
CALSDV   58   26  0.2253E-11  0.2253E-11
CALSDV   59   26  0.2243E-11  0.2243E-11
CALSDV   60   26  0.2292E-11  0.2291E-11
CALSDV   27   27  0.2984E-11  0.2956E-11
CALSDV   28   27  0.4011E-11  0.4008E-11
CALSDV   29   27  0.3503E-11  0.3509E-11
CALSDV   30   27  0.2131E-11  0.2128E-11
CALSDV   31   27  0.2965E-11  0.2964E-11
CALSDV   32   27  0.2433E-11  0.2436E-11
CALSDV   33   27  0.2285E-11  0.2286E-11
CALSDV   34   27  0.2572E-11  0.2576E-11
CALSDV   35   27  0.1985E-11  0.1991E-11
CALSDV   36   27  0.2460E-11  0.2462E-11
CALSDV   37   27  0.1971E-11  0.1982E-11
CALSDV   38   27  0.2278E-11  0.2279E-11
CALSDV   39   27  0.2045E-11  0.2059E-11
CALSDV   40   27  0.2140E-11  0.2141E-11
CALSDV   41   27  0.2119E-11  0.2133E-11
CALSDV   42   27  0.2081E-11  0.2084E-11
CALSDV   43   27  0.2170E-11  0.2186E-11
CALSDV   44   27  0.2093E-11  0.2096E-11
CALSDV   45   27  0.2204E-11  0.2220E-11
CALSDV   46   27  0.2147E-11  0.2151E-11
CALSDV   47   27  0.2229E-11  0.2242E-11
CALSDV   48   27  0.2217E-11  0.2220E-11
CALSDV   49   27  0.2249E-11  0.2260E-11
CALSDV   50   27  0.2283E-11  0.2287E-11
CALSDV   51   27  0.2264E-11  0.2273E-11
CALSDV   52   27  0.2335E-11  0.2339E-11
CALSDV   53   27  0.2274E-11  0.2281E-11
CALSDV   54   27  0.2368E-11  0.2372E-11
CALSDV   55   27  0.2269E-11  0.2275E-11
CALSDV   56   27  0.2373E-11  0.2377E-11
CALSDV   57   27  0.2257E-11  0.2261E-11
CALSDV   58   27  0.2362E-11  0.2365E-11
CALSDV   59   27  0.2277E-11  0.2282E-11
CALSDV   60   27  0.2372E-11  0.2376E-11
CALSDV   28   28  0.3180E-11  0.3220E-11
CALSDV   29   28  0.4017E-11  0.4016E-11
CALSDV   30   28  0.3688E-11  0.3683E-11
CALSDV   31   28  0.2243E-11  0.2251E-11
CALSDV   32   28  0.3178E-11  0.3170E-11
CALSDV   33   28  0.2572E-11  0.2578E-11
CALSDV   34   28  0.2497E-11  0.2491E-11
CALSDV   35   28  0.2636E-11  0.2638E-11
CALSDV   36   28  0.2131E-11  0.2131E-11
CALSDV   37   28  0.2422E-11  0.2419E-11
CALSDV   38   28  0.2024E-11  0.2030E-11
CALSDV   39   28  0.2147E-11  0.2141E-11
CALSDV   40   28  0.2024E-11  0.2033E-11
CALSDV   41   28  0.1955E-11  0.1946E-11
CALSDV   42   28  0.2057E-11  0.2066E-11
CALSDV   43   28  0.1890E-11  0.1881E-11
CALSDV   44   28  0.2096E-11  0.2104E-11
CALSDV   45   28  0.1934E-11  0.1926E-11
CALSDV   46   28  0.2140E-11  0.2147E-11
CALSDV   47   28  0.2034E-11  0.2027E-11
CALSDV   48   28  0.2190E-11  0.2195E-11
CALSDV   49   28  0.2147E-11  0.2142E-11
CALSDV   50   28  0.2243E-11  0.2247E-11
CALSDV   51   28  0.2246E-11  0.2242E-11
CALSDV   52   28  0.2295E-11  0.2297E-11
CALSDV   53   28  0.2315E-11  0.2312E-11
CALSDV   54   28  0.2337E-11  0.2339E-11
CALSDV   55   28  0.2345E-11  0.2344E-11
CALSDV   56   28  0.2362E-11  0.2364E-11
CALSDV   57   28  0.2338E-11  0.2338E-11
CALSDV   58   28  0.2366E-11  0.2368E-11
CALSDV   59   28  0.2347E-11  0.2349E-11
CALSDV   60   28  0.2385E-11  0.2387E-11
CALSDV   29   29  0.2852E-11  0.2852E-11
CALSDV   30   29  0.4196E-11  0.4203E-11
CALSDV   31   29  0.3785E-11  0.3776E-11
CALSDV   32   29  0.2314E-11  0.2327E-11
CALSDV   33   29  0.3196E-11  0.3185E-11
CALSDV   34   29  0.2633E-11  0.2640E-11
CALSDV   35   29  0.2451E-11  0.2438E-11
CALSDV   36   29  0.2740E-11  0.2741E-11
CALSDV   37   29  0.2117E-11  0.2112E-11
CALSDV   38   29  0.2590E-11  0.2586E-11
CALSDV   39   29  0.2104E-11  0.2105E-11
CALSDV   40   29  0.2393E-11  0.2386E-11
CALSDV   41   29  0.2193E-11  0.2195E-11
CALSDV   42   29  0.2270E-11  0.2264E-11
CALSDV   43   29  0.2281E-11  0.2285E-11
CALSDV   44   29  0.2252E-11  0.2246E-11
CALSDV   45   29  0.2346E-11  0.2351E-11
CALSDV   46   29  0.2307E-11  0.2306E-11
CALSDV   47   29  0.2392E-11  0.2396E-11
CALSDV   48   29  0.2396E-11  0.2396E-11
CALSDV   49   29  0.2424E-11  0.2428E-11
CALSDV   50   29  0.2484E-11  0.2486E-11
CALSDV   51   29  0.2446E-11  0.2447E-11
CALSDV   52   29  0.2551E-11  0.2553E-11
CALSDV   53   29  0.2454E-11  0.2455E-11
CALSDV   54   29  0.2586E-11  0.2587E-11
CALSDV   55   29  0.2443E-11  0.2444E-11
CALSDV   56   29  0.2581E-11  0.2583E-11
CALSDV   57   29  0.2404E-11  0.2407E-11
CALSDV   58   29  0.2535E-11  0.2538E-11
CALSDV   59   29  0.2394E-11  0.2396E-11
CALSDV   60   29  0.2505E-11  0.2508E-11
CALSDV   30   30  0.3431E-11  0.3429E-11
CALSDV   31   30  0.4359E-11  0.4359E-11
CALSDV   32   30  0.3901E-11  0.3877E-11
CALSDV   33   30  0.2460E-11  0.2488E-11
CALSDV   34   30  0.3303E-11  0.3288E-11
CALSDV   35   30  0.2769E-11  0.2791E-11
CALSDV   36   30  0.2625E-11  0.2622E-11
CALSDV   37   30  0.2833E-11  0.2857E-11
CALSDV   38   30  0.2326E-11  0.2338E-11
CALSDV   39   30  0.2622E-11  0.2652E-11
CALSDV   40   30  0.2278E-11  0.2298E-11
CALSDV   41   30  0.2361E-11  0.2403E-11
CALSDV   42   30  0.2300E-11  0.2325E-11
CALSDV   43   30  0.2194E-11  0.2244E-11
CALSDV   44   30  0.2329E-11  0.2357E-11
CALSDV   45   30  0.2160E-11  0.2212E-11
CALSDV   46   30  0.2356E-11  0.2384E-11
CALSDV   47   30  0.2224E-11  0.2271E-11
CALSDV   48   30  0.2387E-11  0.2412E-11
CALSDV   49   30  0.2329E-11  0.2367E-11
CALSDV   50   30  0.2425E-11  0.2447E-11
CALSDV   51   30  0.2431E-11  0.2462E-11
CALSDV   52   30  0.2467E-11  0.2486E-11
CALSDV   53   30  0.2503E-11  0.2526E-11
CALSDV   54   30  0.2504E-11  0.2519E-11
CALSDV   55   30  0.2530E-11  0.2545E-11
CALSDV   56   30  0.2524E-11  0.2534E-11
CALSDV   57   30  0.2511E-11  0.2521E-11
CALSDV   58   30  0.2520E-11  0.2528E-11
CALSDV   59   30  0.2471E-11  0.2476E-11
CALSDV   60   30  0.2499E-11  0.2502E-11
CALSDV   31   31  0.3167E-11  0.3109E-11
CALSDV   32   31  0.4438E-11  0.4439E-11
CALSDV   33   31  0.4041E-11  0.4024E-11
CALSDV   34   31  0.2597E-11  0.2584E-11
CALSDV   35   31  0.3495E-11  0.3467E-11
CALSDV   36   31  0.2925E-11  0.2909E-11
CALSDV   37   31  0.2743E-11  0.2720E-11
CALSDV   38   31  0.2974E-11  0.2961E-11
CALSDV   39   31  0.2370E-11  0.2355E-11
CALSDV   40   31  0.2763E-11  0.2749E-11
CALSDV   41   31  0.2299E-11  0.2290E-11
CALSDV   42   31  0.2533E-11  0.2519E-11
CALSDV   43   31  0.2341E-11  0.2331E-11
CALSDV   44   31  0.2420E-11  0.2404E-11
CALSDV   45   31  0.2405E-11  0.2392E-11
CALSDV   46   31  0.2437E-11  0.2421E-11
CALSDV   47   31  0.2465E-11  0.2449E-11
CALSDV   48   31  0.2533E-11  0.2518E-11
CALSDV   49   31  0.2517E-11  0.2501E-11
CALSDV   50   31  0.2648E-11  0.2634E-11
CALSDV   51   31  0.2558E-11  0.2544E-11
CALSDV   52   31  0.2743E-11  0.2731E-11
CALSDV   53   31  0.2585E-11  0.2573E-11
CALSDV   54   31  0.2794E-11  0.2783E-11
CALSDV   55   31  0.2586E-11  0.2577E-11
CALSDV   56   31  0.2789E-11  0.2780E-11
CALSDV   57   31  0.2556E-11  0.2548E-11
CALSDV   58   31  0.2733E-11  0.2726E-11
CALSDV   59   31  0.2513E-11  0.2509E-11
CALSDV   60   31  0.2649E-11  0.2646E-11
CALSDV   32   32  0.3121E-11  0.3115E-11
CALSDV   33   32  0.4341E-11  0.4344E-11
CALSDV   34   32  0.4003E-11  0.3996E-11
CALSDV   35   32  0.2526E-11  0.2538E-11
CALSDV   36   32  0.3371E-11  0.3366E-11
CALSDV   37   32  0.2984E-11  0.2990E-11
CALSDV   38   32  0.2684E-11  0.2679E-11
CALSDV   39   32  0.3037E-11  0.3036E-11
CALSDV   40   32  0.2413E-11  0.2413E-11
CALSDV   41   32  0.2767E-11  0.2763E-11
CALSDV   42   32  0.2387E-11  0.2393E-11
CALSDV   43   32  0.2458E-11  0.2454E-11
CALSDV   44   32  0.2414E-11  0.2422E-11
CALSDV   45   32  0.2281E-11  0.2273E-11
CALSDV   46   32  0.2443E-11  0.2451E-11
CALSDV   47   32  0.2269E-11  0.2261E-11
CALSDV   48   32  0.2475E-11  0.2479E-11
CALSDV   49   32  0.2366E-11  0.2359E-11
CALSDV   50   32  0.2517E-11  0.2520E-11
CALSDV   51   32  0.2495E-11  0.2488E-11
CALSDV   52   32  0.2569E-11  0.2569E-11
CALSDV   53   32  0.2603E-11  0.2597E-11
CALSDV   54   32  0.2620E-11  0.2619E-11
CALSDV   55   32  0.2656E-11  0.2652E-11
CALSDV   56   32  0.2652E-11  0.2650E-11
CALSDV   57   32  0.2644E-11  0.2641E-11
CALSDV   58   32  0.2650E-11  0.2648E-11
CALSDV   59   32  0.2592E-11  0.2591E-11
CALSDV   60   32  0.2617E-11  0.2616E-11
CALSDV   33   33  0.3077E-11  0.3048E-11
CALSDV   34   33  0.4471E-11  0.4463E-11
CALSDV   35   33  0.4335E-11  0.4331E-11
CALSDV   36   33  0.2563E-11  0.2556E-11
CALSDV   37   33  0.3619E-11  0.3617E-11
CALSDV   38   33  0.3014E-11  0.3010E-11
CALSDV   39   33  0.2744E-11  0.2740E-11
CALSDV   40   33  0.3067E-11  0.3061E-11
CALSDV   41   33  0.2402E-11  0.2398E-11
CALSDV   42   33  0.2811E-11  0.2802E-11
CALSDV   43   33  0.2458E-11  0.2460E-11
CALSDV   44   33  0.2542E-11  0.2534E-11
CALSDV   45   33  0.2617E-11  0.2625E-11
CALSDV   46   33  0.2424E-11  0.2414E-11
CALSDV   47   33  0.2756E-11  0.2767E-11
CALSDV   48   33  0.2468E-11  0.2457E-11
CALSDV   49   33  0.2850E-11  0.2860E-11
CALSDV   50   33  0.2600E-11  0.2589E-11
CALSDV   51   33  0.2900E-11  0.2908E-11
CALSDV   52   33  0.2742E-11  0.2732E-11
CALSDV   53   33  0.2908E-11  0.2914E-11
CALSDV   54   33  0.2845E-11  0.2838E-11
CALSDV   55   33  0.2871E-11  0.2875E-11
CALSDV   56   33  0.2883E-11  0.2875E-11
CALSDV   57   33  0.2788E-11  0.2787E-11
CALSDV   58   33  0.2847E-11  0.2839E-11
CALSDV   59   33  0.2679E-11  0.2676E-11
CALSDV   60   33  0.2755E-11  0.2749E-11
CALSDV   34   34  0.3098E-11  0.3099E-11
CALSDV   35   34  0.4452E-11  0.4456E-11
CALSDV   36   34  0.4188E-11  0.4194E-11
CALSDV   37   34  0.2646E-11  0.2651E-11
CALSDV   38   34  0.3492E-11  0.3493E-11
CALSDV   39   34  0.3199E-11  0.3201E-11
CALSDV   40   34  0.2791E-11  0.2792E-11
CALSDV   41   34  0.3257E-11  0.3253E-11
CALSDV   42   34  0.2553E-11  0.2557E-11
CALSDV   43   34  0.2975E-11  0.2969E-11
CALSDV   44   34  0.2550E-11  0.2558E-11
CALSDV   45   34  0.2676E-11  0.2671E-11
CALSDV   46   34  0.2581E-11  0.2592E-11
CALSDV   47   34  0.2529E-11  0.2528E-11
CALSDV   48   34  0.2606E-11  0.2621E-11
CALSDV   49   34  0.2550E-11  0.2550E-11
CALSDV   50   34  0.2639E-11  0.2653E-11
CALSDV   51   34  0.2659E-11  0.2660E-11
CALSDV   52   34  0.2688E-11  0.2701E-11
CALSDV   53   34  0.2771E-11  0.2773E-11
CALSDV   54   34  0.2744E-11  0.2755E-11
CALSDV   55   34  0.2831E-11  0.2834E-11
CALSDV   56   34  0.2784E-11  0.2793E-11
CALSDV   57   34  0.2811E-11  0.2812E-11
CALSDV   58   34  0.2784E-11  0.2787E-11
CALSDV   59   34  0.2723E-11  0.2724E-11
CALSDV   60   34  0.2730E-11  0.2732E-11
CALSDV   35   35  0.3065E-11  0.3064E-11
CALSDV   36   35  0.4623E-11  0.4629E-11
CALSDV   37   35  0.4641E-11  0.4646E-11
CALSDV   38   35  0.2726E-11  0.2728E-11
CALSDV   39   35  0.3866E-11  0.3861E-11
CALSDV   40   35  0.3238E-11  0.3233E-11
CALSDV   41   35  0.2925E-11  0.2920E-11
CALSDV   42   35  0.3253E-11  0.3248E-11
CALSDV   43   35  0.2566E-11  0.2563E-11
CALSDV   44   35  0.2955E-11  0.2948E-11
CALSDV   45   35  0.2638E-11  0.2635E-11
CALSDV   46   35  0.2690E-11  0.2683E-11
CALSDV   47   35  0.2818E-11  0.2812E-11
CALSDV   48   35  0.2622E-11  0.2612E-11
CALSDV   49   35  0.2969E-11  0.2963E-11
CALSDV   50   35  0.2724E-11  0.2714E-11
CALSDV   51   35  0.3063E-11  0.3056E-11
CALSDV   52   35  0.2888E-11  0.2880E-11
CALSDV   53   35  0.3097E-11  0.3091E-11
CALSDV   54   35  0.3025E-11  0.3018E-11
CALSDV   55   35  0.3069E-11  0.3063E-11
CALSDV   56   35  0.3082E-11  0.3076E-11
CALSDV   57   35  0.2972E-11  0.2966E-11
CALSDV   58   35  0.3039E-11  0.3032E-11
CALSDV   59   35  0.2818E-11  0.2813E-11
CALSDV   60   35  0.2901E-11  0.2897E-11
CALSDV   36   36  0.3345E-11  0.3344E-11
CALSDV   37   36  0.4608E-11  0.4612E-11
CALSDV   38   36  0.4446E-11  0.4436E-11
CALSDV   39   36  0.2810E-11  0.2807E-11
CALSDV   40   36  0.3665E-11  0.3654E-11
CALSDV   41   36  0.3444E-11  0.3434E-11
CALSDV   42   36  0.2944E-11  0.2941E-11
CALSDV   43   36  0.3511E-11  0.3499E-11
CALSDV   44   36  0.2751E-11  0.2752E-11
CALSDV   45   36  0.3248E-11  0.3232E-11
CALSDV   46   36  0.2791E-11  0.2793E-11
CALSDV   47   36  0.3000E-11  0.2979E-11
CALSDV   48   36  0.2845E-11  0.2848E-11
CALSDV   49   36  0.2911E-11  0.2889E-11
CALSDV   50   36  0.2883E-11  0.2883E-11
CALSDV   51   36  0.2958E-11  0.2937E-11
CALSDV   52   36  0.2919E-11  0.2917E-11
CALSDV   53   36  0.3044E-11  0.3028E-11
CALSDV   54   36  0.2960E-11  0.2955E-11
CALSDV   55   36  0.3085E-11  0.3074E-11
CALSDV   56   36  0.2985E-11  0.2980E-11
CALSDV   57   36  0.3035E-11  0.3025E-11
CALSDV   58   36  0.2965E-11  0.2959E-11
CALSDV   59   36  0.2885E-11  0.2881E-11
CALSDV   60   36  0.2869E-11  0.2865E-11
CALSDV   37   37  0.3044E-11  0.3026E-11
CALSDV   38   37  0.4792E-11  0.4794E-11
CALSDV   39   37  0.4927E-11  0.4920E-11
CALSDV   40   37  0.2922E-11  0.2928E-11
CALSDV   41   37  0.4071E-11  0.4067E-11
CALSDV   42   37  0.3470E-11  0.3479E-11
CALSDV   43   37  0.3078E-11  0.3079E-11
CALSDV   44   37  0.3427E-11  0.3438E-11
CALSDV   45   37  0.2731E-11  0.2729E-11
CALSDV   46   37  0.3073E-11  0.3083E-11
CALSDV   47   37  0.2824E-11  0.2824E-11
CALSDV   48   37  0.2808E-11  0.2817E-11
CALSDV   49   37  0.3013E-11  0.3010E-11
CALSDV   50   37  0.2787E-11  0.2794E-11
CALSDV   51   37  0.3162E-11  0.3156E-11
CALSDV   52   37  0.2940E-11  0.2945E-11
CALSDV   53   37  0.3239E-11  0.3234E-11
CALSDV   54   37  0.3119E-11  0.3125E-11
CALSDV   55   37  0.3237E-11  0.3233E-11
CALSDV   56   37  0.3223E-11  0.3228E-11
CALSDV   57   37  0.3142E-11  0.3140E-11
CALSDV   58   37  0.3200E-11  0.3204E-11
CALSDV   59   37  0.2954E-11  0.2953E-11
CALSDV   60   37  0.3039E-11  0.3040E-11
CALSDV   38   38  0.3494E-11  0.3444E-11
CALSDV   39   38  0.4791E-11  0.4789E-11
CALSDV   40   38  0.4722E-11  0.4688E-11
CALSDV   41   38  0.2999E-11  0.2990E-11
CALSDV   42   38  0.3841E-11  0.3827E-11
CALSDV   43   38  0.3675E-11  0.3683E-11
CALSDV   44   38  0.3097E-11  0.3090E-11
CALSDV   45   38  0.3734E-11  0.3763E-11
CALSDV   46   38  0.2940E-11  0.2948E-11
CALSDV   47   38  0.3490E-11  0.3542E-11
CALSDV   48   38  0.3016E-11  0.3039E-11
CALSDV   49   38  0.3302E-11  0.3369E-11
CALSDV   50   38  0.3090E-11  0.3123E-11
CALSDV   51   38  0.3273E-11  0.3338E-11
CALSDV   52   38  0.3136E-11  0.3172E-11
CALSDV   53   38  0.3330E-11  0.3382E-11
CALSDV   54   38  0.3170E-11  0.3204E-11
CALSDV   55   38  0.3359E-11  0.3396E-11
CALSDV   56   38  0.3185E-11  0.3211E-11
CALSDV   57   38  0.3281E-11  0.3304E-11
CALSDV   58   38  0.3147E-11  0.3166E-11
CALSDV   59   38  0.3065E-11  0.3077E-11
CALSDV   60   38  0.3016E-11  0.3016E-11
CALSDV   39   39  0.3153E-11  0.3134E-11
CALSDV   40   39  0.4960E-11  0.4962E-11
CALSDV   41   39  0.5214E-11  0.5218E-11
CALSDV   42   39  0.3152E-11  0.3166E-11
CALSDV   43   39  0.4262E-11  0.4254E-11
CALSDV   44   39  0.3726E-11  0.3733E-11
CALSDV   45   39  0.3226E-11  0.3222E-11
CALSDV   46   39  0.3606E-11  0.3614E-11
CALSDV   47   39  0.2911E-11  0.2909E-11
CALSDV   48   39  0.3193E-11  0.3204E-11
CALSDV   49   39  0.3041E-11  0.3042E-11
CALSDV   50   39  0.2942E-11  0.2952E-11
CALSDV   51   39  0.3241E-11  0.3242E-11
CALSDV   52   39  0.2984E-11  0.2989E-11
CALSDV   53   39  0.3375E-11  0.3374E-11
CALSDV   54   39  0.3176E-11  0.3176E-11
CALSDV   55   39  0.3410E-11  0.3408E-11
CALSDV   56   39  0.3337E-11  0.3334E-11
CALSDV   57   39  0.3325E-11  0.3325E-11
CALSDV   58   39  0.3355E-11  0.3353E-11
CALSDV   59   39  0.3103E-11  0.3104E-11
CALSDV   60   39  0.3178E-11  0.3181E-11
CALSDV   40   40  0.3557E-11  0.3531E-11
CALSDV   41   40  0.5026E-11  0.5028E-11
CALSDV   42   40  0.5082E-11  0.5076E-11
CALSDV   43   40  0.3231E-11  0.3244E-11
CALSDV   44   40  0.4085E-11  0.4083E-11
CALSDV   45   40  0.3933E-11  0.3934E-11
CALSDV   46   40  0.3267E-11  0.3263E-11
CALSDV   47   40  0.3995E-11  0.3994E-11
CALSDV   48   40  0.3158E-11  0.3158E-11
CALSDV   49   40  0.3796E-11  0.3797E-11
CALSDV   50   40  0.3318E-11  0.3321E-11
CALSDV   51   40  0.3681E-11  0.3681E-11
CALSDV   52   40  0.3457E-11  0.3458E-11
CALSDV   53   40  0.3682E-11  0.3682E-11
CALSDV   54   40  0.3522E-11  0.3520E-11
CALSDV   55   40  0.3683E-11  0.3686E-11
CALSDV   56   40  0.3519E-11  0.3517E-11
CALSDV   57   40  0.3569E-11  0.3571E-11
CALSDV   58   40  0.3430E-11  0.3430E-11
CALSDV   59   40  0.3274E-11  0.3276E-11
CALSDV   60   40  0.3212E-11  0.3212E-11
CALSDV   41   41  0.3361E-11  0.3378E-11
CALSDV   42   41  0.5149E-11  0.5149E-11
CALSDV   43   41  0.5531E-11  0.5544E-11
CALSDV   44   41  0.3441E-11  0.3452E-11
CALSDV   45   41  0.4439E-11  0.4442E-11
CALSDV   46   41  0.4005E-11  0.4018E-11
CALSDV   47   41  0.3367E-11  0.3372E-11
CALSDV   48   41  0.3791E-11  0.3807E-11
CALSDV   49   41  0.3117E-11  0.3125E-11
CALSDV   50   41  0.3335E-11  0.3352E-11
CALSDV   51   41  0.3301E-11  0.3312E-11
CALSDV   52   41  0.3128E-11  0.3144E-11
CALSDV   53   41  0.3506E-11  0.3517E-11
CALSDV   54   41  0.3231E-11  0.3246E-11
CALSDV   55   41  0.3594E-11  0.3605E-11
CALSDV   56   41  0.3423E-11  0.3436E-11
CALSDV   57   41  0.3528E-11  0.3536E-11
CALSDV   58   41  0.3496E-11  0.3505E-11
CALSDV   59   41  0.3270E-11  0.3277E-11
CALSDV   60   41  0.3323E-11  0.3331E-11
CALSDV   42   42  0.3625E-11  0.3589E-11
CALSDV   43   42  0.5289E-11  0.5293E-11
CALSDV   44   42  0.5555E-11  0.5539E-11
CALSDV   45   42  0.3531E-11  0.3537E-11
CALSDV   46   42  0.4387E-11  0.4374E-11
CALSDV   47   42  0.4180E-11  0.4189E-11
CALSDV   48   42  0.3446E-11  0.3444E-11
CALSDV   49   42  0.4169E-11  0.4181E-11
CALSDV   50   42  0.3394E-11  0.3408E-11
CALSDV   51   42  0.3961E-11  0.3973E-11
CALSDV   52   42  0.3664E-11  0.3681E-11
CALSDV   53   42  0.3874E-11  0.3885E-11
CALSDV   54   42  0.3857E-11  0.3872E-11
CALSDV   55   42  0.3868E-11  0.3878E-11
CALSDV   56   42  0.3897E-11  0.3904E-11
CALSDV   57   42  0.3775E-11  0.3780E-11
CALSDV   58   42  0.3774E-11  0.3776E-11
CALSDV   59   42  0.3454E-11  0.3456E-11
CALSDV   60   42  0.3453E-11  0.3455E-11
CALSDV   43   43  0.3576E-11  0.3550E-11
CALSDV   44   43  0.5329E-11  0.5326E-11
CALSDV   45   43  0.5888E-11  0.5885E-11
CALSDV   46   43  0.3752E-11  0.3748E-11
CALSDV   47   43  0.4608E-11  0.4603E-11
CALSDV   48   43  0.4277E-11  0.4282E-11
CALSDV   49   43  0.3511E-11  0.3506E-11
CALSDV   50   43  0.3960E-11  0.3969E-11
CALSDV   51   43  0.3374E-11  0.3369E-11
CALSDV   52   43  0.3490E-11  0.3502E-11
CALSDV   53   43  0.3625E-11  0.3621E-11
CALSDV   54   43  0.3363E-11  0.3370E-11
CALSDV   55   43  0.3804E-11  0.3799E-11
CALSDV   56   43  0.3517E-11  0.3519E-11
CALSDV   57   43  0.3773E-11  0.3767E-11
CALSDV   58   43  0.3638E-11  0.3638E-11
CALSDV   59   43  0.3475E-11  0.3471E-11
CALSDV   60   43  0.3481E-11  0.3479E-11
CALSDV   44   44  0.3662E-11  0.3659E-11
CALSDV   45   44  0.5608E-11  0.5617E-11
CALSDV   46   44  0.6062E-11  0.6054E-11
CALSDV   47   44  0.3885E-11  0.3881E-11
CALSDV   48   44  0.4666E-11  0.4659E-11
CALSDV   49   44  0.4470E-11  0.4469E-11
CALSDV   50   44  0.3614E-11  0.3615E-11
CALSDV   51   44  0.4406E-11  0.4409E-11
CALSDV   52   44  0.3668E-11  0.3671E-11
CALSDV   53   44  0.4206E-11  0.4207E-11
CALSDV   54   44  0.4034E-11  0.4039E-11
CALSDV   55   44  0.4121E-11  0.4119E-11
CALSDV   56   44  0.4220E-11  0.4222E-11
CALSDV   57   44  0.4013E-11  0.4011E-11
CALSDV   58   44  0.4123E-11  0.4127E-11
CALSDV   59   44  0.3659E-11  0.3656E-11
CALSDV   60   44  0.3721E-11  0.3720E-11
CALSDV   45   45  0.3861E-11  0.3864E-11
CALSDV   46   45  0.5623E-11  0.5626E-11
CALSDV   47   45  0.6304E-11  0.6285E-11
CALSDV   48   45  0.4109E-11  0.4109E-11
CALSDV   49   45  0.4775E-11  0.4765E-11
CALSDV   50   45  0.4645E-11  0.4655E-11
CALSDV   51   45  0.3737E-11  0.3706E-11
CALSDV   52   45  0.4339E-11  0.4354E-11
CALSDV   53   45  0.3801E-11  0.3771E-11
CALSDV   54   45  0.3953E-11  0.3962E-11
CALSDV   55   45  0.4099E-11  0.4069E-11
CALSDV   56   45  0.3872E-11  0.3878E-11
CALSDV   57   45  0.4127E-11  0.4103E-11
CALSDV   58   45  0.3904E-11  0.3909E-11
CALSDV   59   45  0.3758E-11  0.3743E-11
CALSDV   60   45  0.3694E-11  0.3694E-11
CALSDV   46   46  0.4298E-11  0.4291E-11
CALSDV   47   46  0.6128E-11  0.6111E-11
CALSDV   48   46  0.6603E-11  0.6587E-11
CALSDV   49   46  0.4471E-11  0.4467E-11
CALSDV   50   46  0.5093E-11  0.5090E-11
CALSDV   51   46  0.5011E-11  0.5011E-11
CALSDV   52   46  0.4028E-11  0.4033E-11
CALSDV   53   46  0.4894E-11  0.4894E-11
CALSDV   54   46  0.4093E-11  0.4102E-11
CALSDV   55   46  0.4625E-11  0.4623E-11
CALSDV   56   46  0.4388E-11  0.4400E-11
CALSDV   57   46  0.4369E-11  0.4372E-11
CALSDV   58   46  0.4394E-11  0.4410E-11
CALSDV   59   46  0.3914E-11  0.3911E-11
CALSDV   60   46  0.3970E-11  0.3977E-11
CALSDV   47   47  0.3827E-11  0.3801E-11
CALSDV   48   47  0.5809E-11  0.5804E-11
CALSDV   49   47  0.6620E-11  0.6601E-11
CALSDV   50   47  0.4466E-11  0.4459E-11
CALSDV   51   47  0.4825E-11  0.4826E-11
CALSDV   52   47  0.4915E-11  0.4909E-11
CALSDV   53   47  0.3884E-11  0.3889E-11
CALSDV   54   47  0.4544E-11  0.4524E-11
CALSDV   55   47  0.4125E-11  0.4133E-11
CALSDV   56   47  0.4202E-11  0.4189E-11
CALSDV   57   47  0.4339E-11  0.4350E-11
CALSDV   58   47  0.4119E-11  0.4114E-11
CALSDV   59   47  0.4016E-11  0.4019E-11
CALSDV   60   47  0.3893E-11  0.3888E-11
CALSDV   48   48  0.3791E-11  0.3823E-11
CALSDV   49   48  0.6185E-11  0.6189E-11
CALSDV   50   48  0.6896E-11  0.6899E-11
CALSDV   51   48  0.4479E-11  0.4483E-11
CALSDV   52   48  0.4893E-11  0.4899E-11
CALSDV   53   48  0.4855E-11  0.4859E-11
CALSDV   54   48  0.3956E-11  0.3961E-11
CALSDV   55   48  0.4664E-11  0.4662E-11
CALSDV   56   48  0.4389E-11  0.4395E-11
CALSDV   57   48  0.4425E-11  0.4428E-11
CALSDV   58   48  0.4689E-11  0.4694E-11
CALSDV   59   48  0.4048E-11  0.4050E-11
CALSDV   60   48  0.4303E-11  0.4310E-11
CALSDV   49   49  0.3542E-11  0.3556E-11
CALSDV   50   49  0.6032E-11  0.6049E-11
CALSDV   51   49  0.6802E-11  0.6809E-11
CALSDV   52   49  0.4767E-11  0.4772E-11
CALSDV   53   49  0.4730E-11  0.4730E-11
CALSDV   54   49  0.5120E-11  0.5142E-11
CALSDV   55   49  0.4051E-11  0.4050E-11
CALSDV   56   49  0.4739E-11  0.4768E-11
CALSDV   57   49  0.4404E-11  0.4404E-11
CALSDV   58   49  0.4445E-11  0.4468E-11
CALSDV   59   49  0.4257E-11  0.4258E-11
CALSDV   60   49  0.4127E-11  0.4141E-11
CALSDV   50   50  0.3723E-11  0.3712E-11
CALSDV   51   50  0.6695E-11  0.6688E-11
CALSDV   52   50  0.7131E-11  0.7126E-11
CALSDV   53   50  0.4768E-11  0.4773E-11
CALSDV   54   50  0.4814E-11  0.4811E-11
CALSDV   55   50  0.5291E-11  0.5276E-11
CALSDV   56   50  0.4203E-11  0.4209E-11
CALSDV   57   50  0.5125E-11  0.5106E-11
CALSDV   58   50  0.4716E-11  0.4721E-11
CALSDV   59   50  0.4512E-11  0.4505E-11
CALSDV   60   50  0.4555E-11  0.4560E-11
CALSDV   51   51  0.3370E-11  0.3356E-11
CALSDV   52   51  0.6544E-11  0.6551E-11
CALSDV   53   51  0.6924E-11  0.6922E-11
CALSDV   54   51  0.5120E-11  0.5132E-11
CALSDV   55   51  0.4713E-11  0.4705E-11
CALSDV   56   51  0.5608E-11  0.5632E-11
CALSDV   57   51  0.4467E-11  0.4455E-11
CALSDV   58   51  0.5282E-11  0.5300E-11
CALSDV   59   51  0.4520E-11  0.4515E-11
CALSDV   60   51  0.4632E-11  0.4645E-11
CALSDV   52   52  0.3534E-11  0.3559E-11
CALSDV   53   52  0.6951E-11  0.6952E-11
CALSDV   54   52  0.7125E-11  0.7122E-11
CALSDV   55   52  0.5088E-11  0.5089E-11
CALSDV   56   52  0.4639E-11  0.4639E-11
CALSDV   57   52  0.5670E-11  0.5680E-11
CALSDV   58   52  0.4550E-11  0.4555E-11
CALSDV   59   52  0.5071E-11  0.5075E-11
CALSDV   60   52  0.4742E-11  0.4741E-11
CALSDV   53   53  0.3112E-11  0.3105E-11
CALSDV   54   53  0.6992E-11  0.6961E-11
CALSDV   55   53  0.6875E-11  0.6862E-11
CALSDV   56   53  0.5518E-11  0.5521E-11
CALSDV   57   53  0.4828E-11  0.4838E-11
CALSDV   58   53  0.6130E-11  0.6150E-11
CALSDV   59   53  0.4741E-11  0.4755E-11
CALSDV   60   53  0.5364E-11  0.5384E-11
CALSDV   54   54  0.3377E-11  0.3391E-11
CALSDV   55   54  0.6696E-11  0.6703E-11
CALSDV   56   54  0.6882E-11  0.6883E-11
CALSDV   57   54  0.5530E-11  0.5521E-11
CALSDV   58   54  0.4608E-11  0.4615E-11
CALSDV   59   54  0.5715E-11  0.5711E-11
CALSDV   60   54  0.4842E-11  0.4837E-11
CALSDV   55   55  0.3259E-11  0.3235E-11
CALSDV   56   55  0.6882E-11  0.6919E-11
CALSDV   57   55  0.6869E-11  0.6867E-11
CALSDV   58   55  0.6080E-11  0.6107E-11
CALSDV   59   55  0.5258E-11  0.5261E-11
CALSDV   60   55  0.6238E-11  0.6260E-11
CALSDV   56   56  0.3487E-11  0.3490E-11
CALSDV   57   56  0.5627E-11  0.5659E-11
CALSDV   58   56  0.6702E-11  0.6626E-11
CALSDV   59   56  0.5998E-11  0.6013E-11
CALSDV   60   56  0.5135E-11  0.5070E-11
CALSDV   57   57  0.3654E-11  0.3670E-11
CALSDV   58   57  0.5888E-11  0.5887E-11
CALSDV   59   57  0.7374E-11  0.7404E-11
CALSDV   60   57  0.6466E-11  0.6476E-11
CALSDV   58   58  0.3824E-11  0.3803E-11
CALSDV   59   58  0.4208E-11  0.4190E-11
CALSDV   60   58  0.7267E-11  0.7267E-11
CALSDV   59   59  0.2955E-11  0.2969E-11
CALSDV   60   59  0.4590E-11  0.4606E-11
CALSDV   60   60  0.3670E-11  0.3667E-11
