  This file contains calibrated standard deviations 
       The relevant data lines start with key CALSDV 
       Each such line contains the following data 
           N   M   C_SIGMA   S_SIGMA 
                 FOR M=0 S_SIGMA=0.0 
     
CALSDV    0    0  0.0000E+00  0.0000E+00
CALSDV    1    0  0.0000E+00  0.0000E+00
CALSDV    2    0  0.3683E-10  0.0000E+00
CALSDV    3    0  0.8240E-11  0.0000E+00
CALSDV    4    0  0.3046E-11  0.0000E+00
CALSDV    5    0  0.2096E-11  0.0000E+00
CALSDV    6    0  0.1584E-11  0.0000E+00
CALSDV    7    0  0.1281E-11  0.0000E+00
CALSDV    8    0  0.1083E-11  0.0000E+00
CALSDV    9    0  0.9415E-12  0.0000E+00
CALSDV   10    0  0.8397E-12  0.0000E+00
CALSDV   11    0  0.7623E-12  0.0000E+00
CALSDV   12    0  0.7036E-12  0.0000E+00
CALSDV   13    0  0.6570E-12  0.0000E+00
CALSDV   14    0  0.6205E-12  0.0000E+00
CALSDV   15    0  0.5914E-12  0.0000E+00
CALSDV   16    0  0.5684E-12  0.0000E+00
CALSDV   17    0  0.5500E-12  0.0000E+00
CALSDV   18    0  0.5355E-12  0.0000E+00
CALSDV   19    0  0.5244E-12  0.0000E+00
CALSDV   20    0  0.5160E-12  0.0000E+00
CALSDV   21    0  0.5100E-12  0.0000E+00
CALSDV   22    0  0.5061E-12  0.0000E+00
CALSDV   23    0  0.5040E-12  0.0000E+00
CALSDV   24    0  0.5039E-12  0.0000E+00
CALSDV   25    0  0.5052E-12  0.0000E+00
CALSDV   26    0  0.5081E-12  0.0000E+00
CALSDV   27    0  0.5123E-12  0.0000E+00
CALSDV   28    0  0.5178E-12  0.0000E+00
CALSDV   29    0  0.5246E-12  0.0000E+00
CALSDV   30    0  0.5326E-12  0.0000E+00
CALSDV   31    0  0.5418E-12  0.0000E+00
CALSDV   32    0  0.5522E-12  0.0000E+00
CALSDV   33    0  0.5639E-12  0.0000E+00
CALSDV   34    0  0.5767E-12  0.0000E+00
CALSDV   35    0  0.5907E-12  0.0000E+00
CALSDV   36    0  0.6061E-12  0.0000E+00
CALSDV   37    0  0.6226E-12  0.0000E+00
CALSDV   38    0  0.6406E-12  0.0000E+00
CALSDV   39    0  0.6599E-12  0.0000E+00
CALSDV   40    0  0.6806E-12  0.0000E+00
CALSDV   41    0  0.7027E-12  0.0000E+00
CALSDV   42    0  0.7264E-12  0.0000E+00
CALSDV   43    0  0.7517E-12  0.0000E+00
CALSDV   44    0  0.7786E-12  0.0000E+00
CALSDV   45    0  0.8073E-12  0.0000E+00
CALSDV   46    0  0.8378E-12  0.0000E+00
CALSDV   47    0  0.8703E-12  0.0000E+00
CALSDV   48    0  0.9048E-12  0.0000E+00
CALSDV   49    0  0.9413E-12  0.0000E+00
CALSDV   50    0  0.9804E-12  0.0000E+00
CALSDV   51    0  0.1021E-11  0.0000E+00
CALSDV   52    0  0.1065E-11  0.0000E+00
CALSDV   53    0  0.1111E-11  0.0000E+00
CALSDV   54    0  0.1161E-11  0.0000E+00
CALSDV   55    0  0.1212E-11  0.0000E+00
CALSDV   56    0  0.1267E-11  0.0000E+00
CALSDV   57    0  0.1320E-11  0.0000E+00
CALSDV   58    0  0.1382E-11  0.0000E+00
CALSDV   59    0  0.1301E-11  0.0000E+00
CALSDV   60    0  0.1364E-11  0.0000E+00
CALSDV    1    1  0.0000E+00  0.0000E+00
CALSDV    2    1  0.1968E-10  0.1981E-10
CALSDV    3    1  0.6142E-11  0.6106E-11
CALSDV    4    1  0.3226E-11  0.3232E-11
CALSDV    5    1  0.2199E-11  0.2203E-11
CALSDV    6    1  0.1655E-11  0.1660E-11
CALSDV    7    1  0.1329E-11  0.1333E-11
CALSDV    8    1  0.1114E-11  0.1118E-11
CALSDV    9    1  0.9654E-12  0.9681E-12
CALSDV   10    1  0.8560E-12  0.8594E-12
CALSDV   11    1  0.7755E-12  0.7785E-12
CALSDV   12    1  0.7137E-12  0.7164E-12
CALSDV   13    1  0.6654E-12  0.6677E-12
CALSDV   14    1  0.6273E-12  0.6298E-12
CALSDV   15    1  0.5971E-12  0.5993E-12
CALSDV   16    1  0.5731E-12  0.5751E-12
CALSDV   17    1  0.5540E-12  0.5559E-12
CALSDV   18    1  0.5390E-12  0.5407E-12
CALSDV   19    1  0.5272E-12  0.5291E-12
CALSDV   20    1  0.5185E-12  0.5203E-12
CALSDV   21    1  0.5124E-12  0.5140E-12
CALSDV   22    1  0.5081E-12  0.5098E-12
CALSDV   23    1  0.5059E-12  0.5076E-12
CALSDV   24    1  0.5054E-12  0.5071E-12
CALSDV   25    1  0.5067E-12  0.5084E-12
CALSDV   26    1  0.5093E-12  0.5110E-12
CALSDV   27    1  0.5134E-12  0.5152E-12
CALSDV   28    1  0.5187E-12  0.5205E-12
CALSDV   29    1  0.5255E-12  0.5273E-12
CALSDV   30    1  0.5334E-12  0.5352E-12
CALSDV   31    1  0.5425E-12  0.5444E-12
CALSDV   32    1  0.5528E-12  0.5547E-12
CALSDV   33    1  0.5644E-12  0.5664E-12
CALSDV   34    1  0.5771E-12  0.5791E-12
CALSDV   35    1  0.5912E-12  0.5933E-12
CALSDV   36    1  0.6063E-12  0.6084E-12
CALSDV   37    1  0.6229E-12  0.6251E-12
CALSDV   38    1  0.6407E-12  0.6430E-12
CALSDV   39    1  0.6599E-12  0.6623E-12
CALSDV   40    1  0.6806E-12  0.6830E-12
CALSDV   41    1  0.7027E-12  0.7052E-12
CALSDV   42    1  0.7263E-12  0.7289E-12
CALSDV   43    1  0.7515E-12  0.7542E-12
CALSDV   44    1  0.7783E-12  0.7812E-12
CALSDV   45    1  0.8070E-12  0.8099E-12
CALSDV   46    1  0.8375E-12  0.8405E-12
CALSDV   47    1  0.8698E-12  0.8730E-12
CALSDV   48    1  0.9043E-12  0.9075E-12
CALSDV   49    1  0.9409E-12  0.9442E-12
CALSDV   50    1  0.9796E-12  0.9832E-12
CALSDV   51    1  0.1021E-11  0.1024E-11
CALSDV   52    1  0.1065E-11  0.1068E-11
CALSDV   53    1  0.1111E-11  0.1114E-11
CALSDV   54    1  0.1160E-11  0.1164E-11
CALSDV   55    1  0.1211E-11  0.1215E-11
CALSDV   56    1  0.1266E-11  0.1271E-11
CALSDV   57    1  0.1319E-11  0.1324E-11
CALSDV   58    1  0.1381E-11  0.1386E-11
CALSDV   59    1  0.1302E-11  0.1308E-11
CALSDV   60    1  0.1365E-11  0.1370E-11
CALSDV    2    2  0.1834E-10  0.2209E-10
CALSDV    3    2  0.9211E-11  0.9241E-11
CALSDV    4    2  0.4483E-11  0.4489E-11
CALSDV    5    2  0.2798E-11  0.2794E-11
CALSDV    6    2  0.2027E-11  0.2027E-11
CALSDV    7    2  0.1555E-11  0.1556E-11
CALSDV    8    2  0.1277E-11  0.1278E-11
CALSDV    9    2  0.1076E-11  0.1077E-11
CALSDV   10    2  0.9430E-12  0.9441E-12
CALSDV   11    2  0.8402E-12  0.8411E-12
CALSDV   12    2  0.7663E-12  0.7674E-12
CALSDV   13    2  0.7074E-12  0.7081E-12
CALSDV   14    2  0.6623E-12  0.6632E-12
CALSDV   15    2  0.6265E-12  0.6270E-12
CALSDV   16    2  0.5984E-12  0.5991E-12
CALSDV   17    2  0.5756E-12  0.5764E-12
CALSDV   18    2  0.5581E-12  0.5587E-12
CALSDV   19    2  0.5442E-12  0.5448E-12
CALSDV   20    2  0.5337E-12  0.5343E-12
CALSDV   21    2  0.5259E-12  0.5265E-12
CALSDV   22    2  0.5204E-12  0.5212E-12
CALSDV   23    2  0.5173E-12  0.5177E-12
CALSDV   24    2  0.5159E-12  0.5166E-12
CALSDV   25    2  0.5163E-12  0.5169E-12
CALSDV   26    2  0.5183E-12  0.5189E-12
CALSDV   27    2  0.5219E-12  0.5225E-12
CALSDV   28    2  0.5268E-12  0.5274E-12
CALSDV   29    2  0.5330E-12  0.5337E-12
CALSDV   30    2  0.5405E-12  0.5412E-12
CALSDV   31    2  0.5494E-12  0.5500E-12
CALSDV   32    2  0.5594E-12  0.5600E-12
CALSDV   33    2  0.5707E-12  0.5714E-12
CALSDV   34    2  0.5833E-12  0.5839E-12
CALSDV   35    2  0.5971E-12  0.5978E-12
CALSDV   36    2  0.6122E-12  0.6129E-12
CALSDV   37    2  0.6285E-12  0.6292E-12
CALSDV   38    2  0.6462E-12  0.6470E-12
CALSDV   39    2  0.6654E-12  0.6661E-12
CALSDV   40    2  0.6859E-12  0.6866E-12
CALSDV   41    2  0.7079E-12  0.7087E-12
CALSDV   42    2  0.7315E-12  0.7323E-12
CALSDV   43    2  0.7567E-12  0.7575E-12
CALSDV   44    2  0.7835E-12  0.7844E-12
CALSDV   45    2  0.8121E-12  0.8129E-12
CALSDV   46    2  0.8425E-12  0.8434E-12
CALSDV   47    2  0.8750E-12  0.8759E-12
CALSDV   48    2  0.9094E-12  0.9104E-12
CALSDV   49    2  0.9458E-12  0.9468E-12
CALSDV   50    2  0.9848E-12  0.9859E-12
CALSDV   51    2  0.1026E-11  0.1027E-11
CALSDV   52    2  0.1070E-11  0.1071E-11
CALSDV   53    2  0.1116E-11  0.1117E-11
CALSDV   54    2  0.1165E-11  0.1167E-11
CALSDV   55    2  0.1217E-11  0.1218E-11
CALSDV   56    2  0.1272E-11  0.1274E-11
CALSDV   57    2  0.1326E-11  0.1328E-11
CALSDV   58    2  0.1388E-11  0.1390E-11
CALSDV   59    2  0.1322E-11  0.1323E-11
CALSDV   60    2  0.1384E-11  0.1385E-11
CALSDV    3    3  0.2104E-10  0.2093E-10
CALSDV    4    3  0.8936E-11  0.9000E-11
CALSDV    5    3  0.5963E-11  0.5980E-11
CALSDV    6    3  0.3166E-11  0.3168E-11
CALSDV    7    3  0.2858E-11  0.2860E-11
CALSDV    8    3  0.1764E-11  0.1760E-11
CALSDV    9    3  0.1709E-11  0.1712E-11
CALSDV   10    3  0.1197E-11  0.1197E-11
CALSDV   11    3  0.1190E-11  0.1192E-11
CALSDV   12    3  0.9190E-12  0.9179E-12
CALSDV   13    3  0.9183E-12  0.9195E-12
CALSDV   14    3  0.7618E-12  0.7618E-12
CALSDV   15    3  0.7631E-12  0.7637E-12
CALSDV   16    3  0.6672E-12  0.6671E-12
CALSDV   17    3  0.6696E-12  0.6702E-12
CALSDV   18    3  0.6087E-12  0.6085E-12
CALSDV   19    3  0.6118E-12  0.6122E-12
CALSDV   20    3  0.5723E-12  0.5724E-12
CALSDV   21    3  0.5767E-12  0.5770E-12
CALSDV   22    3  0.5511E-12  0.5512E-12
CALSDV   23    3  0.5566E-12  0.5570E-12
CALSDV   24    3  0.5409E-12  0.5411E-12
CALSDV   25    3  0.5479E-12  0.5482E-12
CALSDV   26    3  0.5394E-12  0.5395E-12
CALSDV   27    3  0.5477E-12  0.5480E-12
CALSDV   28    3  0.5447E-12  0.5450E-12
CALSDV   29    3  0.5548E-12  0.5551E-12
CALSDV   30    3  0.5563E-12  0.5566E-12
CALSDV   31    3  0.5680E-12  0.5683E-12
CALSDV   32    3  0.5733E-12  0.5736E-12
CALSDV   33    3  0.5870E-12  0.5874E-12
CALSDV   34    3  0.5959E-12  0.5962E-12
CALSDV   35    3  0.6116E-12  0.6119E-12
CALSDV   36    3  0.6236E-12  0.6240E-12
CALSDV   37    3  0.6416E-12  0.6421E-12
CALSDV   38    3  0.6569E-12  0.6573E-12
CALSDV   39    3  0.6773E-12  0.6777E-12
CALSDV   40    3  0.6959E-12  0.6963E-12
CALSDV   41    3  0.7189E-12  0.7195E-12
CALSDV   42    3  0.7409E-12  0.7413E-12
CALSDV   43    3  0.7669E-12  0.7675E-12
CALSDV   44    3  0.7925E-12  0.7929E-12
CALSDV   45    3  0.8219E-12  0.8224E-12
CALSDV   46    3  0.8513E-12  0.8517E-12
CALSDV   47    3  0.8843E-12  0.8849E-12
CALSDV   48    3  0.9178E-12  0.9184E-12
CALSDV   49    3  0.9551E-12  0.9557E-12
CALSDV   50    3  0.9931E-12  0.9937E-12
CALSDV   51    3  0.1035E-11  0.1036E-11
CALSDV   52    3  0.1078E-11  0.1079E-11
CALSDV   53    3  0.1125E-11  0.1126E-11
CALSDV   54    3  0.1174E-11  0.1175E-11
CALSDV   55    3  0.1227E-11  0.1227E-11
CALSDV   56    3  0.1282E-11  0.1282E-11
CALSDV   57    3  0.1338E-11  0.1339E-11
CALSDV   58    3  0.1400E-11  0.1401E-11
CALSDV   59    3  0.1356E-11  0.1358E-11
CALSDV   60    3  0.1418E-11  0.1419E-11
CALSDV    4    4  0.1100E-10  0.1126E-10
CALSDV    5    4  0.8769E-11  0.8792E-11
CALSDV    6    4  0.3799E-11  0.3795E-11
CALSDV    7    4  0.3239E-11  0.3231E-11
CALSDV    8    4  0.2055E-11  0.2053E-11
CALSDV    9    4  0.1774E-11  0.1775E-11
CALSDV   10    4  0.1353E-11  0.1355E-11
CALSDV   11    4  0.1213E-11  0.1213E-11
CALSDV   12    4  0.1013E-11  0.1016E-11
CALSDV   13    4  0.9384E-12  0.9384E-12
CALSDV   14    4  0.8276E-12  0.8295E-12
CALSDV   15    4  0.7855E-12  0.7859E-12
CALSDV   16    4  0.7170E-12  0.7187E-12
CALSDV   17    4  0.6927E-12  0.6931E-12
CALSDV   18    4  0.6484E-12  0.6498E-12
CALSDV   19    4  0.6348E-12  0.6352E-12
CALSDV   20    4  0.6053E-12  0.6067E-12
CALSDV   21    4  0.5985E-12  0.5988E-12
CALSDV   22    4  0.5793E-12  0.5804E-12
CALSDV   23    4  0.5774E-12  0.5778E-12
CALSDV   24    4  0.5655E-12  0.5665E-12
CALSDV   25    4  0.5673E-12  0.5675E-12
CALSDV   26    4  0.5611E-12  0.5620E-12
CALSDV   27    4  0.5659E-12  0.5662E-12
CALSDV   28    4  0.5643E-12  0.5650E-12
CALSDV   29    4  0.5718E-12  0.5721E-12
CALSDV   30    4  0.5741E-12  0.5747E-12
CALSDV   31    4  0.5839E-12  0.5843E-12
CALSDV   32    4  0.5898E-12  0.5904E-12
CALSDV   33    4  0.6020E-12  0.6024E-12
CALSDV   34    4  0.6111E-12  0.6117E-12
CALSDV   35    4  0.6257E-12  0.6261E-12
CALSDV   36    4  0.6381E-12  0.6385E-12
CALSDV   37    4  0.6551E-12  0.6554E-12
CALSDV   38    4  0.6705E-12  0.6709E-12
CALSDV   39    4  0.6902E-12  0.6906E-12
CALSDV   40    4  0.7087E-12  0.7092E-12
CALSDV   41    4  0.7313E-12  0.7316E-12
CALSDV   42    4  0.7532E-12  0.7537E-12
CALSDV   43    4  0.7789E-12  0.7793E-12
CALSDV   44    4  0.8044E-12  0.8048E-12
CALSDV   45    4  0.8334E-12  0.8338E-12
CALSDV   46    4  0.8627E-12  0.8632E-12
CALSDV   47    4  0.8956E-12  0.8959E-12
CALSDV   48    4  0.9291E-12  0.9295E-12
CALSDV   49    4  0.9659E-12  0.9665E-12
CALSDV   50    4  0.1004E-11  0.1005E-11
CALSDV   51    4  0.1046E-11  0.1046E-11
CALSDV   52    4  0.1089E-11  0.1090E-11
CALSDV   53    4  0.1136E-11  0.1137E-11
CALSDV   54    4  0.1185E-11  0.1185E-11
CALSDV   55    4  0.1238E-11  0.1238E-11
CALSDV   56    4  0.1293E-11  0.1294E-11
CALSDV   57    4  0.1352E-11  0.1352E-11
CALSDV   58    4  0.1413E-11  0.1414E-11
CALSDV   59    4  0.1389E-11  0.1390E-11
CALSDV   60    4  0.1452E-11  0.1453E-11
CALSDV    5    5  0.1509E-10  0.1507E-10
CALSDV    6    5  0.6588E-11  0.6598E-11
CALSDV    7    5  0.4277E-11  0.4267E-11
CALSDV    8    5  0.2613E-11  0.2614E-11
CALSDV    9    5  0.2518E-11  0.2511E-11
CALSDV   10    5  0.1617E-11  0.1616E-11
CALSDV   11    5  0.1731E-11  0.1728E-11
CALSDV   12    5  0.1216E-11  0.1215E-11
CALSDV   13    5  0.1299E-11  0.1298E-11
CALSDV   14    5  0.9950E-12  0.9940E-12
CALSDV   15    5  0.1042E-11  0.1041E-11
CALSDV   16    5  0.8556E-12  0.8544E-12
CALSDV   17    5  0.8801E-12  0.8791E-12
CALSDV   18    5  0.7624E-12  0.7615E-12
CALSDV   19    5  0.7754E-12  0.7746E-12
CALSDV   20    5  0.6994E-12  0.6989E-12
CALSDV   21    5  0.7072E-12  0.7066E-12
CALSDV   22    5  0.6579E-12  0.6573E-12
CALSDV   23    5  0.6630E-12  0.6627E-12
CALSDV   24    5  0.6314E-12  0.6312E-12
CALSDV   25    5  0.6365E-12  0.6363E-12
CALSDV   26    5  0.6171E-12  0.6168E-12
CALSDV   27    5  0.6229E-12  0.6226E-12
CALSDV   28    5  0.6125E-12  0.6123E-12
CALSDV   29    5  0.6195E-12  0.6192E-12
CALSDV   30    5  0.6160E-12  0.6157E-12
CALSDV   31    5  0.6245E-12  0.6243E-12
CALSDV   32    5  0.6266E-12  0.6264E-12
CALSDV   33    5  0.6371E-12  0.6370E-12
CALSDV   34    5  0.6438E-12  0.6436E-12
CALSDV   35    5  0.6566E-12  0.6564E-12
CALSDV   36    5  0.6671E-12  0.6670E-12
CALSDV   37    5  0.6824E-12  0.6823E-12
CALSDV   38    5  0.6968E-12  0.6967E-12
CALSDV   39    5  0.7147E-12  0.7145E-12
CALSDV   40    5  0.7328E-12  0.7326E-12
CALSDV   41    5  0.7536E-12  0.7534E-12
CALSDV   42    5  0.7753E-12  0.7751E-12
CALSDV   43    5  0.7992E-12  0.7990E-12
CALSDV   44    5  0.8248E-12  0.8246E-12
CALSDV   45    5  0.8522E-12  0.8520E-12
CALSDV   46    5  0.8818E-12  0.8815E-12
CALSDV   47    5  0.9130E-12  0.9128E-12
CALSDV   48    5  0.9468E-12  0.9466E-12
CALSDV   49    5  0.9824E-12  0.9823E-12
CALSDV   50    5  0.1021E-11  0.1021E-11
CALSDV   51    5  0.1061E-11  0.1061E-11
CALSDV   52    5  0.1105E-11  0.1105E-11
CALSDV   53    5  0.1151E-11  0.1151E-11
CALSDV   54    5  0.1200E-11  0.1200E-11
CALSDV   55    5  0.1253E-11  0.1252E-11
CALSDV   56    5  0.1308E-11  0.1308E-11
CALSDV   57    5  0.1367E-11  0.1367E-11
CALSDV   58    5  0.1430E-11  0.1430E-11
CALSDV   59    5  0.1421E-11  0.1421E-11
CALSDV   60    5  0.1487E-11  0.1486E-11
CALSDV    6    6  0.7751E-11  0.7640E-11
CALSDV    7    6  0.8286E-11  0.8262E-11
CALSDV    8    6  0.3769E-11  0.3732E-11
CALSDV    9    6  0.3849E-11  0.3841E-11
CALSDV   10    6  0.2348E-11  0.2331E-11
CALSDV   11    6  0.2259E-11  0.2254E-11
CALSDV   12    6  0.1595E-11  0.1587E-11
CALSDV   13    6  0.1555E-11  0.1550E-11
CALSDV   14    6  0.1191E-11  0.1188E-11
CALSDV   15    6  0.1187E-11  0.1186E-11
CALSDV   16    6  0.9639E-12  0.9617E-12
CALSDV   17    6  0.9770E-12  0.9755E-12
CALSDV   18    6  0.8283E-12  0.8278E-12
CALSDV   19    6  0.8472E-12  0.8466E-12
CALSDV   20    6  0.7451E-12  0.7447E-12
CALSDV   21    6  0.7646E-12  0.7647E-12
CALSDV   22    6  0.6929E-12  0.6933E-12
CALSDV   23    6  0.7119E-12  0.7122E-12
CALSDV   24    6  0.6614E-12  0.6617E-12
CALSDV   25    6  0.6793E-12  0.6794E-12
CALSDV   26    6  0.6440E-12  0.6444E-12
CALSDV   27    6  0.6612E-12  0.6617E-12
CALSDV   28    6  0.6376E-12  0.6381E-12
CALSDV   29    6  0.6545E-12  0.6548E-12
CALSDV   30    6  0.6397E-12  0.6402E-12
CALSDV   31    6  0.6569E-12  0.6573E-12
CALSDV   32    6  0.6495E-12  0.6498E-12
CALSDV   33    6  0.6671E-12  0.6673E-12
CALSDV   34    6  0.6659E-12  0.6662E-12
CALSDV   35    6  0.6845E-12  0.6850E-12
CALSDV   36    6  0.6887E-12  0.6888E-12
CALSDV   37    6  0.7088E-12  0.7089E-12
CALSDV   38    6  0.7175E-12  0.7180E-12
CALSDV   39    6  0.7394E-12  0.7399E-12
CALSDV   40    6  0.7530E-12  0.7532E-12
CALSDV   41    6  0.7770E-12  0.7773E-12
CALSDV   42    6  0.7947E-12  0.7953E-12
CALSDV   43    6  0.8213E-12  0.8218E-12
CALSDV   44    6  0.8437E-12  0.8440E-12
CALSDV   45    6  0.8733E-12  0.8736E-12
CALSDV   46    6  0.9000E-12  0.9005E-12
CALSDV   47    6  0.9330E-12  0.9334E-12
CALSDV   48    6  0.9646E-12  0.9650E-12
CALSDV   49    6  0.1001E-11  0.1002E-11
CALSDV   50    6  0.1038E-11  0.1039E-11
CALSDV   51    6  0.1080E-11  0.1080E-11
CALSDV   52    6  0.1122E-11  0.1122E-11
CALSDV   53    6  0.1168E-11  0.1169E-11
CALSDV   54    6  0.1217E-11  0.1217E-11
CALSDV   55    6  0.1270E-11  0.1270E-11
CALSDV   56    6  0.1324E-11  0.1325E-11
CALSDV   57    6  0.1385E-11  0.1385E-11
CALSDV   58    6  0.1446E-11  0.1447E-11
CALSDV   59    6  0.1456E-11  0.1457E-11
CALSDV   60    6  0.1520E-11  0.1521E-11
CALSDV    7    7  0.1123E-10  0.1100E-10
CALSDV    8    7  0.6198E-11  0.6172E-11
CALSDV    9    7  0.3937E-11  0.3897E-11
CALSDV   10    7  0.2564E-11  0.2544E-11
CALSDV   11    7  0.2343E-11  0.2328E-11
CALSDV   12    7  0.1569E-11  0.1549E-11
CALSDV   13    7  0.1612E-11  0.1602E-11
CALSDV   14    7  0.1242E-11  0.1232E-11
CALSDV   15    7  0.1228E-11  0.1220E-11
CALSDV   16    7  0.1078E-11  0.1072E-11
CALSDV   17    7  0.1013E-11  0.1005E-11
CALSDV   18    7  0.9680E-12  0.9640E-12
CALSDV   19    7  0.8829E-12  0.8756E-12
CALSDV   20    7  0.8860E-12  0.8839E-12
CALSDV   21    7  0.8004E-12  0.7954E-12
CALSDV   22    7  0.8249E-12  0.8235E-12
CALSDV   23    7  0.7482E-12  0.7439E-12
CALSDV   24    7  0.7807E-12  0.7796E-12
CALSDV   25    7  0.7156E-12  0.7120E-12
CALSDV   26    7  0.7502E-12  0.7491E-12
CALSDV   27    7  0.6970E-12  0.6938E-12
CALSDV   28    7  0.7312E-12  0.7303E-12
CALSDV   29    7  0.6892E-12  0.6869E-12
CALSDV   30    7  0.7224E-12  0.7212E-12
CALSDV   31    7  0.6906E-12  0.6878E-12
CALSDV   32    7  0.7222E-12  0.7212E-12
CALSDV   33    7  0.6993E-12  0.6970E-12
CALSDV   34    7  0.7302E-12  0.7291E-12
CALSDV   35    7  0.7153E-12  0.7131E-12
CALSDV   36    7  0.7458E-12  0.7446E-12
CALSDV   37    7  0.7380E-12  0.7362E-12
CALSDV   38    7  0.7686E-12  0.7672E-12
CALSDV   39    7  0.7674E-12  0.7655E-12
CALSDV   40    7  0.7987E-12  0.7973E-12
CALSDV   41    7  0.8037E-12  0.8017E-12
CALSDV   42    7  0.8361E-12  0.8345E-12
CALSDV   43    7  0.8469E-12  0.8448E-12
CALSDV   44    7  0.8811E-12  0.8794E-12
CALSDV   45    7  0.8976E-12  0.8955E-12
CALSDV   46    7  0.9342E-12  0.9324E-12
CALSDV   47    7  0.9562E-12  0.9539E-12
CALSDV   48    7  0.9959E-12  0.9937E-12
CALSDV   49    7  0.1024E-11  0.1021E-11
CALSDV   50    7  0.1067E-11  0.1065E-11
CALSDV   51    7  0.1101E-11  0.1098E-11
CALSDV   52    7  0.1148E-11  0.1146E-11
CALSDV   53    7  0.1189E-11  0.1186E-11
CALSDV   54    7  0.1241E-11  0.1239E-11
CALSDV   55    7  0.1289E-11  0.1286E-11
CALSDV   56    7  0.1348E-11  0.1345E-11
CALSDV   57    7  0.1404E-11  0.1401E-11
CALSDV   58    7  0.1470E-11  0.1466E-11
CALSDV   59    7  0.1487E-11  0.1484E-11
CALSDV   60    7  0.1558E-11  0.1555E-11
CALSDV    8    8  0.5676E-11  0.5695E-11
CALSDV    9    8  0.5820E-11  0.5699E-11
CALSDV   10    8  0.3645E-11  0.3618E-11
CALSDV   11    8  0.3131E-11  0.3057E-11
CALSDV   12    8  0.2627E-11  0.2595E-11
CALSDV   13    8  0.2203E-11  0.2141E-11
CALSDV   14    8  0.1890E-11  0.1867E-11
CALSDV   15    8  0.1714E-11  0.1695E-11
CALSDV   16    8  0.1437E-11  0.1422E-11
CALSDV   17    8  0.1414E-11  0.1405E-11
CALSDV   18    8  0.1164E-11  0.1152E-11
CALSDV   19    8  0.1208E-11  0.1205E-11
CALSDV   20    8  0.9982E-12  0.9879E-12
CALSDV   21    8  0.1065E-11  0.1063E-11
CALSDV   22    8  0.8938E-12  0.8857E-12
CALSDV   23    8  0.9629E-12  0.9611E-12
CALSDV   24    8  0.8287E-12  0.8211E-12
CALSDV   25    8  0.8917E-12  0.8898E-12
CALSDV   26    8  0.7881E-12  0.7819E-12
CALSDV   27    8  0.8428E-12  0.8411E-12
CALSDV   28    8  0.7645E-12  0.7589E-12
CALSDV   29    8  0.8115E-12  0.8093E-12
CALSDV   30    8  0.7539E-12  0.7493E-12
CALSDV   31    8  0.7941E-12  0.7922E-12
CALSDV   32    8  0.7533E-12  0.7490E-12
CALSDV   33    8  0.7882E-12  0.7862E-12
CALSDV   34    8  0.7609E-12  0.7572E-12
CALSDV   35    8  0.7923E-12  0.7905E-12
CALSDV   36    8  0.7764E-12  0.7732E-12
CALSDV   37    8  0.8054E-12  0.8037E-12
CALSDV   38    8  0.7990E-12  0.7963E-12
CALSDV   39    8  0.8270E-12  0.8253E-12
CALSDV   40    8  0.8288E-12  0.8263E-12
CALSDV   41    8  0.8567E-12  0.8549E-12
CALSDV   42    8  0.8657E-12  0.8636E-12
CALSDV   43    8  0.8944E-12  0.8928E-12
CALSDV   44    8  0.9101E-12  0.9080E-12
CALSDV   45    8  0.9402E-12  0.9387E-12
CALSDV   46    8  0.9624E-12  0.9604E-12
CALSDV   47    8  0.9949E-12  0.9933E-12
CALSDV   48    8  0.1023E-11  0.1021E-11
CALSDV   49    8  0.1059E-11  0.1057E-11
CALSDV   50    8  0.1093E-11  0.1091E-11
CALSDV   51    8  0.1133E-11  0.1131E-11
CALSDV   52    8  0.1173E-11  0.1172E-11
CALSDV   53    8  0.1218E-11  0.1216E-11
CALSDV   54    8  0.1265E-11  0.1263E-11
CALSDV   55    8  0.1316E-11  0.1314E-11
CALSDV   56    8  0.1370E-11  0.1368E-11
CALSDV   57    8  0.1430E-11  0.1428E-11
CALSDV   58    8  0.1492E-11  0.1490E-11
CALSDV   59    8  0.1528E-11  0.1526E-11
CALSDV   60    8  0.1594E-11  0.1592E-11
CALSDV    9    9  0.7949E-11  0.7867E-11
CALSDV   10    9  0.5650E-11  0.5677E-11
CALSDV   11    9  0.3755E-11  0.3756E-11
CALSDV   12    9  0.2557E-11  0.2573E-11
CALSDV   13    9  0.2456E-11  0.2464E-11
CALSDV   14    9  0.1611E-11  0.1610E-11
CALSDV   15    9  0.1686E-11  0.1691E-11
CALSDV   16    9  0.1302E-11  0.1300E-11
CALSDV   17    9  0.1257E-11  0.1260E-11
CALSDV   18    9  0.1157E-11  0.1155E-11
CALSDV   19    9  0.1027E-11  0.1029E-11
CALSDV   20    9  0.1060E-11  0.1058E-11
CALSDV   21    9  0.9047E-12  0.9053E-12
CALSDV   22    9  0.9853E-12  0.9841E-12
CALSDV   23    9  0.8388E-12  0.8387E-12
CALSDV   24    9  0.9277E-12  0.9271E-12
CALSDV   25    9  0.8026E-12  0.8023E-12
CALSDV   26    9  0.8848E-12  0.8847E-12
CALSDV   27    9  0.7840E-12  0.7839E-12
CALSDV   28    9  0.8548E-12  0.8545E-12
CALSDV   29    9  0.7764E-12  0.7759E-12
CALSDV   30    9  0.8358E-12  0.8358E-12
CALSDV   31    9  0.7774E-12  0.7768E-12
CALSDV   32    9  0.8266E-12  0.8268E-12
CALSDV   33    9  0.7847E-12  0.7847E-12
CALSDV   34    9  0.8271E-12  0.8268E-12
CALSDV   35    9  0.7989E-12  0.7983E-12
CALSDV   36    9  0.8355E-12  0.8355E-12
CALSDV   37    9  0.8190E-12  0.8186E-12
CALSDV   38    9  0.8522E-12  0.8521E-12
CALSDV   39    9  0.8453E-12  0.8450E-12
CALSDV   40    9  0.8768E-12  0.8765E-12
CALSDV   41    9  0.8782E-12  0.8778E-12
CALSDV   42    9  0.9091E-12  0.9088E-12
CALSDV   43    9  0.9180E-12  0.9175E-12
CALSDV   44    9  0.9496E-12  0.9493E-12
CALSDV   45    9  0.9650E-12  0.9646E-12
CALSDV   46    9  0.9983E-12  0.9978E-12
CALSDV   47    9  0.1020E-11  0.1019E-11
CALSDV   48    9  0.1056E-11  0.1056E-11
CALSDV   49    9  0.1084E-11  0.1083E-11
CALSDV   50    9  0.1123E-11  0.1123E-11
CALSDV   51    9  0.1157E-11  0.1156E-11
CALSDV   52    9  0.1201E-11  0.1201E-11
CALSDV   53    9  0.1241E-11  0.1240E-11
CALSDV   54    9  0.1290E-11  0.1290E-11
CALSDV   55    9  0.1338E-11  0.1337E-11
CALSDV   56    9  0.1393E-11  0.1393E-11
CALSDV   57    9  0.1451E-11  0.1450E-11
CALSDV   58    9  0.1513E-11  0.1513E-11
CALSDV   59    9  0.1557E-11  0.1556E-11
CALSDV   60    9  0.1624E-11  0.1623E-11
CALSDV   10   10  0.4708E-11  0.4781E-11
CALSDV   11   10  0.4573E-11  0.4537E-11
CALSDV   12   10  0.3304E-11  0.3297E-11
CALSDV   13   10  0.2356E-11  0.2339E-11
CALSDV   14   10  0.2612E-11  0.2604E-11
CALSDV   15   10  0.1895E-11  0.1887E-11
CALSDV   16   10  0.1974E-11  0.1969E-11
CALSDV   17   10  0.1698E-11  0.1696E-11
CALSDV   18   10  0.1549E-11  0.1549E-11
CALSDV   19   10  0.1531E-11  0.1532E-11
CALSDV   20   10  0.1287E-11  0.1288E-11
CALSDV   21   10  0.1383E-11  0.1385E-11
CALSDV   22   10  0.1127E-11  0.1129E-11
CALSDV   23   10  0.1259E-11  0.1261E-11
CALSDV   24   10  0.1028E-11  0.1029E-11
CALSDV   25   10  0.1159E-11  0.1161E-11
CALSDV   26   10  0.9658E-12  0.9676E-12
CALSDV   27   10  0.1082E-11  0.1084E-11
CALSDV   28   10  0.9275E-12  0.9286E-12
CALSDV   29   10  0.1025E-11  0.1027E-11
CALSDV   30   10  0.9050E-12  0.9062E-12
CALSDV   31   10  0.9844E-12  0.9860E-12
CALSDV   32   10  0.8942E-12  0.8954E-12
CALSDV   33   10  0.9587E-12  0.9601E-12
CALSDV   34   10  0.8935E-12  0.8944E-12
CALSDV   35   10  0.9456E-12  0.9468E-12
CALSDV   36   10  0.9007E-12  0.9017E-12
CALSDV   37   10  0.9437E-12  0.9448E-12
CALSDV   38   10  0.9158E-12  0.9167E-12
CALSDV   39   10  0.9522E-12  0.9532E-12
CALSDV   40   10  0.9381E-12  0.9390E-12
CALSDV   41   10  0.9704E-12  0.9712E-12
CALSDV   42   10  0.9681E-12  0.9690E-12
CALSDV   43   10  0.9979E-12  0.9985E-12
CALSDV   44   10  0.1006E-11  0.1007E-11
CALSDV   45   10  0.1035E-11  0.1035E-11
CALSDV   46   10  0.1052E-11  0.1052E-11
CALSDV   47   10  0.1081E-11  0.1082E-11
CALSDV   48   10  0.1106E-11  0.1107E-11
CALSDV   49   10  0.1137E-11  0.1138E-11
CALSDV   50   10  0.1170E-11  0.1170E-11
CALSDV   51   10  0.1204E-11  0.1204E-11
CALSDV   52   10  0.1244E-11  0.1245E-11
CALSDV   53   10  0.1282E-11  0.1283E-11
CALSDV   54   10  0.1330E-11  0.1331E-11
CALSDV   55   10  0.1374E-11  0.1375E-11
CALSDV   56   10  0.1429E-11  0.1430E-11
CALSDV   57   10  0.1483E-11  0.1484E-11
CALSDV   58   10  0.1546E-11  0.1547E-11
CALSDV   59   10  0.1600E-11  0.1601E-11
CALSDV   60   10  0.1670E-11  0.1671E-11
CALSDV   11   11  0.5517E-11  0.5531E-11
CALSDV   12   11  0.4912E-11  0.4920E-11
CALSDV   13   11  0.3501E-11  0.3505E-11
CALSDV   14   11  0.2450E-11  0.2448E-11
CALSDV   15   11  0.2583E-11  0.2586E-11
CALSDV   16   11  0.1699E-11  0.1690E-11
CALSDV   17   11  0.1829E-11  0.1833E-11
CALSDV   18   11  0.1416E-11  0.1408E-11
CALSDV   19   11  0.1355E-11  0.1359E-11
CALSDV   20   11  0.1254E-11  0.1248E-11
CALSDV   21   11  0.1095E-11  0.1099E-11
CALSDV   22   11  0.1139E-11  0.1134E-11
CALSDV   23   11  0.9664E-12  0.9695E-12
CALSDV   24   11  0.1053E-11  0.1050E-11
CALSDV   25   11  0.9088E-12  0.9114E-12
CALSDV   26   11  0.9912E-12  0.9886E-12
CALSDV   27   11  0.8857E-12  0.8882E-12
CALSDV   28   11  0.9482E-12  0.9467E-12
CALSDV   29   11  0.8799E-12  0.8820E-12
CALSDV   30   11  0.9213E-12  0.9201E-12
CALSDV   31   11  0.8833E-12  0.8853E-12
CALSDV   32   11  0.9074E-12  0.9066E-12
CALSDV   33   11  0.8927E-12  0.8943E-12
CALSDV   34   11  0.9041E-12  0.9039E-12
CALSDV   35   11  0.9070E-12  0.9085E-12
CALSDV   36   11  0.9111E-12  0.9110E-12
CALSDV   37   11  0.9261E-12  0.9275E-12
CALSDV   38   11  0.9262E-12  0.9264E-12
CALSDV   39   11  0.9501E-12  0.9512E-12
CALSDV   40   11  0.9496E-12  0.9498E-12
CALSDV   41   11  0.9796E-12  0.9807E-12
CALSDV   42   11  0.9808E-12  0.9813E-12
CALSDV   43   11  0.1015E-11  0.1016E-11
CALSDV   44   11  0.1020E-11  0.1020E-11
CALSDV   45   11  0.1058E-11  0.1058E-11
CALSDV   46   11  0.1067E-11  0.1068E-11
CALSDV   47   11  0.1107E-11  0.1108E-11
CALSDV   48   11  0.1122E-11  0.1123E-11
CALSDV   49   11  0.1165E-11  0.1166E-11
CALSDV   50   11  0.1187E-11  0.1188E-11
CALSDV   51   11  0.1233E-11  0.1234E-11
CALSDV   52   11  0.1262E-11  0.1263E-11
CALSDV   53   11  0.1311E-11  0.1312E-11
CALSDV   54   11  0.1349E-11  0.1350E-11
CALSDV   55   11  0.1401E-11  0.1402E-11
CALSDV   56   11  0.1448E-11  0.1449E-11
CALSDV   57   11  0.1508E-11  0.1510E-11
CALSDV   58   11  0.1564E-11  0.1565E-11
CALSDV   59   11  0.1631E-11  0.1633E-11
CALSDV   60   11  0.1691E-11  0.1693E-11
CALSDV   12   12  0.4203E-11  0.4235E-11
CALSDV   13   12  0.4299E-11  0.4312E-11
CALSDV   14   12  0.3049E-11  0.3062E-11
CALSDV   15   12  0.2077E-11  0.2093E-11
CALSDV   16   12  0.2480E-11  0.2487E-11
CALSDV   17   12  0.1717E-11  0.1725E-11
CALSDV   18   12  0.1889E-11  0.1891E-11
CALSDV   19   12  0.1647E-11  0.1650E-11
CALSDV   20   12  0.1503E-11  0.1504E-11
CALSDV   21   12  0.1557E-11  0.1560E-11
CALSDV   22   12  0.1286E-11  0.1286E-11
CALSDV   23   12  0.1452E-11  0.1455E-11
CALSDV   24   12  0.1170E-11  0.1171E-11
CALSDV   25   12  0.1352E-11  0.1354E-11
CALSDV   26   12  0.1109E-11  0.1111E-11
CALSDV   27   12  0.1265E-11  0.1268E-11
CALSDV   28   12  0.1076E-11  0.1078E-11
CALSDV   29   12  0.1196E-11  0.1199E-11
CALSDV   30   12  0.1058E-11  0.1060E-11
CALSDV   31   12  0.1144E-11  0.1146E-11
CALSDV   32   12  0.1050E-11  0.1052E-11
CALSDV   33   12  0.1107E-11  0.1110E-11
CALSDV   34   12  0.1048E-11  0.1050E-11
CALSDV   35   12  0.1084E-11  0.1086E-11
CALSDV   36   12  0.1053E-11  0.1054E-11
CALSDV   37   12  0.1074E-11  0.1076E-11
CALSDV   38   12  0.1064E-11  0.1065E-11
CALSDV   39   12  0.1075E-11  0.1076E-11
CALSDV   40   12  0.1080E-11  0.1082E-11
CALSDV   41   12  0.1085E-11  0.1087E-11
CALSDV   42   12  0.1104E-11  0.1105E-11
CALSDV   43   12  0.1106E-11  0.1107E-11
CALSDV   44   12  0.1134E-11  0.1135E-11
CALSDV   45   12  0.1136E-11  0.1137E-11
CALSDV   46   12  0.1172E-11  0.1173E-11
CALSDV   47   12  0.1176E-11  0.1177E-11
CALSDV   48   12  0.1218E-11  0.1219E-11
CALSDV   49   12  0.1226E-11  0.1226E-11
CALSDV   50   12  0.1273E-11  0.1274E-11
CALSDV   51   12  0.1286E-11  0.1287E-11
CALSDV   52   12  0.1339E-11  0.1339E-11
CALSDV   53   12  0.1357E-11  0.1358E-11
CALSDV   54   12  0.1416E-11  0.1416E-11
CALSDV   55   12  0.1442E-11  0.1442E-11
CALSDV   56   12  0.1506E-11  0.1506E-11
CALSDV   57   12  0.1544E-11  0.1545E-11
CALSDV   58   12  0.1615E-11  0.1615E-11
CALSDV   59   12  0.1672E-11  0.1673E-11
CALSDV   60   12  0.1752E-11  0.1752E-11
CALSDV   13   13  0.4282E-11  0.4261E-11
CALSDV   14   13  0.4298E-11  0.4296E-11
CALSDV   15   13  0.3320E-11  0.3318E-11
CALSDV   16   13  0.2285E-11  0.2290E-11
CALSDV   17   13  0.2675E-11  0.2676E-11
CALSDV   18   13  0.1772E-11  0.1778E-11
CALSDV   19   13  0.1961E-11  0.1961E-11
CALSDV   20   13  0.1551E-11  0.1555E-11
CALSDV   21   13  0.1466E-11  0.1466E-11
CALSDV   22   13  0.1379E-11  0.1380E-11
CALSDV   23   13  0.1184E-11  0.1184E-11
CALSDV   24   13  0.1237E-11  0.1238E-11
CALSDV   25   13  0.1050E-11  0.1049E-11
CALSDV   26   13  0.1129E-11  0.1130E-11
CALSDV   27   13  0.9978E-12  0.9978E-12
CALSDV   28   13  0.1054E-11  0.1055E-11
CALSDV   29   13  0.9860E-12  0.9863E-12
CALSDV   30   13  0.1007E-11  0.1007E-11
CALSDV   31   13  0.9917E-12  0.9922E-12
CALSDV   32   13  0.9813E-12  0.9826E-12
CALSDV   33   13  0.1005E-11  0.1005E-11
CALSDV   34   13  0.9739E-12  0.9751E-12
CALSDV   35   13  0.1022E-11  0.1023E-11
CALSDV   36   13  0.9796E-12  0.9809E-12
CALSDV   37   13  0.1043E-11  0.1043E-11
CALSDV   38   13  0.9964E-12  0.9980E-12
CALSDV   39   13  0.1067E-11  0.1068E-11
CALSDV   40   13  0.1022E-11  0.1024E-11
CALSDV   41   13  0.1094E-11  0.1096E-11
CALSDV   42   13  0.1056E-11  0.1057E-11
CALSDV   43   13  0.1127E-11  0.1128E-11
CALSDV   44   13  0.1096E-11  0.1098E-11
CALSDV   45   13  0.1165E-11  0.1167E-11
CALSDV   46   13  0.1144E-11  0.1146E-11
CALSDV   47   13  0.1210E-11  0.1211E-11
CALSDV   48   13  0.1200E-11  0.1202E-11
CALSDV   49   13  0.1262E-11  0.1264E-11
CALSDV   50   13  0.1264E-11  0.1266E-11
CALSDV   51   13  0.1323E-11  0.1325E-11
CALSDV   52   13  0.1336E-11  0.1339E-11
CALSDV   53   13  0.1393E-11  0.1395E-11
CALSDV   54   13  0.1419E-11  0.1422E-11
CALSDV   55   13  0.1475E-11  0.1478E-11
CALSDV   56   13  0.1514E-11  0.1517E-11
CALSDV   57   13  0.1574E-11  0.1577E-11
CALSDV   58   13  0.1625E-11  0.1628E-11
CALSDV   59   13  0.1705E-11  0.1708E-11
CALSDV   60   13  0.1763E-11  0.1766E-11
CALSDV   14   14  0.3691E-11  0.3694E-11
CALSDV   15   14  0.4387E-11  0.4377E-11
CALSDV   16   14  0.3063E-11  0.3054E-11
CALSDV   17   14  0.2177E-11  0.2168E-11
CALSDV   18   14  0.2520E-11  0.2517E-11
CALSDV   19   14  0.1747E-11  0.1745E-11
CALSDV   20   14  0.1879E-11  0.1880E-11
CALSDV   21   14  0.1675E-11  0.1673E-11
CALSDV   22   14  0.1464E-11  0.1467E-11
CALSDV   23   14  0.1600E-11  0.1595E-11
CALSDV   24   14  0.1262E-11  0.1264E-11
CALSDV   25   14  0.1507E-11  0.1502E-11
CALSDV   26   14  0.1187E-11  0.1189E-11
CALSDV   27   14  0.1417E-11  0.1412E-11
CALSDV   28   14  0.1170E-11  0.1171E-11
CALSDV   29   14  0.1340E-11  0.1335E-11
CALSDV   30   14  0.1176E-11  0.1175E-11
CALSDV   31   14  0.1280E-11  0.1275E-11
CALSDV   32   14  0.1187E-11  0.1185E-11
CALSDV   33   14  0.1237E-11  0.1233E-11
CALSDV   34   14  0.1199E-11  0.1197E-11
CALSDV   35   14  0.1209E-11  0.1205E-11
CALSDV   36   14  0.1210E-11  0.1210E-11
CALSDV   37   14  0.1194E-11  0.1192E-11
CALSDV   38   14  0.1225E-11  0.1224E-11
CALSDV   39   14  0.1192E-11  0.1189E-11
CALSDV   40   14  0.1241E-11  0.1240E-11
CALSDV   41   14  0.1200E-11  0.1198E-11
CALSDV   42   14  0.1261E-11  0.1261E-11
CALSDV   43   14  0.1217E-11  0.1216E-11
CALSDV   44   14  0.1286E-11  0.1286E-11
CALSDV   45   14  0.1244E-11  0.1243E-11
CALSDV   46   14  0.1316E-11  0.1317E-11
CALSDV   47   14  0.1279E-11  0.1279E-11
CALSDV   48   14  0.1354E-11  0.1354E-11
CALSDV   49   14  0.1324E-11  0.1324E-11
CALSDV   50   14  0.1399E-11  0.1400E-11
CALSDV   51   14  0.1378E-11  0.1378E-11
CALSDV   52   14  0.1454E-11  0.1455E-11
CALSDV   53   14  0.1443E-11  0.1443E-11
CALSDV   54   14  0.1519E-11  0.1520E-11
CALSDV   55   14  0.1519E-11  0.1520E-11
CALSDV   56   14  0.1597E-11  0.1598E-11
CALSDV   57   14  0.1613E-11  0.1614E-11
CALSDV   58   14  0.1694E-11  0.1695E-11
CALSDV   59   14  0.1746E-11  0.1747E-11
CALSDV   60   14  0.1836E-11  0.1837E-11
CALSDV   15   15  0.4201E-11  0.4251E-11
CALSDV   16   15  0.4587E-11  0.4537E-11
CALSDV   17   15  0.3210E-11  0.3207E-11
CALSDV   18   15  0.2419E-11  0.2415E-11
CALSDV   19   15  0.2768E-11  0.2773E-11
CALSDV   20   15  0.1846E-11  0.1840E-11
CALSDV   21   15  0.2150E-11  0.2156E-11
CALSDV   22   15  0.1648E-11  0.1640E-11
CALSDV   23   15  0.1694E-11  0.1701E-11
CALSDV   24   15  0.1505E-11  0.1496E-11
CALSDV   25   15  0.1424E-11  0.1427E-11
CALSDV   26   15  0.1380E-11  0.1372E-11
CALSDV   27   15  0.1286E-11  0.1286E-11
CALSDV   28   15  0.1280E-11  0.1275E-11
CALSDV   29   15  0.1225E-11  0.1223E-11
CALSDV   30   15  0.1208E-11  0.1204E-11
CALSDV   31   15  0.1203E-11  0.1200E-11
CALSDV   32   15  0.1162E-11  0.1160E-11
CALSDV   33   15  0.1200E-11  0.1196E-11
CALSDV   34   15  0.1139E-11  0.1138E-11
CALSDV   35   15  0.1206E-11  0.1202E-11
CALSDV   36   15  0.1133E-11  0.1133E-11
CALSDV   37   15  0.1217E-11  0.1214E-11
CALSDV   38   15  0.1141E-11  0.1140E-11
CALSDV   39   15  0.1233E-11  0.1229E-11
CALSDV   40   15  0.1161E-11  0.1160E-11
CALSDV   41   15  0.1253E-11  0.1249E-11
CALSDV   42   15  0.1189E-11  0.1188E-11
CALSDV   43   15  0.1278E-11  0.1275E-11
CALSDV   44   15  0.1226E-11  0.1224E-11
CALSDV   45   15  0.1308E-11  0.1305E-11
CALSDV   46   15  0.1269E-11  0.1267E-11
CALSDV   47   15  0.1344E-11  0.1341E-11
CALSDV   48   15  0.1320E-11  0.1317E-11
CALSDV   49   15  0.1388E-11  0.1384E-11
CALSDV   50   15  0.1378E-11  0.1375E-11
CALSDV   51   15  0.1439E-11  0.1435E-11
CALSDV   52   15  0.1444E-11  0.1441E-11
CALSDV   53   15  0.1499E-11  0.1494E-11
CALSDV   54   15  0.1519E-11  0.1515E-11
CALSDV   55   15  0.1569E-11  0.1565E-11
CALSDV   56   15  0.1605E-11  0.1601E-11
CALSDV   57   15  0.1657E-11  0.1652E-11
CALSDV   58   15  0.1706E-11  0.1702E-11
CALSDV   59   15  0.1790E-11  0.1785E-11
CALSDV   60   15  0.1849E-11  0.1844E-11
CALSDV   16   16  0.3258E-11  0.3283E-11
CALSDV   17   16  0.4207E-11  0.4217E-11
CALSDV   18   16  0.3130E-11  0.3138E-11
CALSDV   19   16  0.2164E-11  0.2177E-11
CALSDV   20   16  0.2672E-11  0.2677E-11
CALSDV   21   16  0.1815E-11  0.1825E-11
CALSDV   22   16  0.2004E-11  0.2010E-11
CALSDV   23   16  0.1751E-11  0.1757E-11
CALSDV   24   16  0.1552E-11  0.1555E-11
CALSDV   25   16  0.1665E-11  0.1667E-11
CALSDV   26   16  0.1336E-11  0.1339E-11
CALSDV   27   16  0.1562E-11  0.1561E-11
CALSDV   28   16  0.1274E-11  0.1276E-11
CALSDV   29   16  0.1469E-11  0.1466E-11
CALSDV   30   16  0.1281E-11  0.1284E-11
CALSDV   31   16  0.1396E-11  0.1393E-11
CALSDV   32   16  0.1309E-11  0.1312E-11
CALSDV   33   16  0.1346E-11  0.1342E-11
CALSDV   34   16  0.1340E-11  0.1342E-11
CALSDV   35   16  0.1316E-11  0.1313E-11
CALSDV   36   16  0.1366E-11  0.1369E-11
CALSDV   37   16  0.1302E-11  0.1300E-11
CALSDV   38   16  0.1389E-11  0.1392E-11
CALSDV   39   16  0.1302E-11  0.1300E-11
CALSDV   40   16  0.1409E-11  0.1412E-11
CALSDV   41   16  0.1313E-11  0.1311E-11
CALSDV   42   16  0.1429E-11  0.1433E-11
CALSDV   43   16  0.1332E-11  0.1332E-11
CALSDV   44   16  0.1451E-11  0.1455E-11
CALSDV   45   16  0.1359E-11  0.1360E-11
CALSDV   46   16  0.1476E-11  0.1480E-11
CALSDV   47   16  0.1394E-11  0.1396E-11
CALSDV   48   16  0.1506E-11  0.1510E-11
CALSDV   49   16  0.1436E-11  0.1438E-11
CALSDV   50   16  0.1541E-11  0.1546E-11
CALSDV   51   16  0.1485E-11  0.1488E-11
CALSDV   52   16  0.1585E-11  0.1589E-11
CALSDV   53   16  0.1542E-11  0.1546E-11
CALSDV   54   16  0.1637E-11  0.1641E-11
CALSDV   55   16  0.1610E-11  0.1614E-11
CALSDV   56   16  0.1700E-11  0.1705E-11
CALSDV   57   16  0.1692E-11  0.1696E-11
CALSDV   58   16  0.1781E-11  0.1786E-11
CALSDV   59   16  0.1824E-11  0.1829E-11
CALSDV   60   16  0.1920E-11  0.1926E-11
CALSDV   17   17  0.3042E-11  0.3027E-11
CALSDV   18   17  0.3777E-11  0.3769E-11
CALSDV   19   17  0.3048E-11  0.3042E-11
CALSDV   20   17  0.2064E-11  0.2072E-11
CALSDV   21   17  0.2674E-11  0.2671E-11
CALSDV   22   17  0.1924E-11  0.1936E-11
CALSDV   23   17  0.2052E-11  0.2051E-11
CALSDV   24   17  0.1848E-11  0.1857E-11
CALSDV   25   17  0.1595E-11  0.1595E-11
CALSDV   26   17  0.1685E-11  0.1693E-11
CALSDV   27   17  0.1341E-11  0.1340E-11
CALSDV   28   17  0.1504E-11  0.1512E-11
CALSDV   29   17  0.1232E-11  0.1232E-11
CALSDV   30   17  0.1351E-11  0.1357E-11
CALSDV   31   17  0.1205E-11  0.1205E-11
CALSDV   32   17  0.1243E-11  0.1248E-11
CALSDV   33   17  0.1213E-11  0.1213E-11
CALSDV   34   17  0.1182E-11  0.1186E-11
CALSDV   35   17  0.1235E-11  0.1235E-11
CALSDV   36   17  0.1161E-11  0.1164E-11
CALSDV   37   17  0.1263E-11  0.1262E-11
CALSDV   38   17  0.1169E-11  0.1171E-11
CALSDV   39   17  0.1292E-11  0.1291E-11
CALSDV   40   17  0.1197E-11  0.1199E-11
CALSDV   41   17  0.1323E-11  0.1322E-11
CALSDV   42   17  0.1237E-11  0.1239E-11
CALSDV   43   17  0.1356E-11  0.1355E-11
CALSDV   44   17  0.1287E-11  0.1287E-11
CALSDV   45   17  0.1392E-11  0.1391E-11
CALSDV   46   17  0.1342E-11  0.1343E-11
CALSDV   47   17  0.1432E-11  0.1431E-11
CALSDV   48   17  0.1402E-11  0.1402E-11
CALSDV   49   17  0.1477E-11  0.1476E-11
CALSDV   50   17  0.1466E-11  0.1466E-11
CALSDV   51   17  0.1528E-11  0.1527E-11
CALSDV   52   17  0.1536E-11  0.1535E-11
CALSDV   53   17  0.1585E-11  0.1584E-11
CALSDV   54   17  0.1610E-11  0.1609E-11
CALSDV   55   17  0.1650E-11  0.1649E-11
CALSDV   56   17  0.1691E-11  0.1690E-11
CALSDV   57   17  0.1729E-11  0.1728E-11
CALSDV   58   17  0.1785E-11  0.1783E-11
CALSDV   59   17  0.1859E-11  0.1857E-11
CALSDV   60   17  0.1927E-11  0.1926E-11
CALSDV   18   18  0.3556E-11  0.3535E-11
CALSDV   19   18  0.3831E-11  0.3856E-11
CALSDV   20   18  0.3313E-11  0.3318E-11
CALSDV   21   18  0.1966E-11  0.1978E-11
CALSDV   22   18  0.2821E-11  0.2822E-11
CALSDV   23   18  0.1826E-11  0.1833E-11
CALSDV   24   18  0.2099E-11  0.2099E-11
CALSDV   25   18  0.1823E-11  0.1827E-11
CALSDV   26   18  0.1607E-11  0.1610E-11
CALSDV   27   18  0.1735E-11  0.1735E-11
CALSDV   28   18  0.1396E-11  0.1399E-11
CALSDV   29   18  0.1617E-11  0.1616E-11
CALSDV   30   18  0.1366E-11  0.1369E-11
CALSDV   31   18  0.1514E-11  0.1513E-11
CALSDV   32   18  0.1409E-11  0.1412E-11
CALSDV   33   18  0.1443E-11  0.1442E-11
CALSDV   34   18  0.1468E-11  0.1470E-11
CALSDV   35   18  0.1405E-11  0.1405E-11
CALSDV   36   18  0.1520E-11  0.1521E-11
CALSDV   37   18  0.1393E-11  0.1393E-11
CALSDV   38   18  0.1560E-11  0.1561E-11
CALSDV   39   18  0.1400E-11  0.1401E-11
CALSDV   40   18  0.1591E-11  0.1592E-11
CALSDV   41   18  0.1420E-11  0.1421E-11
CALSDV   42   18  0.1616E-11  0.1617E-11
CALSDV   43   18  0.1448E-11  0.1450E-11
CALSDV   44   18  0.1637E-11  0.1638E-11
CALSDV   45   18  0.1483E-11  0.1484E-11
CALSDV   46   18  0.1657E-11  0.1658E-11
CALSDV   47   18  0.1521E-11  0.1523E-11
CALSDV   48   18  0.1679E-11  0.1680E-11
CALSDV   49   18  0.1563E-11  0.1566E-11
CALSDV   50   18  0.1704E-11  0.1706E-11
CALSDV   51   18  0.1609E-11  0.1612E-11
CALSDV   52   18  0.1735E-11  0.1737E-11
CALSDV   53   18  0.1660E-11  0.1664E-11
CALSDV   54   18  0.1772E-11  0.1774E-11
CALSDV   55   18  0.1717E-11  0.1720E-11
CALSDV   56   18  0.1818E-11  0.1821E-11
CALSDV   57   18  0.1786E-11  0.1789E-11
CALSDV   58   18  0.1880E-11  0.1884E-11
CALSDV   59   18  0.1910E-11  0.1914E-11
CALSDV   60   18  0.2009E-11  0.2013E-11
CALSDV   19   19  0.2986E-11  0.2992E-11
CALSDV   20   19  0.3688E-11  0.3666E-11
CALSDV   21   19  0.3067E-11  0.3067E-11
CALSDV   22   19  0.2020E-11  0.2007E-11
CALSDV   23   19  0.2691E-11  0.2691E-11
CALSDV   24   19  0.2053E-11  0.2052E-11
CALSDV   25   19  0.2092E-11  0.2091E-11
CALSDV   26   19  0.2056E-11  0.2060E-11
CALSDV   27   19  0.1669E-11  0.1668E-11
CALSDV   28   19  0.1912E-11  0.1918E-11
CALSDV   29   19  0.1446E-11  0.1444E-11
CALSDV   30   19  0.1722E-11  0.1728E-11
CALSDV   31   19  0.1354E-11  0.1353E-11
CALSDV   32   19  0.1550E-11  0.1556E-11
CALSDV   33   19  0.1333E-11  0.1332E-11
CALSDV   34   19  0.1425E-11  0.1430E-11
CALSDV   35   19  0.1341E-11  0.1340E-11
CALSDV   36   19  0.1354E-11  0.1358E-11
CALSDV   37   19  0.1362E-11  0.1362E-11
CALSDV   38   19  0.1330E-11  0.1333E-11
CALSDV   39   19  0.1389E-11  0.1390E-11
CALSDV   40   19  0.1340E-11  0.1343E-11
CALSDV   41   19  0.1420E-11  0.1421E-11
CALSDV   42   19  0.1374E-11  0.1375E-11
CALSDV   43   19  0.1455E-11  0.1455E-11
CALSDV   44   19  0.1420E-11  0.1421E-11
CALSDV   45   19  0.1492E-11  0.1493E-11
CALSDV   46   19  0.1476E-11  0.1476E-11
CALSDV   47   19  0.1534E-11  0.1534E-11
CALSDV   48   19  0.1536E-11  0.1535E-11
CALSDV   49   19  0.1580E-11  0.1580E-11
CALSDV   50   19  0.1599E-11  0.1598E-11
CALSDV   51   19  0.1630E-11  0.1629E-11
CALSDV   52   19  0.1664E-11  0.1662E-11
CALSDV   53   19  0.1684E-11  0.1683E-11
CALSDV   54   19  0.1731E-11  0.1729E-11
CALSDV   55   19  0.1743E-11  0.1742E-11
CALSDV   56   19  0.1802E-11  0.1800E-11
CALSDV   57   19  0.1813E-11  0.1811E-11
CALSDV   58   19  0.1882E-11  0.1879E-11
CALSDV   59   19  0.1935E-11  0.1933E-11
CALSDV   60   19  0.2017E-11  0.2014E-11
CALSDV   20   20  0.3457E-11  0.3408E-11
CALSDV   21   20  0.3769E-11  0.3761E-11
CALSDV   22   20  0.3435E-11  0.3424E-11
CALSDV   23   20  0.1967E-11  0.1969E-11
CALSDV   24   20  0.2960E-11  0.2955E-11
CALSDV   25   20  0.1938E-11  0.1938E-11
CALSDV   26   20  0.2217E-11  0.2216E-11
CALSDV   27   20  0.1951E-11  0.1951E-11
CALSDV   28   20  0.1705E-11  0.1706E-11
CALSDV   29   20  0.1837E-11  0.1838E-11
CALSDV   30   20  0.1485E-11  0.1487E-11
CALSDV   31   20  0.1690E-11  0.1691E-11
CALSDV   32   20  0.1460E-11  0.1462E-11
CALSDV   33   20  0.1569E-11  0.1570E-11
CALSDV   34   20  0.1515E-11  0.1517E-11
CALSDV   35   20  0.1497E-11  0.1498E-11
CALSDV   36   20  0.1586E-11  0.1587E-11
CALSDV   37   20  0.1471E-11  0.1472E-11
CALSDV   38   20  0.1649E-11  0.1649E-11
CALSDV   39   20  0.1480E-11  0.1481E-11
CALSDV   40   20  0.1699E-11  0.1700E-11
CALSDV   41   20  0.1512E-11  0.1512E-11
CALSDV   42   20  0.1739E-11  0.1739E-11
CALSDV   43   20  0.1554E-11  0.1554E-11
CALSDV   44   20  0.1770E-11  0.1770E-11
CALSDV   45   20  0.1601E-11  0.1601E-11
CALSDV   46   20  0.1796E-11  0.1796E-11
CALSDV   47   20  0.1650E-11  0.1649E-11
CALSDV   48   20  0.1820E-11  0.1819E-11
CALSDV   49   20  0.1698E-11  0.1697E-11
CALSDV   50   20  0.1844E-11  0.1843E-11
CALSDV   51   20  0.1744E-11  0.1744E-11
CALSDV   52   20  0.1870E-11  0.1869E-11
CALSDV   53   20  0.1791E-11  0.1789E-11
CALSDV   54   20  0.1899E-11  0.1898E-11
CALSDV   55   20  0.1837E-11  0.1837E-11
CALSDV   56   20  0.1933E-11  0.1933E-11
CALSDV   57   20  0.1890E-11  0.1890E-11
CALSDV   58   20  0.1980E-11  0.1980E-11
CALSDV   59   20  0.2002E-11  0.2002E-11
CALSDV   60   20  0.2095E-11  0.2094E-11
CALSDV   21   21  0.3137E-11  0.3135E-11
CALSDV   22   21  0.3695E-11  0.3676E-11
CALSDV   23   21  0.3117E-11  0.3116E-11
CALSDV   24   21  0.1983E-11  0.1979E-11
CALSDV   25   21  0.2709E-11  0.2709E-11
CALSDV   26   21  0.2157E-11  0.2155E-11
CALSDV   27   21  0.2130E-11  0.2129E-11
CALSDV   28   21  0.2243E-11  0.2237E-11
CALSDV   29   21  0.1759E-11  0.1757E-11
CALSDV   30   21  0.2129E-11  0.2119E-11
CALSDV   31   21  0.1588E-11  0.1584E-11
CALSDV   32   21  0.1944E-11  0.1931E-11
CALSDV   33   21  0.1527E-11  0.1523E-11
CALSDV   34   21  0.1766E-11  0.1753E-11
CALSDV   35   21  0.1516E-11  0.1511E-11
CALSDV   36   21  0.1637E-11  0.1621E-11
CALSDV   37   21  0.1524E-11  0.1519E-11
CALSDV   38   21  0.1563E-11  0.1547E-11
CALSDV   39   21  0.1540E-11  0.1536E-11
CALSDV   40   21  0.1538E-11  0.1524E-11
CALSDV   41   21  0.1563E-11  0.1559E-11
CALSDV   42   21  0.1551E-11  0.1539E-11
CALSDV   43   21  0.1591E-11  0.1587E-11
CALSDV   44   21  0.1587E-11  0.1577E-11
CALSDV   45   21  0.1624E-11  0.1621E-11
CALSDV   46   21  0.1636E-11  0.1629E-11
CALSDV   47   21  0.1662E-11  0.1660E-11
CALSDV   48   21  0.1692E-11  0.1687E-11
CALSDV   49   21  0.1704E-11  0.1703E-11
CALSDV   50   21  0.1753E-11  0.1745E-11
CALSDV   51   21  0.1751E-11  0.1749E-11
CALSDV   52   21  0.1810E-11  0.1807E-11
CALSDV   53   21  0.1800E-11  0.1799E-11
CALSDV   54   21  0.1869E-11  0.1866E-11
CALSDV   55   21  0.1852E-11  0.1849E-11
CALSDV   56   21  0.1929E-11  0.1924E-11
CALSDV   57   21  0.1909E-11  0.1905E-11
CALSDV   58   21  0.1991E-11  0.1987E-11
CALSDV   59   21  0.2018E-11  0.2016E-11
CALSDV   60   21  0.2110E-11  0.2107E-11
CALSDV   22   22  0.3187E-11  0.3232E-11
CALSDV   23   22  0.3760E-11  0.3750E-11
CALSDV   24   22  0.3462E-11  0.3479E-11
CALSDV   25   22  0.1988E-11  0.1986E-11
CALSDV   26   22  0.3022E-11  0.3033E-11
CALSDV   27   22  0.2065E-11  0.2067E-11
CALSDV   28   22  0.2293E-11  0.2301E-11
CALSDV   29   22  0.2096E-11  0.2099E-11
CALSDV   30   22  0.1795E-11  0.1805E-11
CALSDV   31   22  0.1956E-11  0.1960E-11
CALSDV   32   22  0.1589E-11  0.1596E-11
CALSDV   33   22  0.1773E-11  0.1777E-11
CALSDV   34   22  0.1569E-11  0.1575E-11
CALSDV   35   22  0.1628E-11  0.1632E-11
CALSDV   36   22  0.1625E-11  0.1629E-11
CALSDV   37   22  0.1552E-11  0.1555E-11
CALSDV   38   22  0.1697E-11  0.1700E-11
CALSDV   39   22  0.1541E-11  0.1543E-11
CALSDV   40   22  0.1763E-11  0.1765E-11
CALSDV   41   22  0.1573E-11  0.1575E-11
CALSDV   42   22  0.1818E-11  0.1819E-11
CALSDV   43   22  0.1630E-11  0.1631E-11
CALSDV   44   22  0.1863E-11  0.1863E-11
CALSDV   45   22  0.1697E-11  0.1697E-11
CALSDV   46   22  0.1901E-11  0.1900E-11
CALSDV   47   22  0.1762E-11  0.1761E-11
CALSDV   48   22  0.1934E-11  0.1933E-11
CALSDV   49   22  0.1823E-11  0.1822E-11
CALSDV   50   22  0.1963E-11  0.1961E-11
CALSDV   51   22  0.1877E-11  0.1875E-11
CALSDV   52   22  0.1991E-11  0.1989E-11
CALSDV   53   22  0.1923E-11  0.1922E-11
CALSDV   54   22  0.2018E-11  0.2017E-11
CALSDV   55   22  0.1962E-11  0.1961E-11
CALSDV   56   22  0.2046E-11  0.2045E-11
CALSDV   57   22  0.2001E-11  0.2000E-11
CALSDV   58   22  0.2079E-11  0.2079E-11
CALSDV   59   22  0.2094E-11  0.2094E-11
CALSDV   60   22  0.2178E-11  0.2178E-11
CALSDV   23   23  0.3190E-11  0.3128E-11
CALSDV   24   23  0.3759E-11  0.3764E-11
CALSDV   25   23  0.3166E-11  0.3168E-11
CALSDV   26   23  0.1974E-11  0.1970E-11
CALSDV   27   23  0.2720E-11  0.2725E-11
CALSDV   28   23  0.2233E-11  0.2230E-11
CALSDV   29   23  0.2150E-11  0.2151E-11
CALSDV   30   23  0.2369E-11  0.2373E-11
CALSDV   31   23  0.1831E-11  0.1830E-11
CALSDV   32   23  0.2272E-11  0.2284E-11
CALSDV   33   23  0.1716E-11  0.1716E-11
CALSDV   34   23  0.2091E-11  0.2107E-11
CALSDV   35   23  0.1690E-11  0.1695E-11
CALSDV   36   23  0.1919E-11  0.1938E-11
CALSDV   37   23  0.1693E-11  0.1700E-11
CALSDV   38   23  0.1797E-11  0.1818E-11
CALSDV   39   23  0.1703E-11  0.1713E-11
CALSDV   40   23  0.1737E-11  0.1756E-11
CALSDV   41   23  0.1718E-11  0.1729E-11
CALSDV   42   23  0.1728E-11  0.1746E-11
CALSDV   43   23  0.1738E-11  0.1750E-11
CALSDV   44   23  0.1754E-11  0.1770E-11
CALSDV   45   23  0.1764E-11  0.1776E-11
CALSDV   46   23  0.1801E-11  0.1815E-11
CALSDV   47   23  0.1798E-11  0.1809E-11
CALSDV   48   23  0.1857E-11  0.1868E-11
CALSDV   49   23  0.1837E-11  0.1846E-11
CALSDV   50   23  0.1914E-11  0.1923E-11
CALSDV   51   23  0.1880E-11  0.1888E-11
CALSDV   52   23  0.1970E-11  0.1976E-11
CALSDV   53   23  0.1924E-11  0.1931E-11
CALSDV   54   23  0.2020E-11  0.2026E-11
CALSDV   55   23  0.1968E-11  0.1972E-11
CALSDV   56   23  0.2065E-11  0.2069E-11
CALSDV   57   23  0.2012E-11  0.2015E-11
CALSDV   58   23  0.2109E-11  0.2112E-11
CALSDV   59   23  0.2106E-11  0.2107E-11
CALSDV   60   23  0.2209E-11  0.2209E-11
CALSDV   24   24  0.3079E-11  0.3106E-11
CALSDV   25   24  0.3816E-11  0.3803E-11
CALSDV   26   24  0.3524E-11  0.3510E-11
CALSDV   27   24  0.2043E-11  0.2038E-11
CALSDV   28   24  0.3079E-11  0.3066E-11
CALSDV   29   24  0.2215E-11  0.2214E-11
CALSDV   30   24  0.2364E-11  0.2356E-11
CALSDV   31   24  0.2262E-11  0.2263E-11
CALSDV   32   24  0.1900E-11  0.1896E-11
CALSDV   33   24  0.2096E-11  0.2098E-11
CALSDV   34   24  0.1721E-11  0.1718E-11
CALSDV   35   24  0.1878E-11  0.1880E-11
CALSDV   36   24  0.1709E-11  0.1703E-11
CALSDV   37   24  0.1711E-11  0.1711E-11
CALSDV   38   24  0.1758E-11  0.1754E-11
CALSDV   39   24  0.1633E-11  0.1631E-11
CALSDV   40   24  0.1821E-11  0.1818E-11
CALSDV   41   24  0.1637E-11  0.1635E-11
CALSDV   42   24  0.1881E-11  0.1878E-11
CALSDV   43   24  0.1694E-11  0.1692E-11
CALSDV   44   24  0.1935E-11  0.1933E-11
CALSDV   45   24  0.1776E-11  0.1774E-11
CALSDV   46   24  0.1983E-11  0.1981E-11
CALSDV   47   24  0.1862E-11  0.1861E-11
CALSDV   48   24  0.2026E-11  0.2025E-11
CALSDV   49   24  0.1941E-11  0.1940E-11
CALSDV   50   24  0.2065E-11  0.2065E-11
CALSDV   51   24  0.2007E-11  0.2006E-11
CALSDV   52   24  0.2100E-11  0.2100E-11
CALSDV   53   24  0.2058E-11  0.2058E-11
CALSDV   54   24  0.2131E-11  0.2131E-11
CALSDV   55   24  0.2093E-11  0.2093E-11
CALSDV   56   24  0.2157E-11  0.2157E-11
CALSDV   57   24  0.2117E-11  0.2117E-11
CALSDV   58   24  0.2182E-11  0.2181E-11
CALSDV   59   24  0.2191E-11  0.2189E-11
CALSDV   60   24  0.2264E-11  0.2262E-11
CALSDV   25   25  0.3039E-11  0.3016E-11
CALSDV   26   25  0.3881E-11  0.3884E-11
CALSDV   27   25  0.3270E-11  0.3279E-11
CALSDV   28   25  0.2015E-11  0.2016E-11
CALSDV   29   25  0.2779E-11  0.2793E-11
CALSDV   30   25  0.2316E-11  0.2314E-11
CALSDV   31   25  0.2188E-11  0.2196E-11
CALSDV   32   25  0.2477E-11  0.2473E-11
CALSDV   33   25  0.1902E-11  0.1902E-11
CALSDV   34   25  0.2387E-11  0.2381E-11
CALSDV   35   25  0.1838E-11  0.1834E-11
CALSDV   36   25  0.2212E-11  0.2206E-11
CALSDV   37   25  0.1850E-11  0.1848E-11
CALSDV   38   25  0.2056E-11  0.2049E-11
CALSDV   39   25  0.1873E-11  0.1873E-11
CALSDV   40   25  0.1961E-11  0.1953E-11
CALSDV   41   25  0.1893E-11  0.1895E-11
CALSDV   42   25  0.1930E-11  0.1923E-11
CALSDV   43   25  0.1911E-11  0.1915E-11
CALSDV   44   25  0.1948E-11  0.1942E-11
CALSDV   45   25  0.1933E-11  0.1937E-11
CALSDV   46   25  0.1994E-11  0.1989E-11
CALSDV   47   25  0.1961E-11  0.1965E-11
CALSDV   48   25  0.2052E-11  0.2048E-11
CALSDV   49   25  0.1995E-11  0.1999E-11
CALSDV   50   25  0.2110E-11  0.2106E-11
CALSDV   51   25  0.2032E-11  0.2035E-11
CALSDV   52   25  0.2160E-11  0.2158E-11
CALSDV   53   25  0.2068E-11  0.2072E-11
CALSDV   54   25  0.2201E-11  0.2199E-11
CALSDV   55   25  0.2102E-11  0.2104E-11
CALSDV   56   25  0.2229E-11  0.2228E-11
CALSDV   57   25  0.2130E-11  0.2131E-11
CALSDV   58   25  0.2248E-11  0.2247E-11
CALSDV   59   25  0.2202E-11  0.2203E-11
CALSDV   60   25  0.2318E-11  0.2318E-11
CALSDV   26   26  0.3041E-11  0.3067E-11
CALSDV   27   26  0.3917E-11  0.3909E-11
CALSDV   28   26  0.3586E-11  0.3591E-11
CALSDV   29   26  0.2126E-11  0.2126E-11
CALSDV   30   26  0.3116E-11  0.3121E-11
CALSDV   31   26  0.2383E-11  0.2386E-11
CALSDV   32   26  0.2422E-11  0.2422E-11
CALSDV   33   26  0.2444E-11  0.2444E-11
CALSDV   34   26  0.2005E-11  0.2006E-11
CALSDV   35   26  0.2253E-11  0.2251E-11
CALSDV   36   26  0.1864E-11  0.1861E-11
CALSDV   37   26  0.2003E-11  0.2001E-11
CALSDV   38   26  0.1859E-11  0.1857E-11
CALSDV   39   26  0.1816E-11  0.1814E-11
CALSDV   40   26  0.1901E-11  0.1899E-11
CALSDV   41   26  0.1740E-11  0.1738E-11
CALSDV   42   26  0.1952E-11  0.1952E-11
CALSDV   43   26  0.1763E-11  0.1762E-11
CALSDV   44   26  0.2005E-11  0.2005E-11
CALSDV   45   26  0.1844E-11  0.1845E-11
CALSDV   46   26  0.2057E-11  0.2058E-11
CALSDV   47   26  0.1947E-11  0.1949E-11
CALSDV   48   26  0.2109E-11  0.2110E-11
CALSDV   49   26  0.2048E-11  0.2050E-11
CALSDV   50   26  0.2159E-11  0.2160E-11
CALSDV   51   26  0.2133E-11  0.2134E-11
CALSDV   52   26  0.2206E-11  0.2206E-11
CALSDV   53   26  0.2193E-11  0.2194E-11
CALSDV   54   26  0.2243E-11  0.2243E-11
CALSDV   55   26  0.2229E-11  0.2229E-11
CALSDV   56   26  0.2271E-11  0.2272E-11
CALSDV   57   26  0.2241E-11  0.2241E-11
CALSDV   58   26  0.2289E-11  0.2289E-11
CALSDV   59   26  0.2289E-11  0.2289E-11
CALSDV   60   26  0.2352E-11  0.2352E-11
CALSDV   27   27  0.2895E-11  0.2877E-11
CALSDV   28   27  0.4017E-11  0.4022E-11
CALSDV   29   27  0.3473E-11  0.3468E-11
CALSDV   30   27  0.2108E-11  0.2109E-11
CALSDV   31   27  0.2932E-11  0.2925E-11
CALSDV   32   27  0.2435E-11  0.2431E-11
CALSDV   33   27  0.2284E-11  0.2280E-11
CALSDV   34   27  0.2583E-11  0.2579E-11
CALSDV   35   27  0.1995E-11  0.1994E-11
CALSDV   36   27  0.2465E-11  0.2465E-11
CALSDV   37   27  0.1963E-11  0.1964E-11
CALSDV   38   27  0.2272E-11  0.2275E-11
CALSDV   39   27  0.2010E-11  0.2010E-11
CALSDV   40   27  0.2121E-11  0.2125E-11
CALSDV   41   27  0.2057E-11  0.2055E-11
CALSDV   42   27  0.2053E-11  0.2057E-11
CALSDV   43   27  0.2091E-11  0.2090E-11
CALSDV   44   27  0.2061E-11  0.2064E-11
CALSDV   45   27  0.2119E-11  0.2117E-11
CALSDV   46   27  0.2117E-11  0.2119E-11
CALSDV   47   27  0.2148E-11  0.2145E-11
CALSDV   48   27  0.2192E-11  0.2193E-11
CALSDV   49   27  0.2178E-11  0.2174E-11
CALSDV   50   27  0.2266E-11  0.2268E-11
CALSDV   51   27  0.2210E-11  0.2205E-11
CALSDV   52   27  0.2328E-11  0.2330E-11
CALSDV   53   27  0.2239E-11  0.2235E-11
CALSDV   54   27  0.2371E-11  0.2372E-11
CALSDV   55   27  0.2258E-11  0.2254E-11
CALSDV   56   27  0.2391E-11  0.2391E-11
CALSDV   57   27  0.2266E-11  0.2262E-11
CALSDV   58   27  0.2391E-11  0.2390E-11
CALSDV   59   27  0.2308E-11  0.2306E-11
CALSDV   60   27  0.2430E-11  0.2428E-11
CALSDV   28   28  0.3028E-11  0.3046E-11
CALSDV   29   28  0.4048E-11  0.4047E-11
CALSDV   30   28  0.3691E-11  0.3698E-11
CALSDV   31   28  0.2233E-11  0.2236E-11
CALSDV   32   28  0.3177E-11  0.3184E-11
CALSDV   33   28  0.2570E-11  0.2569E-11
CALSDV   34   28  0.2492E-11  0.2498E-11
CALSDV   35   28  0.2638E-11  0.2635E-11
CALSDV   36   28  0.2126E-11  0.2130E-11
CALSDV   37   28  0.2420E-11  0.2418E-11
CALSDV   38   28  0.2021E-11  0.2024E-11
CALSDV   39   28  0.2142E-11  0.2141E-11
CALSDV   40   28  0.2025E-11  0.2026E-11
CALSDV   41   28  0.1944E-11  0.1945E-11
CALSDV   42   28  0.2057E-11  0.2059E-11
CALSDV   43   28  0.1880E-11  0.1880E-11
CALSDV   44   28  0.2097E-11  0.2100E-11
CALSDV   45   28  0.1926E-11  0.1926E-11
CALSDV   46   28  0.2143E-11  0.2147E-11
CALSDV   47   28  0.2033E-11  0.2030E-11
CALSDV   48   28  0.2195E-11  0.2200E-11
CALSDV   49   28  0.2152E-11  0.2150E-11
CALSDV   50   28  0.2252E-11  0.2256E-11
CALSDV   51   28  0.2257E-11  0.2255E-11
CALSDV   52   28  0.2308E-11  0.2311E-11
CALSDV   53   28  0.2332E-11  0.2330E-11
CALSDV   54   28  0.2357E-11  0.2359E-11
CALSDV   55   28  0.2371E-11  0.2369E-11
CALSDV   56   28  0.2390E-11  0.2391E-11
CALSDV   57   28  0.2373E-11  0.2371E-11
CALSDV   58   28  0.2404E-11  0.2403E-11
CALSDV   59   28  0.2395E-11  0.2393E-11
CALSDV   60   28  0.2447E-11  0.2447E-11
CALSDV   29   29  0.2811E-11  0.2796E-11
CALSDV   30   29  0.4207E-11  0.4202E-11
CALSDV   31   29  0.3758E-11  0.3772E-11
CALSDV   32   29  0.2282E-11  0.2284E-11
CALSDV   33   29  0.3163E-11  0.3176E-11
CALSDV   34   29  0.2622E-11  0.2626E-11
CALSDV   35   29  0.2441E-11  0.2447E-11
CALSDV   36   29  0.2746E-11  0.2744E-11
CALSDV   37   29  0.2124E-11  0.2127E-11
CALSDV   38   29  0.2597E-11  0.2593E-11
CALSDV   39   29  0.2103E-11  0.2105E-11
CALSDV   40   29  0.2395E-11  0.2390E-11
CALSDV   41   29  0.2172E-11  0.2177E-11
CALSDV   42   29  0.2265E-11  0.2262E-11
CALSDV   43   29  0.2240E-11  0.2248E-11
CALSDV   44   29  0.2240E-11  0.2237E-11
CALSDV   45   29  0.2293E-11  0.2301E-11
CALSDV   46   29  0.2292E-11  0.2290E-11
CALSDV   47   29  0.2330E-11  0.2344E-11
CALSDV   48   29  0.2382E-11  0.2380E-11
CALSDV   49   29  0.2367E-11  0.2378E-11
CALSDV   50   29  0.2471E-11  0.2475E-11
CALSDV   51   29  0.2397E-11  0.2408E-11
CALSDV   52   29  0.2544E-11  0.2548E-11
CALSDV   53   29  0.2421E-11  0.2429E-11
CALSDV   54   29  0.2586E-11  0.2591E-11
CALSDV   55   29  0.2429E-11  0.2435E-11
CALSDV   56   29  0.2593E-11  0.2596E-11
CALSDV   57   29  0.2414E-11  0.2417E-11
CALSDV   58   29  0.2563E-11  0.2564E-11
CALSDV   59   29  0.2423E-11  0.2426E-11
CALSDV   60   29  0.2559E-11  0.2561E-11
CALSDV   30   30  0.3276E-11  0.3269E-11
CALSDV   31   30  0.4369E-11  0.4383E-11
CALSDV   32   30  0.3881E-11  0.3902E-11
CALSDV   33   30  0.2463E-11  0.2475E-11
CALSDV   34   30  0.3296E-11  0.3313E-11
CALSDV   35   30  0.2783E-11  0.2795E-11
CALSDV   36   30  0.2622E-11  0.2633E-11
CALSDV   37   30  0.2848E-11  0.2860E-11
CALSDV   38   30  0.2327E-11  0.2333E-11
CALSDV   39   30  0.2631E-11  0.2645E-11
CALSDV   40   30  0.2279E-11  0.2284E-11
CALSDV   41   30  0.2367E-11  0.2380E-11
CALSDV   42   30  0.2304E-11  0.2307E-11
CALSDV   43   30  0.2200E-11  0.2210E-11
CALSDV   44   30  0.2335E-11  0.2335E-11
CALSDV   45   30  0.2166E-11  0.2175E-11
CALSDV   46   30  0.2363E-11  0.2362E-11
CALSDV   47   30  0.2233E-11  0.2237E-11
CALSDV   48   30  0.2396E-11  0.2394E-11
CALSDV   49   30  0.2341E-11  0.2342E-11
CALSDV   50   30  0.2437E-11  0.2433E-11
CALSDV   51   30  0.2448E-11  0.2445E-11
CALSDV   52   30  0.2484E-11  0.2478E-11
CALSDV   53   30  0.2525E-11  0.2520E-11
CALSDV   54   30  0.2524E-11  0.2519E-11
CALSDV   55   30  0.2555E-11  0.2551E-11
CALSDV   56   30  0.2550E-11  0.2545E-11
CALSDV   57   30  0.2538E-11  0.2534E-11
CALSDV   58   30  0.2549E-11  0.2544E-11
CALSDV   59   30  0.2515E-11  0.2515E-11
CALSDV   60   30  0.2558E-11  0.2558E-11
CALSDV   31   31  0.3062E-11  0.3087E-11
CALSDV   32   31  0.4449E-11  0.4429E-11
CALSDV   33   31  0.4048E-11  0.4053E-11
CALSDV   34   31  0.2550E-11  0.2528E-11
CALSDV   35   31  0.3466E-11  0.3474E-11
CALSDV   36   31  0.2900E-11  0.2889E-11
CALSDV   37   31  0.2716E-11  0.2713E-11
CALSDV   38   31  0.2966E-11  0.2962E-11
CALSDV   39   31  0.2356E-11  0.2350E-11
CALSDV   40   31  0.2756E-11  0.2759E-11
CALSDV   41   31  0.2297E-11  0.2289E-11
CALSDV   42   31  0.2524E-11  0.2532E-11
CALSDV   43   31  0.2345E-11  0.2334E-11
CALSDV   44   31  0.2406E-11  0.2416E-11
CALSDV   45   31  0.2408E-11  0.2396E-11
CALSDV   46   31  0.2421E-11  0.2433E-11
CALSDV   47   31  0.2462E-11  0.2454E-11
CALSDV   48   31  0.2520E-11  0.2529E-11
CALSDV   49   31  0.2509E-11  0.2504E-11
CALSDV   50   31  0.2640E-11  0.2648E-11
CALSDV   51   31  0.2552E-11  0.2547E-11
CALSDV   52   31  0.2741E-11  0.2746E-11
CALSDV   53   31  0.2583E-11  0.2579E-11
CALSDV   54   31  0.2800E-11  0.2803E-11
CALSDV   55   31  0.2591E-11  0.2588E-11
CALSDV   56   31  0.2803E-11  0.2805E-11
CALSDV   57   31  0.2567E-11  0.2564E-11
CALSDV   58   31  0.2752E-11  0.2753E-11
CALSDV   59   31  0.2544E-11  0.2540E-11
CALSDV   60   31  0.2701E-11  0.2699E-11
CALSDV   32   32  0.3034E-11  0.3039E-11
CALSDV   33   32  0.4374E-11  0.4380E-11
CALSDV   34   32  0.4013E-11  0.4016E-11
CALSDV   35   32  0.2526E-11  0.2531E-11
CALSDV   36   32  0.3382E-11  0.3383E-11
CALSDV   37   32  0.2994E-11  0.2984E-11
CALSDV   38   32  0.2692E-11  0.2691E-11
CALSDV   39   32  0.3050E-11  0.3032E-11
CALSDV   40   32  0.2417E-11  0.2417E-11
CALSDV   41   32  0.2777E-11  0.2754E-11
CALSDV   42   32  0.2387E-11  0.2384E-11
CALSDV   43   32  0.2462E-11  0.2437E-11
CALSDV   44   32  0.2413E-11  0.2409E-11
CALSDV   45   32  0.2280E-11  0.2252E-11
CALSDV   46   32  0.2438E-11  0.2434E-11
CALSDV   47   32  0.2268E-11  0.2241E-11
CALSDV   48   32  0.2467E-11  0.2464E-11
CALSDV   49   32  0.2367E-11  0.2344E-11
CALSDV   50   32  0.2510E-11  0.2507E-11
CALSDV   51   32  0.2501E-11  0.2482E-11
CALSDV   52   32  0.2565E-11  0.2563E-11
CALSDV   53   32  0.2614E-11  0.2599E-11
CALSDV   54   32  0.2624E-11  0.2621E-11
CALSDV   55   32  0.2675E-11  0.2664E-11
CALSDV   56   32  0.2664E-11  0.2662E-11
CALSDV   57   32  0.2666E-11  0.2658E-11
CALSDV   58   32  0.2669E-11  0.2666E-11
CALSDV   59   32  0.2627E-11  0.2623E-11
CALSDV   60   32  0.2664E-11  0.2663E-11
CALSDV   33   33  0.2887E-11  0.2908E-11
CALSDV   34   33  0.4483E-11  0.4489E-11
CALSDV   35   33  0.4335E-11  0.4353E-11
CALSDV   36   33  0.2535E-11  0.2539E-11
CALSDV   37   33  0.3608E-11  0.3620E-11
CALSDV   38   33  0.3002E-11  0.3011E-11
CALSDV   39   33  0.2744E-11  0.2754E-11
CALSDV   40   33  0.3068E-11  0.3074E-11
CALSDV   41   33  0.2409E-11  0.2412E-11
CALSDV   42   33  0.2813E-11  0.2817E-11
CALSDV   43   33  0.2451E-11  0.2451E-11
CALSDV   44   33  0.2539E-11  0.2544E-11
CALSDV   45   33  0.2595E-11  0.2591E-11
CALSDV   46   33  0.2415E-11  0.2417E-11
CALSDV   47   33  0.2721E-11  0.2714E-11
CALSDV   48   33  0.2456E-11  0.2458E-11
CALSDV   49   33  0.2807E-11  0.2799E-11
CALSDV   50   33  0.2589E-11  0.2590E-11
CALSDV   51   33  0.2855E-11  0.2849E-11
CALSDV   52   33  0.2736E-11  0.2737E-11
CALSDV   53   33  0.2871E-11  0.2866E-11
CALSDV   54   33  0.2846E-11  0.2849E-11
CALSDV   55   33  0.2850E-11  0.2847E-11
CALSDV   56   33  0.2894E-11  0.2895E-11
CALSDV   57   33  0.2781E-11  0.2779E-11
CALSDV   58   33  0.2863E-11  0.2864E-11
CALSDV   59   33  0.2695E-11  0.2696E-11
CALSDV   60   33  0.2798E-11  0.2800E-11
CALSDV   34   34  0.3068E-11  0.3067E-11
CALSDV   35   34  0.4492E-11  0.4493E-11
CALSDV   36   34  0.4206E-11  0.4212E-11
CALSDV   37   34  0.2651E-11  0.2652E-11
CALSDV   38   34  0.3501E-11  0.3510E-11
CALSDV   39   34  0.3202E-11  0.3195E-11
CALSDV   40   34  0.2802E-11  0.2805E-11
CALSDV   41   34  0.3254E-11  0.3240E-11
CALSDV   42   34  0.2563E-11  0.2561E-11
CALSDV   43   34  0.2961E-11  0.2942E-11
CALSDV   44   34  0.2551E-11  0.2549E-11
CALSDV   45   34  0.2650E-11  0.2629E-11
CALSDV   46   34  0.2575E-11  0.2573E-11
CALSDV   47   34  0.2501E-11  0.2480E-11
CALSDV   48   34  0.2596E-11  0.2594E-11
CALSDV   49   34  0.2527E-11  0.2507E-11
CALSDV   50   34  0.2627E-11  0.2626E-11
CALSDV   51   34  0.2647E-11  0.2630E-11
CALSDV   52   34  0.2678E-11  0.2677E-11
CALSDV   53   34  0.2771E-11  0.2757E-11
CALSDV   54   34  0.2742E-11  0.2739E-11
CALSDV   55   34  0.2842E-11  0.2832E-11
CALSDV   56   34  0.2793E-11  0.2791E-11
CALSDV   57   34  0.2830E-11  0.2823E-11
CALSDV   58   34  0.2801E-11  0.2799E-11
CALSDV   59   34  0.2756E-11  0.2752E-11
CALSDV   60   34  0.2777E-11  0.2775E-11
CALSDV   35   35  0.2904E-11  0.2924E-11
CALSDV   36   35  0.4656E-11  0.4659E-11
CALSDV   37   35  0.4663E-11  0.4673E-11
CALSDV   38   35  0.2718E-11  0.2726E-11
CALSDV   39   35  0.3874E-11  0.3873E-11
CALSDV   40   35  0.3238E-11  0.3237E-11
CALSDV   41   35  0.2932E-11  0.2932E-11
CALSDV   42   35  0.3261E-11  0.3254E-11
CALSDV   43   35  0.2571E-11  0.2574E-11
CALSDV   44   35  0.2959E-11  0.2954E-11
CALSDV   45   35  0.2631E-11  0.2636E-11
CALSDV   46   35  0.2689E-11  0.2684E-11
CALSDV   47   35  0.2800E-11  0.2805E-11
CALSDV   48   35  0.2614E-11  0.2613E-11
CALSDV   49   35  0.2944E-11  0.2950E-11
CALSDV   50   35  0.2718E-11  0.2716E-11
CALSDV   51   35  0.3037E-11  0.3042E-11
CALSDV   52   35  0.2886E-11  0.2886E-11
CALSDV   53   35  0.3075E-11  0.3079E-11
CALSDV   54   35  0.3030E-11  0.3030E-11
CALSDV   55   35  0.3057E-11  0.3060E-11
CALSDV   56   35  0.3096E-11  0.3096E-11
CALSDV   57   35  0.2972E-11  0.2972E-11
CALSDV   58   35  0.3060E-11  0.3058E-11
CALSDV   59   35  0.2840E-11  0.2841E-11
CALSDV   60   35  0.2950E-11  0.2950E-11
CALSDV   36   36  0.3317E-11  0.3301E-11
CALSDV   37   36  0.4644E-11  0.4647E-11
CALSDV   38   36  0.4460E-11  0.4457E-11
CALSDV   39   36  0.2826E-11  0.2818E-11
CALSDV   40   36  0.3665E-11  0.3671E-11
CALSDV   41   36  0.3448E-11  0.3446E-11
CALSDV   42   36  0.2950E-11  0.2957E-11
CALSDV   43   36  0.3496E-11  0.3501E-11
CALSDV   44   36  0.2755E-11  0.2759E-11
CALSDV   45   36  0.3207E-11  0.3218E-11
CALSDV   46   36  0.2782E-11  0.2783E-11
CALSDV   47   36  0.2937E-11  0.2951E-11
CALSDV   48   36  0.2825E-11  0.2825E-11
CALSDV   49   36  0.2842E-11  0.2860E-11
CALSDV   50   36  0.2854E-11  0.2854E-11
CALSDV   51   36  0.2900E-11  0.2915E-11
CALSDV   52   36  0.2888E-11  0.2890E-11
CALSDV   53   36  0.3007E-11  0.3017E-11
CALSDV   54   36  0.2935E-11  0.2937E-11
CALSDV   55   36  0.3071E-11  0.3077E-11
CALSDV   56   36  0.2974E-11  0.2974E-11
CALSDV   57   36  0.3036E-11  0.3040E-11
CALSDV   58   36  0.2969E-11  0.2968E-11
CALSDV   59   36  0.2912E-11  0.2913E-11
CALSDV   60   36  0.2909E-11  0.2909E-11
CALSDV   37   37  0.2971E-11  0.2987E-11
CALSDV   38   37  0.4836E-11  0.4834E-11
CALSDV   39   37  0.4974E-11  0.4968E-11
CALSDV   40   37  0.2933E-11  0.2936E-11
CALSDV   41   37  0.4100E-11  0.4094E-11
CALSDV   42   37  0.3486E-11  0.3487E-11
CALSDV   43   37  0.3098E-11  0.3094E-11
CALSDV   44   37  0.3447E-11  0.3444E-11
CALSDV   45   37  0.2741E-11  0.2743E-11
CALSDV   46   37  0.3088E-11  0.3088E-11
CALSDV   47   37  0.2826E-11  0.2832E-11
CALSDV   48   37  0.2815E-11  0.2818E-11
CALSDV   49   37  0.3014E-11  0.3018E-11
CALSDV   50   37  0.2793E-11  0.2792E-11
CALSDV   51   37  0.3164E-11  0.3167E-11
CALSDV   52   37  0.2946E-11  0.2949E-11
CALSDV   53   37  0.3246E-11  0.3248E-11
CALSDV   54   37  0.3130E-11  0.3135E-11
CALSDV   55   37  0.3247E-11  0.3251E-11
CALSDV   56   37  0.3242E-11  0.3247E-11
CALSDV   57   37  0.3158E-11  0.3160E-11
CALSDV   58   37  0.3224E-11  0.3228E-11
CALSDV   59   37  0.2985E-11  0.2987E-11
CALSDV   60   37  0.3090E-11  0.3093E-11
CALSDV   38   38  0.3428E-11  0.3439E-11
CALSDV   39   38  0.4819E-11  0.4848E-11
CALSDV   40   38  0.4730E-11  0.4747E-11
CALSDV   41   38  0.3015E-11  0.3021E-11
CALSDV   42   38  0.3853E-11  0.3854E-11
CALSDV   43   38  0.3706E-11  0.3709E-11
CALSDV   44   38  0.3109E-11  0.3114E-11
CALSDV   45   38  0.3770E-11  0.3776E-11
CALSDV   46   38  0.2949E-11  0.2955E-11
CALSDV   47   38  0.3523E-11  0.3537E-11
CALSDV   48   38  0.3015E-11  0.3016E-11
CALSDV   49   38  0.3328E-11  0.3347E-11
CALSDV   50   38  0.3081E-11  0.3078E-11
CALSDV   51   38  0.3291E-11  0.3315E-11
CALSDV   52   38  0.3122E-11  0.3119E-11
CALSDV   53   38  0.3347E-11  0.3370E-11
CALSDV   54   38  0.3157E-11  0.3157E-11
CALSDV   55   38  0.3380E-11  0.3398E-11
CALSDV   56   38  0.3180E-11  0.3183E-11
CALSDV   57   38  0.3305E-11  0.3318E-11
CALSDV   58   38  0.3155E-11  0.3159E-11
CALSDV   59   38  0.3102E-11  0.3111E-11
CALSDV   60   38  0.3052E-11  0.3058E-11
CALSDV   39   39  0.3090E-11  0.3106E-11
CALSDV   40   39  0.5013E-11  0.5016E-11
CALSDV   41   39  0.5270E-11  0.5273E-11
CALSDV   42   39  0.3176E-11  0.3177E-11
CALSDV   43   39  0.4292E-11  0.4291E-11
CALSDV   44   39  0.3747E-11  0.3750E-11
CALSDV   45   39  0.3244E-11  0.3243E-11
CALSDV   46   39  0.3631E-11  0.3627E-11
CALSDV   47   39  0.2924E-11  0.2923E-11
CALSDV   48   39  0.3217E-11  0.3210E-11
CALSDV   49   39  0.3048E-11  0.3050E-11
CALSDV   50   39  0.2960E-11  0.2951E-11
CALSDV   51   39  0.3247E-11  0.3250E-11
CALSDV   52   39  0.2995E-11  0.2991E-11
CALSDV   53   39  0.3383E-11  0.3388E-11
CALSDV   54   39  0.3189E-11  0.3187E-11
CALSDV   55   39  0.3423E-11  0.3428E-11
CALSDV   56   39  0.3356E-11  0.3356E-11
CALSDV   57   39  0.3343E-11  0.3348E-11
CALSDV   58   39  0.3381E-11  0.3381E-11
CALSDV   59   39  0.3137E-11  0.3141E-11
CALSDV   60   39  0.3233E-11  0.3234E-11
CALSDV   40   40  0.3487E-11  0.3505E-11
CALSDV   41   40  0.5071E-11  0.5067E-11
CALSDV   42   40  0.5089E-11  0.5092E-11
CALSDV   43   40  0.3266E-11  0.3251E-11
CALSDV   44   40  0.4084E-11  0.4090E-11
CALSDV   45   40  0.3967E-11  0.3959E-11
CALSDV   46   40  0.3282E-11  0.3281E-11
CALSDV   47   40  0.4025E-11  0.4018E-11
CALSDV   48   40  0.3156E-11  0.3158E-11
CALSDV   49   40  0.3820E-11  0.3812E-11
CALSDV   50   40  0.3271E-11  0.3283E-11
CALSDV   51   40  0.3698E-11  0.3691E-11
CALSDV   52   40  0.3375E-11  0.3393E-11
CALSDV   53   40  0.3698E-11  0.3693E-11
CALSDV   54   40  0.3432E-11  0.3449E-11
CALSDV   55   40  0.3705E-11  0.3702E-11
CALSDV   56   40  0.3447E-11  0.3462E-11
CALSDV   57   40  0.3597E-11  0.3594E-11
CALSDV   58   40  0.3393E-11  0.3403E-11
CALSDV   59   40  0.3318E-11  0.3315E-11
CALSDV   60   40  0.3233E-11  0.3236E-11
CALSDV   41   41  0.3273E-11  0.3271E-11
CALSDV   42   41  0.5197E-11  0.5197E-11
CALSDV   43   41  0.5594E-11  0.5596E-11
CALSDV   44   41  0.3455E-11  0.3456E-11
CALSDV   45   41  0.4473E-11  0.4474E-11
CALSDV   46   41  0.4017E-11  0.4024E-11
CALSDV   47   41  0.3382E-11  0.3383E-11
CALSDV   48   41  0.3802E-11  0.3808E-11
CALSDV   49   41  0.3122E-11  0.3125E-11
CALSDV   50   41  0.3342E-11  0.3346E-11
CALSDV   51   41  0.3301E-11  0.3306E-11
CALSDV   52   41  0.3133E-11  0.3130E-11
CALSDV   53   41  0.3507E-11  0.3513E-11
CALSDV   54   41  0.3240E-11  0.3238E-11
CALSDV   55   41  0.3603E-11  0.3608E-11
CALSDV   56   41  0.3445E-11  0.3440E-11
CALSDV   57   41  0.3545E-11  0.3548E-11
CALSDV   58   41  0.3526E-11  0.3522E-11
CALSDV   59   41  0.3307E-11  0.3308E-11
CALSDV   60   41  0.3382E-11  0.3380E-11
CALSDV   42   42  0.3534E-11  0.3544E-11
CALSDV   43   42  0.5324E-11  0.5327E-11
CALSDV   44   42  0.5539E-11  0.5534E-11
CALSDV   45   42  0.3542E-11  0.3552E-11
CALSDV   46   42  0.4378E-11  0.4362E-11
CALSDV   47   42  0.4197E-11  0.4214E-11
CALSDV   48   42  0.3464E-11  0.3458E-11
CALSDV   49   42  0.4193E-11  0.4201E-11
CALSDV   50   42  0.3384E-11  0.3385E-11
CALSDV   51   42  0.3986E-11  0.3987E-11
CALSDV   52   42  0.3595E-11  0.3592E-11
CALSDV   53   42  0.3900E-11  0.3897E-11
CALSDV   54   42  0.3755E-11  0.3749E-11
CALSDV   55   42  0.3899E-11  0.3890E-11
CALSDV   56   42  0.3798E-11  0.3789E-11
CALSDV   57   42  0.3809E-11  0.3798E-11
CALSDV   58   42  0.3710E-11  0.3700E-11
CALSDV   59   42  0.3500E-11  0.3495E-11
CALSDV   60   42  0.3461E-11  0.3455E-11
CALSDV   43   43  0.3431E-11  0.3457E-11
CALSDV   44   43  0.5381E-11  0.5378E-11
CALSDV   45   43  0.5944E-11  0.5946E-11
CALSDV   46   43  0.3765E-11  0.3762E-11
CALSDV   47   43  0.4639E-11  0.4642E-11
CALSDV   48   43  0.4291E-11  0.4293E-11
CALSDV   49   43  0.3514E-11  0.3516E-11
CALSDV   50   43  0.3965E-11  0.3978E-11
CALSDV   51   43  0.3358E-11  0.3364E-11
CALSDV   52   43  0.3486E-11  0.3507E-11
CALSDV   53   43  0.3607E-11  0.3612E-11
CALSDV   54   43  0.3357E-11  0.3375E-11
CALSDV   55   43  0.3793E-11  0.3797E-11
CALSDV   56   43  0.3521E-11  0.3532E-11
CALSDV   57   43  0.3777E-11  0.3777E-11
CALSDV   58   43  0.3656E-11  0.3661E-11
CALSDV   59   43  0.3505E-11  0.3505E-11
CALSDV   60   43  0.3533E-11  0.3534E-11
CALSDV   44   44  0.3604E-11  0.3613E-11
CALSDV   45   44  0.5649E-11  0.5652E-11
CALSDV   46   44  0.6074E-11  0.6062E-11
CALSDV   47   44  0.3889E-11  0.3886E-11
CALSDV   48   44  0.4677E-11  0.4665E-11
CALSDV   49   44  0.4485E-11  0.4475E-11
CALSDV   50   44  0.3639E-11  0.3635E-11
CALSDV   51   44  0.4423E-11  0.4418E-11
CALSDV   52   44  0.3649E-11  0.3657E-11
CALSDV   53   44  0.4225E-11  0.4225E-11
CALSDV   54   44  0.3965E-11  0.3975E-11
CALSDV   55   44  0.4143E-11  0.4146E-11
CALSDV   56   44  0.4137E-11  0.4146E-11
CALSDV   57   44  0.4042E-11  0.4040E-11
CALSDV   58   44  0.4066E-11  0.4070E-11
CALSDV   59   44  0.3704E-11  0.3702E-11
CALSDV   60   44  0.3729E-11  0.3730E-11
CALSDV   45   45  0.3680E-11  0.3685E-11
CALSDV   46   45  0.5677E-11  0.5687E-11
CALSDV   47   45  0.6343E-11  0.6338E-11
CALSDV   48   45  0.4149E-11  0.4139E-11
CALSDV   49   45  0.4798E-11  0.4800E-11
CALSDV   50   45  0.4677E-11  0.4687E-11
CALSDV   51   45  0.3725E-11  0.3728E-11
CALSDV   52   45  0.4360E-11  0.4376E-11
CALSDV   53   45  0.3778E-11  0.3787E-11
CALSDV   54   45  0.3971E-11  0.3976E-11
CALSDV   55   45  0.4078E-11  0.4087E-11
CALSDV   56   45  0.3888E-11  0.3893E-11
CALSDV   57   45  0.4117E-11  0.4130E-11
CALSDV   58   45  0.3925E-11  0.3937E-11
CALSDV   59   45  0.3781E-11  0.3790E-11
CALSDV   60   45  0.3745E-11  0.3755E-11
CALSDV   46   46  0.4221E-11  0.4182E-11
CALSDV   47   46  0.6113E-11  0.6191E-11
CALSDV   48   46  0.6636E-11  0.6704E-11
CALSDV   49   46  0.4408E-11  0.4450E-11
CALSDV   50   46  0.5102E-11  0.5110E-11
CALSDV   51   46  0.4949E-11  0.4983E-11
CALSDV   52   46  0.4005E-11  0.4013E-11
CALSDV   53   46  0.4840E-11  0.4864E-11
CALSDV   54   46  0.4076E-11  0.4083E-11
CALSDV   55   46  0.4595E-11  0.4614E-11
CALSDV   56   46  0.4393E-11  0.4382E-11
CALSDV   57   46  0.4376E-11  0.4378E-11
CALSDV   58   46  0.4423E-11  0.4399E-11
CALSDV   59   46  0.3945E-11  0.3955E-11
CALSDV   60   46  0.4024E-11  0.4021E-11
CALSDV   47   47  0.3667E-11  0.3659E-11
CALSDV   48   47  0.5868E-11  0.5862E-11
CALSDV   49   47  0.6657E-11  0.6673E-11
CALSDV   50   47  0.4491E-11  0.4510E-11
CALSDV   51   47  0.4851E-11  0.4860E-11
CALSDV   52   47  0.4933E-11  0.4951E-11
CALSDV   53   47  0.3881E-11  0.3890E-11
CALSDV   54   47  0.4548E-11  0.4546E-11
CALSDV   55   47  0.4124E-11  0.4118E-11
CALSDV   56   47  0.4210E-11  0.4201E-11
CALSDV   57   47  0.4348E-11  0.4341E-11
CALSDV   58   47  0.4142E-11  0.4130E-11
CALSDV   59   47  0.4050E-11  0.4049E-11
CALSDV   60   47  0.3946E-11  0.3941E-11
CALSDV   48   48  0.3696E-11  0.3713E-11
CALSDV   49   48  0.6234E-11  0.6218E-11
CALSDV   50   48  0.6980E-11  0.6981E-11
CALSDV   51   48  0.4499E-11  0.4505E-11
CALSDV   52   48  0.4944E-11  0.4940E-11
CALSDV   53   48  0.4881E-11  0.4887E-11
CALSDV   54   48  0.3977E-11  0.3970E-11
CALSDV   55   48  0.4682E-11  0.4686E-11
CALSDV   56   48  0.4393E-11  0.4386E-11
CALSDV   57   48  0.4453E-11  0.4452E-11
CALSDV   58   48  0.4692E-11  0.4689E-11
CALSDV   59   48  0.4094E-11  0.4094E-11
CALSDV   60   48  0.4347E-11  0.4347E-11
CALSDV   49   49  0.3463E-11  0.3469E-11
CALSDV   50   49  0.6082E-11  0.6103E-11
CALSDV   51   49  0.6871E-11  0.6891E-11
CALSDV   52   49  0.4796E-11  0.4811E-11
CALSDV   53   49  0.4745E-11  0.4768E-11
CALSDV   54   49  0.5107E-11  0.5141E-11
CALSDV   55   49  0.4030E-11  0.4044E-11
CALSDV   56   49  0.4696E-11  0.4726E-11
CALSDV   57   49  0.4392E-11  0.4403E-11
CALSDV   58   49  0.4418E-11  0.4440E-11
CALSDV   59   49  0.4282E-11  0.4288E-11
CALSDV   60   49  0.4161E-11  0.4175E-11
CALSDV   50   50  0.3619E-11  0.3621E-11
CALSDV   51   50  0.6749E-11  0.6763E-11
CALSDV   52   50  0.7211E-11  0.7212E-11
CALSDV   53   50  0.4797E-11  0.4800E-11
CALSDV   54   50  0.4847E-11  0.4846E-11
CALSDV   55   50  0.5285E-11  0.5313E-11
CALSDV   56   50  0.4220E-11  0.4214E-11
CALSDV   57   50  0.5109E-11  0.5143E-11
CALSDV   58   50  0.4744E-11  0.4740E-11
CALSDV   59   50  0.4542E-11  0.4555E-11
CALSDV   60   50  0.4616E-11  0.4614E-11
CALSDV   51   51  0.3252E-11  0.3271E-11
CALSDV   52   51  0.6584E-11  0.6558E-11
CALSDV   53   51  0.7000E-11  0.7002E-11
CALSDV   54   51  0.5158E-11  0.5162E-11
CALSDV   55   51  0.4724E-11  0.4711E-11
CALSDV   56   51  0.5574E-11  0.5567E-11
CALSDV   57   51  0.4464E-11  0.4455E-11
CALSDV   58   51  0.5228E-11  0.5204E-11
CALSDV   59   51  0.4555E-11  0.4550E-11
CALSDV   60   51  0.4650E-11  0.4635E-11
CALSDV   52   52  0.3490E-11  0.3500E-11
CALSDV   53   52  0.7039E-11  0.7036E-11
CALSDV   54   52  0.7217E-11  0.7209E-11
CALSDV   55   52  0.5130E-11  0.5118E-11
CALSDV   56   52  0.4659E-11  0.4670E-11
CALSDV   57   52  0.5710E-11  0.5700E-11
CALSDV   58   52  0.4580E-11  0.4579E-11
CALSDV   59   52  0.5119E-11  0.5116E-11
CALSDV   60   52  0.4812E-11  0.4809E-11
CALSDV   53   53  0.3025E-11  0.3023E-11
CALSDV   54   53  0.7053E-11  0.7060E-11
CALSDV   55   53  0.6930E-11  0.6950E-11
CALSDV   56   53  0.5571E-11  0.5572E-11
CALSDV   57   53  0.4840E-11  0.4845E-11
CALSDV   58   53  0.6164E-11  0.6165E-11
CALSDV   59   53  0.4785E-11  0.4787E-11
CALSDV   60   53  0.5424E-11  0.5418E-11
CALSDV   54   54  0.3366E-11  0.3351E-11
CALSDV   55   54  0.6772E-11  0.6801E-11
CALSDV   56   54  0.6960E-11  0.6957E-11
CALSDV   57   54  0.5569E-11  0.5571E-11
CALSDV   58   54  0.4617E-11  0.4649E-11
CALSDV   59   54  0.5775E-11  0.5788E-11
CALSDV   60   54  0.4896E-11  0.4910E-11
CALSDV   55   55  0.3095E-11  0.3093E-11
CALSDV   56   55  0.6981E-11  0.6982E-11
CALSDV   57   55  0.6875E-11  0.6893E-11
CALSDV   58   55  0.6154E-11  0.6145E-11
CALSDV   59   55  0.5252E-11  0.5276E-11
CALSDV   60   55  0.6329E-11  0.6319E-11
CALSDV   56   56  0.3392E-11  0.3345E-11
CALSDV   57   56  0.5620E-11  0.5627E-11
CALSDV   58   56  0.6599E-11  0.6602E-11
CALSDV   59   56  0.6042E-11  0.6037E-11
CALSDV   60   56  0.5067E-11  0.5066E-11
CALSDV   57   57  0.3457E-11  0.3456E-11
CALSDV   58   57  0.5877E-11  0.5854E-11
CALSDV   59   57  0.7384E-11  0.7323E-11
CALSDV   60   57  0.6559E-11  0.6554E-11
CALSDV   58   58  0.3584E-11  0.3576E-11
CALSDV   59   58  0.3813E-11  0.3849E-11
CALSDV   60   58  0.7056E-11  0.7069E-11
CALSDV   59   59  0.2646E-11  0.2695E-11
CALSDV   60   59  0.4172E-11  0.4138E-11
CALSDV   60   60  0.3054E-11  0.3056E-11
