  This file contains calibrated standard deviations 
       The relevant data lines start with key CALSDV 
       Each such line contains the following data 
           N   M   C_SIGMA   S_SIGMA 
                 FOR M=0 S_SIGMA=0.0 
     
CALSDV    0    0  0.0000E+00  0.0000E+00
CALSDV    1    0  0.0000E+00  0.0000E+00
CALSDV    2    0  0.4500E-10  0.0000E+00
CALSDV    3    0  0.8673E-11  0.0000E+00
CALSDV    4    0  0.3002E-11  0.0000E+00
CALSDV    5    0  0.2025E-11  0.0000E+00
CALSDV    6    0  0.1546E-11  0.0000E+00
CALSDV    7    0  0.1252E-11  0.0000E+00
CALSDV    8    0  0.1059E-11  0.0000E+00
CALSDV    9    0  0.9204E-12  0.0000E+00
CALSDV   10    0  0.8209E-12  0.0000E+00
CALSDV   11    0  0.7457E-12  0.0000E+00
CALSDV   12    0  0.6885E-12  0.0000E+00
CALSDV   13    0  0.6434E-12  0.0000E+00
CALSDV   14    0  0.6079E-12  0.0000E+00
CALSDV   15    0  0.5793E-12  0.0000E+00
CALSDV   16    0  0.5573E-12  0.0000E+00
CALSDV   17    0  0.5396E-12  0.0000E+00
CALSDV   18    0  0.5255E-12  0.0000E+00
CALSDV   19    0  0.5149E-12  0.0000E+00
CALSDV   20    0  0.5070E-12  0.0000E+00
CALSDV   21    0  0.5013E-12  0.0000E+00
CALSDV   22    0  0.4978E-12  0.0000E+00
CALSDV   23    0  0.4963E-12  0.0000E+00
CALSDV   24    0  0.4964E-12  0.0000E+00
CALSDV   25    0  0.4980E-12  0.0000E+00
CALSDV   26    0  0.5012E-12  0.0000E+00
CALSDV   27    0  0.5058E-12  0.0000E+00
CALSDV   28    0  0.5115E-12  0.0000E+00
CALSDV   29    0  0.5186E-12  0.0000E+00
CALSDV   30    0  0.5270E-12  0.0000E+00
CALSDV   31    0  0.5365E-12  0.0000E+00
CALSDV   32    0  0.5474E-12  0.0000E+00
CALSDV   33    0  0.5594E-12  0.0000E+00
CALSDV   34    0  0.5726E-12  0.0000E+00
CALSDV   35    0  0.5872E-12  0.0000E+00
CALSDV   36    0  0.6029E-12  0.0000E+00
CALSDV   37    0  0.6200E-12  0.0000E+00
CALSDV   38    0  0.6385E-12  0.0000E+00
CALSDV   39    0  0.6583E-12  0.0000E+00
CALSDV   40    0  0.6797E-12  0.0000E+00
CALSDV   41    0  0.7026E-12  0.0000E+00
CALSDV   42    0  0.7271E-12  0.0000E+00
CALSDV   43    0  0.7531E-12  0.0000E+00
CALSDV   44    0  0.7810E-12  0.0000E+00
CALSDV   45    0  0.8107E-12  0.0000E+00
CALSDV   46    0  0.8425E-12  0.0000E+00
CALSDV   47    0  0.8760E-12  0.0000E+00
CALSDV   48    0  0.9119E-12  0.0000E+00
CALSDV   49    0  0.9498E-12  0.0000E+00
CALSDV   50    0  0.9904E-12  0.0000E+00
CALSDV   51    0  0.1033E-11  0.0000E+00
CALSDV   52    0  0.1079E-11  0.0000E+00
CALSDV   53    0  0.1127E-11  0.0000E+00
CALSDV   54    0  0.1179E-11  0.0000E+00
CALSDV   55    0  0.1232E-11  0.0000E+00
CALSDV   56    0  0.1290E-11  0.0000E+00
CALSDV   57    0  0.1346E-11  0.0000E+00
CALSDV   58    0  0.1409E-11  0.0000E+00
CALSDV   59    0  0.1330E-11  0.0000E+00
CALSDV   60    0  0.1391E-11  0.0000E+00
CALSDV    1    1  0.0000E+00  0.0000E+00
CALSDV    2    1  0.2372E-10  0.2443E-10
CALSDV    3    1  0.6093E-11  0.6241E-11
CALSDV    4    1  0.3266E-11  0.3274E-11
CALSDV    5    1  0.2149E-11  0.2147E-11
CALSDV    6    1  0.1615E-11  0.1616E-11
CALSDV    7    1  0.1301E-11  0.1301E-11
CALSDV    8    1  0.1091E-11  0.1090E-11
CALSDV    9    1  0.9446E-12  0.9459E-12
CALSDV   10    1  0.8389E-12  0.8385E-12
CALSDV   11    1  0.7599E-12  0.7599E-12
CALSDV   12    1  0.6997E-12  0.6995E-12
CALSDV   13    1  0.6526E-12  0.6526E-12
CALSDV   14    1  0.6155E-12  0.6153E-12
CALSDV   15    1  0.5864E-12  0.5860E-12
CALSDV   16    1  0.5628E-12  0.5626E-12
CALSDV   17    1  0.5442E-12  0.5442E-12
CALSDV   18    1  0.5300E-12  0.5298E-12
CALSDV   19    1  0.5187E-12  0.5187E-12
CALSDV   20    1  0.5103E-12  0.5102E-12
CALSDV   21    1  0.5046E-12  0.5044E-12
CALSDV   22    1  0.5008E-12  0.5007E-12
CALSDV   23    1  0.4989E-12  0.4988E-12
CALSDV   24    1  0.4988E-12  0.4986E-12
CALSDV   25    1  0.5004E-12  0.5003E-12
CALSDV   26    1  0.5034E-12  0.5032E-12
CALSDV   27    1  0.5077E-12  0.5076E-12
CALSDV   28    1  0.5135E-12  0.5134E-12
CALSDV   29    1  0.5205E-12  0.5203E-12
CALSDV   30    1  0.5287E-12  0.5286E-12
CALSDV   31    1  0.5383E-12  0.5381E-12
CALSDV   32    1  0.5489E-12  0.5488E-12
CALSDV   33    1  0.5609E-12  0.5608E-12
CALSDV   34    1  0.5742E-12  0.5739E-12
CALSDV   35    1  0.5886E-12  0.5884E-12
CALSDV   36    1  0.6044E-12  0.6041E-12
CALSDV   37    1  0.6215E-12  0.6212E-12
CALSDV   38    1  0.6399E-12  0.6397E-12
CALSDV   39    1  0.6597E-12  0.6594E-12
CALSDV   40    1  0.6811E-12  0.6807E-12
CALSDV   41    1  0.7040E-12  0.7036E-12
CALSDV   42    1  0.7284E-12  0.7281E-12
CALSDV   43    1  0.7545E-12  0.7541E-12
CALSDV   44    1  0.7824E-12  0.7820E-12
CALSDV   45    1  0.8121E-12  0.8117E-12
CALSDV   46    1  0.8437E-12  0.8433E-12
CALSDV   47    1  0.8774E-12  0.8769E-12
CALSDV   48    1  0.9133E-12  0.9127E-12
CALSDV   49    1  0.9512E-12  0.9507E-12
CALSDV   50    1  0.9917E-12  0.9911E-12
CALSDV   51    1  0.1035E-11  0.1034E-11
CALSDV   52    1  0.1080E-11  0.1080E-11
CALSDV   53    1  0.1129E-11  0.1128E-11
CALSDV   54    1  0.1180E-11  0.1180E-11
CALSDV   55    1  0.1234E-11  0.1233E-11
CALSDV   56    1  0.1292E-11  0.1291E-11
CALSDV   57    1  0.1348E-11  0.1347E-11
CALSDV   58    1  0.1411E-11  0.1411E-11
CALSDV   59    1  0.1334E-11  0.1333E-11
CALSDV   60    1  0.1395E-11  0.1394E-11
CALSDV    2    2  0.2479E-10  0.2074E-10
CALSDV    3    2  0.9746E-11  0.9764E-11
CALSDV    4    2  0.4530E-11  0.4525E-11
CALSDV    5    2  0.2760E-11  0.2761E-11
CALSDV    6    2  0.1983E-11  0.1979E-11
CALSDV    7    2  0.1523E-11  0.1520E-11
CALSDV    8    2  0.1250E-11  0.1247E-11
CALSDV    9    2  0.1055E-11  0.1052E-11
CALSDV   10    2  0.9232E-12  0.9211E-12
CALSDV   11    2  0.8234E-12  0.8222E-12
CALSDV   12    2  0.7510E-12  0.7496E-12
CALSDV   13    2  0.6938E-12  0.6924E-12
CALSDV   14    2  0.6497E-12  0.6487E-12
CALSDV   15    2  0.6145E-12  0.6135E-12
CALSDV   16    2  0.5873E-12  0.5865E-12
CALSDV   17    2  0.5656E-12  0.5647E-12
CALSDV   18    2  0.5483E-12  0.5476E-12
CALSDV   19    2  0.5351E-12  0.5342E-12
CALSDV   20    2  0.5250E-12  0.5242E-12
CALSDV   21    2  0.5175E-12  0.5168E-12
CALSDV   22    2  0.5126E-12  0.5119E-12
CALSDV   23    2  0.5098E-12  0.5091E-12
CALSDV   24    2  0.5089E-12  0.5081E-12
CALSDV   25    2  0.5097E-12  0.5089E-12
CALSDV   26    2  0.5118E-12  0.5113E-12
CALSDV   27    2  0.5159E-12  0.5150E-12
CALSDV   28    2  0.5210E-12  0.5203E-12
CALSDV   29    2  0.5277E-12  0.5269E-12
CALSDV   30    2  0.5355E-12  0.5348E-12
CALSDV   31    2  0.5447E-12  0.5439E-12
CALSDV   32    2  0.5552E-12  0.5543E-12
CALSDV   33    2  0.5668E-12  0.5660E-12
CALSDV   34    2  0.5798E-12  0.5789E-12
CALSDV   35    2  0.5941E-12  0.5932E-12
CALSDV   36    2  0.6097E-12  0.6087E-12
CALSDV   37    2  0.6266E-12  0.6257E-12
CALSDV   38    2  0.6449E-12  0.6439E-12
CALSDV   39    2  0.6647E-12  0.6636E-12
CALSDV   40    2  0.6858E-12  0.6848E-12
CALSDV   41    2  0.7086E-12  0.7075E-12
CALSDV   42    2  0.7330E-12  0.7319E-12
CALSDV   43    2  0.7590E-12  0.7578E-12
CALSDV   44    2  0.7868E-12  0.7856E-12
CALSDV   45    2  0.8165E-12  0.8151E-12
CALSDV   46    2  0.8482E-12  0.8468E-12
CALSDV   47    2  0.8818E-12  0.8803E-12
CALSDV   48    2  0.9176E-12  0.9160E-12
CALSDV   49    2  0.9556E-12  0.9539E-12
CALSDV   50    2  0.9962E-12  0.9944E-12
CALSDV   51    2  0.1039E-11  0.1037E-11
CALSDV   52    2  0.1085E-11  0.1083E-11
CALSDV   53    2  0.1133E-11  0.1131E-11
CALSDV   54    2  0.1185E-11  0.1183E-11
CALSDV   55    2  0.1239E-11  0.1237E-11
CALSDV   56    2  0.1297E-11  0.1294E-11
CALSDV   57    2  0.1354E-11  0.1352E-11
CALSDV   58    2  0.1417E-11  0.1415E-11
CALSDV   59    2  0.1352E-11  0.1349E-11
CALSDV   60    2  0.1413E-11  0.1409E-11
CALSDV    3    3  0.2173E-10  0.2180E-10
CALSDV    4    3  0.9268E-11  0.9351E-11
CALSDV    5    3  0.6148E-11  0.6129E-11
CALSDV    6    3  0.3333E-11  0.3354E-11
CALSDV    7    3  0.2878E-11  0.2877E-11
CALSDV    8    3  0.1820E-11  0.1831E-11
CALSDV    9    3  0.1711E-11  0.1710E-11
CALSDV   10    3  0.1229E-11  0.1234E-11
CALSDV   11    3  0.1186E-11  0.1185E-11
CALSDV   12    3  0.9245E-12  0.9271E-12
CALSDV   13    3  0.9106E-12  0.9101E-12
CALSDV   14    3  0.7641E-12  0.7657E-12
CALSDV   15    3  0.7549E-12  0.7548E-12
CALSDV   16    3  0.6632E-12  0.6643E-12
CALSDV   17    3  0.6618E-12  0.6612E-12
CALSDV   18    3  0.6036E-12  0.6042E-12
CALSDV   19    3  0.6036E-12  0.6032E-12
CALSDV   20    3  0.5677E-12  0.5677E-12
CALSDV   21    3  0.5694E-12  0.5691E-12
CALSDV   22    3  0.5453E-12  0.5453E-12
CALSDV   23    3  0.5495E-12  0.5490E-12
CALSDV   24    3  0.5358E-12  0.5357E-12
CALSDV   25    3  0.5414E-12  0.5410E-12
CALSDV   26    3  0.5337E-12  0.5335E-12
CALSDV   27    3  0.5416E-12  0.5412E-12
CALSDV   28    3  0.5397E-12  0.5395E-12
CALSDV   29    3  0.5492E-12  0.5488E-12
CALSDV   30    3  0.5515E-12  0.5511E-12
CALSDV   31    3  0.5632E-12  0.5627E-12
CALSDV   32    3  0.5692E-12  0.5688E-12
CALSDV   33    3  0.5829E-12  0.5824E-12
CALSDV   34    3  0.5924E-12  0.5920E-12
CALSDV   35    3  0.6083E-12  0.6077E-12
CALSDV   36    3  0.6211E-12  0.6206E-12
CALSDV   37    3  0.6393E-12  0.6388E-12
CALSDV   38    3  0.6554E-12  0.6549E-12
CALSDV   39    3  0.6762E-12  0.6756E-12
CALSDV   40    3  0.6956E-12  0.6950E-12
CALSDV   41    3  0.7192E-12  0.7187E-12
CALSDV   42    3  0.7421E-12  0.7415E-12
CALSDV   43    3  0.7689E-12  0.7683E-12
CALSDV   44    3  0.7955E-12  0.7949E-12
CALSDV   45    3  0.8258E-12  0.8251E-12
CALSDV   46    3  0.8563E-12  0.8556E-12
CALSDV   47    3  0.8906E-12  0.8899E-12
CALSDV   48    3  0.9255E-12  0.9248E-12
CALSDV   49    3  0.9641E-12  0.9633E-12
CALSDV   50    3  0.1004E-11  0.1003E-11
CALSDV   51    3  0.1047E-11  0.1047E-11
CALSDV   52    3  0.1092E-11  0.1092E-11
CALSDV   53    3  0.1142E-11  0.1141E-11
CALSDV   54    3  0.1193E-11  0.1192E-11
CALSDV   55    3  0.1248E-11  0.1247E-11
CALSDV   56    3  0.1305E-11  0.1304E-11
CALSDV   57    3  0.1365E-11  0.1364E-11
CALSDV   58    3  0.1429E-11  0.1427E-11
CALSDV   59    3  0.1386E-11  0.1385E-11
CALSDV   60    3  0.1446E-11  0.1445E-11
CALSDV    4    4  0.1266E-10  0.1284E-10
CALSDV    5    4  0.9188E-11  0.9048E-11
CALSDV    6    4  0.3932E-11  0.3931E-11
CALSDV    7    4  0.3310E-11  0.3275E-11
CALSDV    8    4  0.2066E-11  0.2065E-11
CALSDV    9    4  0.1792E-11  0.1780E-11
CALSDV   10    4  0.1345E-11  0.1345E-11
CALSDV   11    4  0.1211E-11  0.1207E-11
CALSDV   12    4  0.1005E-11  0.1008E-11
CALSDV   13    4  0.9314E-12  0.9282E-12
CALSDV   14    4  0.8217E-12  0.8225E-12
CALSDV   15    4  0.7758E-12  0.7745E-12
CALSDV   16    4  0.7081E-12  0.7091E-12
CALSDV   17    4  0.6827E-12  0.6817E-12
CALSDV   18    4  0.6387E-12  0.6391E-12
CALSDV   19    4  0.6259E-12  0.6250E-12
CALSDV   20    4  0.5971E-12  0.5976E-12
CALSDV   21    4  0.5902E-12  0.5897E-12
CALSDV   22    4  0.5722E-12  0.5722E-12
CALSDV   23    4  0.5699E-12  0.5694E-12
CALSDV   24    4  0.5593E-12  0.5592E-12
CALSDV   25    4  0.5598E-12  0.5593E-12
CALSDV   26    4  0.5551E-12  0.5549E-12
CALSDV   27    4  0.5591E-12  0.5587E-12
CALSDV   28    4  0.5586E-12  0.5583E-12
CALSDV   29    4  0.5655E-12  0.5649E-12
CALSDV   30    4  0.5687E-12  0.5683E-12
CALSDV   31    4  0.5784E-12  0.5778E-12
CALSDV   32    4  0.5851E-12  0.5846E-12
CALSDV   33    4  0.5973E-12  0.5966E-12
CALSDV   34    4  0.6072E-12  0.6066E-12
CALSDV   35    4  0.6220E-12  0.6212E-12
CALSDV   36    4  0.6351E-12  0.6344E-12
CALSDV   37    4  0.6524E-12  0.6516E-12
CALSDV   38    4  0.6685E-12  0.6678E-12
CALSDV   39    4  0.6887E-12  0.6878E-12
CALSDV   40    4  0.7082E-12  0.7073E-12
CALSDV   41    4  0.7312E-12  0.7303E-12
CALSDV   42    4  0.7542E-12  0.7532E-12
CALSDV   43    4  0.7804E-12  0.7795E-12
CALSDV   44    4  0.8070E-12  0.8061E-12
CALSDV   45    4  0.8370E-12  0.8359E-12
CALSDV   46    4  0.8676E-12  0.8666E-12
CALSDV   47    4  0.9015E-12  0.9002E-12
CALSDV   48    4  0.9364E-12  0.9353E-12
CALSDV   49    4  0.9748E-12  0.9736E-12
CALSDV   50    4  0.1015E-11  0.1014E-11
CALSDV   51    4  0.1058E-11  0.1057E-11
CALSDV   52    4  0.1103E-11  0.1102E-11
CALSDV   53    4  0.1152E-11  0.1151E-11
CALSDV   54    4  0.1204E-11  0.1202E-11
CALSDV   55    4  0.1259E-11  0.1257E-11
CALSDV   56    4  0.1316E-11  0.1315E-11
CALSDV   57    4  0.1378E-11  0.1376E-11
CALSDV   58    4  0.1442E-11  0.1440E-11
CALSDV   59    4  0.1418E-11  0.1417E-11
CALSDV   60    4  0.1479E-11  0.1478E-11
CALSDV    5    5  0.1584E-10  0.1574E-10
CALSDV    6    5  0.6620E-11  0.6600E-11
CALSDV    7    5  0.4317E-11  0.4304E-11
CALSDV    8    5  0.2708E-11  0.2718E-11
CALSDV    9    5  0.2506E-11  0.2495E-11
CALSDV   10    5  0.1678E-11  0.1685E-11
CALSDV   11    5  0.1714E-11  0.1711E-11
CALSDV   12    5  0.1256E-11  0.1260E-11
CALSDV   13    5  0.1291E-11  0.1287E-11
CALSDV   14    5  0.1018E-11  0.1020E-11
CALSDV   15    5  0.1031E-11  0.1030E-11
CALSDV   16    5  0.8639E-12  0.8648E-12
CALSDV   17    5  0.8708E-12  0.8694E-12
CALSDV   18    5  0.7672E-12  0.7675E-12
CALSDV   19    5  0.7671E-12  0.7654E-12
CALSDV   20    5  0.6964E-12  0.6965E-12
CALSDV   21    5  0.6996E-12  0.6986E-12
CALSDV   22    5  0.6547E-12  0.6548E-12
CALSDV   23    5  0.6569E-12  0.6560E-12
CALSDV   24    5  0.6278E-12  0.6278E-12
CALSDV   25    5  0.6300E-12  0.6293E-12
CALSDV   26    5  0.6127E-12  0.6125E-12
CALSDV   27    5  0.6168E-12  0.6163E-12
CALSDV   28    5  0.6085E-12  0.6081E-12
CALSDV   29    5  0.6136E-12  0.6129E-12
CALSDV   30    5  0.6111E-12  0.6106E-12
CALSDV   31    5  0.6193E-12  0.6186E-12
CALSDV   32    5  0.6222E-12  0.6219E-12
CALSDV   33    5  0.6324E-12  0.6318E-12
CALSDV   34    5  0.6399E-12  0.6392E-12
CALSDV   35    5  0.6527E-12  0.6520E-12
CALSDV   36    5  0.6641E-12  0.6636E-12
CALSDV   37    5  0.6794E-12  0.6788E-12
CALSDV   38    5  0.6947E-12  0.6939E-12
CALSDV   39    5  0.7129E-12  0.7122E-12
CALSDV   40    5  0.7318E-12  0.7310E-12
CALSDV   41    5  0.7531E-12  0.7523E-12
CALSDV   42    5  0.7757E-12  0.7749E-12
CALSDV   43    5  0.8004E-12  0.7995E-12
CALSDV   44    5  0.8270E-12  0.8261E-12
CALSDV   45    5  0.8553E-12  0.8543E-12
CALSDV   46    5  0.8860E-12  0.8850E-12
CALSDV   47    5  0.9185E-12  0.9174E-12
CALSDV   48    5  0.9537E-12  0.9526E-12
CALSDV   49    5  0.9907E-12  0.9896E-12
CALSDV   50    5  0.1031E-11  0.1030E-11
CALSDV   51    5  0.1073E-11  0.1072E-11
CALSDV   52    5  0.1118E-11  0.1117E-11
CALSDV   53    5  0.1167E-11  0.1165E-11
CALSDV   54    5  0.1218E-11  0.1217E-11
CALSDV   55    5  0.1273E-11  0.1271E-11
CALSDV   56    5  0.1331E-11  0.1329E-11
CALSDV   57    5  0.1392E-11  0.1391E-11
CALSDV   58    5  0.1457E-11  0.1456E-11
CALSDV   59    5  0.1450E-11  0.1449E-11
CALSDV   60    5  0.1513E-11  0.1512E-11
CALSDV    6    6  0.8512E-11  0.8787E-11
CALSDV    7    6  0.8845E-11  0.8781E-11
CALSDV    8    6  0.3936E-11  0.3965E-11
CALSDV    9    6  0.4189E-11  0.4159E-11
CALSDV   10    6  0.2425E-11  0.2437E-11
CALSDV   11    6  0.2429E-11  0.2421E-11
CALSDV   12    6  0.1640E-11  0.1647E-11
CALSDV   13    6  0.1646E-11  0.1643E-11
CALSDV   14    6  0.1213E-11  0.1220E-11
CALSDV   15    6  0.1234E-11  0.1234E-11
CALSDV   16    6  0.9771E-12  0.9818E-12
CALSDV   17    6  0.9993E-12  0.1001E-11
CALSDV   18    6  0.8490E-12  0.8518E-12
CALSDV   19    6  0.8567E-12  0.8574E-12
CALSDV   20    6  0.7513E-12  0.7538E-12
CALSDV   21    6  0.7659E-12  0.7676E-12
CALSDV   22    6  0.6978E-12  0.6996E-12
CALSDV   23    6  0.7105E-12  0.7122E-12
CALSDV   24    6  0.6592E-12  0.6605E-12
CALSDV   25    6  0.6762E-12  0.6773E-12
CALSDV   26    6  0.6415E-12  0.6424E-12
CALSDV   27    6  0.6574E-12  0.6589E-12
CALSDV   28    6  0.6359E-12  0.6368E-12
CALSDV   29    6  0.6495E-12  0.6505E-12
CALSDV   30    6  0.6362E-12  0.6373E-12
CALSDV   31    6  0.6519E-12  0.6528E-12
CALSDV   32    6  0.6465E-12  0.6471E-12
CALSDV   33    6  0.6621E-12  0.6629E-12
CALSDV   34    6  0.6620E-12  0.6629E-12
CALSDV   35    6  0.6801E-12  0.6810E-12
CALSDV   36    6  0.6857E-12  0.6862E-12
CALSDV   37    6  0.7050E-12  0.7058E-12
CALSDV   38    6  0.7152E-12  0.7160E-12
CALSDV   39    6  0.7370E-12  0.7377E-12
CALSDV   40    6  0.7516E-12  0.7522E-12
CALSDV   41    6  0.7756E-12  0.7763E-12
CALSDV   42    6  0.7948E-12  0.7954E-12
CALSDV   43    6  0.8216E-12  0.8223E-12
CALSDV   44    6  0.8453E-12  0.8460E-12
CALSDV   45    6  0.8753E-12  0.8761E-12
CALSDV   46    6  0.9037E-12  0.9044E-12
CALSDV   47    6  0.9374E-12  0.9380E-12
CALSDV   48    6  0.9706E-12  0.9713E-12
CALSDV   49    6  0.1009E-11  0.1009E-11
CALSDV   50    6  0.1047E-11  0.1048E-11
CALSDV   51    6  0.1090E-11  0.1091E-11
CALSDV   52    6  0.1134E-11  0.1135E-11
CALSDV   53    6  0.1183E-11  0.1184E-11
CALSDV   54    6  0.1233E-11  0.1234E-11
CALSDV   55    6  0.1289E-11  0.1290E-11
CALSDV   56    6  0.1346E-11  0.1347E-11
CALSDV   57    6  0.1409E-11  0.1410E-11
CALSDV   58    6  0.1474E-11  0.1474E-11
CALSDV   59    6  0.1484E-11  0.1485E-11
CALSDV   60    6  0.1546E-11  0.1547E-11
CALSDV    7    7  0.1218E-10  0.1224E-10
CALSDV    8    7  0.6229E-11  0.6223E-11
CALSDV    9    7  0.4085E-11  0.4079E-11
CALSDV   10    7  0.2646E-11  0.2660E-11
CALSDV   11    7  0.2364E-11  0.2349E-11
CALSDV   12    7  0.1619E-11  0.1635E-11
CALSDV   13    7  0.1611E-11  0.1601E-11
CALSDV   14    7  0.1264E-11  0.1274E-11
CALSDV   15    7  0.1222E-11  0.1214E-11
CALSDV   16    7  0.1083E-11  0.1091E-11
CALSDV   17    7  0.1010E-11  0.1007E-11
CALSDV   18    7  0.9703E-12  0.9745E-12
CALSDV   19    7  0.8836E-12  0.8816E-12
CALSDV   20    7  0.8863E-12  0.8890E-12
CALSDV   21    7  0.7972E-12  0.7963E-12
CALSDV   22    7  0.8248E-12  0.8279E-12
CALSDV   23    7  0.7414E-12  0.7418E-12
CALSDV   24    7  0.7723E-12  0.7743E-12
CALSDV   25    7  0.7085E-12  0.7086E-12
CALSDV   26    7  0.7417E-12  0.7431E-12
CALSDV   27    7  0.6907E-12  0.6912E-12
CALSDV   28    7  0.7236E-12  0.7250E-12
CALSDV   29    7  0.6831E-12  0.6839E-12
CALSDV   30    7  0.7148E-12  0.7159E-12
CALSDV   31    7  0.6840E-12  0.6849E-12
CALSDV   32    7  0.7157E-12  0.7169E-12
CALSDV   33    7  0.6931E-12  0.6938E-12
CALSDV   34    7  0.7233E-12  0.7242E-12
CALSDV   35    7  0.7092E-12  0.7101E-12
CALSDV   36    7  0.7398E-12  0.7408E-12
CALSDV   37    7  0.7329E-12  0.7337E-12
CALSDV   38    7  0.7634E-12  0.7644E-12
CALSDV   39    7  0.7634E-12  0.7643E-12
CALSDV   40    7  0.7948E-12  0.7959E-12
CALSDV   41    7  0.8008E-12  0.8018E-12
CALSDV   42    7  0.8335E-12  0.8346E-12
CALSDV   43    7  0.8453E-12  0.8465E-12
CALSDV   44    7  0.8802E-12  0.8814E-12
CALSDV   45    7  0.8977E-12  0.8991E-12
CALSDV   46    7  0.9352E-12  0.9366E-12
CALSDV   47    7  0.9587E-12  0.9601E-12
CALSDV   48    7  0.9993E-12  0.1001E-11
CALSDV   49    7  0.1029E-11  0.1030E-11
CALSDV   50    7  0.1073E-11  0.1075E-11
CALSDV   51    7  0.1109E-11  0.1111E-11
CALSDV   52    7  0.1158E-11  0.1160E-11
CALSDV   53    7  0.1201E-11  0.1203E-11
CALSDV   54    7  0.1255E-11  0.1257E-11
CALSDV   55    7  0.1306E-11  0.1308E-11
CALSDV   56    7  0.1366E-11  0.1368E-11
CALSDV   57    7  0.1425E-11  0.1428E-11
CALSDV   58    7  0.1493E-11  0.1496E-11
CALSDV   59    7  0.1512E-11  0.1514E-11
CALSDV   60    7  0.1581E-11  0.1582E-11
CALSDV    8    8  0.6274E-11  0.6283E-11
CALSDV    9    8  0.6231E-11  0.6271E-11
CALSDV   10    8  0.3806E-11  0.3802E-11
CALSDV   11    8  0.3473E-11  0.3496E-11
CALSDV   12    8  0.2734E-11  0.2732E-11
CALSDV   13    8  0.2394E-11  0.2419E-11
CALSDV   14    8  0.1964E-11  0.1961E-11
CALSDV   15    8  0.1833E-11  0.1849E-11
CALSDV   16    8  0.1510E-11  0.1504E-11
CALSDV   17    8  0.1494E-11  0.1505E-11
CALSDV   18    8  0.1212E-11  0.1208E-11
CALSDV   19    8  0.1263E-11  0.1271E-11
CALSDV   20    8  0.1041E-11  0.1036E-11
CALSDV   21    8  0.1105E-11  0.1113E-11
CALSDV   22    8  0.9296E-12  0.9265E-12
CALSDV   23    8  0.9879E-12  0.9921E-12
CALSDV   24    8  0.8489E-12  0.8460E-12
CALSDV   25    8  0.9063E-12  0.9103E-12
CALSDV   26    8  0.8066E-12  0.8062E-12
CALSDV   27    8  0.8517E-12  0.8547E-12
CALSDV   28    8  0.7699E-12  0.7697E-12
CALSDV   29    8  0.8172E-12  0.8200E-12
CALSDV   30    8  0.7577E-12  0.7578E-12
CALSDV   31    8  0.7976E-12  0.8005E-12
CALSDV   32    8  0.7570E-12  0.7576E-12
CALSDV   33    8  0.7887E-12  0.7912E-12
CALSDV   34    8  0.7606E-12  0.7613E-12
CALSDV   35    8  0.7919E-12  0.7947E-12
CALSDV   36    8  0.7764E-12  0.7776E-12
CALSDV   37    8  0.8039E-12  0.8066E-12
CALSDV   38    8  0.7973E-12  0.7986E-12
CALSDV   39    8  0.8258E-12  0.8284E-12
CALSDV   40    8  0.8280E-12  0.8294E-12
CALSDV   41    8  0.8558E-12  0.8583E-12
CALSDV   42    8  0.8652E-12  0.8668E-12
CALSDV   43    8  0.8944E-12  0.8969E-12
CALSDV   44    8  0.9108E-12  0.9126E-12
CALSDV   45    8  0.9416E-12  0.9443E-12
CALSDV   46    8  0.9645E-12  0.9667E-12
CALSDV   47    8  0.9981E-12  0.1001E-11
CALSDV   48    8  0.1027E-11  0.1030E-11
CALSDV   49    8  0.1064E-11  0.1067E-11
CALSDV   50    8  0.1100E-11  0.1103E-11
CALSDV   51    8  0.1141E-11  0.1144E-11
CALSDV   52    8  0.1183E-11  0.1186E-11
CALSDV   53    8  0.1230E-11  0.1233E-11
CALSDV   54    8  0.1279E-11  0.1282E-11
CALSDV   55    8  0.1332E-11  0.1336E-11
CALSDV   56    8  0.1389E-11  0.1392E-11
CALSDV   57    8  0.1451E-11  0.1455E-11
CALSDV   58    8  0.1516E-11  0.1519E-11
CALSDV   59    8  0.1554E-11  0.1557E-11
CALSDV   60    8  0.1618E-11  0.1621E-11
CALSDV    9    9  0.8902E-11  0.8954E-11
CALSDV   10    9  0.5823E-11  0.5752E-11
CALSDV   11    9  0.3957E-11  0.3956E-11
CALSDV   12    9  0.2722E-11  0.2708E-11
CALSDV   13    9  0.2511E-11  0.2520E-11
CALSDV   14    9  0.1696E-11  0.1695E-11
CALSDV   15    9  0.1705E-11  0.1716E-11
CALSDV   16    9  0.1332E-11  0.1334E-11
CALSDV   17    9  0.1277E-11  0.1284E-11
CALSDV   18    9  0.1169E-11  0.1169E-11
CALSDV   19    9  0.1030E-11  0.1037E-11
CALSDV   20    9  0.1070E-11  0.1073E-11
CALSDV   21    9  0.9105E-12  0.9156E-12
CALSDV   22    9  0.9819E-12  0.9819E-12
CALSDV   23    9  0.8480E-12  0.8513E-12
CALSDV   24    9  0.9265E-12  0.9264E-12
CALSDV   25    9  0.8003E-12  0.8037E-12
CALSDV   26    9  0.8887E-12  0.8881E-12
CALSDV   27    9  0.7830E-12  0.7834E-12
CALSDV   28    9  0.8490E-12  0.8483E-12
CALSDV   29    9  0.7697E-12  0.7721E-12
CALSDV   30    9  0.8297E-12  0.8290E-12
CALSDV   31    9  0.7717E-12  0.7726E-12
CALSDV   32    9  0.8223E-12  0.8210E-12
CALSDV   33    9  0.7810E-12  0.7812E-12
CALSDV   34    9  0.8228E-12  0.8214E-12
CALSDV   35    9  0.7933E-12  0.7929E-12
CALSDV   36    9  0.8328E-12  0.8315E-12
CALSDV   37    9  0.8147E-12  0.8136E-12
CALSDV   38    9  0.8487E-12  0.8475E-12
CALSDV   39    9  0.8406E-12  0.8405E-12
CALSDV   40    9  0.8745E-12  0.8731E-12
CALSDV   41    9  0.8751E-12  0.8746E-12
CALSDV   42    9  0.9082E-12  0.9062E-12
CALSDV   43    9  0.9166E-12  0.9155E-12
CALSDV   44    9  0.9505E-12  0.9484E-12
CALSDV   45    9  0.9657E-12  0.9642E-12
CALSDV   46    9  0.1001E-11  0.9992E-12
CALSDV   47    9  0.1023E-11  0.1021E-11
CALSDV   48    9  0.1061E-11  0.1059E-11
CALSDV   49    9  0.1089E-11  0.1088E-11
CALSDV   50    9  0.1132E-11  0.1130E-11
CALSDV   51    9  0.1166E-11  0.1164E-11
CALSDV   52    9  0.1213E-11  0.1211E-11
CALSDV   53    9  0.1255E-11  0.1252E-11
CALSDV   54    9  0.1307E-11  0.1304E-11
CALSDV   55    9  0.1356E-11  0.1353E-11
CALSDV   56    9  0.1415E-11  0.1412E-11
CALSDV   57    9  0.1474E-11  0.1471E-11
CALSDV   58    9  0.1541E-11  0.1537E-11
CALSDV   59    9  0.1585E-11  0.1582E-11
CALSDV   60    9  0.1651E-11  0.1648E-11
CALSDV   10   10  0.5180E-11  0.5151E-11
CALSDV   11   10  0.4875E-11  0.4815E-11
CALSDV   12   10  0.3389E-11  0.3400E-11
CALSDV   13   10  0.2602E-11  0.2574E-11
CALSDV   14   10  0.2673E-11  0.2686E-11
CALSDV   15   10  0.2046E-11  0.2040E-11
CALSDV   16   10  0.2025E-11  0.2038E-11
CALSDV   17   10  0.1786E-11  0.1788E-11
CALSDV   18   10  0.1595E-11  0.1605E-11
CALSDV   19   10  0.1599E-11  0.1600E-11
CALSDV   20   10  0.1336E-11  0.1342E-11
CALSDV   21   10  0.1441E-11  0.1440E-11
CALSDV   22   10  0.1166E-11  0.1170E-11
CALSDV   23   10  0.1304E-11  0.1303E-11
CALSDV   24   10  0.1066E-11  0.1069E-11
CALSDV   25   10  0.1201E-11  0.1199E-11
CALSDV   26   10  0.9982E-12  0.1001E-11
CALSDV   27   10  0.1115E-11  0.1112E-11
CALSDV   28   10  0.9495E-12  0.9517E-12
CALSDV   29   10  0.1049E-11  0.1047E-11
CALSDV   30   10  0.9253E-12  0.9271E-12
CALSDV   31   10  0.1003E-11  0.1001E-11
CALSDV   32   10  0.9029E-12  0.9044E-12
CALSDV   33   10  0.9747E-12  0.9728E-12
CALSDV   34   10  0.9012E-12  0.9023E-12
CALSDV   35   10  0.9595E-12  0.9580E-12
CALSDV   36   10  0.9087E-12  0.9098E-12
CALSDV   37   10  0.9538E-12  0.9522E-12
CALSDV   38   10  0.9192E-12  0.9201E-12
CALSDV   39   10  0.9609E-12  0.9594E-12
CALSDV   40   10  0.9420E-12  0.9428E-12
CALSDV   41   10  0.9772E-12  0.9761E-12
CALSDV   42   10  0.9707E-12  0.9711E-12
CALSDV   43   10  0.1005E-11  0.1004E-11
CALSDV   44   10  0.1009E-11  0.1010E-11
CALSDV   45   10  0.1042E-11  0.1041E-11
CALSDV   46   10  0.1056E-11  0.1056E-11
CALSDV   47   10  0.1089E-11  0.1088E-11
CALSDV   48   10  0.1112E-11  0.1113E-11
CALSDV   49   10  0.1147E-11  0.1146E-11
CALSDV   50   10  0.1178E-11  0.1179E-11
CALSDV   51   10  0.1216E-11  0.1216E-11
CALSDV   52   10  0.1256E-11  0.1256E-11
CALSDV   53   10  0.1297E-11  0.1297E-11
CALSDV   54   10  0.1345E-11  0.1346E-11
CALSDV   55   10  0.1393E-11  0.1393E-11
CALSDV   56   10  0.1450E-11  0.1450E-11
CALSDV   57   10  0.1507E-11  0.1507E-11
CALSDV   58   10  0.1572E-11  0.1573E-11
CALSDV   59   10  0.1629E-11  0.1629E-11
CALSDV   60   10  0.1696E-11  0.1697E-11
CALSDV   11   11  0.6224E-11  0.6238E-11
CALSDV   12   11  0.5086E-11  0.5084E-11
CALSDV   13   11  0.3643E-11  0.3644E-11
CALSDV   14   11  0.2642E-11  0.2635E-11
CALSDV   15   11  0.2640E-11  0.2638E-11
CALSDV   16   11  0.1799E-11  0.1790E-11
CALSDV   17   11  0.1874E-11  0.1874E-11
CALSDV   18   11  0.1489E-11  0.1484E-11
CALSDV   19   11  0.1390E-11  0.1393E-11
CALSDV   20   11  0.1272E-11  0.1268E-11
CALSDV   21   11  0.1128E-11  0.1130E-11
CALSDV   22   11  0.1149E-11  0.1148E-11
CALSDV   23   11  0.9835E-12  0.9844E-12
CALSDV   24   11  0.1070E-11  0.1069E-11
CALSDV   25   11  0.9270E-12  0.9287E-12
CALSDV   26   11  0.9938E-12  0.9920E-12
CALSDV   27   11  0.9032E-12  0.9041E-12
CALSDV   28   11  0.9543E-12  0.9529E-12
CALSDV   29   11  0.8835E-12  0.8839E-12
CALSDV   30   11  0.9311E-12  0.9295E-12
CALSDV   31   11  0.8857E-12  0.8865E-12
CALSDV   32   11  0.9066E-12  0.9056E-12
CALSDV   33   11  0.8895E-12  0.8895E-12
CALSDV   34   11  0.9020E-12  0.9011E-12
CALSDV   35   11  0.9036E-12  0.9040E-12
CALSDV   36   11  0.9100E-12  0.9097E-12
CALSDV   37   11  0.9240E-12  0.9243E-12
CALSDV   38   11  0.9255E-12  0.9253E-12
CALSDV   39   11  0.9451E-12  0.9454E-12
CALSDV   40   11  0.9490E-12  0.9488E-12
CALSDV   41   11  0.9759E-12  0.9761E-12
CALSDV   42   11  0.9796E-12  0.9796E-12
CALSDV   43   11  0.1012E-11  0.1012E-11
CALSDV   44   11  0.1020E-11  0.1020E-11
CALSDV   45   11  0.1056E-11  0.1056E-11
CALSDV   46   11  0.1069E-11  0.1069E-11
CALSDV   47   11  0.1108E-11  0.1108E-11
CALSDV   48   11  0.1127E-11  0.1127E-11
CALSDV   49   11  0.1169E-11  0.1169E-11
CALSDV   50   11  0.1194E-11  0.1195E-11
CALSDV   51   11  0.1240E-11  0.1240E-11
CALSDV   52   11  0.1273E-11  0.1273E-11
CALSDV   53   11  0.1322E-11  0.1322E-11
CALSDV   54   11  0.1363E-11  0.1363E-11
CALSDV   55   11  0.1417E-11  0.1417E-11
CALSDV   56   11  0.1467E-11  0.1468E-11
CALSDV   57   11  0.1529E-11  0.1530E-11
CALSDV   58   11  0.1589E-11  0.1590E-11
CALSDV   59   11  0.1657E-11  0.1658E-11
CALSDV   60   11  0.1716E-11  0.1717E-11
CALSDV   12   12  0.4560E-11  0.4469E-11
CALSDV   13   12  0.4581E-11  0.4603E-11
CALSDV   14   12  0.3109E-11  0.3104E-11
CALSDV   15   12  0.2279E-11  0.2287E-11
CALSDV   16   12  0.2510E-11  0.2511E-11
CALSDV   17   12  0.1808E-11  0.1813E-11
CALSDV   18   12  0.1934E-11  0.1934E-11
CALSDV   19   12  0.1735E-11  0.1736E-11
CALSDV   20   12  0.1536E-11  0.1538E-11
CALSDV   21   12  0.1604E-11  0.1603E-11
CALSDV   22   12  0.1316E-11  0.1321E-11
CALSDV   23   12  0.1504E-11  0.1503E-11
CALSDV   24   12  0.1199E-11  0.1202E-11
CALSDV   25   12  0.1408E-11  0.1407E-11
CALSDV   26   12  0.1137E-11  0.1138E-11
CALSDV   27   12  0.1315E-11  0.1314E-11
CALSDV   28   12  0.1103E-11  0.1105E-11
CALSDV   29   12  0.1246E-11  0.1245E-11
CALSDV   30   12  0.1083E-11  0.1084E-11
CALSDV   31   12  0.1185E-11  0.1184E-11
CALSDV   32   12  0.1067E-11  0.1068E-11
CALSDV   33   12  0.1141E-11  0.1141E-11
CALSDV   34   12  0.1062E-11  0.1064E-11
CALSDV   35   12  0.1112E-11  0.1112E-11
CALSDV   36   12  0.1059E-11  0.1060E-11
CALSDV   37   12  0.1098E-11  0.1098E-11
CALSDV   38   12  0.1070E-11  0.1070E-11
CALSDV   39   12  0.1095E-11  0.1097E-11
CALSDV   40   12  0.1087E-11  0.1088E-11
CALSDV   41   12  0.1101E-11  0.1102E-11
CALSDV   42   12  0.1106E-11  0.1107E-11
CALSDV   43   12  0.1119E-11  0.1121E-11
CALSDV   44   12  0.1137E-11  0.1138E-11
CALSDV   45   12  0.1148E-11  0.1150E-11
CALSDV   46   12  0.1175E-11  0.1176E-11
CALSDV   47   12  0.1187E-11  0.1189E-11
CALSDV   48   12  0.1223E-11  0.1224E-11
CALSDV   49   12  0.1237E-11  0.1239E-11
CALSDV   50   12  0.1280E-11  0.1282E-11
CALSDV   51   12  0.1298E-11  0.1301E-11
CALSDV   52   12  0.1348E-11  0.1350E-11
CALSDV   53   12  0.1372E-11  0.1375E-11
CALSDV   54   12  0.1428E-11  0.1431E-11
CALSDV   55   12  0.1460E-11  0.1463E-11
CALSDV   56   12  0.1523E-11  0.1526E-11
CALSDV   57   12  0.1566E-11  0.1569E-11
CALSDV   58   12  0.1638E-11  0.1641E-11
CALSDV   59   12  0.1700E-11  0.1703E-11
CALSDV   60   12  0.1775E-11  0.1779E-11
CALSDV   13   13  0.4620E-11  0.4656E-11
CALSDV   14   13  0.4440E-11  0.4443E-11
CALSDV   15   13  0.3371E-11  0.3376E-11
CALSDV   16   13  0.2451E-11  0.2455E-11
CALSDV   17   13  0.2697E-11  0.2698E-11
CALSDV   18   13  0.1854E-11  0.1864E-11
CALSDV   19   13  0.2004E-11  0.2003E-11
CALSDV   20   13  0.1636E-11  0.1646E-11
CALSDV   21   13  0.1505E-11  0.1506E-11
CALSDV   22   13  0.1416E-11  0.1425E-11
CALSDV   23   13  0.1219E-11  0.1221E-11
CALSDV   24   13  0.1254E-11  0.1262E-11
CALSDV   25   13  0.1082E-11  0.1082E-11
CALSDV   26   13  0.1147E-11  0.1154E-11
CALSDV   27   13  0.1018E-11  0.1019E-11
CALSDV   28   13  0.1077E-11  0.1084E-11
CALSDV   29   13  0.1006E-11  0.1007E-11
CALSDV   30   13  0.1019E-11  0.1024E-11
CALSDV   31   13  0.1011E-11  0.1012E-11
CALSDV   32   13  0.9980E-12  0.1002E-11
CALSDV   33   13  0.1009E-11  0.1010E-11
CALSDV   34   13  0.9879E-12  0.9916E-12
CALSDV   35   13  0.1024E-11  0.1025E-11
CALSDV   36   13  0.9836E-12  0.9870E-12
CALSDV   37   13  0.1041E-11  0.1042E-11
CALSDV   38   13  0.9977E-12  0.1001E-11
CALSDV   39   13  0.1065E-11  0.1065E-11
CALSDV   40   13  0.1025E-11  0.1027E-11
CALSDV   41   13  0.1094E-11  0.1094E-11
CALSDV   42   13  0.1058E-11  0.1060E-11
CALSDV   43   13  0.1124E-11  0.1124E-11
CALSDV   44   13  0.1097E-11  0.1099E-11
CALSDV   45   13  0.1164E-11  0.1164E-11
CALSDV   46   13  0.1146E-11  0.1148E-11
CALSDV   47   13  0.1210E-11  0.1210E-11
CALSDV   48   13  0.1203E-11  0.1205E-11
CALSDV   49   13  0.1265E-11  0.1265E-11
CALSDV   50   13  0.1270E-11  0.1271E-11
CALSDV   51   13  0.1328E-11  0.1329E-11
CALSDV   52   13  0.1346E-11  0.1347E-11
CALSDV   53   13  0.1403E-11  0.1404E-11
CALSDV   54   13  0.1432E-11  0.1433E-11
CALSDV   55   13  0.1490E-11  0.1491E-11
CALSDV   56   13  0.1531E-11  0.1534E-11
CALSDV   57   13  0.1594E-11  0.1595E-11
CALSDV   58   13  0.1649E-11  0.1650E-11
CALSDV   59   13  0.1731E-11  0.1733E-11
CALSDV   60   13  0.1787E-11  0.1789E-11
CALSDV   14   14  0.3826E-11  0.3811E-11
CALSDV   15   14  0.4601E-11  0.4625E-11
CALSDV   16   14  0.3071E-11  0.3057E-11
CALSDV   17   14  0.2370E-11  0.2382E-11
CALSDV   18   14  0.2515E-11  0.2514E-11
CALSDV   19   14  0.1833E-11  0.1834E-11
CALSDV   20   14  0.1924E-11  0.1925E-11
CALSDV   21   14  0.1755E-11  0.1754E-11
CALSDV   22   14  0.1500E-11  0.1500E-11
CALSDV   23   14  0.1649E-11  0.1646E-11
CALSDV   24   14  0.1297E-11  0.1295E-11
CALSDV   25   14  0.1533E-11  0.1529E-11
CALSDV   26   14  0.1222E-11  0.1219E-11
CALSDV   27   14  0.1453E-11  0.1449E-11
CALSDV   28   14  0.1199E-11  0.1196E-11
CALSDV   29   14  0.1381E-11  0.1378E-11
CALSDV   30   14  0.1204E-11  0.1201E-11
CALSDV   31   14  0.1316E-11  0.1313E-11
CALSDV   32   14  0.1213E-11  0.1209E-11
CALSDV   33   14  0.1275E-11  0.1274E-11
CALSDV   34   14  0.1225E-11  0.1222E-11
CALSDV   35   14  0.1239E-11  0.1236E-11
CALSDV   36   14  0.1227E-11  0.1224E-11
CALSDV   37   14  0.1218E-11  0.1215E-11
CALSDV   38   14  0.1237E-11  0.1233E-11
CALSDV   39   14  0.1213E-11  0.1211E-11
CALSDV   40   14  0.1250E-11  0.1246E-11
CALSDV   41   14  0.1218E-11  0.1216E-11
CALSDV   42   14  0.1269E-11  0.1265E-11
CALSDV   43   14  0.1234E-11  0.1232E-11
CALSDV   44   14  0.1294E-11  0.1291E-11
CALSDV   45   14  0.1256E-11  0.1254E-11
CALSDV   46   14  0.1321E-11  0.1318E-11
CALSDV   47   14  0.1291E-11  0.1290E-11
CALSDV   48   14  0.1361E-11  0.1357E-11
CALSDV   49   14  0.1336E-11  0.1334E-11
CALSDV   50   14  0.1407E-11  0.1404E-11
CALSDV   51   14  0.1392E-11  0.1389E-11
CALSDV   52   14  0.1465E-11  0.1461E-11
CALSDV   53   14  0.1458E-11  0.1456E-11
CALSDV   54   14  0.1533E-11  0.1530E-11
CALSDV   55   14  0.1539E-11  0.1536E-11
CALSDV   56   14  0.1616E-11  0.1613E-11
CALSDV   57   14  0.1636E-11  0.1633E-11
CALSDV   58   14  0.1719E-11  0.1715E-11
CALSDV   59   14  0.1776E-11  0.1772E-11
CALSDV   60   14  0.1862E-11  0.1858E-11
CALSDV   15   15  0.4491E-11  0.4448E-11
CALSDV   16   15  0.4664E-11  0.4648E-11
CALSDV   17   15  0.3257E-11  0.3257E-11
CALSDV   18   15  0.2546E-11  0.2507E-11
CALSDV   19   15  0.2797E-11  0.2773E-11
CALSDV   20   15  0.1902E-11  0.1901E-11
CALSDV   21   15  0.2242E-11  0.2215E-11
CALSDV   22   15  0.1676E-11  0.1679E-11
CALSDV   23   15  0.1772E-11  0.1752E-11
CALSDV   24   15  0.1548E-11  0.1547E-11
CALSDV   25   15  0.1484E-11  0.1468E-11
CALSDV   26   15  0.1417E-11  0.1414E-11
CALSDV   27   15  0.1328E-11  0.1315E-11
CALSDV   28   15  0.1323E-11  0.1317E-11
CALSDV   29   15  0.1262E-11  0.1253E-11
CALSDV   30   15  0.1254E-11  0.1247E-11
CALSDV   31   15  0.1231E-11  0.1224E-11
CALSDV   32   15  0.1211E-11  0.1203E-11
CALSDV   33   15  0.1220E-11  0.1216E-11
CALSDV   34   15  0.1183E-11  0.1174E-11
CALSDV   35   15  0.1225E-11  0.1222E-11
CALSDV   36   15  0.1181E-11  0.1172E-11
CALSDV   37   15  0.1220E-11  0.1220E-11
CALSDV   38   15  0.1172E-11  0.1167E-11
CALSDV   39   15  0.1231E-11  0.1232E-11
CALSDV   40   15  0.1182E-11  0.1178E-11
CALSDV   41   15  0.1252E-11  0.1252E-11
CALSDV   42   15  0.1208E-11  0.1205E-11
CALSDV   43   15  0.1274E-11  0.1276E-11
CALSDV   44   15  0.1240E-11  0.1239E-11
CALSDV   45   15  0.1304E-11  0.1306E-11
CALSDV   46   15  0.1280E-11  0.1280E-11
CALSDV   47   15  0.1339E-11  0.1342E-11
CALSDV   48   15  0.1327E-11  0.1328E-11
CALSDV   49   15  0.1384E-11  0.1387E-11
CALSDV   50   15  0.1385E-11  0.1387E-11
CALSDV   51   15  0.1438E-11  0.1441E-11
CALSDV   52   15  0.1452E-11  0.1455E-11
CALSDV   53   15  0.1501E-11  0.1505E-11
CALSDV   54   15  0.1529E-11  0.1532E-11
CALSDV   55   15  0.1577E-11  0.1581E-11
CALSDV   56   15  0.1618E-11  0.1622E-11
CALSDV   57   15  0.1670E-11  0.1674E-11
CALSDV   58   15  0.1725E-11  0.1729E-11
CALSDV   59   15  0.1809E-11  0.1813E-11
CALSDV   60   15  0.1868E-11  0.1872E-11
CALSDV   16   16  0.3479E-11  0.3419E-11
CALSDV   17   16  0.4418E-11  0.4387E-11
CALSDV   18   16  0.3153E-11  0.3126E-11
CALSDV   19   16  0.2380E-11  0.2372E-11
CALSDV   20   16  0.2678E-11  0.2661E-11
CALSDV   21   16  0.1931E-11  0.1919E-11
CALSDV   22   16  0.2078E-11  0.2062E-11
CALSDV   23   16  0.1820E-11  0.1809E-11
CALSDV   24   16  0.1611E-11  0.1600E-11
CALSDV   25   16  0.1730E-11  0.1721E-11
CALSDV   26   16  0.1396E-11  0.1387E-11
CALSDV   27   16  0.1603E-11  0.1594E-11
CALSDV   28   16  0.1323E-11  0.1317E-11
CALSDV   29   16  0.1492E-11  0.1485E-11
CALSDV   30   16  0.1321E-11  0.1317E-11
CALSDV   31   16  0.1430E-11  0.1421E-11
CALSDV   32   16  0.1347E-11  0.1343E-11
CALSDV   33   16  0.1382E-11  0.1372E-11
CALSDV   34   16  0.1376E-11  0.1371E-11
CALSDV   35   16  0.1350E-11  0.1341E-11
CALSDV   36   16  0.1397E-11  0.1392E-11
CALSDV   37   16  0.1337E-11  0.1328E-11
CALSDV   38   16  0.1421E-11  0.1416E-11
CALSDV   39   16  0.1324E-11  0.1314E-11
CALSDV   40   16  0.1428E-11  0.1422E-11
CALSDV   41   16  0.1331E-11  0.1322E-11
CALSDV   42   16  0.1443E-11  0.1437E-11
CALSDV   43   16  0.1352E-11  0.1342E-11
CALSDV   44   16  0.1467E-11  0.1459E-11
CALSDV   45   16  0.1376E-11  0.1365E-11
CALSDV   46   16  0.1490E-11  0.1481E-11
CALSDV   47   16  0.1409E-11  0.1399E-11
CALSDV   48   16  0.1518E-11  0.1509E-11
CALSDV   49   16  0.1450E-11  0.1439E-11
CALSDV   50   16  0.1554E-11  0.1543E-11
CALSDV   51   16  0.1502E-11  0.1489E-11
CALSDV   52   16  0.1600E-11  0.1588E-11
CALSDV   53   16  0.1561E-11  0.1549E-11
CALSDV   54   16  0.1655E-11  0.1643E-11
CALSDV   55   16  0.1633E-11  0.1619E-11
CALSDV   56   16  0.1724E-11  0.1711E-11
CALSDV   57   16  0.1720E-11  0.1706E-11
CALSDV   58   16  0.1811E-11  0.1797E-11
CALSDV   59   16  0.1859E-11  0.1844E-11
CALSDV   60   16  0.1953E-11  0.1937E-11
CALSDV   17   17  0.3120E-11  0.3120E-11
CALSDV   18   17  0.3837E-11  0.3867E-11
CALSDV   19   17  0.3041E-11  0.3051E-11
CALSDV   20   17  0.2173E-11  0.2191E-11
CALSDV   21   17  0.2654E-11  0.2660E-11
CALSDV   22   17  0.1991E-11  0.2003E-11
CALSDV   23   17  0.2099E-11  0.2100E-11
CALSDV   24   17  0.1892E-11  0.1894E-11
CALSDV   25   17  0.1645E-11  0.1644E-11
CALSDV   26   17  0.1744E-11  0.1740E-11
CALSDV   27   17  0.1387E-11  0.1387E-11
CALSDV   28   17  0.1568E-11  0.1561E-11
CALSDV   29   17  0.1275E-11  0.1276E-11
CALSDV   30   17  0.1404E-11  0.1394E-11
CALSDV   31   17  0.1235E-11  0.1238E-11
CALSDV   32   17  0.1288E-11  0.1279E-11
CALSDV   33   17  0.1245E-11  0.1249E-11
CALSDV   34   17  0.1231E-11  0.1223E-11
CALSDV   35   17  0.1254E-11  0.1258E-11
CALSDV   36   17  0.1204E-11  0.1199E-11
CALSDV   37   17  0.1285E-11  0.1289E-11
CALSDV   38   17  0.1208E-11  0.1202E-11
CALSDV   39   17  0.1312E-11  0.1317E-11
CALSDV   40   17  0.1231E-11  0.1229E-11
CALSDV   41   17  0.1322E-11  0.1326E-11
CALSDV   42   17  0.1250E-11  0.1249E-11
CALSDV   43   17  0.1356E-11  0.1362E-11
CALSDV   44   17  0.1294E-11  0.1295E-11
CALSDV   45   17  0.1395E-11  0.1401E-11
CALSDV   46   17  0.1350E-11  0.1352E-11
CALSDV   47   17  0.1429E-11  0.1435E-11
CALSDV   48   17  0.1405E-11  0.1409E-11
CALSDV   49   17  0.1476E-11  0.1481E-11
CALSDV   50   17  0.1468E-11  0.1471E-11
CALSDV   51   17  0.1527E-11  0.1532E-11
CALSDV   52   17  0.1537E-11  0.1542E-11
CALSDV   53   17  0.1587E-11  0.1593E-11
CALSDV   54   17  0.1614E-11  0.1619E-11
CALSDV   55   17  0.1657E-11  0.1663E-11
CALSDV   56   17  0.1700E-11  0.1705E-11
CALSDV   57   17  0.1741E-11  0.1747E-11
CALSDV   58   17  0.1799E-11  0.1806E-11
CALSDV   59   17  0.1878E-11  0.1884E-11
CALSDV   60   17  0.1944E-11  0.1950E-11
CALSDV   18   18  0.3785E-11  0.3759E-11
CALSDV   19   18  0.3932E-11  0.3920E-11
CALSDV   20   18  0.3350E-11  0.3355E-11
CALSDV   21   18  0.2114E-11  0.2087E-11
CALSDV   22   18  0.2831E-11  0.2834E-11
CALSDV   23   18  0.1924E-11  0.1914E-11
CALSDV   24   18  0.2157E-11  0.2157E-11
CALSDV   25   18  0.1865E-11  0.1861E-11
CALSDV   26   18  0.1691E-11  0.1692E-11
CALSDV   27   18  0.1776E-11  0.1772E-11
CALSDV   28   18  0.1457E-11  0.1458E-11
CALSDV   29   18  0.1664E-11  0.1662E-11
CALSDV   30   18  0.1419E-11  0.1422E-11
CALSDV   31   18  0.1555E-11  0.1554E-11
CALSDV   32   18  0.1447E-11  0.1450E-11
CALSDV   33   18  0.1468E-11  0.1468E-11
CALSDV   34   18  0.1489E-11  0.1492E-11
CALSDV   35   18  0.1437E-11  0.1437E-11
CALSDV   36   18  0.1543E-11  0.1544E-11
CALSDV   37   18  0.1421E-11  0.1421E-11
CALSDV   38   18  0.1575E-11  0.1577E-11
CALSDV   39   18  0.1431E-11  0.1432E-11
CALSDV   40   18  0.1609E-11  0.1610E-11
CALSDV   41   18  0.1438E-11  0.1439E-11
CALSDV   42   18  0.1627E-11  0.1629E-11
CALSDV   43   18  0.1454E-11  0.1456E-11
CALSDV   44   18  0.1634E-11  0.1636E-11
CALSDV   45   18  0.1489E-11  0.1491E-11
CALSDV   46   18  0.1657E-11  0.1659E-11
CALSDV   47   18  0.1527E-11  0.1529E-11
CALSDV   48   18  0.1680E-11  0.1683E-11
CALSDV   49   18  0.1566E-11  0.1569E-11
CALSDV   50   18  0.1703E-11  0.1706E-11
CALSDV   51   18  0.1613E-11  0.1615E-11
CALSDV   52   18  0.1735E-11  0.1738E-11
CALSDV   53   18  0.1666E-11  0.1669E-11
CALSDV   54   18  0.1775E-11  0.1779E-11
CALSDV   55   18  0.1727E-11  0.1730E-11
CALSDV   56   18  0.1828E-11  0.1831E-11
CALSDV   57   18  0.1800E-11  0.1804E-11
CALSDV   58   18  0.1897E-11  0.1900E-11
CALSDV   59   18  0.1933E-11  0.1937E-11
CALSDV   60   18  0.2028E-11  0.2033E-11
CALSDV   19   19  0.3139E-11  0.3111E-11
CALSDV   20   19  0.3781E-11  0.3744E-11
CALSDV   21   19  0.3098E-11  0.3093E-11
CALSDV   22   19  0.2173E-11  0.2139E-11
CALSDV   23   19  0.2709E-11  0.2709E-11
CALSDV   24   19  0.2154E-11  0.2123E-11
CALSDV   25   19  0.2139E-11  0.2141E-11
CALSDV   26   19  0.2110E-11  0.2082E-11
CALSDV   27   19  0.1748E-11  0.1749E-11
CALSDV   28   19  0.1972E-11  0.1952E-11
CALSDV   29   19  0.1505E-11  0.1504E-11
CALSDV   30   19  0.1792E-11  0.1778E-11
CALSDV   31   19  0.1409E-11  0.1407E-11
CALSDV   32   19  0.1625E-11  0.1614E-11
CALSDV   33   19  0.1390E-11  0.1387E-11
CALSDV   34   19  0.1494E-11  0.1483E-11
CALSDV   35   19  0.1393E-11  0.1389E-11
CALSDV   36   19  0.1404E-11  0.1393E-11
CALSDV   37   19  0.1420E-11  0.1417E-11
CALSDV   38   19  0.1383E-11  0.1375E-11
CALSDV   39   19  0.1429E-11  0.1425E-11
CALSDV   40   19  0.1384E-11  0.1380E-11
CALSDV   41   19  0.1465E-11  0.1461E-11
CALSDV   42   19  0.1420E-11  0.1416E-11
CALSDV   43   19  0.1489E-11  0.1485E-11
CALSDV   44   19  0.1443E-11  0.1438E-11
CALSDV   45   19  0.1509E-11  0.1505E-11
CALSDV   46   19  0.1485E-11  0.1482E-11
CALSDV   47   19  0.1551E-11  0.1547E-11
CALSDV   48   19  0.1547E-11  0.1544E-11
CALSDV   49   19  0.1597E-11  0.1593E-11
CALSDV   50   19  0.1606E-11  0.1603E-11
CALSDV   51   19  0.1639E-11  0.1635E-11
CALSDV   52   19  0.1668E-11  0.1666E-11
CALSDV   53   19  0.1694E-11  0.1691E-11
CALSDV   54   19  0.1736E-11  0.1734E-11
CALSDV   55   19  0.1756E-11  0.1753E-11
CALSDV   56   19  0.1812E-11  0.1810E-11
CALSDV   57   19  0.1829E-11  0.1826E-11
CALSDV   58   19  0.1898E-11  0.1896E-11
CALSDV   59   19  0.1959E-11  0.1956E-11
CALSDV   60   19  0.2035E-11  0.2033E-11
CALSDV   20   20  0.3731E-11  0.3669E-11
CALSDV   21   20  0.3801E-11  0.3807E-11
CALSDV   22   20  0.3486E-11  0.3489E-11
CALSDV   23   20  0.2067E-11  0.2068E-11
CALSDV   24   20  0.3005E-11  0.3012E-11
CALSDV   25   20  0.2052E-11  0.2049E-11
CALSDV   26   20  0.2261E-11  0.2271E-11
CALSDV   27   20  0.2010E-11  0.2007E-11
CALSDV   28   20  0.1800E-11  0.1811E-11
CALSDV   29   20  0.1879E-11  0.1879E-11
CALSDV   30   20  0.1572E-11  0.1582E-11
CALSDV   31   20  0.1736E-11  0.1736E-11
CALSDV   32   20  0.1519E-11  0.1525E-11
CALSDV   33   20  0.1621E-11  0.1621E-11
CALSDV   34   20  0.1561E-11  0.1565E-11
CALSDV   35   20  0.1550E-11  0.1550E-11
CALSDV   36   20  0.1626E-11  0.1628E-11
CALSDV   37   20  0.1504E-11  0.1505E-11
CALSDV   38   20  0.1674E-11  0.1675E-11
CALSDV   39   20  0.1511E-11  0.1512E-11
CALSDV   40   20  0.1726E-11  0.1725E-11
CALSDV   41   20  0.1539E-11  0.1540E-11
CALSDV   42   20  0.1756E-11  0.1756E-11
CALSDV   43   20  0.1585E-11  0.1584E-11
CALSDV   44   20  0.1793E-11  0.1793E-11
CALSDV   45   20  0.1604E-11  0.1604E-11
CALSDV   46   20  0.1798E-11  0.1798E-11
CALSDV   47   20  0.1651E-11  0.1651E-11
CALSDV   48   20  0.1818E-11  0.1818E-11
CALSDV   49   20  0.1701E-11  0.1701E-11
CALSDV   50   20  0.1845E-11  0.1846E-11
CALSDV   51   20  0.1744E-11  0.1744E-11
CALSDV   52   20  0.1870E-11  0.1869E-11
CALSDV   53   20  0.1790E-11  0.1790E-11
CALSDV   54   20  0.1899E-11  0.1899E-11
CALSDV   55   20  0.1842E-11  0.1842E-11
CALSDV   56   20  0.1939E-11  0.1939E-11
CALSDV   57   20  0.1901E-11  0.1900E-11
CALSDV   58   20  0.1993E-11  0.1992E-11
CALSDV   59   20  0.2023E-11  0.2021E-11
CALSDV   60   20  0.2113E-11  0.2111E-11
CALSDV   21   21  0.3312E-11  0.3310E-11
CALSDV   22   21  0.3788E-11  0.3776E-11
CALSDV   23   21  0.3178E-11  0.3178E-11
CALSDV   24   21  0.2145E-11  0.2139E-11
CALSDV   25   21  0.2782E-11  0.2787E-11
CALSDV   26   21  0.2280E-11  0.2280E-11
CALSDV   27   21  0.2182E-11  0.2188E-11
CALSDV   28   21  0.2300E-11  0.2301E-11
CALSDV   29   21  0.1861E-11  0.1865E-11
CALSDV   30   21  0.2174E-11  0.2172E-11
CALSDV   31   21  0.1690E-11  0.1695E-11
CALSDV   32   21  0.2009E-11  0.2005E-11
CALSDV   33   21  0.1606E-11  0.1609E-11
CALSDV   34   21  0.1848E-11  0.1845E-11
CALSDV   35   21  0.1585E-11  0.1585E-11
CALSDV   36   21  0.1729E-11  0.1726E-11
CALSDV   37   21  0.1600E-11  0.1599E-11
CALSDV   38   21  0.1657E-11  0.1655E-11
CALSDV   39   21  0.1617E-11  0.1615E-11
CALSDV   40   21  0.1614E-11  0.1609E-11
CALSDV   41   21  0.1642E-11  0.1639E-11
CALSDV   42   21  0.1617E-11  0.1612E-11
CALSDV   43   21  0.1661E-11  0.1658E-11
CALSDV   44   21  0.1651E-11  0.1649E-11
CALSDV   45   21  0.1679E-11  0.1677E-11
CALSDV   46   21  0.1696E-11  0.1695E-11
CALSDV   47   21  0.1700E-11  0.1698E-11
CALSDV   48   21  0.1714E-11  0.1713E-11
CALSDV   49   21  0.1738E-11  0.1737E-11
CALSDV   50   21  0.1772E-11  0.1773E-11
CALSDV   51   21  0.1774E-11  0.1774E-11
CALSDV   52   21  0.1830E-11  0.1830E-11
CALSDV   53   21  0.1819E-11  0.1819E-11
CALSDV   54   21  0.1878E-11  0.1881E-11
CALSDV   55   21  0.1865E-11  0.1867E-11
CALSDV   56   21  0.1938E-11  0.1940E-11
CALSDV   57   21  0.1924E-11  0.1925E-11
CALSDV   58   21  0.2004E-11  0.2006E-11
CALSDV   59   21  0.2040E-11  0.2043E-11
CALSDV   60   21  0.2127E-11  0.2130E-11
CALSDV   22   22  0.3480E-11  0.3474E-11
CALSDV   23   22  0.3797E-11  0.3792E-11
CALSDV   24   22  0.3547E-11  0.3548E-11
CALSDV   25   22  0.2089E-11  0.2082E-11
CALSDV   26   22  0.3140E-11  0.3139E-11
CALSDV   27   22  0.2210E-11  0.2208E-11
CALSDV   28   22  0.2363E-11  0.2364E-11
CALSDV   29   22  0.2199E-11  0.2196E-11
CALSDV   30   22  0.1910E-11  0.1904E-11
CALSDV   31   22  0.2019E-11  0.2017E-11
CALSDV   32   22  0.1721E-11  0.1717E-11
CALSDV   33   22  0.1834E-11  0.1833E-11
CALSDV   34   22  0.1673E-11  0.1672E-11
CALSDV   35   22  0.1694E-11  0.1694E-11
CALSDV   36   22  0.1693E-11  0.1692E-11
CALSDV   37   22  0.1622E-11  0.1619E-11
CALSDV   38   22  0.1748E-11  0.1748E-11
CALSDV   39   22  0.1612E-11  0.1610E-11
CALSDV   40   22  0.1814E-11  0.1813E-11
CALSDV   41   22  0.1632E-11  0.1631E-11
CALSDV   42   22  0.1860E-11  0.1861E-11
CALSDV   43   22  0.1665E-11  0.1665E-11
CALSDV   44   22  0.1893E-11  0.1895E-11
CALSDV   45   22  0.1739E-11  0.1738E-11
CALSDV   46   22  0.1935E-11  0.1936E-11
CALSDV   47   22  0.1785E-11  0.1785E-11
CALSDV   48   22  0.1953E-11  0.1955E-11
CALSDV   49   22  0.1826E-11  0.1826E-11
CALSDV   50   22  0.1963E-11  0.1965E-11
CALSDV   51   22  0.1884E-11  0.1884E-11
CALSDV   52   22  0.1998E-11  0.1999E-11
CALSDV   53   22  0.1926E-11  0.1927E-11
CALSDV   54   22  0.2021E-11  0.2023E-11
CALSDV   55   22  0.1965E-11  0.1965E-11
CALSDV   56   22  0.2049E-11  0.2050E-11
CALSDV   57   22  0.2008E-11  0.2009E-11
CALSDV   58   22  0.2088E-11  0.2088E-11
CALSDV   59   22  0.2112E-11  0.2112E-11
CALSDV   60   22  0.2192E-11  0.2193E-11
CALSDV   23   23  0.3305E-11  0.3304E-11
CALSDV   24   23  0.3871E-11  0.3864E-11
CALSDV   25   23  0.3281E-11  0.3234E-11
CALSDV   26   23  0.2148E-11  0.2129E-11
CALSDV   27   23  0.2886E-11  0.2855E-11
CALSDV   28   23  0.2406E-11  0.2388E-11
CALSDV   29   23  0.2244E-11  0.2230E-11
CALSDV   30   23  0.2495E-11  0.2483E-11
CALSDV   31   23  0.1951E-11  0.1946E-11
CALSDV   32   23  0.2359E-11  0.2354E-11
CALSDV   33   23  0.1862E-11  0.1859E-11
CALSDV   34   23  0.2191E-11  0.2188E-11
CALSDV   35   23  0.1829E-11  0.1825E-11
CALSDV   36   23  0.2047E-11  0.2046E-11
CALSDV   37   23  0.1810E-11  0.1806E-11
CALSDV   38   23  0.1946E-11  0.1945E-11
CALSDV   39   23  0.1806E-11  0.1802E-11
CALSDV   40   23  0.1892E-11  0.1891E-11
CALSDV   41   23  0.1824E-11  0.1818E-11
CALSDV   42   23  0.1883E-11  0.1882E-11
CALSDV   43   23  0.1850E-11  0.1843E-11
CALSDV   44   23  0.1898E-11  0.1899E-11
CALSDV   45   23  0.1860E-11  0.1851E-11
CALSDV   46   23  0.1910E-11  0.1914E-11
CALSDV   47   23  0.1896E-11  0.1888E-11
CALSDV   48   23  0.1963E-11  0.1967E-11
CALSDV   49   23  0.1893E-11  0.1885E-11
CALSDV   50   23  0.1986E-11  0.1984E-11
CALSDV   51   23  0.1928E-11  0.1919E-11
CALSDV   52   23  0.2022E-11  0.2020E-11
CALSDV   53   23  0.1967E-11  0.1958E-11
CALSDV   54   23  0.2064E-11  0.2060E-11
CALSDV   55   23  0.1997E-11  0.1987E-11
CALSDV   56   23  0.2099E-11  0.2093E-11
CALSDV   57   23  0.2038E-11  0.2027E-11
CALSDV   58   23  0.2137E-11  0.2129E-11
CALSDV   59   23  0.2139E-11  0.2125E-11
CALSDV   60   23  0.2237E-11  0.2227E-11
CALSDV   24   24  0.3346E-11  0.3316E-11
CALSDV   25   24  0.3872E-11  0.3865E-11
CALSDV   26   24  0.3599E-11  0.3585E-11
CALSDV   27   24  0.2156E-11  0.2148E-11
CALSDV   28   24  0.3237E-11  0.3232E-11
CALSDV   29   24  0.2388E-11  0.2387E-11
CALSDV   30   24  0.2464E-11  0.2462E-11
CALSDV   31   24  0.2418E-11  0.2416E-11
CALSDV   32   24  0.2016E-11  0.2015E-11
CALSDV   33   24  0.2198E-11  0.2197E-11
CALSDV   34   24  0.1867E-11  0.1871E-11
CALSDV   35   24  0.1963E-11  0.1962E-11
CALSDV   36   24  0.1850E-11  0.1851E-11
CALSDV   37   24  0.1802E-11  0.1801E-11
CALSDV   38   24  0.1870E-11  0.1871E-11
CALSDV   39   24  0.1729E-11  0.1729E-11
CALSDV   40   24  0.1904E-11  0.1903E-11
CALSDV   41   24  0.1729E-11  0.1730E-11
CALSDV   42   24  0.1945E-11  0.1946E-11
CALSDV   43   24  0.1781E-11  0.1782E-11
CALSDV   44   24  0.1997E-11  0.1997E-11
CALSDV   45   24  0.1862E-11  0.1862E-11
CALSDV   46   24  0.2051E-11  0.2051E-11
CALSDV   47   24  0.1922E-11  0.1920E-11
CALSDV   48   24  0.2076E-11  0.2076E-11
CALSDV   49   24  0.1988E-11  0.1988E-11
CALSDV   50   24  0.2111E-11  0.2111E-11
CALSDV   51   24  0.2024E-11  0.2022E-11
CALSDV   52   24  0.2116E-11  0.2114E-11
CALSDV   53   24  0.2079E-11  0.2076E-11
CALSDV   54   24  0.2152E-11  0.2150E-11
CALSDV   55   24  0.2106E-11  0.2104E-11
CALSDV   56   24  0.2172E-11  0.2169E-11
CALSDV   57   24  0.2128E-11  0.2124E-11
CALSDV   58   24  0.2195E-11  0.2191E-11
CALSDV   59   24  0.2211E-11  0.2206E-11
CALSDV   60   24  0.2279E-11  0.2275E-11
CALSDV   25   25  0.3142E-11  0.3188E-11
CALSDV   26   25  0.3992E-11  0.4002E-11
CALSDV   27   25  0.3381E-11  0.3374E-11
CALSDV   28   25  0.2177E-11  0.2186E-11
CALSDV   29   25  0.2995E-11  0.2985E-11
CALSDV   30   25  0.2505E-11  0.2503E-11
CALSDV   31   25  0.2332E-11  0.2327E-11
CALSDV   32   25  0.2650E-11  0.2644E-11
CALSDV   33   25  0.2042E-11  0.2036E-11
CALSDV   34   25  0.2512E-11  0.2501E-11
CALSDV   35   25  0.2003E-11  0.1992E-11
CALSDV   36   25  0.2328E-11  0.2314E-11
CALSDV   37   25  0.2018E-11  0.2004E-11
CALSDV   38   25  0.2195E-11  0.2179E-11
CALSDV   39   25  0.2026E-11  0.2011E-11
CALSDV   40   25  0.2127E-11  0.2112E-11
CALSDV   41   25  0.2025E-11  0.2010E-11
CALSDV   42   25  0.2110E-11  0.2095E-11
CALSDV   43   25  0.2027E-11  0.2013E-11
CALSDV   44   25  0.2124E-11  0.2111E-11
CALSDV   45   25  0.2041E-11  0.2029E-11
CALSDV   46   25  0.2157E-11  0.2147E-11
CALSDV   47   25  0.2073E-11  0.2063E-11
CALSDV   48   25  0.2208E-11  0.2198E-11
CALSDV   49   25  0.2099E-11  0.2090E-11
CALSDV   50   25  0.2246E-11  0.2239E-11
CALSDV   51   25  0.2090E-11  0.2082E-11
CALSDV   52   25  0.2250E-11  0.2247E-11
CALSDV   53   25  0.2108E-11  0.2101E-11
CALSDV   54   25  0.2261E-11  0.2258E-11
CALSDV   55   25  0.2143E-11  0.2139E-11
CALSDV   56   25  0.2285E-11  0.2284E-11
CALSDV   57   25  0.2150E-11  0.2148E-11
CALSDV   58   25  0.2279E-11  0.2280E-11
CALSDV   59   25  0.2225E-11  0.2224E-11
CALSDV   60   25  0.2345E-11  0.2345E-11
CALSDV   26   26  0.3283E-11  0.3260E-11
CALSDV   27   26  0.4007E-11  0.4005E-11
CALSDV   28   26  0.3651E-11  0.3671E-11
CALSDV   29   26  0.2265E-11  0.2256E-11
CALSDV   30   26  0.3298E-11  0.3320E-11
CALSDV   31   26  0.2586E-11  0.2583E-11
CALSDV   32   26  0.2563E-11  0.2576E-11
CALSDV   33   26  0.2652E-11  0.2651E-11
CALSDV   34   26  0.2146E-11  0.2150E-11
CALSDV   35   26  0.2407E-11  0.2409E-11
CALSDV   36   26  0.2033E-11  0.2031E-11
CALSDV   37   26  0.2123E-11  0.2126E-11
CALSDV   38   26  0.2034E-11  0.2033E-11
CALSDV   39   26  0.1935E-11  0.1937E-11
CALSDV   40   26  0.2060E-11  0.2059E-11
CALSDV   41   26  0.1872E-11  0.1873E-11
CALSDV   42   26  0.2088E-11  0.2088E-11
CALSDV   43   26  0.1900E-11  0.1900E-11
CALSDV   44   26  0.2118E-11  0.2122E-11
CALSDV   45   26  0.1976E-11  0.1976E-11
CALSDV   46   26  0.2154E-11  0.2159E-11
CALSDV   47   26  0.2065E-11  0.2066E-11
CALSDV   48   26  0.2196E-11  0.2202E-11
CALSDV   49   26  0.2153E-11  0.2155E-11
CALSDV   50   26  0.2247E-11  0.2255E-11
CALSDV   51   26  0.2238E-11  0.2241E-11
CALSDV   52   26  0.2301E-11  0.2309E-11
CALSDV   53   26  0.2222E-11  0.2226E-11
CALSDV   54   26  0.2268E-11  0.2274E-11
CALSDV   55   26  0.2262E-11  0.2266E-11
CALSDV   56   26  0.2301E-11  0.2307E-11
CALSDV   57   26  0.2265E-11  0.2270E-11
CALSDV   58   26  0.2316E-11  0.2322E-11
CALSDV   59   26  0.2307E-11  0.2312E-11
CALSDV   60   26  0.2364E-11  0.2370E-11
CALSDV   27   27  0.3037E-11  0.3029E-11
CALSDV   28   27  0.4141E-11  0.4139E-11
CALSDV   29   27  0.3572E-11  0.3559E-11
CALSDV   30   27  0.2279E-11  0.2267E-11
CALSDV   31   27  0.3159E-11  0.3146E-11
CALSDV   32   27  0.2644E-11  0.2637E-11
CALSDV   33   27  0.2473E-11  0.2462E-11
CALSDV   34   27  0.2802E-11  0.2798E-11
CALSDV   35   27  0.2164E-11  0.2164E-11
CALSDV   36   27  0.2640E-11  0.2635E-11
CALSDV   37   27  0.2135E-11  0.2149E-11
CALSDV   38   27  0.2423E-11  0.2418E-11
CALSDV   39   27  0.2177E-11  0.2199E-11
CALSDV   40   27  0.2284E-11  0.2276E-11
CALSDV   41   27  0.2209E-11  0.2238E-11
CALSDV   42   27  0.2242E-11  0.2233E-11
CALSDV   43   27  0.2226E-11  0.2257E-11
CALSDV   44   27  0.2271E-11  0.2263E-11
CALSDV   45   27  0.2239E-11  0.2271E-11
CALSDV   46   27  0.2331E-11  0.2327E-11
CALSDV   47   27  0.2257E-11  0.2287E-11
CALSDV   48   27  0.2399E-11  0.2395E-11
CALSDV   49   27  0.2280E-11  0.2308E-11
CALSDV   50   27  0.2454E-11  0.2451E-11
CALSDV   51   27  0.2303E-11  0.2327E-11
CALSDV   52   27  0.2489E-11  0.2486E-11
CALSDV   53   27  0.2346E-11  0.2363E-11
CALSDV   54   27  0.2524E-11  0.2521E-11
CALSDV   55   27  0.2288E-11  0.2298E-11
CALSDV   56   27  0.2463E-11  0.2460E-11
CALSDV   57   27  0.2301E-11  0.2306E-11
CALSDV   58   27  0.2456E-11  0.2454E-11
CALSDV   59   27  0.2339E-11  0.2343E-11
CALSDV   60   27  0.2471E-11  0.2470E-11
CALSDV   28   28  0.3250E-11  0.3241E-11
CALSDV   29   28  0.4179E-11  0.4171E-11
CALSDV   30   28  0.3775E-11  0.3788E-11
CALSDV   31   28  0.2377E-11  0.2399E-11
CALSDV   32   28  0.3376E-11  0.3380E-11
CALSDV   33   28  0.2794E-11  0.2801E-11
CALSDV   34   28  0.2681E-11  0.2680E-11
CALSDV   35   28  0.2893E-11  0.2892E-11
CALSDV   36   28  0.2318E-11  0.2312E-11
CALSDV   37   28  0.2637E-11  0.2634E-11
CALSDV   38   28  0.2229E-11  0.2221E-11
CALSDV   39   28  0.2323E-11  0.2317E-11
CALSDV   40   28  0.2235E-11  0.2227E-11
CALSDV   41   28  0.2116E-11  0.2107E-11
CALSDV   42   28  0.2257E-11  0.2247E-11
CALSDV   43   28  0.2057E-11  0.2045E-11
CALSDV   44   28  0.2280E-11  0.2270E-11
CALSDV   45   28  0.2110E-11  0.2098E-11
CALSDV   46   28  0.2313E-11  0.2303E-11
CALSDV   47   28  0.2216E-11  0.2205E-11
CALSDV   48   28  0.2355E-11  0.2345E-11
CALSDV   49   28  0.2330E-11  0.2319E-11
CALSDV   50   28  0.2403E-11  0.2393E-11
CALSDV   51   28  0.2427E-11  0.2416E-11
CALSDV   52   28  0.2457E-11  0.2447E-11
CALSDV   53   28  0.2486E-11  0.2476E-11
CALSDV   54   28  0.2499E-11  0.2490E-11
CALSDV   55   28  0.2469E-11  0.2459E-11
CALSDV   56   28  0.2494E-11  0.2485E-11
CALSDV   57   28  0.2431E-11  0.2420E-11
CALSDV   58   28  0.2462E-11  0.2452E-11
CALSDV   59   28  0.2448E-11  0.2441E-11
CALSDV   60   28  0.2495E-11  0.2487E-11
CALSDV   29   29  0.2930E-11  0.2944E-11
CALSDV   30   29  0.4337E-11  0.4345E-11
CALSDV   31   29  0.3898E-11  0.3861E-11
CALSDV   32   29  0.2464E-11  0.2476E-11
CALSDV   33   29  0.3428E-11  0.3407E-11
CALSDV   34   29  0.2870E-11  0.2878E-11
CALSDV   35   29  0.2678E-11  0.2675E-11
CALSDV   36   29  0.3010E-11  0.3018E-11
CALSDV   37   29  0.2341E-11  0.2344E-11
CALSDV   38   29  0.2817E-11  0.2827E-11
CALSDV   39   29  0.2316E-11  0.2317E-11
CALSDV   40   29  0.2574E-11  0.2586E-11
CALSDV   41   29  0.2386E-11  0.2376E-11
CALSDV   42   29  0.2433E-11  0.2444E-11
CALSDV   43   29  0.2453E-11  0.2430E-11
CALSDV   44   29  0.2416E-11  0.2425E-11
CALSDV   45   29  0.2498E-11  0.2471E-11
CALSDV   46   29  0.2483E-11  0.2492E-11
CALSDV   47   29  0.2533E-11  0.2506E-11
CALSDV   48   29  0.2583E-11  0.2592E-11
CALSDV   49   29  0.2565E-11  0.2537E-11
CALSDV   50   29  0.2680E-11  0.2687E-11
CALSDV   51   29  0.2591E-11  0.2567E-11
CALSDV   52   29  0.2753E-11  0.2759E-11
CALSDV   53   29  0.2612E-11  0.2592E-11
CALSDV   54   29  0.2793E-11  0.2800E-11
CALSDV   55   29  0.2605E-11  0.2591E-11
CALSDV   56   29  0.2774E-11  0.2780E-11
CALSDV   57   29  0.2501E-11  0.2487E-11
CALSDV   58   29  0.2654E-11  0.2656E-11
CALSDV   59   29  0.2535E-11  0.2526E-11
CALSDV   60   29  0.2672E-11  0.2672E-11
CALSDV   30   30  0.3570E-11  0.3686E-11
CALSDV   31   30  0.4553E-11  0.4689E-11
CALSDV   32   30  0.4061E-11  0.4054E-11
CALSDV   33   30  0.2686E-11  0.2603E-11
CALSDV   34   30  0.3540E-11  0.3534E-11
CALSDV   35   30  0.3051E-11  0.2995E-11
CALSDV   36   30  0.2882E-11  0.2868E-11
CALSDV   37   30  0.3121E-11  0.3146E-11
CALSDV   38   30  0.2636E-11  0.2606E-11
CALSDV   39   30  0.2871E-11  0.2936E-11
CALSDV   40   30  0.2607E-11  0.2578E-11
CALSDV   41   30  0.2581E-11  0.2658E-11
CALSDV   42   30  0.2623E-11  0.2591E-11
CALSDV   43   30  0.2408E-11  0.2480E-11
CALSDV   44   30  0.2629E-11  0.2595E-11
CALSDV   45   30  0.2379E-11  0.2439E-11
CALSDV   46   30  0.2630E-11  0.2595E-11
CALSDV   47   30  0.2449E-11  0.2495E-11
CALSDV   48   30  0.2644E-11  0.2606E-11
CALSDV   49   30  0.2560E-11  0.2598E-11
CALSDV   50   30  0.2671E-11  0.2636E-11
CALSDV   51   30  0.2671E-11  0.2701E-11
CALSDV   52   30  0.2711E-11  0.2683E-11
CALSDV   53   30  0.2748E-11  0.2773E-11
CALSDV   54   30  0.2750E-11  0.2733E-11
CALSDV   55   30  0.2777E-11  0.2799E-11
CALSDV   56   30  0.2774E-11  0.2767E-11
CALSDV   57   30  0.2821E-11  0.2839E-11
CALSDV   58   30  0.2826E-11  0.2826E-11
CALSDV   59   30  0.2644E-11  0.2649E-11
CALSDV   60   30  0.2685E-11  0.2685E-11
CALSDV   31   31  0.3330E-11  0.3277E-11
CALSDV   32   31  0.4648E-11  0.4644E-11
CALSDV   33   31  0.4251E-11  0.4225E-11
CALSDV   34   31  0.2778E-11  0.2773E-11
CALSDV   35   31  0.3801E-11  0.3737E-11
CALSDV   36   31  0.3225E-11  0.3227E-11
CALSDV   37   31  0.3011E-11  0.2986E-11
CALSDV   38   31  0.3319E-11  0.3315E-11
CALSDV   39   31  0.2652E-11  0.2638E-11
CALSDV   40   31  0.3069E-11  0.3063E-11
CALSDV   41   31  0.2613E-11  0.2578E-11
CALSDV   42   31  0.2796E-11  0.2785E-11
CALSDV   43   31  0.2679E-11  0.2610E-11
CALSDV   44   31  0.2658E-11  0.2644E-11
CALSDV   45   31  0.2753E-11  0.2654E-11
CALSDV   46   31  0.2666E-11  0.2652E-11
CALSDV   47   31  0.2811E-11  0.2699E-11
CALSDV   48   31  0.2761E-11  0.2746E-11
CALSDV   49   31  0.2856E-11  0.2745E-11
CALSDV   50   31  0.2881E-11  0.2868E-11
CALSDV   51   31  0.2890E-11  0.2791E-11
CALSDV   52   31  0.2986E-11  0.2976E-11
CALSDV   53   31  0.2907E-11  0.2828E-11
CALSDV   54   31  0.3046E-11  0.3039E-11
CALSDV   55   31  0.2894E-11  0.2838E-11
CALSDV   56   31  0.3049E-11  0.3045E-11
CALSDV   57   31  0.2908E-11  0.2869E-11
CALSDV   58   31  0.3065E-11  0.3061E-11
CALSDV   59   31  0.2815E-11  0.2800E-11
CALSDV   60   31  0.2942E-11  0.2944E-11
CALSDV   32   32  0.3198E-11  0.3374E-11
CALSDV   33   32  0.4628E-11  0.4632E-11
CALSDV   34   32  0.4191E-11  0.4207E-11
CALSDV   35   32  0.2692E-11  0.2695E-11
CALSDV   36   32  0.3607E-11  0.3612E-11
CALSDV   37   32  0.3285E-11  0.3279E-11
CALSDV   38   32  0.2912E-11  0.2928E-11
CALSDV   39   32  0.3378E-11  0.3367E-11
CALSDV   40   32  0.2704E-11  0.2728E-11
CALSDV   41   32  0.3068E-11  0.3056E-11
CALSDV   42   32  0.2698E-11  0.2731E-11
CALSDV   43   32  0.2720E-11  0.2711E-11
CALSDV   44   32  0.2705E-11  0.2744E-11
CALSDV   45   32  0.2529E-11  0.2525E-11
CALSDV   46   32  0.2700E-11  0.2739E-11
CALSDV   47   32  0.2517E-11  0.2519E-11
CALSDV   48   32  0.2700E-11  0.2740E-11
CALSDV   49   32  0.2619E-11  0.2624E-11
CALSDV   50   32  0.2727E-11  0.2763E-11
CALSDV   51   32  0.2753E-11  0.2764E-11
CALSDV   52   32  0.2783E-11  0.2816E-11
CALSDV   53   32  0.2870E-11  0.2884E-11
CALSDV   54   32  0.2850E-11  0.2877E-11
CALSDV   55   32  0.2928E-11  0.2942E-11
CALSDV   56   32  0.2900E-11  0.2921E-11
CALSDV   57   32  0.2975E-11  0.2988E-11
CALSDV   58   32  0.2967E-11  0.2983E-11
CALSDV   59   32  0.2932E-11  0.2938E-11
CALSDV   60   32  0.2957E-11  0.2967E-11
CALSDV   33   33  0.3124E-11  0.3139E-11
CALSDV   34   33  0.4738E-11  0.4736E-11
CALSDV   35   33  0.4509E-11  0.4497E-11
CALSDV   36   33  0.2729E-11  0.2718E-11
CALSDV   37   33  0.3850E-11  0.3863E-11
CALSDV   38   33  0.3350E-11  0.3353E-11
CALSDV   39   33  0.2995E-11  0.3004E-11
CALSDV   40   33  0.3430E-11  0.3437E-11
CALSDV   41   33  0.2721E-11  0.2728E-11
CALSDV   42   33  0.3116E-11  0.3120E-11
CALSDV   43   33  0.2772E-11  0.2783E-11
CALSDV   44   33  0.2803E-11  0.2803E-11
CALSDV   45   33  0.2878E-11  0.2894E-11
CALSDV   46   33  0.2681E-11  0.2679E-11
CALSDV   47   33  0.2962E-11  0.2981E-11
CALSDV   48   33  0.2739E-11  0.2738E-11
CALSDV   49   33  0.3020E-11  0.3039E-11
CALSDV   50   33  0.2887E-11  0.2885E-11
CALSDV   51   33  0.3062E-11  0.3081E-11
CALSDV   52   33  0.3043E-11  0.3043E-11
CALSDV   53   33  0.3088E-11  0.3104E-11
CALSDV   54   33  0.3159E-11  0.3160E-11
CALSDV   55   33  0.3081E-11  0.3095E-11
CALSDV   56   33  0.3200E-11  0.3202E-11
CALSDV   57   33  0.3081E-11  0.3094E-11
CALSDV   58   33  0.3223E-11  0.3228E-11
CALSDV   59   33  0.3005E-11  0.3012E-11
CALSDV   60   33  0.3138E-11  0.3143E-11
CALSDV   34   34  0.3299E-11  0.3299E-11
CALSDV   35   34  0.4778E-11  0.4777E-11
CALSDV   36   34  0.4423E-11  0.4430E-11
CALSDV   37   34  0.2812E-11  0.2824E-11
CALSDV   38   34  0.3747E-11  0.3752E-11
CALSDV   39   34  0.3543E-11  0.3562E-11
CALSDV   40   34  0.3036E-11  0.3040E-11
CALSDV   41   34  0.3632E-11  0.3646E-11
CALSDV   42   34  0.2879E-11  0.2885E-11
CALSDV   43   34  0.3292E-11  0.3299E-11
CALSDV   44   34  0.2903E-11  0.2914E-11
CALSDV   45   34  0.2952E-11  0.2951E-11
CALSDV   46   34  0.2909E-11  0.2923E-11
CALSDV   47   34  0.2808E-11  0.2801E-11
CALSDV   48   34  0.2897E-11  0.2908E-11
CALSDV   49   34  0.2846E-11  0.2835E-11
CALSDV   50   34  0.2900E-11  0.2910E-11
CALSDV   51   34  0.2968E-11  0.2956E-11
CALSDV   52   34  0.2939E-11  0.2948E-11
CALSDV   53   34  0.3091E-11  0.3080E-11
CALSDV   54   34  0.3005E-11  0.3015E-11
CALSDV   55   34  0.3157E-11  0.3148E-11
CALSDV   56   34  0.3066E-11  0.3073E-11
CALSDV   57   34  0.3192E-11  0.3185E-11
CALSDV   58   34  0.3133E-11  0.3138E-11
CALSDV   59   34  0.3102E-11  0.3101E-11
CALSDV   60   34  0.3106E-11  0.3111E-11
CALSDV   35   35  0.3162E-11  0.3163E-11
CALSDV   36   35  0.4952E-11  0.4960E-11
CALSDV   37   35  0.4848E-11  0.4848E-11
CALSDV   38   35  0.2893E-11  0.2898E-11
CALSDV   39   35  0.4137E-11  0.4132E-11
CALSDV   40   35  0.3628E-11  0.3630E-11
CALSDV   41   35  0.3199E-11  0.3193E-11
CALSDV   42   35  0.3671E-11  0.3676E-11
CALSDV   43   35  0.2920E-11  0.2913E-11
CALSDV   44   35  0.3291E-11  0.3296E-11
CALSDV   45   35  0.3000E-11  0.2993E-11
CALSDV   46   35  0.2970E-11  0.2973E-11
CALSDV   47   35  0.3130E-11  0.3124E-11
CALSDV   48   35  0.2904E-11  0.2904E-11
CALSDV   49   35  0.3231E-11  0.3225E-11
CALSDV   50   35  0.3034E-11  0.3033E-11
CALSDV   51   35  0.3297E-11  0.3291E-11
CALSDV   52   35  0.3221E-11  0.3223E-11
CALSDV   53   35  0.3332E-11  0.3327E-11
CALSDV   54   35  0.3374E-11  0.3376E-11
CALSDV   55   35  0.3324E-11  0.3321E-11
CALSDV   56   35  0.3438E-11  0.3442E-11
CALSDV   57   35  0.3309E-11  0.3306E-11
CALSDV   58   35  0.3457E-11  0.3459E-11
CALSDV   59   35  0.3177E-11  0.3175E-11
CALSDV   60   35  0.3320E-11  0.3320E-11
CALSDV   36   36  0.3525E-11  0.3565E-11
CALSDV   37   36  0.4961E-11  0.4958E-11
CALSDV   38   36  0.4687E-11  0.4680E-11
CALSDV   39   36  0.2984E-11  0.2975E-11
CALSDV   40   36  0.3931E-11  0.3929E-11
CALSDV   41   36  0.3826E-11  0.3824E-11
CALSDV   42   36  0.3202E-11  0.3200E-11
CALSDV   43   36  0.3913E-11  0.3915E-11
CALSDV   44   36  0.3106E-11  0.3110E-11
CALSDV   45   36  0.3567E-11  0.3571E-11
CALSDV   46   36  0.3181E-11  0.3188E-11
CALSDV   47   36  0.3268E-11  0.3275E-11
CALSDV   48   36  0.3207E-11  0.3217E-11
CALSDV   49   36  0.3192E-11  0.3200E-11
CALSDV   50   36  0.3202E-11  0.3213E-11
CALSDV   51   36  0.3272E-11  0.3281E-11
CALSDV   52   36  0.3212E-11  0.3222E-11
CALSDV   53   36  0.3386E-11  0.3393E-11
CALSDV   54   36  0.3250E-11  0.3260E-11
CALSDV   55   36  0.3445E-11  0.3448E-11
CALSDV   56   36  0.3294E-11  0.3300E-11
CALSDV   57   36  0.3453E-11  0.3457E-11
CALSDV   58   36  0.3341E-11  0.3348E-11
CALSDV   59   36  0.3290E-11  0.3291E-11
CALSDV   60   36  0.3265E-11  0.3269E-11
CALSDV   37   37  0.3186E-11  0.3228E-11
CALSDV   38   37  0.5151E-11  0.5160E-11
CALSDV   39   37  0.5176E-11  0.5180E-11
CALSDV   40   37  0.3095E-11  0.3104E-11
CALSDV   41   37  0.4399E-11  0.4396E-11
CALSDV   42   37  0.3906E-11  0.3917E-11
CALSDV   43   37  0.3389E-11  0.3390E-11
CALSDV   44   37  0.3901E-11  0.3911E-11
CALSDV   45   37  0.3108E-11  0.3120E-11
CALSDV   46   37  0.3459E-11  0.3464E-11
CALSDV   47   37  0.3221E-11  0.3231E-11
CALSDV   48   37  0.3135E-11  0.3134E-11
CALSDV   49   37  0.3376E-11  0.3382E-11
CALSDV   50   37  0.3122E-11  0.3123E-11
CALSDV   51   37  0.3488E-11  0.3493E-11
CALSDV   52   37  0.3309E-11  0.3314E-11
CALSDV   53   37  0.3553E-11  0.3554E-11
CALSDV   54   37  0.3518E-11  0.3520E-11
CALSDV   55   37  0.3560E-11  0.3560E-11
CALSDV   56   37  0.3636E-11  0.3635E-11
CALSDV   57   37  0.3534E-11  0.3535E-11
CALSDV   58   37  0.3669E-11  0.3669E-11
CALSDV   59   37  0.3343E-11  0.3346E-11
CALSDV   60   37  0.3484E-11  0.3488E-11
CALSDV   38   38  0.3615E-11  0.3704E-11
CALSDV   39   38  0.5129E-11  0.5156E-11
CALSDV   40   38  0.4943E-11  0.4976E-11
CALSDV   41   38  0.3163E-11  0.3175E-11
CALSDV   42   38  0.4126E-11  0.4141E-11
CALSDV   43   38  0.4079E-11  0.4096E-11
CALSDV   44   38  0.3365E-11  0.3393E-11
CALSDV   45   38  0.4179E-11  0.4180E-11
CALSDV   46   38  0.3324E-11  0.3350E-11
CALSDV   47   38  0.3878E-11  0.3863E-11
CALSDV   48   38  0.3459E-11  0.3470E-11
CALSDV   49   38  0.3670E-11  0.3651E-11
CALSDV   50   38  0.3521E-11  0.3525E-11
CALSDV   51   38  0.3669E-11  0.3659E-11
CALSDV   52   38  0.3534E-11  0.3539E-11
CALSDV   53   38  0.3760E-11  0.3765E-11
CALSDV   54   38  0.3546E-11  0.3559E-11
CALSDV   55   38  0.3803E-11  0.3822E-11
CALSDV   56   38  0.3559E-11  0.3580E-11
CALSDV   57   38  0.3770E-11  0.3799E-11
CALSDV   58   38  0.3569E-11  0.3602E-11
CALSDV   59   38  0.3502E-11  0.3534E-11
CALSDV   60   38  0.3435E-11  0.3456E-11
CALSDV   39   39  0.3313E-11  0.3310E-11
CALSDV   40   39  0.5334E-11  0.5339E-11
CALSDV   41   39  0.5505E-11  0.5481E-11
CALSDV   42   39  0.3336E-11  0.3340E-11
CALSDV   43   39  0.4642E-11  0.4618E-11
CALSDV   44   39  0.4194E-11  0.4198E-11
CALSDV   45   39  0.3572E-11  0.3566E-11
CALSDV   46   39  0.4124E-11  0.4122E-11
CALSDV   47   39  0.3325E-11  0.3318E-11
CALSDV   48   39  0.3628E-11  0.3613E-11
CALSDV   49   39  0.3480E-11  0.3468E-11
CALSDV   50   39  0.3329E-11  0.3301E-11
CALSDV   51   39  0.3656E-11  0.3638E-11
CALSDV   52   39  0.3384E-11  0.3362E-11
CALSDV   53   39  0.3767E-11  0.3750E-11
CALSDV   54   39  0.3613E-11  0.3602E-11
CALSDV   55   39  0.3800E-11  0.3787E-11
CALSDV   56   39  0.3800E-11  0.3795E-11
CALSDV   57   39  0.3770E-11  0.3762E-11
CALSDV   58   39  0.3873E-11  0.3870E-11
CALSDV   59   39  0.3527E-11  0.3520E-11
CALSDV   60   39  0.3659E-11  0.3655E-11
CALSDV   40   40  0.3741E-11  0.3731E-11
CALSDV   41   40  0.5353E-11  0.5353E-11
CALSDV   42   40  0.5329E-11  0.5312E-11
CALSDV   43   40  0.3405E-11  0.3413E-11
CALSDV   44   40  0.4408E-11  0.4400E-11
CALSDV   45   40  0.4350E-11  0.4350E-11
CALSDV   46   40  0.3586E-11  0.3583E-11
CALSDV   47   40  0.4428E-11  0.4429E-11
CALSDV   48   40  0.3571E-11  0.3573E-11
CALSDV   49   40  0.4159E-11  0.4162E-11
CALSDV   50   40  0.3752E-11  0.3761E-11
CALSDV   51   40  0.4036E-11  0.4035E-11
CALSDV   52   40  0.3853E-11  0.3863E-11
CALSDV   53   40  0.4091E-11  0.4091E-11
CALSDV   54   40  0.3888E-11  0.3900E-11
CALSDV   55   40  0.4153E-11  0.4157E-11
CALSDV   56   40  0.3892E-11  0.3902E-11
CALSDV   57   40  0.4114E-11  0.4117E-11
CALSDV   58   40  0.3871E-11  0.3877E-11
CALSDV   59   40  0.3757E-11  0.3754E-11
CALSDV   60   40  0.3653E-11  0.3649E-11
CALSDV   41   41  0.3496E-11  0.3471E-11
CALSDV   42   41  0.5512E-11  0.5509E-11
CALSDV   43   41  0.5821E-11  0.5829E-11
CALSDV   44   41  0.3612E-11  0.3619E-11
CALSDV   45   41  0.4844E-11  0.4846E-11
CALSDV   46   41  0.4483E-11  0.4488E-11
CALSDV   47   41  0.3737E-11  0.3742E-11
CALSDV   48   41  0.4329E-11  0.4326E-11
CALSDV   49   41  0.3545E-11  0.3545E-11
CALSDV   50   41  0.3793E-11  0.3784E-11
CALSDV   51   41  0.3760E-11  0.3749E-11
CALSDV   52   41  0.3552E-11  0.3536E-11
CALSDV   53   41  0.3955E-11  0.3938E-11
CALSDV   54   41  0.3691E-11  0.3678E-11
CALSDV   55   41  0.4041E-11  0.4027E-11
CALSDV   56   41  0.3934E-11  0.3924E-11
CALSDV   57   41  0.4021E-11  0.4010E-11
CALSDV   58   41  0.4070E-11  0.4059E-11
CALSDV   59   41  0.3719E-11  0.3716E-11
CALSDV   60   41  0.3836E-11  0.3832E-11
CALSDV   42   42  0.3793E-11  0.3801E-11
CALSDV   43   42  0.5585E-11  0.5601E-11
CALSDV   44   42  0.5772E-11  0.5783E-11
CALSDV   45   42  0.3699E-11  0.3715E-11
CALSDV   46   42  0.4733E-11  0.4738E-11
CALSDV   47   42  0.4615E-11  0.4615E-11
CALSDV   48   42  0.3806E-11  0.3808E-11
CALSDV   49   42  0.4632E-11  0.4628E-11
CALSDV   50   42  0.3820E-11  0.3821E-11
CALSDV   51   42  0.4373E-11  0.4365E-11
CALSDV   52   42  0.4080E-11  0.4083E-11
CALSDV   53   42  0.4304E-11  0.4298E-11
CALSDV   54   42  0.4233E-11  0.4244E-11
CALSDV   55   42  0.4368E-11  0.4365E-11
CALSDV   56   42  0.4265E-11  0.4283E-11
CALSDV   57   42  0.4364E-11  0.4359E-11
CALSDV   58   42  0.4213E-11  0.4227E-11
CALSDV   59   42  0.3965E-11  0.3964E-11
CALSDV   60   42  0.3893E-11  0.3900E-11
CALSDV   43   43  0.3669E-11  0.3668E-11
CALSDV   44   43  0.5691E-11  0.5682E-11
CALSDV   45   43  0.6196E-11  0.6188E-11
CALSDV   46   43  0.3933E-11  0.3924E-11
CALSDV   47   43  0.5053E-11  0.5045E-11
CALSDV   48   43  0.4782E-11  0.4773E-11
CALSDV   49   43  0.3908E-11  0.3894E-11
CALSDV   50   43  0.4522E-11  0.4514E-11
CALSDV   51   43  0.3814E-11  0.3793E-11
CALSDV   52   43  0.3975E-11  0.3965E-11
CALSDV   53   43  0.4102E-11  0.4082E-11
CALSDV   54   43  0.3837E-11  0.3823E-11
CALSDV   55   43  0.4291E-11  0.4277E-11
CALSDV   56   43  0.4044E-11  0.4031E-11
CALSDV   57   43  0.4302E-11  0.4290E-11
CALSDV   58   43  0.4243E-11  0.4229E-11
CALSDV   59   43  0.3946E-11  0.3935E-11
CALSDV   60   43  0.4023E-11  0.4009E-11
CALSDV   44   44  0.3848E-11  0.3840E-11
CALSDV   45   44  0.5880E-11  0.5875E-11
CALSDV   46   44  0.6355E-11  0.6320E-11
CALSDV   47   44  0.4070E-11  0.4056E-11
CALSDV   48   44  0.5115E-11  0.5097E-11
CALSDV   49   44  0.4901E-11  0.4903E-11
CALSDV   50   44  0.4024E-11  0.4022E-11
CALSDV   51   44  0.4843E-11  0.4850E-11
CALSDV   52   44  0.4091E-11  0.4085E-11
CALSDV   53   44  0.4610E-11  0.4614E-11
CALSDV   54   44  0.4464E-11  0.4446E-11
CALSDV   55   44  0.4582E-11  0.4586E-11
CALSDV   56   44  0.4659E-11  0.4629E-11
CALSDV   57   44  0.4585E-11  0.4594E-11
CALSDV   58   44  0.4621E-11  0.4600E-11
CALSDV   59   44  0.4172E-11  0.4176E-11
CALSDV   60   44  0.4185E-11  0.4173E-11
CALSDV   45   45  0.4030E-11  0.4026E-11
CALSDV   46   45  0.5997E-11  0.5994E-11
CALSDV   47   45  0.6641E-11  0.6637E-11
CALSDV   48   45  0.4324E-11  0.4323E-11
CALSDV   49   45  0.5254E-11  0.5264E-11
CALSDV   50   45  0.5120E-11  0.5111E-11
CALSDV   51   45  0.4139E-11  0.4153E-11
CALSDV   52   45  0.4801E-11  0.4795E-11
CALSDV   53   45  0.4281E-11  0.4286E-11
CALSDV   54   45  0.4341E-11  0.4320E-11
CALSDV   55   45  0.4659E-11  0.4656E-11
CALSDV   56   45  0.4307E-11  0.4288E-11
CALSDV   57   45  0.4737E-11  0.4733E-11
CALSDV   58   45  0.4466E-11  0.4455E-11
CALSDV   59   45  0.4265E-11  0.4263E-11
CALSDV   60   45  0.4229E-11  0.4221E-11
CALSDV   46   46  0.4521E-11  0.4548E-11
CALSDV   47   46  0.6363E-11  0.6292E-11
CALSDV   48   46  0.7074E-11  0.6922E-11
CALSDV   49   46  0.4684E-11  0.4614E-11
CALSDV   50   46  0.5651E-11  0.5575E-11
CALSDV   51   46  0.5492E-11  0.5398E-11
CALSDV   52   46  0.4521E-11  0.4478E-11
CALSDV   53   46  0.5395E-11  0.5306E-11
CALSDV   54   46  0.4732E-11  0.4698E-11
CALSDV   55   46  0.5127E-11  0.5056E-11
CALSDV   56   46  0.5147E-11  0.5121E-11
CALSDV   57   46  0.4969E-11  0.4911E-11
CALSDV   58   46  0.5189E-11  0.5169E-11
CALSDV   59   46  0.4464E-11  0.4397E-11
CALSDV   60   46  0.4608E-11  0.4560E-11
CALSDV   47   47  0.3948E-11  0.3977E-11
CALSDV   48   47  0.6140E-11  0.6167E-11
CALSDV   49   47  0.6978E-11  0.7000E-11
CALSDV   50   47  0.4674E-11  0.4690E-11
CALSDV   51   47  0.5318E-11  0.5331E-11
CALSDV   52   47  0.5369E-11  0.5372E-11
CALSDV   53   47  0.4279E-11  0.4282E-11
CALSDV   54   47  0.4975E-11  0.4956E-11
CALSDV   55   47  0.4616E-11  0.4627E-11
CALSDV   56   47  0.4597E-11  0.4581E-11
CALSDV   57   47  0.4953E-11  0.4964E-11
CALSDV   58   47  0.4639E-11  0.4617E-11
CALSDV   59   47  0.4541E-11  0.4547E-11
CALSDV   60   47  0.4415E-11  0.4415E-11
CALSDV   48   48  0.3993E-11  0.4000E-11
CALSDV   49   48  0.6468E-11  0.6487E-11
CALSDV   50   48  0.7344E-11  0.7342E-11
CALSDV   51   48  0.4709E-11  0.4713E-11
CALSDV   52   48  0.5458E-11  0.5450E-11
CALSDV   53   48  0.5310E-11  0.5319E-11
CALSDV   54   48  0.4351E-11  0.4346E-11
CALSDV   55   48  0.5134E-11  0.5151E-11
CALSDV   56   48  0.4878E-11  0.4865E-11
CALSDV   57   48  0.4960E-11  0.4973E-11
CALSDV   58   48  0.5325E-11  0.5308E-11
CALSDV   59   48  0.4557E-11  0.4565E-11
CALSDV   60   48  0.4856E-11  0.4848E-11
CALSDV   49   49  0.3742E-11  0.3719E-11
CALSDV   50   49  0.6424E-11  0.6385E-11
CALSDV   51   49  0.7248E-11  0.7227E-11
CALSDV   52   49  0.5019E-11  0.5016E-11
CALSDV   53   49  0.5207E-11  0.5196E-11
CALSDV   54   49  0.5649E-11  0.5616E-11
CALSDV   55   49  0.4386E-11  0.4383E-11
CALSDV   56   49  0.5277E-11  0.5225E-11
CALSDV   57   49  0.4920E-11  0.4900E-11
CALSDV   58   49  0.5005E-11  0.4962E-11
CALSDV   59   49  0.4772E-11  0.4755E-11
CALSDV   60   49  0.4673E-11  0.4652E-11
CALSDV   50   50  0.3900E-11  0.3909E-11
CALSDV   51   50  0.7002E-11  0.6995E-11
CALSDV   52   50  0.7630E-11  0.7618E-11
CALSDV   53   50  0.5013E-11  0.5002E-11
CALSDV   54   50  0.5324E-11  0.5317E-11
CALSDV   55   50  0.5689E-11  0.5681E-11
CALSDV   56   50  0.4561E-11  0.4548E-11
CALSDV   57   50  0.5597E-11  0.5588E-11
CALSDV   58   50  0.5295E-11  0.5288E-11
CALSDV   59   50  0.4973E-11  0.4969E-11
CALSDV   60   50  0.5128E-11  0.5123E-11
CALSDV   51   51  0.3473E-11  0.3482E-11
CALSDV   52   51  0.6892E-11  0.6930E-11
CALSDV   53   51  0.7346E-11  0.7347E-11
CALSDV   54   51  0.5388E-11  0.5390E-11
CALSDV   55   51  0.5031E-11  0.5031E-11
CALSDV   56   51  0.6080E-11  0.6106E-11
CALSDV   57   51  0.4775E-11  0.4780E-11
CALSDV   58   51  0.5803E-11  0.5838E-11
CALSDV   59   51  0.4965E-11  0.4971E-11
CALSDV   60   51  0.5127E-11  0.5147E-11
CALSDV   52   52  0.3746E-11  0.3728E-11
CALSDV   53   52  0.7345E-11  0.7323E-11
CALSDV   54   52  0.7609E-11  0.7619E-11
CALSDV   55   52  0.5302E-11  0.5301E-11
CALSDV   56   52  0.4995E-11  0.5010E-11
CALSDV   57   52  0.6147E-11  0.6104E-11
CALSDV   58   52  0.4919E-11  0.4926E-11
CALSDV   59   52  0.5532E-11  0.5507E-11
CALSDV   60   52  0.5254E-11  0.5266E-11
CALSDV   53   53  0.3194E-11  0.3238E-11
CALSDV   54   53  0.7458E-11  0.7396E-11
CALSDV   55   53  0.7200E-11  0.7200E-11
CALSDV   56   53  0.5802E-11  0.5767E-11
CALSDV   57   53  0.5011E-11  0.5013E-11
CALSDV   58   53  0.6756E-11  0.6673E-11
CALSDV   59   53  0.5073E-11  0.5075E-11
CALSDV   60   53  0.5944E-11  0.5881E-11
CALSDV   54   54  0.3535E-11  0.3573E-11
CALSDV   55   54  0.7088E-11  0.7067E-11
CALSDV   56   54  0.7279E-11  0.7241E-11
CALSDV   57   54  0.5763E-11  0.5734E-11
CALSDV   58   54  0.4826E-11  0.4781E-11
CALSDV   59   54  0.6163E-11  0.6133E-11
CALSDV   60   54  0.5228E-11  0.5193E-11
CALSDV   55   55  0.3208E-11  0.3314E-11
CALSDV   56   55  0.7292E-11  0.7302E-11
CALSDV   57   55  0.6996E-11  0.6972E-11
CALSDV   58   55  0.6337E-11  0.6330E-11
CALSDV   59   55  0.5406E-11  0.5399E-11
CALSDV   60   55  0.6705E-11  0.6682E-11
CALSDV   56   56  0.3531E-11  0.3576E-11
CALSDV   57   56  0.5780E-11  0.5801E-11
CALSDV   58   56  0.6678E-11  0.6728E-11
CALSDV   59   56  0.6210E-11  0.6229E-11
CALSDV   60   56  0.5188E-11  0.5227E-11
CALSDV   57   57  0.3678E-11  0.3700E-11
CALSDV   58   57  0.6059E-11  0.6085E-11
CALSDV   59   57  0.7425E-11  0.7476E-11
CALSDV   60   57  0.6696E-11  0.6711E-11
CALSDV   58   58  0.3831E-11  0.3828E-11
CALSDV   59   58  0.4202E-11  0.4278E-11
CALSDV   60   58  0.7102E-11  0.7068E-11
CALSDV   59   59  0.3071E-11  0.3050E-11
CALSDV   60   59  0.4565E-11  0.4492E-11
CALSDV   60   60  0.3722E-11  0.3745E-11
