  This file contains calibrated standard deviations 
       The relevant data lines start with key CALSDV 
       Each such line contains the following data 
           N   M   C_SIGMA   S_SIGMA 
                 FOR M=0 S_SIGMA=0.0 
     
CALSDV    0    0  0.0000E+00  0.0000E+00
CALSDV    1    0  0.0000E+00  0.0000E+00
CALSDV    2    0  0.1272E-09  0.0000E+00
CALSDV    3    0  0.1213E-10  0.0000E+00
CALSDV    4    0  0.4215E-11  0.0000E+00
CALSDV    5    0  0.2799E-11  0.0000E+00
CALSDV    6    0  0.2159E-11  0.0000E+00
CALSDV    7    0  0.1806E-11  0.0000E+00
CALSDV    8    0  0.1529E-11  0.0000E+00
CALSDV    9    0  0.1309E-11  0.0000E+00
CALSDV   10    0  0.1175E-11  0.0000E+00
CALSDV   11    0  0.1080E-11  0.0000E+00
CALSDV   12    0  0.1001E-11  0.0000E+00
CALSDV   13    0  0.9236E-12  0.0000E+00
CALSDV   14    0  0.8810E-12  0.0000E+00
CALSDV   15    0  0.8445E-12  0.0000E+00
CALSDV   16    0  0.8155E-12  0.0000E+00
CALSDV   17    0  0.7779E-12  0.0000E+00
CALSDV   18    0  0.7597E-12  0.0000E+00
CALSDV   19    0  0.7463E-12  0.0000E+00
CALSDV   20    0  0.7382E-12  0.0000E+00
CALSDV   21    0  0.7258E-12  0.0000E+00
CALSDV   22    0  0.7214E-12  0.0000E+00
CALSDV   23    0  0.7182E-12  0.0000E+00
CALSDV   24    0  0.7157E-12  0.0000E+00
CALSDV   25    0  0.7162E-12  0.0000E+00
CALSDV   26    0  0.7216E-12  0.0000E+00
CALSDV   27    0  0.7307E-12  0.0000E+00
CALSDV   28    0  0.7336E-12  0.0000E+00
CALSDV   29    0  0.7416E-12  0.0000E+00
CALSDV   30    0  0.7510E-12  0.0000E+00
CALSDV   31    0  0.7675E-12  0.0000E+00
CALSDV   32    0  0.7789E-12  0.0000E+00
CALSDV   33    0  0.7942E-12  0.0000E+00
CALSDV   34    0  0.8099E-12  0.0000E+00
CALSDV   35    0  0.8304E-12  0.0000E+00
CALSDV   36    0  0.8485E-12  0.0000E+00
CALSDV   37    0  0.8701E-12  0.0000E+00
CALSDV   38    0  0.8946E-12  0.0000E+00
CALSDV   39    0  0.9213E-12  0.0000E+00
CALSDV   40    0  0.9476E-12  0.0000E+00
CALSDV   41    0  0.9751E-12  0.0000E+00
CALSDV   42    0  0.1007E-11  0.0000E+00
CALSDV   43    0  0.1041E-11  0.0000E+00
CALSDV   44    0  0.1077E-11  0.0000E+00
CALSDV   45    0  0.1113E-11  0.0000E+00
CALSDV   46    0  0.1155E-11  0.0000E+00
CALSDV   47    0  0.1196E-11  0.0000E+00
CALSDV   48    0  0.1240E-11  0.0000E+00
CALSDV   49    0  0.1287E-11  0.0000E+00
CALSDV   50    0  0.1339E-11  0.0000E+00
CALSDV   51    0  0.1394E-11  0.0000E+00
CALSDV   52    0  0.1448E-11  0.0000E+00
CALSDV   53    0  0.1508E-11  0.0000E+00
CALSDV   54    0  0.1573E-11  0.0000E+00
CALSDV   55    0  0.1638E-11  0.0000E+00
CALSDV   56    0  0.1706E-11  0.0000E+00
CALSDV   57    0  0.1764E-11  0.0000E+00
CALSDV   58    0  0.1837E-11  0.0000E+00
CALSDV   59    0  0.1739E-11  0.0000E+00
CALSDV   60    0  0.1801E-11  0.0000E+00
CALSDV    1    1  0.0000E+00  0.0000E+00
CALSDV    2    1  0.3406E-10  0.3232E-10
CALSDV    3    1  0.8642E-11  0.8368E-11
CALSDV    4    1  0.4497E-11  0.4443E-11
CALSDV    5    1  0.3103E-11  0.3085E-11
CALSDV    6    1  0.2311E-11  0.2310E-11
CALSDV    7    1  0.1815E-11  0.1814E-11
CALSDV    8    1  0.1542E-11  0.1537E-11
CALSDV    9    1  0.1370E-11  0.1367E-11
CALSDV   10    1  0.1217E-11  0.1215E-11
CALSDV   11    1  0.1094E-11  0.1093E-11
CALSDV   12    1  0.1007E-11  0.1007E-11
CALSDV   13    1  0.9546E-12  0.9538E-12
CALSDV   14    1  0.8937E-12  0.8917E-12
CALSDV   15    1  0.8474E-12  0.8467E-12
CALSDV   16    1  0.8108E-12  0.8099E-12
CALSDV   17    1  0.7951E-12  0.7943E-12
CALSDV   18    1  0.7717E-12  0.7709E-12
CALSDV   19    1  0.7531E-12  0.7524E-12
CALSDV   20    1  0.7368E-12  0.7362E-12
CALSDV   21    1  0.7315E-12  0.7310E-12
CALSDV   22    1  0.7240E-12  0.7235E-12
CALSDV   23    1  0.7209E-12  0.7202E-12
CALSDV   24    1  0.7216E-12  0.7209E-12
CALSDV   25    1  0.7238E-12  0.7231E-12
CALSDV   26    1  0.7247E-12  0.7243E-12
CALSDV   27    1  0.7260E-12  0.7255E-12
CALSDV   28    1  0.7370E-12  0.7367E-12
CALSDV   29    1  0.7469E-12  0.7461E-12
CALSDV   30    1  0.7581E-12  0.7576E-12
CALSDV   31    1  0.7656E-12  0.7650E-12
CALSDV   32    1  0.7809E-12  0.7805E-12
CALSDV   33    1  0.7961E-12  0.7957E-12
CALSDV   34    1  0.8134E-12  0.8132E-12
CALSDV   35    1  0.8302E-12  0.8298E-12
CALSDV   36    1  0.8519E-12  0.8513E-12
CALSDV   37    1  0.8739E-12  0.8732E-12
CALSDV   38    1  0.8963E-12  0.8959E-12
CALSDV   39    1  0.9204E-12  0.9203E-12
CALSDV   40    1  0.9486E-12  0.9482E-12
CALSDV   41    1  0.9795E-12  0.9791E-12
CALSDV   42    1  0.1009E-11  0.1009E-11
CALSDV   43    1  0.1042E-11  0.1042E-11
CALSDV   44    1  0.1077E-11  0.1077E-11
CALSDV   45    1  0.1116E-11  0.1116E-11
CALSDV   46    1  0.1155E-11  0.1155E-11
CALSDV   47    1  0.1197E-11  0.1197E-11
CALSDV   48    1  0.1242E-11  0.1241E-11
CALSDV   49    1  0.1290E-11  0.1289E-11
CALSDV   50    1  0.1340E-11  0.1339E-11
CALSDV   51    1  0.1393E-11  0.1393E-11
CALSDV   52    1  0.1450E-11  0.1450E-11
CALSDV   53    1  0.1511E-11  0.1510E-11
CALSDV   54    1  0.1575E-11  0.1574E-11
CALSDV   55    1  0.1638E-11  0.1637E-11
CALSDV   56    1  0.1708E-11  0.1707E-11
CALSDV   57    1  0.1767E-11  0.1766E-11
CALSDV   58    1  0.1840E-11  0.1838E-11
CALSDV   59    1  0.1742E-11  0.1742E-11
CALSDV   60    1  0.1805E-11  0.1804E-11
CALSDV    2    2  0.2451E-10  0.2200E-10
CALSDV    3    2  0.1253E-10  0.1253E-10
CALSDV    4    2  0.5920E-11  0.5929E-11
CALSDV    5    2  0.3698E-11  0.3701E-11
CALSDV    6    2  0.2777E-11  0.2778E-11
CALSDV    7    2  0.2191E-11  0.2187E-11
CALSDV    8    2  0.1780E-11  0.1781E-11
CALSDV    9    2  0.1489E-11  0.1486E-11
CALSDV   10    2  0.1317E-11  0.1317E-11
CALSDV   11    2  0.1186E-11  0.1186E-11
CALSDV   12    2  0.1086E-11  0.1085E-11
CALSDV   13    2  0.9911E-12  0.9919E-12
CALSDV   14    2  0.9412E-12  0.9404E-12
CALSDV   15    2  0.8928E-12  0.8927E-12
CALSDV   16    2  0.8544E-12  0.8541E-12
CALSDV   17    2  0.8116E-12  0.8114E-12
CALSDV   18    2  0.7912E-12  0.7907E-12
CALSDV   19    2  0.7740E-12  0.7743E-12
CALSDV   20    2  0.7624E-12  0.7624E-12
CALSDV   21    2  0.7474E-12  0.7471E-12
CALSDV   22    2  0.7412E-12  0.7405E-12
CALSDV   23    2  0.7355E-12  0.7355E-12
CALSDV   24    2  0.7316E-12  0.7317E-12
CALSDV   25    2  0.7317E-12  0.7315E-12
CALSDV   26    2  0.7361E-12  0.7362E-12
CALSDV   27    2  0.7439E-12  0.7432E-12
CALSDV   28    2  0.7453E-12  0.7454E-12
CALSDV   29    2  0.7528E-12  0.7525E-12
CALSDV   30    2  0.7619E-12  0.7618E-12
CALSDV   31    2  0.7778E-12  0.7779E-12
CALSDV   32    2  0.7883E-12  0.7881E-12
CALSDV   33    2  0.8036E-12  0.8030E-12
CALSDV   34    2  0.8191E-12  0.8187E-12
CALSDV   35    2  0.8389E-12  0.8389E-12
CALSDV   36    2  0.8565E-12  0.8567E-12
CALSDV   37    2  0.8785E-12  0.8779E-12
CALSDV   38    2  0.9027E-12  0.9023E-12
CALSDV   39    2  0.9290E-12  0.9286E-12
CALSDV   40    2  0.9548E-12  0.9545E-12
CALSDV   41    2  0.9822E-12  0.9820E-12
CALSDV   42    2  0.1015E-11  0.1014E-11
CALSDV   43    2  0.1048E-11  0.1048E-11
CALSDV   44    2  0.1083E-11  0.1083E-11
CALSDV   45    2  0.1120E-11  0.1119E-11
CALSDV   46    2  0.1161E-11  0.1160E-11
CALSDV   47    2  0.1202E-11  0.1202E-11
CALSDV   48    2  0.1247E-11  0.1246E-11
CALSDV   49    2  0.1294E-11  0.1293E-11
CALSDV   50    2  0.1346E-11  0.1345E-11
CALSDV   51    2  0.1400E-11  0.1400E-11
CALSDV   52    2  0.1454E-11  0.1454E-11
CALSDV   53    2  0.1515E-11  0.1514E-11
CALSDV   54    2  0.1579E-11  0.1578E-11
CALSDV   55    2  0.1644E-11  0.1644E-11
CALSDV   56    2  0.1712E-11  0.1712E-11
CALSDV   57    2  0.1773E-11  0.1772E-11
CALSDV   58    2  0.1846E-11  0.1846E-11
CALSDV   59    2  0.1764E-11  0.1764E-11
CALSDV   60    2  0.1825E-11  0.1825E-11
CALSDV    3    3  0.2738E-10  0.2754E-10
CALSDV    4    3  0.1168E-10  0.1169E-10
CALSDV    5    3  0.7897E-11  0.7960E-11
CALSDV    6    3  0.4232E-11  0.4233E-11
CALSDV    7    3  0.3822E-11  0.3843E-11
CALSDV    8    3  0.2473E-11  0.2469E-11
CALSDV    9    3  0.2379E-11  0.2391E-11
CALSDV   10    3  0.1707E-11  0.1704E-11
CALSDV   11    3  0.1647E-11  0.1652E-11
CALSDV   12    3  0.1297E-11  0.1295E-11
CALSDV   13    3  0.1282E-11  0.1286E-11
CALSDV   14    3  0.1069E-11  0.1068E-11
CALSDV   15    3  0.1062E-11  0.1065E-11
CALSDV   16    3  0.9409E-12  0.9409E-12
CALSDV   17    3  0.9491E-12  0.9515E-12
CALSDV   18    3  0.8652E-12  0.8653E-12
CALSDV   19    3  0.8618E-12  0.8636E-12
CALSDV   20    3  0.8095E-12  0.8097E-12
CALSDV   21    3  0.8149E-12  0.8162E-12
CALSDV   22    3  0.7818E-12  0.7821E-12
CALSDV   23    3  0.7866E-12  0.7881E-12
CALSDV   24    3  0.7691E-12  0.7699E-12
CALSDV   25    3  0.7756E-12  0.7776E-12
CALSDV   26    3  0.7627E-12  0.7638E-12
CALSDV   27    3  0.7695E-12  0.7707E-12
CALSDV   28    3  0.7708E-12  0.7715E-12
CALSDV   29    3  0.7824E-12  0.7841E-12
CALSDV   30    3  0.7847E-12  0.7858E-12
CALSDV   31    3  0.7956E-12  0.7970E-12
CALSDV   32    3  0.8063E-12  0.8072E-12
CALSDV   33    3  0.8237E-12  0.8252E-12
CALSDV   34    3  0.8367E-12  0.8378E-12
CALSDV   35    3  0.8548E-12  0.8561E-12
CALSDV   36    3  0.8728E-12  0.8744E-12
CALSDV   37    3  0.8954E-12  0.8971E-12
CALSDV   38    3  0.9147E-12  0.9159E-12
CALSDV   39    3  0.9405E-12  0.9416E-12
CALSDV   40    3  0.9660E-12  0.9676E-12
CALSDV   41    3  0.9975E-12  0.9994E-12
CALSDV   42    3  0.1025E-11  0.1027E-11
CALSDV   43    3  0.1059E-11  0.1060E-11
CALSDV   44    3  0.1092E-11  0.1094E-11
CALSDV   45    3  0.1132E-11  0.1134E-11
CALSDV   46    3  0.1170E-11  0.1171E-11
CALSDV   47    3  0.1213E-11  0.1215E-11
CALSDV   48    3  0.1256E-11  0.1258E-11
CALSDV   49    3  0.1305E-11  0.1308E-11
CALSDV   50    3  0.1354E-11  0.1356E-11
CALSDV   51    3  0.1407E-11  0.1410E-11
CALSDV   52    3  0.1463E-11  0.1466E-11
CALSDV   53    3  0.1523E-11  0.1526E-11
CALSDV   54    3  0.1586E-11  0.1589E-11
CALSDV   55    3  0.1652E-11  0.1655E-11
CALSDV   56    3  0.1721E-11  0.1724E-11
CALSDV   57    3  0.1787E-11  0.1790E-11
CALSDV   58    3  0.1860E-11  0.1863E-11
CALSDV   59    3  0.1807E-11  0.1811E-11
CALSDV   60    3  0.1868E-11  0.1871E-11
CALSDV    4    4  0.1312E-10  0.1323E-10
CALSDV    5    4  0.1216E-10  0.1221E-10
CALSDV    6    4  0.5066E-11  0.5058E-11
CALSDV    7    4  0.4443E-11  0.4428E-11
CALSDV    8    4  0.2776E-11  0.2777E-11
CALSDV    9    4  0.2440E-11  0.2434E-11
CALSDV   10    4  0.1914E-11  0.1914E-11
CALSDV   11    4  0.1700E-11  0.1700E-11
CALSDV   12    4  0.1438E-11  0.1437E-11
CALSDV   13    4  0.1310E-11  0.1311E-11
CALSDV   14    4  0.1182E-11  0.1183E-11
CALSDV   15    4  0.1105E-11  0.1105E-11
CALSDV   16    4  0.1019E-11  0.1019E-11
CALSDV   17    4  0.9669E-12  0.9667E-12
CALSDV   18    4  0.9228E-12  0.9233E-12
CALSDV   19    4  0.8977E-12  0.8980E-12
CALSDV   20    4  0.8630E-12  0.8630E-12
CALSDV   21    4  0.8429E-12  0.8432E-12
CALSDV   22    4  0.8231E-12  0.8230E-12
CALSDV   23    4  0.8138E-12  0.8142E-12
CALSDV   24    4  0.8015E-12  0.8013E-12
CALSDV   25    4  0.7993E-12  0.8001E-12
CALSDV   26    4  0.7962E-12  0.7965E-12
CALSDV   27    4  0.7998E-12  0.8003E-12
CALSDV   28    4  0.7940E-12  0.7942E-12
CALSDV   29    4  0.8020E-12  0.8026E-12
CALSDV   30    4  0.8076E-12  0.8086E-12
CALSDV   31    4  0.8222E-12  0.8228E-12
CALSDV   32    4  0.8288E-12  0.8293E-12
CALSDV   33    4  0.8430E-12  0.8432E-12
CALSDV   34    4  0.8558E-12  0.8563E-12
CALSDV   35    4  0.8746E-12  0.8754E-12
CALSDV   36    4  0.8897E-12  0.8901E-12
CALSDV   37    4  0.9117E-12  0.9121E-12
CALSDV   38    4  0.9338E-12  0.9341E-12
CALSDV   39    4  0.9594E-12  0.9601E-12
CALSDV   40    4  0.9832E-12  0.9840E-12
CALSDV   41    4  0.1011E-11  0.1011E-11
CALSDV   42    4  0.1042E-11  0.1042E-11
CALSDV   43    4  0.1075E-11  0.1075E-11
CALSDV   44    4  0.1108E-11  0.1109E-11
CALSDV   45    4  0.1145E-11  0.1146E-11
CALSDV   46    4  0.1185E-11  0.1186E-11
CALSDV   47    4  0.1227E-11  0.1228E-11
CALSDV   48    4  0.1271E-11  0.1271E-11
CALSDV   49    4  0.1319E-11  0.1319E-11
CALSDV   50    4  0.1370E-11  0.1370E-11
CALSDV   51    4  0.1422E-11  0.1423E-11
CALSDV   52    4  0.1476E-11  0.1476E-11
CALSDV   53    4  0.1535E-11  0.1535E-11
CALSDV   54    4  0.1599E-11  0.1600E-11
CALSDV   55    4  0.1668E-11  0.1668E-11
CALSDV   56    4  0.1735E-11  0.1735E-11
CALSDV   57    4  0.1804E-11  0.1804E-11
CALSDV   58    4  0.1879E-11  0.1879E-11
CALSDV   59    4  0.1849E-11  0.1850E-11
CALSDV   60    4  0.1910E-11  0.1912E-11
CALSDV    5    5  0.2094E-10  0.2096E-10
CALSDV    6    5  0.9035E-11  0.9046E-11
CALSDV    7    5  0.6011E-11  0.6029E-11
CALSDV    8    5  0.3713E-11  0.3723E-11
CALSDV    9    5  0.3404E-11  0.3411E-11
CALSDV   10    5  0.2289E-11  0.2291E-11
CALSDV   11    5  0.2344E-11  0.2346E-11
CALSDV   12    5  0.1790E-11  0.1792E-11
CALSDV   13    5  0.1787E-11  0.1786E-11
CALSDV   14    5  0.1447E-11  0.1447E-11
CALSDV   15    5  0.1444E-11  0.1443E-11
CALSDV   16    5  0.1224E-11  0.1225E-11
CALSDV   17    5  0.1232E-11  0.1230E-11
CALSDV   18    5  0.1070E-11  0.1071E-11
CALSDV   19    5  0.1077E-11  0.1077E-11
CALSDV   20    5  0.9843E-12  0.9838E-12
CALSDV   21    5  0.9890E-12  0.9882E-12
CALSDV   22    5  0.9289E-12  0.9286E-12
CALSDV   23    5  0.9285E-12  0.9274E-12
CALSDV   24    5  0.8890E-12  0.8882E-12
CALSDV   25    5  0.8923E-12  0.8915E-12
CALSDV   26    5  0.8657E-12  0.8656E-12
CALSDV   27    5  0.8707E-12  0.8701E-12
CALSDV   28    5  0.8642E-12  0.8634E-12
CALSDV   29    5  0.8677E-12  0.8664E-12
CALSDV   30    5  0.8650E-12  0.8646E-12
CALSDV   31    5  0.8699E-12  0.8690E-12
CALSDV   32    5  0.8761E-12  0.8755E-12
CALSDV   33    5  0.8905E-12  0.8894E-12
CALSDV   34    5  0.8974E-12  0.8969E-12
CALSDV   35    5  0.9133E-12  0.9125E-12
CALSDV   36    5  0.9278E-12  0.9273E-12
CALSDV   37    5  0.9472E-12  0.9466E-12
CALSDV   38    5  0.9664E-12  0.9658E-12
CALSDV   39    5  0.9891E-12  0.9882E-12
CALSDV   40    5  0.1015E-11  0.1014E-11
CALSDV   41    5  0.1043E-11  0.1042E-11
CALSDV   42    5  0.1069E-11  0.1068E-11
CALSDV   43    5  0.1099E-11  0.1098E-11
CALSDV   44    5  0.1133E-11  0.1132E-11
CALSDV   45    5  0.1170E-11  0.1169E-11
CALSDV   46    5  0.1207E-11  0.1206E-11
CALSDV   47    5  0.1250E-11  0.1249E-11
CALSDV   48    5  0.1293E-11  0.1292E-11
CALSDV   49    5  0.1341E-11  0.1340E-11
CALSDV   50    5  0.1390E-11  0.1389E-11
CALSDV   51    5  0.1440E-11  0.1439E-11
CALSDV   52    5  0.1497E-11  0.1496E-11
CALSDV   53    5  0.1553E-11  0.1551E-11
CALSDV   54    5  0.1617E-11  0.1615E-11
CALSDV   55    5  0.1683E-11  0.1682E-11
CALSDV   56    5  0.1753E-11  0.1752E-11
CALSDV   57    5  0.1825E-11  0.1823E-11
CALSDV   58    5  0.1900E-11  0.1898E-11
CALSDV   59    5  0.1891E-11  0.1890E-11
CALSDV   60    5  0.1954E-11  0.1953E-11
CALSDV    6    6  0.1006E-10  0.9840E-11
CALSDV    7    6  0.1113E-10  0.1130E-10
CALSDV    8    6  0.5030E-11  0.4959E-11
CALSDV    9    6  0.5319E-11  0.5423E-11
CALSDV   10    6  0.3206E-11  0.3176E-11
CALSDV   11    6  0.3112E-11  0.3174E-11
CALSDV   12    6  0.2219E-11  0.2202E-11
CALSDV   13    6  0.2166E-11  0.2198E-11
CALSDV   14    6  0.1696E-11  0.1683E-11
CALSDV   15    6  0.1661E-11  0.1675E-11
CALSDV   16    6  0.1372E-11  0.1365E-11
CALSDV   17    6  0.1368E-11  0.1375E-11
CALSDV   18    6  0.1194E-11  0.1189E-11
CALSDV   19    6  0.1186E-11  0.1192E-11
CALSDV   20    6  0.1063E-11  0.1058E-11
CALSDV   21    6  0.1066E-11  0.1067E-11
CALSDV   22    6  0.9858E-12  0.9812E-12
CALSDV   23    6  0.9956E-12  0.9967E-12
CALSDV   24    6  0.9374E-12  0.9347E-12
CALSDV   25    6  0.9514E-12  0.9519E-12
CALSDV   26    6  0.9141E-12  0.9115E-12
CALSDV   27    6  0.9234E-12  0.9224E-12
CALSDV   28    6  0.8962E-12  0.8936E-12
CALSDV   29    6  0.9125E-12  0.9119E-12
CALSDV   30    6  0.8992E-12  0.8972E-12
CALSDV   31    6  0.9162E-12  0.9152E-12
CALSDV   32    6  0.9073E-12  0.9048E-12
CALSDV   33    6  0.9276E-12  0.9257E-12
CALSDV   34    6  0.9306E-12  0.9283E-12
CALSDV   35    6  0.9508E-12  0.9496E-12
CALSDV   36    6  0.9580E-12  0.9563E-12
CALSDV   37    6  0.9820E-12  0.9803E-12
CALSDV   38    6  0.9966E-12  0.9941E-12
CALSDV   39    6  0.1022E-11  0.1020E-11
CALSDV   40    6  0.1040E-11  0.1037E-11
CALSDV   41    6  0.1069E-11  0.1067E-11
CALSDV   42    6  0.1096E-11  0.1094E-11
CALSDV   43    6  0.1128E-11  0.1125E-11
CALSDV   44    6  0.1158E-11  0.1156E-11
CALSDV   45    6  0.1195E-11  0.1192E-11
CALSDV   46    6  0.1232E-11  0.1230E-11
CALSDV   47    6  0.1275E-11  0.1273E-11
CALSDV   48    6  0.1317E-11  0.1314E-11
CALSDV   49    6  0.1365E-11  0.1362E-11
CALSDV   50    6  0.1414E-11  0.1411E-11
CALSDV   51    6  0.1464E-11  0.1461E-11
CALSDV   52    6  0.1516E-11  0.1513E-11
CALSDV   53    6  0.1573E-11  0.1569E-11
CALSDV   54    6  0.1636E-11  0.1632E-11
CALSDV   55    6  0.1706E-11  0.1702E-11
CALSDV   56    6  0.1772E-11  0.1769E-11
CALSDV   57    6  0.1847E-11  0.1844E-11
CALSDV   58    6  0.1924E-11  0.1921E-11
CALSDV   59    6  0.1937E-11  0.1933E-11
CALSDV   60    6  0.1998E-11  0.1994E-11
CALSDV    7    7  0.1476E-10  0.1479E-10
CALSDV    8    7  0.8364E-11  0.8370E-11
CALSDV    9    7  0.5436E-11  0.5452E-11
CALSDV   10    7  0.3624E-11  0.3618E-11
CALSDV   11    7  0.3267E-11  0.3269E-11
CALSDV   12    7  0.2184E-11  0.2180E-11
CALSDV   13    7  0.2194E-11  0.2194E-11
CALSDV   14    7  0.1771E-11  0.1767E-11
CALSDV   15    7  0.1680E-11  0.1678E-11
CALSDV   16    7  0.1557E-11  0.1554E-11
CALSDV   17    7  0.1390E-11  0.1388E-11
CALSDV   18    7  0.1370E-11  0.1368E-11
CALSDV   19    7  0.1236E-11  0.1235E-11
CALSDV   20    7  0.1241E-11  0.1239E-11
CALSDV   21    7  0.1123E-11  0.1123E-11
CALSDV   22    7  0.1141E-11  0.1140E-11
CALSDV   23    7  0.1036E-11  0.1036E-11
CALSDV   24    7  0.1082E-11  0.1081E-11
CALSDV   25    7  0.9859E-12  0.9862E-12
CALSDV   26    7  0.1037E-11  0.1036E-11
CALSDV   27    7  0.9668E-12  0.9663E-12
CALSDV   28    7  0.1010E-11  0.1010E-11
CALSDV   29    7  0.9559E-12  0.9555E-12
CALSDV   30    7  0.9930E-12  0.9922E-12
CALSDV   31    7  0.9546E-12  0.9540E-12
CALSDV   32    7  0.1000E-11  0.9986E-12
CALSDV   33    7  0.9675E-12  0.9666E-12
CALSDV   34    7  0.1008E-11  0.1007E-11
CALSDV   35    7  0.9866E-12  0.9856E-12
CALSDV   36    7  0.1026E-11  0.1025E-11
CALSDV   37    7  0.1018E-11  0.1017E-11
CALSDV   38    7  0.1053E-11  0.1052E-11
CALSDV   39    7  0.1054E-11  0.1053E-11
CALSDV   40    7  0.1095E-11  0.1093E-11
CALSDV   41    7  0.1101E-11  0.1100E-11
CALSDV   42    7  0.1141E-11  0.1140E-11
CALSDV   43    7  0.1156E-11  0.1155E-11
CALSDV   44    7  0.1200E-11  0.1199E-11
CALSDV   45    7  0.1225E-11  0.1224E-11
CALSDV   46    7  0.1270E-11  0.1268E-11
CALSDV   47    7  0.1303E-11  0.1301E-11
CALSDV   48    7  0.1353E-11  0.1351E-11
CALSDV   49    7  0.1390E-11  0.1388E-11
CALSDV   50    7  0.1444E-11  0.1443E-11
CALSDV   51    7  0.1485E-11  0.1483E-11
CALSDV   52    7  0.1546E-11  0.1544E-11
CALSDV   53    7  0.1594E-11  0.1592E-11
CALSDV   54    7  0.1660E-11  0.1658E-11
CALSDV   55    7  0.1725E-11  0.1723E-11
CALSDV   56    7  0.1797E-11  0.1796E-11
CALSDV   57    7  0.1869E-11  0.1867E-11
CALSDV   58    7  0.1949E-11  0.1947E-11
CALSDV   59    7  0.1973E-11  0.1970E-11
CALSDV   60    7  0.2041E-11  0.2039E-11
CALSDV    8    8  0.7396E-11  0.7443E-11
CALSDV    9    8  0.7391E-11  0.7523E-11
CALSDV   10    8  0.4879E-11  0.4860E-11
CALSDV   11    8  0.4111E-11  0.4200E-11
CALSDV   12    8  0.3590E-11  0.3604E-11
CALSDV   13    8  0.2940E-11  0.2986E-11
CALSDV   14    8  0.2569E-11  0.2593E-11
CALSDV   15    8  0.2368E-11  0.2392E-11
CALSDV   16    8  0.1966E-11  0.1986E-11
CALSDV   17    8  0.1994E-11  0.2006E-11
CALSDV   18    8  0.1599E-11  0.1614E-11
CALSDV   19    8  0.1691E-11  0.1700E-11
CALSDV   20    8  0.1383E-11  0.1396E-11
CALSDV   21    8  0.1483E-11  0.1489E-11
CALSDV   22    8  0.1252E-11  0.1262E-11
CALSDV   23    8  0.1334E-11  0.1338E-11
CALSDV   24    8  0.1151E-11  0.1158E-11
CALSDV   25    8  0.1232E-11  0.1233E-11
CALSDV   26    8  0.1086E-11  0.1091E-11
CALSDV   27    8  0.1161E-11  0.1161E-11
CALSDV   28    8  0.1053E-11  0.1057E-11
CALSDV   29    8  0.1121E-11  0.1121E-11
CALSDV   30    8  0.1043E-11  0.1046E-11
CALSDV   31    8  0.1093E-11  0.1094E-11
CALSDV   32    8  0.1035E-11  0.1038E-11
CALSDV   33    8  0.1083E-11  0.1083E-11
CALSDV   34    8  0.1047E-11  0.1048E-11
CALSDV   35    8  0.1085E-11  0.1085E-11
CALSDV   36    8  0.1064E-11  0.1064E-11
CALSDV   37    8  0.1101E-11  0.1100E-11
CALSDV   38    8  0.1096E-11  0.1097E-11
CALSDV   39    8  0.1131E-11  0.1130E-11
CALSDV   40    8  0.1132E-11  0.1133E-11
CALSDV   41    8  0.1169E-11  0.1168E-11
CALSDV   42    8  0.1180E-11  0.1181E-11
CALSDV   43    8  0.1216E-11  0.1216E-11
CALSDV   44    8  0.1234E-11  0.1235E-11
CALSDV   45    8  0.1274E-11  0.1274E-11
CALSDV   46    8  0.1305E-11  0.1306E-11
CALSDV   47    8  0.1350E-11  0.1349E-11
CALSDV   48    8  0.1387E-11  0.1386E-11
CALSDV   49    8  0.1433E-11  0.1432E-11
CALSDV   50    8  0.1478E-11  0.1478E-11
CALSDV   51    8  0.1523E-11  0.1523E-11
CALSDV   52    8  0.1572E-11  0.1573E-11
CALSDV   53    8  0.1627E-11  0.1627E-11
CALSDV   54    8  0.1688E-11  0.1688E-11
CALSDV   55    8  0.1758E-11  0.1758E-11
CALSDV   56    8  0.1822E-11  0.1823E-11
CALSDV   57    8  0.1901E-11  0.1902E-11
CALSDV   58    8  0.1978E-11  0.1978E-11
CALSDV   59    8  0.2023E-11  0.2022E-11
CALSDV   60    8  0.2087E-11  0.2086E-11
CALSDV    9    9  0.1033E-10  0.1021E-10
CALSDV   10    9  0.7824E-11  0.7802E-11
CALSDV   11    9  0.5178E-11  0.5157E-11
CALSDV   12    9  0.3729E-11  0.3720E-11
CALSDV   13    9  0.3488E-11  0.3481E-11
CALSDV   14    9  0.2349E-11  0.2344E-11
CALSDV   15    9  0.2361E-11  0.2358E-11
CALSDV   16    9  0.1868E-11  0.1868E-11
CALSDV   17    9  0.1737E-11  0.1735E-11
CALSDV   18    9  0.1663E-11  0.1663E-11
CALSDV   19    9  0.1424E-11  0.1425E-11
CALSDV   20    9  0.1490E-11  0.1492E-11
CALSDV   21    9  0.1262E-11  0.1264E-11
CALSDV   22    9  0.1364E-11  0.1365E-11
CALSDV   23    9  0.1186E-11  0.1185E-11
CALSDV   24    9  0.1280E-11  0.1280E-11
CALSDV   25    9  0.1124E-11  0.1126E-11
CALSDV   26    9  0.1214E-11  0.1215E-11
CALSDV   27    9  0.1082E-11  0.1083E-11
CALSDV   28    9  0.1168E-11  0.1168E-11
CALSDV   29    9  0.1062E-11  0.1062E-11
CALSDV   30    9  0.1142E-11  0.1141E-11
CALSDV   31    9  0.1068E-11  0.1068E-11
CALSDV   32    9  0.1134E-11  0.1133E-11
CALSDV   33    9  0.1074E-11  0.1073E-11
CALSDV   34    9  0.1128E-11  0.1127E-11
CALSDV   35    9  0.1091E-11  0.1091E-11
CALSDV   36    9  0.1138E-11  0.1138E-11
CALSDV   37    9  0.1118E-11  0.1118E-11
CALSDV   38    9  0.1157E-11  0.1157E-11
CALSDV   39    9  0.1156E-11  0.1156E-11
CALSDV   40    9  0.1193E-11  0.1193E-11
CALSDV   41    9  0.1195E-11  0.1195E-11
CALSDV   42    9  0.1233E-11  0.1233E-11
CALSDV   43    9  0.1243E-11  0.1242E-11
CALSDV   44    9  0.1286E-11  0.1285E-11
CALSDV   45    9  0.1304E-11  0.1303E-11
CALSDV   46    9  0.1348E-11  0.1347E-11
CALSDV   47    9  0.1380E-11  0.1379E-11
CALSDV   48    9  0.1427E-11  0.1427E-11
CALSDV   49    9  0.1464E-11  0.1464E-11
CALSDV   50    9  0.1513E-11  0.1513E-11
CALSDV   51    9  0.1553E-11  0.1553E-11
CALSDV   52    9  0.1607E-11  0.1607E-11
CALSDV   53    9  0.1653E-11  0.1652E-11
CALSDV   54    9  0.1717E-11  0.1716E-11
CALSDV   55    9  0.1783E-11  0.1781E-11
CALSDV   56    9  0.1853E-11  0.1852E-11
CALSDV   57    9  0.1928E-11  0.1927E-11
CALSDV   58    9  0.2007E-11  0.2006E-11
CALSDV   59    9  0.2061E-11  0.2061E-11
CALSDV   60    9  0.2125E-11  0.2123E-11
CALSDV   10   10  0.8070E-11  0.7912E-11
CALSDV   11   10  0.6187E-11  0.6215E-11
CALSDV   12   10  0.4542E-11  0.4524E-11
CALSDV   13   10  0.3284E-11  0.3296E-11
CALSDV   14   10  0.3743E-11  0.3728E-11
CALSDV   15   10  0.2631E-11  0.2634E-11
CALSDV   16   10  0.2894E-11  0.2878E-11
CALSDV   17   10  0.2362E-11  0.2365E-11
CALSDV   18   10  0.2305E-11  0.2286E-11
CALSDV   19   10  0.2160E-11  0.2166E-11
CALSDV   20   10  0.1947E-11  0.1929E-11
CALSDV   21   10  0.1944E-11  0.1950E-11
CALSDV   22   10  0.1714E-11  0.1697E-11
CALSDV   23   10  0.1744E-11  0.1749E-11
CALSDV   24   10  0.1564E-11  0.1550E-11
CALSDV   25   10  0.1597E-11  0.1603E-11
CALSDV   26   10  0.1452E-11  0.1444E-11
CALSDV   27   10  0.1487E-11  0.1491E-11
CALSDV   28   10  0.1366E-11  0.1358E-11
CALSDV   29   10  0.1407E-11  0.1411E-11
CALSDV   30   10  0.1306E-11  0.1300E-11
CALSDV   31   10  0.1344E-11  0.1347E-11
CALSDV   32   10  0.1278E-11  0.1272E-11
CALSDV   33   10  0.1313E-11  0.1315E-11
CALSDV   34   10  0.1265E-11  0.1260E-11
CALSDV   35   10  0.1288E-11  0.1289E-11
CALSDV   36   10  0.1259E-11  0.1254E-11
CALSDV   37   10  0.1283E-11  0.1284E-11
CALSDV   38   10  0.1270E-11  0.1266E-11
CALSDV   39   10  0.1290E-11  0.1291E-11
CALSDV   40   10  0.1296E-11  0.1293E-11
CALSDV   41   10  0.1316E-11  0.1315E-11
CALSDV   42   10  0.1331E-11  0.1328E-11
CALSDV   43   10  0.1348E-11  0.1347E-11
CALSDV   44   10  0.1370E-11  0.1366E-11
CALSDV   45   10  0.1397E-11  0.1396E-11
CALSDV   46   10  0.1426E-11  0.1423E-11
CALSDV   47   10  0.1460E-11  0.1459E-11
CALSDV   48   10  0.1499E-11  0.1495E-11
CALSDV   49   10  0.1534E-11  0.1531E-11
CALSDV   50   10  0.1580E-11  0.1577E-11
CALSDV   51   10  0.1611E-11  0.1608E-11
CALSDV   52   10  0.1664E-11  0.1661E-11
CALSDV   53   10  0.1704E-11  0.1701E-11
CALSDV   54   10  0.1767E-11  0.1764E-11
CALSDV   55   10  0.1830E-11  0.1826E-11
CALSDV   56   10  0.1899E-11  0.1894E-11
CALSDV   57   10  0.1974E-11  0.1970E-11
CALSDV   58   10  0.2054E-11  0.2050E-11
CALSDV   59   10  0.2122E-11  0.2118E-11
CALSDV   60   10  0.2188E-11  0.2184E-11
CALSDV   11   11  0.7436E-11  0.7408E-11
CALSDV   12   11  0.7561E-11  0.7593E-11
CALSDV   13   11  0.4814E-11  0.4819E-11
CALSDV   14   11  0.4129E-11  0.4174E-11
CALSDV   15   11  0.3680E-11  0.3685E-11
CALSDV   16   11  0.2852E-11  0.2885E-11
CALSDV   17   11  0.2624E-11  0.2633E-11
CALSDV   18   11  0.2255E-11  0.2273E-11
CALSDV   19   11  0.1922E-11  0.1932E-11
CALSDV   20   11  0.1913E-11  0.1926E-11
CALSDV   21   11  0.1566E-11  0.1573E-11
CALSDV   22   11  0.1675E-11  0.1684E-11
CALSDV   23   11  0.1389E-11  0.1394E-11
CALSDV   24   11  0.1492E-11  0.1497E-11
CALSDV   25   11  0.1299E-11  0.1304E-11
CALSDV   26   11  0.1388E-11  0.1392E-11
CALSDV   27   11  0.1262E-11  0.1266E-11
CALSDV   28   11  0.1320E-11  0.1322E-11
CALSDV   29   11  0.1238E-11  0.1241E-11
CALSDV   30   11  0.1274E-11  0.1276E-11
CALSDV   31   11  0.1226E-11  0.1228E-11
CALSDV   32   11  0.1237E-11  0.1238E-11
CALSDV   33   11  0.1221E-11  0.1223E-11
CALSDV   34   11  0.1237E-11  0.1239E-11
CALSDV   35   11  0.1234E-11  0.1235E-11
CALSDV   36   11  0.1245E-11  0.1247E-11
CALSDV   37   11  0.1252E-11  0.1253E-11
CALSDV   38   11  0.1260E-11  0.1261E-11
CALSDV   39   11  0.1284E-11  0.1285E-11
CALSDV   40   11  0.1281E-11  0.1283E-11
CALSDV   41   11  0.1324E-11  0.1325E-11
CALSDV   42   11  0.1324E-11  0.1325E-11
CALSDV   43   11  0.1371E-11  0.1371E-11
CALSDV   44   11  0.1377E-11  0.1376E-11
CALSDV   45   11  0.1422E-11  0.1424E-11
CALSDV   46   11  0.1436E-11  0.1438E-11
CALSDV   47   11  0.1487E-11  0.1488E-11
CALSDV   48   11  0.1510E-11  0.1512E-11
CALSDV   49   11  0.1560E-11  0.1562E-11
CALSDV   50   11  0.1593E-11  0.1594E-11
CALSDV   51   11  0.1639E-11  0.1641E-11
CALSDV   52   11  0.1681E-11  0.1683E-11
CALSDV   53   11  0.1733E-11  0.1735E-11
CALSDV   54   11  0.1784E-11  0.1786E-11
CALSDV   55   11  0.1860E-11  0.1861E-11
CALSDV   56   11  0.1917E-11  0.1919E-11
CALSDV   57   11  0.2001E-11  0.2002E-11
CALSDV   58   11  0.2070E-11  0.2073E-11
CALSDV   59   11  0.2155E-11  0.2157E-11
CALSDV   60   11  0.2212E-11  0.2213E-11
CALSDV   12   12  0.7240E-11  0.7140E-11
CALSDV   13   12  0.6235E-11  0.6282E-11
CALSDV   14   12  0.4316E-11  0.4319E-11
CALSDV   15   12  0.3128E-11  0.3139E-11
CALSDV   16   12  0.3528E-11  0.3534E-11
CALSDV   17   12  0.2478E-11  0.2479E-11
CALSDV   18   12  0.2724E-11  0.2732E-11
CALSDV   19   12  0.2302E-11  0.2303E-11
CALSDV   20   12  0.2179E-11  0.2186E-11
CALSDV   21   12  0.2168E-11  0.2168E-11
CALSDV   22   12  0.1911E-11  0.1917E-11
CALSDV   23   12  0.2026E-11  0.2025E-11
CALSDV   24   12  0.1777E-11  0.1785E-11
CALSDV   25   12  0.1861E-11  0.1862E-11
CALSDV   26   12  0.1683E-11  0.1691E-11
CALSDV   27   12  0.1729E-11  0.1731E-11
CALSDV   28   12  0.1622E-11  0.1631E-11
CALSDV   29   12  0.1636E-11  0.1638E-11
CALSDV   30   12  0.1570E-11  0.1577E-11
CALSDV   31   12  0.1566E-11  0.1569E-11
CALSDV   32   12  0.1532E-11  0.1538E-11
CALSDV   33   12  0.1506E-11  0.1509E-11
CALSDV   34   12  0.1497E-11  0.1503E-11
CALSDV   35   12  0.1469E-11  0.1472E-11
CALSDV   36   12  0.1481E-11  0.1485E-11
CALSDV   37   12  0.1457E-11  0.1458E-11
CALSDV   38   12  0.1479E-11  0.1482E-11
CALSDV   39   12  0.1454E-11  0.1457E-11
CALSDV   40   12  0.1488E-11  0.1491E-11
CALSDV   41   12  0.1461E-11  0.1463E-11
CALSDV   42   12  0.1511E-11  0.1514E-11
CALSDV   43   12  0.1483E-11  0.1485E-11
CALSDV   44   12  0.1544E-11  0.1548E-11
CALSDV   45   12  0.1526E-11  0.1529E-11
CALSDV   46   12  0.1590E-11  0.1594E-11
CALSDV   47   12  0.1581E-11  0.1584E-11
CALSDV   48   12  0.1645E-11  0.1648E-11
CALSDV   49   12  0.1641E-11  0.1643E-11
CALSDV   50   12  0.1707E-11  0.1710E-11
CALSDV   51   12  0.1705E-11  0.1708E-11
CALSDV   52   12  0.1775E-11  0.1778E-11
CALSDV   53   12  0.1792E-11  0.1794E-11
CALSDV   54   12  0.1867E-11  0.1869E-11
CALSDV   55   12  0.1910E-11  0.1913E-11
CALSDV   56   12  0.1991E-11  0.1994E-11
CALSDV   57   12  0.2047E-11  0.2051E-11
CALSDV   58   12  0.2140E-11  0.2143E-11
CALSDV   59   12  0.2208E-11  0.2211E-11
CALSDV   60   12  0.2289E-11  0.2292E-11
CALSDV   13   13  0.6363E-11  0.6367E-11
CALSDV   14   13  0.6467E-11  0.6415E-11
CALSDV   15   13  0.4582E-11  0.4577E-11
CALSDV   16   13  0.3663E-11  0.3653E-11
CALSDV   17   13  0.3813E-11  0.3809E-11
CALSDV   18   13  0.2841E-11  0.2846E-11
CALSDV   19   13  0.2858E-11  0.2858E-11
CALSDV   20   13  0.2434E-11  0.2438E-11
CALSDV   21   13  0.2136E-11  0.2136E-11
CALSDV   22   13  0.2116E-11  0.2119E-11
CALSDV   23   13  0.1741E-11  0.1738E-11
CALSDV   24   13  0.1869E-11  0.1866E-11
CALSDV   25   13  0.1562E-11  0.1561E-11
CALSDV   26   13  0.1651E-11  0.1653E-11
CALSDV   27   13  0.1455E-11  0.1456E-11
CALSDV   28   13  0.1503E-11  0.1507E-11
CALSDV   29   13  0.1413E-11  0.1411E-11
CALSDV   30   13  0.1426E-11  0.1426E-11
CALSDV   31   13  0.1397E-11  0.1395E-11
CALSDV   32   13  0.1385E-11  0.1384E-11
CALSDV   33   13  0.1402E-11  0.1402E-11
CALSDV   34   13  0.1354E-11  0.1354E-11
CALSDV   35   13  0.1403E-11  0.1404E-11
CALSDV   36   13  0.1345E-11  0.1345E-11
CALSDV   37   13  0.1410E-11  0.1410E-11
CALSDV   38   13  0.1364E-11  0.1364E-11
CALSDV   39   13  0.1431E-11  0.1431E-11
CALSDV   40   13  0.1396E-11  0.1396E-11
CALSDV   41   13  0.1461E-11  0.1460E-11
CALSDV   42   13  0.1427E-11  0.1426E-11
CALSDV   43   13  0.1504E-11  0.1502E-11
CALSDV   44   13  0.1472E-11  0.1471E-11
CALSDV   45   13  0.1553E-11  0.1552E-11
CALSDV   46   13  0.1537E-11  0.1536E-11
CALSDV   47   13  0.1617E-11  0.1617E-11
CALSDV   48   13  0.1615E-11  0.1614E-11
CALSDV   49   13  0.1680E-11  0.1679E-11
CALSDV   50   13  0.1690E-11  0.1688E-11
CALSDV   51   13  0.1746E-11  0.1745E-11
CALSDV   52   13  0.1769E-11  0.1767E-11
CALSDV   53   13  0.1829E-11  0.1827E-11
CALSDV   54   13  0.1872E-11  0.1870E-11
CALSDV   55   13  0.1950E-11  0.1947E-11
CALSDV   56   13  0.2002E-11  0.1999E-11
CALSDV   57   13  0.2085E-11  0.2082E-11
CALSDV   58   13  0.2152E-11  0.2149E-11
CALSDV   59   13  0.2251E-11  0.2249E-11
CALSDV   60   13  0.2300E-11  0.2297E-11
CALSDV   14   14  0.5377E-11  0.5373E-11
CALSDV   15   14  0.6924E-11  0.6887E-11
CALSDV   16   14  0.4276E-11  0.4267E-11
CALSDV   17   14  0.3572E-11  0.3556E-11
CALSDV   18   14  0.3572E-11  0.3571E-11
CALSDV   19   14  0.2647E-11  0.2646E-11
CALSDV   20   14  0.2693E-11  0.2696E-11
CALSDV   21   14  0.2396E-11  0.2399E-11
CALSDV   22   14  0.2077E-11  0.2079E-11
CALSDV   23   14  0.2232E-11  0.2236E-11
CALSDV   24   14  0.1807E-11  0.1806E-11
CALSDV   25   14  0.2098E-11  0.2098E-11
CALSDV   26   14  0.1756E-11  0.1752E-11
CALSDV   27   14  0.1964E-11  0.1961E-11
CALSDV   28   14  0.1732E-11  0.1728E-11
CALSDV   29   14  0.1843E-11  0.1838E-11
CALSDV   30   14  0.1718E-11  0.1713E-11
CALSDV   31   14  0.1762E-11  0.1757E-11
CALSDV   32   14  0.1703E-11  0.1701E-11
CALSDV   33   14  0.1707E-11  0.1702E-11
CALSDV   34   14  0.1703E-11  0.1699E-11
CALSDV   35   14  0.1666E-11  0.1659E-11
CALSDV   36   14  0.1702E-11  0.1698E-11
CALSDV   37   14  0.1639E-11  0.1631E-11
CALSDV   38   14  0.1693E-11  0.1688E-11
CALSDV   39   14  0.1626E-11  0.1620E-11
CALSDV   40   14  0.1696E-11  0.1690E-11
CALSDV   41   14  0.1634E-11  0.1629E-11
CALSDV   42   14  0.1702E-11  0.1698E-11
CALSDV   43   14  0.1643E-11  0.1639E-11
CALSDV   44   14  0.1728E-11  0.1724E-11
CALSDV   45   14  0.1673E-11  0.1669E-11
CALSDV   46   14  0.1764E-11  0.1761E-11
CALSDV   47   14  0.1720E-11  0.1715E-11
CALSDV   48   14  0.1819E-11  0.1815E-11
CALSDV   49   14  0.1777E-11  0.1772E-11
CALSDV   50   14  0.1866E-11  0.1862E-11
CALSDV   51   14  0.1829E-11  0.1824E-11
CALSDV   52   14  0.1917E-11  0.1913E-11
CALSDV   53   14  0.1900E-11  0.1896E-11
CALSDV   54   14  0.1989E-11  0.1985E-11
CALSDV   55   14  0.2012E-11  0.2009E-11
CALSDV   56   14  0.2105E-11  0.2101E-11
CALSDV   57   14  0.2142E-11  0.2140E-11
CALSDV   58   14  0.2241E-11  0.2239E-11
CALSDV   59   14  0.2309E-11  0.2305E-11
CALSDV   60   14  0.2397E-11  0.2393E-11
CALSDV   15   15  0.7064E-11  0.7042E-11
CALSDV   16   15  0.6158E-11  0.5955E-11
CALSDV   17   15  0.4409E-11  0.4383E-11
CALSDV   18   15  0.3162E-11  0.3164E-11
CALSDV   19   15  0.4039E-11  0.3990E-11
CALSDV   20   15  0.2528E-11  0.2554E-11
CALSDV   21   15  0.3333E-11  0.3307E-11
CALSDV   22   15  0.2350E-11  0.2344E-11
CALSDV   23   15  0.2726E-11  0.2720E-11
CALSDV   24   15  0.2155E-11  0.2130E-11
CALSDV   25   15  0.2335E-11  0.2332E-11
CALSDV   26   15  0.1969E-11  0.1939E-11
CALSDV   27   15  0.2128E-11  0.2121E-11
CALSDV   28   15  0.1803E-11  0.1778E-11
CALSDV   29   15  0.1980E-11  0.1973E-11
CALSDV   30   15  0.1654E-11  0.1635E-11
CALSDV   31   15  0.1865E-11  0.1859E-11
CALSDV   32   15  0.1565E-11  0.1550E-11
CALSDV   33   15  0.1789E-11  0.1784E-11
CALSDV   34   15  0.1527E-11  0.1516E-11
CALSDV   35   15  0.1751E-11  0.1747E-11
CALSDV   36   15  0.1518E-11  0.1510E-11
CALSDV   37   15  0.1739E-11  0.1734E-11
CALSDV   38   15  0.1524E-11  0.1517E-11
CALSDV   39   15  0.1723E-11  0.1719E-11
CALSDV   40   15  0.1535E-11  0.1530E-11
CALSDV   41   15  0.1718E-11  0.1715E-11
CALSDV   42   15  0.1572E-11  0.1567E-11
CALSDV   43   15  0.1728E-11  0.1727E-11
CALSDV   44   15  0.1610E-11  0.1607E-11
CALSDV   45   15  0.1760E-11  0.1757E-11
CALSDV   46   15  0.1668E-11  0.1666E-11
CALSDV   47   15  0.1801E-11  0.1798E-11
CALSDV   48   15  0.1735E-11  0.1732E-11
CALSDV   49   15  0.1845E-11  0.1841E-11
CALSDV   50   15  0.1813E-11  0.1808E-11
CALSDV   51   15  0.1893E-11  0.1890E-11
CALSDV   52   15  0.1888E-11  0.1884E-11
CALSDV   53   15  0.1962E-11  0.1959E-11
CALSDV   54   15  0.1980E-11  0.1976E-11
CALSDV   55   15  0.2069E-11  0.2066E-11
CALSDV   56   15  0.2102E-11  0.2099E-11
CALSDV   57   15  0.2192E-11  0.2188E-11
CALSDV   58   15  0.2248E-11  0.2244E-11
CALSDV   59   15  0.2359E-11  0.2355E-11
CALSDV   60   15  0.2400E-11  0.2397E-11
CALSDV   16   16  0.4739E-11  0.4768E-11
CALSDV   17   16  0.7234E-11  0.7210E-11
CALSDV   18   16  0.4327E-11  0.4334E-11
CALSDV   19   16  0.3927E-11  0.3924E-11
CALSDV   20   16  0.3803E-11  0.3803E-11
CALSDV   21   16  0.2899E-11  0.2906E-11
CALSDV   22   16  0.2925E-11  0.2925E-11
CALSDV   23   16  0.2586E-11  0.2585E-11
CALSDV   24   16  0.2255E-11  0.2260E-11
CALSDV   25   16  0.2371E-11  0.2362E-11
CALSDV   26   16  0.1913E-11  0.1921E-11
CALSDV   27   16  0.2189E-11  0.2178E-11
CALSDV   28   16  0.1853E-11  0.1861E-11
CALSDV   29   16  0.2052E-11  0.2043E-11
CALSDV   30   16  0.1869E-11  0.1876E-11
CALSDV   31   16  0.1941E-11  0.1934E-11
CALSDV   32   16  0.1873E-11  0.1879E-11
CALSDV   33   16  0.1868E-11  0.1862E-11
CALSDV   34   16  0.1872E-11  0.1878E-11
CALSDV   35   16  0.1834E-11  0.1829E-11
CALSDV   36   16  0.1880E-11  0.1886E-11
CALSDV   37   16  0.1813E-11  0.1808E-11
CALSDV   38   16  0.1909E-11  0.1915E-11
CALSDV   39   16  0.1812E-11  0.1808E-11
CALSDV   40   16  0.1922E-11  0.1928E-11
CALSDV   41   16  0.1806E-11  0.1804E-11
CALSDV   42   16  0.1923E-11  0.1930E-11
CALSDV   43   16  0.1823E-11  0.1821E-11
CALSDV   44   16  0.1928E-11  0.1934E-11
CALSDV   45   16  0.1842E-11  0.1841E-11
CALSDV   46   16  0.1952E-11  0.1957E-11
CALSDV   47   16  0.1877E-11  0.1876E-11
CALSDV   48   16  0.1992E-11  0.1995E-11
CALSDV   49   16  0.1913E-11  0.1912E-11
CALSDV   50   16  0.2027E-11  0.2031E-11
CALSDV   51   16  0.1962E-11  0.1963E-11
CALSDV   52   16  0.2067E-11  0.2071E-11
CALSDV   53   16  0.2031E-11  0.2034E-11
CALSDV   54   16  0.2130E-11  0.2135E-11
CALSDV   55   16  0.2133E-11  0.2135E-11
CALSDV   56   16  0.2233E-11  0.2237E-11
CALSDV   57   16  0.2246E-11  0.2249E-11
CALSDV   58   16  0.2351E-11  0.2356E-11
CALSDV   59   16  0.2409E-11  0.2412E-11
CALSDV   60   16  0.2498E-11  0.2504E-11
CALSDV   17   17  0.5541E-11  0.5537E-11
CALSDV   18   17  0.5576E-11  0.5551E-11
CALSDV   19   17  0.4200E-11  0.4197E-11
CALSDV   20   17  0.3026E-11  0.3016E-11
CALSDV   21   17  0.3791E-11  0.3791E-11
CALSDV   22   17  0.2772E-11  0.2759E-11
CALSDV   23   17  0.3066E-11  0.3069E-11
CALSDV   24   17  0.2688E-11  0.2683E-11
CALSDV   25   17  0.2527E-11  0.2531E-11
CALSDV   26   17  0.2456E-11  0.2451E-11
CALSDV   27   17  0.2164E-11  0.2162E-11
CALSDV   28   17  0.2184E-11  0.2180E-11
CALSDV   29   17  0.2023E-11  0.2017E-11
CALSDV   30   17  0.1962E-11  0.1957E-11
CALSDV   31   17  0.1951E-11  0.1942E-11
CALSDV   32   17  0.1794E-11  0.1786E-11
CALSDV   33   17  0.1885E-11  0.1877E-11
CALSDV   34   17  0.1677E-11  0.1673E-11
CALSDV   35   17  0.1832E-11  0.1831E-11
CALSDV   36   17  0.1637E-11  0.1635E-11
CALSDV   37   17  0.1807E-11  0.1808E-11
CALSDV   38   17  0.1629E-11  0.1628E-11
CALSDV   39   17  0.1819E-11  0.1818E-11
CALSDV   40   17  0.1666E-11  0.1662E-11
CALSDV   41   17  0.1836E-11  0.1833E-11
CALSDV   42   17  0.1697E-11  0.1693E-11
CALSDV   43   17  0.1848E-11  0.1845E-11
CALSDV   44   17  0.1748E-11  0.1744E-11
CALSDV   45   17  0.1874E-11  0.1872E-11
CALSDV   46   17  0.1800E-11  0.1796E-11
CALSDV   47   17  0.1911E-11  0.1909E-11
CALSDV   48   17  0.1864E-11  0.1861E-11
CALSDV   49   17  0.1957E-11  0.1955E-11
CALSDV   50   17  0.1929E-11  0.1926E-11
CALSDV   51   17  0.2001E-11  0.1998E-11
CALSDV   52   17  0.2004E-11  0.2001E-11
CALSDV   53   17  0.2069E-11  0.2066E-11
CALSDV   54   17  0.2104E-11  0.2100E-11
CALSDV   55   17  0.2172E-11  0.2168E-11
CALSDV   56   17  0.2225E-11  0.2220E-11
CALSDV   57   17  0.2287E-11  0.2284E-11
CALSDV   58   17  0.2358E-11  0.2354E-11
CALSDV   59   17  0.2447E-11  0.2443E-11
CALSDV   60   17  0.2504E-11  0.2500E-11
CALSDV   18   18  0.5546E-11  0.5589E-11
CALSDV   19   18  0.5801E-11  0.5801E-11
CALSDV   20   18  0.4567E-11  0.4587E-11
CALSDV   21   18  0.2991E-11  0.2990E-11
CALSDV   22   18  0.3896E-11  0.3916E-11
CALSDV   23   18  0.2651E-11  0.2645E-11
CALSDV   24   18  0.2948E-11  0.2966E-11
CALSDV   25   18  0.2625E-11  0.2627E-11
CALSDV   26   18  0.2284E-11  0.2297E-11
CALSDV   27   18  0.2471E-11  0.2478E-11
CALSDV   28   18  0.1957E-11  0.1964E-11
CALSDV   29   18  0.2254E-11  0.2260E-11
CALSDV   30   18  0.1942E-11  0.1944E-11
CALSDV   31   18  0.2083E-11  0.2087E-11
CALSDV   32   18  0.2028E-11  0.2029E-11
CALSDV   33   18  0.1971E-11  0.1974E-11
CALSDV   34   18  0.2088E-11  0.2089E-11
CALSDV   35   18  0.1899E-11  0.1902E-11
CALSDV   36   18  0.2109E-11  0.2112E-11
CALSDV   37   18  0.1889E-11  0.1890E-11
CALSDV   38   18  0.2122E-11  0.2124E-11
CALSDV   39   18  0.1888E-11  0.1889E-11
CALSDV   40   18  0.2145E-11  0.2148E-11
CALSDV   41   18  0.1917E-11  0.1920E-11
CALSDV   42   18  0.2173E-11  0.2177E-11
CALSDV   43   18  0.1944E-11  0.1948E-11
CALSDV   44   18  0.2185E-11  0.2191E-11
CALSDV   45   18  0.1986E-11  0.1990E-11
CALSDV   46   18  0.2195E-11  0.2200E-11
CALSDV   47   18  0.2023E-11  0.2026E-11
CALSDV   48   18  0.2207E-11  0.2212E-11
CALSDV   49   18  0.2049E-11  0.2053E-11
CALSDV   50   18  0.2219E-11  0.2224E-11
CALSDV   51   18  0.2083E-11  0.2088E-11
CALSDV   52   18  0.2241E-11  0.2247E-11
CALSDV   53   18  0.2148E-11  0.2154E-11
CALSDV   54   18  0.2288E-11  0.2294E-11
CALSDV   55   18  0.2255E-11  0.2261E-11
CALSDV   56   18  0.2379E-11  0.2385E-11
CALSDV   57   18  0.2361E-11  0.2367E-11
CALSDV   58   18  0.2480E-11  0.2486E-11
CALSDV   59   18  0.2516E-11  0.2523E-11
CALSDV   60   18  0.2609E-11  0.2617E-11
CALSDV   19   19  0.4870E-11  0.4773E-11
CALSDV   20   19  0.5310E-11  0.5316E-11
CALSDV   21   19  0.4238E-11  0.4232E-11
CALSDV   22   19  0.2929E-11  0.2907E-11
CALSDV   23   19  0.3702E-11  0.3694E-11
CALSDV   24   19  0.3027E-11  0.3011E-11
CALSDV   25   19  0.3086E-11  0.3055E-11
CALSDV   26   19  0.3084E-11  0.3074E-11
CALSDV   27   19  0.2454E-11  0.2428E-11
CALSDV   28   19  0.2929E-11  0.2926E-11
CALSDV   29   19  0.2269E-11  0.2230E-11
CALSDV   30   19  0.2624E-11  0.2623E-11
CALSDV   31   19  0.2085E-11  0.2061E-11
CALSDV   32   19  0.2362E-11  0.2363E-11
CALSDV   33   19  0.2083E-11  0.2068E-11
CALSDV   34   19  0.2172E-11  0.2162E-11
CALSDV   35   19  0.2027E-11  0.2018E-11
CALSDV   36   19  0.2025E-11  0.2025E-11
CALSDV   37   19  0.1979E-11  0.1974E-11
CALSDV   38   19  0.1969E-11  0.1963E-11
CALSDV   39   19  0.1947E-11  0.1944E-11
CALSDV   40   19  0.1939E-11  0.1937E-11
CALSDV   41   19  0.1943E-11  0.1942E-11
CALSDV   42   19  0.1956E-11  0.1954E-11
CALSDV   43   19  0.1969E-11  0.1971E-11
CALSDV   44   19  0.1991E-11  0.1989E-11
CALSDV   45   19  0.2001E-11  0.2004E-11
CALSDV   46   19  0.2042E-11  0.2040E-11
CALSDV   47   19  0.2038E-11  0.2039E-11
CALSDV   48   19  0.2094E-11  0.2090E-11
CALSDV   49   19  0.2077E-11  0.2074E-11
CALSDV   50   19  0.2133E-11  0.2128E-11
CALSDV   51   19  0.2121E-11  0.2117E-11
CALSDV   52   19  0.2180E-11  0.2177E-11
CALSDV   53   19  0.2189E-11  0.2188E-11
CALSDV   54   19  0.2256E-11  0.2253E-11
CALSDV   55   19  0.2287E-11  0.2283E-11
CALSDV   56   19  0.2372E-11  0.2368E-11
CALSDV   57   19  0.2389E-11  0.2388E-11
CALSDV   58   19  0.2488E-11  0.2487E-11
CALSDV   59   19  0.2539E-11  0.2537E-11
CALSDV   60   19  0.2626E-11  0.2622E-11
CALSDV   20   20  0.5874E-11  0.5869E-11
CALSDV   21   20  0.5489E-11  0.5514E-11
CALSDV   22   20  0.4798E-11  0.4803E-11
CALSDV   23   20  0.2971E-11  0.2973E-11
CALSDV   24   20  0.4067E-11  0.4071E-11
CALSDV   25   20  0.2790E-11  0.2796E-11
CALSDV   26   20  0.3133E-11  0.3138E-11
CALSDV   27   20  0.2818E-11  0.2828E-11
CALSDV   28   20  0.2395E-11  0.2398E-11
CALSDV   29   20  0.2658E-11  0.2670E-11
CALSDV   30   20  0.2122E-11  0.2123E-11
CALSDV   31   20  0.2379E-11  0.2390E-11
CALSDV   32   20  0.2058E-11  0.2062E-11
CALSDV   33   20  0.2159E-11  0.2166E-11
CALSDV   34   20  0.2172E-11  0.2172E-11
CALSDV   35   20  0.2049E-11  0.2051E-11
CALSDV   36   20  0.2257E-11  0.2255E-11
CALSDV   37   20  0.1994E-11  0.1993E-11
CALSDV   38   20  0.2292E-11  0.2291E-11
CALSDV   39   20  0.2007E-11  0.2009E-11
CALSDV   40   20  0.2301E-11  0.2303E-11
CALSDV   41   20  0.2029E-11  0.2031E-11
CALSDV   42   20  0.2308E-11  0.2310E-11
CALSDV   43   20  0.2075E-11  0.2075E-11
CALSDV   44   20  0.2334E-11  0.2335E-11
CALSDV   45   20  0.2134E-11  0.2133E-11
CALSDV   46   20  0.2368E-11  0.2369E-11
CALSDV   47   20  0.2197E-11  0.2198E-11
CALSDV   48   20  0.2388E-11  0.2391E-11
CALSDV   49   20  0.2239E-11  0.2242E-11
CALSDV   50   20  0.2394E-11  0.2398E-11
CALSDV   51   20  0.2268E-11  0.2272E-11
CALSDV   52   20  0.2402E-11  0.2407E-11
CALSDV   53   20  0.2311E-11  0.2316E-11
CALSDV   54   20  0.2443E-11  0.2448E-11
CALSDV   55   20  0.2393E-11  0.2400E-11
CALSDV   56   20  0.2519E-11  0.2525E-11
CALSDV   57   20  0.2483E-11  0.2490E-11
CALSDV   58   20  0.2602E-11  0.2609E-11
CALSDV   59   20  0.2624E-11  0.2631E-11
CALSDV   60   20  0.2710E-11  0.2718E-11
CALSDV   21   21  0.4761E-11  0.4745E-11
CALSDV   22   21  0.5288E-11  0.5269E-11
CALSDV   23   21  0.4342E-11  0.4332E-11
CALSDV   24   21  0.2951E-11  0.2949E-11
CALSDV   25   21  0.3767E-11  0.3774E-11
CALSDV   26   21  0.3095E-11  0.3097E-11
CALSDV   27   21  0.3016E-11  0.3029E-11
CALSDV   28   21  0.3297E-11  0.3287E-11
CALSDV   29   21  0.2593E-11  0.2601E-11
CALSDV   30   21  0.3160E-11  0.3153E-11
CALSDV   31   21  0.2328E-11  0.2329E-11
CALSDV   32   21  0.2883E-11  0.2871E-11
CALSDV   33   21  0.2302E-11  0.2294E-11
CALSDV   34   21  0.2597E-11  0.2593E-11
CALSDV   35   21  0.2269E-11  0.2259E-11
CALSDV   36   21  0.2423E-11  0.2420E-11
CALSDV   37   21  0.2285E-11  0.2275E-11
CALSDV   38   21  0.2304E-11  0.2304E-11
CALSDV   39   21  0.2234E-11  0.2226E-11
CALSDV   40   21  0.2258E-11  0.2259E-11
CALSDV   41   21  0.2201E-11  0.2192E-11
CALSDV   42   21  0.2238E-11  0.2237E-11
CALSDV   43   21  0.2178E-11  0.2168E-11
CALSDV   44   21  0.2247E-11  0.2243E-11
CALSDV   45   21  0.2191E-11  0.2180E-11
CALSDV   46   21  0.2283E-11  0.2279E-11
CALSDV   47   21  0.2226E-11  0.2218E-11
CALSDV   48   21  0.2338E-11  0.2336E-11
CALSDV   49   21  0.2259E-11  0.2254E-11
CALSDV   50   21  0.2378E-11  0.2379E-11
CALSDV   51   21  0.2300E-11  0.2296E-11
CALSDV   52   21  0.2416E-11  0.2415E-11
CALSDV   53   21  0.2356E-11  0.2352E-11
CALSDV   54   21  0.2459E-11  0.2459E-11
CALSDV   55   21  0.2435E-11  0.2432E-11
CALSDV   56   21  0.2542E-11  0.2538E-11
CALSDV   57   21  0.2517E-11  0.2513E-11
CALSDV   58   21  0.2631E-11  0.2626E-11
CALSDV   59   21  0.2647E-11  0.2644E-11
CALSDV   60   21  0.2743E-11  0.2741E-11
CALSDV   22   22  0.5287E-11  0.5347E-11
CALSDV   23   22  0.5405E-11  0.5425E-11
CALSDV   24   22  0.4884E-11  0.4889E-11
CALSDV   25   22  0.3015E-11  0.3022E-11
CALSDV   26   22  0.4207E-11  0.4213E-11
CALSDV   27   22  0.2907E-11  0.2905E-11
CALSDV   28   22  0.3207E-11  0.3208E-11
CALSDV   29   22  0.3007E-11  0.3010E-11
CALSDV   30   22  0.2568E-11  0.2566E-11
CALSDV   31   22  0.2842E-11  0.2845E-11
CALSDV   32   22  0.2226E-11  0.2220E-11
CALSDV   33   22  0.2538E-11  0.2535E-11
CALSDV   34   22  0.2221E-11  0.2213E-11
CALSDV   35   22  0.2274E-11  0.2269E-11
CALSDV   36   22  0.2289E-11  0.2284E-11
CALSDV   37   22  0.2135E-11  0.2130E-11
CALSDV   38   22  0.2404E-11  0.2400E-11
CALSDV   39   22  0.2113E-11  0.2110E-11
CALSDV   40   22  0.2445E-11  0.2444E-11
CALSDV   41   22  0.2147E-11  0.2147E-11
CALSDV   42   22  0.2459E-11  0.2460E-11
CALSDV   43   22  0.2202E-11  0.2203E-11
CALSDV   44   22  0.2467E-11  0.2468E-11
CALSDV   45   22  0.2266E-11  0.2266E-11
CALSDV   46   22  0.2482E-11  0.2485E-11
CALSDV   47   22  0.2332E-11  0.2333E-11
CALSDV   48   22  0.2517E-11  0.2521E-11
CALSDV   49   22  0.2411E-11  0.2412E-11
CALSDV   50   22  0.2546E-11  0.2549E-11
CALSDV   51   22  0.2475E-11  0.2477E-11
CALSDV   52   22  0.2576E-11  0.2580E-11
CALSDV   53   22  0.2538E-11  0.2541E-11
CALSDV   54   22  0.2617E-11  0.2622E-11
CALSDV   55   22  0.2596E-11  0.2599E-11
CALSDV   56   22  0.2676E-11  0.2681E-11
CALSDV   57   22  0.2639E-11  0.2644E-11
CALSDV   58   22  0.2730E-11  0.2735E-11
CALSDV   59   22  0.2738E-11  0.2744E-11
CALSDV   60   22  0.2814E-11  0.2815E-11
CALSDV   23   23  0.4531E-11  0.4503E-11
CALSDV   24   23  0.5370E-11  0.5374E-11
CALSDV   25   23  0.4456E-11  0.4440E-11
CALSDV   26   23  0.2935E-11  0.2942E-11
CALSDV   27   23  0.3810E-11  0.3805E-11
CALSDV   28   23  0.3079E-11  0.3084E-11
CALSDV   29   23  0.2985E-11  0.2990E-11
CALSDV   30   23  0.3324E-11  0.3322E-11
CALSDV   31   23  0.2569E-11  0.2566E-11
CALSDV   32   23  0.3209E-11  0.3208E-11
CALSDV   33   23  0.2445E-11  0.2435E-11
CALSDV   34   23  0.2926E-11  0.2928E-11
CALSDV   35   23  0.2409E-11  0.2399E-11
CALSDV   36   23  0.2617E-11  0.2623E-11
CALSDV   37   23  0.2439E-11  0.2436E-11
CALSDV   38   23  0.2461E-11  0.2459E-11
CALSDV   39   23  0.2450E-11  0.2448E-11
CALSDV   40   23  0.2396E-11  0.2386E-11
CALSDV   41   23  0.2439E-11  0.2436E-11
CALSDV   42   23  0.2401E-11  0.2385E-11
CALSDV   43   23  0.2402E-11  0.2399E-11
CALSDV   44   23  0.2418E-11  0.2405E-11
CALSDV   45   23  0.2386E-11  0.2384E-11
CALSDV   46   23  0.2452E-11  0.2443E-11
CALSDV   47   23  0.2386E-11  0.2386E-11
CALSDV   48   23  0.2492E-11  0.2487E-11
CALSDV   49   23  0.2415E-11  0.2415E-11
CALSDV   50   23  0.2561E-11  0.2555E-11
CALSDV   51   23  0.2469E-11  0.2468E-11
CALSDV   52   23  0.2629E-11  0.2619E-11
CALSDV   53   23  0.2540E-11  0.2534E-11
CALSDV   54   23  0.2697E-11  0.2685E-11
CALSDV   55   23  0.2625E-11  0.2618E-11
CALSDV   56   23  0.2762E-11  0.2750E-11
CALSDV   57   23  0.2678E-11  0.2667E-11
CALSDV   58   23  0.2805E-11  0.2791E-11
CALSDV   59   23  0.2767E-11  0.2763E-11
CALSDV   60   23  0.2860E-11  0.2865E-11
CALSDV   24   24  0.4951E-11  0.4859E-11
CALSDV   25   24  0.5466E-11  0.5474E-11
CALSDV   26   24  0.5039E-11  0.5048E-11
CALSDV   27   24  0.3110E-11  0.3108E-11
CALSDV   28   24  0.4332E-11  0.4338E-11
CALSDV   29   24  0.3096E-11  0.3100E-11
CALSDV   30   24  0.3316E-11  0.3319E-11
CALSDV   31   24  0.3241E-11  0.3242E-11
CALSDV   32   24  0.2669E-11  0.2663E-11
CALSDV   33   24  0.3041E-11  0.3033E-11
CALSDV   34   24  0.2457E-11  0.2452E-11
CALSDV   35   24  0.2741E-11  0.2729E-11
CALSDV   36   24  0.2404E-11  0.2395E-11
CALSDV   37   24  0.2413E-11  0.2398E-11
CALSDV   38   24  0.2494E-11  0.2484E-11
CALSDV   39   24  0.2292E-11  0.2278E-11
CALSDV   40   24  0.2561E-11  0.2550E-11
CALSDV   41   24  0.2252E-11  0.2241E-11
CALSDV   42   24  0.2619E-11  0.2609E-11
CALSDV   43   24  0.2346E-11  0.2336E-11
CALSDV   44   24  0.2632E-11  0.2622E-11
CALSDV   45   24  0.2424E-11  0.2416E-11
CALSDV   46   24  0.2650E-11  0.2642E-11
CALSDV   47   24  0.2513E-11  0.2506E-11
CALSDV   48   24  0.2662E-11  0.2654E-11
CALSDV   49   24  0.2565E-11  0.2562E-11
CALSDV   50   24  0.2677E-11  0.2672E-11
CALSDV   51   24  0.2646E-11  0.2643E-11
CALSDV   52   24  0.2723E-11  0.2718E-11
CALSDV   53   24  0.2732E-11  0.2731E-11
CALSDV   54   24  0.2785E-11  0.2781E-11
CALSDV   55   24  0.2819E-11  0.2815E-11
CALSDV   56   24  0.2869E-11  0.2863E-11
CALSDV   57   24  0.2849E-11  0.2845E-11
CALSDV   58   24  0.2901E-11  0.2896E-11
CALSDV   59   24  0.2895E-11  0.2890E-11
CALSDV   60   24  0.2933E-11  0.2934E-11
CALSDV   25   25  0.4893E-11  0.4870E-11
CALSDV   26   25  0.5613E-11  0.5618E-11
CALSDV   27   25  0.4900E-11  0.4906E-11
CALSDV   28   25  0.3066E-11  0.3069E-11
CALSDV   29   25  0.4013E-11  0.4012E-11
CALSDV   30   25  0.3223E-11  0.3227E-11
CALSDV   31   25  0.3093E-11  0.3087E-11
CALSDV   32   25  0.3513E-11  0.3519E-11
CALSDV   33   25  0.2724E-11  0.2728E-11
CALSDV   34   25  0.3423E-11  0.3431E-11
CALSDV   35   25  0.2691E-11  0.2699E-11
CALSDV   36   25  0.3173E-11  0.3182E-11
CALSDV   37   25  0.2808E-11  0.2827E-11
CALSDV   38   25  0.2910E-11  0.2916E-11
CALSDV   39   25  0.2882E-11  0.2897E-11
CALSDV   40   25  0.2745E-11  0.2747E-11
CALSDV   41   25  0.2970E-11  0.2982E-11
CALSDV   42   25  0.2736E-11  0.2733E-11
CALSDV   43   25  0.2977E-11  0.2985E-11
CALSDV   44   25  0.2786E-11  0.2788E-11
CALSDV   45   25  0.2961E-11  0.2967E-11
CALSDV   46   25  0.2846E-11  0.2850E-11
CALSDV   47   25  0.2928E-11  0.2932E-11
CALSDV   48   25  0.2894E-11  0.2901E-11
CALSDV   49   25  0.2893E-11  0.2897E-11
CALSDV   50   25  0.2906E-11  0.2910E-11
CALSDV   51   25  0.2866E-11  0.2868E-11
CALSDV   52   25  0.2939E-11  0.2941E-11
CALSDV   53   25  0.2878E-11  0.2881E-11
CALSDV   54   25  0.2992E-11  0.2995E-11
CALSDV   55   25  0.2909E-11  0.2916E-11
CALSDV   56   25  0.3052E-11  0.3057E-11
CALSDV   57   25  0.2923E-11  0.2930E-11
CALSDV   58   25  0.3056E-11  0.3060E-11
CALSDV   59   25  0.2954E-11  0.2961E-11
CALSDV   60   25  0.3045E-11  0.3048E-11
CALSDV   26   26  0.5012E-11  0.5032E-11
CALSDV   27   26  0.5742E-11  0.5736E-11
CALSDV   28   26  0.5300E-11  0.5307E-11
CALSDV   29   26  0.3396E-11  0.3384E-11
CALSDV   30   26  0.4484E-11  0.4479E-11
CALSDV   31   26  0.3476E-11  0.3470E-11
CALSDV   32   26  0.3504E-11  0.3488E-11
CALSDV   33   26  0.3661E-11  0.3657E-11
CALSDV   34   26  0.2940E-11  0.2930E-11
CALSDV   35   26  0.3425E-11  0.3423E-11
CALSDV   36   26  0.2711E-11  0.2701E-11
CALSDV   37   26  0.3020E-11  0.3016E-11
CALSDV   38   26  0.2728E-11  0.2725E-11
CALSDV   39   26  0.2691E-11  0.2689E-11
CALSDV   40   26  0.2706E-11  0.2707E-11
CALSDV   41   26  0.2469E-11  0.2465E-11
CALSDV   42   26  0.2783E-11  0.2783E-11
CALSDV   43   26  0.2523E-11  0.2519E-11
CALSDV   44   26  0.2789E-11  0.2791E-11
CALSDV   45   26  0.2588E-11  0.2589E-11
CALSDV   46   26  0.2824E-11  0.2825E-11
CALSDV   47   26  0.2728E-11  0.2724E-11
CALSDV   48   26  0.2849E-11  0.2847E-11
CALSDV   49   26  0.2821E-11  0.2819E-11
CALSDV   50   26  0.2883E-11  0.2880E-11
CALSDV   51   26  0.2882E-11  0.2881E-11
CALSDV   52   26  0.2899E-11  0.2898E-11
CALSDV   53   26  0.2938E-11  0.2939E-11
CALSDV   54   26  0.2946E-11  0.2945E-11
CALSDV   55   26  0.3002E-11  0.3003E-11
CALSDV   56   26  0.3010E-11  0.3009E-11
CALSDV   57   26  0.3012E-11  0.3011E-11
CALSDV   58   26  0.3045E-11  0.3043E-11
CALSDV   59   26  0.3036E-11  0.3034E-11
CALSDV   60   26  0.3058E-11  0.3058E-11
CALSDV   27   27  0.4898E-11  0.4934E-11
CALSDV   28   27  0.5967E-11  0.5967E-11
CALSDV   29   27  0.5637E-11  0.5589E-11
CALSDV   30   27  0.3287E-11  0.3288E-11
CALSDV   31   27  0.4468E-11  0.4446E-11
CALSDV   32   27  0.3429E-11  0.3423E-11
CALSDV   33   27  0.3313E-11  0.3317E-11
CALSDV   34   27  0.3697E-11  0.3692E-11
CALSDV   35   27  0.2864E-11  0.2877E-11
CALSDV   36   27  0.3557E-11  0.3552E-11
CALSDV   37   27  0.2949E-11  0.2956E-11
CALSDV   38   27  0.3257E-11  0.3258E-11
CALSDV   39   27  0.3148E-11  0.3151E-11
CALSDV   40   27  0.2980E-11  0.2980E-11
CALSDV   41   27  0.3343E-11  0.3345E-11
CALSDV   42   27  0.2836E-11  0.2840E-11
CALSDV   43   27  0.3458E-11  0.3463E-11
CALSDV   44   27  0.2851E-11  0.2857E-11
CALSDV   45   27  0.3544E-11  0.3546E-11
CALSDV   46   27  0.2993E-11  0.3002E-11
CALSDV   47   27  0.3530E-11  0.3532E-11
CALSDV   48   27  0.3102E-11  0.3111E-11
CALSDV   49   27  0.3495E-11  0.3495E-11
CALSDV   50   27  0.3198E-11  0.3203E-11
CALSDV   51   27  0.3447E-11  0.3445E-11
CALSDV   52   27  0.3238E-11  0.3237E-11
CALSDV   53   27  0.3379E-11  0.3375E-11
CALSDV   54   27  0.3259E-11  0.3256E-11
CALSDV   55   27  0.3313E-11  0.3306E-11
CALSDV   56   27  0.3283E-11  0.3279E-11
CALSDV   57   27  0.3205E-11  0.3203E-11
CALSDV   58   27  0.3238E-11  0.3239E-11
CALSDV   59   27  0.3138E-11  0.3138E-11
CALSDV   60   27  0.3187E-11  0.3189E-11
CALSDV   28   28  0.5033E-11  0.4990E-11
CALSDV   29   28  0.5989E-11  0.5998E-11
CALSDV   30   28  0.5580E-11  0.5574E-11
CALSDV   31   28  0.3525E-11  0.3530E-11
CALSDV   32   28  0.4571E-11  0.4574E-11
CALSDV   33   28  0.3726E-11  0.3728E-11
CALSDV   34   28  0.3619E-11  0.3615E-11
CALSDV   35   28  0.3964E-11  0.3961E-11
CALSDV   36   28  0.3178E-11  0.3167E-11
CALSDV   37   28  0.3730E-11  0.3727E-11
CALSDV   38   28  0.3096E-11  0.3083E-11
CALSDV   39   28  0.3345E-11  0.3346E-11
CALSDV   40   28  0.3041E-11  0.3032E-11
CALSDV   41   28  0.2901E-11  0.2908E-11
CALSDV   42   28  0.3059E-11  0.3054E-11
CALSDV   43   28  0.2741E-11  0.2743E-11
CALSDV   44   28  0.3002E-11  0.3000E-11
CALSDV   45   28  0.2712E-11  0.2710E-11
CALSDV   46   28  0.3056E-11  0.3051E-11
CALSDV   47   28  0.2932E-11  0.2929E-11
CALSDV   48   28  0.3040E-11  0.3035E-11
CALSDV   49   28  0.3022E-11  0.3020E-11
CALSDV   50   28  0.3083E-11  0.3080E-11
CALSDV   51   28  0.3172E-11  0.3171E-11
CALSDV   52   28  0.3142E-11  0.3144E-11
CALSDV   53   28  0.3237E-11  0.3238E-11
CALSDV   54   28  0.3188E-11  0.3188E-11
CALSDV   55   28  0.3259E-11  0.3264E-11
CALSDV   56   28  0.3220E-11  0.3222E-11
CALSDV   57   28  0.3209E-11  0.3212E-11
CALSDV   58   28  0.3197E-11  0.3198E-11
CALSDV   59   28  0.3166E-11  0.3167E-11
CALSDV   60   28  0.3166E-11  0.3165E-11
CALSDV   29   29  0.4563E-11  0.4523E-11
CALSDV   30   29  0.6381E-11  0.6365E-11
CALSDV   31   29  0.5999E-11  0.5990E-11
CALSDV   32   29  0.3657E-11  0.3643E-11
CALSDV   33   29  0.4727E-11  0.4729E-11
CALSDV   34   29  0.3783E-11  0.3774E-11
CALSDV   35   29  0.3532E-11  0.3525E-11
CALSDV   36   29  0.4002E-11  0.3998E-11
CALSDV   37   29  0.3017E-11  0.3013E-11
CALSDV   38   29  0.3784E-11  0.3782E-11
CALSDV   39   29  0.3116E-11  0.3111E-11
CALSDV   40   29  0.3463E-11  0.3462E-11
CALSDV   41   29  0.3373E-11  0.3372E-11
CALSDV   42   29  0.3141E-11  0.3140E-11
CALSDV   43   29  0.3474E-11  0.3478E-11
CALSDV   44   29  0.3035E-11  0.3035E-11
CALSDV   45   29  0.3580E-11  0.3587E-11
CALSDV   46   29  0.3068E-11  0.3069E-11
CALSDV   47   29  0.3629E-11  0.3638E-11
CALSDV   48   29  0.3278E-11  0.3279E-11
CALSDV   49   29  0.3653E-11  0.3655E-11
CALSDV   50   29  0.3431E-11  0.3430E-11
CALSDV   51   29  0.3640E-11  0.3638E-11
CALSDV   52   29  0.3563E-11  0.3564E-11
CALSDV   53   29  0.3627E-11  0.3627E-11
CALSDV   54   29  0.3619E-11  0.3628E-11
CALSDV   55   29  0.3577E-11  0.3580E-11
CALSDV   56   29  0.3603E-11  0.3614E-11
CALSDV   57   29  0.3422E-11  0.3425E-11
CALSDV   58   29  0.3479E-11  0.3489E-11
CALSDV   59   29  0.3281E-11  0.3281E-11
CALSDV   60   29  0.3346E-11  0.3348E-11
CALSDV   30   30  0.6989E-11  0.6894E-11
CALSDV   31   30  0.6383E-11  0.6404E-11
CALSDV   32   30  0.6143E-11  0.6162E-11
CALSDV   33   30  0.3685E-11  0.3696E-11
CALSDV   34   30  0.4730E-11  0.4724E-11
CALSDV   35   30  0.3918E-11  0.3915E-11
CALSDV   36   30  0.3803E-11  0.3799E-11
CALSDV   37   30  0.4128E-11  0.4125E-11
CALSDV   38   30  0.3508E-11  0.3538E-11
CALSDV   39   30  0.3849E-11  0.3848E-11
CALSDV   40   30  0.3615E-11  0.3651E-11
CALSDV   41   30  0.3465E-11  0.3466E-11
CALSDV   42   30  0.3774E-11  0.3808E-11
CALSDV   43   30  0.3171E-11  0.3173E-11
CALSDV   44   30  0.3671E-11  0.3695E-11
CALSDV   45   30  0.2956E-11  0.2961E-11
CALSDV   46   30  0.3647E-11  0.3667E-11
CALSDV   47   30  0.3030E-11  0.3038E-11
CALSDV   48   30  0.3529E-11  0.3540E-11
CALSDV   49   30  0.3181E-11  0.3194E-11
CALSDV   50   30  0.3559E-11  0.3572E-11
CALSDV   51   30  0.3408E-11  0.3427E-11
CALSDV   52   30  0.3505E-11  0.3517E-11
CALSDV   53   30  0.3492E-11  0.3513E-11
CALSDV   54   30  0.3552E-11  0.3565E-11
CALSDV   55   30  0.3559E-11  0.3577E-11
CALSDV   56   30  0.3565E-11  0.3575E-11
CALSDV   57   30  0.3466E-11  0.3480E-11
CALSDV   58   30  0.3469E-11  0.3477E-11
CALSDV   59   30  0.3333E-11  0.3339E-11
CALSDV   60   30  0.3333E-11  0.3336E-11
CALSDV   31   31  0.4749E-11  0.4753E-11
CALSDV   32   31  0.7014E-11  0.7088E-11
CALSDV   33   31  0.6246E-11  0.6302E-11
CALSDV   34   31  0.4386E-11  0.4382E-11
CALSDV   35   31  0.5085E-11  0.5080E-11
CALSDV   36   31  0.4395E-11  0.4394E-11
CALSDV   37   31  0.3951E-11  0.3940E-11
CALSDV   38   31  0.4492E-11  0.4484E-11
CALSDV   39   31  0.3370E-11  0.3368E-11
CALSDV   40   31  0.4199E-11  0.4181E-11
CALSDV   41   31  0.3321E-11  0.3310E-11
CALSDV   42   31  0.3854E-11  0.3835E-11
CALSDV   43   31  0.3475E-11  0.3454E-11
CALSDV   44   31  0.3612E-11  0.3592E-11
CALSDV   45   31  0.3577E-11  0.3548E-11
CALSDV   46   31  0.3420E-11  0.3406E-11
CALSDV   47   31  0.3588E-11  0.3551E-11
CALSDV   48   31  0.3503E-11  0.3491E-11
CALSDV   49   31  0.3630E-11  0.3585E-11
CALSDV   50   31  0.3648E-11  0.3626E-11
CALSDV   51   31  0.3702E-11  0.3652E-11
CALSDV   52   31  0.3888E-11  0.3858E-11
CALSDV   53   31  0.3689E-11  0.3642E-11
CALSDV   54   31  0.3972E-11  0.3936E-11
CALSDV   55   31  0.3706E-11  0.3664E-11
CALSDV   56   31  0.3987E-11  0.3948E-11
CALSDV   57   31  0.3599E-11  0.3558E-11
CALSDV   58   31  0.3811E-11  0.3774E-11
CALSDV   59   31  0.3427E-11  0.3415E-11
CALSDV   60   31  0.3546E-11  0.3541E-11
CALSDV   32   32  0.6037E-11  0.6027E-11
CALSDV   33   32  0.6752E-11  0.6773E-11
CALSDV   34   32  0.6359E-11  0.6381E-11
CALSDV   35   32  0.3955E-11  0.3922E-11
CALSDV   36   32  0.4840E-11  0.4840E-11
CALSDV   37   32  0.4220E-11  0.4206E-11
CALSDV   38   32  0.3855E-11  0.3844E-11
CALSDV   39   32  0.4402E-11  0.4396E-11
CALSDV   40   32  0.3561E-11  0.3554E-11
CALSDV   41   32  0.4075E-11  0.4084E-11
CALSDV   42   32  0.3709E-11  0.3708E-11
CALSDV   43   32  0.3657E-11  0.3672E-11
CALSDV   44   32  0.3951E-11  0.3955E-11
CALSDV   45   32  0.3364E-11  0.3381E-11
CALSDV   46   32  0.4083E-11  0.4084E-11
CALSDV   47   32  0.3335E-11  0.3347E-11
CALSDV   48   32  0.3886E-11  0.3880E-11
CALSDV   49   32  0.3318E-11  0.3319E-11
CALSDV   50   32  0.3849E-11  0.3827E-11
CALSDV   51   32  0.3581E-11  0.3573E-11
CALSDV   52   32  0.3732E-11  0.3712E-11
CALSDV   53   32  0.3705E-11  0.3700E-11
CALSDV   54   32  0.3790E-11  0.3773E-11
CALSDV   55   32  0.3818E-11  0.3818E-11
CALSDV   56   32  0.3751E-11  0.3742E-11
CALSDV   57   32  0.3675E-11  0.3673E-11
CALSDV   58   32  0.3662E-11  0.3652E-11
CALSDV   59   32  0.3505E-11  0.3505E-11
CALSDV   60   32  0.3497E-11  0.3496E-11
CALSDV   33   33  0.5286E-11  0.5322E-11
CALSDV   34   33  0.6955E-11  0.6923E-11
CALSDV   35   33  0.6804E-11  0.6795E-11
CALSDV   36   33  0.4003E-11  0.4010E-11
CALSDV   37   33  0.5244E-11  0.5249E-11
CALSDV   38   33  0.4285E-11  0.4286E-11
CALSDV   39   33  0.3909E-11  0.3919E-11
CALSDV   40   33  0.4456E-11  0.4453E-11
CALSDV   41   33  0.3367E-11  0.3366E-11
CALSDV   42   33  0.4116E-11  0.4111E-11
CALSDV   43   33  0.3570E-11  0.3571E-11
CALSDV   44   33  0.3699E-11  0.3694E-11
CALSDV   45   33  0.3957E-11  0.3968E-11
CALSDV   46   33  0.3431E-11  0.3429E-11
CALSDV   47   33  0.4222E-11  0.4235E-11
CALSDV   48   33  0.3450E-11  0.3448E-11
CALSDV   49   33  0.4341E-11  0.4360E-11
CALSDV   50   33  0.3531E-11  0.3532E-11
CALSDV   51   33  0.4240E-11  0.4258E-11
CALSDV   52   33  0.3838E-11  0.3840E-11
CALSDV   53   33  0.4235E-11  0.4246E-11
CALSDV   54   33  0.3996E-11  0.3996E-11
CALSDV   55   33  0.4094E-11  0.4098E-11
CALSDV   56   33  0.4101E-11  0.4097E-11
CALSDV   57   33  0.3871E-11  0.3870E-11
CALSDV   58   33  0.3923E-11  0.3920E-11
CALSDV   59   33  0.3596E-11  0.3593E-11
CALSDV   60   33  0.3670E-11  0.3666E-11
CALSDV   34   34  0.4709E-11  0.4693E-11
CALSDV   35   34  0.6882E-11  0.6878E-11
CALSDV   36   34  0.6509E-11  0.6526E-11
CALSDV   37   34  0.4097E-11  0.4106E-11
CALSDV   38   34  0.4932E-11  0.4927E-11
CALSDV   39   34  0.4529E-11  0.4540E-11
CALSDV   40   34  0.3911E-11  0.3902E-11
CALSDV   41   34  0.4723E-11  0.4728E-11
CALSDV   42   34  0.3624E-11  0.3619E-11
CALSDV   43   34  0.4388E-11  0.4380E-11
CALSDV   44   34  0.3774E-11  0.3773E-11
CALSDV   45   34  0.4009E-11  0.4017E-11
CALSDV   46   34  0.3986E-11  0.4001E-11
CALSDV   47   34  0.3782E-11  0.3781E-11
CALSDV   48   34  0.4105E-11  0.4124E-11
CALSDV   49   34  0.3796E-11  0.3804E-11
CALSDV   50   34  0.4137E-11  0.4168E-11
CALSDV   51   34  0.3947E-11  0.3964E-11
CALSDV   52   34  0.3977E-11  0.4008E-11
CALSDV   53   34  0.4028E-11  0.4040E-11
CALSDV   54   34  0.4007E-11  0.4034E-11
CALSDV   55   34  0.4164E-11  0.4177E-11
CALSDV   56   34  0.3860E-11  0.3883E-11
CALSDV   57   34  0.3928E-11  0.3930E-11
CALSDV   58   34  0.3794E-11  0.3804E-11
CALSDV   59   34  0.3690E-11  0.3692E-11
CALSDV   60   34  0.3585E-11  0.3591E-11
CALSDV   35   35  0.5678E-11  0.5652E-11
CALSDV   36   35  0.7132E-11  0.7122E-11
CALSDV   37   35  0.7237E-11  0.7251E-11
CALSDV   38   35  0.4232E-11  0.4234E-11
CALSDV   39   35  0.5541E-11  0.5557E-11
CALSDV   40   35  0.4570E-11  0.4560E-11
CALSDV   41   35  0.4155E-11  0.4166E-11
CALSDV   42   35  0.4655E-11  0.4647E-11
CALSDV   43   35  0.3572E-11  0.3571E-11
CALSDV   44   35  0.4232E-11  0.4226E-11
CALSDV   45   35  0.3764E-11  0.3766E-11
CALSDV   46   35  0.3837E-11  0.3832E-11
CALSDV   47   35  0.4207E-11  0.4209E-11
CALSDV   48   35  0.3659E-11  0.3656E-11
CALSDV   49   35  0.4513E-11  0.4516E-11
CALSDV   50   35  0.3789E-11  0.3783E-11
CALSDV   51   35  0.4661E-11  0.4668E-11
CALSDV   52   35  0.4007E-11  0.4007E-11
CALSDV   53   35  0.4628E-11  0.4636E-11
CALSDV   54   35  0.4233E-11  0.4225E-11
CALSDV   55   35  0.4454E-11  0.4458E-11
CALSDV   56   35  0.4412E-11  0.4403E-11
CALSDV   57   35  0.4212E-11  0.4209E-11
CALSDV   58   35  0.4159E-11  0.4149E-11
CALSDV   59   35  0.3774E-11  0.3769E-11
CALSDV   60   35  0.3857E-11  0.3851E-11
CALSDV   36   36  0.5002E-11  0.4959E-11
CALSDV   37   36  0.7026E-11  0.7024E-11
CALSDV   38   36  0.6832E-11  0.6819E-11
CALSDV   39   36  0.4348E-11  0.4345E-11
CALSDV   40   36  0.5097E-11  0.5095E-11
CALSDV   41   36  0.4827E-11  0.4827E-11
CALSDV   42   36  0.4061E-11  0.4063E-11
CALSDV   43   36  0.4979E-11  0.4981E-11
CALSDV   44   36  0.3810E-11  0.3811E-11
CALSDV   45   36  0.4599E-11  0.4595E-11
CALSDV   46   36  0.3981E-11  0.3986E-11
CALSDV   47   36  0.4250E-11  0.4249E-11
CALSDV   48   36  0.4232E-11  0.4240E-11
CALSDV   49   36  0.4130E-11  0.4130E-11
CALSDV   50   36  0.4390E-11  0.4410E-11
CALSDV   51   36  0.4269E-11  0.4260E-11
CALSDV   52   36  0.4477E-11  0.4504E-11
CALSDV   53   36  0.4420E-11  0.4411E-11
CALSDV   54   36  0.4424E-11  0.4457E-11
CALSDV   55   36  0.4425E-11  0.4419E-11
CALSDV   56   36  0.4347E-11  0.4374E-11
CALSDV   57   36  0.4270E-11  0.4267E-11
CALSDV   58   36  0.4211E-11  0.4226E-11
CALSDV   59   36  0.4079E-11  0.4073E-11
CALSDV   60   36  0.3774E-11  0.3781E-11
CALSDV   37   37  0.5384E-11  0.5355E-11
CALSDV   38   37  0.7284E-11  0.7279E-11
CALSDV   39   37  0.7575E-11  0.7573E-11
CALSDV   40   37  0.4531E-11  0.4526E-11
CALSDV   41   37  0.5758E-11  0.5743E-11
CALSDV   42   37  0.4884E-11  0.4872E-11
CALSDV   43   37  0.4404E-11  0.4404E-11
CALSDV   44   37  0.4853E-11  0.4853E-11
CALSDV   45   37  0.3857E-11  0.3859E-11
CALSDV   46   37  0.4301E-11  0.4311E-11
CALSDV   47   37  0.3959E-11  0.3969E-11
CALSDV   48   37  0.3861E-11  0.3874E-11
CALSDV   49   37  0.4315E-11  0.4326E-11
CALSDV   50   37  0.3794E-11  0.3809E-11
CALSDV   51   37  0.4599E-11  0.4603E-11
CALSDV   52   37  0.4102E-11  0.4105E-11
CALSDV   53   37  0.4765E-11  0.4768E-11
CALSDV   54   37  0.4434E-11  0.4435E-11
CALSDV   55   37  0.4821E-11  0.4820E-11
CALSDV   56   37  0.4451E-11  0.4452E-11
CALSDV   57   37  0.4367E-11  0.4369E-11
CALSDV   58   37  0.4386E-11  0.4391E-11
CALSDV   59   37  0.4118E-11  0.4119E-11
CALSDV   60   37  0.4162E-11  0.4167E-11
CALSDV   38   38  0.5055E-11  0.5046E-11
CALSDV   39   38  0.7196E-11  0.7155E-11
CALSDV   40   38  0.7135E-11  0.7126E-11
CALSDV   41   38  0.4650E-11  0.4661E-11
CALSDV   42   38  0.5239E-11  0.5246E-11
CALSDV   43   38  0.5077E-11  0.5055E-11
CALSDV   44   38  0.4217E-11  0.4219E-11
CALSDV   45   38  0.5192E-11  0.5161E-11
CALSDV   46   38  0.4023E-11  0.4025E-11
CALSDV   47   38  0.4818E-11  0.4785E-11
CALSDV   48   38  0.4186E-11  0.4188E-11
CALSDV   49   38  0.4479E-11  0.4454E-11
CALSDV   50   38  0.4416E-11  0.4418E-11
CALSDV   51   38  0.4381E-11  0.4379E-11
CALSDV   52   38  0.4532E-11  0.4536E-11
CALSDV   53   38  0.4549E-11  0.4558E-11
CALSDV   54   38  0.4637E-11  0.4643E-11
CALSDV   55   38  0.4774E-11  0.4801E-11
CALSDV   56   38  0.4686E-11  0.4689E-11
CALSDV   57   38  0.4654E-11  0.4673E-11
CALSDV   58   38  0.4361E-11  0.4359E-11
CALSDV   59   38  0.4219E-11  0.4232E-11
CALSDV   60   38  0.4172E-11  0.4162E-11
CALSDV   39   39  0.5014E-11  0.5001E-11
CALSDV   40   39  0.7474E-11  0.7449E-11
CALSDV   41   39  0.7917E-11  0.7963E-11
CALSDV   42   39  0.4863E-11  0.4887E-11
CALSDV   43   39  0.5929E-11  0.5962E-11
CALSDV   44   39  0.5172E-11  0.5189E-11
CALSDV   45   39  0.4551E-11  0.4585E-11
CALSDV   46   39  0.5103E-11  0.5104E-11
CALSDV   47   39  0.4092E-11  0.4118E-11
CALSDV   48   39  0.4556E-11  0.4556E-11
CALSDV   49   39  0.4268E-11  0.4284E-11
CALSDV   50   39  0.4120E-11  0.4122E-11
CALSDV   51   39  0.4604E-11  0.4616E-11
CALSDV   52   39  0.4073E-11  0.4076E-11
CALSDV   53   39  0.4849E-11  0.4854E-11
CALSDV   54   39  0.4381E-11  0.4380E-11
CALSDV   55   39  0.4932E-11  0.4927E-11
CALSDV   56   39  0.4768E-11  0.4760E-11
CALSDV   57   39  0.4674E-11  0.4664E-11
CALSDV   58   39  0.4740E-11  0.4730E-11
CALSDV   59   39  0.4359E-11  0.4355E-11
CALSDV   60   39  0.4382E-11  0.4385E-11
CALSDV   40   40  0.5401E-11  0.5396E-11
CALSDV   41   40  0.7484E-11  0.7476E-11
CALSDV   42   40  0.7963E-11  0.7982E-11
CALSDV   43   40  0.5079E-11  0.5070E-11
CALSDV   44   40  0.5685E-11  0.5714E-11
CALSDV   45   40  0.5428E-11  0.5429E-11
CALSDV   46   40  0.4454E-11  0.4462E-11
CALSDV   47   40  0.5412E-11  0.5410E-11
CALSDV   48   40  0.4357E-11  0.4357E-11
CALSDV   49   40  0.5048E-11  0.5051E-11
CALSDV   50   40  0.4747E-11  0.4761E-11
CALSDV   51   40  0.4858E-11  0.4861E-11
CALSDV   52   40  0.5146E-11  0.5172E-11
CALSDV   53   40  0.4915E-11  0.4920E-11
CALSDV   54   40  0.5368E-11  0.5396E-11
CALSDV   55   40  0.5153E-11  0.5155E-11
CALSDV   56   40  0.5373E-11  0.5401E-11
CALSDV   57   40  0.4951E-11  0.4952E-11
CALSDV   58   40  0.5032E-11  0.5047E-11
CALSDV   59   40  0.4748E-11  0.4747E-11
CALSDV   60   40  0.4531E-11  0.4539E-11
CALSDV   41   41  0.5480E-11  0.5446E-11
CALSDV   42   41  0.7755E-11  0.7739E-11
CALSDV   43   41  0.8382E-11  0.8372E-11
CALSDV   44   41  0.5418E-11  0.5414E-11
CALSDV   45   41  0.6149E-11  0.6151E-11
CALSDV   46   41  0.5764E-11  0.5743E-11
CALSDV   47   41  0.4781E-11  0.4779E-11
CALSDV   48   41  0.5509E-11  0.5488E-11
CALSDV   49   41  0.4469E-11  0.4462E-11
CALSDV   50   41  0.4867E-11  0.4838E-11
CALSDV   51   41  0.4706E-11  0.4706E-11
CALSDV   52   41  0.4461E-11  0.4445E-11
CALSDV   53   41  0.5065E-11  0.5060E-11
CALSDV   54   41  0.4537E-11  0.4518E-11
CALSDV   55   41  0.5277E-11  0.5273E-11
CALSDV   56   41  0.4906E-11  0.4886E-11
CALSDV   57   41  0.5040E-11  0.5030E-11
CALSDV   58   41  0.4908E-11  0.4890E-11
CALSDV   59   41  0.4765E-11  0.4756E-11
CALSDV   60   41  0.4829E-11  0.4816E-11
CALSDV   42   42  0.5672E-11  0.5651E-11
CALSDV   43   42  0.7806E-11  0.7796E-11
CALSDV   44   42  0.9044E-11  0.9046E-11
CALSDV   45   42  0.5559E-11  0.5544E-11
CALSDV   46   42  0.6285E-11  0.6283E-11
CALSDV   47   42  0.5771E-11  0.5748E-11
CALSDV   48   42  0.4722E-11  0.4715E-11
CALSDV   49   42  0.5585E-11  0.5560E-11
CALSDV   50   42  0.4710E-11  0.4715E-11
CALSDV   51   42  0.5181E-11  0.5160E-11
CALSDV   52   42  0.5358E-11  0.5370E-11
CALSDV   53   42  0.5081E-11  0.5070E-11
CALSDV   54   42  0.5920E-11  0.5930E-11
CALSDV   55   42  0.5203E-11  0.5193E-11
CALSDV   56   42  0.6186E-11  0.6191E-11
CALSDV   57   42  0.5074E-11  0.5073E-11
CALSDV   58   42  0.5737E-11  0.5746E-11
CALSDV   59   42  0.4900E-11  0.4899E-11
CALSDV   60   42  0.5241E-11  0.5247E-11
CALSDV   43   43  0.5643E-11  0.5598E-11
CALSDV   44   43  0.7944E-11  0.7918E-11
CALSDV   45   43  0.8819E-11  0.8855E-11
CALSDV   46   43  0.5856E-11  0.5856E-11
CALSDV   47   43  0.6242E-11  0.6257E-11
CALSDV   48   43  0.6100E-11  0.6114E-11
CALSDV   49   43  0.4916E-11  0.4926E-11
CALSDV   50   43  0.5713E-11  0.5720E-11
CALSDV   51   43  0.4826E-11  0.4850E-11
CALSDV   52   43  0.5037E-11  0.5059E-11
CALSDV   53   43  0.5176E-11  0.5210E-11
CALSDV   54   43  0.4796E-11  0.4824E-11
CALSDV   55   43  0.5475E-11  0.5499E-11
CALSDV   56   43  0.4944E-11  0.4945E-11
CALSDV   57   43  0.5255E-11  0.5267E-11
CALSDV   58   43  0.4993E-11  0.4997E-11
CALSDV   59   43  0.5003E-11  0.5009E-11
CALSDV   60   43  0.4952E-11  0.4961E-11
CALSDV   44   44  0.5592E-11  0.5586E-11
CALSDV   45   44  0.8137E-11  0.8134E-11
CALSDV   46   44  0.9469E-11  0.9462E-11
CALSDV   47   44  0.6062E-11  0.6043E-11
CALSDV   48   44  0.6430E-11  0.6426E-11
CALSDV   49   44  0.6153E-11  0.6142E-11
CALSDV   50   44  0.4903E-11  0.4891E-11
CALSDV   51   44  0.5837E-11  0.5824E-11
CALSDV   52   44  0.5035E-11  0.5027E-11
CALSDV   53   44  0.5450E-11  0.5435E-11
CALSDV   54   44  0.5654E-11  0.5654E-11
CALSDV   55   44  0.5369E-11  0.5363E-11
CALSDV   56   44  0.6096E-11  0.6102E-11
CALSDV   57   44  0.5178E-11  0.5175E-11
CALSDV   58   44  0.5803E-11  0.5809E-11
CALSDV   59   44  0.5054E-11  0.5053E-11
CALSDV   60   44  0.5427E-11  0.5429E-11
CALSDV   45   45  0.7353E-11  0.7383E-11
CALSDV   46   45  0.8152E-11  0.8142E-11
CALSDV   47   45  0.9688E-11  0.9683E-11
CALSDV   48   45  0.6290E-11  0.6285E-11
CALSDV   49   45  0.6516E-11  0.6514E-11
CALSDV   50   45  0.6314E-11  0.6322E-11
CALSDV   51   45  0.5351E-11  0.5359E-11
CALSDV   52   45  0.5740E-11  0.5753E-11
CALSDV   53   45  0.5694E-11  0.5700E-11
CALSDV   54   45  0.5171E-11  0.5182E-11
CALSDV   55   45  0.6135E-11  0.6144E-11
CALSDV   56   45  0.5063E-11  0.5068E-11
CALSDV   57   45  0.5879E-11  0.5887E-11
CALSDV   58   45  0.5067E-11  0.5071E-11
CALSDV   59   45  0.5467E-11  0.5470E-11
CALSDV   60   45  0.5098E-11  0.5098E-11
CALSDV   46   46  0.5828E-11  0.5708E-11
CALSDV   47   46  0.9022E-11  0.8853E-11
CALSDV   48   46  0.9923E-11  0.9646E-11
CALSDV   49   46  0.7200E-11  0.7007E-11
CALSDV   50   46  0.6774E-11  0.6681E-11
CALSDV   51   46  0.7237E-11  0.7123E-11
CALSDV   52   46  0.5391E-11  0.5297E-11
CALSDV   53   46  0.6853E-11  0.6764E-11
CALSDV   54   46  0.5520E-11  0.5439E-11
CALSDV   55   46  0.6298E-11  0.6225E-11
CALSDV   56   46  0.5925E-11  0.5887E-11
CALSDV   57   46  0.5733E-11  0.5704E-11
CALSDV   58   46  0.5809E-11  0.5813E-11
CALSDV   59   46  0.5386E-11  0.5319E-11
CALSDV   60   46  0.5561E-11  0.5513E-11
CALSDV   47   47  0.7032E-11  0.6979E-11
CALSDV   48   47  0.8635E-11  0.8670E-11
CALSDV   49   47  0.9903E-11  0.9954E-11
CALSDV   50   47  0.6720E-11  0.6792E-11
CALSDV   51   47  0.6573E-11  0.6606E-11
CALSDV   52   47  0.6533E-11  0.6564E-11
CALSDV   53   47  0.5633E-11  0.5682E-11
CALSDV   54   47  0.5972E-11  0.5994E-11
CALSDV   55   47  0.6055E-11  0.6107E-11
CALSDV   56   47  0.5483E-11  0.5498E-11
CALSDV   57   47  0.6061E-11  0.6087E-11
CALSDV   58   47  0.5337E-11  0.5347E-11
CALSDV   59   47  0.5761E-11  0.5788E-11
CALSDV   60   47  0.5289E-11  0.5305E-11
CALSDV   48   48  0.5740E-11  0.5739E-11
CALSDV   49   48  0.8907E-11  0.8896E-11
CALSDV   50   48  0.1012E-10  0.1008E-10
CALSDV   51   48  0.6831E-11  0.6846E-11
CALSDV   52   48  0.6519E-11  0.6519E-11
CALSDV   53   48  0.6583E-11  0.6587E-11
CALSDV   54   48  0.5392E-11  0.5395E-11
CALSDV   55   48  0.6141E-11  0.6133E-11
CALSDV   56   48  0.5895E-11  0.5899E-11
CALSDV   57   48  0.5699E-11  0.5691E-11
CALSDV   58   48  0.6079E-11  0.6080E-11
CALSDV   59   48  0.5473E-11  0.5469E-11
CALSDV   60   48  0.5914E-11  0.5916E-11
CALSDV   49   49  0.5240E-11  0.5199E-11
CALSDV   50   49  0.8976E-11  0.8964E-11
CALSDV   51   49  0.9799E-11  0.9819E-11
CALSDV   52   49  0.7174E-11  0.7151E-11
CALSDV   53   49  0.6492E-11  0.6485E-11
CALSDV   54   49  0.7142E-11  0.7161E-11
CALSDV   55   49  0.5793E-11  0.5761E-11
CALSDV   56   49  0.6707E-11  0.6730E-11
CALSDV   57   49  0.6029E-11  0.6019E-11
CALSDV   58   49  0.6128E-11  0.6151E-11
CALSDV   59   49  0.5962E-11  0.5959E-11
CALSDV   60   49  0.5787E-11  0.5800E-11
CALSDV   50   50  0.5753E-11  0.5726E-11
CALSDV   51   50  0.9220E-11  0.9213E-11
CALSDV   52   50  0.1030E-10  0.1029E-10
CALSDV   53   50  0.7220E-11  0.7215E-11
CALSDV   54   50  0.6587E-11  0.6591E-11
CALSDV   55   50  0.6944E-11  0.6945E-11
CALSDV   56   50  0.5764E-11  0.5775E-11
CALSDV   57   50  0.6468E-11  0.6468E-11
CALSDV   58   50  0.6178E-11  0.6172E-11
CALSDV   59   50  0.5970E-11  0.5965E-11
CALSDV   60   50  0.6213E-11  0.6206E-11
CALSDV   51   51  0.5040E-11  0.5074E-11
CALSDV   52   51  0.9613E-11  0.9610E-11
CALSDV   53   51  0.9877E-11  0.9861E-11
CALSDV   54   51  0.7711E-11  0.7687E-11
CALSDV   55   51  0.6586E-11  0.6569E-11
CALSDV   56   51  0.7858E-11  0.7810E-11
CALSDV   57   51  0.6211E-11  0.6191E-11
CALSDV   58   51  0.7308E-11  0.7264E-11
CALSDV   59   51  0.6310E-11  0.6303E-11
CALSDV   60   51  0.6563E-11  0.6525E-11
CALSDV   52   52  0.5310E-11  0.5287E-11
CALSDV   53   52  0.9533E-11  0.9550E-11
CALSDV   54   52  0.1029E-10  0.1032E-10
CALSDV   55   52  0.7635E-11  0.7655E-11
CALSDV   56   52  0.6583E-11  0.6601E-11
CALSDV   57   52  0.7374E-11  0.7391E-11
CALSDV   58   52  0.6254E-11  0.6257E-11
CALSDV   59   52  0.6766E-11  0.6788E-11
CALSDV   60   52  0.6497E-11  0.6508E-11
CALSDV   53   53  0.4743E-11  0.4721E-11
CALSDV   54   53  0.9834E-11  0.9825E-11
CALSDV   55   53  0.9610E-11  0.9606E-11
CALSDV   56   53  0.8230E-11  0.8239E-11
CALSDV   57   53  0.6893E-11  0.6864E-11
CALSDV   58   53  0.8164E-11  0.8168E-11
CALSDV   59   53  0.6616E-11  0.6615E-11
CALSDV   60   53  0.7425E-11  0.7430E-11
CALSDV   54   54  0.4562E-11  0.4470E-11
CALSDV   55   54  0.9246E-11  0.9241E-11
CALSDV   56   54  0.9761E-11  0.9821E-11
CALSDV   57   54  0.8175E-11  0.8205E-11
CALSDV   58   54  0.6738E-11  0.6804E-11
CALSDV   59   54  0.7712E-11  0.7710E-11
CALSDV   60   54  0.6672E-11  0.6720E-11
CALSDV   55   55  0.4816E-11  0.4890E-11
CALSDV   56   55  0.9527E-11  0.9529E-11
CALSDV   57   55  0.9656E-11  0.9682E-11
CALSDV   58   55  0.9004E-11  0.8999E-11
CALSDV   59   55  0.7418E-11  0.7425E-11
CALSDV   60   55  0.8625E-11  0.8610E-11
CALSDV   56   56  0.4657E-11  0.4593E-11
CALSDV   57   56  0.8401E-11  0.8410E-11
CALSDV   58   56  0.1008E-10  0.1010E-10
CALSDV   59   56  0.9170E-11  0.9160E-11
CALSDV   60   56  0.7565E-11  0.7566E-11
CALSDV   57   57  0.5540E-11  0.5520E-11
CALSDV   58   57  0.8619E-11  0.8645E-11
CALSDV   59   57  0.9998E-11  0.9983E-11
CALSDV   60   57  0.9808E-11  0.9839E-11
CALSDV   58   58  0.5307E-11  0.4995E-11
CALSDV   59   58  0.5870E-11  0.5793E-11
CALSDV   60   58  0.1102E-10  0.1064E-10
CALSDV   59   59  0.4330E-11  0.4352E-11
CALSDV   60   59  0.5888E-11  0.5805E-11
CALSDV   60   60  0.6102E-11  0.5893E-11
