  This file contains calibrated standard deviations 
       The relevant data lines start with key CALSDV 
       Each such line contains the following data 
           N   M   C_SIGMA   S_SIGMA 
                 FOR M=0 S_SIGMA=0.0 
     
CALSDV    0    0  0.0000E+00  0.0000E+00
CALSDV    1    0  0.0000E+00  0.0000E+00
CALSDV    2    0  0.4135E-10  0.0000E+00
CALSDV    3    0  0.9114E-11  0.0000E+00
CALSDV    4    0  0.3152E-11  0.0000E+00
CALSDV    5    0  0.2112E-11  0.0000E+00
CALSDV    6    0  0.1620E-11  0.0000E+00
CALSDV    7    0  0.1305E-11  0.0000E+00
CALSDV    8    0  0.1103E-11  0.0000E+00
CALSDV    9    0  0.9584E-12  0.0000E+00
CALSDV   10    0  0.8550E-12  0.0000E+00
CALSDV   11    0  0.7760E-12  0.0000E+00
CALSDV   12    0  0.7153E-12  0.0000E+00
CALSDV   13    0  0.6681E-12  0.0000E+00
CALSDV   14    0  0.6308E-12  0.0000E+00
CALSDV   15    0  0.6013E-12  0.0000E+00
CALSDV   16    0  0.5774E-12  0.0000E+00
CALSDV   17    0  0.5586E-12  0.0000E+00
CALSDV   18    0  0.5440E-12  0.0000E+00
CALSDV   19    0  0.5325E-12  0.0000E+00
CALSDV   20    0  0.5241E-12  0.0000E+00
CALSDV   21    0  0.5179E-12  0.0000E+00
CALSDV   22    0  0.5141E-12  0.0000E+00
CALSDV   23    0  0.5121E-12  0.0000E+00
CALSDV   24    0  0.5118E-12  0.0000E+00
CALSDV   25    0  0.5133E-12  0.0000E+00
CALSDV   26    0  0.5162E-12  0.0000E+00
CALSDV   27    0  0.5205E-12  0.0000E+00
CALSDV   28    0  0.5261E-12  0.0000E+00
CALSDV   29    0  0.5330E-12  0.0000E+00
CALSDV   30    0  0.5413E-12  0.0000E+00
CALSDV   31    0  0.5507E-12  0.0000E+00
CALSDV   32    0  0.5614E-12  0.0000E+00
CALSDV   33    0  0.5734E-12  0.0000E+00
CALSDV   34    0  0.5864E-12  0.0000E+00
CALSDV   35    0  0.6009E-12  0.0000E+00
CALSDV   36    0  0.6166E-12  0.0000E+00
CALSDV   37    0  0.6336E-12  0.0000E+00
CALSDV   38    0  0.6520E-12  0.0000E+00
CALSDV   39    0  0.6718E-12  0.0000E+00
CALSDV   40    0  0.6932E-12  0.0000E+00
CALSDV   41    0  0.7159E-12  0.0000E+00
CALSDV   42    0  0.7403E-12  0.0000E+00
CALSDV   43    0  0.7663E-12  0.0000E+00
CALSDV   44    0  0.7941E-12  0.0000E+00
CALSDV   45    0  0.8237E-12  0.0000E+00
CALSDV   46    0  0.8552E-12  0.0000E+00
CALSDV   47    0  0.8886E-12  0.0000E+00
CALSDV   48    0  0.9243E-12  0.0000E+00
CALSDV   49    0  0.9621E-12  0.0000E+00
CALSDV   50    0  0.1002E-11  0.0000E+00
CALSDV   51    0  0.1045E-11  0.0000E+00
CALSDV   52    0  0.1090E-11  0.0000E+00
CALSDV   53    0  0.1138E-11  0.0000E+00
CALSDV   54    0  0.1189E-11  0.0000E+00
CALSDV   55    0  0.1242E-11  0.0000E+00
CALSDV   56    0  0.1300E-11  0.0000E+00
CALSDV   57    0  0.1354E-11  0.0000E+00
CALSDV   58    0  0.1413E-11  0.0000E+00
CALSDV   59    0  0.1339E-11  0.0000E+00
CALSDV   60    0  0.1388E-11  0.0000E+00
CALSDV    1    1  0.0000E+00  0.0000E+00
CALSDV    2    1  0.2288E-10  0.2425E-10
CALSDV    3    1  0.6448E-11  0.6552E-11
CALSDV    4    1  0.3329E-11  0.3315E-11
CALSDV    5    1  0.2251E-11  0.2244E-11
CALSDV    6    1  0.1691E-11  0.1687E-11
CALSDV    7    1  0.1359E-11  0.1356E-11
CALSDV    8    1  0.1138E-11  0.1134E-11
CALSDV    9    1  0.9842E-12  0.9830E-12
CALSDV   10    1  0.8739E-12  0.8720E-12
CALSDV   11    1  0.7916E-12  0.7895E-12
CALSDV   12    1  0.7281E-12  0.7263E-12
CALSDV   13    1  0.6785E-12  0.6769E-12
CALSDV   14    1  0.6396E-12  0.6380E-12
CALSDV   15    1  0.6084E-12  0.6069E-12
CALSDV   16    1  0.5840E-12  0.5825E-12
CALSDV   17    1  0.5644E-12  0.5631E-12
CALSDV   18    1  0.5491E-12  0.5476E-12
CALSDV   19    1  0.5373E-12  0.5359E-12
CALSDV   20    1  0.5281E-12  0.5269E-12
CALSDV   21    1  0.5219E-12  0.5206E-12
CALSDV   22    1  0.5176E-12  0.5162E-12
CALSDV   23    1  0.5153E-12  0.5142E-12
CALSDV   24    1  0.5150E-12  0.5137E-12
CALSDV   25    1  0.5162E-12  0.5150E-12
CALSDV   26    1  0.5189E-12  0.5177E-12
CALSDV   27    1  0.5231E-12  0.5219E-12
CALSDV   28    1  0.5286E-12  0.5273E-12
CALSDV   29    1  0.5355E-12  0.5343E-12
CALSDV   30    1  0.5436E-12  0.5423E-12
CALSDV   31    1  0.5530E-12  0.5517E-12
CALSDV   32    1  0.5636E-12  0.5623E-12
CALSDV   33    1  0.5755E-12  0.5742E-12
CALSDV   34    1  0.5886E-12  0.5872E-12
CALSDV   35    1  0.6030E-12  0.6016E-12
CALSDV   36    1  0.6186E-12  0.6172E-12
CALSDV   37    1  0.6357E-12  0.6343E-12
CALSDV   38    1  0.6540E-12  0.6526E-12
CALSDV   39    1  0.6739E-12  0.6723E-12
CALSDV   40    1  0.6951E-12  0.6936E-12
CALSDV   41    1  0.7180E-12  0.7164E-12
CALSDV   42    1  0.7423E-12  0.7407E-12
CALSDV   43    1  0.7683E-12  0.7667E-12
CALSDV   44    1  0.7961E-12  0.7944E-12
CALSDV   45    1  0.8257E-12  0.8240E-12
CALSDV   46    1  0.8573E-12  0.8555E-12
CALSDV   47    1  0.8908E-12  0.8889E-12
CALSDV   48    1  0.9264E-12  0.9245E-12
CALSDV   49    1  0.9642E-12  0.9622E-12
CALSDV   50    1  0.1005E-11  0.1003E-11
CALSDV   51    1  0.1047E-11  0.1045E-11
CALSDV   52    1  0.1093E-11  0.1090E-11
CALSDV   53    1  0.1141E-11  0.1138E-11
CALSDV   54    1  0.1192E-11  0.1189E-11
CALSDV   55    1  0.1245E-11  0.1242E-11
CALSDV   56    1  0.1302E-11  0.1299E-11
CALSDV   57    1  0.1357E-11  0.1354E-11
CALSDV   58    1  0.1416E-11  0.1413E-11
CALSDV   59    1  0.1343E-11  0.1342E-11
CALSDV   60    1  0.1392E-11  0.1391E-11
CALSDV    2    2  0.1969E-10  0.2310E-10
CALSDV    3    2  0.9472E-11  0.9605E-11
CALSDV    4    2  0.4596E-11  0.4630E-11
CALSDV    5    2  0.2848E-11  0.2850E-11
CALSDV    6    2  0.2069E-11  0.2073E-11
CALSDV    7    2  0.1583E-11  0.1585E-11
CALSDV    8    2  0.1298E-11  0.1299E-11
CALSDV    9    2  0.1095E-11  0.1095E-11
CALSDV   10    2  0.9598E-12  0.9610E-12
CALSDV   11    2  0.8549E-12  0.8554E-12
CALSDV   12    2  0.7792E-12  0.7797E-12
CALSDV   13    2  0.7191E-12  0.7194E-12
CALSDV   14    2  0.6736E-12  0.6739E-12
CALSDV   15    2  0.6369E-12  0.6371E-12
CALSDV   16    2  0.6080E-12  0.6083E-12
CALSDV   17    2  0.5850E-12  0.5851E-12
CALSDV   18    2  0.5670E-12  0.5674E-12
CALSDV   19    2  0.5528E-12  0.5531E-12
CALSDV   20    2  0.5422E-12  0.5424E-12
CALSDV   21    2  0.5341E-12  0.5345E-12
CALSDV   22    2  0.5290E-12  0.5291E-12
CALSDV   23    2  0.5255E-12  0.5259E-12
CALSDV   24    2  0.5242E-12  0.5244E-12
CALSDV   25    2  0.5248E-12  0.5249E-12
CALSDV   26    2  0.5267E-12  0.5270E-12
CALSDV   27    2  0.5304E-12  0.5305E-12
CALSDV   28    2  0.5354E-12  0.5357E-12
CALSDV   29    2  0.5418E-12  0.5420E-12
CALSDV   30    2  0.5495E-12  0.5497E-12
CALSDV   31    2  0.5586E-12  0.5588E-12
CALSDV   32    2  0.5688E-12  0.5690E-12
CALSDV   33    2  0.5804E-12  0.5807E-12
CALSDV   34    2  0.5933E-12  0.5935E-12
CALSDV   35    2  0.6075E-12  0.6078E-12
CALSDV   36    2  0.6229E-12  0.6232E-12
CALSDV   37    2  0.6398E-12  0.6401E-12
CALSDV   38    2  0.6580E-12  0.6582E-12
CALSDV   39    2  0.6777E-12  0.6780E-12
CALSDV   40    2  0.6988E-12  0.6991E-12
CALSDV   41    2  0.7214E-12  0.7217E-12
CALSDV   42    2  0.7457E-12  0.7460E-12
CALSDV   43    2  0.7716E-12  0.7719E-12
CALSDV   44    2  0.7992E-12  0.7996E-12
CALSDV   45    2  0.8288E-12  0.8291E-12
CALSDV   46    2  0.8603E-12  0.8606E-12
CALSDV   47    2  0.8936E-12  0.8940E-12
CALSDV   48    2  0.9292E-12  0.9297E-12
CALSDV   49    2  0.9670E-12  0.9675E-12
CALSDV   50    2  0.1007E-11  0.1008E-11
CALSDV   51    2  0.1050E-11  0.1050E-11
CALSDV   52    2  0.1095E-11  0.1096E-11
CALSDV   53    2  0.1143E-11  0.1144E-11
CALSDV   54    2  0.1194E-11  0.1195E-11
CALSDV   55    2  0.1248E-11  0.1248E-11
CALSDV   56    2  0.1305E-11  0.1305E-11
CALSDV   57    2  0.1361E-11  0.1361E-11
CALSDV   58    2  0.1420E-11  0.1421E-11
CALSDV   59    2  0.1359E-11  0.1360E-11
CALSDV   60    2  0.1408E-11  0.1409E-11
CALSDV    3    3  0.2284E-10  0.2270E-10
CALSDV    4    3  0.9183E-11  0.9159E-11
CALSDV    5    3  0.6287E-11  0.6268E-11
CALSDV    6    3  0.3275E-11  0.3286E-11
CALSDV    7    3  0.2959E-11  0.2954E-11
CALSDV    8    3  0.1818E-11  0.1824E-11
CALSDV    9    3  0.1760E-11  0.1755E-11
CALSDV   10    3  0.1232E-11  0.1232E-11
CALSDV   11    3  0.1220E-11  0.1218E-11
CALSDV   12    3  0.9417E-12  0.9418E-12
CALSDV   13    3  0.9388E-12  0.9372E-12
CALSDV   14    3  0.7787E-12  0.7784E-12
CALSDV   15    3  0.7787E-12  0.7771E-12
CALSDV   16    3  0.6813E-12  0.6805E-12
CALSDV   17    3  0.6824E-12  0.6812E-12
CALSDV   18    3  0.6206E-12  0.6199E-12
CALSDV   19    3  0.6228E-12  0.6217E-12
CALSDV   20    3  0.5831E-12  0.5825E-12
CALSDV   21    3  0.5868E-12  0.5858E-12
CALSDV   22    3  0.5612E-12  0.5604E-12
CALSDV   23    3  0.5662E-12  0.5654E-12
CALSDV   24    3  0.5507E-12  0.5500E-12
CALSDV   25    3  0.5572E-12  0.5564E-12
CALSDV   26    3  0.5489E-12  0.5483E-12
CALSDV   27    3  0.5571E-12  0.5562E-12
CALSDV   28    3  0.5544E-12  0.5536E-12
CALSDV   29    3  0.5643E-12  0.5635E-12
CALSDV   30    3  0.5661E-12  0.5654E-12
CALSDV   31    3  0.5779E-12  0.5771E-12
CALSDV   32    3  0.5836E-12  0.5828E-12
CALSDV   33    3  0.5974E-12  0.5965E-12
CALSDV   34    3  0.6067E-12  0.6059E-12
CALSDV   35    3  0.6226E-12  0.6217E-12
CALSDV   36    3  0.6352E-12  0.6344E-12
CALSDV   37    3  0.6536E-12  0.6526E-12
CALSDV   38    3  0.6693E-12  0.6685E-12
CALSDV   39    3  0.6902E-12  0.6892E-12
CALSDV   40    3  0.7094E-12  0.7084E-12
CALSDV   41    3  0.7331E-12  0.7322E-12
CALSDV   42    3  0.7558E-12  0.7548E-12
CALSDV   43    3  0.7826E-12  0.7816E-12
CALSDV   44    3  0.8090E-12  0.8079E-12
CALSDV   45    3  0.8393E-12  0.8381E-12
CALSDV   46    3  0.8697E-12  0.8685E-12
CALSDV   47    3  0.9038E-12  0.9026E-12
CALSDV   48    3  0.9385E-12  0.9373E-12
CALSDV   49    3  0.9769E-12  0.9757E-12
CALSDV   50    3  0.1016E-11  0.1015E-11
CALSDV   51    3  0.1060E-11  0.1058E-11
CALSDV   52    3  0.1104E-11  0.1103E-11
CALSDV   53    3  0.1153E-11  0.1152E-11
CALSDV   54    3  0.1204E-11  0.1203E-11
CALSDV   55    3  0.1259E-11  0.1257E-11
CALSDV   56    3  0.1315E-11  0.1313E-11
CALSDV   57    3  0.1374E-11  0.1372E-11
CALSDV   58    3  0.1434E-11  0.1432E-11
CALSDV   59    3  0.1396E-11  0.1395E-11
CALSDV   60    3  0.1444E-11  0.1442E-11
CALSDV    4    4  0.1159E-10  0.1160E-10
CALSDV    5    4  0.8992E-11  0.9070E-11
CALSDV    6    4  0.3881E-11  0.3906E-11
CALSDV    7    4  0.3312E-11  0.3330E-11
CALSDV    8    4  0.2107E-11  0.2113E-11
CALSDV    9    4  0.1814E-11  0.1821E-11
CALSDV   10    4  0.1389E-11  0.1389E-11
CALSDV   11    4  0.1237E-11  0.1240E-11
CALSDV   12    4  0.1040E-11  0.1041E-11
CALSDV   13    4  0.9561E-12  0.9566E-12
CALSDV   14    4  0.8483E-12  0.8480E-12
CALSDV   15    4  0.7994E-12  0.7999E-12
CALSDV   16    4  0.7333E-12  0.7331E-12
CALSDV   17    4  0.7040E-12  0.7044E-12
CALSDV   18    4  0.6619E-12  0.6620E-12
CALSDV   19    4  0.6448E-12  0.6449E-12
CALSDV   20    4  0.6173E-12  0.6173E-12
CALSDV   21    4  0.6080E-12  0.6079E-12
CALSDV   22    4  0.5906E-12  0.5901E-12
CALSDV   23    4  0.5865E-12  0.5864E-12
CALSDV   24    4  0.5761E-12  0.5758E-12
CALSDV   25    4  0.5763E-12  0.5761E-12
CALSDV   26    4  0.5714E-12  0.5710E-12
CALSDV   27    4  0.5750E-12  0.5748E-12
CALSDV   28    4  0.5744E-12  0.5741E-12
CALSDV   29    4  0.5810E-12  0.5807E-12
CALSDV   30    4  0.5843E-12  0.5839E-12
CALSDV   31    4  0.5936E-12  0.5932E-12
CALSDV   32    4  0.6004E-12  0.6000E-12
CALSDV   33    4  0.6122E-12  0.6118E-12
CALSDV   34    4  0.6221E-12  0.6217E-12
CALSDV   35    4  0.6366E-12  0.6362E-12
CALSDV   36    4  0.6497E-12  0.6493E-12
CALSDV   37    4  0.6668E-12  0.6663E-12
CALSDV   38    4  0.6830E-12  0.6825E-12
CALSDV   39    4  0.7029E-12  0.7024E-12
CALSDV   40    4  0.7224E-12  0.7218E-12
CALSDV   41    4  0.7452E-12  0.7446E-12
CALSDV   42    4  0.7681E-12  0.7676E-12
CALSDV   43    4  0.7943E-12  0.7937E-12
CALSDV   44    4  0.8208E-12  0.8202E-12
CALSDV   45    4  0.8505E-12  0.8499E-12
CALSDV   46    4  0.8811E-12  0.8803E-12
CALSDV   47    4  0.9147E-12  0.9140E-12
CALSDV   48    4  0.9495E-12  0.9488E-12
CALSDV   49    4  0.9877E-12  0.9869E-12
CALSDV   50    4  0.1027E-11  0.1026E-11
CALSDV   51    4  0.1070E-11  0.1070E-11
CALSDV   52    4  0.1115E-11  0.1114E-11
CALSDV   53    4  0.1164E-11  0.1163E-11
CALSDV   54    4  0.1215E-11  0.1214E-11
CALSDV   55    4  0.1270E-11  0.1269E-11
CALSDV   56    4  0.1326E-11  0.1325E-11
CALSDV   57    4  0.1387E-11  0.1386E-11
CALSDV   58    4  0.1448E-11  0.1447E-11
CALSDV   59    4  0.1429E-11  0.1428E-11
CALSDV   60    4  0.1478E-11  0.1476E-11
CALSDV    5    5  0.1660E-10  0.1650E-10
CALSDV    6    5  0.6739E-11  0.6740E-11
CALSDV    7    5  0.4501E-11  0.4485E-11
CALSDV    8    5  0.2720E-11  0.2730E-11
CALSDV    9    5  0.2572E-11  0.2572E-11
CALSDV   10    5  0.1686E-11  0.1694E-11
CALSDV   11    5  0.1759E-11  0.1758E-11
CALSDV   12    5  0.1259E-11  0.1263E-11
CALSDV   13    5  0.1318E-11  0.1318E-11
CALSDV   14    5  0.1025E-11  0.1027E-11
CALSDV   15    5  0.1057E-11  0.1057E-11
CALSDV   16    5  0.8765E-12  0.8779E-12
CALSDV   17    5  0.8938E-12  0.8929E-12
CALSDV   18    5  0.7789E-12  0.7796E-12
CALSDV   19    5  0.7875E-12  0.7870E-12
CALSDV   20    5  0.7131E-12  0.7137E-12
CALSDV   21    5  0.7181E-12  0.7175E-12
CALSDV   22    5  0.6696E-12  0.6700E-12
CALSDV   23    5  0.6738E-12  0.6731E-12
CALSDV   24    5  0.6427E-12  0.6429E-12
CALSDV   25    5  0.6467E-12  0.6461E-12
CALSDV   26    5  0.6278E-12  0.6278E-12
CALSDV   27    5  0.6330E-12  0.6323E-12
CALSDV   28    5  0.6231E-12  0.6229E-12
CALSDV   29    5  0.6296E-12  0.6291E-12
CALSDV   30    5  0.6263E-12  0.6263E-12
CALSDV   31    5  0.6350E-12  0.6343E-12
CALSDV   32    5  0.6372E-12  0.6370E-12
CALSDV   33    5  0.6478E-12  0.6473E-12
CALSDV   34    5  0.6548E-12  0.6545E-12
CALSDV   35    5  0.6679E-12  0.6673E-12
CALSDV   36    5  0.6789E-12  0.6785E-12
CALSDV   37    5  0.6945E-12  0.6938E-12
CALSDV   38    5  0.7093E-12  0.7089E-12
CALSDV   39    5  0.7276E-12  0.7271E-12
CALSDV   40    5  0.7463E-12  0.7458E-12
CALSDV   41    5  0.7678E-12  0.7670E-12
CALSDV   42    5  0.7901E-12  0.7895E-12
CALSDV   43    5  0.8148E-12  0.8141E-12
CALSDV   44    5  0.8411E-12  0.8406E-12
CALSDV   45    5  0.8694E-12  0.8687E-12
CALSDV   46    5  0.8999E-12  0.8992E-12
CALSDV   47    5  0.9323E-12  0.9315E-12
CALSDV   48    5  0.9672E-12  0.9664E-12
CALSDV   49    5  0.1004E-11  0.1003E-11
CALSDV   50    5  0.1044E-11  0.1043E-11
CALSDV   51    5  0.1086E-11  0.1085E-11
CALSDV   52    5  0.1131E-11  0.1130E-11
CALSDV   53    5  0.1179E-11  0.1178E-11
CALSDV   54    5  0.1230E-11  0.1229E-11
CALSDV   55    5  0.1284E-11  0.1283E-11
CALSDV   56    5  0.1341E-11  0.1340E-11
CALSDV   57    5  0.1402E-11  0.1401E-11
CALSDV   58    5  0.1465E-11  0.1464E-11
CALSDV   59    5  0.1461E-11  0.1460E-11
CALSDV   60    5  0.1511E-11  0.1510E-11
CALSDV    6    6  0.8044E-11  0.8068E-11
CALSDV    7    6  0.8557E-11  0.8452E-11
CALSDV    8    6  0.3835E-11  0.3830E-11
CALSDV    9    6  0.4013E-11  0.3954E-11
CALSDV   10    6  0.2396E-11  0.2396E-11
CALSDV   11    6  0.2353E-11  0.2320E-11
CALSDV   12    6  0.1635E-11  0.1640E-11
CALSDV   13    6  0.1610E-11  0.1592E-11
CALSDV   14    6  0.1222E-11  0.1228E-11
CALSDV   15    6  0.1223E-11  0.1212E-11
CALSDV   16    6  0.9887E-12  0.9922E-12
CALSDV   17    6  0.1002E-11  0.9960E-12
CALSDV   18    6  0.8494E-12  0.8528E-12
CALSDV   19    6  0.8661E-12  0.8626E-12
CALSDV   20    6  0.7621E-12  0.7646E-12
CALSDV   21    6  0.7804E-12  0.7774E-12
CALSDV   22    6  0.7078E-12  0.7099E-12
CALSDV   23    6  0.7252E-12  0.7235E-12
CALSDV   24    6  0.6746E-12  0.6757E-12
CALSDV   25    6  0.6912E-12  0.6901E-12
CALSDV   26    6  0.6564E-12  0.6573E-12
CALSDV   27    6  0.6726E-12  0.6719E-12
CALSDV   28    6  0.6494E-12  0.6502E-12
CALSDV   29    6  0.6653E-12  0.6646E-12
CALSDV   30    6  0.6515E-12  0.6517E-12
CALSDV   31    6  0.6677E-12  0.6673E-12
CALSDV   32    6  0.6611E-12  0.6614E-12
CALSDV   33    6  0.6782E-12  0.6778E-12
CALSDV   34    6  0.6778E-12  0.6780E-12
CALSDV   35    6  0.6961E-12  0.6957E-12
CALSDV   36    6  0.7010E-12  0.7010E-12
CALSDV   37    6  0.7209E-12  0.7205E-12
CALSDV   38    6  0.7306E-12  0.7308E-12
CALSDV   39    6  0.7524E-12  0.7525E-12
CALSDV   40    6  0.7669E-12  0.7667E-12
CALSDV   41    6  0.7914E-12  0.7906E-12
CALSDV   42    6  0.8099E-12  0.8100E-12
CALSDV   43    6  0.8369E-12  0.8367E-12
CALSDV   44    6  0.8604E-12  0.8602E-12
CALSDV   45    6  0.8905E-12  0.8902E-12
CALSDV   46    6  0.9184E-12  0.9183E-12
CALSDV   47    6  0.9522E-12  0.9520E-12
CALSDV   48    6  0.9852E-12  0.9849E-12
CALSDV   49    6  0.1023E-11  0.1023E-11
CALSDV   50    6  0.1061E-11  0.1061E-11
CALSDV   51    6  0.1104E-11  0.1104E-11
CALSDV   52    6  0.1148E-11  0.1147E-11
CALSDV   53    6  0.1196E-11  0.1196E-11
CALSDV   54    6  0.1246E-11  0.1246E-11
CALSDV   55    6  0.1301E-11  0.1301E-11
CALSDV   56    6  0.1357E-11  0.1357E-11
CALSDV   57    6  0.1420E-11  0.1419E-11
CALSDV   58    6  0.1483E-11  0.1482E-11
CALSDV   59    6  0.1497E-11  0.1496E-11
CALSDV   60    6  0.1545E-11  0.1545E-11
CALSDV    7    7  0.1174E-10  0.1162E-10
CALSDV    8    7  0.6280E-11  0.6251E-11
CALSDV    9    7  0.4066E-11  0.4037E-11
CALSDV   10    7  0.2622E-11  0.2609E-11
CALSDV   11    7  0.2384E-11  0.2382E-11
CALSDV   12    7  0.1610E-11  0.1599E-11
CALSDV   13    7  0.1633E-11  0.1633E-11
CALSDV   14    7  0.1268E-11  0.1265E-11
CALSDV   15    7  0.1241E-11  0.1241E-11
CALSDV   16    7  0.1098E-11  0.1096E-11
CALSDV   17    7  0.1021E-11  0.1023E-11
CALSDV   18    7  0.9828E-12  0.9817E-12
CALSDV   19    7  0.8925E-12  0.8908E-12
CALSDV   20    7  0.8980E-12  0.8990E-12
CALSDV   21    7  0.8093E-12  0.8090E-12
CALSDV   22    7  0.8364E-12  0.8368E-12
CALSDV   23    7  0.7572E-12  0.7555E-12
CALSDV   24    7  0.7904E-12  0.7913E-12
CALSDV   25    7  0.7240E-12  0.7232E-12
CALSDV   26    7  0.7594E-12  0.7604E-12
CALSDV   27    7  0.7058E-12  0.7051E-12
CALSDV   28    7  0.7403E-12  0.7413E-12
CALSDV   29    7  0.6982E-12  0.6976E-12
CALSDV   30    7  0.7314E-12  0.7325E-12
CALSDV   31    7  0.6998E-12  0.6992E-12
CALSDV   32    7  0.7317E-12  0.7327E-12
CALSDV   33    7  0.7091E-12  0.7087E-12
CALSDV   34    7  0.7400E-12  0.7411E-12
CALSDV   35    7  0.7256E-12  0.7255E-12
CALSDV   36    7  0.7562E-12  0.7572E-12
CALSDV   37    7  0.7491E-12  0.7491E-12
CALSDV   38    7  0.7799E-12  0.7807E-12
CALSDV   39    7  0.7794E-12  0.7795E-12
CALSDV   40    7  0.8110E-12  0.8119E-12
CALSDV   41    7  0.8167E-12  0.8169E-12
CALSDV   42    7  0.8495E-12  0.8504E-12
CALSDV   43    7  0.8612E-12  0.8616E-12
CALSDV   44    7  0.8960E-12  0.8969E-12
CALSDV   45    7  0.9135E-12  0.9139E-12
CALSDV   46    7  0.9508E-12  0.9517E-12
CALSDV   47    7  0.9740E-12  0.9745E-12
CALSDV   48    7  0.1015E-11  0.1015E-11
CALSDV   49    7  0.1044E-11  0.1044E-11
CALSDV   50    7  0.1088E-11  0.1089E-11
CALSDV   51    7  0.1124E-11  0.1124E-11
CALSDV   52    7  0.1172E-11  0.1173E-11
CALSDV   53    7  0.1215E-11  0.1215E-11
CALSDV   54    7  0.1269E-11  0.1270E-11
CALSDV   55    7  0.1319E-11  0.1319E-11
CALSDV   56    7  0.1378E-11  0.1379E-11
CALSDV   57    7  0.1437E-11  0.1438E-11
CALSDV   58    7  0.1503E-11  0.1505E-11
CALSDV   59    7  0.1525E-11  0.1526E-11
CALSDV   60    7  0.1580E-11  0.1581E-11
CALSDV    8    8  0.5898E-11  0.5793E-11
CALSDV    9    8  0.5835E-11  0.5834E-11
CALSDV   10    8  0.3716E-11  0.3683E-11
CALSDV   11    8  0.3155E-11  0.3170E-11
CALSDV   12    8  0.2678E-11  0.2650E-11
CALSDV   13    8  0.2227E-11  0.2237E-11
CALSDV   14    8  0.1934E-11  0.1914E-11
CALSDV   15    8  0.1744E-11  0.1755E-11
CALSDV   16    8  0.1474E-11  0.1462E-11
CALSDV   17    8  0.1438E-11  0.1450E-11
CALSDV   18    8  0.1193E-11  0.1185E-11
CALSDV   19    8  0.1232E-11  0.1236E-11
CALSDV   20    8  0.1022E-11  0.1016E-11
CALSDV   21    8  0.1084E-11  0.1088E-11
CALSDV   22    8  0.9136E-12  0.9101E-12
CALSDV   23    8  0.9792E-12  0.9833E-12
CALSDV   24    8  0.8447E-12  0.8418E-12
CALSDV   25    8  0.9056E-12  0.9087E-12
CALSDV   26    8  0.8021E-12  0.8004E-12
CALSDV   27    8  0.8552E-12  0.8576E-12
CALSDV   28    8  0.7771E-12  0.7754E-12
CALSDV   29    8  0.8231E-12  0.8252E-12
CALSDV   30    8  0.7659E-12  0.7644E-12
CALSDV   31    8  0.8052E-12  0.8070E-12
CALSDV   32    8  0.7650E-12  0.7639E-12
CALSDV   33    8  0.7992E-12  0.8006E-12
CALSDV   34    8  0.7726E-12  0.7718E-12
CALSDV   35    8  0.8038E-12  0.8048E-12
CALSDV   36    8  0.7886E-12  0.7879E-12
CALSDV   37    8  0.8174E-12  0.8181E-12
CALSDV   38    8  0.8119E-12  0.8112E-12
CALSDV   39    8  0.8399E-12  0.8404E-12
CALSDV   40    8  0.8427E-12  0.8419E-12
CALSDV   41    8  0.8707E-12  0.8709E-12
CALSDV   42    8  0.8807E-12  0.8799E-12
CALSDV   43    8  0.9097E-12  0.9097E-12
CALSDV   44    8  0.9265E-12  0.9256E-12
CALSDV   45    8  0.9573E-12  0.9570E-12
CALSDV   46    8  0.9806E-12  0.9797E-12
CALSDV   47    8  0.1014E-11  0.1013E-11
CALSDV   48    8  0.1043E-11  0.1042E-11
CALSDV   49    8  0.1080E-11  0.1080E-11
CALSDV   50    8  0.1116E-11  0.1115E-11
CALSDV   51    8  0.1157E-11  0.1156E-11
CALSDV   52    8  0.1199E-11  0.1198E-11
CALSDV   53    8  0.1245E-11  0.1244E-11
CALSDV   54    8  0.1294E-11  0.1293E-11
CALSDV   55    8  0.1347E-11  0.1346E-11
CALSDV   56    8  0.1403E-11  0.1401E-11
CALSDV   57    8  0.1465E-11  0.1463E-11
CALSDV   58    8  0.1529E-11  0.1527E-11
CALSDV   59    8  0.1569E-11  0.1566E-11
CALSDV   60    8  0.1619E-11  0.1618E-11
CALSDV    9    9  0.8346E-11  0.8277E-11
CALSDV   10    9  0.5805E-11  0.5809E-11
CALSDV   11    9  0.3883E-11  0.3879E-11
CALSDV   12    9  0.2672E-11  0.2674E-11
CALSDV   13    9  0.2514E-11  0.2515E-11
CALSDV   14    9  0.1676E-11  0.1682E-11
CALSDV   15    9  0.1719E-11  0.1722E-11
CALSDV   16    9  0.1341E-11  0.1343E-11
CALSDV   17    9  0.1280E-11  0.1282E-11
CALSDV   18    9  0.1182E-11  0.1183E-11
CALSDV   19    9  0.1043E-11  0.1045E-11
CALSDV   20    9  0.1078E-11  0.1078E-11
CALSDV   21    9  0.9192E-12  0.9193E-12
CALSDV   22    9  0.9990E-12  0.9991E-12
CALSDV   23    9  0.8524E-12  0.8520E-12
CALSDV   24    9  0.9400E-12  0.9400E-12
CALSDV   25    9  0.8150E-12  0.8145E-12
CALSDV   26    9  0.8965E-12  0.8965E-12
CALSDV   27    9  0.7959E-12  0.7951E-12
CALSDV   28    9  0.8652E-12  0.8651E-12
CALSDV   29    9  0.7878E-12  0.7875E-12
CALSDV   30    9  0.8465E-12  0.8459E-12
CALSDV   31    9  0.7887E-12  0.7881E-12
CALSDV   32    9  0.8376E-12  0.8375E-12
CALSDV   33    9  0.7966E-12  0.7965E-12
CALSDV   34    9  0.8383E-12  0.8377E-12
CALSDV   35    9  0.8109E-12  0.8105E-12
CALSDV   36    9  0.8476E-12  0.8469E-12
CALSDV   37    9  0.8319E-12  0.8314E-12
CALSDV   38    9  0.8649E-12  0.8643E-12
CALSDV   39    9  0.8594E-12  0.8586E-12
CALSDV   40    9  0.8904E-12  0.8900E-12
CALSDV   41    9  0.8933E-12  0.8927E-12
CALSDV   42    9  0.9241E-12  0.9235E-12
CALSDV   43    9  0.9343E-12  0.9336E-12
CALSDV   44    9  0.9661E-12  0.9655E-12
CALSDV   45    9  0.9828E-12  0.9822E-12
CALSDV   46    9  0.1017E-11  0.1016E-11
CALSDV   47    9  0.1040E-11  0.1039E-11
CALSDV   48    9  0.1076E-11  0.1076E-11
CALSDV   49    9  0.1106E-11  0.1105E-11
CALSDV   50    9  0.1146E-11  0.1146E-11
CALSDV   51    9  0.1182E-11  0.1181E-11
CALSDV   52    9  0.1227E-11  0.1226E-11
CALSDV   53    9  0.1269E-11  0.1268E-11
CALSDV   54    9  0.1319E-11  0.1319E-11
CALSDV   55    9  0.1369E-11  0.1369E-11
CALSDV   56    9  0.1426E-11  0.1425E-11
CALSDV   57    9  0.1486E-11  0.1485E-11
CALSDV   58    9  0.1550E-11  0.1550E-11
CALSDV   59    9  0.1598E-11  0.1597E-11
CALSDV   60    9  0.1650E-11  0.1649E-11
CALSDV   10   10  0.5327E-11  0.5227E-11
CALSDV   11   10  0.4679E-11  0.4696E-11
CALSDV   12   10  0.3379E-11  0.3371E-11
CALSDV   13   10  0.2430E-11  0.2443E-11
CALSDV   14   10  0.2675E-11  0.2671E-11
CALSDV   15   10  0.1946E-11  0.1953E-11
CALSDV   16   10  0.2046E-11  0.2042E-11
CALSDV   17   10  0.1742E-11  0.1742E-11
CALSDV   18   10  0.1623E-11  0.1618E-11
CALSDV   19   10  0.1571E-11  0.1569E-11
CALSDV   20   10  0.1356E-11  0.1351E-11
CALSDV   21   10  0.1419E-11  0.1415E-11
CALSDV   22   10  0.1187E-11  0.1182E-11
CALSDV   23   10  0.1290E-11  0.1287E-11
CALSDV   24   10  0.1080E-11  0.1076E-11
CALSDV   25   10  0.1188E-11  0.1185E-11
CALSDV   26   10  0.1011E-11  0.1007E-11
CALSDV   27   10  0.1108E-11  0.1105E-11
CALSDV   28   10  0.9654E-12  0.9623E-12
CALSDV   29   10  0.1049E-11  0.1046E-11
CALSDV   30   10  0.9382E-12  0.9354E-12
CALSDV   31   10  0.1006E-11  0.1004E-11
CALSDV   32   10  0.9229E-12  0.9209E-12
CALSDV   33   10  0.9795E-12  0.9775E-12
CALSDV   34   10  0.9191E-12  0.9175E-12
CALSDV   35   10  0.9655E-12  0.9637E-12
CALSDV   36   10  0.9247E-12  0.9232E-12
CALSDV   37   10  0.9631E-12  0.9615E-12
CALSDV   38   10  0.9380E-12  0.9369E-12
CALSDV   39   10  0.9714E-12  0.9700E-12
CALSDV   40   10  0.9600E-12  0.9589E-12
CALSDV   41   10  0.9898E-12  0.9885E-12
CALSDV   42   10  0.9897E-12  0.9890E-12
CALSDV   43   10  0.1018E-11  0.1017E-11
CALSDV   44   10  0.1028E-11  0.1027E-11
CALSDV   45   10  0.1056E-11  0.1055E-11
CALSDV   46   10  0.1074E-11  0.1074E-11
CALSDV   47   10  0.1103E-11  0.1103E-11
CALSDV   48   10  0.1130E-11  0.1130E-11
CALSDV   49   10  0.1162E-11  0.1161E-11
CALSDV   50   10  0.1196E-11  0.1195E-11
CALSDV   51   10  0.1231E-11  0.1230E-11
CALSDV   52   10  0.1272E-11  0.1272E-11
CALSDV   53   10  0.1312E-11  0.1311E-11
CALSDV   54   10  0.1361E-11  0.1361E-11
CALSDV   55   10  0.1407E-11  0.1406E-11
CALSDV   56   10  0.1463E-11  0.1463E-11
CALSDV   57   10  0.1519E-11  0.1519E-11
CALSDV   58   10  0.1585E-11  0.1585E-11
CALSDV   59   10  0.1643E-11  0.1642E-11
CALSDV   60   10  0.1697E-11  0.1697E-11
CALSDV   11   11  0.5846E-11  0.5854E-11
CALSDV   12   11  0.5187E-11  0.5203E-11
CALSDV   13   11  0.3604E-11  0.3601E-11
CALSDV   14   11  0.2680E-11  0.2691E-11
CALSDV   15   11  0.2640E-11  0.2638E-11
CALSDV   16   11  0.1838E-11  0.1843E-11
CALSDV   17   11  0.1873E-11  0.1874E-11
CALSDV   18   11  0.1496E-11  0.1499E-11
CALSDV   19   11  0.1394E-11  0.1396E-11
CALSDV   20   11  0.1301E-11  0.1303E-11
CALSDV   21   11  0.1129E-11  0.1131E-11
CALSDV   22   11  0.1170E-11  0.1170E-11
CALSDV   23   11  0.9945E-12  0.9966E-12
CALSDV   24   11  0.1076E-11  0.1076E-11
CALSDV   25   11  0.9340E-12  0.9349E-12
CALSDV   26   11  0.1008E-11  0.1009E-11
CALSDV   27   11  0.9085E-12  0.9089E-12
CALSDV   28   11  0.9638E-12  0.9640E-12
CALSDV   29   11  0.8995E-12  0.9004E-12
CALSDV   30   11  0.9352E-12  0.9359E-12
CALSDV   31   11  0.9019E-12  0.9020E-12
CALSDV   32   11  0.9204E-12  0.9210E-12
CALSDV   33   11  0.9097E-12  0.9099E-12
CALSDV   34   11  0.9175E-12  0.9180E-12
CALSDV   35   11  0.9236E-12  0.9236E-12
CALSDV   36   11  0.9247E-12  0.9249E-12
CALSDV   37   11  0.9426E-12  0.9424E-12
CALSDV   38   11  0.9406E-12  0.9408E-12
CALSDV   39   11  0.9667E-12  0.9666E-12
CALSDV   40   11  0.9649E-12  0.9648E-12
CALSDV   41   11  0.9970E-12  0.9968E-12
CALSDV   42   11  0.9971E-12  0.9971E-12
CALSDV   43   11  0.1034E-11  0.1034E-11
CALSDV   44   11  0.1038E-11  0.1038E-11
CALSDV   45   11  0.1077E-11  0.1077E-11
CALSDV   46   11  0.1087E-11  0.1086E-11
CALSDV   47   11  0.1129E-11  0.1128E-11
CALSDV   48   11  0.1144E-11  0.1144E-11
CALSDV   49   11  0.1189E-11  0.1189E-11
CALSDV   50   11  0.1212E-11  0.1211E-11
CALSDV   51   11  0.1259E-11  0.1258E-11
CALSDV   52   11  0.1290E-11  0.1289E-11
CALSDV   53   11  0.1340E-11  0.1340E-11
CALSDV   54   11  0.1379E-11  0.1378E-11
CALSDV   55   11  0.1434E-11  0.1433E-11
CALSDV   56   11  0.1481E-11  0.1481E-11
CALSDV   57   11  0.1545E-11  0.1544E-11
CALSDV   58   11  0.1603E-11  0.1602E-11
CALSDV   59   11  0.1674E-11  0.1673E-11
CALSDV   60   11  0.1717E-11  0.1717E-11
CALSDV   12   12  0.4791E-11  0.4820E-11
CALSDV   13   12  0.4558E-11  0.4555E-11
CALSDV   14   12  0.3139E-11  0.3144E-11
CALSDV   15   12  0.2243E-11  0.2242E-11
CALSDV   16   12  0.2534E-11  0.2529E-11
CALSDV   17   12  0.1788E-11  0.1793E-11
CALSDV   18   12  0.1950E-11  0.1947E-11
CALSDV   19   12  0.1686E-11  0.1689E-11
CALSDV   20   12  0.1573E-11  0.1570E-11
CALSDV   21   12  0.1588E-11  0.1591E-11
CALSDV   22   12  0.1358E-11  0.1355E-11
CALSDV   23   12  0.1481E-11  0.1483E-11
CALSDV   24   12  0.1239E-11  0.1236E-11
CALSDV   25   12  0.1379E-11  0.1382E-11
CALSDV   26   12  0.1171E-11  0.1169E-11
CALSDV   27   12  0.1293E-11  0.1295E-11
CALSDV   28   12  0.1132E-11  0.1131E-11
CALSDV   29   12  0.1223E-11  0.1226E-11
CALSDV   30   12  0.1108E-11  0.1106E-11
CALSDV   31   12  0.1170E-11  0.1172E-11
CALSDV   32   12  0.1094E-11  0.1092E-11
CALSDV   33   12  0.1132E-11  0.1134E-11
CALSDV   34   12  0.1087E-11  0.1086E-11
CALSDV   35   12  0.1109E-11  0.1110E-11
CALSDV   36   12  0.1088E-11  0.1087E-11
CALSDV   37   12  0.1098E-11  0.1099E-11
CALSDV   38   12  0.1096E-11  0.1095E-11
CALSDV   39   12  0.1098E-11  0.1099E-11
CALSDV   40   12  0.1110E-11  0.1110E-11
CALSDV   41   12  0.1109E-11  0.1110E-11
CALSDV   42   12  0.1132E-11  0.1131E-11
CALSDV   43   12  0.1129E-11  0.1130E-11
CALSDV   44   12  0.1162E-11  0.1161E-11
CALSDV   45   12  0.1160E-11  0.1161E-11
CALSDV   46   12  0.1199E-11  0.1199E-11
CALSDV   47   12  0.1201E-11  0.1202E-11
CALSDV   48   12  0.1245E-11  0.1245E-11
CALSDV   49   12  0.1252E-11  0.1253E-11
CALSDV   50   12  0.1302E-11  0.1302E-11
CALSDV   51   12  0.1314E-11  0.1315E-11
CALSDV   52   12  0.1369E-11  0.1369E-11
CALSDV   53   12  0.1388E-11  0.1389E-11
CALSDV   54   12  0.1447E-11  0.1448E-11
CALSDV   55   12  0.1475E-11  0.1476E-11
CALSDV   56   12  0.1540E-11  0.1541E-11
CALSDV   57   12  0.1581E-11  0.1582E-11
CALSDV   58   12  0.1654E-11  0.1655E-11
CALSDV   59   12  0.1714E-11  0.1715E-11
CALSDV   60   12  0.1778E-11  0.1779E-11
CALSDV   13   13  0.4649E-11  0.4603E-11
CALSDV   14   13  0.4526E-11  0.4549E-11
CALSDV   15   13  0.3404E-11  0.3407E-11
CALSDV   16   13  0.2506E-11  0.2515E-11
CALSDV   17   13  0.2727E-11  0.2733E-11
CALSDV   18   13  0.1928E-11  0.1926E-11
CALSDV   19   13  0.2005E-11  0.2012E-11
CALSDV   20   13  0.1656E-11  0.1650E-11
CALSDV   21   13  0.1509E-11  0.1514E-11
CALSDV   22   13  0.1451E-11  0.1445E-11
CALSDV   23   13  0.1225E-11  0.1229E-11
CALSDV   24   13  0.1290E-11  0.1285E-11
CALSDV   25   13  0.1085E-11  0.1088E-11
CALSDV   26   13  0.1170E-11  0.1166E-11
CALSDV   27   13  0.1028E-11  0.1029E-11
CALSDV   28   13  0.1087E-11  0.1084E-11
CALSDV   29   13  0.1012E-11  0.1013E-11
CALSDV   30   13  0.1034E-11  0.1032E-11
CALSDV   31   13  0.1015E-11  0.1016E-11
CALSDV   32   13  0.1006E-11  0.1005E-11
CALSDV   33   13  0.1025E-11  0.1026E-11
CALSDV   34   13  0.9966E-12  0.9950E-12
CALSDV   35   13  0.1041E-11  0.1042E-11
CALSDV   36   13  0.1001E-11  0.1000E-11
CALSDV   37   13  0.1061E-11  0.1062E-11
CALSDV   38   13  0.1017E-11  0.1016E-11
CALSDV   39   13  0.1085E-11  0.1085E-11
CALSDV   40   13  0.1042E-11  0.1042E-11
CALSDV   41   13  0.1113E-11  0.1114E-11
CALSDV   42   13  0.1076E-11  0.1076E-11
CALSDV   43   13  0.1146E-11  0.1147E-11
CALSDV   44   13  0.1118E-11  0.1118E-11
CALSDV   45   13  0.1185E-11  0.1186E-11
CALSDV   46   13  0.1167E-11  0.1167E-11
CALSDV   47   13  0.1232E-11  0.1233E-11
CALSDV   48   13  0.1224E-11  0.1224E-11
CALSDV   49   13  0.1286E-11  0.1287E-11
CALSDV   50   13  0.1290E-11  0.1290E-11
CALSDV   51   13  0.1349E-11  0.1350E-11
CALSDV   52   13  0.1365E-11  0.1366E-11
CALSDV   53   13  0.1422E-11  0.1423E-11
CALSDV   54   13  0.1450E-11  0.1451E-11
CALSDV   55   13  0.1507E-11  0.1509E-11
CALSDV   56   13  0.1548E-11  0.1549E-11
CALSDV   57   13  0.1610E-11  0.1612E-11
CALSDV   58   13  0.1664E-11  0.1666E-11
CALSDV   59   13  0.1747E-11  0.1749E-11
CALSDV   60   13  0.1789E-11  0.1791E-11
CALSDV   14   14  0.3913E-11  0.3936E-11
CALSDV   15   14  0.4689E-11  0.4721E-11
CALSDV   16   14  0.3127E-11  0.3146E-11
CALSDV   17   14  0.2382E-11  0.2402E-11
CALSDV   18   14  0.2558E-11  0.2564E-11
CALSDV   19   14  0.1838E-11  0.1844E-11
CALSDV   20   14  0.1915E-11  0.1919E-11
CALSDV   21   14  0.1714E-11  0.1716E-11
CALSDV   22   14  0.1502E-11  0.1507E-11
CALSDV   23   14  0.1624E-11  0.1625E-11
CALSDV   24   14  0.1303E-11  0.1308E-11
CALSDV   25   14  0.1529E-11  0.1529E-11
CALSDV   26   14  0.1227E-11  0.1234E-11
CALSDV   27   14  0.1440E-11  0.1440E-11
CALSDV   28   14  0.1209E-11  0.1215E-11
CALSDV   29   14  0.1364E-11  0.1365E-11
CALSDV   30   14  0.1211E-11  0.1218E-11
CALSDV   31   14  0.1305E-11  0.1307E-11
CALSDV   32   14  0.1220E-11  0.1226E-11
CALSDV   33   14  0.1263E-11  0.1265E-11
CALSDV   34   14  0.1230E-11  0.1236E-11
CALSDV   35   14  0.1235E-11  0.1237E-11
CALSDV   36   14  0.1240E-11  0.1246E-11
CALSDV   37   14  0.1221E-11  0.1223E-11
CALSDV   38   14  0.1253E-11  0.1258E-11
CALSDV   39   14  0.1218E-11  0.1221E-11
CALSDV   40   14  0.1268E-11  0.1273E-11
CALSDV   41   14  0.1226E-11  0.1229E-11
CALSDV   42   14  0.1287E-11  0.1292E-11
CALSDV   43   14  0.1243E-11  0.1247E-11
CALSDV   44   14  0.1311E-11  0.1317E-11
CALSDV   45   14  0.1270E-11  0.1273E-11
CALSDV   46   14  0.1342E-11  0.1347E-11
CALSDV   47   14  0.1305E-11  0.1310E-11
CALSDV   48   14  0.1380E-11  0.1385E-11
CALSDV   49   14  0.1351E-11  0.1356E-11
CALSDV   50   14  0.1426E-11  0.1432E-11
CALSDV   51   14  0.1406E-11  0.1412E-11
CALSDV   52   14  0.1482E-11  0.1488E-11
CALSDV   53   14  0.1472E-11  0.1479E-11
CALSDV   54   14  0.1549E-11  0.1555E-11
CALSDV   55   14  0.1551E-11  0.1557E-11
CALSDV   56   14  0.1629E-11  0.1636E-11
CALSDV   57   14  0.1648E-11  0.1655E-11
CALSDV   58   14  0.1731E-11  0.1738E-11
CALSDV   59   14  0.1786E-11  0.1793E-11
CALSDV   60   14  0.1859E-11  0.1867E-11
CALSDV   15   15  0.4496E-11  0.4470E-11
CALSDV   16   15  0.4672E-11  0.4646E-11
CALSDV   17   15  0.3271E-11  0.3283E-11
CALSDV   18   15  0.2487E-11  0.2471E-11
CALSDV   19   15  0.2821E-11  0.2829E-11
CALSDV   20   15  0.1869E-11  0.1892E-11
CALSDV   21   15  0.2206E-11  0.2209E-11
CALSDV   22   15  0.1665E-11  0.1678E-11
CALSDV   23   15  0.1749E-11  0.1751E-11
CALSDV   24   15  0.1524E-11  0.1527E-11
CALSDV   25   15  0.1474E-11  0.1477E-11
CALSDV   26   15  0.1400E-11  0.1399E-11
CALSDV   27   15  0.1330E-11  0.1330E-11
CALSDV   28   15  0.1299E-11  0.1298E-11
CALSDV   29   15  0.1260E-11  0.1261E-11
CALSDV   30   15  0.1227E-11  0.1227E-11
CALSDV   31   15  0.1230E-11  0.1233E-11
CALSDV   32   15  0.1180E-11  0.1182E-11
CALSDV   33   15  0.1220E-11  0.1226E-11
CALSDV   34   15  0.1156E-11  0.1159E-11
CALSDV   35   15  0.1223E-11  0.1230E-11
CALSDV   36   15  0.1150E-11  0.1155E-11
CALSDV   37   15  0.1231E-11  0.1239E-11
CALSDV   38   15  0.1157E-11  0.1164E-11
CALSDV   39   15  0.1246E-11  0.1255E-11
CALSDV   40   15  0.1176E-11  0.1184E-11
CALSDV   41   15  0.1266E-11  0.1275E-11
CALSDV   42   15  0.1205E-11  0.1213E-11
CALSDV   43   15  0.1291E-11  0.1300E-11
CALSDV   44   15  0.1242E-11  0.1250E-11
CALSDV   45   15  0.1322E-11  0.1332E-11
CALSDV   46   15  0.1286E-11  0.1295E-11
CALSDV   47   15  0.1359E-11  0.1369E-11
CALSDV   48   15  0.1338E-11  0.1347E-11
CALSDV   49   15  0.1405E-11  0.1414E-11
CALSDV   50   15  0.1397E-11  0.1407E-11
CALSDV   51   15  0.1458E-11  0.1467E-11
CALSDV   52   15  0.1465E-11  0.1475E-11
CALSDV   53   15  0.1520E-11  0.1530E-11
CALSDV   54   15  0.1542E-11  0.1552E-11
CALSDV   55   15  0.1594E-11  0.1604E-11
CALSDV   56   15  0.1631E-11  0.1641E-11
CALSDV   57   15  0.1686E-11  0.1695E-11
CALSDV   58   15  0.1738E-11  0.1748E-11
CALSDV   59   15  0.1823E-11  0.1833E-11
CALSDV   60   15  0.1866E-11  0.1877E-11
CALSDV   16   16  0.3415E-11  0.3385E-11
CALSDV   17   16  0.4496E-11  0.4462E-11
CALSDV   18   16  0.3205E-11  0.3192E-11
CALSDV   19   16  0.2395E-11  0.2373E-11
CALSDV   20   16  0.2735E-11  0.2716E-11
CALSDV   21   16  0.1927E-11  0.1921E-11
CALSDV   22   16  0.2056E-11  0.2043E-11
CALSDV   23   16  0.1803E-11  0.1797E-11
CALSDV   24   16  0.1594E-11  0.1586E-11
CALSDV   25   16  0.1695E-11  0.1690E-11
CALSDV   26   16  0.1372E-11  0.1371E-11
CALSDV   27   16  0.1585E-11  0.1581E-11
CALSDV   28   16  0.1306E-11  0.1309E-11
CALSDV   29   16  0.1489E-11  0.1484E-11
CALSDV   30   16  0.1310E-11  0.1314E-11
CALSDV   31   16  0.1417E-11  0.1412E-11
CALSDV   32   16  0.1338E-11  0.1340E-11
CALSDV   33   16  0.1368E-11  0.1364E-11
CALSDV   34   16  0.1367E-11  0.1370E-11
CALSDV   35   16  0.1340E-11  0.1335E-11
CALSDV   36   16  0.1394E-11  0.1395E-11
CALSDV   37   16  0.1328E-11  0.1323E-11
CALSDV   38   16  0.1417E-11  0.1418E-11
CALSDV   39   16  0.1329E-11  0.1324E-11
CALSDV   40   16  0.1437E-11  0.1438E-11
CALSDV   41   16  0.1341E-11  0.1336E-11
CALSDV   42   16  0.1457E-11  0.1458E-11
CALSDV   43   16  0.1362E-11  0.1356E-11
CALSDV   44   16  0.1480E-11  0.1479E-11
CALSDV   45   16  0.1390E-11  0.1384E-11
CALSDV   46   16  0.1506E-11  0.1504E-11
CALSDV   47   16  0.1426E-11  0.1420E-11
CALSDV   48   16  0.1536E-11  0.1534E-11
CALSDV   49   16  0.1469E-11  0.1463E-11
CALSDV   50   16  0.1574E-11  0.1571E-11
CALSDV   51   16  0.1520E-11  0.1514E-11
CALSDV   52   16  0.1619E-11  0.1615E-11
CALSDV   53   16  0.1579E-11  0.1574E-11
CALSDV   54   16  0.1673E-11  0.1669E-11
CALSDV   55   16  0.1648E-11  0.1643E-11
CALSDV   56   16  0.1740E-11  0.1735E-11
CALSDV   57   16  0.1735E-11  0.1729E-11
CALSDV   58   16  0.1826E-11  0.1821E-11
CALSDV   59   16  0.1872E-11  0.1866E-11
CALSDV   60   16  0.1951E-11  0.1946E-11
CALSDV   17   17  0.3177E-11  0.3188E-11
CALSDV   18   17  0.3867E-11  0.3873E-11
CALSDV   19   17  0.3089E-11  0.3089E-11
CALSDV   20   17  0.2173E-11  0.2175E-11
CALSDV   21   17  0.2708E-11  0.2705E-11
CALSDV   22   17  0.2017E-11  0.2016E-11
CALSDV   23   17  0.2087E-11  0.2088E-11
CALSDV   24   17  0.1923E-11  0.1919E-11
CALSDV   25   17  0.1632E-11  0.1637E-11
CALSDV   26   17  0.1751E-11  0.1745E-11
CALSDV   27   17  0.1380E-11  0.1385E-11
CALSDV   28   17  0.1562E-11  0.1559E-11
CALSDV   29   17  0.1272E-11  0.1276E-11
CALSDV   30   17  0.1402E-11  0.1401E-11
CALSDV   31   17  0.1242E-11  0.1243E-11
CALSDV   32   17  0.1289E-11  0.1289E-11
CALSDV   33   17  0.1247E-11  0.1247E-11
CALSDV   34   17  0.1224E-11  0.1224E-11
CALSDV   35   17  0.1266E-11  0.1264E-11
CALSDV   36   17  0.1199E-11  0.1199E-11
CALSDV   37   17  0.1291E-11  0.1288E-11
CALSDV   38   17  0.1203E-11  0.1204E-11
CALSDV   39   17  0.1318E-11  0.1316E-11
CALSDV   40   17  0.1229E-11  0.1230E-11
CALSDV   41   17  0.1348E-11  0.1345E-11
CALSDV   42   17  0.1268E-11  0.1268E-11
CALSDV   43   17  0.1381E-11  0.1378E-11
CALSDV   44   17  0.1316E-11  0.1317E-11
CALSDV   45   17  0.1418E-11  0.1415E-11
CALSDV   46   17  0.1372E-11  0.1371E-11
CALSDV   47   17  0.1458E-11  0.1456E-11
CALSDV   48   17  0.1431E-11  0.1431E-11
CALSDV   49   17  0.1504E-11  0.1502E-11
CALSDV   50   17  0.1496E-11  0.1496E-11
CALSDV   51   17  0.1556E-11  0.1554E-11
CALSDV   52   17  0.1566E-11  0.1566E-11
CALSDV   53   17  0.1615E-11  0.1614E-11
CALSDV   54   17  0.1642E-11  0.1641E-11
CALSDV   55   17  0.1682E-11  0.1681E-11
CALSDV   56   17  0.1725E-11  0.1725E-11
CALSDV   57   17  0.1765E-11  0.1764E-11
CALSDV   58   17  0.1824E-11  0.1824E-11
CALSDV   59   17  0.1900E-11  0.1899E-11
CALSDV   60   17  0.1951E-11  0.1952E-11
CALSDV   18   18  0.3657E-11  0.3680E-11
CALSDV   19   18  0.3950E-11  0.3950E-11
CALSDV   20   18  0.3357E-11  0.3359E-11
CALSDV   21   18  0.2067E-11  0.2069E-11
CALSDV   22   18  0.2856E-11  0.2849E-11
CALSDV   23   18  0.1887E-11  0.1889E-11
CALSDV   24   18  0.2127E-11  0.2120E-11
CALSDV   25   18  0.1858E-11  0.1859E-11
CALSDV   26   18  0.1636E-11  0.1631E-11
CALSDV   27   18  0.1758E-11  0.1758E-11
CALSDV   28   18  0.1426E-11  0.1422E-11
CALSDV   29   18  0.1636E-11  0.1636E-11
CALSDV   30   18  0.1398E-11  0.1396E-11
CALSDV   31   18  0.1531E-11  0.1531E-11
CALSDV   32   18  0.1441E-11  0.1441E-11
CALSDV   33   18  0.1459E-11  0.1458E-11
CALSDV   34   18  0.1498E-11  0.1499E-11
CALSDV   35   18  0.1421E-11  0.1421E-11
CALSDV   36   18  0.1548E-11  0.1550E-11
CALSDV   37   18  0.1410E-11  0.1411E-11
CALSDV   38   18  0.1588E-11  0.1590E-11
CALSDV   39   18  0.1418E-11  0.1419E-11
CALSDV   40   18  0.1619E-11  0.1621E-11
CALSDV   41   18  0.1439E-11  0.1440E-11
CALSDV   42   18  0.1644E-11  0.1646E-11
CALSDV   43   18  0.1469E-11  0.1470E-11
CALSDV   44   18  0.1664E-11  0.1666E-11
CALSDV   45   18  0.1505E-11  0.1506E-11
CALSDV   46   18  0.1685E-11  0.1687E-11
CALSDV   47   18  0.1545E-11  0.1547E-11
CALSDV   48   18  0.1707E-11  0.1710E-11
CALSDV   49   18  0.1588E-11  0.1591E-11
CALSDV   50   18  0.1733E-11  0.1736E-11
CALSDV   51   18  0.1637E-11  0.1639E-11
CALSDV   52   18  0.1765E-11  0.1768E-11
CALSDV   53   18  0.1690E-11  0.1693E-11
CALSDV   54   18  0.1803E-11  0.1807E-11
CALSDV   55   18  0.1749E-11  0.1752E-11
CALSDV   56   18  0.1852E-11  0.1856E-11
CALSDV   57   18  0.1822E-11  0.1825E-11
CALSDV   58   18  0.1920E-11  0.1923E-11
CALSDV   59   18  0.1952E-11  0.1955E-11
CALSDV   60   18  0.2034E-11  0.2037E-11
CALSDV   19   19  0.3052E-11  0.3070E-11
CALSDV   20   19  0.3724E-11  0.3741E-11
CALSDV   21   19  0.3104E-11  0.3106E-11
CALSDV   22   19  0.2094E-11  0.2103E-11
CALSDV   23   19  0.2714E-11  0.2719E-11
CALSDV   24   19  0.2141E-11  0.2144E-11
CALSDV   25   19  0.2112E-11  0.2117E-11
CALSDV   26   19  0.2145E-11  0.2145E-11
CALSDV   27   19  0.1694E-11  0.1696E-11
CALSDV   28   19  0.2002E-11  0.2000E-11
CALSDV   29   19  0.1475E-11  0.1474E-11
CALSDV   30   19  0.1812E-11  0.1810E-11
CALSDV   31   19  0.1387E-11  0.1384E-11
CALSDV   32   19  0.1639E-11  0.1637E-11
CALSDV   33   19  0.1365E-11  0.1362E-11
CALSDV   34   19  0.1510E-11  0.1509E-11
CALSDV   35   19  0.1372E-11  0.1368E-11
CALSDV   36   19  0.1434E-11  0.1433E-11
CALSDV   37   19  0.1391E-11  0.1387E-11
CALSDV   38   19  0.1402E-11  0.1401E-11
CALSDV   39   19  0.1416E-11  0.1412E-11
CALSDV   40   19  0.1405E-11  0.1404E-11
CALSDV   41   19  0.1446E-11  0.1442E-11
CALSDV   42   19  0.1432E-11  0.1431E-11
CALSDV   43   19  0.1480E-11  0.1476E-11
CALSDV   44   19  0.1472E-11  0.1472E-11
CALSDV   45   19  0.1517E-11  0.1514E-11
CALSDV   46   19  0.1522E-11  0.1523E-11
CALSDV   47   19  0.1559E-11  0.1557E-11
CALSDV   48   19  0.1578E-11  0.1580E-11
CALSDV   49   19  0.1606E-11  0.1604E-11
CALSDV   50   19  0.1638E-11  0.1640E-11
CALSDV   51   19  0.1657E-11  0.1656E-11
CALSDV   52   19  0.1701E-11  0.1702E-11
CALSDV   53   19  0.1712E-11  0.1712E-11
CALSDV   54   19  0.1767E-11  0.1769E-11
CALSDV   55   19  0.1773E-11  0.1774E-11
CALSDV   56   19  0.1839E-11  0.1841E-11
CALSDV   57   19  0.1847E-11  0.1848E-11
CALSDV   58   19  0.1922E-11  0.1924E-11
CALSDV   59   19  0.1974E-11  0.1975E-11
CALSDV   60   19  0.2041E-11  0.2043E-11
CALSDV   20   20  0.3480E-11  0.3516E-11
CALSDV   21   20  0.3828E-11  0.3823E-11
CALSDV   22   20  0.3452E-11  0.3463E-11
CALSDV   23   20  0.2034E-11  0.2026E-11
CALSDV   24   20  0.2980E-11  0.2984E-11
CALSDV   25   20  0.1988E-11  0.1984E-11
CALSDV   26   20  0.2237E-11  0.2239E-11
CALSDV   27   20  0.1982E-11  0.1980E-11
CALSDV   28   20  0.1729E-11  0.1730E-11
CALSDV   29   20  0.1858E-11  0.1858E-11
CALSDV   30   20  0.1511E-11  0.1511E-11
CALSDV   31   20  0.1705E-11  0.1708E-11
CALSDV   32   20  0.1487E-11  0.1486E-11
CALSDV   33   20  0.1582E-11  0.1586E-11
CALSDV   34   20  0.1541E-11  0.1541E-11
CALSDV   35   20  0.1508E-11  0.1514E-11
CALSDV   36   20  0.1611E-11  0.1611E-11
CALSDV   37   20  0.1482E-11  0.1487E-11
CALSDV   38   20  0.1672E-11  0.1672E-11
CALSDV   39   20  0.1492E-11  0.1497E-11
CALSDV   40   20  0.1722E-11  0.1722E-11
CALSDV   41   20  0.1525E-11  0.1529E-11
CALSDV   42   20  0.1761E-11  0.1761E-11
CALSDV   43   20  0.1570E-11  0.1573E-11
CALSDV   44   20  0.1793E-11  0.1792E-11
CALSDV   45   20  0.1618E-11  0.1621E-11
CALSDV   46   20  0.1820E-11  0.1818E-11
CALSDV   47   20  0.1669E-11  0.1671E-11
CALSDV   48   20  0.1844E-11  0.1843E-11
CALSDV   49   20  0.1720E-11  0.1721E-11
CALSDV   50   20  0.1870E-11  0.1869E-11
CALSDV   51   20  0.1769E-11  0.1770E-11
CALSDV   52   20  0.1897E-11  0.1896E-11
CALSDV   53   20  0.1818E-11  0.1818E-11
CALSDV   54   20  0.1928E-11  0.1927E-11
CALSDV   55   20  0.1867E-11  0.1868E-11
CALSDV   56   20  0.1966E-11  0.1965E-11
CALSDV   57   20  0.1925E-11  0.1925E-11
CALSDV   58   20  0.2018E-11  0.2018E-11
CALSDV   59   20  0.2042E-11  0.2042E-11
CALSDV   60   20  0.2118E-11  0.2117E-11
CALSDV   21   21  0.3165E-11  0.3155E-11
CALSDV   22   21  0.3717E-11  0.3721E-11
CALSDV   23   21  0.3137E-11  0.3143E-11
CALSDV   24   21  0.2028E-11  0.2025E-11
CALSDV   25   21  0.2722E-11  0.2726E-11
CALSDV   26   21  0.2216E-11  0.2210E-11
CALSDV   27   21  0.2142E-11  0.2144E-11
CALSDV   28   21  0.2303E-11  0.2299E-11
CALSDV   29   21  0.1781E-11  0.1780E-11
CALSDV   30   21  0.2191E-11  0.2191E-11
CALSDV   31   21  0.1615E-11  0.1614E-11
CALSDV   32   21  0.2009E-11  0.2010E-11
CALSDV   33   21  0.1559E-11  0.1556E-11
CALSDV   34   21  0.1837E-11  0.1839E-11
CALSDV   35   21  0.1548E-11  0.1547E-11
CALSDV   36   21  0.1708E-11  0.1711E-11
CALSDV   37   21  0.1555E-11  0.1555E-11
CALSDV   38   21  0.1632E-11  0.1637E-11
CALSDV   39   21  0.1569E-11  0.1570E-11
CALSDV   40   21  0.1602E-11  0.1608E-11
CALSDV   41   21  0.1591E-11  0.1591E-11
CALSDV   42   21  0.1611E-11  0.1615E-11
CALSDV   43   21  0.1618E-11  0.1618E-11
CALSDV   44   21  0.1642E-11  0.1647E-11
CALSDV   45   21  0.1650E-11  0.1650E-11
CALSDV   46   21  0.1688E-11  0.1691E-11
CALSDV   47   21  0.1689E-11  0.1688E-11
CALSDV   48   21  0.1739E-11  0.1741E-11
CALSDV   49   21  0.1732E-11  0.1731E-11
CALSDV   50   21  0.1793E-11  0.1798E-11
CALSDV   51   21  0.1779E-11  0.1779E-11
CALSDV   52   21  0.1853E-11  0.1851E-11
CALSDV   53   21  0.1831E-11  0.1828E-11
CALSDV   54   21  0.1907E-11  0.1910E-11
CALSDV   55   21  0.1882E-11  0.1883E-11
CALSDV   56   21  0.1966E-11  0.1967E-11
CALSDV   57   21  0.1944E-11  0.1942E-11
CALSDV   58   21  0.2032E-11  0.2031E-11
CALSDV   59   21  0.2059E-11  0.2057E-11
CALSDV   60   21  0.2136E-11  0.2134E-11
CALSDV   22   22  0.3146E-11  0.3161E-11
CALSDV   23   22  0.3785E-11  0.3788E-11
CALSDV   24   22  0.3484E-11  0.3483E-11
CALSDV   25   22  0.2020E-11  0.2022E-11
CALSDV   26   22  0.3045E-11  0.3041E-11
CALSDV   27   22  0.2102E-11  0.2100E-11
CALSDV   28   22  0.2309E-11  0.2308E-11
CALSDV   29   22  0.2121E-11  0.2120E-11
CALSDV   30   22  0.1812E-11  0.1813E-11
CALSDV   31   22  0.1972E-11  0.1972E-11
CALSDV   32   22  0.1607E-11  0.1609E-11
CALSDV   33   22  0.1785E-11  0.1785E-11
CALSDV   34   22  0.1586E-11  0.1590E-11
CALSDV   35   22  0.1638E-11  0.1640E-11
CALSDV   36   22  0.1642E-11  0.1645E-11
CALSDV   37   22  0.1562E-11  0.1564E-11
CALSDV   38   22  0.1714E-11  0.1717E-11
CALSDV   39   22  0.1551E-11  0.1553E-11
CALSDV   40   22  0.1780E-11  0.1781E-11
CALSDV   41   22  0.1585E-11  0.1586E-11
CALSDV   42   22  0.1835E-11  0.1835E-11
CALSDV   43   22  0.1643E-11  0.1644E-11
CALSDV   44   22  0.1881E-11  0.1880E-11
CALSDV   45   22  0.1712E-11  0.1713E-11
CALSDV   46   22  0.1920E-11  0.1919E-11
CALSDV   47   22  0.1780E-11  0.1780E-11
CALSDV   48   22  0.1953E-11  0.1952E-11
CALSDV   49   22  0.1843E-11  0.1843E-11
CALSDV   50   22  0.1984E-11  0.1982E-11
CALSDV   51   22  0.1900E-11  0.1900E-11
CALSDV   52   22  0.2015E-11  0.2013E-11
CALSDV   53   22  0.1949E-11  0.1949E-11
CALSDV   54   22  0.2044E-11  0.2043E-11
CALSDV   55   22  0.1991E-11  0.1991E-11
CALSDV   56   22  0.2076E-11  0.2075E-11
CALSDV   57   22  0.2035E-11  0.2034E-11
CALSDV   58   22  0.2115E-11  0.2114E-11
CALSDV   59   22  0.2133E-11  0.2133E-11
CALSDV   60   22  0.2200E-11  0.2198E-11
CALSDV   23   23  0.3144E-11  0.3096E-11
CALSDV   24   23  0.3764E-11  0.3793E-11
CALSDV   25   23  0.3177E-11  0.3158E-11
CALSDV   26   23  0.1979E-11  0.1993E-11
CALSDV   27   23  0.2733E-11  0.2709E-11
CALSDV   28   23  0.2261E-11  0.2253E-11
CALSDV   29   23  0.2161E-11  0.2140E-11
CALSDV   30   23  0.2405E-11  0.2385E-11
CALSDV   31   23  0.1844E-11  0.1842E-11
CALSDV   32   23  0.2308E-11  0.2292E-11
CALSDV   33   23  0.1731E-11  0.1747E-11
CALSDV   34   23  0.2124E-11  0.2117E-11
CALSDV   35   23  0.1709E-11  0.1734E-11
CALSDV   36   23  0.1948E-11  0.1953E-11
CALSDV   37   23  0.1715E-11  0.1740E-11
CALSDV   38   23  0.1825E-11  0.1838E-11
CALSDV   39   23  0.1727E-11  0.1749E-11
CALSDV   40   23  0.1761E-11  0.1781E-11
CALSDV   41   23  0.1743E-11  0.1760E-11
CALSDV   42   23  0.1749E-11  0.1774E-11
CALSDV   43   23  0.1764E-11  0.1778E-11
CALSDV   44   23  0.1772E-11  0.1800E-11
CALSDV   45   23  0.1791E-11  0.1802E-11
CALSDV   46   23  0.1817E-11  0.1845E-11
CALSDV   47   23  0.1826E-11  0.1834E-11
CALSDV   48   23  0.1873E-11  0.1901E-11
CALSDV   49   23  0.1864E-11  0.1869E-11
CALSDV   50   23  0.1931E-11  0.1956E-11
CALSDV   51   23  0.1908E-11  0.1912E-11
CALSDV   52   23  0.1988E-11  0.2010E-11
CALSDV   53   23  0.1953E-11  0.1958E-11
CALSDV   54   23  0.2042E-11  0.2060E-11
CALSDV   55   23  0.1998E-11  0.2003E-11
CALSDV   56   23  0.2091E-11  0.2106E-11
CALSDV   57   23  0.2046E-11  0.2050E-11
CALSDV   58   23  0.2141E-11  0.2151E-11
CALSDV   59   23  0.2143E-11  0.2148E-11
CALSDV   60   23  0.2222E-11  0.2237E-11
CALSDV   24   24  0.3052E-11  0.3071E-11
CALSDV   25   24  0.3843E-11  0.3839E-11
CALSDV   26   24  0.3539E-11  0.3531E-11
CALSDV   27   24  0.2077E-11  0.2073E-11
CALSDV   28   24  0.3094E-11  0.3088E-11
CALSDV   29   24  0.2254E-11  0.2253E-11
CALSDV   30   24  0.2372E-11  0.2373E-11
CALSDV   31   24  0.2289E-11  0.2290E-11
CALSDV   32   24  0.1908E-11  0.1914E-11
CALSDV   33   24  0.2114E-11  0.2115E-11
CALSDV   34   24  0.1732E-11  0.1736E-11
CALSDV   35   24  0.1890E-11  0.1891E-11
CALSDV   36   24  0.1720E-11  0.1724E-11
CALSDV   37   24  0.1721E-11  0.1721E-11
CALSDV   38   24  0.1772E-11  0.1772E-11
CALSDV   39   24  0.1643E-11  0.1642E-11
CALSDV   40   24  0.1834E-11  0.1836E-11
CALSDV   41   24  0.1648E-11  0.1648E-11
CALSDV   42   24  0.1895E-11  0.1895E-11
CALSDV   43   24  0.1708E-11  0.1707E-11
CALSDV   44   24  0.1950E-11  0.1950E-11
CALSDV   45   24  0.1792E-11  0.1792E-11
CALSDV   46   24  0.2001E-11  0.2000E-11
CALSDV   47   24  0.1880E-11  0.1879E-11
CALSDV   48   24  0.2045E-11  0.2044E-11
CALSDV   49   24  0.1961E-11  0.1960E-11
CALSDV   50   24  0.2086E-11  0.2084E-11
CALSDV   51   24  0.2029E-11  0.2028E-11
CALSDV   52   24  0.2122E-11  0.2121E-11
CALSDV   53   24  0.2083E-11  0.2082E-11
CALSDV   54   24  0.2156E-11  0.2155E-11
CALSDV   55   24  0.2122E-11  0.2121E-11
CALSDV   56   24  0.2186E-11  0.2185E-11
CALSDV   57   24  0.2151E-11  0.2150E-11
CALSDV   58   24  0.2217E-11  0.2215E-11
CALSDV   59   24  0.2228E-11  0.2228E-11
CALSDV   60   24  0.2282E-11  0.2283E-11
CALSDV   25   25  0.3083E-11  0.3051E-11
CALSDV   26   25  0.3917E-11  0.3927E-11
CALSDV   27   25  0.3298E-11  0.3306E-11
CALSDV   28   25  0.2046E-11  0.2052E-11
CALSDV   29   25  0.2798E-11  0.2809E-11
CALSDV   30   25  0.2351E-11  0.2352E-11
CALSDV   31   25  0.2198E-11  0.2203E-11
CALSDV   32   25  0.2511E-11  0.2509E-11
CALSDV   33   25  0.1924E-11  0.1928E-11
CALSDV   34   25  0.2422E-11  0.2420E-11
CALSDV   35   25  0.1883E-11  0.1888E-11
CALSDV   36   25  0.2252E-11  0.2249E-11
CALSDV   37   25  0.1918E-11  0.1924E-11
CALSDV   38   25  0.2102E-11  0.2098E-11
CALSDV   39   25  0.1957E-11  0.1964E-11
CALSDV   40   25  0.2012E-11  0.2010E-11
CALSDV   41   25  0.1985E-11  0.1992E-11
CALSDV   42   25  0.1986E-11  0.1985E-11
CALSDV   43   25  0.2005E-11  0.2013E-11
CALSDV   44   25  0.2004E-11  0.2003E-11
CALSDV   45   25  0.2024E-11  0.2033E-11
CALSDV   46   25  0.2049E-11  0.2047E-11
CALSDV   47   25  0.2047E-11  0.2056E-11
CALSDV   48   25  0.2104E-11  0.2103E-11
CALSDV   49   25  0.2074E-11  0.2081E-11
CALSDV   50   25  0.2158E-11  0.2157E-11
CALSDV   51   25  0.2101E-11  0.2108E-11
CALSDV   52   25  0.2204E-11  0.2204E-11
CALSDV   53   25  0.2130E-11  0.2134E-11
CALSDV   54   25  0.2242E-11  0.2243E-11
CALSDV   55   25  0.2155E-11  0.2160E-11
CALSDV   56   25  0.2270E-11  0.2270E-11
CALSDV   57   25  0.2178E-11  0.2181E-11
CALSDV   58   25  0.2289E-11  0.2290E-11
CALSDV   59   25  0.2249E-11  0.2251E-11
CALSDV   60   25  0.2341E-11  0.2343E-11
CALSDV   26   26  0.3097E-11  0.3099E-11
CALSDV   27   26  0.3967E-11  0.3972E-11
CALSDV   28   26  0.3623E-11  0.3622E-11
CALSDV   29   26  0.2191E-11  0.2197E-11
CALSDV   30   26  0.3148E-11  0.3144E-11
CALSDV   31   26  0.2447E-11  0.2448E-11
CALSDV   32   26  0.2446E-11  0.2445E-11
CALSDV   33   26  0.2494E-11  0.2492E-11
CALSDV   34   26  0.2032E-11  0.2032E-11
CALSDV   35   26  0.2293E-11  0.2289E-11
CALSDV   36   26  0.1890E-11  0.1892E-11
CALSDV   37   26  0.2036E-11  0.2032E-11
CALSDV   38   26  0.1886E-11  0.1888E-11
CALSDV   39   26  0.1846E-11  0.1841E-11
CALSDV   40   26  0.1927E-11  0.1927E-11
CALSDV   41   26  0.1768E-11  0.1764E-11
CALSDV   42   26  0.1977E-11  0.1977E-11
CALSDV   43   26  0.1792E-11  0.1787E-11
CALSDV   44   26  0.2028E-11  0.2029E-11
CALSDV   45   26  0.1874E-11  0.1869E-11
CALSDV   46   26  0.2081E-11  0.2080E-11
CALSDV   47   26  0.1977E-11  0.1973E-11
CALSDV   48   26  0.2133E-11  0.2133E-11
CALSDV   49   26  0.2078E-11  0.2075E-11
CALSDV   50   26  0.2184E-11  0.2183E-11
CALSDV   51   26  0.2163E-11  0.2160E-11
CALSDV   52   26  0.2232E-11  0.2231E-11
CALSDV   53   26  0.2222E-11  0.2219E-11
CALSDV   54   26  0.2269E-11  0.2268E-11
CALSDV   55   26  0.2260E-11  0.2258E-11
CALSDV   56   26  0.2300E-11  0.2300E-11
CALSDV   57   26  0.2276E-11  0.2274E-11
CALSDV   58   26  0.2324E-11  0.2322E-11
CALSDV   59   26  0.2327E-11  0.2326E-11
CALSDV   60   26  0.2370E-11  0.2371E-11
CALSDV   27   27  0.2972E-11  0.2986E-11
CALSDV   28   27  0.4080E-11  0.4090E-11
CALSDV   29   27  0.3547E-11  0.3563E-11
CALSDV   30   27  0.2168E-11  0.2174E-11
CALSDV   31   27  0.2991E-11  0.3005E-11
CALSDV   32   27  0.2483E-11  0.2486E-11
CALSDV   33   27  0.2310E-11  0.2313E-11
CALSDV   34   27  0.2620E-11  0.2623E-11
CALSDV   35   27  0.2026E-11  0.2023E-11
CALSDV   36   27  0.2496E-11  0.2500E-11
CALSDV   37   27  0.2032E-11  0.2031E-11
CALSDV   38   27  0.2304E-11  0.2308E-11
CALSDV   39   27  0.2122E-11  0.2128E-11
CALSDV   40   27  0.2155E-11  0.2160E-11
CALSDV   41   27  0.2205E-11  0.2215E-11
CALSDV   42   27  0.2092E-11  0.2097E-11
CALSDV   43   27  0.2261E-11  0.2275E-11
CALSDV   44   27  0.2106E-11  0.2110E-11
CALSDV   45   27  0.2298E-11  0.2313E-11
CALSDV   46   27  0.2163E-11  0.2168E-11
CALSDV   47   27  0.2321E-11  0.2336E-11
CALSDV   48   27  0.2238E-11  0.2242E-11
CALSDV   49   27  0.2338E-11  0.2351E-11
CALSDV   50   27  0.2311E-11  0.2313E-11
CALSDV   51   27  0.2349E-11  0.2361E-11
CALSDV   52   27  0.2371E-11  0.2373E-11
CALSDV   53   27  0.2356E-11  0.2367E-11
CALSDV   54   27  0.2413E-11  0.2415E-11
CALSDV   55   27  0.2352E-11  0.2358E-11
CALSDV   56   27  0.2429E-11  0.2431E-11
CALSDV   57   27  0.2340E-11  0.2344E-11
CALSDV   58   27  0.2431E-11  0.2432E-11
CALSDV   59   27  0.2370E-11  0.2372E-11
CALSDV   60   27  0.2451E-11  0.2452E-11
CALSDV   28   28  0.3131E-11  0.3126E-11
CALSDV   29   28  0.4114E-11  0.4111E-11
CALSDV   30   28  0.3737E-11  0.3731E-11
CALSDV   31   28  0.2309E-11  0.2312E-11
CALSDV   32   28  0.3207E-11  0.3207E-11
CALSDV   33   28  0.2635E-11  0.2641E-11
CALSDV   34   28  0.2520E-11  0.2521E-11
CALSDV   35   28  0.2692E-11  0.2698E-11
CALSDV   36   28  0.2161E-11  0.2163E-11
CALSDV   37   28  0.2468E-11  0.2472E-11
CALSDV   38   28  0.2061E-11  0.2064E-11
CALSDV   39   28  0.2186E-11  0.2188E-11
CALSDV   40   28  0.2065E-11  0.2070E-11
CALSDV   41   28  0.1986E-11  0.1987E-11
CALSDV   42   28  0.2095E-11  0.2102E-11
CALSDV   43   28  0.1920E-11  0.1919E-11
CALSDV   44   28  0.2132E-11  0.2140E-11
CALSDV   45   28  0.1964E-11  0.1965E-11
CALSDV   46   28  0.2175E-11  0.2184E-11
CALSDV   47   28  0.2068E-11  0.2069E-11
CALSDV   48   28  0.2226E-11  0.2235E-11
CALSDV   49   28  0.2186E-11  0.2187E-11
CALSDV   50   28  0.2281E-11  0.2288E-11
CALSDV   51   28  0.2289E-11  0.2290E-11
CALSDV   52   28  0.2337E-11  0.2343E-11
CALSDV   53   28  0.2364E-11  0.2366E-11
CALSDV   54   28  0.2386E-11  0.2392E-11
CALSDV   55   28  0.2402E-11  0.2405E-11
CALSDV   56   28  0.2420E-11  0.2425E-11
CALSDV   57   28  0.2406E-11  0.2409E-11
CALSDV   58   28  0.2435E-11  0.2439E-11
CALSDV   59   28  0.2430E-11  0.2432E-11
CALSDV   60   28  0.2464E-11  0.2466E-11
CALSDV   29   29  0.2898E-11  0.2903E-11
CALSDV   30   29  0.4290E-11  0.4284E-11
CALSDV   31   29  0.3862E-11  0.3857E-11
CALSDV   32   29  0.2378E-11  0.2375E-11
CALSDV   33   29  0.3251E-11  0.3253E-11
CALSDV   34   29  0.2699E-11  0.2695E-11
CALSDV   35   29  0.2487E-11  0.2487E-11
CALSDV   36   29  0.2799E-11  0.2797E-11
CALSDV   37   29  0.2156E-11  0.2156E-11
CALSDV   38   29  0.2636E-11  0.2636E-11
CALSDV   39   29  0.2158E-11  0.2157E-11
CALSDV   40   29  0.2431E-11  0.2425E-11
CALSDV   41   29  0.2265E-11  0.2263E-11
CALSDV   42   29  0.2301E-11  0.2294E-11
CALSDV   43   29  0.2365E-11  0.2363E-11
CALSDV   44   29  0.2280E-11  0.2272E-11
CALSDV   45   29  0.2438E-11  0.2436E-11
CALSDV   46   29  0.2336E-11  0.2332E-11
CALSDV   47   29  0.2486E-11  0.2484E-11
CALSDV   48   29  0.2430E-11  0.2425E-11
CALSDV   49   29  0.2518E-11  0.2515E-11
CALSDV   50   29  0.2521E-11  0.2517E-11
CALSDV   51   29  0.2534E-11  0.2532E-11
CALSDV   52   29  0.2592E-11  0.2590E-11
CALSDV   53   29  0.2538E-11  0.2538E-11
CALSDV   54   29  0.2633E-11  0.2633E-11
CALSDV   55   29  0.2524E-11  0.2526E-11
CALSDV   56   29  0.2637E-11  0.2638E-11
CALSDV   57   29  0.2487E-11  0.2491E-11
CALSDV   58   29  0.2603E-11  0.2607E-11
CALSDV   59   29  0.2485E-11  0.2486E-11
CALSDV   60   29  0.2584E-11  0.2584E-11
CALSDV   30   30  0.3435E-11  0.3486E-11
CALSDV   31   30  0.4440E-11  0.4408E-11
CALSDV   32   30  0.3957E-11  0.3948E-11
CALSDV   33   30  0.2503E-11  0.2513E-11
CALSDV   34   30  0.3344E-11  0.3340E-11
CALSDV   35   30  0.2830E-11  0.2845E-11
CALSDV   36   30  0.2669E-11  0.2667E-11
CALSDV   37   30  0.2904E-11  0.2913E-11
CALSDV   38   30  0.2380E-11  0.2386E-11
CALSDV   39   30  0.2692E-11  0.2696E-11
CALSDV   40   30  0.2335E-11  0.2347E-11
CALSDV   41   30  0.2433E-11  0.2436E-11
CALSDV   42   30  0.2357E-11  0.2374E-11
CALSDV   43   30  0.2266E-11  0.2269E-11
CALSDV   44   30  0.2382E-11  0.2401E-11
CALSDV   45   30  0.2230E-11  0.2233E-11
CALSDV   46   30  0.2406E-11  0.2425E-11
CALSDV   47   30  0.2291E-11  0.2292E-11
CALSDV   48   30  0.2435E-11  0.2452E-11
CALSDV   49   30  0.2392E-11  0.2395E-11
CALSDV   50   30  0.2473E-11  0.2487E-11
CALSDV   51   30  0.2491E-11  0.2495E-11
CALSDV   52   30  0.2515E-11  0.2530E-11
CALSDV   53   30  0.2562E-11  0.2568E-11
CALSDV   54   30  0.2555E-11  0.2568E-11
CALSDV   55   30  0.2591E-11  0.2597E-11
CALSDV   56   30  0.2581E-11  0.2592E-11
CALSDV   57   30  0.2576E-11  0.2584E-11
CALSDV   58   30  0.2584E-11  0.2595E-11
CALSDV   59   30  0.2554E-11  0.2557E-11
CALSDV   60   30  0.2576E-11  0.2581E-11
CALSDV   31   31  0.3188E-11  0.3130E-11
CALSDV   32   31  0.4513E-11  0.4518E-11
CALSDV   33   31  0.4088E-11  0.4132E-11
CALSDV   34   31  0.2620E-11  0.2648E-11
CALSDV   35   31  0.3527E-11  0.3525E-11
CALSDV   36   31  0.2962E-11  0.2981E-11
CALSDV   37   31  0.2766E-11  0.2754E-11
CALSDV   38   31  0.3021E-11  0.3025E-11
CALSDV   39   31  0.2403E-11  0.2383E-11
CALSDV   40   31  0.2807E-11  0.2800E-11
CALSDV   41   31  0.2343E-11  0.2321E-11
CALSDV   42   31  0.2571E-11  0.2561E-11
CALSDV   43   31  0.2393E-11  0.2372E-11
CALSDV   44   31  0.2453E-11  0.2443E-11
CALSDV   45   31  0.2458E-11  0.2440E-11
CALSDV   46   31  0.2472E-11  0.2460E-11
CALSDV   47   31  0.2516E-11  0.2501E-11
CALSDV   48   31  0.2572E-11  0.2560E-11
CALSDV   49   31  0.2565E-11  0.2555E-11
CALSDV   50   31  0.2692E-11  0.2680E-11
CALSDV   51   31  0.2606E-11  0.2599E-11
CALSDV   52   31  0.2793E-11  0.2780E-11
CALSDV   53   31  0.2635E-11  0.2629E-11
CALSDV   54   31  0.2849E-11  0.2836E-11
CALSDV   55   31  0.2641E-11  0.2636E-11
CALSDV   56   31  0.2852E-11  0.2840E-11
CALSDV   57   31  0.2619E-11  0.2612E-11
CALSDV   58   31  0.2804E-11  0.2792E-11
CALSDV   59   31  0.2590E-11  0.2590E-11
CALSDV   60   31  0.2728E-11  0.2725E-11
CALSDV   32   32  0.3092E-11  0.3110E-11
CALSDV   33   32  0.4429E-11  0.4433E-11
CALSDV   34   32  0.4061E-11  0.4054E-11
CALSDV   35   32  0.2587E-11  0.2587E-11
CALSDV   36   32  0.3409E-11  0.3407E-11
CALSDV   37   32  0.3051E-11  0.3044E-11
CALSDV   38   32  0.2717E-11  0.2716E-11
CALSDV   39   32  0.3102E-11  0.3096E-11
CALSDV   40   32  0.2457E-11  0.2459E-11
CALSDV   41   32  0.2827E-11  0.2822E-11
CALSDV   42   32  0.2438E-11  0.2440E-11
CALSDV   43   32  0.2515E-11  0.2515E-11
CALSDV   44   32  0.2469E-11  0.2474E-11
CALSDV   45   32  0.2338E-11  0.2336E-11
CALSDV   46   32  0.2496E-11  0.2502E-11
CALSDV   47   32  0.2324E-11  0.2323E-11
CALSDV   48   32  0.2523E-11  0.2532E-11
CALSDV   49   32  0.2419E-11  0.2421E-11
CALSDV   50   32  0.2561E-11  0.2570E-11
CALSDV   51   32  0.2549E-11  0.2550E-11
CALSDV   52   32  0.2614E-11  0.2621E-11
CALSDV   53   32  0.2660E-11  0.2660E-11
CALSDV   54   32  0.2668E-11  0.2674E-11
CALSDV   55   32  0.2715E-11  0.2717E-11
CALSDV   56   32  0.2707E-11  0.2710E-11
CALSDV   57   32  0.2709E-11  0.2709E-11
CALSDV   58   32  0.2714E-11  0.2714E-11
CALSDV   59   32  0.2673E-11  0.2669E-11
CALSDV   60   32  0.2692E-11  0.2688E-11
CALSDV   33   33  0.3081E-11  0.3087E-11
CALSDV   34   33  0.4536E-11  0.4531E-11
CALSDV   35   33  0.4379E-11  0.4374E-11
CALSDV   36   33  0.2597E-11  0.2598E-11
CALSDV   37   33  0.3647E-11  0.3652E-11
CALSDV   38   33  0.3061E-11  0.3064E-11
CALSDV   39   33  0.2769E-11  0.2769E-11
CALSDV   40   33  0.3112E-11  0.3114E-11
CALSDV   41   33  0.2447E-11  0.2441E-11
CALSDV   42   33  0.2846E-11  0.2846E-11
CALSDV   43   33  0.2518E-11  0.2512E-11
CALSDV   44   33  0.2568E-11  0.2568E-11
CALSDV   45   33  0.2689E-11  0.2686E-11
CALSDV   46   33  0.2447E-11  0.2446E-11
CALSDV   47   33  0.2832E-11  0.2833E-11
CALSDV   48   33  0.2490E-11  0.2490E-11
CALSDV   49   33  0.2924E-11  0.2928E-11
CALSDV   50   33  0.2625E-11  0.2627E-11
CALSDV   51   33  0.2970E-11  0.2976E-11
CALSDV   52   33  0.2775E-11  0.2777E-11
CALSDV   53   33  0.2977E-11  0.2983E-11
CALSDV   54   33  0.2886E-11  0.2891E-11
CALSDV   55   33  0.2940E-11  0.2945E-11
CALSDV   56   33  0.2932E-11  0.2936E-11
CALSDV   57   33  0.2857E-11  0.2861E-11
CALSDV   58   33  0.2905E-11  0.2909E-11
CALSDV   59   33  0.2758E-11  0.2761E-11
CALSDV   60   33  0.2825E-11  0.2827E-11
CALSDV   34   34  0.3061E-11  0.3063E-11
CALSDV   35   34  0.4524E-11  0.4523E-11
CALSDV   36   34  0.4237E-11  0.4234E-11
CALSDV   37   34  0.2691E-11  0.2686E-11
CALSDV   38   34  0.3522E-11  0.3517E-11
CALSDV   39   34  0.3247E-11  0.3242E-11
CALSDV   40   34  0.2820E-11  0.2814E-11
CALSDV   41   34  0.3296E-11  0.3294E-11
CALSDV   42   34  0.2590E-11  0.2589E-11
CALSDV   43   34  0.3003E-11  0.3002E-11
CALSDV   44   34  0.2585E-11  0.2589E-11
CALSDV   45   34  0.2699E-11  0.2697E-11
CALSDV   46   34  0.2612E-11  0.2621E-11
CALSDV   47   34  0.2556E-11  0.2556E-11
CALSDV   48   34  0.2632E-11  0.2643E-11
CALSDV   49   34  0.2582E-11  0.2582E-11
CALSDV   50   34  0.2662E-11  0.2674E-11
CALSDV   51   34  0.2698E-11  0.2698E-11
CALSDV   52   34  0.2712E-11  0.2723E-11
CALSDV   53   34  0.2819E-11  0.2820E-11
CALSDV   54   34  0.2777E-11  0.2784E-11
CALSDV   55   34  0.2888E-11  0.2889E-11
CALSDV   56   34  0.2828E-11  0.2833E-11
CALSDV   57   34  0.2876E-11  0.2876E-11
CALSDV   58   34  0.2840E-11  0.2842E-11
CALSDV   59   34  0.2802E-11  0.2800E-11
CALSDV   60   34  0.2799E-11  0.2799E-11
CALSDV   35   35  0.3045E-11  0.3044E-11
CALSDV   36   35  0.4693E-11  0.4692E-11
CALSDV   37   35  0.4679E-11  0.4668E-11
CALSDV   38   35  0.2759E-11  0.2760E-11
CALSDV   39   35  0.3880E-11  0.3876E-11
CALSDV   40   35  0.3279E-11  0.3282E-11
CALSDV   41   35  0.2940E-11  0.2940E-11
CALSDV   42   35  0.3291E-11  0.3297E-11
CALSDV   43   35  0.2603E-11  0.2604E-11
CALSDV   44   35  0.2980E-11  0.2986E-11
CALSDV   45   35  0.2682E-11  0.2685E-11
CALSDV   46   35  0.2706E-11  0.2711E-11
CALSDV   47   35  0.2865E-11  0.2864E-11
CALSDV   48   35  0.2635E-11  0.2639E-11
CALSDV   49   35  0.3013E-11  0.3010E-11
CALSDV   50   35  0.2739E-11  0.2741E-11
CALSDV   51   35  0.3104E-11  0.3099E-11
CALSDV   52   35  0.2912E-11  0.2914E-11
CALSDV   53   35  0.3140E-11  0.3135E-11
CALSDV   54   35  0.3060E-11  0.3061E-11
CALSDV   55   35  0.3117E-11  0.3114E-11
CALSDV   56   35  0.3129E-11  0.3130E-11
CALSDV   57   35  0.3028E-11  0.3026E-11
CALSDV   58   35  0.3096E-11  0.3098E-11
CALSDV   59   35  0.2891E-11  0.2890E-11
CALSDV   60   35  0.2972E-11  0.2974E-11
CALSDV   36   36  0.3223E-11  0.3244E-11
CALSDV   37   36  0.4672E-11  0.4666E-11
CALSDV   38   36  0.4471E-11  0.4471E-11
CALSDV   39   36  0.2844E-11  0.2847E-11
CALSDV   40   36  0.3675E-11  0.3675E-11
CALSDV   41   36  0.3478E-11  0.3478E-11
CALSDV   42   36  0.2961E-11  0.2959E-11
CALSDV   43   36  0.3527E-11  0.3524E-11
CALSDV   44   36  0.2776E-11  0.2772E-11
CALSDV   45   36  0.3237E-11  0.3234E-11
CALSDV   46   36  0.2808E-11  0.2801E-11
CALSDV   47   36  0.2973E-11  0.2968E-11
CALSDV   48   36  0.2853E-11  0.2843E-11
CALSDV   49   36  0.2887E-11  0.2884E-11
CALSDV   50   36  0.2883E-11  0.2873E-11
CALSDV   51   36  0.2947E-11  0.2944E-11
CALSDV   52   36  0.2920E-11  0.2910E-11
CALSDV   53   36  0.3054E-11  0.3050E-11
CALSDV   54   36  0.2967E-11  0.2959E-11
CALSDV   55   36  0.3116E-11  0.3115E-11
CALSDV   56   36  0.3008E-11  0.3001E-11
CALSDV   57   36  0.3085E-11  0.3081E-11
CALSDV   58   36  0.3006E-11  0.3002E-11
CALSDV   59   36  0.2959E-11  0.2956E-11
CALSDV   60   36  0.2931E-11  0.2927E-11
CALSDV   37   37  0.3006E-11  0.2998E-11
CALSDV   38   37  0.4858E-11  0.4857E-11
CALSDV   39   37  0.4965E-11  0.4962E-11
CALSDV   40   37  0.2958E-11  0.2957E-11
CALSDV   41   37  0.4089E-11  0.4089E-11
CALSDV   42   37  0.3520E-11  0.3516E-11
CALSDV   43   37  0.3101E-11  0.3099E-11
CALSDV   44   37  0.3473E-11  0.3470E-11
CALSDV   45   37  0.2768E-11  0.2763E-11
CALSDV   46   37  0.3106E-11  0.3104E-11
CALSDV   47   37  0.2861E-11  0.2855E-11
CALSDV   48   37  0.2830E-11  0.2826E-11
CALSDV   49   37  0.3046E-11  0.3038E-11
CALSDV   50   37  0.2809E-11  0.2803E-11
CALSDV   51   37  0.3190E-11  0.3183E-11
CALSDV   52   37  0.2967E-11  0.2960E-11
CALSDV   53   37  0.3269E-11  0.3262E-11
CALSDV   54   37  0.3158E-11  0.3150E-11
CALSDV   55   37  0.3273E-11  0.3268E-11
CALSDV   56   37  0.3273E-11  0.3268E-11
CALSDV   57   37  0.3193E-11  0.3188E-11
CALSDV   58   37  0.3262E-11  0.3257E-11
CALSDV   59   37  0.3025E-11  0.3021E-11
CALSDV   60   37  0.3114E-11  0.3109E-11
CALSDV   38   38  0.3286E-11  0.3380E-11
CALSDV   39   38  0.4846E-11  0.4821E-11
CALSDV   40   38  0.4733E-11  0.4713E-11
CALSDV   41   38  0.3033E-11  0.3017E-11
CALSDV   42   38  0.3846E-11  0.3832E-11
CALSDV   43   38  0.3731E-11  0.3692E-11
CALSDV   44   38  0.3110E-11  0.3103E-11
CALSDV   45   38  0.3784E-11  0.3716E-11
CALSDV   46   38  0.2978E-11  0.2949E-11
CALSDV   47   38  0.3530E-11  0.3431E-11
CALSDV   48   38  0.3056E-11  0.2995E-11
CALSDV   49   38  0.3339E-11  0.3220E-11
CALSDV   50   38  0.3127E-11  0.3043E-11
CALSDV   51   38  0.3318E-11  0.3193E-11
CALSDV   52   38  0.3173E-11  0.3076E-11
CALSDV   53   38  0.3386E-11  0.3273E-11
CALSDV   54   38  0.3210E-11  0.3116E-11
CALSDV   55   38  0.3427E-11  0.3335E-11
CALSDV   56   38  0.3233E-11  0.3154E-11
CALSDV   57   38  0.3360E-11  0.3291E-11
CALSDV   58   38  0.3212E-11  0.3149E-11
CALSDV   59   38  0.3157E-11  0.3116E-11
CALSDV   60   38  0.3080E-11  0.3056E-11
CALSDV   39   39  0.3090E-11  0.3098E-11
CALSDV   40   39  0.5024E-11  0.5031E-11
CALSDV   41   39  0.5270E-11  0.5270E-11
CALSDV   42   39  0.3192E-11  0.3199E-11
CALSDV   43   39  0.4292E-11  0.4296E-11
CALSDV   44   39  0.3769E-11  0.3781E-11
CALSDV   45   39  0.3250E-11  0.3251E-11
CALSDV   46   39  0.3644E-11  0.3654E-11
CALSDV   47   39  0.2940E-11  0.2943E-11
CALSDV   48   39  0.3219E-11  0.3225E-11
CALSDV   49   39  0.3069E-11  0.3069E-11
CALSDV   50   39  0.2961E-11  0.2960E-11
CALSDV   51   39  0.3271E-11  0.3268E-11
CALSDV   52   39  0.3005E-11  0.2999E-11
CALSDV   53   39  0.3408E-11  0.3406E-11
CALSDV   54   39  0.3204E-11  0.3202E-11
CALSDV   55   39  0.3449E-11  0.3449E-11
CALSDV   56   39  0.3376E-11  0.3379E-11
CALSDV   57   39  0.3374E-11  0.3378E-11
CALSDV   58   39  0.3407E-11  0.3416E-11
CALSDV   59   39  0.3173E-11  0.3178E-11
CALSDV   60   39  0.3250E-11  0.3254E-11
CALSDV   40   40  0.3467E-11  0.3463E-11
CALSDV   41   40  0.5081E-11  0.5077E-11
CALSDV   42   40  0.5106E-11  0.5104E-11
CALSDV   43   40  0.3276E-11  0.3280E-11
CALSDV   44   40  0.4088E-11  0.4098E-11
CALSDV   45   40  0.3975E-11  0.3979E-11
CALSDV   46   40  0.3283E-11  0.3290E-11
CALSDV   47   40  0.4011E-11  0.4020E-11
CALSDV   48   40  0.3193E-11  0.3201E-11
CALSDV   49   40  0.3795E-11  0.3805E-11
CALSDV   50   40  0.3341E-11  0.3355E-11
CALSDV   51   40  0.3671E-11  0.3684E-11
CALSDV   52   40  0.3463E-11  0.3481E-11
CALSDV   53   40  0.3688E-11  0.3696E-11
CALSDV   54   40  0.3526E-11  0.3542E-11
CALSDV   55   40  0.3711E-11  0.3719E-11
CALSDV   56   40  0.3531E-11  0.3546E-11
CALSDV   57   40  0.3620E-11  0.3625E-11
CALSDV   58   40  0.3463E-11  0.3471E-11
CALSDV   59   40  0.3350E-11  0.3352E-11
CALSDV   60   40  0.3267E-11  0.3272E-11
CALSDV   41   41  0.3313E-11  0.3288E-11
CALSDV   42   41  0.5221E-11  0.5223E-11
CALSDV   43   41  0.5612E-11  0.5600E-11
CALSDV   44   41  0.3499E-11  0.3499E-11
CALSDV   45   41  0.4489E-11  0.4488E-11
CALSDV   46   41  0.4076E-11  0.4072E-11
CALSDV   47   41  0.3401E-11  0.3401E-11
CALSDV   48   41  0.3855E-11  0.3850E-11
CALSDV   49   41  0.3155E-11  0.3158E-11
CALSDV   50   41  0.3386E-11  0.3377E-11
CALSDV   51   41  0.3340E-11  0.3341E-11
CALSDV   52   41  0.3167E-11  0.3161E-11
CALSDV   53   41  0.3547E-11  0.3548E-11
CALSDV   54   41  0.3272E-11  0.3269E-11
CALSDV   55   41  0.3643E-11  0.3643E-11
CALSDV   56   41  0.3476E-11  0.3474E-11
CALSDV   57   41  0.3586E-11  0.3587E-11
CALSDV   58   41  0.3559E-11  0.3561E-11
CALSDV   59   41  0.3346E-11  0.3347E-11
CALSDV   60   41  0.3402E-11  0.3401E-11
CALSDV   42   42  0.3588E-11  0.3595E-11
CALSDV   43   42  0.5357E-11  0.5353E-11
CALSDV   44   42  0.5621E-11  0.5634E-11
CALSDV   45   42  0.3586E-11  0.3585E-11
CALSDV   46   42  0.4413E-11  0.4432E-11
CALSDV   47   42  0.4237E-11  0.4234E-11
CALSDV   48   42  0.3478E-11  0.3480E-11
CALSDV   49   42  0.4213E-11  0.4216E-11
CALSDV   50   42  0.3480E-11  0.3473E-11
CALSDV   51   42  0.3995E-11  0.4002E-11
CALSDV   52   42  0.3781E-11  0.3772E-11
CALSDV   53   42  0.3910E-11  0.3917E-11
CALSDV   54   42  0.3985E-11  0.3979E-11
CALSDV   55   42  0.3917E-11  0.3921E-11
CALSDV   56   42  0.4020E-11  0.4017E-11
CALSDV   57   42  0.3839E-11  0.3838E-11
CALSDV   58   42  0.3883E-11  0.3881E-11
CALSDV   59   42  0.3536E-11  0.3536E-11
CALSDV   60   42  0.3550E-11  0.3549E-11
CALSDV   43   43  0.3476E-11  0.3517E-11
CALSDV   44   43  0.5412E-11  0.5412E-11
CALSDV   45   43  0.5960E-11  0.5960E-11
CALSDV   46   43  0.3808E-11  0.3812E-11
CALSDV   47   43  0.4654E-11  0.4652E-11
CALSDV   48   43  0.4349E-11  0.4352E-11
CALSDV   49   43  0.3543E-11  0.3544E-11
CALSDV   50   43  0.4033E-11  0.4027E-11
CALSDV   51   43  0.3414E-11  0.3419E-11
CALSDV   52   43  0.3553E-11  0.3544E-11
CALSDV   53   43  0.3671E-11  0.3676E-11
CALSDV   54   43  0.3416E-11  0.3405E-11
CALSDV   55   43  0.3852E-11  0.3858E-11
CALSDV   56   43  0.3569E-11  0.3562E-11
CALSDV   57   43  0.3831E-11  0.3832E-11
CALSDV   58   43  0.3700E-11  0.3694E-11
CALSDV   59   43  0.3550E-11  0.3550E-11
CALSDV   60   43  0.3556E-11  0.3553E-11
CALSDV   44   44  0.3683E-11  0.3708E-11
CALSDV   45   44  0.5680E-11  0.5688E-11
CALSDV   46   44  0.6157E-11  0.6170E-11
CALSDV   47   44  0.3943E-11  0.3943E-11
CALSDV   48   44  0.4726E-11  0.4729E-11
CALSDV   49   44  0.4530E-11  0.4546E-11
CALSDV   50   44  0.3667E-11  0.3668E-11
CALSDV   51   44  0.4458E-11  0.4469E-11
CALSDV   52   44  0.3768E-11  0.3775E-11
CALSDV   53   44  0.4253E-11  0.4264E-11
CALSDV   54   44  0.4174E-11  0.4169E-11
CALSDV   55   44  0.4172E-11  0.4176E-11
CALSDV   56   44  0.4368E-11  0.4359E-11
CALSDV   57   44  0.4075E-11  0.4078E-11
CALSDV   58   44  0.4259E-11  0.4254E-11
CALSDV   59   44  0.3737E-11  0.3739E-11
CALSDV   60   44  0.3833E-11  0.3832E-11
CALSDV   45   45  0.3926E-11  0.3846E-11
CALSDV   46   45  0.5713E-11  0.5733E-11
CALSDV   47   45  0.6372E-11  0.6383E-11
CALSDV   48   45  0.4176E-11  0.4185E-11
CALSDV   49   45  0.4838E-11  0.4836E-11
CALSDV   50   45  0.4774E-11  0.4765E-11
CALSDV   51   45  0.3808E-11  0.3817E-11
CALSDV   52   45  0.4511E-11  0.4493E-11
CALSDV   53   45  0.3901E-11  0.3924E-11
CALSDV   54   45  0.4131E-11  0.4113E-11
CALSDV   55   45  0.4204E-11  0.4220E-11
CALSDV   56   45  0.4023E-11  0.4006E-11
CALSDV   57   45  0.4223E-11  0.4232E-11
CALSDV   58   45  0.4023E-11  0.4009E-11
CALSDV   59   45  0.3848E-11  0.3855E-11
CALSDV   60   45  0.3791E-11  0.3784E-11
CALSDV   46   46  0.4258E-11  0.4259E-11
CALSDV   47   46  0.6206E-11  0.6130E-11
CALSDV   48   46  0.6740E-11  0.6661E-11
CALSDV   49   46  0.4504E-11  0.4448E-11
CALSDV   50   46  0.5130E-11  0.5144E-11
CALSDV   51   46  0.5031E-11  0.5011E-11
CALSDV   52   46  0.4041E-11  0.4075E-11
CALSDV   53   46  0.4899E-11  0.4895E-11
CALSDV   54   46  0.4133E-11  0.4186E-11
CALSDV   55   46  0.4640E-11  0.4640E-11
CALSDV   56   46  0.4437E-11  0.4511E-11
CALSDV   57   46  0.4398E-11  0.4424E-11
CALSDV   58   46  0.4445E-11  0.4526E-11
CALSDV   59   46  0.3974E-11  0.3990E-11
CALSDV   60   46  0.4041E-11  0.4080E-11
CALSDV   47   47  0.3772E-11  0.3812E-11
CALSDV   48   47  0.5910E-11  0.5932E-11
CALSDV   49   47  0.6692E-11  0.6690E-11
CALSDV   50   47  0.4530E-11  0.4537E-11
CALSDV   51   47  0.4890E-11  0.4887E-11
CALSDV   52   47  0.5022E-11  0.5044E-11
CALSDV   53   47  0.3971E-11  0.3977E-11
CALSDV   54   47  0.4665E-11  0.4714E-11
CALSDV   55   47  0.4239E-11  0.4244E-11
CALSDV   56   47  0.4331E-11  0.4374E-11
CALSDV   57   47  0.4452E-11  0.4451E-11
CALSDV   58   47  0.4230E-11  0.4255E-11
CALSDV   59   47  0.4119E-11  0.4116E-11
CALSDV   60   47  0.3986E-11  0.3991E-11
CALSDV   48   48  0.3838E-11  0.3791E-11
CALSDV   49   48  0.6246E-11  0.6256E-11
CALSDV   50   48  0.6985E-11  0.6973E-11
CALSDV   51   48  0.4535E-11  0.4536E-11
CALSDV   52   48  0.4964E-11  0.4958E-11
CALSDV   53   48  0.4908E-11  0.4916E-11
CALSDV   54   48  0.4041E-11  0.4039E-11
CALSDV   55   48  0.4694E-11  0.4709E-11
CALSDV   56   48  0.4496E-11  0.4496E-11
CALSDV   57   48  0.4467E-11  0.4480E-11
CALSDV   58   48  0.4793E-11  0.4793E-11
CALSDV   59   48  0.4114E-11  0.4123E-11
CALSDV   60   48  0.4402E-11  0.4404E-11
CALSDV   49   49  0.3506E-11  0.3507E-11
CALSDV   50   49  0.6121E-11  0.6103E-11
CALSDV   51   49  0.6872E-11  0.6865E-11
CALSDV   52   49  0.4817E-11  0.4817E-11
CALSDV   53   49  0.4767E-11  0.4766E-11
CALSDV   54   49  0.5181E-11  0.5183E-11
CALSDV   55   49  0.4076E-11  0.4074E-11
CALSDV   56   49  0.4797E-11  0.4783E-11
CALSDV   57   49  0.4451E-11  0.4442E-11
CALSDV   58   49  0.4509E-11  0.4492E-11
CALSDV   59   49  0.4325E-11  0.4320E-11
CALSDV   60   49  0.4204E-11  0.4196E-11
CALSDV   50   50  0.3690E-11  0.3668E-11
CALSDV   51   50  0.6743E-11  0.6747E-11
CALSDV   52   50  0.7195E-11  0.7209E-11
CALSDV   53   50  0.4818E-11  0.4826E-11
CALSDV   54   50  0.4874E-11  0.4886E-11
CALSDV   55   50  0.5307E-11  0.5313E-11
CALSDV   56   50  0.4268E-11  0.4284E-11
CALSDV   57   50  0.5130E-11  0.5132E-11
CALSDV   58   50  0.4798E-11  0.4807E-11
CALSDV   59   50  0.4559E-11  0.4562E-11
CALSDV   60   50  0.4641E-11  0.4647E-11
CALSDV   51   51  0.3328E-11  0.3313E-11
CALSDV   52   51  0.6568E-11  0.6587E-11
CALSDV   53   51  0.6950E-11  0.6956E-11
CALSDV   54   51  0.5164E-11  0.5171E-11
CALSDV   55   51  0.4675E-11  0.4690E-11
CALSDV   56   51  0.5611E-11  0.5617E-11
CALSDV   57   51  0.4434E-11  0.4453E-11
CALSDV   58   51  0.5269E-11  0.5273E-11
CALSDV   59   51  0.4557E-11  0.4570E-11
CALSDV   60   51  0.4663E-11  0.4669E-11
CALSDV   52   52  0.3501E-11  0.3475E-11
CALSDV   53   52  0.7011E-11  0.7015E-11
CALSDV   54   52  0.7195E-11  0.7196E-11
CALSDV   55   52  0.5126E-11  0.5126E-11
CALSDV   56   52  0.4678E-11  0.4687E-11
CALSDV   57   52  0.5685E-11  0.5690E-11
CALSDV   58   52  0.4591E-11  0.4597E-11
CALSDV   59   52  0.5104E-11  0.5110E-11
CALSDV   60   52  0.4817E-11  0.4819E-11
CALSDV   53   53  0.3044E-11  0.3042E-11
CALSDV   54   53  0.6971E-11  0.6967E-11
CALSDV   55   53  0.6822E-11  0.6830E-11
CALSDV   56   53  0.5536E-11  0.5531E-11
CALSDV   57   53  0.4724E-11  0.4732E-11
CALSDV   58   53  0.6105E-11  0.6063E-11
CALSDV   59   53  0.4734E-11  0.4753E-11
CALSDV   60   53  0.5369E-11  0.5338E-11
CALSDV   54   54  0.3305E-11  0.3312E-11
CALSDV   55   54  0.6754E-11  0.6771E-11
CALSDV   56   54  0.6896E-11  0.6914E-11
CALSDV   57   54  0.5538E-11  0.5556E-11
CALSDV   58   54  0.4592E-11  0.4594E-11
CALSDV   59   54  0.5743E-11  0.5763E-11
CALSDV   60   54  0.4869E-11  0.4884E-11
CALSDV   55   55  0.3237E-11  0.3262E-11
CALSDV   56   55  0.6942E-11  0.6958E-11
CALSDV   57   55  0.6776E-11  0.6795E-11
CALSDV   58   55  0.6113E-11  0.6116E-11
CALSDV   59   55  0.5225E-11  0.5235E-11
CALSDV   60   55  0.6275E-11  0.6282E-11
CALSDV   56   56  0.3428E-11  0.3460E-11
CALSDV   57   56  0.5722E-11  0.5725E-11
CALSDV   58   56  0.6596E-11  0.6601E-11
CALSDV   59   56  0.6069E-11  0.6073E-11
CALSDV   60   56  0.5070E-11  0.5084E-11
CALSDV   57   57  0.3730E-11  0.3757E-11
CALSDV   58   57  0.5951E-11  0.5944E-11
CALSDV   59   57  0.7387E-11  0.7395E-11
CALSDV   60   57  0.6532E-11  0.6527E-11
CALSDV   58   58  0.3844E-11  0.3795E-11
CALSDV   59   58  0.4365E-11  0.4372E-11
CALSDV   60   58  0.7150E-11  0.7204E-11
CALSDV   59   59  0.2949E-11  0.3004E-11
CALSDV   60   59  0.4657E-11  0.4676E-11
CALSDV   60   60  0.3618E-11  0.3631E-11
