  This file contains calibrated standard deviations 
       The relevant data lines start with key CALSDV 
       Each such line contains the following data 
           N   M   C_SIGMA   S_SIGMA 
                 FOR M=0 S_SIGMA=0.0 
     
CALSDV    0    0  0.0000E+00  0.0000E+00
CALSDV    1    0  0.0000E+00  0.0000E+00
CALSDV    2    0  0.4119E-10  0.0000E+00
CALSDV    3    0  0.8101E-11  0.0000E+00
CALSDV    4    0  0.2867E-11  0.0000E+00
CALSDV    5    0  0.1934E-11  0.0000E+00
CALSDV    6    0  0.1486E-11  0.0000E+00
CALSDV    7    0  0.1196E-11  0.0000E+00
CALSDV    8    0  0.1011E-11  0.0000E+00
CALSDV    9    0  0.8799E-12  0.0000E+00
CALSDV   10    0  0.7843E-12  0.0000E+00
CALSDV   11    0  0.7120E-12  0.0000E+00
CALSDV   12    0  0.6562E-12  0.0000E+00
CALSDV   13    0  0.6133E-12  0.0000E+00
CALSDV   14    0  0.5791E-12  0.0000E+00
CALSDV   15    0  0.5521E-12  0.0000E+00
CALSDV   16    0  0.5304E-12  0.0000E+00
CALSDV   17    0  0.5134E-12  0.0000E+00
CALSDV   18    0  0.5000E-12  0.0000E+00
CALSDV   19    0  0.4898E-12  0.0000E+00
CALSDV   20    0  0.4821E-12  0.0000E+00
CALSDV   21    0  0.4767E-12  0.0000E+00
CALSDV   22    0  0.4733E-12  0.0000E+00
CALSDV   23    0  0.4718E-12  0.0000E+00
CALSDV   24    0  0.4718E-12  0.0000E+00
CALSDV   25    0  0.4735E-12  0.0000E+00
CALSDV   26    0  0.4764E-12  0.0000E+00
CALSDV   27    0  0.4807E-12  0.0000E+00
CALSDV   28    0  0.4863E-12  0.0000E+00
CALSDV   29    0  0.4931E-12  0.0000E+00
CALSDV   30    0  0.5011E-12  0.0000E+00
CALSDV   31    0  0.5103E-12  0.0000E+00
CALSDV   32    0  0.5206E-12  0.0000E+00
CALSDV   33    0  0.5321E-12  0.0000E+00
CALSDV   34    0  0.5448E-12  0.0000E+00
CALSDV   35    0  0.5587E-12  0.0000E+00
CALSDV   36    0  0.5738E-12  0.0000E+00
CALSDV   37    0  0.5904E-12  0.0000E+00
CALSDV   38    0  0.6082E-12  0.0000E+00
CALSDV   39    0  0.6273E-12  0.0000E+00
CALSDV   40    0  0.6478E-12  0.0000E+00
CALSDV   41    0  0.6699E-12  0.0000E+00
CALSDV   42    0  0.6936E-12  0.0000E+00
CALSDV   43    0  0.7188E-12  0.0000E+00
CALSDV   44    0  0.7458E-12  0.0000E+00
CALSDV   45    0  0.7746E-12  0.0000E+00
CALSDV   46    0  0.8053E-12  0.0000E+00
CALSDV   47    0  0.8380E-12  0.0000E+00
CALSDV   48    0  0.8728E-12  0.0000E+00
CALSDV   49    0  0.9099E-12  0.0000E+00
CALSDV   50    0  0.9494E-12  0.0000E+00
CALSDV   51    0  0.9913E-12  0.0000E+00
CALSDV   52    0  0.1036E-11  0.0000E+00
CALSDV   53    0  0.1083E-11  0.0000E+00
CALSDV   54    0  0.1134E-11  0.0000E+00
CALSDV   55    0  0.1186E-11  0.0000E+00
CALSDV   56    0  0.1244E-11  0.0000E+00
CALSDV   57    0  0.1298E-11  0.0000E+00
CALSDV   58    0  0.1360E-11  0.0000E+00
CALSDV   59    0  0.1287E-11  0.0000E+00
CALSDV   60    0  0.1345E-11  0.0000E+00
CALSDV    1    1  0.0000E+00  0.0000E+00
CALSDV    2    1  0.2186E-10  0.2239E-10
CALSDV    3    1  0.5789E-11  0.5841E-11
CALSDV    4    1  0.3045E-11  0.3051E-11
CALSDV    5    1  0.2055E-11  0.2064E-11
CALSDV    6    1  0.1548E-11  0.1551E-11
CALSDV    7    1  0.1245E-11  0.1247E-11
CALSDV    8    1  0.1040E-11  0.1042E-11
CALSDV    9    1  0.9013E-12  0.9032E-12
CALSDV   10    1  0.8000E-12  0.8010E-12
CALSDV   11    1  0.7250E-12  0.7269E-12
CALSDV   12    1  0.6667E-12  0.6679E-12
CALSDV   13    1  0.6214E-12  0.6225E-12
CALSDV   14    1  0.5858E-12  0.5868E-12
CALSDV   15    1  0.5580E-12  0.5587E-12
CALSDV   16    1  0.5354E-12  0.5362E-12
CALSDV   17    1  0.5175E-12  0.5183E-12
CALSDV   18    1  0.5037E-12  0.5044E-12
CALSDV   19    1  0.4929E-12  0.4936E-12
CALSDV   20    1  0.4849E-12  0.4855E-12
CALSDV   21    1  0.4793E-12  0.4800E-12
CALSDV   22    1  0.4756E-12  0.4763E-12
CALSDV   23    1  0.4738E-12  0.4745E-12
CALSDV   24    1  0.4737E-12  0.4745E-12
CALSDV   25    1  0.4752E-12  0.4759E-12
CALSDV   26    1  0.4780E-12  0.4787E-12
CALSDV   27    1  0.4822E-12  0.4829E-12
CALSDV   28    1  0.4876E-12  0.4884E-12
CALSDV   29    1  0.4944E-12  0.4952E-12
CALSDV   30    1  0.5022E-12  0.5029E-12
CALSDV   31    1  0.5113E-12  0.5121E-12
CALSDV   32    1  0.5216E-12  0.5224E-12
CALSDV   33    1  0.5331E-12  0.5340E-12
CALSDV   34    1  0.5456E-12  0.5465E-12
CALSDV   35    1  0.5596E-12  0.5604E-12
CALSDV   36    1  0.5747E-12  0.5756E-12
CALSDV   37    1  0.5911E-12  0.5921E-12
CALSDV   38    1  0.6088E-12  0.6098E-12
CALSDV   39    1  0.6279E-12  0.6289E-12
CALSDV   40    1  0.6485E-12  0.6495E-12
CALSDV   41    1  0.6704E-12  0.6716E-12
CALSDV   42    1  0.6941E-12  0.6952E-12
CALSDV   43    1  0.7193E-12  0.7204E-12
CALSDV   44    1  0.7462E-12  0.7475E-12
CALSDV   45    1  0.7749E-12  0.7763E-12
CALSDV   46    1  0.8057E-12  0.8070E-12
CALSDV   47    1  0.8383E-12  0.8397E-12
CALSDV   48    1  0.8732E-12  0.8746E-12
CALSDV   49    1  0.9101E-12  0.9116E-12
CALSDV   50    1  0.9496E-12  0.9513E-12
CALSDV   51    1  0.9914E-12  0.9931E-12
CALSDV   52    1  0.1036E-11  0.1038E-11
CALSDV   53    1  0.1083E-11  0.1085E-11
CALSDV   54    1  0.1134E-11  0.1136E-11
CALSDV   55    1  0.1186E-11  0.1188E-11
CALSDV   56    1  0.1244E-11  0.1246E-11
CALSDV   57    1  0.1298E-11  0.1300E-11
CALSDV   58    1  0.1360E-11  0.1363E-11
CALSDV   59    1  0.1289E-11  0.1292E-11
CALSDV   60    1  0.1346E-11  0.1349E-11
CALSDV    2    2  0.1909E-10  0.2337E-10
CALSDV    3    2  0.8777E-11  0.8857E-11
CALSDV    4    2  0.4239E-11  0.4237E-11
CALSDV    5    2  0.2628E-11  0.2626E-11
CALSDV    6    2  0.1901E-11  0.1903E-11
CALSDV    7    2  0.1457E-11  0.1458E-11
CALSDV    8    2  0.1190E-11  0.1192E-11
CALSDV    9    2  0.1006E-11  0.1007E-11
CALSDV   10    2  0.8808E-12  0.8817E-12
CALSDV   11    2  0.7850E-12  0.7858E-12
CALSDV   12    2  0.7150E-12  0.7159E-12
CALSDV   13    2  0.6604E-12  0.6607E-12
CALSDV   14    2  0.6183E-12  0.6190E-12
CALSDV   15    2  0.5849E-12  0.5853E-12
CALSDV   16    2  0.5584E-12  0.5589E-12
CALSDV   17    2  0.5375E-12  0.5379E-12
CALSDV   18    2  0.5211E-12  0.5215E-12
CALSDV   19    2  0.5084E-12  0.5087E-12
CALSDV   20    2  0.4986E-12  0.4991E-12
CALSDV   21    2  0.4917E-12  0.4918E-12
CALSDV   22    2  0.4866E-12  0.4874E-12
CALSDV   23    2  0.4841E-12  0.4844E-12
CALSDV   24    2  0.4831E-12  0.4835E-12
CALSDV   25    2  0.4839E-12  0.4842E-12
CALSDV   26    2  0.4860E-12  0.4864E-12
CALSDV   27    2  0.4897E-12  0.4901E-12
CALSDV   28    2  0.4947E-12  0.4951E-12
CALSDV   29    2  0.5010E-12  0.5014E-12
CALSDV   30    2  0.5085E-12  0.5089E-12
CALSDV   31    2  0.5173E-12  0.5177E-12
CALSDV   32    2  0.5273E-12  0.5277E-12
CALSDV   33    2  0.5385E-12  0.5389E-12
CALSDV   34    2  0.5509E-12  0.5513E-12
CALSDV   35    2  0.5646E-12  0.5651E-12
CALSDV   36    2  0.5795E-12  0.5800E-12
CALSDV   37    2  0.5959E-12  0.5963E-12
CALSDV   38    2  0.6135E-12  0.6139E-12
CALSDV   39    2  0.6324E-12  0.6329E-12
CALSDV   40    2  0.6528E-12  0.6533E-12
CALSDV   41    2  0.6748E-12  0.6753E-12
CALSDV   42    2  0.6983E-12  0.6988E-12
CALSDV   43    2  0.7235E-12  0.7239E-12
CALSDV   44    2  0.7503E-12  0.7509E-12
CALSDV   45    2  0.7790E-12  0.7796E-12
CALSDV   46    2  0.8096E-12  0.8103E-12
CALSDV   47    2  0.8423E-12  0.8429E-12
CALSDV   48    2  0.8771E-12  0.8778E-12
CALSDV   49    2  0.9141E-12  0.9149E-12
CALSDV   50    2  0.9535E-12  0.9543E-12
CALSDV   51    2  0.9955E-12  0.9963E-12
CALSDV   52    2  0.1040E-11  0.1041E-11
CALSDV   53    2  0.1088E-11  0.1088E-11
CALSDV   54    2  0.1138E-11  0.1139E-11
CALSDV   55    2  0.1191E-11  0.1192E-11
CALSDV   56    2  0.1248E-11  0.1249E-11
CALSDV   57    2  0.1304E-11  0.1305E-11
CALSDV   58    2  0.1366E-11  0.1367E-11
CALSDV   59    2  0.1305E-11  0.1307E-11
CALSDV   60    2  0.1363E-11  0.1364E-11
CALSDV    3    3  0.2144E-10  0.2132E-10
CALSDV    4    3  0.8815E-11  0.8750E-11
CALSDV    5    3  0.5916E-11  0.5942E-11
CALSDV    6    3  0.3148E-11  0.3119E-11
CALSDV    7    3  0.2776E-11  0.2781E-11
CALSDV    8    3  0.1730E-11  0.1715E-11
CALSDV    9    3  0.1642E-11  0.1645E-11
CALSDV   10    3  0.1157E-11  0.1151E-11
CALSDV   11    3  0.1134E-11  0.1136E-11
CALSDV   12    3  0.8785E-12  0.8748E-12
CALSDV   13    3  0.8694E-12  0.8706E-12
CALSDV   14    3  0.7230E-12  0.7210E-12
CALSDV   15    3  0.7197E-12  0.7204E-12
CALSDV   16    3  0.6305E-12  0.6291E-12
CALSDV   17    3  0.6295E-12  0.6301E-12
CALSDV   18    3  0.5733E-12  0.5723E-12
CALSDV   19    3  0.5741E-12  0.5748E-12
CALSDV   20    3  0.5382E-12  0.5377E-12
CALSDV   21    3  0.5408E-12  0.5412E-12
CALSDV   22    3  0.5176E-12  0.5174E-12
CALSDV   23    3  0.5221E-12  0.5225E-12
CALSDV   24    3  0.5081E-12  0.5080E-12
CALSDV   25    3  0.5141E-12  0.5145E-12
CALSDV   26    3  0.5068E-12  0.5068E-12
CALSDV   27    3  0.5144E-12  0.5148E-12
CALSDV   28    3  0.5123E-12  0.5123E-12
CALSDV   29    3  0.5218E-12  0.5221E-12
CALSDV   30    3  0.5237E-12  0.5239E-12
CALSDV   31    3  0.5350E-12  0.5353E-12
CALSDV   32    3  0.5407E-12  0.5409E-12
CALSDV   33    3  0.5539E-12  0.5542E-12
CALSDV   34    3  0.5630E-12  0.5632E-12
CALSDV   35    3  0.5783E-12  0.5786E-12
CALSDV   36    3  0.5906E-12  0.5908E-12
CALSDV   37    3  0.6081E-12  0.6084E-12
CALSDV   38    3  0.6235E-12  0.6237E-12
CALSDV   39    3  0.6436E-12  0.6439E-12
CALSDV   40    3  0.6622E-12  0.6625E-12
CALSDV   41    3  0.6850E-12  0.6854E-12
CALSDV   42    3  0.7071E-12  0.7074E-12
CALSDV   43    3  0.7330E-12  0.7334E-12
CALSDV   44    3  0.7587E-12  0.7591E-12
CALSDV   45    3  0.7881E-12  0.7885E-12
CALSDV   46    3  0.8177E-12  0.8181E-12
CALSDV   47    3  0.8509E-12  0.8514E-12
CALSDV   48    3  0.8849E-12  0.8853E-12
CALSDV   49    3  0.9225E-12  0.9230E-12
CALSDV   50    3  0.9613E-12  0.9617E-12
CALSDV   51    3  0.1004E-11  0.1004E-11
CALSDV   52    3  0.1048E-11  0.1048E-11
CALSDV   53    3  0.1096E-11  0.1097E-11
CALSDV   54    3  0.1146E-11  0.1147E-11
CALSDV   55    3  0.1200E-11  0.1201E-11
CALSDV   56    3  0.1257E-11  0.1257E-11
CALSDV   57    3  0.1315E-11  0.1316E-11
CALSDV   58    3  0.1377E-11  0.1378E-11
CALSDV   59    3  0.1340E-11  0.1340E-11
CALSDV   60    3  0.1396E-11  0.1397E-11
CALSDV    4    4  0.1159E-10  0.1160E-10
CALSDV    5    4  0.8404E-11  0.8330E-11
CALSDV    6    4  0.3680E-11  0.3675E-11
CALSDV    7    4  0.3079E-11  0.3074E-11
CALSDV    8    4  0.1958E-11  0.1960E-11
CALSDV    9    4  0.1680E-11  0.1675E-11
CALSDV   10    4  0.1279E-11  0.1282E-11
CALSDV   11    4  0.1142E-11  0.1139E-11
CALSDV   12    4  0.9562E-12  0.9571E-12
CALSDV   13    4  0.8813E-12  0.8797E-12
CALSDV   14    4  0.7786E-12  0.7793E-12
CALSDV   15    4  0.7354E-12  0.7348E-12
CALSDV   16    4  0.6730E-12  0.6738E-12
CALSDV   17    4  0.6479E-12  0.6471E-12
CALSDV   18    4  0.6079E-12  0.6084E-12
CALSDV   19    4  0.5934E-12  0.5928E-12
CALSDV   20    4  0.5672E-12  0.5678E-12
CALSDV   21    4  0.5594E-12  0.5591E-12
CALSDV   22    4  0.5429E-12  0.5431E-12
CALSDV   23    4  0.5402E-12  0.5399E-12
CALSDV   24    4  0.5303E-12  0.5305E-12
CALSDV   25    4  0.5312E-12  0.5310E-12
CALSDV   26    4  0.5267E-12  0.5266E-12
CALSDV   27    4  0.5306E-12  0.5304E-12
CALSDV   28    4  0.5303E-12  0.5303E-12
CALSDV   29    4  0.5369E-12  0.5367E-12
CALSDV   30    4  0.5402E-12  0.5401E-12
CALSDV   31    4  0.5493E-12  0.5491E-12
CALSDV   32    4  0.5559E-12  0.5558E-12
CALSDV   33    4  0.5675E-12  0.5672E-12
CALSDV   34    4  0.5771E-12  0.5770E-12
CALSDV   35    4  0.5911E-12  0.5909E-12
CALSDV   36    4  0.6037E-12  0.6036E-12
CALSDV   37    4  0.6204E-12  0.6201E-12
CALSDV   38    4  0.6361E-12  0.6359E-12
CALSDV   39    4  0.6553E-12  0.6550E-12
CALSDV   40    4  0.6740E-12  0.6739E-12
CALSDV   41    4  0.6964E-12  0.6960E-12
CALSDV   42    4  0.7185E-12  0.7183E-12
CALSDV   43    4  0.7439E-12  0.7436E-12
CALSDV   44    4  0.7697E-12  0.7694E-12
CALSDV   45    4  0.7986E-12  0.7983E-12
CALSDV   46    4  0.8283E-12  0.8280E-12
CALSDV   47    4  0.8612E-12  0.8609E-12
CALSDV   48    4  0.8952E-12  0.8950E-12
CALSDV   49    4  0.9326E-12  0.9323E-12
CALSDV   50    4  0.9714E-12  0.9711E-12
CALSDV   51    4  0.1014E-11  0.1013E-11
CALSDV   52    4  0.1058E-11  0.1058E-11
CALSDV   53    4  0.1106E-11  0.1106E-11
CALSDV   54    4  0.1156E-11  0.1156E-11
CALSDV   55    4  0.1210E-11  0.1210E-11
CALSDV   56    4  0.1267E-11  0.1267E-11
CALSDV   57    4  0.1327E-11  0.1327E-11
CALSDV   58    4  0.1390E-11  0.1390E-11
CALSDV   59    4  0.1370E-11  0.1370E-11
CALSDV   60    4  0.1427E-11  0.1427E-11
CALSDV    5    5  0.1576E-10  0.1579E-10
CALSDV    6    5  0.6175E-11  0.6171E-11
CALSDV    7    5  0.4210E-11  0.4205E-11
CALSDV    8    5  0.2490E-11  0.2483E-11
CALSDV    9    5  0.2389E-11  0.2393E-11
CALSDV   10    5  0.1549E-11  0.1548E-11
CALSDV   11    5  0.1628E-11  0.1630E-11
CALSDV   12    5  0.1159E-11  0.1158E-11
CALSDV   13    5  0.1218E-11  0.1220E-11
CALSDV   14    5  0.9430E-12  0.9428E-12
CALSDV   15    5  0.9755E-12  0.9769E-12
CALSDV   16    5  0.8072E-12  0.8069E-12
CALSDV   17    5  0.8236E-12  0.8245E-12
CALSDV   18    5  0.7173E-12  0.7171E-12
CALSDV   19    5  0.7252E-12  0.7259E-12
CALSDV   20    5  0.6565E-12  0.6565E-12
CALSDV   21    5  0.6613E-12  0.6620E-12
CALSDV   22    5  0.6168E-12  0.6172E-12
CALSDV   23    5  0.6203E-12  0.6208E-12
CALSDV   24    5  0.5921E-12  0.5924E-12
CALSDV   25    5  0.5956E-12  0.5963E-12
CALSDV   26    5  0.5789E-12  0.5793E-12
CALSDV   27    5  0.5835E-12  0.5841E-12
CALSDV   28    5  0.5749E-12  0.5754E-12
CALSDV   29    5  0.5811E-12  0.5817E-12
CALSDV   30    5  0.5786E-12  0.5792E-12
CALSDV   31    5  0.5867E-12  0.5874E-12
CALSDV   32    5  0.5895E-12  0.5901E-12
CALSDV   33    5  0.5996E-12  0.6003E-12
CALSDV   34    5  0.6066E-12  0.6072E-12
CALSDV   35    5  0.6191E-12  0.6198E-12
CALSDV   36    5  0.6301E-12  0.6308E-12
CALSDV   37    5  0.6449E-12  0.6457E-12
CALSDV   38    5  0.6596E-12  0.6603E-12
CALSDV   39    5  0.6772E-12  0.6780E-12
CALSDV   40    5  0.6954E-12  0.6962E-12
CALSDV   41    5  0.7160E-12  0.7168E-12
CALSDV   42    5  0.7378E-12  0.7387E-12
CALSDV   43    5  0.7617E-12  0.7626E-12
CALSDV   44    5  0.7874E-12  0.7883E-12
CALSDV   45    5  0.8149E-12  0.8159E-12
CALSDV   46    5  0.8446E-12  0.8456E-12
CALSDV   47    5  0.8762E-12  0.8771E-12
CALSDV   48    5  0.9104E-12  0.9114E-12
CALSDV   49    5  0.9464E-12  0.9475E-12
CALSDV   50    5  0.9856E-12  0.9867E-12
CALSDV   51    5  0.1027E-11  0.1028E-11
CALSDV   52    5  0.1071E-11  0.1072E-11
CALSDV   53    5  0.1118E-11  0.1119E-11
CALSDV   54    5  0.1169E-11  0.1170E-11
CALSDV   55    5  0.1222E-11  0.1224E-11
CALSDV   56    5  0.1279E-11  0.1281E-11
CALSDV   57    5  0.1340E-11  0.1341E-11
CALSDV   58    5  0.1404E-11  0.1405E-11
CALSDV   59    5  0.1398E-11  0.1400E-11
CALSDV   60    5  0.1457E-11  0.1459E-11
CALSDV    6    6  0.7863E-11  0.7748E-11
CALSDV    7    6  0.7780E-11  0.7894E-11
CALSDV    8    6  0.3693E-11  0.3673E-11
CALSDV    9    6  0.3643E-11  0.3717E-11
CALSDV   10    6  0.2283E-11  0.2263E-11
CALSDV   11    6  0.2135E-11  0.2181E-11
CALSDV   12    6  0.1545E-11  0.1529E-11
CALSDV   13    6  0.1463E-11  0.1492E-11
CALSDV   14    6  0.1146E-11  0.1137E-11
CALSDV   15    6  0.1115E-11  0.1132E-11
CALSDV   16    6  0.9216E-12  0.9155E-12
CALSDV   17    6  0.9157E-12  0.9258E-12
CALSDV   18    6  0.7885E-12  0.7840E-12
CALSDV   19    6  0.7918E-12  0.7994E-12
CALSDV   20    6  0.7054E-12  0.7021E-12
CALSDV   21    6  0.7148E-12  0.7191E-12
CALSDV   22    6  0.6546E-12  0.6519E-12
CALSDV   23    6  0.6652E-12  0.6684E-12
CALSDV   24    6  0.6232E-12  0.6209E-12
CALSDV   25    6  0.6350E-12  0.6373E-12
CALSDV   26    6  0.6061E-12  0.6046E-12
CALSDV   27    6  0.6187E-12  0.6202E-12
CALSDV   28    6  0.6000E-12  0.5986E-12
CALSDV   29    6  0.6130E-12  0.6141E-12
CALSDV   30    6  0.6023E-12  0.6011E-12
CALSDV   31    6  0.6163E-12  0.6170E-12
CALSDV   32    6  0.6119E-12  0.6109E-12
CALSDV   33    6  0.6270E-12  0.6275E-12
CALSDV   34    6  0.6281E-12  0.6273E-12
CALSDV   35    6  0.6448E-12  0.6451E-12
CALSDV   36    6  0.6507E-12  0.6500E-12
CALSDV   37    6  0.6691E-12  0.6693E-12
CALSDV   38    6  0.6795E-12  0.6788E-12
CALSDV   39    6  0.6999E-12  0.7000E-12
CALSDV   40    6  0.7146E-12  0.7139E-12
CALSDV   41    6  0.7377E-12  0.7376E-12
CALSDV   42    6  0.7564E-12  0.7559E-12
CALSDV   43    6  0.7822E-12  0.7821E-12
CALSDV   44    6  0.8055E-12  0.8049E-12
CALSDV   45    6  0.8344E-12  0.8343E-12
CALSDV   46    6  0.8621E-12  0.8616E-12
CALSDV   47    6  0.8949E-12  0.8946E-12
CALSDV   48    6  0.9273E-12  0.9267E-12
CALSDV   49    6  0.9643E-12  0.9640E-12
CALSDV   50    6  0.1002E-11  0.1001E-11
CALSDV   51    6  0.1044E-11  0.1044E-11
CALSDV   52    6  0.1087E-11  0.1087E-11
CALSDV   53    6  0.1135E-11  0.1134E-11
CALSDV   54    6  0.1184E-11  0.1184E-11
CALSDV   55    6  0.1239E-11  0.1238E-11
CALSDV   56    6  0.1295E-11  0.1294E-11
CALSDV   57    6  0.1357E-11  0.1357E-11
CALSDV   58    6  0.1421E-11  0.1420E-11
CALSDV   59    6  0.1432E-11  0.1431E-11
CALSDV   60    6  0.1490E-11  0.1489E-11
CALSDV    7    7  0.1117E-10  0.1130E-10
CALSDV    8    7  0.5725E-11  0.5734E-11
CALSDV    9    7  0.3793E-11  0.3808E-11
CALSDV   10    7  0.2360E-11  0.2368E-11
CALSDV   11    7  0.2210E-11  0.2203E-11
CALSDV   12    7  0.1449E-11  0.1456E-11
CALSDV   13    7  0.1501E-11  0.1501E-11
CALSDV   14    7  0.1155E-11  0.1157E-11
CALSDV   15    7  0.1137E-11  0.1139E-11
CALSDV   16    7  0.1005E-11  0.1005E-11
CALSDV   17    7  0.9351E-12  0.9363E-12
CALSDV   18    7  0.9017E-12  0.9020E-12
CALSDV   19    7  0.8151E-12  0.8171E-12
CALSDV   20    7  0.8258E-12  0.8258E-12
CALSDV   21    7  0.7395E-12  0.7419E-12
CALSDV   22    7  0.7693E-12  0.7689E-12
CALSDV   23    7  0.6924E-12  0.6941E-12
CALSDV   24    7  0.7282E-12  0.7278E-12
CALSDV   25    7  0.6636E-12  0.6648E-12
CALSDV   26    7  0.7000E-12  0.6997E-12
CALSDV   27    7  0.6473E-12  0.6486E-12
CALSDV   28    7  0.6831E-12  0.6827E-12
CALSDV   29    7  0.6415E-12  0.6426E-12
CALSDV   30    7  0.6755E-12  0.6752E-12
CALSDV   31    7  0.6440E-12  0.6449E-12
CALSDV   32    7  0.6764E-12  0.6764E-12
CALSDV   33    7  0.6539E-12  0.6547E-12
CALSDV   34    7  0.6852E-12  0.6849E-12
CALSDV   35    7  0.6705E-12  0.6713E-12
CALSDV   36    7  0.7012E-12  0.7011E-12
CALSDV   37    7  0.6937E-12  0.6945E-12
CALSDV   38    7  0.7244E-12  0.7243E-12
CALSDV   39    7  0.7234E-12  0.7241E-12
CALSDV   40    7  0.7547E-12  0.7547E-12
CALSDV   41    7  0.7597E-12  0.7605E-12
CALSDV   42    7  0.7923E-12  0.7925E-12
CALSDV   43    7  0.8033E-12  0.8040E-12
CALSDV   44    7  0.8376E-12  0.8378E-12
CALSDV   45    7  0.8543E-12  0.8552E-12
CALSDV   46    7  0.8912E-12  0.8915E-12
CALSDV   47    7  0.9137E-12  0.9145E-12
CALSDV   48    7  0.9536E-12  0.9540E-12
CALSDV   49    7  0.9820E-12  0.9829E-12
CALSDV   50    7  0.1026E-11  0.1026E-11
CALSDV   51    7  0.1061E-11  0.1061E-11
CALSDV   52    7  0.1109E-11  0.1109E-11
CALSDV   53    7  0.1150E-11  0.1151E-11
CALSDV   54    7  0.1204E-11  0.1205E-11
CALSDV   55    7  0.1253E-11  0.1254E-11
CALSDV   56    7  0.1313E-11  0.1314E-11
CALSDV   57    7  0.1372E-11  0.1373E-11
CALSDV   58    7  0.1439E-11  0.1440E-11
CALSDV   59    7  0.1457E-11  0.1458E-11
CALSDV   60    7  0.1522E-11  0.1522E-11
CALSDV    8    8  0.5336E-11  0.5688E-11
CALSDV    9    8  0.5241E-11  0.5322E-11
CALSDV   10    8  0.3530E-11  0.3546E-11
CALSDV   11    8  0.2869E-11  0.2895E-11
CALSDV   12    8  0.2534E-11  0.2557E-11
CALSDV   13    8  0.2056E-11  0.2054E-11
CALSDV   14    8  0.1823E-11  0.1846E-11
CALSDV   15    8  0.1627E-11  0.1617E-11
CALSDV   16    8  0.1384E-11  0.1404E-11
CALSDV   17    8  0.1346E-11  0.1336E-11
CALSDV   18    8  0.1116E-11  0.1132E-11
CALSDV   19    8  0.1151E-11  0.1142E-11
CALSDV   20    8  0.9520E-12  0.9649E-12
CALSDV   21    8  0.1012E-11  0.1005E-11
CALSDV   22    8  0.8484E-12  0.8581E-12
CALSDV   23    8  0.9132E-12  0.9071E-12
CALSDV   24    8  0.7826E-12  0.7901E-12
CALSDV   25    8  0.8432E-12  0.8386E-12
CALSDV   26    8  0.7424E-12  0.7479E-12
CALSDV   27    8  0.7955E-12  0.7915E-12
CALSDV   28    8  0.7186E-12  0.7228E-12
CALSDV   29    8  0.7648E-12  0.7616E-12
CALSDV   30    8  0.7080E-12  0.7112E-12
CALSDV   31    8  0.7477E-12  0.7453E-12
CALSDV   32    8  0.7073E-12  0.7098E-12
CALSDV   33    8  0.7421E-12  0.7402E-12
CALSDV   34    8  0.7151E-12  0.7170E-12
CALSDV   35    8  0.7465E-12  0.7448E-12
CALSDV   36    8  0.7306E-12  0.7320E-12
CALSDV   37    8  0.7597E-12  0.7584E-12
CALSDV   38    8  0.7531E-12  0.7544E-12
CALSDV   39    8  0.7812E-12  0.7803E-12
CALSDV   40    8  0.7831E-12  0.7838E-12
CALSDV   41    8  0.8111E-12  0.8103E-12
CALSDV   42    8  0.8199E-12  0.8207E-12
CALSDV   43    8  0.8490E-12  0.8483E-12
CALSDV   44    8  0.8645E-12  0.8651E-12
CALSDV   45    8  0.8953E-12  0.8948E-12
CALSDV   46    8  0.9173E-12  0.9178E-12
CALSDV   47    8  0.9506E-12  0.9502E-12
CALSDV   48    8  0.9789E-12  0.9793E-12
CALSDV   49    8  0.1016E-11  0.1015E-11
CALSDV   50    8  0.1050E-11  0.1050E-11
CALSDV   51    8  0.1091E-11  0.1091E-11
CALSDV   52    8  0.1132E-11  0.1132E-11
CALSDV   53    8  0.1178E-11  0.1178E-11
CALSDV   54    8  0.1226E-11  0.1226E-11
CALSDV   55    8  0.1279E-11  0.1279E-11
CALSDV   56    8  0.1335E-11  0.1335E-11
CALSDV   57    8  0.1396E-11  0.1396E-11
CALSDV   58    8  0.1460E-11  0.1460E-11
CALSDV   59    8  0.1497E-11  0.1497E-11
CALSDV   60    8  0.1556E-11  0.1557E-11
CALSDV    9    9  0.8283E-11  0.8235E-11
CALSDV   10    9  0.5292E-11  0.5302E-11
CALSDV   11    9  0.3725E-11  0.3707E-11
CALSDV   12    9  0.2410E-11  0.2415E-11
CALSDV   13    9  0.2363E-11  0.2360E-11
CALSDV   14    9  0.1513E-11  0.1516E-11
CALSDV   15    9  0.1597E-11  0.1599E-11
CALSDV   16    9  0.1223E-11  0.1222E-11
CALSDV   17    9  0.1179E-11  0.1181E-11
CALSDV   18    9  0.1082E-11  0.1081E-11
CALSDV   19    9  0.9554E-12  0.9574E-12
CALSDV   20    9  0.9891E-12  0.9883E-12
CALSDV   21    9  0.8397E-12  0.8409E-12
CALSDV   22    9  0.9181E-12  0.9173E-12
CALSDV   23    9  0.7782E-12  0.7788E-12
CALSDV   24    9  0.8643E-12  0.8640E-12
CALSDV   25    9  0.7447E-12  0.7455E-12
CALSDV   26    9  0.8247E-12  0.8245E-12
CALSDV   27    9  0.7285E-12  0.7290E-12
CALSDV   28    9  0.7968E-12  0.7967E-12
CALSDV   29    9  0.7221E-12  0.7227E-12
CALSDV   30    9  0.7797E-12  0.7798E-12
CALSDV   31    9  0.7241E-12  0.7245E-12
CALSDV   32    9  0.7724E-12  0.7724E-12
CALSDV   33    9  0.7326E-12  0.7330E-12
CALSDV   34    9  0.7737E-12  0.7739E-12
CALSDV   35    9  0.7471E-12  0.7477E-12
CALSDV   36    9  0.7832E-12  0.7834E-12
CALSDV   37    9  0.7679E-12  0.7682E-12
CALSDV   38    9  0.8007E-12  0.8007E-12
CALSDV   39    9  0.7948E-12  0.7952E-12
CALSDV   40    9  0.8257E-12  0.8259E-12
CALSDV   41    9  0.8281E-12  0.8284E-12
CALSDV   42    9  0.8587E-12  0.8590E-12
CALSDV   43    9  0.8684E-12  0.8687E-12
CALSDV   44    9  0.8999E-12  0.9000E-12
CALSDV   45    9  0.9160E-12  0.9162E-12
CALSDV   46    9  0.9494E-12  0.9495E-12
CALSDV   47    9  0.9718E-12  0.9721E-12
CALSDV   48    9  0.1008E-11  0.1008E-11
CALSDV   49    9  0.1037E-11  0.1037E-11
CALSDV   50    9  0.1077E-11  0.1077E-11
CALSDV   51    9  0.1112E-11  0.1112E-11
CALSDV   52    9  0.1157E-11  0.1157E-11
CALSDV   53    9  0.1198E-11  0.1198E-11
CALSDV   54    9  0.1248E-11  0.1249E-11
CALSDV   55    9  0.1298E-11  0.1298E-11
CALSDV   56    9  0.1355E-11  0.1355E-11
CALSDV   57    9  0.1415E-11  0.1415E-11
CALSDV   58    9  0.1479E-11  0.1480E-11
CALSDV   59    9  0.1523E-11  0.1524E-11
CALSDV   60    9  0.1583E-11  0.1584E-11
CALSDV   10   10  0.4817E-11  0.4776E-11
CALSDV   11   10  0.4258E-11  0.4242E-11
CALSDV   12   10  0.3162E-11  0.3149E-11
CALSDV   13   10  0.2207E-11  0.2200E-11
CALSDV   14   10  0.2515E-11  0.2504E-11
CALSDV   15   10  0.1797E-11  0.1799E-11
CALSDV   16   10  0.1924E-11  0.1915E-11
CALSDV   17   10  0.1626E-11  0.1630E-11
CALSDV   18   10  0.1526E-11  0.1518E-11
CALSDV   19   10  0.1472E-11  0.1475E-11
CALSDV   20   10  0.1271E-11  0.1266E-11
CALSDV   21   10  0.1330E-11  0.1334E-11
CALSDV   22   10  0.1111E-11  0.1107E-11
CALSDV   23   10  0.1210E-11  0.1213E-11
CALSDV   24   10  0.1008E-11  0.1005E-11
CALSDV   25   10  0.1113E-11  0.1115E-11
CALSDV   26   10  0.9401E-12  0.9379E-12
CALSDV   27   10  0.1037E-11  0.1039E-11
CALSDV   28   10  0.8964E-12  0.8950E-12
CALSDV   29   10  0.9803E-12  0.9811E-12
CALSDV   30   10  0.8699E-12  0.8687E-12
CALSDV   31   10  0.9398E-12  0.9405E-12
CALSDV   32   10  0.8555E-12  0.8545E-12
CALSDV   33   10  0.9136E-12  0.9140E-12
CALSDV   34   10  0.8517E-12  0.8509E-12
CALSDV   35   10  0.8999E-12  0.8999E-12
CALSDV   36   10  0.8569E-12  0.8562E-12
CALSDV   37   10  0.8973E-12  0.8974E-12
CALSDV   38   10  0.8699E-12  0.8695E-12
CALSDV   39   10  0.9051E-12  0.9049E-12
CALSDV   40   10  0.8911E-12  0.8906E-12
CALSDV   41   10  0.9227E-12  0.9226E-12
CALSDV   42   10  0.9200E-12  0.9198E-12
CALSDV   43   10  0.9499E-12  0.9497E-12
CALSDV   44   10  0.9572E-12  0.9569E-12
CALSDV   45   10  0.9866E-12  0.9864E-12
CALSDV   46   10  0.1003E-11  0.1002E-11
CALSDV   47   10  0.1033E-11  0.1033E-11
CALSDV   48   10  0.1057E-11  0.1057E-11
CALSDV   49   10  0.1090E-11  0.1090E-11
CALSDV   50   10  0.1122E-11  0.1122E-11
CALSDV   51   10  0.1158E-11  0.1158E-11
CALSDV   52   10  0.1198E-11  0.1198E-11
CALSDV   53   10  0.1238E-11  0.1238E-11
CALSDV   54   10  0.1286E-11  0.1286E-11
CALSDV   55   10  0.1333E-11  0.1333E-11
CALSDV   56   10  0.1389E-11  0.1389E-11
CALSDV   57   10  0.1446E-11  0.1446E-11
CALSDV   58   10  0.1511E-11  0.1511E-11
CALSDV   59   10  0.1566E-11  0.1566E-11
CALSDV   60   10  0.1628E-11  0.1629E-11
CALSDV   11   11  0.5744E-11  0.5765E-11
CALSDV   12   11  0.4751E-11  0.4755E-11
CALSDV   13   11  0.3434E-11  0.3431E-11
CALSDV   14   11  0.2433E-11  0.2443E-11
CALSDV   15   11  0.2486E-11  0.2482E-11
CALSDV   16   11  0.1668E-11  0.1680E-11
CALSDV   17   11  0.1753E-11  0.1751E-11
CALSDV   18   11  0.1366E-11  0.1375E-11
CALSDV   19   11  0.1298E-11  0.1296E-11
CALSDV   20   11  0.1193E-11  0.1197E-11
CALSDV   21   11  0.1044E-11  0.1043E-11
CALSDV   22   11  0.1074E-11  0.1076E-11
CALSDV   23   11  0.9168E-12  0.9156E-12
CALSDV   24   11  0.9886E-12  0.9891E-12
CALSDV   25   11  0.8586E-12  0.8575E-12
CALSDV   26   11  0.9277E-12  0.9281E-12
CALSDV   27   11  0.8340E-12  0.8336E-12
CALSDV   28   11  0.8864E-12  0.8866E-12
CALSDV   29   11  0.8268E-12  0.8262E-12
CALSDV   30   11  0.8608E-12  0.8613E-12
CALSDV   31   11  0.8289E-12  0.8283E-12
CALSDV   32   11  0.8480E-12  0.8483E-12
CALSDV   33   11  0.8369E-12  0.8367E-12
CALSDV   34   11  0.8458E-12  0.8464E-12
CALSDV   35   11  0.8503E-12  0.8504E-12
CALSDV   36   11  0.8533E-12  0.8537E-12
CALSDV   37   11  0.8691E-12  0.8692E-12
CALSDV   38   11  0.8690E-12  0.8696E-12
CALSDV   39   11  0.8928E-12  0.8928E-12
CALSDV   40   11  0.8927E-12  0.8932E-12
CALSDV   41   11  0.9224E-12  0.9226E-12
CALSDV   42   11  0.9244E-12  0.9251E-12
CALSDV   43   11  0.9583E-12  0.9586E-12
CALSDV   44   11  0.9640E-12  0.9646E-12
CALSDV   45   11  0.1001E-11  0.1002E-11
CALSDV   46   11  0.1012E-11  0.1012E-11
CALSDV   47   11  0.1052E-11  0.1052E-11
CALSDV   48   11  0.1069E-11  0.1069E-11
CALSDV   49   11  0.1111E-11  0.1112E-11
CALSDV   50   11  0.1135E-11  0.1136E-11
CALSDV   51   11  0.1181E-11  0.1181E-11
CALSDV   52   11  0.1212E-11  0.1213E-11
CALSDV   53   11  0.1261E-11  0.1262E-11
CALSDV   54   11  0.1301E-11  0.1301E-11
CALSDV   55   11  0.1355E-11  0.1356E-11
CALSDV   56   11  0.1404E-11  0.1404E-11
CALSDV   57   11  0.1467E-11  0.1468E-11
CALSDV   58   11  0.1525E-11  0.1526E-11
CALSDV   59   11  0.1592E-11  0.1593E-11
CALSDV   60   11  0.1645E-11  0.1646E-11
CALSDV   12   12  0.4415E-11  0.4333E-11
CALSDV   13   12  0.4127E-11  0.4175E-11
CALSDV   14   12  0.2901E-11  0.2908E-11
CALSDV   15   12  0.2006E-11  0.2035E-11
CALSDV   16   12  0.2340E-11  0.2342E-11
CALSDV   17   12  0.1639E-11  0.1647E-11
CALSDV   18   12  0.1798E-11  0.1796E-11
CALSDV   19   12  0.1574E-11  0.1574E-11
CALSDV   20   12  0.1450E-11  0.1447E-11
CALSDV   21   12  0.1496E-11  0.1492E-11
CALSDV   22   12  0.1252E-11  0.1249E-11
CALSDV   23   12  0.1399E-11  0.1396E-11
CALSDV   24   12  0.1143E-11  0.1140E-11
CALSDV   25   12  0.1305E-11  0.1301E-11
CALSDV   26   12  0.1082E-11  0.1080E-11
CALSDV   27   12  0.1222E-11  0.1219E-11
CALSDV   28   12  0.1045E-11  0.1044E-11
CALSDV   29   12  0.1155E-11  0.1152E-11
CALSDV   30   12  0.1023E-11  0.1022E-11
CALSDV   31   12  0.1102E-11  0.1100E-11
CALSDV   32   12  0.1010E-11  0.1010E-11
CALSDV   33   12  0.1065E-11  0.1063E-11
CALSDV   34   12  0.1005E-11  0.1004E-11
CALSDV   35   12  0.1040E-11  0.1039E-11
CALSDV   36   12  0.1006E-11  0.1006E-11
CALSDV   37   12  0.1028E-11  0.1027E-11
CALSDV   38   12  0.1013E-11  0.1014E-11
CALSDV   39   12  0.1027E-11  0.1027E-11
CALSDV   40   12  0.1028E-11  0.1029E-11
CALSDV   41   12  0.1036E-11  0.1036E-11
CALSDV   42   12  0.1049E-11  0.1050E-11
CALSDV   43   12  0.1055E-11  0.1055E-11
CALSDV   44   12  0.1079E-11  0.1079E-11
CALSDV   45   12  0.1084E-11  0.1085E-11
CALSDV   46   12  0.1116E-11  0.1117E-11
CALSDV   47   12  0.1123E-11  0.1124E-11
CALSDV   48   12  0.1162E-11  0.1163E-11
CALSDV   49   12  0.1173E-11  0.1174E-11
CALSDV   50   12  0.1218E-11  0.1219E-11
CALSDV   51   12  0.1234E-11  0.1235E-11
CALSDV   52   12  0.1284E-11  0.1285E-11
CALSDV   53   12  0.1307E-11  0.1308E-11
CALSDV   54   12  0.1363E-11  0.1364E-11
CALSDV   55   12  0.1394E-11  0.1395E-11
CALSDV   56   12  0.1457E-11  0.1459E-11
CALSDV   57   12  0.1501E-11  0.1502E-11
CALSDV   58   12  0.1572E-11  0.1573E-11
CALSDV   59   12  0.1632E-11  0.1633E-11
CALSDV   60   12  0.1703E-11  0.1705E-11
CALSDV   13   13  0.4359E-11  0.4421E-11
CALSDV   14   13  0.4153E-11  0.4155E-11
CALSDV   15   13  0.3192E-11  0.3199E-11
CALSDV   16   13  0.2293E-11  0.2287E-11
CALSDV   17   13  0.2549E-11  0.2551E-11
CALSDV   18   13  0.1766E-11  0.1760E-11
CALSDV   19   13  0.1871E-11  0.1873E-11
CALSDV   20   13  0.1521E-11  0.1519E-11
CALSDV   21   13  0.1403E-11  0.1406E-11
CALSDV   22   13  0.1335E-11  0.1335E-11
CALSDV   23   13  0.1133E-11  0.1136E-11
CALSDV   24   13  0.1187E-11  0.1188E-11
CALSDV   25   13  0.1001E-11  0.1003E-11
CALSDV   26   13  0.1076E-11  0.1077E-11
CALSDV   27   13  0.9457E-12  0.9478E-12
CALSDV   28   13  0.9995E-12  0.1001E-11
CALSDV   29   13  0.9301E-12  0.9318E-12
CALSDV   30   13  0.9508E-12  0.9531E-12
CALSDV   31   13  0.9329E-12  0.9340E-12
CALSDV   32   13  0.9253E-12  0.9272E-12
CALSDV   33   13  0.9430E-12  0.9440E-12
CALSDV   34   13  0.9170E-12  0.9187E-12
CALSDV   35   13  0.9586E-12  0.9590E-12
CALSDV   36   13  0.9217E-12  0.9236E-12
CALSDV   37   13  0.9776E-12  0.9781E-12
CALSDV   38   13  0.9376E-12  0.9392E-12
CALSDV   39   13  0.1001E-11  0.1001E-11
CALSDV   40   13  0.9624E-12  0.9638E-12
CALSDV   41   13  0.1028E-11  0.1029E-11
CALSDV   42   13  0.9954E-12  0.9964E-12
CALSDV   43   13  0.1061E-11  0.1061E-11
CALSDV   44   13  0.1036E-11  0.1037E-11
CALSDV   45   13  0.1100E-11  0.1100E-11
CALSDV   46   13  0.1084E-11  0.1085E-11
CALSDV   47   13  0.1146E-11  0.1146E-11
CALSDV   48   13  0.1140E-11  0.1141E-11
CALSDV   49   13  0.1199E-11  0.1199E-11
CALSDV   50   13  0.1205E-11  0.1206E-11
CALSDV   51   13  0.1262E-11  0.1262E-11
CALSDV   52   13  0.1279E-11  0.1280E-11
CALSDV   53   13  0.1335E-11  0.1335E-11
CALSDV   54   13  0.1365E-11  0.1365E-11
CALSDV   55   13  0.1422E-11  0.1422E-11
CALSDV   56   13  0.1464E-11  0.1463E-11
CALSDV   57   13  0.1527E-11  0.1527E-11
CALSDV   58   13  0.1580E-11  0.1581E-11
CALSDV   59   13  0.1661E-11  0.1661E-11
CALSDV   60   13  0.1712E-11  0.1712E-11
CALSDV   14   14  0.3586E-11  0.3610E-11
CALSDV   15   14  0.4278E-11  0.4308E-11
CALSDV   16   14  0.2879E-11  0.2888E-11
CALSDV   17   14  0.2161E-11  0.2171E-11
CALSDV   18   14  0.2360E-11  0.2363E-11
CALSDV   19   14  0.1684E-11  0.1681E-11
CALSDV   20   14  0.1764E-11  0.1764E-11
CALSDV   21   14  0.1589E-11  0.1590E-11
CALSDV   22   14  0.1383E-11  0.1383E-11
CALSDV   23   14  0.1516E-11  0.1518E-11
CALSDV   24   14  0.1198E-11  0.1199E-11
CALSDV   25   14  0.1431E-11  0.1434E-11
CALSDV   26   14  0.1130E-11  0.1132E-11
CALSDV   27   14  0.1349E-11  0.1353E-11
CALSDV   28   14  0.1114E-11  0.1116E-11
CALSDV   29   14  0.1279E-11  0.1283E-11
CALSDV   30   14  0.1117E-11  0.1120E-11
CALSDV   31   14  0.1222E-11  0.1227E-11
CALSDV   32   14  0.1126E-11  0.1129E-11
CALSDV   33   14  0.1181E-11  0.1186E-11
CALSDV   34   14  0.1136E-11  0.1138E-11
CALSDV   35   14  0.1154E-11  0.1159E-11
CALSDV   36   14  0.1146E-11  0.1148E-11
CALSDV   37   14  0.1139E-11  0.1143E-11
CALSDV   38   14  0.1158E-11  0.1160E-11
CALSDV   39   14  0.1136E-11  0.1139E-11
CALSDV   40   14  0.1173E-11  0.1174E-11
CALSDV   41   14  0.1142E-11  0.1146E-11
CALSDV   42   14  0.1192E-11  0.1193E-11
CALSDV   43   14  0.1159E-11  0.1161E-11
CALSDV   44   14  0.1217E-11  0.1218E-11
CALSDV   45   14  0.1184E-11  0.1186E-11
CALSDV   46   14  0.1247E-11  0.1248E-11
CALSDV   47   14  0.1219E-11  0.1221E-11
CALSDV   48   14  0.1285E-11  0.1286E-11
CALSDV   49   14  0.1264E-11  0.1266E-11
CALSDV   50   14  0.1332E-11  0.1333E-11
CALSDV   51   14  0.1318E-11  0.1320E-11
CALSDV   52   14  0.1389E-11  0.1390E-11
CALSDV   53   14  0.1384E-11  0.1386E-11
CALSDV   54   14  0.1456E-11  0.1458E-11
CALSDV   55   14  0.1464E-11  0.1466E-11
CALSDV   56   14  0.1539E-11  0.1541E-11
CALSDV   57   14  0.1563E-11  0.1565E-11
CALSDV   58   14  0.1643E-11  0.1645E-11
CALSDV   59   14  0.1698E-11  0.1701E-11
CALSDV   60   14  0.1779E-11  0.1782E-11
CALSDV   15   15  0.4238E-11  0.4261E-11
CALSDV   16   15  0.4316E-11  0.4283E-11
CALSDV   17   15  0.3073E-11  0.3069E-11
CALSDV   18   15  0.2292E-11  0.2279E-11
CALSDV   19   15  0.2642E-11  0.2631E-11
CALSDV   20   15  0.1723E-11  0.1733E-11
CALSDV   21   15  0.2055E-11  0.2054E-11
CALSDV   22   15  0.1542E-11  0.1536E-11
CALSDV   23   15  0.1622E-11  0.1630E-11
CALSDV   24   15  0.1413E-11  0.1402E-11
CALSDV   25   15  0.1363E-11  0.1370E-11
CALSDV   26   15  0.1296E-11  0.1287E-11
CALSDV   27   15  0.1226E-11  0.1232E-11
CALSDV   28   15  0.1201E-11  0.1198E-11
CALSDV   29   15  0.1160E-11  0.1166E-11
CALSDV   30   15  0.1132E-11  0.1133E-11
CALSDV   31   15  0.1132E-11  0.1138E-11
CALSDV   32   15  0.1088E-11  0.1092E-11
CALSDV   33   15  0.1124E-11  0.1131E-11
CALSDV   34   15  0.1066E-11  0.1071E-11
CALSDV   35   15  0.1126E-11  0.1134E-11
CALSDV   36   15  0.1061E-11  0.1066E-11
CALSDV   37   15  0.1135E-11  0.1142E-11
CALSDV   38   15  0.1069E-11  0.1074E-11
CALSDV   39   15  0.1150E-11  0.1157E-11
CALSDV   40   15  0.1088E-11  0.1092E-11
CALSDV   41   15  0.1170E-11  0.1176E-11
CALSDV   42   15  0.1116E-11  0.1119E-11
CALSDV   43   15  0.1194E-11  0.1200E-11
CALSDV   44   15  0.1152E-11  0.1155E-11
CALSDV   45   15  0.1226E-11  0.1230E-11
CALSDV   46   15  0.1195E-11  0.1197E-11
CALSDV   47   15  0.1263E-11  0.1267E-11
CALSDV   48   15  0.1247E-11  0.1248E-11
CALSDV   49   15  0.1309E-11  0.1311E-11
CALSDV   50   15  0.1306E-11  0.1306E-11
CALSDV   51   15  0.1363E-11  0.1364E-11
CALSDV   52   15  0.1374E-11  0.1374E-11
CALSDV   53   15  0.1426E-11  0.1427E-11
CALSDV   54   15  0.1451E-11  0.1451E-11
CALSDV   55   15  0.1503E-11  0.1503E-11
CALSDV   56   15  0.1541E-11  0.1541E-11
CALSDV   57   15  0.1597E-11  0.1597E-11
CALSDV   58   15  0.1650E-11  0.1649E-11
CALSDV   59   15  0.1734E-11  0.1733E-11
CALSDV   60   15  0.1786E-11  0.1786E-11
CALSDV   16   16  0.3131E-11  0.3138E-11
CALSDV   17   16  0.4097E-11  0.4102E-11
CALSDV   18   16  0.2935E-11  0.2943E-11
CALSDV   19   16  0.2158E-11  0.2161E-11
CALSDV   20   16  0.2506E-11  0.2506E-11
CALSDV   21   16  0.1747E-11  0.1754E-11
CALSDV   22   16  0.1880E-11  0.1880E-11
CALSDV   23   16  0.1652E-11  0.1660E-11
CALSDV   24   16  0.1455E-11  0.1456E-11
CALSDV   25   16  0.1564E-11  0.1571E-11
CALSDV   26   16  0.1256E-11  0.1259E-11
CALSDV   27   16  0.1467E-11  0.1474E-11
CALSDV   28   16  0.1200E-11  0.1204E-11
CALSDV   29   16  0.1380E-11  0.1387E-11
CALSDV   30   16  0.1209E-11  0.1213E-11
CALSDV   31   16  0.1314E-11  0.1320E-11
CALSDV   32   16  0.1236E-11  0.1240E-11
CALSDV   33   16  0.1267E-11  0.1274E-11
CALSDV   34   16  0.1264E-11  0.1268E-11
CALSDV   35   16  0.1240E-11  0.1247E-11
CALSDV   36   16  0.1288E-11  0.1292E-11
CALSDV   37   16  0.1228E-11  0.1234E-11
CALSDV   38   16  0.1309E-11  0.1313E-11
CALSDV   39   16  0.1228E-11  0.1234E-11
CALSDV   40   16  0.1327E-11  0.1332E-11
CALSDV   41   16  0.1239E-11  0.1244E-11
CALSDV   42   16  0.1346E-11  0.1351E-11
CALSDV   43   16  0.1258E-11  0.1263E-11
CALSDV   44   16  0.1368E-11  0.1372E-11
CALSDV   45   16  0.1285E-11  0.1290E-11
CALSDV   46   16  0.1393E-11  0.1398E-11
CALSDV   47   16  0.1319E-11  0.1324E-11
CALSDV   48   16  0.1423E-11  0.1428E-11
CALSDV   49   16  0.1361E-11  0.1366E-11
CALSDV   50   16  0.1460E-11  0.1466E-11
CALSDV   51   16  0.1412E-11  0.1417E-11
CALSDV   52   16  0.1506E-11  0.1511E-11
CALSDV   53   16  0.1472E-11  0.1477E-11
CALSDV   54   16  0.1561E-11  0.1567E-11
CALSDV   55   16  0.1543E-11  0.1549E-11
CALSDV   56   16  0.1631E-11  0.1637E-11
CALSDV   57   16  0.1632E-11  0.1637E-11
CALSDV   58   16  0.1721E-11  0.1726E-11
CALSDV   59   16  0.1768E-11  0.1774E-11
CALSDV   60   16  0.1856E-11  0.1861E-11
CALSDV   17   17  0.2958E-11  0.2972E-11
CALSDV   18   17  0.3547E-11  0.3560E-11
CALSDV   19   17  0.2845E-11  0.2847E-11
CALSDV   20   17  0.1993E-11  0.1991E-11
CALSDV   21   17  0.2496E-11  0.2501E-11
CALSDV   22   17  0.1854E-11  0.1856E-11
CALSDV   23   17  0.1922E-11  0.1928E-11
CALSDV   24   17  0.1775E-11  0.1776E-11
CALSDV   25   17  0.1503E-11  0.1508E-11
CALSDV   26   17  0.1619E-11  0.1619E-11
CALSDV   27   17  0.1270E-11  0.1275E-11
CALSDV   28   17  0.1447E-11  0.1448E-11
CALSDV   29   17  0.1169E-11  0.1174E-11
CALSDV   30   17  0.1301E-11  0.1300E-11
CALSDV   31   17  0.1141E-11  0.1144E-11
CALSDV   32   17  0.1196E-11  0.1195E-11
CALSDV   33   17  0.1145E-11  0.1148E-11
CALSDV   34   17  0.1135E-11  0.1134E-11
CALSDV   35   17  0.1162E-11  0.1165E-11
CALSDV   36   17  0.1109E-11  0.1110E-11
CALSDV   37   17  0.1185E-11  0.1188E-11
CALSDV   38   17  0.1115E-11  0.1113E-11
CALSDV   39   17  0.1212E-11  0.1213E-11
CALSDV   40   17  0.1136E-11  0.1138E-11
CALSDV   41   17  0.1240E-11  0.1241E-11
CALSDV   42   17  0.1172E-11  0.1173E-11
CALSDV   43   17  0.1271E-11  0.1273E-11
CALSDV   44   17  0.1218E-11  0.1219E-11
CALSDV   45   17  0.1306E-11  0.1308E-11
CALSDV   46   17  0.1269E-11  0.1271E-11
CALSDV   47   17  0.1346E-11  0.1348E-11
CALSDV   48   17  0.1326E-11  0.1329E-11
CALSDV   49   17  0.1392E-11  0.1394E-11
CALSDV   50   17  0.1389E-11  0.1392E-11
CALSDV   51   17  0.1444E-11  0.1447E-11
CALSDV   52   17  0.1458E-11  0.1462E-11
CALSDV   53   17  0.1504E-11  0.1507E-11
CALSDV   54   17  0.1533E-11  0.1537E-11
CALSDV   55   17  0.1574E-11  0.1578E-11
CALSDV   56   17  0.1619E-11  0.1623E-11
CALSDV   57   17  0.1661E-11  0.1664E-11
CALSDV   58   17  0.1719E-11  0.1724E-11
CALSDV   59   17  0.1795E-11  0.1799E-11
CALSDV   60   17  0.1857E-11  0.1861E-11
CALSDV   18   18  0.3332E-11  0.3326E-11
CALSDV   19   18  0.3623E-11  0.3631E-11
CALSDV   20   18  0.3079E-11  0.3085E-11
CALSDV   21   18  0.1883E-11  0.1880E-11
CALSDV   22   18  0.2629E-11  0.2631E-11
CALSDV   23   18  0.1720E-11  0.1716E-11
CALSDV   24   18  0.1953E-11  0.1955E-11
CALSDV   25   18  0.1703E-11  0.1702E-11
CALSDV   26   18  0.1495E-11  0.1497E-11
CALSDV   27   18  0.1616E-11  0.1616E-11
CALSDV   28   18  0.1300E-11  0.1302E-11
CALSDV   29   18  0.1506E-11  0.1507E-11
CALSDV   30   18  0.1276E-11  0.1278E-11
CALSDV   31   18  0.1411E-11  0.1412E-11
CALSDV   32   18  0.1319E-11  0.1321E-11
CALSDV   33   18  0.1346E-11  0.1347E-11
CALSDV   34   18  0.1374E-11  0.1376E-11
CALSDV   35   18  0.1311E-11  0.1312E-11
CALSDV   36   18  0.1423E-11  0.1424E-11
CALSDV   37   18  0.1300E-11  0.1303E-11
CALSDV   38   18  0.1461E-11  0.1462E-11
CALSDV   39   18  0.1308E-11  0.1311E-11
CALSDV   40   18  0.1491E-11  0.1492E-11
CALSDV   41   18  0.1328E-11  0.1330E-11
CALSDV   42   18  0.1514E-11  0.1516E-11
CALSDV   43   18  0.1356E-11  0.1358E-11
CALSDV   44   18  0.1535E-11  0.1536E-11
CALSDV   45   18  0.1390E-11  0.1393E-11
CALSDV   46   18  0.1556E-11  0.1557E-11
CALSDV   47   18  0.1429E-11  0.1432E-11
CALSDV   48   18  0.1580E-11  0.1581E-11
CALSDV   49   18  0.1473E-11  0.1475E-11
CALSDV   50   18  0.1607E-11  0.1609E-11
CALSDV   51   18  0.1521E-11  0.1523E-11
CALSDV   52   18  0.1641E-11  0.1643E-11
CALSDV   53   18  0.1575E-11  0.1578E-11
CALSDV   54   18  0.1682E-11  0.1685E-11
CALSDV   55   18  0.1638E-11  0.1640E-11
CALSDV   56   18  0.1737E-11  0.1739E-11
CALSDV   57   18  0.1715E-11  0.1717E-11
CALSDV   58   18  0.1809E-11  0.1812E-11
CALSDV   59   18  0.1846E-11  0.1849E-11
CALSDV   60   18  0.1936E-11  0.1939E-11
CALSDV   19   19  0.2878E-11  0.2868E-11
CALSDV   20   19  0.3416E-11  0.3420E-11
CALSDV   21   19  0.2859E-11  0.2859E-11
CALSDV   22   19  0.1911E-11  0.1920E-11
CALSDV   23   19  0.2506E-11  0.2505E-11
CALSDV   24   19  0.1970E-11  0.1978E-11
CALSDV   25   19  0.1952E-11  0.1951E-11
CALSDV   26   19  0.1985E-11  0.1992E-11
CALSDV   27   19  0.1564E-11  0.1563E-11
CALSDV   28   19  0.1858E-11  0.1865E-11
CALSDV   29   19  0.1361E-11  0.1361E-11
CALSDV   30   19  0.1686E-11  0.1692E-11
CALSDV   31   19  0.1279E-11  0.1280E-11
CALSDV   32   19  0.1528E-11  0.1532E-11
CALSDV   33   19  0.1259E-11  0.1260E-11
CALSDV   34   19  0.1409E-11  0.1413E-11
CALSDV   35   19  0.1265E-11  0.1266E-11
CALSDV   36   19  0.1337E-11  0.1341E-11
CALSDV   37   19  0.1283E-11  0.1283E-11
CALSDV   38   19  0.1306E-11  0.1309E-11
CALSDV   39   19  0.1306E-11  0.1306E-11
CALSDV   40   19  0.1307E-11  0.1310E-11
CALSDV   41   19  0.1334E-11  0.1334E-11
CALSDV   42   19  0.1331E-11  0.1332E-11
CALSDV   43   19  0.1366E-11  0.1366E-11
CALSDV   44   19  0.1368E-11  0.1369E-11
CALSDV   45   19  0.1401E-11  0.1401E-11
CALSDV   46   19  0.1414E-11  0.1415E-11
CALSDV   47   19  0.1442E-11  0.1442E-11
CALSDV   48   19  0.1467E-11  0.1467E-11
CALSDV   49   19  0.1487E-11  0.1487E-11
CALSDV   50   19  0.1524E-11  0.1524E-11
CALSDV   51   19  0.1538E-11  0.1538E-11
CALSDV   52   19  0.1585E-11  0.1585E-11
CALSDV   53   19  0.1594E-11  0.1595E-11
CALSDV   54   19  0.1651E-11  0.1652E-11
CALSDV   55   19  0.1659E-11  0.1659E-11
CALSDV   56   19  0.1725E-11  0.1725E-11
CALSDV   57   19  0.1736E-11  0.1737E-11
CALSDV   58   19  0.1811E-11  0.1811E-11
CALSDV   59   19  0.1865E-11  0.1866E-11
CALSDV   60   19  0.1942E-11  0.1942E-11
CALSDV   20   20  0.3162E-11  0.3128E-11
CALSDV   21   20  0.3514E-11  0.3521E-11
CALSDV   22   20  0.3166E-11  0.3160E-11
CALSDV   23   20  0.1846E-11  0.1853E-11
CALSDV   24   20  0.2746E-11  0.2741E-11
CALSDV   25   20  0.1806E-11  0.1808E-11
CALSDV   26   20  0.2058E-11  0.2053E-11
CALSDV   27   20  0.1812E-11  0.1812E-11
CALSDV   28   20  0.1582E-11  0.1579E-11
CALSDV   29   20  0.1706E-11  0.1704E-11
CALSDV   30   20  0.1379E-11  0.1377E-11
CALSDV   31   20  0.1568E-11  0.1565E-11
CALSDV   32   20  0.1357E-11  0.1357E-11
CALSDV   33   20  0.1456E-11  0.1453E-11
CALSDV   34   20  0.1410E-11  0.1410E-11
CALSDV   35   20  0.1389E-11  0.1386E-11
CALSDV   36   20  0.1476E-11  0.1476E-11
CALSDV   37   20  0.1364E-11  0.1363E-11
CALSDV   38   20  0.1535E-11  0.1535E-11
CALSDV   39   20  0.1373E-11  0.1373E-11
CALSDV   40   20  0.1582E-11  0.1582E-11
CALSDV   41   20  0.1404E-11  0.1404E-11
CALSDV   42   20  0.1619E-11  0.1619E-11
CALSDV   43   20  0.1445E-11  0.1445E-11
CALSDV   44   20  0.1649E-11  0.1649E-11
CALSDV   45   20  0.1491E-11  0.1491E-11
CALSDV   46   20  0.1676E-11  0.1675E-11
CALSDV   47   20  0.1539E-11  0.1540E-11
CALSDV   48   20  0.1701E-11  0.1701E-11
CALSDV   49   20  0.1589E-11  0.1590E-11
CALSDV   50   20  0.1728E-11  0.1728E-11
CALSDV   51   20  0.1638E-11  0.1639E-11
CALSDV   52   20  0.1757E-11  0.1758E-11
CALSDV   53   20  0.1688E-11  0.1689E-11
CALSDV   54   20  0.1793E-11  0.1793E-11
CALSDV   55   20  0.1742E-11  0.1744E-11
CALSDV   56   20  0.1836E-11  0.1837E-11
CALSDV   57   20  0.1805E-11  0.1807E-11
CALSDV   58   20  0.1895E-11  0.1896E-11
CALSDV   59   20  0.1926E-11  0.1928E-11
CALSDV   60   20  0.2010E-11  0.2012E-11
CALSDV   21   21  0.2973E-11  0.2978E-11
CALSDV   22   21  0.3410E-11  0.3401E-11
CALSDV   23   21  0.2882E-11  0.2884E-11
CALSDV   24   21  0.1842E-11  0.1846E-11
CALSDV   25   21  0.2505E-11  0.2508E-11
CALSDV   26   21  0.2033E-11  0.2038E-11
CALSDV   27   21  0.1972E-11  0.1977E-11
CALSDV   28   21  0.2129E-11  0.2133E-11
CALSDV   29   21  0.1640E-11  0.1643E-11
CALSDV   30   21  0.2035E-11  0.2039E-11
CALSDV   31   21  0.1492E-11  0.1495E-11
CALSDV   32   21  0.1874E-11  0.1876E-11
CALSDV   33   21  0.1446E-11  0.1447E-11
CALSDV   34   21  0.1718E-11  0.1719E-11
CALSDV   35   21  0.1441E-11  0.1440E-11
CALSDV   36   21  0.1600E-11  0.1600E-11
CALSDV   37   21  0.1449E-11  0.1448E-11
CALSDV   38   21  0.1528E-11  0.1528E-11
CALSDV   39   21  0.1464E-11  0.1461E-11
CALSDV   40   21  0.1499E-11  0.1499E-11
CALSDV   41   21  0.1483E-11  0.1480E-11
CALSDV   42   21  0.1504E-11  0.1503E-11
CALSDV   43   21  0.1506E-11  0.1504E-11
CALSDV   44   21  0.1530E-11  0.1530E-11
CALSDV   45   21  0.1535E-11  0.1534E-11
CALSDV   46   21  0.1569E-11  0.1569E-11
CALSDV   47   21  0.1570E-11  0.1568E-11
CALSDV   48   21  0.1616E-11  0.1616E-11
CALSDV   49   21  0.1610E-11  0.1609E-11
CALSDV   50   21  0.1668E-11  0.1668E-11
CALSDV   51   21  0.1655E-11  0.1654E-11
CALSDV   52   21  0.1722E-11  0.1722E-11
CALSDV   53   21  0.1705E-11  0.1703E-11
CALSDV   54   21  0.1779E-11  0.1778E-11
CALSDV   55   21  0.1760E-11  0.1759E-11
CALSDV   56   21  0.1840E-11  0.1839E-11
CALSDV   57   21  0.1824E-11  0.1823E-11
CALSDV   58   21  0.1909E-11  0.1909E-11
CALSDV   59   21  0.1942E-11  0.1941E-11
CALSDV   60   21  0.2027E-11  0.2027E-11
CALSDV   22   22  0.2825E-11  0.2831E-11
CALSDV   23   22  0.3487E-11  0.3483E-11
CALSDV   24   22  0.3180E-11  0.3183E-11
CALSDV   25   22  0.1843E-11  0.1842E-11
CALSDV   26   22  0.2793E-11  0.2792E-11
CALSDV   27   22  0.1911E-11  0.1912E-11
CALSDV   28   22  0.2115E-11  0.2118E-11
CALSDV   29   22  0.1939E-11  0.1941E-11
CALSDV   30   22  0.1655E-11  0.1657E-11
CALSDV   31   22  0.1809E-11  0.1809E-11
CALSDV   32   22  0.1467E-11  0.1466E-11
CALSDV   33   22  0.1640E-11  0.1639E-11
CALSDV   34   22  0.1451E-11  0.1451E-11
CALSDV   35   22  0.1505E-11  0.1506E-11
CALSDV   36   22  0.1505E-11  0.1505E-11
CALSDV   37   22  0.1434E-11  0.1435E-11
CALSDV   38   22  0.1572E-11  0.1571E-11
CALSDV   39   22  0.1424E-11  0.1425E-11
CALSDV   40   22  0.1633E-11  0.1632E-11
CALSDV   41   22  0.1455E-11  0.1456E-11
CALSDV   42   22  0.1684E-11  0.1684E-11
CALSDV   43   22  0.1509E-11  0.1510E-11
CALSDV   44   22  0.1727E-11  0.1726E-11
CALSDV   45   22  0.1573E-11  0.1574E-11
CALSDV   46   22  0.1764E-11  0.1764E-11
CALSDV   47   22  0.1638E-11  0.1638E-11
CALSDV   48   22  0.1797E-11  0.1797E-11
CALSDV   49   22  0.1698E-11  0.1699E-11
CALSDV   50   22  0.1829E-11  0.1829E-11
CALSDV   51   22  0.1754E-11  0.1755E-11
CALSDV   52   22  0.1861E-11  0.1862E-11
CALSDV   53   22  0.1805E-11  0.1805E-11
CALSDV   54   22  0.1895E-11  0.1895E-11
CALSDV   55   22  0.1853E-11  0.1853E-11
CALSDV   56   22  0.1934E-11  0.1933E-11
CALSDV   57   22  0.1904E-11  0.1903E-11
CALSDV   58   22  0.1981E-11  0.1981E-11
CALSDV   59   22  0.2009E-11  0.2009E-11
CALSDV   60   22  0.2084E-11  0.2083E-11
CALSDV   23   23  0.2895E-11  0.2894E-11
CALSDV   24   23  0.3459E-11  0.3464E-11
CALSDV   25   23  0.2893E-11  0.2920E-11
CALSDV   26   23  0.1804E-11  0.1805E-11
CALSDV   27   23  0.2495E-11  0.2519E-11
CALSDV   28   23  0.2063E-11  0.2068E-11
CALSDV   29   23  0.1972E-11  0.1989E-11
CALSDV   30   23  0.2200E-11  0.2209E-11
CALSDV   31   23  0.1687E-11  0.1697E-11
CALSDV   32   23  0.2116E-11  0.2128E-11
CALSDV   33   23  0.1594E-11  0.1598E-11
CALSDV   34   23  0.1951E-11  0.1966E-11
CALSDV   35   23  0.1582E-11  0.1583E-11
CALSDV   36   23  0.1792E-11  0.1810E-11
CALSDV   37   23  0.1593E-11  0.1591E-11
CALSDV   38   23  0.1679E-11  0.1700E-11
CALSDV   39   23  0.1607E-11  0.1603E-11
CALSDV   40   23  0.1621E-11  0.1642E-11
CALSDV   41   23  0.1622E-11  0.1617E-11
CALSDV   42   23  0.1610E-11  0.1630E-11
CALSDV   43   23  0.1640E-11  0.1635E-11
CALSDV   44   23  0.1633E-11  0.1651E-11
CALSDV   45   23  0.1664E-11  0.1660E-11
CALSDV   46   23  0.1675E-11  0.1691E-11
CALSDV   47   23  0.1695E-11  0.1691E-11
CALSDV   48   23  0.1728E-11  0.1742E-11
CALSDV   49   23  0.1730E-11  0.1729E-11
CALSDV   50   23  0.1784E-11  0.1796E-11
CALSDV   51   23  0.1772E-11  0.1771E-11
CALSDV   52   23  0.1841E-11  0.1850E-11
CALSDV   53   23  0.1816E-11  0.1816E-11
CALSDV   54   23  0.1896E-11  0.1903E-11
CALSDV   55   23  0.1864E-11  0.1864E-11
CALSDV   56   23  0.1949E-11  0.1955E-11
CALSDV   57   23  0.1916E-11  0.1916E-11
CALSDV   58   23  0.2006E-11  0.2010E-11
CALSDV   59   23  0.2019E-11  0.2021E-11
CALSDV   60   23  0.2106E-11  0.2114E-11
CALSDV   24   24  0.2742E-11  0.2767E-11
CALSDV   25   24  0.3539E-11  0.3534E-11
CALSDV   26   24  0.3228E-11  0.3225E-11
CALSDV   27   24  0.1890E-11  0.1889E-11
CALSDV   28   24  0.2831E-11  0.2831E-11
CALSDV   29   24  0.2050E-11  0.2048E-11
CALSDV   30   24  0.2169E-11  0.2172E-11
CALSDV   31   24  0.2096E-11  0.2092E-11
CALSDV   32   24  0.1742E-11  0.1745E-11
CALSDV   33   24  0.1941E-11  0.1939E-11
CALSDV   34   24  0.1580E-11  0.1581E-11
CALSDV   35   24  0.1739E-11  0.1737E-11
CALSDV   36   24  0.1574E-11  0.1572E-11
CALSDV   37   24  0.1582E-11  0.1582E-11
CALSDV   38   24  0.1623E-11  0.1621E-11
CALSDV   39   24  0.1509E-11  0.1510E-11
CALSDV   40   24  0.1683E-11  0.1680E-11
CALSDV   41   24  0.1514E-11  0.1513E-11
CALSDV   42   24  0.1739E-11  0.1737E-11
CALSDV   43   24  0.1568E-11  0.1567E-11
CALSDV   44   24  0.1790E-11  0.1788E-11
CALSDV   45   24  0.1646E-11  0.1645E-11
CALSDV   46   24  0.1837E-11  0.1834E-11
CALSDV   47   24  0.1729E-11  0.1727E-11
CALSDV   48   24  0.1880E-11  0.1877E-11
CALSDV   49   24  0.1806E-11  0.1804E-11
CALSDV   50   24  0.1921E-11  0.1918E-11
CALSDV   51   24  0.1872E-11  0.1870E-11
CALSDV   52   24  0.1959E-11  0.1956E-11
CALSDV   53   24  0.1927E-11  0.1925E-11
CALSDV   54   24  0.1996E-11  0.1994E-11
CALSDV   55   24  0.1972E-11  0.1969E-11
CALSDV   56   24  0.2033E-11  0.2030E-11
CALSDV   57   24  0.2009E-11  0.2006E-11
CALSDV   58   24  0.2072E-11  0.2070E-11
CALSDV   59   24  0.2096E-11  0.2094E-11
CALSDV   60   24  0.2159E-11  0.2157E-11
CALSDV   25   25  0.2820E-11  0.2820E-11
CALSDV   26   25  0.3604E-11  0.3594E-11
CALSDV   27   25  0.3036E-11  0.3032E-11
CALSDV   28   25  0.1862E-11  0.1858E-11
CALSDV   29   25  0.2591E-11  0.2585E-11
CALSDV   30   25  0.2149E-11  0.2144E-11
CALSDV   31   25  0.2024E-11  0.2023E-11
CALSDV   32   25  0.2309E-11  0.2305E-11
CALSDV   33   25  0.1762E-11  0.1761E-11
CALSDV   34   25  0.2234E-11  0.2232E-11
CALSDV   35   25  0.1730E-11  0.1727E-11
CALSDV   36   25  0.2081E-11  0.2081E-11
CALSDV   37   25  0.1775E-11  0.1768E-11
CALSDV   38   25  0.1944E-11  0.1944E-11
CALSDV   39   25  0.1826E-11  0.1814E-11
CALSDV   40   25  0.1861E-11  0.1861E-11
CALSDV   41   25  0.1862E-11  0.1847E-11
CALSDV   42   25  0.1834E-11  0.1833E-11
CALSDV   43   25  0.1886E-11  0.1870E-11
CALSDV   44   25  0.1848E-11  0.1847E-11
CALSDV   45   25  0.1906E-11  0.1890E-11
CALSDV   46   25  0.1888E-11  0.1886E-11
CALSDV   47   25  0.1926E-11  0.1911E-11
CALSDV   48   25  0.1939E-11  0.1936E-11
CALSDV   49   25  0.1948E-11  0.1933E-11
CALSDV   50   25  0.1990E-11  0.1987E-11
CALSDV   51   25  0.1971E-11  0.1959E-11
CALSDV   52   25  0.2036E-11  0.2034E-11
CALSDV   53   25  0.1995E-11  0.1985E-11
CALSDV   54   25  0.2077E-11  0.2074E-11
CALSDV   55   25  0.2019E-11  0.2013E-11
CALSDV   56   25  0.2110E-11  0.2108E-11
CALSDV   57   25  0.2045E-11  0.2039E-11
CALSDV   58   25  0.2139E-11  0.2137E-11
CALSDV   59   25  0.2121E-11  0.2117E-11
CALSDV   60   25  0.2215E-11  0.2210E-11
CALSDV   26   26  0.2814E-11  0.2814E-11
CALSDV   27   26  0.3656E-11  0.3642E-11
CALSDV   28   26  0.3317E-11  0.3307E-11
CALSDV   29   26  0.1995E-11  0.1992E-11
CALSDV   30   26  0.2887E-11  0.2885E-11
CALSDV   31   26  0.2227E-11  0.2222E-11
CALSDV   32   26  0.2240E-11  0.2241E-11
CALSDV   33   26  0.2282E-11  0.2277E-11
CALSDV   34   26  0.1856E-11  0.1857E-11
CALSDV   35   26  0.2103E-11  0.2098E-11
CALSDV   36   26  0.1726E-11  0.1726E-11
CALSDV   37   26  0.1870E-11  0.1865E-11
CALSDV   38   26  0.1725E-11  0.1725E-11
CALSDV   39   26  0.1696E-11  0.1690E-11
CALSDV   40   26  0.1766E-11  0.1767E-11
CALSDV   41   26  0.1624E-11  0.1619E-11
CALSDV   42   26  0.1814E-11  0.1815E-11
CALSDV   43   26  0.1644E-11  0.1640E-11
CALSDV   44   26  0.1862E-11  0.1864E-11
CALSDV   45   26  0.1718E-11  0.1716E-11
CALSDV   46   26  0.1911E-11  0.1913E-11
CALSDV   47   26  0.1814E-11  0.1812E-11
CALSDV   48   26  0.1960E-11  0.1962E-11
CALSDV   49   26  0.1909E-11  0.1907E-11
CALSDV   50   26  0.2009E-11  0.2011E-11
CALSDV   51   26  0.1991E-11  0.1989E-11
CALSDV   52   26  0.2057E-11  0.2058E-11
CALSDV   53   26  0.2052E-11  0.2050E-11
CALSDV   54   26  0.2098E-11  0.2099E-11
CALSDV   55   26  0.2094E-11  0.2093E-11
CALSDV   56   26  0.2136E-11  0.2135E-11
CALSDV   57   26  0.2120E-11  0.2119E-11
CALSDV   58   26  0.2168E-11  0.2167E-11
CALSDV   59   26  0.2185E-11  0.2183E-11
CALSDV   60   26  0.2239E-11  0.2237E-11
CALSDV   27   27  0.2728E-11  0.2736E-11
CALSDV   28   27  0.3753E-11  0.3749E-11
CALSDV   29   27  0.3282E-11  0.3280E-11
CALSDV   30   27  0.1969E-11  0.1972E-11
CALSDV   31   27  0.2775E-11  0.2776E-11
CALSDV   32   27  0.2261E-11  0.2262E-11
CALSDV   33   27  0.2123E-11  0.2125E-11
CALSDV   34   27  0.2403E-11  0.2401E-11
CALSDV   35   27  0.1843E-11  0.1845E-11
CALSDV   36   27  0.2299E-11  0.2297E-11
CALSDV   37   27  0.1856E-11  0.1856E-11
CALSDV   38   27  0.2128E-11  0.2127E-11
CALSDV   39   27  0.1958E-11  0.1958E-11
CALSDV   40   27  0.1994E-11  0.1994E-11
CALSDV   41   27  0.2053E-11  0.2053E-11
CALSDV   42   27  0.1936E-11  0.1936E-11
CALSDV   43   27  0.2119E-11  0.2118E-11
CALSDV   44   27  0.1945E-11  0.1945E-11
CALSDV   45   27  0.2159E-11  0.2159E-11
CALSDV   46   27  0.1995E-11  0.1996E-11
CALSDV   47   27  0.2183E-11  0.2184E-11
CALSDV   48   27  0.2062E-11  0.2065E-11
CALSDV   49   27  0.2197E-11  0.2198E-11
CALSDV   50   27  0.2130E-11  0.2132E-11
CALSDV   51   27  0.2204E-11  0.2205E-11
CALSDV   52   27  0.2187E-11  0.2189E-11
CALSDV   53   27  0.2207E-11  0.2208E-11
CALSDV   54   27  0.2230E-11  0.2231E-11
CALSDV   55   27  0.2203E-11  0.2203E-11
CALSDV   56   27  0.2255E-11  0.2255E-11
CALSDV   57   27  0.2194E-11  0.2193E-11
CALSDV   58   27  0.2266E-11  0.2265E-11
CALSDV   59   27  0.2232E-11  0.2231E-11
CALSDV   60   27  0.2314E-11  0.2311E-11
CALSDV   28   28  0.2857E-11  0.2860E-11
CALSDV   29   28  0.3768E-11  0.3766E-11
CALSDV   30   28  0.3416E-11  0.3419E-11
CALSDV   31   28  0.2091E-11  0.2094E-11
CALSDV   32   28  0.2941E-11  0.2951E-11
CALSDV   33   28  0.2397E-11  0.2397E-11
CALSDV   34   28  0.2307E-11  0.2315E-11
CALSDV   35   28  0.2460E-11  0.2462E-11
CALSDV   36   28  0.1972E-11  0.1979E-11
CALSDV   37   28  0.2259E-11  0.2264E-11
CALSDV   38   28  0.1879E-11  0.1886E-11
CALSDV   39   28  0.2003E-11  0.2009E-11
CALSDV   40   28  0.1888E-11  0.1894E-11
CALSDV   41   28  0.1820E-11  0.1826E-11
CALSDV   42   28  0.1922E-11  0.1927E-11
CALSDV   43   28  0.1758E-11  0.1763E-11
CALSDV   44   28  0.1960E-11  0.1964E-11
CALSDV   45   28  0.1799E-11  0.1803E-11
CALSDV   46   28  0.2001E-11  0.2006E-11
CALSDV   47   28  0.1895E-11  0.1898E-11
CALSDV   48   28  0.2048E-11  0.2053E-11
CALSDV   49   28  0.2005E-11  0.2007E-11
CALSDV   50   28  0.2101E-11  0.2105E-11
CALSDV   51   28  0.2104E-11  0.2105E-11
CALSDV   52   28  0.2154E-11  0.2158E-11
CALSDV   53   28  0.2179E-11  0.2179E-11
CALSDV   54   28  0.2205E-11  0.2206E-11
CALSDV   55   28  0.2223E-11  0.2224E-11
CALSDV   56   28  0.2244E-11  0.2245E-11
CALSDV   57   28  0.2238E-11  0.2237E-11
CALSDV   58   28  0.2270E-11  0.2269E-11
CALSDV   59   28  0.2278E-11  0.2277E-11
CALSDV   60   28  0.2323E-11  0.2321E-11
CALSDV   29   29  0.2668E-11  0.2670E-11
CALSDV   30   29  0.3932E-11  0.3934E-11
CALSDV   31   29  0.3545E-11  0.3543E-11
CALSDV   32   29  0.2155E-11  0.2156E-11
CALSDV   33   29  0.3003E-11  0.2993E-11
CALSDV   34   29  0.2453E-11  0.2449E-11
CALSDV   35   29  0.2286E-11  0.2277E-11
CALSDV   36   29  0.2559E-11  0.2555E-11
CALSDV   37   29  0.1967E-11  0.1965E-11
CALSDV   38   29  0.2420E-11  0.2416E-11
CALSDV   39   29  0.1974E-11  0.1974E-11
CALSDV   40   29  0.2233E-11  0.2229E-11
CALSDV   41   29  0.2087E-11  0.2087E-11
CALSDV   42   29  0.2115E-11  0.2109E-11
CALSDV   43   29  0.2197E-11  0.2194E-11
CALSDV   44   29  0.2095E-11  0.2088E-11
CALSDV   45   29  0.2275E-11  0.2271E-11
CALSDV   46   29  0.2146E-11  0.2139E-11
CALSDV   47   29  0.2324E-11  0.2321E-11
CALSDV   48   29  0.2230E-11  0.2223E-11
CALSDV   49   29  0.2354E-11  0.2349E-11
CALSDV   50   29  0.2315E-11  0.2310E-11
CALSDV   51   29  0.2368E-11  0.2364E-11
CALSDV   52   29  0.2384E-11  0.2379E-11
CALSDV   53   29  0.2370E-11  0.2365E-11
CALSDV   54   29  0.2427E-11  0.2423E-11
CALSDV   55   29  0.2357E-11  0.2353E-11
CALSDV   56   29  0.2440E-11  0.2437E-11
CALSDV   57   29  0.2328E-11  0.2324E-11
CALSDV   58   29  0.2423E-11  0.2420E-11
CALSDV   59   29  0.2335E-11  0.2332E-11
CALSDV   60   29  0.2431E-11  0.2429E-11
CALSDV   30   30  0.3189E-11  0.3189E-11
CALSDV   31   30  0.4052E-11  0.4072E-11
CALSDV   32   30  0.3620E-11  0.3608E-11
CALSDV   33   30  0.2292E-11  0.2285E-11
CALSDV   34   30  0.3074E-11  0.3056E-11
CALSDV   35   30  0.2576E-11  0.2581E-11
CALSDV   36   30  0.2442E-11  0.2443E-11
CALSDV   37   30  0.2634E-11  0.2646E-11
CALSDV   38   30  0.2178E-11  0.2173E-11
CALSDV   39   30  0.2432E-11  0.2447E-11
CALSDV   40   30  0.2138E-11  0.2139E-11
CALSDV   41   30  0.2192E-11  0.2197E-11
CALSDV   42   30  0.2164E-11  0.2167E-11
CALSDV   43   30  0.2041E-11  0.2035E-11
CALSDV   44   30  0.2196E-11  0.2197E-11
CALSDV   45   30  0.2012E-11  0.2002E-11
CALSDV   46   30  0.2222E-11  0.2222E-11
CALSDV   47   30  0.2075E-11  0.2064E-11
CALSDV   48   30  0.2249E-11  0.2249E-11
CALSDV   49   30  0.2176E-11  0.2167E-11
CALSDV   50   30  0.2282E-11  0.2284E-11
CALSDV   51   30  0.2276E-11  0.2269E-11
CALSDV   52   30  0.2321E-11  0.2326E-11
CALSDV   53   30  0.2350E-11  0.2345E-11
CALSDV   54   30  0.2359E-11  0.2364E-11
CALSDV   55   30  0.2387E-11  0.2385E-11
CALSDV   56   30  0.2389E-11  0.2392E-11
CALSDV   57   30  0.2384E-11  0.2382E-11
CALSDV   58   30  0.2400E-11  0.2402E-11
CALSDV   59   30  0.2386E-11  0.2386E-11
CALSDV   60   30  0.2421E-11  0.2423E-11
CALSDV   31   31  0.2891E-11  0.2913E-11
CALSDV   32   31  0.4140E-11  0.4151E-11
CALSDV   33   31  0.3728E-11  0.3744E-11
CALSDV   34   31  0.2394E-11  0.2401E-11
CALSDV   35   31  0.3215E-11  0.3221E-11
CALSDV   36   31  0.2705E-11  0.2704E-11
CALSDV   37   31  0.2518E-11  0.2525E-11
CALSDV   38   31  0.2765E-11  0.2761E-11
CALSDV   39   31  0.2189E-11  0.2190E-11
CALSDV   40   31  0.2572E-11  0.2570E-11
CALSDV   41   31  0.2136E-11  0.2144E-11
CALSDV   42   31  0.2358E-11  0.2358E-11
CALSDV   43   31  0.2184E-11  0.2200E-11
CALSDV   44   31  0.2250E-11  0.2250E-11
CALSDV   45   31  0.2247E-11  0.2269E-11
CALSDV   46   31  0.2266E-11  0.2265E-11
CALSDV   47   31  0.2304E-11  0.2326E-11
CALSDV   48   31  0.2358E-11  0.2356E-11
CALSDV   49   31  0.2352E-11  0.2374E-11
CALSDV   50   31  0.2469E-11  0.2466E-11
CALSDV   51   31  0.2393E-11  0.2411E-11
CALSDV   52   31  0.2564E-11  0.2560E-11
CALSDV   53   31  0.2423E-11  0.2438E-11
CALSDV   54   31  0.2619E-11  0.2617E-11
CALSDV   55   31  0.2434E-11  0.2445E-11
CALSDV   56   31  0.2628E-11  0.2627E-11
CALSDV   57   31  0.2420E-11  0.2426E-11
CALSDV   58   31  0.2592E-11  0.2590E-11
CALSDV   59   31  0.2414E-11  0.2418E-11
CALSDV   60   31  0.2557E-11  0.2555E-11
CALSDV   32   32  0.2876E-11  0.2876E-11
CALSDV   33   32  0.4058E-11  0.4058E-11
CALSDV   34   32  0.3708E-11  0.3706E-11
CALSDV   35   32  0.2347E-11  0.2346E-11
CALSDV   36   32  0.3124E-11  0.3122E-11
CALSDV   37   32  0.2768E-11  0.2767E-11
CALSDV   38   32  0.2487E-11  0.2483E-11
CALSDV   39   32  0.2824E-11  0.2823E-11
CALSDV   40   32  0.2242E-11  0.2245E-11
CALSDV   41   32  0.2578E-11  0.2574E-11
CALSDV   42   32  0.2230E-11  0.2227E-11
CALSDV   43   32  0.2291E-11  0.2290E-11
CALSDV   44   32  0.2265E-11  0.2262E-11
CALSDV   45   32  0.2128E-11  0.2121E-11
CALSDV   46   32  0.2296E-11  0.2295E-11
CALSDV   47   32  0.2117E-11  0.2110E-11
CALSDV   48   32  0.2325E-11  0.2325E-11
CALSDV   49   32  0.2206E-11  0.2205E-11
CALSDV   50   32  0.2362E-11  0.2364E-11
CALSDV   51   32  0.2329E-11  0.2330E-11
CALSDV   52   32  0.2410E-11  0.2413E-11
CALSDV   53   32  0.2438E-11  0.2436E-11
CALSDV   54   32  0.2462E-11  0.2464E-11
CALSDV   55   32  0.2499E-11  0.2497E-11
CALSDV   56   32  0.2501E-11  0.2502E-11
CALSDV   57   32  0.2503E-11  0.2500E-11
CALSDV   58   32  0.2513E-11  0.2512E-11
CALSDV   59   32  0.2487E-11  0.2485E-11
CALSDV   60   32  0.2518E-11  0.2517E-11
CALSDV   33   33  0.2824E-11  0.2820E-11
CALSDV   34   33  0.4153E-11  0.4170E-11
CALSDV   35   33  0.4002E-11  0.4011E-11
CALSDV   36   33  0.2361E-11  0.2363E-11
CALSDV   37   33  0.3355E-11  0.3353E-11
CALSDV   38   33  0.2785E-11  0.2781E-11
CALSDV   39   33  0.2537E-11  0.2535E-11
CALSDV   40   33  0.2842E-11  0.2838E-11
CALSDV   41   33  0.2223E-11  0.2224E-11
CALSDV   42   33  0.2607E-11  0.2604E-11
CALSDV   43   33  0.2289E-11  0.2292E-11
CALSDV   44   33  0.2355E-11  0.2354E-11
CALSDV   45   33  0.2456E-11  0.2460E-11
CALSDV   46   33  0.2243E-11  0.2243E-11
CALSDV   47   33  0.2600E-11  0.2602E-11
CALSDV   48   33  0.2283E-11  0.2285E-11
CALSDV   49   33  0.2694E-11  0.2697E-11
CALSDV   50   33  0.2409E-11  0.2411E-11
CALSDV   51   33  0.2742E-11  0.2745E-11
CALSDV   52   33  0.2548E-11  0.2550E-11
CALSDV   53   33  0.2752E-11  0.2754E-11
CALSDV   54   33  0.2655E-11  0.2657E-11
CALSDV   55   33  0.2720E-11  0.2723E-11
CALSDV   56   33  0.2704E-11  0.2706E-11
CALSDV   57   33  0.2647E-11  0.2649E-11
CALSDV   58   33  0.2688E-11  0.2688E-11
CALSDV   59   33  0.2570E-11  0.2573E-11
CALSDV   60   33  0.2641E-11  0.2643E-11
CALSDV   34   34  0.2835E-11  0.2841E-11
CALSDV   35   34  0.4138E-11  0.4145E-11
CALSDV   36   34  0.3869E-11  0.3872E-11
CALSDV   37   34  0.2442E-11  0.2442E-11
CALSDV   38   34  0.3223E-11  0.3228E-11
CALSDV   39   34  0.2955E-11  0.2954E-11
CALSDV   40   34  0.2574E-11  0.2579E-11
CALSDV   41   34  0.3012E-11  0.3011E-11
CALSDV   42   34  0.2361E-11  0.2362E-11
CALSDV   43   34  0.2750E-11  0.2750E-11
CALSDV   44   34  0.2364E-11  0.2363E-11
CALSDV   45   34  0.2472E-11  0.2470E-11
CALSDV   46   34  0.2399E-11  0.2396E-11
CALSDV   47   34  0.2339E-11  0.2335E-11
CALSDV   48   34  0.2426E-11  0.2424E-11
CALSDV   49   34  0.2362E-11  0.2359E-11
CALSDV   50   34  0.2457E-11  0.2456E-11
CALSDV   51   34  0.2470E-11  0.2469E-11
CALSDV   52   34  0.2505E-11  0.2504E-11
CALSDV   53   34  0.2584E-11  0.2584E-11
CALSDV   54   34  0.2562E-11  0.2563E-11
CALSDV   55   34  0.2653E-11  0.2654E-11
CALSDV   56   34  0.2611E-11  0.2613E-11
CALSDV   57   34  0.2649E-11  0.2650E-11
CALSDV   58   34  0.2627E-11  0.2627E-11
CALSDV   59   34  0.2602E-11  0.2602E-11
CALSDV   60   34  0.2615E-11  0.2616E-11
CALSDV   35   35  0.2784E-11  0.2807E-11
CALSDV   36   35  0.4302E-11  0.4305E-11
CALSDV   37   35  0.4265E-11  0.4273E-11
CALSDV   38   35  0.2514E-11  0.2515E-11
CALSDV   39   35  0.3555E-11  0.3557E-11
CALSDV   40   35  0.2984E-11  0.2982E-11
CALSDV   41   35  0.2689E-11  0.2689E-11
CALSDV   42   35  0.3006E-11  0.3002E-11
CALSDV   43   35  0.2371E-11  0.2368E-11
CALSDV   44   35  0.2730E-11  0.2729E-11
CALSDV   45   35  0.2444E-11  0.2443E-11
CALSDV   46   35  0.2482E-11  0.2481E-11
CALSDV   47   35  0.2615E-11  0.2614E-11
CALSDV   48   35  0.2414E-11  0.2415E-11
CALSDV   49   35  0.2756E-11  0.2757E-11
CALSDV   50   35  0.2509E-11  0.2511E-11
CALSDV   51   35  0.2846E-11  0.2848E-11
CALSDV   52   35  0.2669E-11  0.2670E-11
CALSDV   53   35  0.2883E-11  0.2885E-11
CALSDV   54   35  0.2807E-11  0.2808E-11
CALSDV   55   35  0.2867E-11  0.2870E-11
CALSDV   56   35  0.2877E-11  0.2878E-11
CALSDV   57   35  0.2792E-11  0.2792E-11
CALSDV   58   35  0.2856E-11  0.2855E-11
CALSDV   59   35  0.2684E-11  0.2685E-11
CALSDV   60   35  0.2772E-11  0.2773E-11
CALSDV   36   36  0.2976E-11  0.2962E-11
CALSDV   37   36  0.4274E-11  0.4270E-11
CALSDV   38   36  0.4080E-11  0.4085E-11
CALSDV   39   36  0.2583E-11  0.2585E-11
CALSDV   40   36  0.3365E-11  0.3365E-11
CALSDV   41   36  0.3163E-11  0.3169E-11
CALSDV   42   36  0.2704E-11  0.2701E-11
CALSDV   43   36  0.3222E-11  0.3228E-11
CALSDV   44   36  0.2527E-11  0.2523E-11
CALSDV   45   36  0.2969E-11  0.2973E-11
CALSDV   46   36  0.2560E-11  0.2558E-11
CALSDV   47   36  0.2730E-11  0.2732E-11
CALSDV   48   36  0.2607E-11  0.2607E-11
CALSDV   49   36  0.2648E-11  0.2647E-11
CALSDV   50   36  0.2642E-11  0.2642E-11
CALSDV   51   36  0.2701E-11  0.2700E-11
CALSDV   52   36  0.2678E-11  0.2679E-11
CALSDV   53   36  0.2800E-11  0.2798E-11
CALSDV   54   36  0.2725E-11  0.2726E-11
CALSDV   55   36  0.2861E-11  0.2860E-11
CALSDV   56   36  0.2768E-11  0.2768E-11
CALSDV   57   36  0.2839E-11  0.2837E-11
CALSDV   58   36  0.2774E-11  0.2773E-11
CALSDV   59   36  0.2743E-11  0.2741E-11
CALSDV   60   36  0.2731E-11  0.2731E-11
CALSDV   37   37  0.2733E-11  0.2729E-11
CALSDV   38   37  0.4453E-11  0.4445E-11
CALSDV   39   37  0.4525E-11  0.4530E-11
CALSDV   40   37  0.2693E-11  0.2693E-11
CALSDV   41   37  0.3736E-11  0.3741E-11
CALSDV   42   37  0.3201E-11  0.3195E-11
CALSDV   43   37  0.2829E-11  0.2830E-11
CALSDV   44   37  0.3169E-11  0.3160E-11
CALSDV   45   37  0.2519E-11  0.2515E-11
CALSDV   46   37  0.2842E-11  0.2833E-11
CALSDV   47   37  0.2604E-11  0.2602E-11
CALSDV   48   37  0.2589E-11  0.2584E-11
CALSDV   49   37  0.2774E-11  0.2776E-11
CALSDV   50   37  0.2564E-11  0.2561E-11
CALSDV   51   37  0.2910E-11  0.2915E-11
CALSDV   52   37  0.2707E-11  0.2704E-11
CALSDV   53   37  0.2987E-11  0.2992E-11
CALSDV   54   37  0.2885E-11  0.2882E-11
CALSDV   55   37  0.2999E-11  0.3002E-11
CALSDV   56   37  0.2998E-11  0.2996E-11
CALSDV   57   37  0.2932E-11  0.2932E-11
CALSDV   58   37  0.2998E-11  0.2996E-11
CALSDV   59   37  0.2800E-11  0.2799E-11
CALSDV   60   37  0.2894E-11  0.2892E-11
CALSDV   38   38  0.3063E-11  0.3038E-11
CALSDV   39   38  0.4424E-11  0.4410E-11
CALSDV   40   38  0.4316E-11  0.4325E-11
CALSDV   41   38  0.2746E-11  0.2749E-11
CALSDV   42   38  0.3514E-11  0.3532E-11
CALSDV   43   38  0.3382E-11  0.3374E-11
CALSDV   44   38  0.2832E-11  0.2847E-11
CALSDV   45   38  0.3441E-11  0.3424E-11
CALSDV   46   38  0.2693E-11  0.2691E-11
CALSDV   47   38  0.3215E-11  0.3189E-11
CALSDV   48   38  0.2763E-11  0.2742E-11
CALSDV   49   38  0.3041E-11  0.3008E-11
CALSDV   50   38  0.2830E-11  0.2799E-11
CALSDV   51   38  0.3015E-11  0.2982E-11
CALSDV   52   38  0.2874E-11  0.2840E-11
CALSDV   53   38  0.3078E-11  0.3048E-11
CALSDV   54   38  0.2914E-11  0.2882E-11
CALSDV   55   38  0.3123E-11  0.3098E-11
CALSDV   56   38  0.2946E-11  0.2921E-11
CALSDV   57   38  0.3071E-11  0.3052E-11
CALSDV   58   38  0.2935E-11  0.2919E-11
CALSDV   59   38  0.2910E-11  0.2900E-11
CALSDV   60   38  0.2858E-11  0.2851E-11
CALSDV   39   39  0.2811E-11  0.2805E-11
CALSDV   40   39  0.4602E-11  0.4602E-11
CALSDV   41   39  0.4801E-11  0.4802E-11
CALSDV   42   39  0.2907E-11  0.2913E-11
CALSDV   43   39  0.3914E-11  0.3919E-11
CALSDV   44   39  0.3432E-11  0.3436E-11
CALSDV   45   39  0.2960E-11  0.2965E-11
CALSDV   46   39  0.3327E-11  0.3329E-11
CALSDV   47   39  0.2677E-11  0.2675E-11
CALSDV   48   39  0.2950E-11  0.2948E-11
CALSDV   49   39  0.2794E-11  0.2796E-11
CALSDV   50   39  0.2712E-11  0.2711E-11
CALSDV   51   39  0.2979E-11  0.2981E-11
CALSDV   52   39  0.2743E-11  0.2746E-11
CALSDV   53   39  0.3108E-11  0.3111E-11
CALSDV   54   39  0.2926E-11  0.2929E-11
CALSDV   55   39  0.3152E-11  0.3154E-11
CALSDV   56   39  0.3092E-11  0.3093E-11
CALSDV   57   39  0.3094E-11  0.3095E-11
CALSDV   58   39  0.3132E-11  0.3131E-11
CALSDV   59   39  0.2932E-11  0.2932E-11
CALSDV   60   39  0.3016E-11  0.3018E-11
CALSDV   40   40  0.3183E-11  0.3173E-11
CALSDV   41   40  0.4638E-11  0.4640E-11
CALSDV   42   40  0.4679E-11  0.4678E-11
CALSDV   43   40  0.2975E-11  0.2977E-11
CALSDV   44   40  0.3766E-11  0.3758E-11
CALSDV   45   40  0.3615E-11  0.3618E-11
CALSDV   46   40  0.3004E-11  0.3001E-11
CALSDV   47   40  0.3666E-11  0.3665E-11
CALSDV   48   40  0.2904E-11  0.2900E-11
CALSDV   49   40  0.3478E-11  0.3475E-11
CALSDV   50   40  0.3052E-11  0.3042E-11
CALSDV   51   40  0.3371E-11  0.3366E-11
CALSDV   52   40  0.3180E-11  0.3165E-11
CALSDV   53   40  0.3379E-11  0.3376E-11
CALSDV   54   40  0.3246E-11  0.3230E-11
CALSDV   55   40  0.3399E-11  0.3398E-11
CALSDV   56   40  0.3257E-11  0.3239E-11
CALSDV   57   40  0.3321E-11  0.3317E-11
CALSDV   58   40  0.3194E-11  0.3184E-11
CALSDV   59   40  0.3092E-11  0.3094E-11
CALSDV   60   40  0.3040E-11  0.3034E-11
CALSDV   41   41  0.3022E-11  0.3003E-11
CALSDV   42   41  0.4773E-11  0.4772E-11
CALSDV   43   41  0.5113E-11  0.5113E-11
CALSDV   44   41  0.3184E-11  0.3192E-11
CALSDV   45   41  0.4099E-11  0.4097E-11
CALSDV   46   41  0.3706E-11  0.3706E-11
CALSDV   47   41  0.3100E-11  0.3101E-11
CALSDV   48   41  0.3515E-11  0.3512E-11
CALSDV   49   41  0.2869E-11  0.2874E-11
CALSDV   50   41  0.3094E-11  0.3088E-11
CALSDV   51   41  0.3040E-11  0.3049E-11
CALSDV   52   41  0.2896E-11  0.2890E-11
CALSDV   53   41  0.3234E-11  0.3244E-11
CALSDV   54   41  0.2990E-11  0.2984E-11
CALSDV   55   41  0.3328E-11  0.3334E-11
CALSDV   56   41  0.3177E-11  0.3174E-11
CALSDV   57   41  0.3282E-11  0.3285E-11
CALSDV   58   41  0.3261E-11  0.3260E-11
CALSDV   59   41  0.3085E-11  0.3086E-11
CALSDV   60   41  0.3148E-11  0.3147E-11
CALSDV   42   42  0.3274E-11  0.3302E-11
CALSDV   43   42  0.4901E-11  0.4900E-11
CALSDV   44   42  0.5169E-11  0.5160E-11
CALSDV   45   42  0.3255E-11  0.3265E-11
CALSDV   46   42  0.4065E-11  0.4066E-11
CALSDV   47   42  0.3852E-11  0.3854E-11
CALSDV   48   42  0.3172E-11  0.3174E-11
CALSDV   49   42  0.3849E-11  0.3846E-11
CALSDV   50   42  0.3151E-11  0.3149E-11
CALSDV   51   42  0.3663E-11  0.3658E-11
CALSDV   52   42  0.3437E-11  0.3431E-11
CALSDV   53   42  0.3590E-11  0.3583E-11
CALSDV   54   42  0.3637E-11  0.3633E-11
CALSDV   55   42  0.3591E-11  0.3586E-11
CALSDV   56   42  0.3681E-11  0.3679E-11
CALSDV   57   42  0.3514E-11  0.3514E-11
CALSDV   58   42  0.3562E-11  0.3564E-11
CALSDV   59   42  0.3256E-11  0.3259E-11
CALSDV   60   42  0.3287E-11  0.3290E-11
CALSDV   43   43  0.3170E-11  0.3190E-11
CALSDV   44   43  0.4928E-11  0.4935E-11
CALSDV   45   43  0.5430E-11  0.5438E-11
CALSDV   46   43  0.3466E-11  0.3471E-11
CALSDV   47   43  0.4248E-11  0.4248E-11
CALSDV   48   43  0.3963E-11  0.3955E-11
CALSDV   49   43  0.3227E-11  0.3228E-11
CALSDV   50   43  0.3683E-11  0.3670E-11
CALSDV   51   43  0.3103E-11  0.3104E-11
CALSDV   52   43  0.3252E-11  0.3234E-11
CALSDV   53   43  0.3342E-11  0.3340E-11
CALSDV   54   43  0.3128E-11  0.3108E-11
CALSDV   55   43  0.3516E-11  0.3511E-11
CALSDV   56   43  0.3265E-11  0.3250E-11
CALSDV   57   43  0.3501E-11  0.3498E-11
CALSDV   58   43  0.3386E-11  0.3376E-11
CALSDV   59   43  0.3264E-11  0.3263E-11
CALSDV   60   43  0.3283E-11  0.3279E-11
CALSDV   44   44  0.3367E-11  0.3383E-11
CALSDV   45   44  0.5200E-11  0.5202E-11
CALSDV   46   44  0.5624E-11  0.5657E-11
CALSDV   47   44  0.3587E-11  0.3591E-11
CALSDV   48   44  0.4325E-11  0.4330E-11
CALSDV   49   44  0.4124E-11  0.4119E-11
CALSDV   50   44  0.3335E-11  0.3340E-11
CALSDV   51   44  0.4069E-11  0.4064E-11
CALSDV   52   44  0.3418E-11  0.3433E-11
CALSDV   53   44  0.3887E-11  0.3886E-11
CALSDV   54   44  0.3795E-11  0.3814E-11
CALSDV   55   44  0.3814E-11  0.3814E-11
CALSDV   56   44  0.3983E-11  0.4004E-11
CALSDV   57   44  0.3724E-11  0.3725E-11
CALSDV   58   44  0.3898E-11  0.3911E-11
CALSDV   59   44  0.3433E-11  0.3438E-11
CALSDV   60   44  0.3539E-11  0.3548E-11
CALSDV   45   45  0.3500E-11  0.3520E-11
CALSDV   46   45  0.5184E-11  0.5194E-11
CALSDV   47   45  0.5804E-11  0.5804E-11
CALSDV   48   45  0.3785E-11  0.3797E-11
CALSDV   49   45  0.4410E-11  0.4398E-11
CALSDV   50   45  0.4251E-11  0.4249E-11
CALSDV   51   45  0.3458E-11  0.3462E-11
CALSDV   52   45  0.3954E-11  0.3933E-11
CALSDV   53   45  0.3544E-11  0.3540E-11
CALSDV   54   45  0.3600E-11  0.3553E-11
CALSDV   55   45  0.3823E-11  0.3816E-11
CALSDV   56   45  0.3537E-11  0.3498E-11
CALSDV   57   45  0.3850E-11  0.3841E-11
CALSDV   58   45  0.3592E-11  0.3573E-11
CALSDV   59   45  0.3532E-11  0.3530E-11
CALSDV   60   45  0.3457E-11  0.3451E-11
CALSDV   46   46  0.3907E-11  0.3887E-11
CALSDV   47   46  0.5653E-11  0.5627E-11
CALSDV   48   46  0.6097E-11  0.6055E-11
CALSDV   49   46  0.4097E-11  0.4068E-11
CALSDV   50   46  0.4692E-11  0.4685E-11
CALSDV   51   46  0.4580E-11  0.4567E-11
CALSDV   52   46  0.3745E-11  0.3747E-11
CALSDV   53   46  0.4476E-11  0.4475E-11
CALSDV   54   46  0.3839E-11  0.3856E-11
CALSDV   55   46  0.4246E-11  0.4245E-11
CALSDV   56   46  0.4110E-11  0.4150E-11
CALSDV   57   46  0.4029E-11  0.4042E-11
CALSDV   58   46  0.4106E-11  0.4155E-11
CALSDV   59   46  0.3654E-11  0.3662E-11
CALSDV   60   46  0.3742E-11  0.3766E-11
CALSDV   47   47  0.3448E-11  0.3439E-11
CALSDV   48   47  0.5369E-11  0.5363E-11
CALSDV   49   47  0.6080E-11  0.6084E-11
CALSDV   50   47  0.4112E-11  0.4110E-11
CALSDV   51   47  0.4441E-11  0.4454E-11
CALSDV   52   47  0.4496E-11  0.4484E-11
CALSDV   53   47  0.3610E-11  0.3613E-11
CALSDV   54   47  0.4133E-11  0.4127E-11
CALSDV   55   47  0.3850E-11  0.3853E-11
CALSDV   56   47  0.3823E-11  0.3823E-11
CALSDV   57   47  0.4050E-11  0.4051E-11
CALSDV   58   47  0.3779E-11  0.3777E-11
CALSDV   59   47  0.3771E-11  0.3771E-11
CALSDV   60   47  0.3630E-11  0.3627E-11
CALSDV   48   48  0.3464E-11  0.3467E-11
CALSDV   49   48  0.5727E-11  0.5733E-11
CALSDV   50   48  0.6347E-11  0.6361E-11
CALSDV   51   48  0.4128E-11  0.4136E-11
CALSDV   52   48  0.4514E-11  0.4524E-11
CALSDV   53   48  0.4480E-11  0.4489E-11
CALSDV   54   48  0.3672E-11  0.3675E-11
CALSDV   55   48  0.4315E-11  0.4319E-11
CALSDV   56   48  0.4084E-11  0.4083E-11
CALSDV   57   48  0.4108E-11  0.4109E-11
CALSDV   58   48  0.4367E-11  0.4363E-11
CALSDV   59   48  0.3786E-11  0.3789E-11
CALSDV   60   48  0.4043E-11  0.4043E-11
CALSDV   49   49  0.3187E-11  0.3190E-11
CALSDV   50   49  0.5578E-11  0.5570E-11
CALSDV   51   49  0.6247E-11  0.6253E-11
CALSDV   52   49  0.4391E-11  0.4382E-11
CALSDV   53   49  0.4337E-11  0.4339E-11
CALSDV   54   49  0.4727E-11  0.4715E-11
CALSDV   55   49  0.3707E-11  0.3704E-11
CALSDV   56   49  0.4386E-11  0.4376E-11
CALSDV   57   49  0.4047E-11  0.4044E-11
CALSDV   58   49  0.4120E-11  0.4113E-11
CALSDV   59   49  0.3957E-11  0.3954E-11
CALSDV   60   49  0.3861E-11  0.3859E-11
CALSDV   50   50  0.3359E-11  0.3346E-11
CALSDV   51   50  0.6170E-11  0.6169E-11
CALSDV   52   50  0.6556E-11  0.6556E-11
CALSDV   53   50  0.4387E-11  0.4390E-11
CALSDV   54   50  0.4446E-11  0.4441E-11
CALSDV   55   50  0.4837E-11  0.4838E-11
CALSDV   56   50  0.3886E-11  0.3891E-11
CALSDV   57   50  0.4689E-11  0.4686E-11
CALSDV   58   50  0.4362E-11  0.4367E-11
CALSDV   59   50  0.4178E-11  0.4178E-11
CALSDV   60   50  0.4250E-11  0.4255E-11
CALSDV   51   51  0.2996E-11  0.3002E-11
CALSDV   52   51  0.6005E-11  0.5999E-11
CALSDV   53   51  0.6319E-11  0.6312E-11
CALSDV   54   51  0.4710E-11  0.4699E-11
CALSDV   55   51  0.4247E-11  0.4244E-11
CALSDV   56   51  0.5127E-11  0.5130E-11
CALSDV   57   51  0.4028E-11  0.4032E-11
CALSDV   58   51  0.4823E-11  0.4838E-11
CALSDV   59   51  0.4159E-11  0.4162E-11
CALSDV   60   51  0.4286E-11  0.4294E-11
CALSDV   52   52  0.3144E-11  0.3157E-11
CALSDV   53   52  0.6399E-11  0.6405E-11
CALSDV   54   52  0.6545E-11  0.6543E-11
CALSDV   55   52  0.4657E-11  0.4656E-11
CALSDV   56   52  0.4259E-11  0.4261E-11
CALSDV   57   52  0.5164E-11  0.5174E-11
CALSDV   58   52  0.4178E-11  0.4184E-11
CALSDV   59   52  0.4663E-11  0.4670E-11
CALSDV   60   52  0.4401E-11  0.4403E-11
CALSDV   53   53  0.2755E-11  0.2734E-11
CALSDV   54   53  0.6351E-11  0.6353E-11
CALSDV   55   53  0.6199E-11  0.6183E-11
CALSDV   56   53  0.5047E-11  0.5025E-11
CALSDV   57   53  0.4284E-11  0.4266E-11
CALSDV   58   53  0.5548E-11  0.5547E-11
CALSDV   59   53  0.4318E-11  0.4307E-11
CALSDV   60   53  0.4911E-11  0.4909E-11
CALSDV   54   54  0.2956E-11  0.2948E-11
CALSDV   55   54  0.6170E-11  0.6167E-11
CALSDV   56   54  0.6254E-11  0.6287E-11
CALSDV   57   54  0.5034E-11  0.5052E-11
CALSDV   58   54  0.4164E-11  0.4172E-11
CALSDV   59   54  0.5247E-11  0.5243E-11
CALSDV   60   54  0.4446E-11  0.4450E-11
CALSDV   55   55  0.2943E-11  0.2955E-11
CALSDV   56   55  0.6307E-11  0.6307E-11
CALSDV   57   55  0.6136E-11  0.6150E-11
CALSDV   58   55  0.5547E-11  0.5542E-11
CALSDV   59   55  0.4729E-11  0.4748E-11
CALSDV   60   55  0.5720E-11  0.5709E-11
CALSDV   56   56  0.3089E-11  0.3075E-11
CALSDV   57   56  0.5224E-11  0.5220E-11
CALSDV   58   56  0.5983E-11  0.5950E-11
CALSDV   59   56  0.5543E-11  0.5538E-11
CALSDV   60   56  0.4621E-11  0.4592E-11
CALSDV   57   57  0.3409E-11  0.3408E-11
CALSDV   58   57  0.5391E-11  0.5392E-11
CALSDV   59   57  0.6675E-11  0.6677E-11
CALSDV   60   57  0.5937E-11  0.5947E-11
CALSDV   58   58  0.3435E-11  0.3392E-11
CALSDV   59   58  0.3987E-11  0.3917E-11
CALSDV   60   58  0.6479E-11  0.6417E-11
CALSDV   59   59  0.2693E-11  0.2653E-11
CALSDV   60   59  0.4153E-11  0.4102E-11
CALSDV   60   60  0.3130E-11  0.3127E-11
