  This file contains calibrated standard deviations 
       The relevant data lines start with key CALSDV 
       Each such line contains the following data 
           N   M   C_SIGMA   S_SIGMA 
                 FOR M=0 S_SIGMA=0.0 
     
CALSDV    0    0  0.0000E+00  0.0000E+00
CALSDV    1    0  0.0000E+00  0.0000E+00
CALSDV    2    0  0.5114E-10  0.0000E+00
CALSDV    3    0  0.1096E-10  0.0000E+00
CALSDV    4    0  0.4269E-11  0.0000E+00
CALSDV    5    0  0.2879E-11  0.0000E+00
CALSDV    6    0  0.2204E-11  0.0000E+00
CALSDV    7    0  0.1788E-11  0.0000E+00
CALSDV    8    0  0.1530E-11  0.0000E+00
CALSDV    9    0  0.1343E-11  0.0000E+00
CALSDV   10    0  0.1207E-11  0.0000E+00
CALSDV   11    0  0.1103E-11  0.0000E+00
CALSDV   12    0  0.1025E-11  0.0000E+00
CALSDV   13    0  0.9632E-12  0.0000E+00
CALSDV   14    0  0.9159E-12  0.0000E+00
CALSDV   15    0  0.8770E-12  0.0000E+00
CALSDV   16    0  0.8480E-12  0.0000E+00
CALSDV   17    0  0.8244E-12  0.0000E+00
CALSDV   18    0  0.8072E-12  0.0000E+00
CALSDV   19    0  0.7941E-12  0.0000E+00
CALSDV   20    0  0.7855E-12  0.0000E+00
CALSDV   21    0  0.7802E-12  0.0000E+00
CALSDV   22    0  0.7779E-12  0.0000E+00
CALSDV   23    0  0.7783E-12  0.0000E+00
CALSDV   24    0  0.7820E-12  0.0000E+00
CALSDV   25    0  0.7873E-12  0.0000E+00
CALSDV   26    0  0.7953E-12  0.0000E+00
CALSDV   27    0  0.8053E-12  0.0000E+00
CALSDV   28    0  0.8171E-12  0.0000E+00
CALSDV   29    0  0.8318E-12  0.0000E+00
CALSDV   30    0  0.8477E-12  0.0000E+00
CALSDV   31    0  0.8663E-12  0.0000E+00
CALSDV   32    0  0.8863E-12  0.0000E+00
CALSDV   33    0  0.9089E-12  0.0000E+00
CALSDV   34    0  0.9325E-12  0.0000E+00
CALSDV   35    0  0.9596E-12  0.0000E+00
CALSDV   36    0  0.9876E-12  0.0000E+00
CALSDV   37    0  0.1019E-11  0.0000E+00
CALSDV   38    0  0.1052E-11  0.0000E+00
CALSDV   39    0  0.1088E-11  0.0000E+00
CALSDV   40    0  0.1126E-11  0.0000E+00
CALSDV   41    0  0.1167E-11  0.0000E+00
CALSDV   42    0  0.1210E-11  0.0000E+00
CALSDV   43    0  0.1257E-11  0.0000E+00
CALSDV   44    0  0.1307E-11  0.0000E+00
CALSDV   45    0  0.1360E-11  0.0000E+00
CALSDV   46    0  0.1416E-11  0.0000E+00
CALSDV   47    0  0.1477E-11  0.0000E+00
CALSDV   48    0  0.1541E-11  0.0000E+00
CALSDV   49    0  0.1609E-11  0.0000E+00
CALSDV   50    0  0.1682E-11  0.0000E+00
CALSDV   51    0  0.1759E-11  0.0000E+00
CALSDV   52    0  0.1841E-11  0.0000E+00
CALSDV   53    0  0.1927E-11  0.0000E+00
CALSDV   54    0  0.2020E-11  0.0000E+00
CALSDV   55    0  0.2116E-11  0.0000E+00
CALSDV   56    0  0.2221E-11  0.0000E+00
CALSDV   57    0  0.2323E-11  0.0000E+00
CALSDV   58    0  0.2430E-11  0.0000E+00
CALSDV   59    0  0.2306E-11  0.0000E+00
CALSDV   60    0  0.2388E-11  0.0000E+00
CALSDV    1    1  0.0000E+00  0.0000E+00
CALSDV    2    1  0.2772E-10  0.2700E-10
CALSDV    3    1  0.8632E-11  0.8683E-11
CALSDV    4    1  0.4473E-11  0.4482E-11
CALSDV    5    1  0.3016E-11  0.3009E-11
CALSDV    6    1  0.2302E-11  0.2304E-11
CALSDV    7    1  0.1864E-11  0.1865E-11
CALSDV    8    1  0.1571E-11  0.1568E-11
CALSDV    9    1  0.1375E-11  0.1374E-11
CALSDV   10    1  0.1231E-11  0.1230E-11
CALSDV   11    1  0.1124E-11  0.1123E-11
CALSDV   12    1  0.1042E-11  0.1039E-11
CALSDV   13    1  0.9775E-12  0.9762E-12
CALSDV   14    1  0.9267E-12  0.9249E-12
CALSDV   15    1  0.8876E-12  0.8861E-12
CALSDV   16    1  0.8556E-12  0.8548E-12
CALSDV   17    1  0.8327E-12  0.8307E-12
CALSDV   18    1  0.8139E-12  0.8123E-12
CALSDV   19    1  0.8006E-12  0.7996E-12
CALSDV   20    1  0.7911E-12  0.7897E-12
CALSDV   21    1  0.7853E-12  0.7840E-12
CALSDV   22    1  0.7826E-12  0.7813E-12
CALSDV   23    1  0.7831E-12  0.7819E-12
CALSDV   24    1  0.7859E-12  0.7842E-12
CALSDV   25    1  0.7913E-12  0.7903E-12
CALSDV   26    1  0.7988E-12  0.7977E-12
CALSDV   27    1  0.8091E-12  0.8076E-12
CALSDV   28    1  0.8212E-12  0.8198E-12
CALSDV   29    1  0.8347E-12  0.8337E-12
CALSDV   30    1  0.8511E-12  0.8501E-12
CALSDV   31    1  0.8693E-12  0.8679E-12
CALSDV   32    1  0.8892E-12  0.8881E-12
CALSDV   33    1  0.9116E-12  0.9102E-12
CALSDV   34    1  0.9357E-12  0.9346E-12
CALSDV   35    1  0.9619E-12  0.9610E-12
CALSDV   36    1  0.9904E-12  0.9895E-12
CALSDV   37    1  0.1021E-11  0.1021E-11
CALSDV   38    1  0.1054E-11  0.1054E-11
CALSDV   39    1  0.1090E-11  0.1089E-11
CALSDV   40    1  0.1128E-11  0.1127E-11
CALSDV   41    1  0.1169E-11  0.1169E-11
CALSDV   42    1  0.1212E-11  0.1212E-11
CALSDV   43    1  0.1259E-11  0.1259E-11
CALSDV   44    1  0.1309E-11  0.1309E-11
CALSDV   45    1  0.1362E-11  0.1362E-11
CALSDV   46    1  0.1419E-11  0.1418E-11
CALSDV   47    1  0.1478E-11  0.1479E-11
CALSDV   48    1  0.1543E-11  0.1543E-11
CALSDV   49    1  0.1611E-11  0.1611E-11
CALSDV   50    1  0.1683E-11  0.1684E-11
CALSDV   51    1  0.1760E-11  0.1760E-11
CALSDV   52    1  0.1842E-11  0.1843E-11
CALSDV   53    1  0.1929E-11  0.1930E-11
CALSDV   54    1  0.2022E-11  0.2022E-11
CALSDV   55    1  0.2118E-11  0.2119E-11
CALSDV   56    1  0.2222E-11  0.2223E-11
CALSDV   57    1  0.2325E-11  0.2325E-11
CALSDV   58    1  0.2433E-11  0.2433E-11
CALSDV   59    1  0.2310E-11  0.2313E-11
CALSDV   60    1  0.2393E-11  0.2394E-11
CALSDV    2    2  0.2663E-10  0.3077E-10
CALSDV    3    2  0.1285E-10  0.1310E-10
CALSDV    4    2  0.6143E-11  0.6148E-11
CALSDV    5    2  0.3827E-11  0.3842E-11
CALSDV    6    2  0.2778E-11  0.2800E-11
CALSDV    7    2  0.2154E-11  0.2165E-11
CALSDV    8    2  0.1791E-11  0.1799E-11
CALSDV    9    2  0.1523E-11  0.1533E-11
CALSDV   10    2  0.1346E-11  0.1354E-11
CALSDV   11    2  0.1208E-11  0.1216E-11
CALSDV   12    2  0.1110E-11  0.1116E-11
CALSDV   13    2  0.1031E-11  0.1037E-11
CALSDV   14    2  0.9727E-12  0.9786E-12
CALSDV   15    2  0.9248E-12  0.9293E-12
CALSDV   16    2  0.8883E-12  0.8940E-12
CALSDV   17    2  0.8591E-12  0.8642E-12
CALSDV   18    2  0.8377E-12  0.8428E-12
CALSDV   19    2  0.8208E-12  0.8257E-12
CALSDV   20    2  0.8092E-12  0.8141E-12
CALSDV   21    2  0.8014E-12  0.8063E-12
CALSDV   22    2  0.7975E-12  0.8016E-12
CALSDV   23    2  0.7954E-12  0.8010E-12
CALSDV   24    2  0.7979E-12  0.8024E-12
CALSDV   25    2  0.8018E-12  0.8068E-12
CALSDV   26    2  0.8086E-12  0.8134E-12
CALSDV   27    2  0.8176E-12  0.8225E-12
CALSDV   28    2  0.8285E-12  0.8340E-12
CALSDV   29    2  0.8429E-12  0.8476E-12
CALSDV   30    2  0.8575E-12  0.8628E-12
CALSDV   31    2  0.8755E-12  0.8811E-12
CALSDV   32    2  0.8948E-12  0.9004E-12
CALSDV   33    2  0.9169E-12  0.9228E-12
CALSDV   34    2  0.9403E-12  0.9463E-12
CALSDV   35    2  0.9671E-12  0.9730E-12
CALSDV   36    2  0.9946E-12  0.1001E-11
CALSDV   37    2  0.1025E-11  0.1032E-11
CALSDV   38    2  0.1058E-11  0.1064E-11
CALSDV   39    2  0.1094E-11  0.1100E-11
CALSDV   40    2  0.1131E-11  0.1138E-11
CALSDV   41    2  0.1172E-11  0.1179E-11
CALSDV   42    2  0.1215E-11  0.1223E-11
CALSDV   43    2  0.1262E-11  0.1270E-11
CALSDV   44    2  0.1311E-11  0.1319E-11
CALSDV   45    2  0.1364E-11  0.1373E-11
CALSDV   46    2  0.1420E-11  0.1429E-11
CALSDV   47    2  0.1481E-11  0.1490E-11
CALSDV   48    2  0.1544E-11  0.1555E-11
CALSDV   49    2  0.1612E-11  0.1623E-11
CALSDV   50    2  0.1685E-11  0.1696E-11
CALSDV   51    2  0.1761E-11  0.1773E-11
CALSDV   52    2  0.1843E-11  0.1855E-11
CALSDV   53    2  0.1930E-11  0.1942E-11
CALSDV   54    2  0.2023E-11  0.2036E-11
CALSDV   55    2  0.2119E-11  0.2133E-11
CALSDV   56    2  0.2223E-11  0.2238E-11
CALSDV   57    2  0.2327E-11  0.2342E-11
CALSDV   58    2  0.2434E-11  0.2450E-11
CALSDV   59    2  0.2333E-11  0.2349E-11
CALSDV   60    2  0.2414E-11  0.2429E-11
CALSDV    3    3  0.2869E-10  0.2817E-10
CALSDV    4    3  0.1188E-10  0.1183E-10
CALSDV    5    3  0.8271E-11  0.8240E-11
CALSDV    6    3  0.4323E-11  0.4367E-11
CALSDV    7    3  0.3993E-11  0.3982E-11
CALSDV    8    3  0.2470E-11  0.2487E-11
CALSDV    9    3  0.2419E-11  0.2416E-11
CALSDV   10    3  0.1711E-11  0.1719E-11
CALSDV   11    3  0.1709E-11  0.1707E-11
CALSDV   12    3  0.1333E-11  0.1336E-11
CALSDV   13    3  0.1337E-11  0.1335E-11
CALSDV   14    3  0.1120E-11  0.1119E-11
CALSDV   15    3  0.1125E-11  0.1125E-11
CALSDV   16    3  0.9922E-12  0.9914E-12
CALSDV   17    3  0.9991E-12  0.9980E-12
CALSDV   18    3  0.9151E-12  0.9149E-12
CALSDV   19    3  0.9229E-12  0.9219E-12
CALSDV   20    3  0.8702E-12  0.8691E-12
CALSDV   21    3  0.8788E-12  0.8781E-12
CALSDV   22    3  0.8464E-12  0.8450E-12
CALSDV   23    3  0.8575E-12  0.8562E-12
CALSDV   24    3  0.8382E-12  0.8375E-12
CALSDV   25    3  0.8520E-12  0.8511E-12
CALSDV   26    3  0.8437E-12  0.8423E-12
CALSDV   27    3  0.8600E-12  0.8586E-12
CALSDV   28    3  0.8595E-12  0.8590E-12
CALSDV   29    3  0.8783E-12  0.8772E-12
CALSDV   30    3  0.8854E-12  0.8841E-12
CALSDV   31    3  0.9070E-12  0.9060E-12
CALSDV   32    3  0.9201E-12  0.9187E-12
CALSDV   33    3  0.9455E-12  0.9437E-12
CALSDV   34    3  0.9639E-12  0.9628E-12
CALSDV   35    3  0.9928E-12  0.9911E-12
CALSDV   36    3  0.1017E-11  0.1015E-11
CALSDV   37    3  0.1050E-11  0.1048E-11
CALSDV   38    3  0.1079E-11  0.1077E-11
CALSDV   39    3  0.1117E-11  0.1115E-11
CALSDV   40    3  0.1151E-11  0.1150E-11
CALSDV   41    3  0.1194E-11  0.1193E-11
CALSDV   42    3  0.1235E-11  0.1234E-11
CALSDV   43    3  0.1283E-11  0.1282E-11
CALSDV   44    3  0.1331E-11  0.1330E-11
CALSDV   45    3  0.1385E-11  0.1384E-11
CALSDV   46    3  0.1440E-11  0.1439E-11
CALSDV   47    3  0.1501E-11  0.1500E-11
CALSDV   48    3  0.1564E-11  0.1563E-11
CALSDV   49    3  0.1633E-11  0.1632E-11
CALSDV   50    3  0.1704E-11  0.1704E-11
CALSDV   51    3  0.1782E-11  0.1781E-11
CALSDV   52    3  0.1864E-11  0.1863E-11
CALSDV   53    3  0.1952E-11  0.1951E-11
CALSDV   54    3  0.2044E-11  0.2043E-11
CALSDV   55    3  0.2143E-11  0.2142E-11
CALSDV   56    3  0.2247E-11  0.2245E-11
CALSDV   57    3  0.2355E-11  0.2353E-11
CALSDV   58    3  0.2464E-11  0.2464E-11
CALSDV   59    3  0.2403E-11  0.2401E-11
CALSDV   60    3  0.2481E-11  0.2482E-11
CALSDV    4    4  0.1496E-10  0.1513E-10
CALSDV    5    4  0.1255E-10  0.1273E-10
CALSDV    6    4  0.5291E-11  0.5358E-11
CALSDV    7    4  0.4581E-11  0.4650E-11
CALSDV    8    4  0.2903E-11  0.2938E-11
CALSDV    9    4  0.2524E-11  0.2553E-11
CALSDV   10    4  0.1931E-11  0.1951E-11
CALSDV   11    4  0.1743E-11  0.1759E-11
CALSDV   12    4  0.1471E-11  0.1484E-11
CALSDV   13    4  0.1363E-11  0.1375E-11
CALSDV   14    4  0.1219E-11  0.1230E-11
CALSDV   15    4  0.1155E-11  0.1165E-11
CALSDV   16    4  0.1068E-11  0.1076E-11
CALSDV   17    4  0.1030E-11  0.1039E-11
CALSDV   18    4  0.9747E-12  0.9838E-12
CALSDV   19    4  0.9536E-12  0.9613E-12
CALSDV   20    4  0.9188E-12  0.9266E-12
CALSDV   21    4  0.9083E-12  0.9164E-12
CALSDV   22    4  0.8872E-12  0.8947E-12
CALSDV   23    4  0.8845E-12  0.8920E-12
CALSDV   24    4  0.8739E-12  0.8819E-12
CALSDV   25    4  0.8771E-12  0.8851E-12
CALSDV   26    4  0.8746E-12  0.8822E-12
CALSDV   27    4  0.8832E-12  0.8910E-12
CALSDV   28    4  0.8862E-12  0.8946E-12
CALSDV   29    4  0.9005E-12  0.9084E-12
CALSDV   30    4  0.9095E-12  0.9174E-12
CALSDV   31    4  0.9276E-12  0.9355E-12
CALSDV   32    4  0.9418E-12  0.9504E-12
CALSDV   33    4  0.9641E-12  0.9726E-12
CALSDV   34    4  0.9835E-12  0.9921E-12
CALSDV   35    4  0.1010E-11  0.1019E-11
CALSDV   36    4  0.1035E-11  0.1044E-11
CALSDV   37    4  0.1066E-11  0.1075E-11
CALSDV   38    4  0.1096E-11  0.1105E-11
CALSDV   39    4  0.1132E-11  0.1142E-11
CALSDV   40    4  0.1167E-11  0.1177E-11
CALSDV   41    4  0.1208E-11  0.1218E-11
CALSDV   42    4  0.1249E-11  0.1261E-11
CALSDV   43    4  0.1296E-11  0.1308E-11
CALSDV   44    4  0.1344E-11  0.1356E-11
CALSDV   45    4  0.1397E-11  0.1410E-11
CALSDV   46    4  0.1452E-11  0.1465E-11
CALSDV   47    4  0.1512E-11  0.1526E-11
CALSDV   48    4  0.1575E-11  0.1590E-11
CALSDV   49    4  0.1643E-11  0.1658E-11
CALSDV   50    4  0.1715E-11  0.1731E-11
CALSDV   51    4  0.1792E-11  0.1809E-11
CALSDV   52    4  0.1873E-11  0.1891E-11
CALSDV   53    4  0.1960E-11  0.1979E-11
CALSDV   54    4  0.2053E-11  0.2072E-11
CALSDV   55    4  0.2152E-11  0.2172E-11
CALSDV   56    4  0.2255E-11  0.2276E-11
CALSDV   57    4  0.2365E-11  0.2388E-11
CALSDV   58    4  0.2476E-11  0.2500E-11
CALSDV   59    4  0.2450E-11  0.2470E-11
CALSDV   60    4  0.2530E-11  0.2551E-11
CALSDV    5    5  0.2127E-10  0.2120E-10
CALSDV    6    5  0.9188E-11  0.9068E-11
CALSDV    7    5  0.6060E-11  0.6031E-11
CALSDV    8    5  0.3709E-11  0.3685E-11
CALSDV    9    5  0.3557E-11  0.3538E-11
CALSDV   10    5  0.2376E-11  0.2355E-11
CALSDV   11    5  0.2470E-11  0.2459E-11
CALSDV   12    5  0.1802E-11  0.1789E-11
CALSDV   13    5  0.1880E-11  0.1871E-11
CALSDV   14    5  0.1487E-11  0.1474E-11
CALSDV   15    5  0.1526E-11  0.1520E-11
CALSDV   16    5  0.1286E-11  0.1277E-11
CALSDV   17    5  0.1308E-11  0.1303E-11
CALSDV   18    5  0.1153E-11  0.1146E-11
CALSDV   19    5  0.1166E-11  0.1162E-11
CALSDV   20    5  0.1066E-11  0.1061E-11
CALSDV   21    5  0.1075E-11  0.1071E-11
CALSDV   22    5  0.1011E-11  0.1006E-11
CALSDV   23    5  0.1019E-11  0.1015E-11
CALSDV   24    5  0.9784E-12  0.9745E-12
CALSDV   25    5  0.9879E-12  0.9842E-12
CALSDV   26    5  0.9651E-12  0.9610E-12
CALSDV   27    5  0.9758E-12  0.9728E-12
CALSDV   28    5  0.9658E-12  0.9620E-12
CALSDV   29    5  0.9791E-12  0.9759E-12
CALSDV   30    5  0.9797E-12  0.9754E-12
CALSDV   31    5  0.9954E-12  0.9934E-12
CALSDV   32    5  0.1004E-11  0.1001E-11
CALSDV   33    5  0.1025E-11  0.1022E-11
CALSDV   34    5  0.1040E-11  0.1037E-11
CALSDV   35    5  0.1065E-11  0.1061E-11
CALSDV   36    5  0.1087E-11  0.1084E-11
CALSDV   37    5  0.1116E-11  0.1112E-11
CALSDV   38    5  0.1144E-11  0.1140E-11
CALSDV   39    5  0.1178E-11  0.1174E-11
CALSDV   40    5  0.1212E-11  0.1208E-11
CALSDV   41    5  0.1252E-11  0.1248E-11
CALSDV   42    5  0.1292E-11  0.1288E-11
CALSDV   43    5  0.1337E-11  0.1333E-11
CALSDV   44    5  0.1385E-11  0.1381E-11
CALSDV   45    5  0.1437E-11  0.1432E-11
CALSDV   46    5  0.1492E-11  0.1487E-11
CALSDV   47    5  0.1551E-11  0.1545E-11
CALSDV   48    5  0.1614E-11  0.1609E-11
CALSDV   49    5  0.1681E-11  0.1675E-11
CALSDV   50    5  0.1753E-11  0.1748E-11
CALSDV   51    5  0.1829E-11  0.1823E-11
CALSDV   52    5  0.1912E-11  0.1906E-11
CALSDV   53    5  0.1998E-11  0.1991E-11
CALSDV   54    5  0.2092E-11  0.2085E-11
CALSDV   55    5  0.2191E-11  0.2183E-11
CALSDV   56    5  0.2295E-11  0.2287E-11
CALSDV   57    5  0.2407E-11  0.2398E-11
CALSDV   58    5  0.2522E-11  0.2513E-11
CALSDV   59    5  0.2521E-11  0.2511E-11
CALSDV   60    5  0.2603E-11  0.2596E-11
CALSDV    6    6  0.1096E-10  0.1105E-10
CALSDV    7    6  0.1156E-10  0.1155E-10
CALSDV    8    6  0.5248E-11  0.5319E-11
CALSDV    9    6  0.5487E-11  0.5447E-11
CALSDV   10    6  0.3365E-11  0.3392E-11
CALSDV   11    6  0.3294E-11  0.3261E-11
CALSDV   12    6  0.2325E-11  0.2340E-11
CALSDV   13    6  0.2293E-11  0.2270E-11
CALSDV   14    6  0.1762E-11  0.1774E-11
CALSDV   15    6  0.1766E-11  0.1751E-11
CALSDV   16    6  0.1445E-11  0.1454E-11
CALSDV   17    6  0.1466E-11  0.1456E-11
CALSDV   18    6  0.1258E-11  0.1263E-11
CALSDV   19    6  0.1283E-11  0.1278E-11
CALSDV   20    6  0.1141E-11  0.1146E-11
CALSDV   21    6  0.1169E-11  0.1165E-11
CALSDV   22    6  0.1071E-11  0.1074E-11
CALSDV   23    6  0.1098E-11  0.1095E-11
CALSDV   24    6  0.1029E-11  0.1032E-11
CALSDV   25    6  0.1056E-11  0.1054E-11
CALSDV   26    6  0.1010E-11  0.1013E-11
CALSDV   27    6  0.1037E-11  0.1036E-11
CALSDV   28    6  0.1007E-11  0.1010E-11
CALSDV   29    6  0.1035E-11  0.1034E-11
CALSDV   30    6  0.1018E-11  0.1020E-11
CALSDV   31    6  0.1047E-11  0.1047E-11
CALSDV   32    6  0.1042E-11  0.1043E-11
CALSDV   33    6  0.1072E-11  0.1072E-11
CALSDV   34    6  0.1076E-11  0.1078E-11
CALSDV   35    6  0.1109E-11  0.1109E-11
CALSDV   36    6  0.1121E-11  0.1123E-11
CALSDV   37    6  0.1157E-11  0.1158E-11
CALSDV   38    6  0.1177E-11  0.1179E-11
CALSDV   39    6  0.1217E-11  0.1218E-11
CALSDV   40    6  0.1244E-11  0.1246E-11
CALSDV   41    6  0.1288E-11  0.1289E-11
CALSDV   42    6  0.1323E-11  0.1325E-11
CALSDV   43    6  0.1372E-11  0.1374E-11
CALSDV   44    6  0.1415E-11  0.1417E-11
CALSDV   45    6  0.1469E-11  0.1471E-11
CALSDV   46    6  0.1520E-11  0.1523E-11
CALSDV   47    6  0.1581E-11  0.1584E-11
CALSDV   48    6  0.1641E-11  0.1644E-11
CALSDV   49    6  0.1709E-11  0.1712E-11
CALSDV   50    6  0.1779E-11  0.1782E-11
CALSDV   51    6  0.1857E-11  0.1860E-11
CALSDV   52    6  0.1937E-11  0.1939E-11
CALSDV   53    6  0.2024E-11  0.2027E-11
CALSDV   54    6  0.2116E-11  0.2118E-11
CALSDV   55    6  0.2216E-11  0.2218E-11
CALSDV   56    6  0.2319E-11  0.2321E-11
CALSDV   57    6  0.2433E-11  0.2435E-11
CALSDV   58    6  0.2548E-11  0.2549E-11
CALSDV   59    6  0.2579E-11  0.2579E-11
CALSDV   60    6  0.2660E-11  0.2659E-11
CALSDV    7    7  0.1547E-10  0.1561E-10
CALSDV    8    7  0.8733E-11  0.8750E-11
CALSDV    9    7  0.5592E-11  0.5617E-11
CALSDV   10    7  0.3674E-11  0.3667E-11
CALSDV   11    7  0.3352E-11  0.3357E-11
CALSDV   12    7  0.2320E-11  0.2294E-11
CALSDV   13    7  0.2332E-11  0.2332E-11
CALSDV   14    7  0.1843E-11  0.1832E-11
CALSDV   15    7  0.1803E-11  0.1801E-11
CALSDV   16    7  0.1604E-11  0.1599E-11
CALSDV   17    7  0.1503E-11  0.1502E-11
CALSDV   18    7  0.1450E-11  0.1445E-11
CALSDV   19    7  0.1328E-11  0.1327E-11
CALSDV   20    7  0.1337E-11  0.1335E-11
CALSDV   21    7  0.1219E-11  0.1216E-11
CALSDV   22    7  0.1256E-11  0.1254E-11
CALSDV   23    7  0.1150E-11  0.1149E-11
CALSDV   24    7  0.1198E-11  0.1197E-11
CALSDV   25    7  0.1112E-11  0.1108E-11
CALSDV   26    7  0.1162E-11  0.1161E-11
CALSDV   27    7  0.1091E-11  0.1089E-11
CALSDV   28    7  0.1144E-11  0.1141E-11
CALSDV   29    7  0.1089E-11  0.1086E-11
CALSDV   30    7  0.1140E-11  0.1138E-11
CALSDV   31    7  0.1100E-11  0.1098E-11
CALSDV   32    7  0.1150E-11  0.1148E-11
CALSDV   33    7  0.1123E-11  0.1121E-11
CALSDV   34    7  0.1173E-11  0.1171E-11
CALSDV   35    7  0.1158E-11  0.1156E-11
CALSDV   36    7  0.1208E-11  0.1206E-11
CALSDV   37    7  0.1204E-11  0.1202E-11
CALSDV   38    7  0.1256E-11  0.1254E-11
CALSDV   39    7  0.1262E-11  0.1260E-11
CALSDV   40    7  0.1316E-11  0.1314E-11
CALSDV   41    7  0.1333E-11  0.1330E-11
CALSDV   42    7  0.1389E-11  0.1386E-11
CALSDV   43    7  0.1415E-11  0.1412E-11
CALSDV   44    7  0.1475E-11  0.1473E-11
CALSDV   45    7  0.1511E-11  0.1508E-11
CALSDV   46    7  0.1576E-11  0.1574E-11
CALSDV   47    7  0.1621E-11  0.1619E-11
CALSDV   48    7  0.1693E-11  0.1690E-11
CALSDV   49    7  0.1748E-11  0.1745E-11
CALSDV   50    7  0.1827E-11  0.1824E-11
CALSDV   51    7  0.1894E-11  0.1891E-11
CALSDV   52    7  0.1982E-11  0.1979E-11
CALSDV   53    7  0.2059E-11  0.2056E-11
CALSDV   54    7  0.2157E-11  0.2155E-11
CALSDV   55    7  0.2249E-11  0.2247E-11
CALSDV   56    7  0.2357E-11  0.2355E-11
CALSDV   57    7  0.2466E-11  0.2464E-11
CALSDV   58    7  0.2587E-11  0.2585E-11
CALSDV   59    7  0.2630E-11  0.2629E-11
CALSDV   60    7  0.2722E-11  0.2719E-11
CALSDV    8    8  0.8548E-11  0.8458E-11
CALSDV    9    8  0.8101E-11  0.8145E-11
CALSDV   10    8  0.5186E-11  0.5173E-11
CALSDV   11    8  0.4409E-11  0.4414E-11
CALSDV   12    8  0.3793E-11  0.3793E-11
CALSDV   13    8  0.3170E-11  0.3139E-11
CALSDV   14    8  0.2786E-11  0.2775E-11
CALSDV   15    8  0.2515E-11  0.2494E-11
CALSDV   16    8  0.2155E-11  0.2142E-11
CALSDV   17    8  0.2091E-11  0.2085E-11
CALSDV   18    8  0.1766E-11  0.1760E-11
CALSDV   19    8  0.1808E-11  0.1802E-11
CALSDV   20    8  0.1531E-11  0.1525E-11
CALSDV   21    8  0.1610E-11  0.1607E-11
CALSDV   22    8  0.1385E-11  0.1378E-11
CALSDV   23    8  0.1470E-11  0.1472E-11
CALSDV   24    8  0.1293E-11  0.1287E-11
CALSDV   25    8  0.1375E-11  0.1375E-11
CALSDV   26    8  0.1238E-11  0.1233E-11
CALSDV   27    8  0.1312E-11  0.1313E-11
CALSDV   28    8  0.1208E-11  0.1204E-11
CALSDV   29    8  0.1275E-11  0.1277E-11
CALSDV   30    8  0.1199E-11  0.1197E-11
CALSDV   31    8  0.1260E-11  0.1260E-11
CALSDV   32    8  0.1207E-11  0.1205E-11
CALSDV   33    8  0.1261E-11  0.1262E-11
CALSDV   34    8  0.1229E-11  0.1227E-11
CALSDV   35    8  0.1279E-11  0.1281E-11
CALSDV   36    8  0.1263E-11  0.1262E-11
CALSDV   37    8  0.1311E-11  0.1312E-11
CALSDV   38    8  0.1309E-11  0.1309E-11
CALSDV   39    8  0.1357E-11  0.1359E-11
CALSDV   40    8  0.1368E-11  0.1368E-11
CALSDV   41    8  0.1418E-11  0.1418E-11
CALSDV   42    8  0.1441E-11  0.1440E-11
CALSDV   43    8  0.1492E-11  0.1493E-11
CALSDV   44    8  0.1525E-11  0.1525E-11
CALSDV   45    8  0.1581E-11  0.1582E-11
CALSDV   46    8  0.1625E-11  0.1625E-11
CALSDV   47    8  0.1686E-11  0.1686E-11
CALSDV   48    8  0.1740E-11  0.1740E-11
CALSDV   49    8  0.1806E-11  0.1807E-11
CALSDV   50    8  0.1872E-11  0.1872E-11
CALSDV   51    8  0.1948E-11  0.1948E-11
CALSDV   52    8  0.2025E-11  0.2025E-11
CALSDV   53    8  0.2109E-11  0.2109E-11
CALSDV   54    8  0.2199E-11  0.2198E-11
CALSDV   55    8  0.2296E-11  0.2296E-11
CALSDV   56    8  0.2399E-11  0.2397E-11
CALSDV   57    8  0.2511E-11  0.2510E-11
CALSDV   58    8  0.2628E-11  0.2627E-11
CALSDV   59    8  0.2704E-11  0.2702E-11
CALSDV   60    8  0.2789E-11  0.2788E-11
CALSDV    9    9  0.1109E-10  0.1112E-10
CALSDV   10    9  0.8205E-11  0.8203E-11
CALSDV   11    9  0.5387E-11  0.5387E-11
CALSDV   12    9  0.3812E-11  0.3808E-11
CALSDV   13    9  0.3566E-11  0.3573E-11
CALSDV   14    9  0.2434E-11  0.2436E-11
CALSDV   15    9  0.2487E-11  0.2490E-11
CALSDV   16    9  0.1959E-11  0.1962E-11
CALSDV   17    9  0.1881E-11  0.1888E-11
CALSDV   18    9  0.1733E-11  0.1737E-11
CALSDV   19    9  0.1555E-11  0.1562E-11
CALSDV   20    9  0.1592E-11  0.1596E-11
CALSDV   21    9  0.1386E-11  0.1392E-11
CALSDV   22    9  0.1491E-11  0.1495E-11
CALSDV   23    9  0.1297E-11  0.1301E-11
CALSDV   24    9  0.1417E-11  0.1420E-11
CALSDV   25    9  0.1251E-11  0.1255E-11
CALSDV   26    9  0.1366E-11  0.1367E-11
CALSDV   27    9  0.1230E-11  0.1235E-11
CALSDV   28    9  0.1331E-11  0.1334E-11
CALSDV   29    9  0.1227E-11  0.1230E-11
CALSDV   30    9  0.1315E-11  0.1317E-11
CALSDV   31    9  0.1237E-11  0.1241E-11
CALSDV   32    9  0.1313E-11  0.1315E-11
CALSDV   33    9  0.1258E-11  0.1262E-11
CALSDV   34    9  0.1325E-11  0.1327E-11
CALSDV   35    9  0.1291E-11  0.1294E-11
CALSDV   36    9  0.1352E-11  0.1354E-11
CALSDV   37    9  0.1334E-11  0.1337E-11
CALSDV   38    9  0.1390E-11  0.1392E-11
CALSDV   39    9  0.1388E-11  0.1391E-11
CALSDV   40    9  0.1442E-11  0.1445E-11
CALSDV   41    9  0.1453E-11  0.1456E-11
CALSDV   42    9  0.1508E-11  0.1511E-11
CALSDV   43    9  0.1530E-11  0.1533E-11
CALSDV   44    9  0.1588E-11  0.1591E-11
CALSDV   45    9  0.1621E-11  0.1625E-11
CALSDV   46    9  0.1683E-11  0.1685E-11
CALSDV   47    9  0.1726E-11  0.1729E-11
CALSDV   48    9  0.1793E-11  0.1797E-11
CALSDV   49    9  0.1847E-11  0.1851E-11
CALSDV   50    9  0.1921E-11  0.1925E-11
CALSDV   51    9  0.1988E-11  0.1991E-11
CALSDV   52    9  0.2071E-11  0.2074E-11
CALSDV   53    9  0.2147E-11  0.2151E-11
CALSDV   54    9  0.2240E-11  0.2244E-11
CALSDV   55    9  0.2332E-11  0.2336E-11
CALSDV   56    9  0.2437E-11  0.2440E-11
CALSDV   57    9  0.2545E-11  0.2550E-11
CALSDV   58    9  0.2665E-11  0.2669E-11
CALSDV   59    9  0.2753E-11  0.2756E-11
CALSDV   60    9  0.2839E-11  0.2844E-11
CALSDV   10   10  0.7653E-11  0.7609E-11
CALSDV   11   10  0.6770E-11  0.6730E-11
CALSDV   12   10  0.4805E-11  0.4801E-11
CALSDV   13   10  0.3500E-11  0.3474E-11
CALSDV   14   10  0.3815E-11  0.3822E-11
CALSDV   15   10  0.2803E-11  0.2794E-11
CALSDV   16   10  0.2943E-11  0.2949E-11
CALSDV   17   10  0.2517E-11  0.2511E-11
CALSDV   18   10  0.2358E-11  0.2358E-11
CALSDV   19   10  0.2282E-11  0.2278E-11
CALSDV   20   10  0.1991E-11  0.1988E-11
CALSDV   21   10  0.2078E-11  0.2073E-11
CALSDV   22   10  0.1764E-11  0.1762E-11
CALSDV   23   10  0.1908E-11  0.1906E-11
CALSDV   24   10  0.1624E-11  0.1619E-11
CALSDV   25   10  0.1776E-11  0.1773E-11
CALSDV   26   10  0.1535E-11  0.1532E-11
CALSDV   27   10  0.1676E-11  0.1673E-11
CALSDV   28   10  0.1481E-11  0.1480E-11
CALSDV   29   10  0.1605E-11  0.1601E-11
CALSDV   30   10  0.1453E-11  0.1450E-11
CALSDV   31   10  0.1557E-11  0.1553E-11
CALSDV   32   10  0.1443E-11  0.1441E-11
CALSDV   33   10  0.1531E-11  0.1527E-11
CALSDV   34   10  0.1451E-11  0.1448E-11
CALSDV   35   10  0.1524E-11  0.1520E-11
CALSDV   36   10  0.1471E-11  0.1469E-11
CALSDV   37   10  0.1534E-11  0.1532E-11
CALSDV   38   10  0.1506E-11  0.1504E-11
CALSDV   39   10  0.1563E-11  0.1559E-11
CALSDV   40   10  0.1554E-11  0.1552E-11
CALSDV   41   10  0.1606E-11  0.1603E-11
CALSDV   42   10  0.1615E-11  0.1612E-11
CALSDV   43   10  0.1665E-11  0.1662E-11
CALSDV   44   10  0.1689E-11  0.1687E-11
CALSDV   45   10  0.1741E-11  0.1738E-11
CALSDV   46   10  0.1779E-11  0.1777E-11
CALSDV   47   10  0.1833E-11  0.1830E-11
CALSDV   48   10  0.1884E-11  0.1881E-11
CALSDV   49   10  0.1942E-11  0.1939E-11
CALSDV   50   10  0.2006E-11  0.2004E-11
CALSDV   51   10  0.2074E-11  0.2070E-11
CALSDV   52   10  0.2150E-11  0.2147E-11
CALSDV   53   10  0.2223E-11  0.2220E-11
CALSDV   54   10  0.2313E-11  0.2310E-11
CALSDV   55   10  0.2400E-11  0.2396E-11
CALSDV   56   10  0.2504E-11  0.2500E-11
CALSDV   57   10  0.2607E-11  0.2604E-11
CALSDV   58   10  0.2728E-11  0.2725E-11
CALSDV   59   10  0.2834E-11  0.2831E-11
CALSDV   60   10  0.2926E-11  0.2922E-11
CALSDV   11   11  0.7926E-11  0.7916E-11
CALSDV   12   11  0.7374E-11  0.7291E-11
CALSDV   13   11  0.5061E-11  0.5050E-11
CALSDV   14   11  0.3803E-11  0.3759E-11
CALSDV   15   11  0.3783E-11  0.3775E-11
CALSDV   16   11  0.2640E-11  0.2633E-11
CALSDV   17   11  0.2724E-11  0.2720E-11
CALSDV   18   11  0.2174E-11  0.2180E-11
CALSDV   19   11  0.2056E-11  0.2054E-11
CALSDV   20   11  0.1911E-11  0.1918E-11
CALSDV   21   11  0.1684E-11  0.1684E-11
CALSDV   22   11  0.1736E-11  0.1745E-11
CALSDV   23   11  0.1502E-11  0.1502E-11
CALSDV   24   11  0.1615E-11  0.1626E-11
CALSDV   25   11  0.1420E-11  0.1426E-11
CALSDV   26   11  0.1533E-11  0.1542E-11
CALSDV   27   11  0.1395E-11  0.1398E-11
CALSDV   28   11  0.1481E-11  0.1490E-11
CALSDV   29   11  0.1393E-11  0.1397E-11
CALSDV   30   11  0.1454E-11  0.1462E-11
CALSDV   31   11  0.1407E-11  0.1410E-11
CALSDV   32   11  0.1445E-11  0.1453E-11
CALSDV   33   11  0.1431E-11  0.1434E-11
CALSDV   34   11  0.1454E-11  0.1462E-11
CALSDV   35   11  0.1463E-11  0.1467E-11
CALSDV   36   11  0.1477E-11  0.1484E-11
CALSDV   37   11  0.1505E-11  0.1509E-11
CALSDV   38   11  0.1515E-11  0.1521E-11
CALSDV   39   11  0.1556E-11  0.1560E-11
CALSDV   40   11  0.1566E-11  0.1573E-11
CALSDV   41   11  0.1617E-11  0.1621E-11
CALSDV   42   11  0.1630E-11  0.1637E-11
CALSDV   43   11  0.1689E-11  0.1694E-11
CALSDV   44   11  0.1709E-11  0.1714E-11
CALSDV   45   11  0.1774E-11  0.1777E-11
CALSDV   46   11  0.1802E-11  0.1807E-11
CALSDV   47   11  0.1871E-11  0.1876E-11
CALSDV   48   11  0.1909E-11  0.1915E-11
CALSDV   49   11  0.1985E-11  0.1989E-11
CALSDV   50   11  0.2034E-11  0.2039E-11
CALSDV   51   11  0.2116E-11  0.2121E-11
CALSDV   52   11  0.2179E-11  0.2184E-11
CALSDV   53   11  0.2266E-11  0.2271E-11
CALSDV   54   11  0.2342E-11  0.2348E-11
CALSDV   55   11  0.2441E-11  0.2446E-11
CALSDV   56   11  0.2533E-11  0.2539E-11
CALSDV   57   11  0.2646E-11  0.2651E-11
CALSDV   58   11  0.2756E-11  0.2762E-11
CALSDV   59   11  0.2883E-11  0.2888E-11
CALSDV   60   11  0.2958E-11  0.2965E-11
CALSDV   12   12  0.6854E-11  0.6804E-11
CALSDV   13   12  0.6584E-11  0.6644E-11
CALSDV   14   12  0.4577E-11  0.4549E-11
CALSDV   15   12  0.3245E-11  0.3260E-11
CALSDV   16   12  0.3687E-11  0.3684E-11
CALSDV   17   12  0.2608E-11  0.2605E-11
CALSDV   18   12  0.2845E-11  0.2845E-11
CALSDV   19   12  0.2467E-11  0.2466E-11
CALSDV   20   12  0.2304E-11  0.2302E-11
CALSDV   21   12  0.2337E-11  0.2336E-11
CALSDV   22   12  0.2005E-11  0.1996E-11
CALSDV   23   12  0.2194E-11  0.2193E-11
CALSDV   24   12  0.1844E-11  0.1837E-11
CALSDV   25   12  0.2061E-11  0.2060E-11
CALSDV   26   12  0.1760E-11  0.1756E-11
CALSDV   27   12  0.1949E-11  0.1950E-11
CALSDV   28   12  0.1719E-11  0.1713E-11
CALSDV   29   12  0.1864E-11  0.1865E-11
CALSDV   30   12  0.1699E-11  0.1695E-11
CALSDV   31   12  0.1803E-11  0.1803E-11
CALSDV   32   12  0.1695E-11  0.1690E-11
CALSDV   33   12  0.1763E-11  0.1764E-11
CALSDV   34   12  0.1702E-11  0.1698E-11
CALSDV   35   12  0.1744E-11  0.1744E-11
CALSDV   36   12  0.1719E-11  0.1715E-11
CALSDV   37   12  0.1743E-11  0.1743E-11
CALSDV   38   12  0.1747E-11  0.1743E-11
CALSDV   39   12  0.1760E-11  0.1758E-11
CALSDV   40   12  0.1787E-11  0.1783E-11
CALSDV   41   12  0.1793E-11  0.1792E-11
CALSDV   42   12  0.1838E-11  0.1834E-11
CALSDV   43   12  0.1843E-11  0.1842E-11
CALSDV   44   12  0.1902E-11  0.1899E-11
CALSDV   45   12  0.1909E-11  0.1907E-11
CALSDV   46   12  0.1980E-11  0.1976E-11
CALSDV   47   12  0.1992E-11  0.1990E-11
CALSDV   48   12  0.2073E-11  0.2069E-11
CALSDV   49   12  0.2092E-11  0.2090E-11
CALSDV   50   12  0.2181E-11  0.2179E-11
CALSDV   51   12  0.2212E-11  0.2211E-11
CALSDV   52   12  0.2311E-11  0.2309E-11
CALSDV   53   12  0.2351E-11  0.2350E-11
CALSDV   54   12  0.2459E-11  0.2457E-11
CALSDV   55   12  0.2516E-11  0.2514E-11
CALSDV   56   12  0.2636E-11  0.2633E-11
CALSDV   57   12  0.2712E-11  0.2711E-11
CALSDV   58   12  0.2847E-11  0.2844E-11
CALSDV   59   12  0.2960E-11  0.2957E-11
CALSDV   60   12  0.3068E-11  0.3063E-11
CALSDV   13   13  0.6359E-11  0.6336E-11
CALSDV   14   13  0.6508E-11  0.6498E-11
CALSDV   15   13  0.4826E-11  0.4839E-11
CALSDV   16   13  0.3556E-11  0.3571E-11
CALSDV   17   13  0.3946E-11  0.3955E-11
CALSDV   18   13  0.2760E-11  0.2777E-11
CALSDV   19   13  0.2946E-11  0.2954E-11
CALSDV   20   13  0.2402E-11  0.2424E-11
CALSDV   21   13  0.2249E-11  0.2257E-11
CALSDV   22   13  0.2132E-11  0.2150E-11
CALSDV   23   13  0.1852E-11  0.1854E-11
CALSDV   24   13  0.1920E-11  0.1933E-11
CALSDV   25   13  0.1657E-11  0.1660E-11
CALSDV   26   13  0.1766E-11  0.1777E-11
CALSDV   27   13  0.1582E-11  0.1587E-11
CALSDV   28   13  0.1663E-11  0.1671E-11
CALSDV   29   13  0.1572E-11  0.1572E-11
CALSDV   30   13  0.1603E-11  0.1610E-11
CALSDV   31   13  0.1586E-11  0.1589E-11
CALSDV   32   13  0.1579E-11  0.1583E-11
CALSDV   33   13  0.1616E-11  0.1617E-11
CALSDV   34   13  0.1580E-11  0.1582E-11
CALSDV   35   13  0.1654E-11  0.1654E-11
CALSDV   36   13  0.1604E-11  0.1604E-11
CALSDV   37   13  0.1698E-11  0.1697E-11
CALSDV   38   13  0.1642E-11  0.1643E-11
CALSDV   39   13  0.1749E-11  0.1748E-11
CALSDV   40   13  0.1695E-11  0.1696E-11
CALSDV   41   13  0.1808E-11  0.1807E-11
CALSDV   42   13  0.1764E-11  0.1763E-11
CALSDV   43   13  0.1876E-11  0.1875E-11
CALSDV   44   13  0.1844E-11  0.1844E-11
CALSDV   45   13  0.1954E-11  0.1955E-11
CALSDV   46   13  0.1938E-11  0.1939E-11
CALSDV   47   13  0.2045E-11  0.2045E-11
CALSDV   48   13  0.2046E-11  0.2047E-11
CALSDV   49   13  0.2150E-11  0.2151E-11
CALSDV   50   13  0.2169E-11  0.2170E-11
CALSDV   51   13  0.2272E-11  0.2273E-11
CALSDV   52   13  0.2311E-11  0.2312E-11
CALSDV   53   13  0.2411E-11  0.2411E-11
CALSDV   54   13  0.2469E-11  0.2469E-11
CALSDV   55   13  0.2572E-11  0.2573E-11
CALSDV   56   13  0.2652E-11  0.2653E-11
CALSDV   57   13  0.2765E-11  0.2764E-11
CALSDV   58   13  0.2869E-11  0.2868E-11
CALSDV   59   13  0.3017E-11  0.3017E-11
CALSDV   60   13  0.3089E-11  0.3088E-11
CALSDV   14   14  0.5646E-11  0.5665E-11
CALSDV   15   14  0.6832E-11  0.6789E-11
CALSDV   16   14  0.4588E-11  0.4562E-11
CALSDV   17   14  0.3462E-11  0.3443E-11
CALSDV   18   14  0.3796E-11  0.3768E-11
CALSDV   19   14  0.2695E-11  0.2685E-11
CALSDV   20   14  0.2869E-11  0.2847E-11
CALSDV   21   14  0.2533E-11  0.2522E-11
CALSDV   22   14  0.2270E-11  0.2258E-11
CALSDV   23   14  0.2409E-11  0.2404E-11
CALSDV   24   14  0.1983E-11  0.1975E-11
CALSDV   25   14  0.2281E-11  0.2275E-11
CALSDV   26   14  0.1881E-11  0.1876E-11
CALSDV   27   14  0.2162E-11  0.2157E-11
CALSDV   28   14  0.1862E-11  0.1859E-11
CALSDV   29   14  0.2065E-11  0.2062E-11
CALSDV   30   14  0.1880E-11  0.1875E-11
CALSDV   31   14  0.1995E-11  0.1993E-11
CALSDV   32   14  0.1909E-11  0.1902E-11
CALSDV   33   14  0.1953E-11  0.1949E-11
CALSDV   34   14  0.1939E-11  0.1932E-11
CALSDV   35   14  0.1931E-11  0.1925E-11
CALSDV   36   14  0.1973E-11  0.1965E-11
CALSDV   37   14  0.1929E-11  0.1923E-11
CALSDV   38   14  0.2008E-11  0.2001E-11
CALSDV   39   14  0.1946E-11  0.1939E-11
CALSDV   40   14  0.2050E-11  0.2041E-11
CALSDV   41   14  0.1977E-11  0.1968E-11
CALSDV   42   14  0.2098E-11  0.2087E-11
CALSDV   43   14  0.2025E-11  0.2014E-11
CALSDV   44   14  0.2156E-11  0.2144E-11
CALSDV   45   14  0.2089E-11  0.2077E-11
CALSDV   46   14  0.2224E-11  0.2211E-11
CALSDV   47   14  0.2167E-11  0.2153E-11
CALSDV   48   14  0.2305E-11  0.2290E-11
CALSDV   49   14  0.2263E-11  0.2247E-11
CALSDV   50   14  0.2400E-11  0.2384E-11
CALSDV   51   14  0.2374E-11  0.2359E-11
CALSDV   52   14  0.2515E-11  0.2498E-11
CALSDV   53   14  0.2504E-11  0.2487E-11
CALSDV   54   14  0.2644E-11  0.2626E-11
CALSDV   55   14  0.2657E-11  0.2641E-11
CALSDV   56   14  0.2802E-11  0.2783E-11
CALSDV   57   14  0.2840E-11  0.2823E-11
CALSDV   58   14  0.2994E-11  0.2976E-11
CALSDV   59   14  0.3097E-11  0.3078E-11
CALSDV   60   14  0.3223E-11  0.3202E-11
CALSDV   15   15  0.6125E-11  0.6267E-11
CALSDV   16   15  0.6960E-11  0.7097E-11
CALSDV   17   15  0.4659E-11  0.4760E-11
CALSDV   18   15  0.3738E-11  0.3818E-11
CALSDV   19   15  0.4064E-11  0.4172E-11
CALSDV   20   15  0.2826E-11  0.2886E-11
CALSDV   21   15  0.3213E-11  0.3284E-11
CALSDV   22   15  0.2516E-11  0.2559E-11
CALSDV   23   15  0.2586E-11  0.2628E-11
CALSDV   24   15  0.2311E-11  0.2334E-11
CALSDV   25   15  0.2211E-11  0.2242E-11
CALSDV   26   15  0.2130E-11  0.2156E-11
CALSDV   27   15  0.2015E-11  0.2043E-11
CALSDV   28   15  0.1989E-11  0.2020E-11
CALSDV   29   15  0.1928E-11  0.1955E-11
CALSDV   30   15  0.1896E-11  0.1926E-11
CALSDV   31   15  0.1901E-11  0.1928E-11
CALSDV   32   15  0.1842E-11  0.1872E-11
CALSDV   33   15  0.1905E-11  0.1933E-11
CALSDV   34   15  0.1826E-11  0.1852E-11
CALSDV   35   15  0.1926E-11  0.1955E-11
CALSDV   36   15  0.1833E-11  0.1860E-11
CALSDV   37   15  0.1958E-11  0.1987E-11
CALSDV   38   15  0.1861E-11  0.1891E-11
CALSDV   39   15  0.1997E-11  0.2029E-11
CALSDV   40   15  0.1907E-11  0.1938E-11
CALSDV   41   15  0.2044E-11  0.2079E-11
CALSDV   42   15  0.1966E-11  0.2000E-11
CALSDV   43   15  0.2100E-11  0.2138E-11
CALSDV   44   15  0.2039E-11  0.2077E-11
CALSDV   45   15  0.2165E-11  0.2208E-11
CALSDV   46   15  0.2124E-11  0.2167E-11
CALSDV   47   15  0.2241E-11  0.2288E-11
CALSDV   48   15  0.2221E-11  0.2269E-11
CALSDV   49   15  0.2331E-11  0.2381E-11
CALSDV   50   15  0.2334E-11  0.2386E-11
CALSDV   51   15  0.2437E-11  0.2490E-11
CALSDV   52   15  0.2463E-11  0.2519E-11
CALSDV   53   15  0.2555E-11  0.2615E-11
CALSDV   54   15  0.2605E-11  0.2666E-11
CALSDV   55   15  0.2698E-11  0.2760E-11
CALSDV   56   15  0.2774E-11  0.2836E-11
CALSDV   57   15  0.2871E-11  0.2935E-11
CALSDV   58   15  0.2971E-11  0.3038E-11
CALSDV   59   15  0.3123E-11  0.3194E-11
CALSDV   60   15  0.3197E-11  0.3270E-11
CALSDV   16   16  0.5063E-11  0.5056E-11
CALSDV   17   16  0.6491E-11  0.6563E-11
CALSDV   18   16  0.4743E-11  0.4748E-11
CALSDV   19   16  0.3414E-11  0.3441E-11
CALSDV   20   16  0.4077E-11  0.4075E-11
CALSDV   21   16  0.2818E-11  0.2813E-11
CALSDV   22   16  0.3082E-11  0.3085E-11
CALSDV   23   16  0.2690E-11  0.2683E-11
CALSDV   24   16  0.2407E-11  0.2409E-11
CALSDV   25   16  0.2549E-11  0.2549E-11
CALSDV   26   16  0.2092E-11  0.2094E-11
CALSDV   27   16  0.2398E-11  0.2402E-11
CALSDV   28   16  0.2012E-11  0.2014E-11
CALSDV   29   16  0.2269E-11  0.2274E-11
CALSDV   30   16  0.2037E-11  0.2034E-11
CALSDV   31   16  0.2173E-11  0.2180E-11
CALSDV   32   16  0.2095E-11  0.2092E-11
CALSDV   33   16  0.2114E-11  0.2122E-11
CALSDV   34   16  0.2157E-11  0.2156E-11
CALSDV   35   16  0.2092E-11  0.2096E-11
CALSDV   36   16  0.2216E-11  0.2213E-11
CALSDV   37   16  0.2091E-11  0.2096E-11
CALSDV   38   16  0.2270E-11  0.2269E-11
CALSDV   39   16  0.2114E-11  0.2117E-11
CALSDV   40   16  0.2322E-11  0.2320E-11
CALSDV   41   16  0.2152E-11  0.2157E-11
CALSDV   42   16  0.2372E-11  0.2370E-11
CALSDV   43   16  0.2206E-11  0.2208E-11
CALSDV   44   16  0.2426E-11  0.2426E-11
CALSDV   45   16  0.2271E-11  0.2274E-11
CALSDV   46   16  0.2487E-11  0.2487E-11
CALSDV   47   16  0.2350E-11  0.2352E-11
CALSDV   48   16  0.2556E-11  0.2555E-11
CALSDV   49   16  0.2441E-11  0.2443E-11
CALSDV   50   16  0.2635E-11  0.2636E-11
CALSDV   51   16  0.2547E-11  0.2550E-11
CALSDV   52   16  0.2731E-11  0.2731E-11
CALSDV   53   16  0.2665E-11  0.2667E-11
CALSDV   54   16  0.2838E-11  0.2840E-11
CALSDV   55   16  0.2804E-11  0.2808E-11
CALSDV   56   16  0.2972E-11  0.2975E-11
CALSDV   57   16  0.2970E-11  0.2974E-11
CALSDV   58   16  0.3139E-11  0.3141E-11
CALSDV   59   16  0.3226E-11  0.3228E-11
CALSDV   60   16  0.3363E-11  0.3366E-11
CALSDV   17   17  0.4760E-11  0.4738E-11
CALSDV   18   17  0.5757E-11  0.5779E-11
CALSDV   19   17  0.4623E-11  0.4615E-11
CALSDV   20   17  0.3241E-11  0.3242E-11
CALSDV   21   17  0.4067E-11  0.4078E-11
CALSDV   22   17  0.3021E-11  0.3015E-11
CALSDV   23   17  0.3161E-11  0.3162E-11
CALSDV   24   17  0.2912E-11  0.2909E-11
CALSDV   25   17  0.2500E-11  0.2499E-11
CALSDV   26   17  0.2674E-11  0.2675E-11
CALSDV   27   17  0.2136E-11  0.2131E-11
CALSDV   28   17  0.2407E-11  0.2409E-11
CALSDV   29   17  0.1987E-11  0.1978E-11
CALSDV   30   17  0.2180E-11  0.2184E-11
CALSDV   31   17  0.1949E-11  0.1941E-11
CALSDV   32   17  0.2024E-11  0.2026E-11
CALSDV   33   17  0.1969E-11  0.1961E-11
CALSDV   34   17  0.1937E-11  0.1941E-11
CALSDV   35   17  0.2012E-11  0.2006E-11
CALSDV   36   17  0.1915E-11  0.1919E-11
CALSDV   37   17  0.2066E-11  0.2061E-11
CALSDV   38   17  0.1939E-11  0.1941E-11
CALSDV   39   17  0.2127E-11  0.2122E-11
CALSDV   40   17  0.1996E-11  0.1999E-11
CALSDV   41   17  0.2193E-11  0.2189E-11
CALSDV   42   17  0.2075E-11  0.2078E-11
CALSDV   43   17  0.2262E-11  0.2261E-11
CALSDV   44   17  0.2168E-11  0.2171E-11
CALSDV   45   17  0.2340E-11  0.2338E-11
CALSDV   46   17  0.2274E-11  0.2276E-11
CALSDV   47   17  0.2424E-11  0.2422E-11
CALSDV   48   17  0.2390E-11  0.2390E-11
CALSDV   49   17  0.2519E-11  0.2516E-11
CALSDV   50   17  0.2515E-11  0.2514E-11
CALSDV   51   17  0.2626E-11  0.2623E-11
CALSDV   52   17  0.2650E-11  0.2650E-11
CALSDV   53   17  0.2741E-11  0.2739E-11
CALSDV   54   17  0.2794E-11  0.2794E-11
CALSDV   55   17  0.2875E-11  0.2874E-11
CALSDV   56   17  0.2956E-11  0.2956E-11
CALSDV   57   17  0.3034E-11  0.3033E-11
CALSDV   58   17  0.3142E-11  0.3143E-11
CALSDV   59   17  0.3286E-11  0.3284E-11
CALSDV   60   17  0.3372E-11  0.3371E-11
CALSDV   18   18  0.5557E-11  0.5639E-11
CALSDV   19   18  0.5960E-11  0.5961E-11
CALSDV   20   18  0.5090E-11  0.5087E-11
CALSDV   21   18  0.3147E-11  0.3139E-11
CALSDV   22   18  0.4360E-11  0.4363E-11
CALSDV   23   18  0.2873E-11  0.2853E-11
CALSDV   24   18  0.3281E-11  0.3286E-11
CALSDV   25   18  0.2851E-11  0.2831E-11
CALSDV   26   18  0.2545E-11  0.2549E-11
CALSDV   27   18  0.2712E-11  0.2697E-11
CALSDV   28   18  0.2230E-11  0.2228E-11
CALSDV   29   18  0.2537E-11  0.2529E-11
CALSDV   30   18  0.2188E-11  0.2183E-11
CALSDV   31   18  0.2392E-11  0.2388E-11
CALSDV   32   18  0.2260E-11  0.2250E-11
CALSDV   33   18  0.2300E-11  0.2295E-11
CALSDV   34   18  0.2360E-11  0.2349E-11
CALSDV   35   18  0.2258E-11  0.2253E-11
CALSDV   36   18  0.2453E-11  0.2445E-11
CALSDV   37   18  0.2260E-11  0.2254E-11
CALSDV   38   18  0.2536E-11  0.2524E-11
CALSDV   39   18  0.2292E-11  0.2285E-11
CALSDV   40   18  0.2603E-11  0.2595E-11
CALSDV   41   18  0.2343E-11  0.2337E-11
CALSDV   42   18  0.2664E-11  0.2655E-11
CALSDV   43   18  0.2411E-11  0.2404E-11
CALSDV   44   18  0.2720E-11  0.2713E-11
CALSDV   45   18  0.2488E-11  0.2479E-11
CALSDV   46   18  0.2777E-11  0.2770E-11
CALSDV   47   18  0.2571E-11  0.2565E-11
CALSDV   48   18  0.2836E-11  0.2830E-11
CALSDV   49   18  0.2664E-11  0.2657E-11
CALSDV   50   18  0.2902E-11  0.2898E-11
CALSDV   51   18  0.2766E-11  0.2759E-11
CALSDV   52   18  0.2982E-11  0.2975E-11
CALSDV   53   18  0.2874E-11  0.2865E-11
CALSDV   54   18  0.3067E-11  0.3060E-11
CALSDV   55   18  0.2996E-11  0.2987E-11
CALSDV   56   18  0.3177E-11  0.3168E-11
CALSDV   57   18  0.3140E-11  0.3128E-11
CALSDV   58   18  0.3314E-11  0.3304E-11
CALSDV   59   18  0.3386E-11  0.3371E-11
CALSDV   60   18  0.3523E-11  0.3509E-11
CALSDV   19   19  0.4672E-11  0.4679E-11
CALSDV   20   19  0.5655E-11  0.5659E-11
CALSDV   21   19  0.4695E-11  0.4722E-11
CALSDV   22   19  0.3199E-11  0.3189E-11
CALSDV   23   19  0.4149E-11  0.4163E-11
CALSDV   24   19  0.3249E-11  0.3251E-11
CALSDV   25   19  0.3255E-11  0.3262E-11
CALSDV   26   19  0.3285E-11  0.3285E-11
CALSDV   27   19  0.2626E-11  0.2636E-11
CALSDV   28   19  0.3097E-11  0.3094E-11
CALSDV   29   19  0.2299E-11  0.2314E-11
CALSDV   30   19  0.2827E-11  0.2823E-11
CALSDV   31   19  0.2175E-11  0.2193E-11
CALSDV   32   19  0.2582E-11  0.2574E-11
CALSDV   33   19  0.2153E-11  0.2169E-11
CALSDV   34   19  0.2402E-11  0.2392E-11
CALSDV   35   19  0.2181E-11  0.2193E-11
CALSDV   36   19  0.2298E-11  0.2287E-11
CALSDV   37   19  0.2229E-11  0.2241E-11
CALSDV   38   19  0.2264E-11  0.2257E-11
CALSDV   39   19  0.2288E-11  0.2301E-11
CALSDV   40   19  0.2284E-11  0.2278E-11
CALSDV   41   19  0.2355E-11  0.2368E-11
CALSDV   42   19  0.2342E-11  0.2339E-11
CALSDV   43   19  0.2429E-11  0.2442E-11
CALSDV   44   19  0.2425E-11  0.2427E-11
CALSDV   45   19  0.2510E-11  0.2522E-11
CALSDV   46   19  0.2525E-11  0.2528E-11
CALSDV   47   19  0.2597E-11  0.2610E-11
CALSDV   48   19  0.2635E-11  0.2641E-11
CALSDV   49   19  0.2693E-11  0.2707E-11
CALSDV   50   19  0.2752E-11  0.2762E-11
CALSDV   51   19  0.2797E-11  0.2813E-11
CALSDV   52   19  0.2877E-11  0.2889E-11
CALSDV   53   19  0.2909E-11  0.2924E-11
CALSDV   54   19  0.3005E-11  0.3019E-11
CALSDV   55   19  0.3032E-11  0.3049E-11
CALSDV   56   19  0.3148E-11  0.3164E-11
CALSDV   57   19  0.3173E-11  0.3191E-11
CALSDV   58   19  0.3308E-11  0.3325E-11
CALSDV   59   19  0.3412E-11  0.3432E-11
CALSDV   60   19  0.3524E-11  0.3540E-11
CALSDV   20   20  0.5448E-11  0.5447E-11
CALSDV   21   20  0.5854E-11  0.5829E-11
CALSDV   22   20  0.5306E-11  0.5280E-11
CALSDV   23   20  0.3144E-11  0.3135E-11
CALSDV   24   20  0.4603E-11  0.4596E-11
CALSDV   25   20  0.3054E-11  0.3046E-11
CALSDV   26   20  0.3491E-11  0.3491E-11
CALSDV   27   20  0.3068E-11  0.3063E-11
CALSDV   28   20  0.2725E-11  0.2721E-11
CALSDV   29   20  0.2898E-11  0.2895E-11
CALSDV   30   20  0.2395E-11  0.2387E-11
CALSDV   31   20  0.2680E-11  0.2682E-11
CALSDV   32   20  0.2360E-11  0.2351E-11
CALSDV   33   20  0.2511E-11  0.2510E-11
CALSDV   34   20  0.2448E-11  0.2439E-11
CALSDV   35   20  0.2419E-11  0.2415E-11
CALSDV   36   20  0.2568E-11  0.2559E-11
CALSDV   37   20  0.2394E-11  0.2393E-11
CALSDV   38   20  0.2681E-11  0.2673E-11
CALSDV   39   20  0.2432E-11  0.2426E-11
CALSDV   40   20  0.2779E-11  0.2772E-11
CALSDV   41   20  0.2502E-11  0.2494E-11
CALSDV   42   20  0.2863E-11  0.2857E-11
CALSDV   43   20  0.2590E-11  0.2582E-11
CALSDV   44   20  0.2935E-11  0.2931E-11
CALSDV   45   20  0.2689E-11  0.2680E-11
CALSDV   46   20  0.3003E-11  0.2997E-11
CALSDV   47   20  0.2789E-11  0.2781E-11
CALSDV   48   20  0.3067E-11  0.3062E-11
CALSDV   49   20  0.2889E-11  0.2883E-11
CALSDV   50   20  0.3133E-11  0.3129E-11
CALSDV   51   20  0.2994E-11  0.2986E-11
CALSDV   52   20  0.3206E-11  0.3200E-11
CALSDV   53   20  0.3093E-11  0.3085E-11
CALSDV   54   20  0.3282E-11  0.3275E-11
CALSDV   55   20  0.3201E-11  0.3193E-11
CALSDV   56   20  0.3370E-11  0.3366E-11
CALSDV   57   20  0.3316E-11  0.3311E-11
CALSDV   58   20  0.3482E-11  0.3477E-11
CALSDV   59   20  0.3541E-11  0.3533E-11
CALSDV   60   20  0.3665E-11  0.3661E-11
CALSDV   21   21  0.4886E-11  0.4892E-11
CALSDV   22   21  0.5682E-11  0.5728E-11
CALSDV   23   21  0.4832E-11  0.4836E-11
CALSDV   24   21  0.3142E-11  0.3142E-11
CALSDV   25   21  0.4228E-11  0.4242E-11
CALSDV   26   21  0.3402E-11  0.3409E-11
CALSDV   27   21  0.3350E-11  0.3360E-11
CALSDV   28   21  0.3561E-11  0.3574E-11
CALSDV   29   21  0.2787E-11  0.2804E-11
CALSDV   30   21  0.3424E-11  0.3438E-11
CALSDV   31   21  0.2541E-11  0.2550E-11
CALSDV   32   21  0.3174E-11  0.3183E-11
CALSDV   33   21  0.2470E-11  0.2481E-11
CALSDV   34   21  0.2929E-11  0.2942E-11
CALSDV   35   21  0.2471E-11  0.2482E-11
CALSDV   36   21  0.2750E-11  0.2765E-11
CALSDV   37   21  0.2503E-11  0.2514E-11
CALSDV   38   21  0.2649E-11  0.2666E-11
CALSDV   39   21  0.2549E-11  0.2559E-11
CALSDV   40   21  0.2623E-11  0.2643E-11
CALSDV   41   21  0.2606E-11  0.2616E-11
CALSDV   42   21  0.2652E-11  0.2670E-11
CALSDV   43   21  0.2670E-11  0.2682E-11
CALSDV   44   21  0.2717E-11  0.2738E-11
CALSDV   45   21  0.2744E-11  0.2757E-11
CALSDV   46   21  0.2809E-11  0.2829E-11
CALSDV   47   21  0.2828E-11  0.2840E-11
CALSDV   48   21  0.2912E-11  0.2933E-11
CALSDV   49   21  0.2917E-11  0.2931E-11
CALSDV   50   21  0.3024E-11  0.3042E-11
CALSDV   51   21  0.3016E-11  0.3029E-11
CALSDV   52   21  0.3139E-11  0.3158E-11
CALSDV   53   21  0.3117E-11  0.3129E-11
CALSDV   54   21  0.3252E-11  0.3271E-11
CALSDV   55   21  0.3228E-11  0.3240E-11
CALSDV   56   21  0.3374E-11  0.3390E-11
CALSDV   57   21  0.3349E-11  0.3360E-11
CALSDV   58   21  0.3505E-11  0.3518E-11
CALSDV   59   21  0.3568E-11  0.3576E-11
CALSDV   60   21  0.3696E-11  0.3706E-11
CALSDV   22   22  0.4963E-11  0.5063E-11
CALSDV   23   22  0.5847E-11  0.5844E-11
CALSDV   24   22  0.5377E-11  0.5363E-11
CALSDV   25   22  0.3175E-11  0.3176E-11
CALSDV   26   22  0.4726E-11  0.4728E-11
CALSDV   27   22  0.3270E-11  0.3262E-11
CALSDV   28   22  0.3628E-11  0.3634E-11
CALSDV   29   22  0.3322E-11  0.3315E-11
CALSDV   30   22  0.2887E-11  0.2881E-11
CALSDV   31   22  0.3117E-11  0.3109E-11
CALSDV   32   22  0.2575E-11  0.2568E-11
CALSDV   33   22  0.2847E-11  0.2840E-11
CALSDV   34   22  0.2550E-11  0.2545E-11
CALSDV   35   22  0.2641E-11  0.2631E-11
CALSDV   36   22  0.2645E-11  0.2639E-11
CALSDV   37   22  0.2544E-11  0.2530E-11
CALSDV   38   22  0.2770E-11  0.2764E-11
CALSDV   39   22  0.2542E-11  0.2528E-11
CALSDV   40   22  0.2892E-11  0.2884E-11
CALSDV   41   22  0.2617E-11  0.2601E-11
CALSDV   42   22  0.3000E-11  0.2992E-11
CALSDV   43   22  0.2729E-11  0.2711E-11
CALSDV   44   22  0.3099E-11  0.3087E-11
CALSDV   45   22  0.2859E-11  0.2836E-11
CALSDV   46   22  0.3187E-11  0.3171E-11
CALSDV   47   22  0.2990E-11  0.2965E-11
CALSDV   48   22  0.3270E-11  0.3249E-11
CALSDV   49   22  0.3115E-11  0.3090E-11
CALSDV   50   22  0.3346E-11  0.3326E-11
CALSDV   51   22  0.3230E-11  0.3203E-11
CALSDV   52   22  0.3425E-11  0.3400E-11
CALSDV   53   22  0.3331E-11  0.3302E-11
CALSDV   54   22  0.3497E-11  0.3471E-11
CALSDV   55   22  0.3428E-11  0.3399E-11
CALSDV   56   22  0.3579E-11  0.3550E-11
CALSDV   57   22  0.3521E-11  0.3494E-11
CALSDV   58   22  0.3668E-11  0.3638E-11
CALSDV   59   22  0.3716E-11  0.3683E-11
CALSDV   60   22  0.3817E-11  0.3804E-11
CALSDV   23   23  0.4958E-11  0.4987E-11
CALSDV   24   23  0.5885E-11  0.5854E-11
CALSDV   25   23  0.4976E-11  0.4945E-11
CALSDV   26   23  0.3142E-11  0.3137E-11
CALSDV   27   23  0.4332E-11  0.4285E-11
CALSDV   28   23  0.3534E-11  0.3497E-11
CALSDV   29   23  0.3454E-11  0.3410E-11
CALSDV   30   23  0.3773E-11  0.3741E-11
CALSDV   31   23  0.2970E-11  0.2921E-11
CALSDV   32   23  0.3663E-11  0.3636E-11
CALSDV   33   23  0.2803E-11  0.2769E-11
CALSDV   34   23  0.3419E-11  0.3403E-11
CALSDV   35   23  0.2790E-11  0.2769E-11
CALSDV   36   23  0.3191E-11  0.3174E-11
CALSDV   37   23  0.2825E-11  0.2806E-11
CALSDV   38   23  0.3036E-11  0.3018E-11
CALSDV   39   23  0.2866E-11  0.2859E-11
CALSDV   40   23  0.2965E-11  0.2946E-11
CALSDV   41   23  0.2915E-11  0.2911E-11
CALSDV   42   23  0.2978E-11  0.2945E-11
CALSDV   43   23  0.2972E-11  0.2970E-11
CALSDV   44   23  0.3032E-11  0.3002E-11
CALSDV   45   23  0.3040E-11  0.3031E-11
CALSDV   46   23  0.3120E-11  0.3091E-11
CALSDV   47   23  0.3117E-11  0.3099E-11
CALSDV   48   23  0.3229E-11  0.3194E-11
CALSDV   49   23  0.3201E-11  0.3179E-11
CALSDV   50   23  0.3342E-11  0.3301E-11
CALSDV   51   23  0.3292E-11  0.3263E-11
CALSDV   52   23  0.3451E-11  0.3408E-11
CALSDV   53   23  0.3383E-11  0.3347E-11
CALSDV   54   23  0.3555E-11  0.3505E-11
CALSDV   55   23  0.3478E-11  0.3436E-11
CALSDV   56   23  0.3654E-11  0.3605E-11
CALSDV   57   23  0.3575E-11  0.3524E-11
CALSDV   58   23  0.3756E-11  0.3696E-11
CALSDV   59   23  0.3765E-11  0.3711E-11
CALSDV   60   23  0.3889E-11  0.3868E-11
CALSDV   24   24  0.4954E-11  0.4917E-11
CALSDV   25   24  0.5976E-11  0.5983E-11
CALSDV   26   24  0.5485E-11  0.5510E-11
CALSDV   27   24  0.3278E-11  0.3291E-11
CALSDV   28   24  0.4827E-11  0.4860E-11
CALSDV   29   24  0.3529E-11  0.3536E-11
CALSDV   30   24  0.3755E-11  0.3775E-11
CALSDV   31   24  0.3621E-11  0.3613E-11
CALSDV   32   24  0.3059E-11  0.3077E-11
CALSDV   33   24  0.3374E-11  0.3372E-11
CALSDV   34   24  0.2792E-11  0.2804E-11
CALSDV   35   24  0.3050E-11  0.3046E-11
CALSDV   36   24  0.2784E-11  0.2793E-11
CALSDV   37   24  0.2806E-11  0.2801E-11
CALSDV   38   24  0.2876E-11  0.2883E-11
CALSDV   39   24  0.2700E-11  0.2698E-11
CALSDV   40   24  0.2993E-11  0.3000E-11
CALSDV   41   24  0.2722E-11  0.2721E-11
CALSDV   42   24  0.3110E-11  0.3118E-11
CALSDV   43   24  0.2835E-11  0.2835E-11
CALSDV   44   24  0.3223E-11  0.3228E-11
CALSDV   45   24  0.2986E-11  0.2988E-11
CALSDV   46   24  0.3326E-11  0.3333E-11
CALSDV   47   24  0.3145E-11  0.3153E-11
CALSDV   48   24  0.3424E-11  0.3431E-11
CALSDV   49   24  0.3300E-11  0.3309E-11
CALSDV   50   24  0.3516E-11  0.3525E-11
CALSDV   51   24  0.3437E-11  0.3448E-11
CALSDV   52   24  0.3605E-11  0.3615E-11
CALSDV   53   24  0.3544E-11  0.3557E-11
CALSDV   54   24  0.3683E-11  0.3693E-11
CALSDV   55   24  0.3635E-11  0.3648E-11
CALSDV   56   24  0.3759E-11  0.3771E-11
CALSDV   57   24  0.3706E-11  0.3718E-11
CALSDV   58   24  0.3831E-11  0.3845E-11
CALSDV   59   24  0.3865E-11  0.3876E-11
CALSDV   60   24  0.3965E-11  0.3966E-11
CALSDV   25   25  0.4982E-11  0.4992E-11
CALSDV   26   25  0.6135E-11  0.6136E-11
CALSDV   27   25  0.5246E-11  0.5217E-11
CALSDV   28   25  0.3250E-11  0.3252E-11
CALSDV   29   25  0.4501E-11  0.4479E-11
CALSDV   30   25  0.3678E-11  0.3679E-11
CALSDV   31   25  0.3558E-11  0.3546E-11
CALSDV   32   25  0.3946E-11  0.3943E-11
CALSDV   33   25  0.3102E-11  0.3101E-11
CALSDV   34   25  0.3835E-11  0.3833E-11
CALSDV   35   25  0.3032E-11  0.3020E-11
CALSDV   36   25  0.3600E-11  0.3595E-11
CALSDV   37   25  0.3102E-11  0.3085E-11
CALSDV   38   25  0.3395E-11  0.3387E-11
CALSDV   39   25  0.3187E-11  0.3168E-11
CALSDV   40   25  0.3282E-11  0.3276E-11
CALSDV   41   25  0.3265E-11  0.3238E-11
CALSDV   42   25  0.3268E-11  0.3257E-11
CALSDV   43   25  0.3327E-11  0.3302E-11
CALSDV   44   25  0.3321E-11  0.3315E-11
CALSDV   45   25  0.3391E-11  0.3366E-11
CALSDV   46   25  0.3418E-11  0.3411E-11
CALSDV   47   25  0.3455E-11  0.3432E-11
CALSDV   48   25  0.3533E-11  0.3525E-11
CALSDV   49   25  0.3524E-11  0.3500E-11
CALSDV   50   25  0.3647E-11  0.3641E-11
CALSDV   51   25  0.3593E-11  0.3575E-11
CALSDV   52   25  0.3752E-11  0.3750E-11
CALSDV   53   25  0.3659E-11  0.3646E-11
CALSDV   54   25  0.3838E-11  0.3836E-11
CALSDV   55   25  0.3726E-11  0.3714E-11
CALSDV   56   25  0.3910E-11  0.3911E-11
CALSDV   57   25  0.3779E-11  0.3770E-11
CALSDV   58   25  0.3969E-11  0.3966E-11
CALSDV   59   25  0.3920E-11  0.3914E-11
CALSDV   60   25  0.4071E-11  0.4073E-11
CALSDV   26   26  0.4943E-11  0.4960E-11
CALSDV   27   26  0.6216E-11  0.6229E-11
CALSDV   28   26  0.5676E-11  0.5677E-11
CALSDV   29   26  0.3464E-11  0.3471E-11
CALSDV   30   26  0.4981E-11  0.4969E-11
CALSDV   31   26  0.3853E-11  0.3853E-11
CALSDV   32   26  0.3919E-11  0.3905E-11
CALSDV   33   26  0.3966E-11  0.3966E-11
CALSDV   34   26  0.3278E-11  0.3281E-11
CALSDV   35   26  0.3692E-11  0.3686E-11
CALSDV   36   26  0.3062E-11  0.3067E-11
CALSDV   37   26  0.3314E-11  0.3310E-11
CALSDV   38   26  0.3067E-11  0.3072E-11
CALSDV   39   26  0.3033E-11  0.3035E-11
CALSDV   40   26  0.3148E-11  0.3155E-11
CALSDV   41   26  0.2929E-11  0.2933E-11
CALSDV   42   26  0.3251E-11  0.3258E-11
CALSDV   43   26  0.2977E-11  0.2982E-11
CALSDV   44   26  0.3362E-11  0.3364E-11
CALSDV   45   26  0.3125E-11  0.3133E-11
CALSDV   46   26  0.3474E-11  0.3475E-11
CALSDV   47   26  0.3311E-11  0.3318E-11
CALSDV   48   26  0.3586E-11  0.3586E-11
CALSDV   49   26  0.3498E-11  0.3503E-11
CALSDV   50   26  0.3697E-11  0.3693E-11
CALSDV   51   26  0.3661E-11  0.3668E-11
CALSDV   52   26  0.3800E-11  0.3799E-11
CALSDV   53   26  0.3787E-11  0.3793E-11
CALSDV   54   26  0.3890E-11  0.3892E-11
CALSDV   55   26  0.3878E-11  0.3884E-11
CALSDV   56   26  0.3970E-11  0.3971E-11
CALSDV   57   26  0.3928E-11  0.3931E-11
CALSDV   58   26  0.4030E-11  0.4030E-11
CALSDV   59   26  0.4045E-11  0.4048E-11
CALSDV   60   26  0.4126E-11  0.4126E-11
CALSDV   27   27  0.4879E-11  0.4860E-11
CALSDV   28   27  0.6433E-11  0.6424E-11
CALSDV   29   27  0.5675E-11  0.5633E-11
CALSDV   30   27  0.3457E-11  0.3439E-11
CALSDV   31   27  0.4815E-11  0.4809E-11
CALSDV   32   27  0.3921E-11  0.3914E-11
CALSDV   33   27  0.3755E-11  0.3755E-11
CALSDV   34   27  0.4160E-11  0.4158E-11
CALSDV   35   27  0.3279E-11  0.3289E-11
CALSDV   36   27  0.3999E-11  0.3998E-11
CALSDV   37   27  0.3252E-11  0.3259E-11
CALSDV   38   27  0.3725E-11  0.3721E-11
CALSDV   39   27  0.3382E-11  0.3379E-11
CALSDV   40   27  0.3515E-11  0.3514E-11
CALSDV   41   27  0.3514E-11  0.3508E-11
CALSDV   42   27  0.3442E-11  0.3439E-11
CALSDV   43   27  0.3622E-11  0.3612E-11
CALSDV   44   27  0.3483E-11  0.3483E-11
CALSDV   45   27  0.3706E-11  0.3697E-11
CALSDV   46   27  0.3598E-11  0.3601E-11
CALSDV   47   27  0.3781E-11  0.3773E-11
CALSDV   48   27  0.3743E-11  0.3751E-11
CALSDV   49   27  0.3850E-11  0.3842E-11
CALSDV   50   27  0.3888E-11  0.3901E-11
CALSDV   51   27  0.3910E-11  0.3905E-11
CALSDV   52   27  0.4014E-11  0.4031E-11
CALSDV   53   27  0.3960E-11  0.3959E-11
CALSDV   54   27  0.4110E-11  0.4127E-11
CALSDV   55   27  0.4003E-11  0.4003E-11
CALSDV   56   27  0.4176E-11  0.4191E-11
CALSDV   57   27  0.4018E-11  0.4025E-11
CALSDV   58   27  0.4200E-11  0.4218E-11
CALSDV   59   27  0.4109E-11  0.4110E-11
CALSDV   60   27  0.4263E-11  0.4268E-11
CALSDV   28   28  0.4947E-11  0.4935E-11
CALSDV   29   28  0.6523E-11  0.6488E-11
CALSDV   30   28  0.5928E-11  0.5879E-11
CALSDV   31   28  0.3689E-11  0.3670E-11
CALSDV   32   28  0.5130E-11  0.5121E-11
CALSDV   33   28  0.4205E-11  0.4186E-11
CALSDV   34   28  0.4064E-11  0.4070E-11
CALSDV   35   28  0.4339E-11  0.4325E-11
CALSDV   36   28  0.3511E-11  0.3510E-11
CALSDV   37   28  0.4031E-11  0.4023E-11
CALSDV   38   28  0.3363E-11  0.3358E-11
CALSDV   39   28  0.3617E-11  0.3611E-11
CALSDV   40   28  0.3386E-11  0.3381E-11
CALSDV   41   28  0.3326E-11  0.3314E-11
CALSDV   42   28  0.3457E-11  0.3455E-11
CALSDV   43   28  0.3237E-11  0.3223E-11
CALSDV   44   28  0.3542E-11  0.3547E-11
CALSDV   45   28  0.3316E-11  0.3304E-11
CALSDV   46   28  0.3641E-11  0.3646E-11
CALSDV   47   28  0.3494E-11  0.3488E-11
CALSDV   48   28  0.3752E-11  0.3764E-11
CALSDV   49   28  0.3699E-11  0.3701E-11
CALSDV   50   28  0.3869E-11  0.3882E-11
CALSDV   51   28  0.3888E-11  0.3892E-11
CALSDV   52   28  0.3987E-11  0.4002E-11
CALSDV   53   28  0.4029E-11  0.4040E-11
CALSDV   54   28  0.4090E-11  0.4106E-11
CALSDV   55   28  0.4125E-11  0.4137E-11
CALSDV   56   28  0.4177E-11  0.4191E-11
CALSDV   57   28  0.4155E-11  0.4167E-11
CALSDV   58   28  0.4228E-11  0.4240E-11
CALSDV   59   28  0.4232E-11  0.4230E-11
CALSDV   60   28  0.4297E-11  0.4295E-11
CALSDV   29   29  0.4756E-11  0.4720E-11
CALSDV   30   29  0.6817E-11  0.6804E-11
CALSDV   31   29  0.6247E-11  0.6230E-11
CALSDV   32   29  0.3777E-11  0.3794E-11
CALSDV   33   29  0.5306E-11  0.5310E-11
CALSDV   34   29  0.4276E-11  0.4287E-11
CALSDV   35   29  0.4086E-11  0.4100E-11
CALSDV   36   29  0.4466E-11  0.4486E-11
CALSDV   37   29  0.3521E-11  0.3536E-11
CALSDV   38   29  0.4245E-11  0.4264E-11
CALSDV   39   29  0.3491E-11  0.3492E-11
CALSDV   40   29  0.3939E-11  0.3959E-11
CALSDV   41   29  0.3652E-11  0.3645E-11
CALSDV   42   29  0.3755E-11  0.3772E-11
CALSDV   43   29  0.3829E-11  0.3813E-11
CALSDV   44   29  0.3746E-11  0.3759E-11
CALSDV   45   29  0.3974E-11  0.3955E-11
CALSDV   46   29  0.3862E-11  0.3877E-11
CALSDV   47   29  0.4084E-11  0.4071E-11
CALSDV   48   29  0.4038E-11  0.4055E-11
CALSDV   49   29  0.4175E-11  0.4167E-11
CALSDV   50   29  0.4221E-11  0.4235E-11
CALSDV   51   29  0.4244E-11  0.4238E-11
CALSDV   52   29  0.4371E-11  0.4393E-11
CALSDV   53   29  0.4285E-11  0.4290E-11
CALSDV   54   29  0.4471E-11  0.4492E-11
CALSDV   55   29  0.4305E-11  0.4316E-11
CALSDV   56   29  0.4515E-11  0.4542E-11
CALSDV   57   29  0.4281E-11  0.4294E-11
CALSDV   58   29  0.4496E-11  0.4518E-11
CALSDV   59   29  0.4311E-11  0.4321E-11
CALSDV   60   29  0.4486E-11  0.4500E-11
CALSDV   30   30  0.5378E-11  0.5432E-11
CALSDV   31   30  0.7356E-11  0.7239E-11
CALSDV   32   30  0.6327E-11  0.6288E-11
CALSDV   33   30  0.4183E-11  0.4169E-11
CALSDV   34   30  0.5428E-11  0.5371E-11
CALSDV   35   30  0.4570E-11  0.4576E-11
CALSDV   36   30  0.4346E-11  0.4321E-11
CALSDV   37   30  0.4684E-11  0.4691E-11
CALSDV   38   30  0.3879E-11  0.3868E-11
CALSDV   39   30  0.4390E-11  0.4396E-11
CALSDV   40   30  0.3810E-11  0.3818E-11
CALSDV   41   30  0.4025E-11  0.4017E-11
CALSDV   42   30  0.3876E-11  0.3887E-11
CALSDV   43   30  0.3797E-11  0.3785E-11
CALSDV   44   30  0.3953E-11  0.3968E-11
CALSDV   45   30  0.3771E-11  0.3761E-11
CALSDV   46   30  0.4026E-11  0.4048E-11
CALSDV   47   30  0.3889E-11  0.3884E-11
CALSDV   48   30  0.4105E-11  0.4131E-11
CALSDV   49   30  0.4074E-11  0.4072E-11
CALSDV   50   30  0.4203E-11  0.4218E-11
CALSDV   51   30  0.4258E-11  0.4256E-11
CALSDV   52   30  0.4306E-11  0.4314E-11
CALSDV   53   30  0.4396E-11  0.4390E-11
CALSDV   54   30  0.4397E-11  0.4401E-11
CALSDV   55   30  0.4470E-11  0.4464E-11
CALSDV   56   30  0.4467E-11  0.4468E-11
CALSDV   57   30  0.4458E-11  0.4447E-11
CALSDV   58   30  0.4489E-11  0.4482E-11
CALSDV   59   30  0.4454E-11  0.4445E-11
CALSDV   60   30  0.4494E-11  0.4494E-11
CALSDV   31   31  0.4999E-11  0.4981E-11
CALSDV   32   31  0.7133E-11  0.7241E-11
CALSDV   33   31  0.6579E-11  0.6745E-11
CALSDV   34   31  0.4090E-11  0.4206E-11
CALSDV   35   31  0.5722E-11  0.5729E-11
CALSDV   36   31  0.4661E-11  0.4771E-11
CALSDV   37   31  0.4481E-11  0.4460E-11
CALSDV   38   31  0.4835E-11  0.4870E-11
CALSDV   39   31  0.3876E-11  0.3872E-11
CALSDV   40   31  0.4545E-11  0.4551E-11
CALSDV   41   31  0.3799E-11  0.3810E-11
CALSDV   42   31  0.4197E-11  0.4194E-11
CALSDV   43   31  0.3941E-11  0.3938E-11
CALSDV   44   31  0.4026E-11  0.4028E-11
CALSDV   45   31  0.4113E-11  0.4102E-11
CALSDV   46   31  0.4081E-11  0.4086E-11
CALSDV   47   31  0.4267E-11  0.4246E-11
CALSDV   48   31  0.4278E-11  0.4270E-11
CALSDV   49   31  0.4399E-11  0.4363E-11
CALSDV   50   31  0.4514E-11  0.4493E-11
CALSDV   51   31  0.4505E-11  0.4457E-11
CALSDV   52   31  0.4721E-11  0.4689E-11
CALSDV   53   31  0.4573E-11  0.4527E-11
CALSDV   54   31  0.4851E-11  0.4817E-11
CALSDV   55   31  0.4597E-11  0.4561E-11
CALSDV   56   31  0.4898E-11  0.4864E-11
CALSDV   57   31  0.4564E-11  0.4521E-11
CALSDV   58   31  0.4846E-11  0.4801E-11
CALSDV   59   31  0.4511E-11  0.4521E-11
CALSDV   60   31  0.4727E-11  0.4737E-11
CALSDV   32   32  0.4960E-11  0.5010E-11
CALSDV   33   32  0.7145E-11  0.7122E-11
CALSDV   34   32  0.6555E-11  0.6524E-11
CALSDV   35   32  0.4200E-11  0.4176E-11
CALSDV   36   32  0.5562E-11  0.5539E-11
CALSDV   37   32  0.4941E-11  0.4923E-11
CALSDV   38   32  0.4443E-11  0.4439E-11
CALSDV   39   32  0.5081E-11  0.5054E-11
CALSDV   40   32  0.4009E-11  0.4022E-11
CALSDV   41   32  0.4702E-11  0.4670E-11
CALSDV   42   32  0.3978E-11  0.4004E-11
CALSDV   43   32  0.4245E-11  0.4211E-11
CALSDV   44   32  0.4056E-11  0.4079E-11
CALSDV   45   32  0.3983E-11  0.3947E-11
CALSDV   46   32  0.4143E-11  0.4152E-11
CALSDV   47   32  0.3987E-11  0.3944E-11
CALSDV   48   32  0.4234E-11  0.4232E-11
CALSDV   49   32  0.4150E-11  0.4117E-11
CALSDV   50   32  0.4339E-11  0.4331E-11
CALSDV   51   32  0.4372E-11  0.4347E-11
CALSDV   52   32  0.4458E-11  0.4455E-11
CALSDV   53   32  0.4562E-11  0.4550E-11
CALSDV   54   32  0.4577E-11  0.4578E-11
CALSDV   55   32  0.4678E-11  0.4674E-11
CALSDV   56   32  0.4670E-11  0.4675E-11
CALSDV   57   32  0.4676E-11  0.4679E-11
CALSDV   58   32  0.4695E-11  0.4704E-11
CALSDV   59   32  0.4638E-11  0.4642E-11
CALSDV   60   32  0.4676E-11  0.4680E-11
CALSDV   33   33  0.5023E-11  0.4921E-11
CALSDV   34   33  0.7319E-11  0.7357E-11
CALSDV   35   33  0.7114E-11  0.7149E-11
CALSDV   36   33  0.4208E-11  0.4257E-11
CALSDV   37   33  0.6007E-11  0.5981E-11
CALSDV   38   33  0.4961E-11  0.4979E-11
CALSDV   39   33  0.4604E-11  0.4593E-11
CALSDV   40   33  0.5092E-11  0.5096E-11
CALSDV   41   33  0.4057E-11  0.4047E-11
CALSDV   42   33  0.4711E-11  0.4707E-11
CALSDV   43   33  0.4141E-11  0.4135E-11
CALSDV   44   33  0.4298E-11  0.4295E-11
CALSDV   45   33  0.4418E-11  0.4402E-11
CALSDV   46   33  0.4131E-11  0.4126E-11
CALSDV   47   33  0.4668E-11  0.4650E-11
CALSDV   48   33  0.4235E-11  0.4232E-11
CALSDV   49   33  0.4851E-11  0.4836E-11
CALSDV   50   33  0.4487E-11  0.4488E-11
CALSDV   51   33  0.4972E-11  0.4954E-11
CALSDV   52   33  0.4768E-11  0.4757E-11
CALSDV   53   33  0.5026E-11  0.5006E-11
CALSDV   54   33  0.4979E-11  0.4964E-11
CALSDV   55   33  0.5015E-11  0.4999E-11
CALSDV   56   33  0.5086E-11  0.5072E-11
CALSDV   57   33  0.4910E-11  0.4892E-11
CALSDV   58   33  0.5053E-11  0.5035E-11
CALSDV   59   33  0.4778E-11  0.4776E-11
CALSDV   60   33  0.4925E-11  0.4920E-11
CALSDV   34   34  0.5087E-11  0.5082E-11
CALSDV   35   34  0.7377E-11  0.7376E-11
CALSDV   36   34  0.6927E-11  0.6897E-11
CALSDV   37   34  0.4419E-11  0.4423E-11
CALSDV   38   34  0.5802E-11  0.5796E-11
CALSDV   39   34  0.5322E-11  0.5328E-11
CALSDV   40   34  0.4654E-11  0.4658E-11
CALSDV   41   34  0.5457E-11  0.5478E-11
CALSDV   42   34  0.4284E-11  0.4285E-11
CALSDV   43   34  0.5057E-11  0.5087E-11
CALSDV   44   34  0.4307E-11  0.4311E-11
CALSDV   45   34  0.4630E-11  0.4653E-11
CALSDV   46   34  0.4401E-11  0.4406E-11
CALSDV   47   34  0.4435E-11  0.4462E-11
CALSDV   48   34  0.4486E-11  0.4490E-11
CALSDV   49   34  0.4499E-11  0.4529E-11
CALSDV   50   34  0.4575E-11  0.4585E-11
CALSDV   51   34  0.4689E-11  0.4725E-11
CALSDV   52   34  0.4691E-11  0.4699E-11
CALSDV   53   34  0.4891E-11  0.4922E-11
CALSDV   54   34  0.4816E-11  0.4822E-11
CALSDV   55   34  0.5013E-11  0.5037E-11
CALSDV   56   34  0.4919E-11  0.4931E-11
CALSDV   57   34  0.4989E-11  0.5007E-11
CALSDV   58   34  0.4941E-11  0.4953E-11
CALSDV   59   34  0.4879E-11  0.4888E-11
CALSDV   60   34  0.4882E-11  0.4886E-11
CALSDV   35   35  0.5003E-11  0.4992E-11
CALSDV   36   35  0.7691E-11  0.7646E-11
CALSDV   37   35  0.7700E-11  0.7664E-11
CALSDV   38   35  0.4565E-11  0.4552E-11
CALSDV   39   35  0.6423E-11  0.6424E-11
CALSDV   40   35  0.5402E-11  0.5372E-11
CALSDV   41   35  0.4903E-11  0.4910E-11
CALSDV   42   35  0.5451E-11  0.5443E-11
CALSDV   43   35  0.4350E-11  0.4332E-11
CALSDV   44   35  0.4989E-11  0.4984E-11
CALSDV   45   35  0.4480E-11  0.4456E-11
CALSDV   46   35  0.4571E-11  0.4571E-11
CALSDV   47   35  0.4794E-11  0.4777E-11
CALSDV   48   35  0.4476E-11  0.4476E-11
CALSDV   49   35  0.5071E-11  0.5054E-11
CALSDV   50   35  0.4686E-11  0.4669E-11
CALSDV   51   35  0.5261E-11  0.5247E-11
CALSDV   52   35  0.4999E-11  0.4983E-11
CALSDV   53   35  0.5360E-11  0.5347E-11
CALSDV   54   35  0.5269E-11  0.5259E-11
CALSDV   55   35  0.5358E-11  0.5351E-11
CALSDV   56   35  0.5414E-11  0.5407E-11
CALSDV   57   35  0.5230E-11  0.5224E-11
CALSDV   58   35  0.5373E-11  0.5367E-11
CALSDV   59   35  0.5032E-11  0.5019E-11
CALSDV   60   35  0.5187E-11  0.5169E-11
CALSDV   36   36  0.5487E-11  0.5452E-11
CALSDV   37   36  0.7685E-11  0.7691E-11
CALSDV   38   36  0.7376E-11  0.7376E-11
CALSDV   39   36  0.4702E-11  0.4730E-11
CALSDV   40   36  0.6126E-11  0.6107E-11
CALSDV   41   36  0.5750E-11  0.5758E-11
CALSDV   42   36  0.4941E-11  0.4936E-11
CALSDV   43   36  0.5905E-11  0.5915E-11
CALSDV   44   36  0.4628E-11  0.4644E-11
CALSDV   45   36  0.5532E-11  0.5531E-11
CALSDV   46   36  0.4735E-11  0.4734E-11
CALSDV   47   36  0.5170E-11  0.5186E-11
CALSDV   48   36  0.4879E-11  0.4859E-11
CALSDV   49   36  0.5077E-11  0.5087E-11
CALSDV   50   36  0.4990E-11  0.4960E-11
CALSDV   51   36  0.5190E-11  0.5214E-11
CALSDV   52   36  0.5092E-11  0.5063E-11
CALSDV   53   36  0.5359E-11  0.5387E-11
CALSDV   54   36  0.5196E-11  0.5170E-11
CALSDV   55   36  0.5459E-11  0.5486E-11
CALSDV   56   36  0.5276E-11  0.5254E-11
CALSDV   57   36  0.5386E-11  0.5399E-11
CALSDV   58   36  0.5266E-11  0.5251E-11
CALSDV   59   36  0.5169E-11  0.5183E-11
CALSDV   60   36  0.5128E-11  0.5130E-11
CALSDV   37   37  0.5010E-11  0.5040E-11
CALSDV   38   37  0.8022E-11  0.8018E-11
CALSDV   39   37  0.8205E-11  0.8213E-11
CALSDV   40   37  0.4942E-11  0.4930E-11
CALSDV   41   37  0.6794E-11  0.6832E-11
CALSDV   42   37  0.5834E-11  0.5839E-11
CALSDV   43   37  0.5185E-11  0.5210E-11
CALSDV   44   37  0.5788E-11  0.5813E-11
CALSDV   45   37  0.4632E-11  0.4648E-11
CALSDV   46   37  0.5238E-11  0.5260E-11
CALSDV   47   37  0.4796E-11  0.4827E-11
CALSDV   48   37  0.4820E-11  0.4843E-11
CALSDV   49   37  0.5147E-11  0.5166E-11
CALSDV   50   37  0.4814E-11  0.4824E-11
CALSDV   51   37  0.5431E-11  0.5448E-11
CALSDV   52   37  0.5102E-11  0.5114E-11
CALSDV   53   37  0.5604E-11  0.5624E-11
CALSDV   54   37  0.5443E-11  0.5457E-11
CALSDV   55   37  0.5653E-11  0.5676E-11
CALSDV   56   37  0.5673E-11  0.5686E-11
CALSDV   57   37  0.5524E-11  0.5551E-11
CALSDV   58   37  0.5654E-11  0.5682E-11
CALSDV   59   37  0.5263E-11  0.5286E-11
CALSDV   60   37  0.5421E-11  0.5439E-11
CALSDV   38   38  0.5729E-11  0.5694E-11
CALSDV   39   38  0.8012E-11  0.8115E-11
CALSDV   40   38  0.7833E-11  0.7971E-11
CALSDV   41   38  0.5006E-11  0.5144E-11
CALSDV   42   38  0.6476E-11  0.6485E-11
CALSDV   43   38  0.6170E-11  0.6229E-11
CALSDV   44   38  0.5228E-11  0.5257E-11
CALSDV   45   38  0.6349E-11  0.6343E-11
CALSDV   46   38  0.4999E-11  0.5018E-11
CALSDV   47   38  0.6018E-11  0.5996E-11
CALSDV   48   38  0.5192E-11  0.5191E-11
CALSDV   49   38  0.5776E-11  0.5736E-11
CALSDV   50   38  0.5414E-11  0.5365E-11
CALSDV   51   38  0.5772E-11  0.5734E-11
CALSDV   52   38  0.5561E-11  0.5483E-11
CALSDV   53   38  0.5915E-11  0.5858E-11
CALSDV   54   38  0.5666E-11  0.5578E-11
CALSDV   55   38  0.6007E-11  0.5928E-11
CALSDV   56   38  0.5729E-11  0.5631E-11
CALSDV   57   38  0.5898E-11  0.5791E-11
CALSDV   58   38  0.5676E-11  0.5574E-11
CALSDV   59   38  0.5516E-11  0.5498E-11
CALSDV   60   38  0.5426E-11  0.5389E-11
CALSDV   39   39  0.5255E-11  0.5277E-11
CALSDV   40   39  0.8374E-11  0.8402E-11
CALSDV   41   39  0.8756E-11  0.8784E-11
CALSDV   42   39  0.5373E-11  0.5393E-11
CALSDV   43   39  0.7189E-11  0.7193E-11
CALSDV   44   39  0.6316E-11  0.6330E-11
CALSDV   45   39  0.5480E-11  0.5487E-11
CALSDV   46   39  0.6170E-11  0.6170E-11
CALSDV   47   39  0.4974E-11  0.4985E-11
CALSDV   48   39  0.5527E-11  0.5529E-11
CALSDV   49   39  0.5218E-11  0.5225E-11
CALSDV   50   39  0.5134E-11  0.5144E-11
CALSDV   51   39  0.5595E-11  0.5598E-11
CALSDV   52   39  0.5220E-11  0.5237E-11
CALSDV   53   39  0.5865E-11  0.5865E-11
CALSDV   54   39  0.5577E-11  0.5590E-11
CALSDV   55   39  0.5979E-11  0.5974E-11
CALSDV   56   39  0.5896E-11  0.5895E-11
CALSDV   57   39  0.5870E-11  0.5868E-11
CALSDV   58   39  0.5954E-11  0.5961E-11
CALSDV   59   39  0.5540E-11  0.5556E-11
CALSDV   60   39  0.5693E-11  0.5695E-11
CALSDV   40   40  0.5975E-11  0.5968E-11
CALSDV   41   40  0.8529E-11  0.8544E-11
CALSDV   42   40  0.8657E-11  0.8616E-11
CALSDV   43   40  0.5523E-11  0.5548E-11
CALSDV   44   40  0.7010E-11  0.6955E-11
CALSDV   45   40  0.6671E-11  0.6679E-11
CALSDV   46   40  0.5592E-11  0.5593E-11
CALSDV   47   40  0.6793E-11  0.6802E-11
CALSDV   48   40  0.5428E-11  0.5439E-11
CALSDV   49   40  0.6494E-11  0.6500E-11
CALSDV   50   40  0.5758E-11  0.5758E-11
CALSDV   51   40  0.6342E-11  0.6343E-11
CALSDV   52   40  0.6070E-11  0.6051E-11
CALSDV   53   40  0.6395E-11  0.6393E-11
CALSDV   54   40  0.6235E-11  0.6212E-11
CALSDV   55   40  0.6457E-11  0.6464E-11
CALSDV   56   40  0.6271E-11  0.6247E-11
CALSDV   57   40  0.6295E-11  0.6307E-11
CALSDV   58   40  0.6129E-11  0.6118E-11
CALSDV   59   40  0.5853E-11  0.5864E-11
CALSDV   60   40  0.5768E-11  0.5765E-11
CALSDV   41   41  0.5629E-11  0.5616E-11
CALSDV   42   41  0.8782E-11  0.8802E-11
CALSDV   43   41  0.9389E-11  0.9391E-11
CALSDV   44   41  0.5903E-11  0.5927E-11
CALSDV   45   41  0.7564E-11  0.7562E-11
CALSDV   46   41  0.6866E-11  0.6854E-11
CALSDV   47   41  0.5770E-11  0.5774E-11
CALSDV   48   41  0.6573E-11  0.6571E-11
CALSDV   49   41  0.5384E-11  0.5380E-11
CALSDV   50   41  0.5869E-11  0.5880E-11
CALSDV   51   41  0.5731E-11  0.5723E-11
CALSDV   52   41  0.5554E-11  0.5566E-11
CALSDV   53   41  0.6121E-11  0.6126E-11
CALSDV   54   41  0.5743E-11  0.5763E-11
CALSDV   55   41  0.6321E-11  0.6328E-11
CALSDV   56   41  0.6102E-11  0.6111E-11
CALSDV   57   41  0.6240E-11  0.6242E-11
CALSDV   58   41  0.6235E-11  0.6238E-11
CALSDV   59   41  0.5852E-11  0.5858E-11
CALSDV   60   41  0.5968E-11  0.5972E-11
CALSDV   42   42  0.6214E-11  0.6192E-11
CALSDV   43   42  0.9070E-11  0.9045E-11
CALSDV   44   42  0.9583E-11  0.9526E-11
CALSDV   45   42  0.6103E-11  0.6056E-11
CALSDV   46   42  0.7583E-11  0.7565E-11
CALSDV   47   42  0.7153E-11  0.7145E-11
CALSDV   48   42  0.5961E-11  0.5963E-11
CALSDV   49   42  0.7168E-11  0.7165E-11
CALSDV   50   42  0.5895E-11  0.5908E-11
CALSDV   51   42  0.6856E-11  0.6855E-11
CALSDV   52   42  0.6406E-11  0.6428E-11
CALSDV   53   42  0.6750E-11  0.6741E-11
CALSDV   54   42  0.6803E-11  0.6824E-11
CALSDV   55   42  0.6799E-11  0.6783E-11
CALSDV   56   42  0.6925E-11  0.6941E-11
CALSDV   57   42  0.6674E-11  0.6665E-11
CALSDV   58   42  0.6735E-11  0.6743E-11
CALSDV   59   42  0.6185E-11  0.6169E-11
CALSDV   60   42  0.6208E-11  0.6201E-11
CALSDV   43   43  0.5930E-11  0.5966E-11
CALSDV   44   43  0.9231E-11  0.9211E-11
CALSDV   45   43  0.1007E-10  0.1008E-10
CALSDV   46   43  0.6494E-11  0.6480E-11
CALSDV   47   43  0.7910E-11  0.7917E-11
CALSDV   48   43  0.7429E-11  0.7414E-11
CALSDV   49   43  0.6067E-11  0.6058E-11
CALSDV   50   43  0.7003E-11  0.6997E-11
CALSDV   51   43  0.5879E-11  0.5857E-11
CALSDV   52   43  0.6301E-11  0.6294E-11
CALSDV   53   43  0.6363E-11  0.6338E-11
CALSDV   54   43  0.6099E-11  0.6109E-11
CALSDV   55   43  0.6728E-11  0.6691E-11
CALSDV   56   43  0.6343E-11  0.6355E-11
CALSDV   57   43  0.6698E-11  0.6674E-11
CALSDV   58   43  0.6533E-11  0.6539E-11
CALSDV   59   43  0.6232E-11  0.6219E-11
CALSDV   60   43  0.6264E-11  0.6267E-11
CALSDV   44   44  0.6411E-11  0.6401E-11
CALSDV   45   44  0.9716E-11  0.9742E-11
CALSDV   46   44  0.1055E-10  0.1059E-10
CALSDV   47   44  0.6729E-11  0.6745E-11
CALSDV   48   44  0.8161E-11  0.8191E-11
CALSDV   49   44  0.7728E-11  0.7709E-11
CALSDV   50   44  0.6335E-11  0.6327E-11
CALSDV   51   44  0.7662E-11  0.7647E-11
CALSDV   52   44  0.6414E-11  0.6437E-11
CALSDV   53   44  0.7368E-11  0.7357E-11
CALSDV   54   44  0.7090E-11  0.7133E-11
CALSDV   55   44  0.7258E-11  0.7256E-11
CALSDV   56   44  0.7480E-11  0.7527E-11
CALSDV   57   44  0.7088E-11  0.7101E-11
CALSDV   58   44  0.7346E-11  0.7383E-11
CALSDV   59   44  0.6545E-11  0.6548E-11
CALSDV   60   44  0.6686E-11  0.6704E-11
CALSDV   45   45  0.6675E-11  0.6563E-11
CALSDV   46   45  0.1016E-10  0.1005E-10
CALSDV   47   45  0.1089E-10  0.1086E-10
CALSDV   48   45  0.7257E-11  0.7221E-11
CALSDV   49   45  0.8271E-11  0.8293E-11
CALSDV   50   45  0.8215E-11  0.8115E-11
CALSDV   51   45  0.6527E-11  0.6545E-11
CALSDV   52   45  0.7836E-11  0.7749E-11
CALSDV   53   45  0.6744E-11  0.6730E-11
CALSDV   54   45  0.7285E-11  0.7204E-11
CALSDV   55   45  0.7310E-11  0.7302E-11
CALSDV   56   45  0.7134E-11  0.7084E-11
CALSDV   57   45  0.7382E-11  0.7373E-11
CALSDV   58   45  0.7125E-11  0.7078E-11
CALSDV   59   45  0.6779E-11  0.6751E-11
CALSDV   60   45  0.6708E-11  0.6678E-11
CALSDV   46   46  0.7220E-11  0.7136E-11
CALSDV   47   46  0.1053E-10  0.1061E-10
CALSDV   48   46  0.1145E-10  0.1154E-10
CALSDV   49   46  0.7558E-11  0.7601E-11
CALSDV   50   46  0.8789E-11  0.8734E-11
CALSDV   51   46  0.8486E-11  0.8515E-11
CALSDV   52   46  0.6914E-11  0.6900E-11
CALSDV   53   46  0.8339E-11  0.8371E-11
CALSDV   54   46  0.7152E-11  0.7159E-11
CALSDV   55   46  0.7976E-11  0.8007E-11
CALSDV   56   46  0.7790E-11  0.7792E-11
CALSDV   57   46  0.7656E-11  0.7639E-11
CALSDV   58   46  0.7885E-11  0.7840E-11
CALSDV   59   46  0.6985E-11  0.6953E-11
CALSDV   60   46  0.7173E-11  0.7146E-11
CALSDV   47   47  0.6385E-11  0.6408E-11
CALSDV   48   47  0.1031E-10  0.1032E-10
CALSDV   49   47  0.1145E-10  0.1145E-10
CALSDV   50   47  0.7829E-11  0.7843E-11
CALSDV   51   47  0.8391E-11  0.8399E-11
CALSDV   52   47  0.8749E-11  0.8762E-11
CALSDV   53   47  0.6799E-11  0.6794E-11
CALSDV   54   47  0.8273E-11  0.8300E-11
CALSDV   55   47  0.7273E-11  0.7269E-11
CALSDV   56   47  0.7747E-11  0.7783E-11
CALSDV   57   47  0.7701E-11  0.7683E-11
CALSDV   58   47  0.7528E-11  0.7565E-11
CALSDV   59   47  0.7201E-11  0.7198E-11
CALSDV   60   47  0.7059E-11  0.7084E-11
CALSDV   48   48  0.6626E-11  0.6604E-11
CALSDV   49   48  0.1089E-10  0.1088E-10
CALSDV   50   48  0.1207E-10  0.1208E-10
CALSDV   51   48  0.7851E-11  0.7869E-11
CALSDV   52   48  0.8651E-11  0.8633E-11
CALSDV   53   48  0.8590E-11  0.8597E-11
CALSDV   54   48  0.7020E-11  0.7034E-11
CALSDV   55   48  0.8363E-11  0.8331E-11
CALSDV   56   48  0.7791E-11  0.7772E-11
CALSDV   57   48  0.7979E-11  0.7938E-11
CALSDV   58   48  0.8351E-11  0.8292E-11
CALSDV   59   48  0.7318E-11  0.7294E-11
CALSDV   60   48  0.7735E-11  0.7704E-11
CALSDV   49   49  0.6140E-11  0.6105E-11
CALSDV   50   49  0.1090E-10  0.1086E-10
CALSDV   51   49  0.1190E-10  0.1185E-10
CALSDV   52   49  0.8441E-11  0.8404E-11
CALSDV   53   49  0.8320E-11  0.8299E-11
CALSDV   54   49  0.9280E-11  0.9300E-11
CALSDV   55   49  0.7187E-11  0.7154E-11
CALSDV   56   49  0.8810E-11  0.8834E-11
CALSDV   57   49  0.7833E-11  0.7818E-11
CALSDV   58   49  0.8263E-11  0.8282E-11
CALSDV   59   49  0.7649E-11  0.7631E-11
CALSDV   60   49  0.7582E-11  0.7578E-11
CALSDV   50   50  0.6455E-11  0.6471E-11
CALSDV   51   50  0.1178E-10  0.1176E-10
CALSDV   52   50  0.1253E-10  0.1253E-10
CALSDV   53   50  0.8436E-11  0.8431E-11
CALSDV   54   50  0.8551E-11  0.8551E-11
CALSDV   55   50  0.9379E-11  0.9349E-11
CALSDV   56   50  0.7494E-11  0.7515E-11
CALSDV   57   50  0.9095E-11  0.9095E-11
CALSDV   58   50  0.8392E-11  0.8408E-11
CALSDV   59   50  0.8091E-11  0.8092E-11
CALSDV   60   50  0.8179E-11  0.8175E-11
CALSDV   51   51  0.5940E-11  0.5901E-11
CALSDV   52   51  0.1186E-10  0.1173E-10
CALSDV   53   51  0.1217E-10  0.1213E-10
CALSDV   54   51  0.9112E-11  0.9088E-11
CALSDV   55   51  0.8337E-11  0.8326E-11
CALSDV   56   51  0.1022E-10  0.1011E-10
CALSDV   57   51  0.7963E-11  0.7913E-11
CALSDV   58   51  0.9716E-11  0.9617E-11
CALSDV   59   51  0.8111E-11  0.8083E-11
CALSDV   60   51  0.8509E-11  0.8437E-11
CALSDV   52   52  0.6155E-11  0.6243E-11
CALSDV   53   52  0.1234E-10  0.1229E-10
CALSDV   54   52  0.1261E-10  0.1260E-10
CALSDV   55   52  0.9086E-11  0.9050E-11
CALSDV   56   52  0.8320E-11  0.8335E-11
CALSDV   57   52  0.1015E-10  0.1008E-10
CALSDV   58   52  0.8149E-11  0.8180E-11
CALSDV   59   52  0.9131E-11  0.9099E-11
CALSDV   60   52  0.8521E-11  0.8520E-11
CALSDV   53   53  0.5707E-11  0.5644E-11
CALSDV   54   53  0.1251E-10  0.1259E-10
CALSDV   55   53  0.1211E-10  0.1220E-10
CALSDV   56   53  0.9803E-11  0.9959E-11
CALSDV   57   53  0.8602E-11  0.8760E-11
CALSDV   58   53  0.1105E-10  0.1115E-10
CALSDV   59   53  0.8482E-11  0.8619E-11
CALSDV   60   53  0.9733E-11  0.9837E-11
CALSDV   54   54  0.6077E-11  0.6031E-11
CALSDV   55   54  0.1194E-10  0.1199E-10
CALSDV   56   54  0.1226E-10  0.1234E-10
CALSDV   57   54  0.9917E-11  0.1004E-10
CALSDV   58   54  0.8360E-11  0.8471E-11
CALSDV   59   54  0.1029E-10  0.1038E-10
CALSDV   60   54  0.8715E-11  0.8792E-11
CALSDV   55   55  0.6191E-11  0.6089E-11
CALSDV   56   55  0.1234E-10  0.1241E-10
CALSDV   57   55  0.1233E-10  0.1241E-10
CALSDV   58   55  0.1092E-10  0.1100E-10
CALSDV   59   55  0.9560E-11  0.9605E-11
CALSDV   60   55  0.1127E-10  0.1130E-10
CALSDV   56   56  0.6277E-11  0.6366E-11
CALSDV   57   56  0.1031E-10  0.1030E-10
CALSDV   58   56  0.1199E-10  0.1213E-10
CALSDV   59   56  0.1094E-10  0.1100E-10
CALSDV   60   56  0.9274E-11  0.9410E-11
CALSDV   57   57  0.6871E-11  0.6834E-11
CALSDV   58   57  0.1060E-10  0.1072E-10
CALSDV   59   57  0.1356E-10  0.1343E-10
CALSDV   60   57  0.1174E-10  0.1173E-10
CALSDV   58   58  0.6883E-11  0.6947E-11
CALSDV   59   58  0.8248E-11  0.8237E-11
CALSDV   60   58  0.1334E-10  0.1324E-10
CALSDV   59   59  0.5814E-11  0.5871E-11
CALSDV   60   59  0.8558E-11  0.8496E-11
CALSDV   60   60  0.6479E-11  0.6612E-11
