  This file contains calibrated standard deviations 
       The relevant data lines start with key CALSDV 
       Each such line contains the following data 
           N   M   C_SIGMA   S_SIGMA 
                 FOR M=0 S_SIGMA=0.0 
     
CALSDV    0    0  0.0000E+00  0.0000E+00
CALSDV    1    0  0.0000E+00  0.0000E+00
CALSDV    2    0  0.6900E-10  0.0000E+00
CALSDV    3    0  0.1105E-10  0.0000E+00
CALSDV    4    0  0.4200E-11  0.0000E+00
CALSDV    5    0  0.2753E-11  0.0000E+00
CALSDV    6    0  0.2110E-11  0.0000E+00
CALSDV    7    0  0.1702E-11  0.0000E+00
CALSDV    8    0  0.1437E-11  0.0000E+00
CALSDV    9    0  0.1253E-11  0.0000E+00
CALSDV   10    0  0.1115E-11  0.0000E+00
CALSDV   11    0  0.1012E-11  0.0000E+00
CALSDV   12    0  0.9319E-12  0.0000E+00
CALSDV   13    0  0.8694E-12  0.0000E+00
CALSDV   14    0  0.8208E-12  0.0000E+00
CALSDV   15    0  0.7827E-12  0.0000E+00
CALSDV   16    0  0.7526E-12  0.0000E+00
CALSDV   17    0  0.7281E-12  0.0000E+00
CALSDV   18    0  0.7082E-12  0.0000E+00
CALSDV   19    0  0.6928E-12  0.0000E+00
CALSDV   20    0  0.6817E-12  0.0000E+00
CALSDV   21    0  0.6742E-12  0.0000E+00
CALSDV   22    0  0.6695E-12  0.0000E+00
CALSDV   23    0  0.6670E-12  0.0000E+00
CALSDV   24    0  0.6664E-12  0.0000E+00
CALSDV   25    0  0.6679E-12  0.0000E+00
CALSDV   26    0  0.6717E-12  0.0000E+00
CALSDV   27    0  0.6776E-12  0.0000E+00
CALSDV   28    0  0.6852E-12  0.0000E+00
CALSDV   29    0  0.6945E-12  0.0000E+00
CALSDV   30    0  0.7052E-12  0.0000E+00
CALSDV   31    0  0.7174E-12  0.0000E+00
CALSDV   32    0  0.7315E-12  0.0000E+00
CALSDV   33    0  0.7473E-12  0.0000E+00
CALSDV   34    0  0.7648E-12  0.0000E+00
CALSDV   35    0  0.7838E-12  0.0000E+00
CALSDV   36    0  0.8046E-12  0.0000E+00
CALSDV   37    0  0.8272E-12  0.0000E+00
CALSDV   38    0  0.8514E-12  0.0000E+00
CALSDV   39    0  0.8777E-12  0.0000E+00
CALSDV   40    0  0.9060E-12  0.0000E+00
CALSDV   41    0  0.9362E-12  0.0000E+00
CALSDV   42    0  0.9685E-12  0.0000E+00
CALSDV   43    0  0.1003E-11  0.0000E+00
CALSDV   44    0  0.1040E-11  0.0000E+00
CALSDV   45    0  0.1079E-11  0.0000E+00
CALSDV   46    0  0.1121E-11  0.0000E+00
CALSDV   47    0  0.1166E-11  0.0000E+00
CALSDV   48    0  0.1214E-11  0.0000E+00
CALSDV   49    0  0.1264E-11  0.0000E+00
CALSDV   50    0  0.1318E-11  0.0000E+00
CALSDV   51    0  0.1375E-11  0.0000E+00
CALSDV   52    0  0.1436E-11  0.0000E+00
CALSDV   53    0  0.1500E-11  0.0000E+00
CALSDV   54    0  0.1569E-11  0.0000E+00
CALSDV   55    0  0.1641E-11  0.0000E+00
CALSDV   56    0  0.1718E-11  0.0000E+00
CALSDV   57    0  0.1792E-11  0.0000E+00
CALSDV   58    0  0.1876E-11  0.0000E+00
CALSDV   59    0  0.1771E-11  0.0000E+00
CALSDV   60    0  0.1857E-11  0.0000E+00
CALSDV    1    1  0.0000E+00  0.0000E+00
CALSDV    2    1  0.3163E-10  0.3307E-10
CALSDV    3    1  0.8503E-11  0.8396E-11
CALSDV    4    1  0.4394E-11  0.4349E-11
CALSDV    5    1  0.2946E-11  0.2938E-11
CALSDV    6    1  0.2207E-11  0.2208E-11
CALSDV    7    1  0.1772E-11  0.1771E-11
CALSDV    8    1  0.1483E-11  0.1481E-11
CALSDV    9    1  0.1282E-11  0.1283E-11
CALSDV   10    1  0.1137E-11  0.1138E-11
CALSDV   11    1  0.1029E-11  0.1029E-11
CALSDV   12    1  0.9480E-12  0.9478E-12
CALSDV   13    1  0.8842E-12  0.8840E-12
CALSDV   14    1  0.8328E-12  0.8327E-12
CALSDV   15    1  0.7914E-12  0.7915E-12
CALSDV   16    1  0.7590E-12  0.7589E-12
CALSDV   17    1  0.7333E-12  0.7332E-12
CALSDV   18    1  0.7138E-12  0.7139E-12
CALSDV   19    1  0.6988E-12  0.6989E-12
CALSDV   20    1  0.6872E-12  0.6873E-12
CALSDV   21    1  0.6784E-12  0.6784E-12
CALSDV   22    1  0.6724E-12  0.6724E-12
CALSDV   23    1  0.6696E-12  0.6697E-12
CALSDV   24    1  0.6694E-12  0.6695E-12
CALSDV   25    1  0.6713E-12  0.6714E-12
CALSDV   26    1  0.6749E-12  0.6751E-12
CALSDV   27    1  0.6804E-12  0.6805E-12
CALSDV   28    1  0.6873E-12  0.6874E-12
CALSDV   29    1  0.6962E-12  0.6964E-12
CALSDV   30    1  0.7071E-12  0.7073E-12
CALSDV   31    1  0.7196E-12  0.7198E-12
CALSDV   32    1  0.7337E-12  0.7339E-12
CALSDV   33    1  0.7492E-12  0.7495E-12
CALSDV   34    1  0.7665E-12  0.7667E-12
CALSDV   35    1  0.7853E-12  0.7857E-12
CALSDV   36    1  0.8061E-12  0.8064E-12
CALSDV   37    1  0.8287E-12  0.8289E-12
CALSDV   38    1  0.8530E-12  0.8534E-12
CALSDV   39    1  0.8792E-12  0.8796E-12
CALSDV   40    1  0.9073E-12  0.9077E-12
CALSDV   41    1  0.9375E-12  0.9380E-12
CALSDV   42    1  0.9699E-12  0.9704E-12
CALSDV   43    1  0.1004E-11  0.1005E-11
CALSDV   44    1  0.1041E-11  0.1042E-11
CALSDV   45    1  0.1081E-11  0.1081E-11
CALSDV   46    1  0.1122E-11  0.1123E-11
CALSDV   47    1  0.1167E-11  0.1168E-11
CALSDV   48    1  0.1215E-11  0.1215E-11
CALSDV   49    1  0.1265E-11  0.1266E-11
CALSDV   50    1  0.1319E-11  0.1320E-11
CALSDV   51    1  0.1376E-11  0.1377E-11
CALSDV   52    1  0.1437E-11  0.1438E-11
CALSDV   53    1  0.1501E-11  0.1502E-11
CALSDV   54    1  0.1570E-11  0.1571E-11
CALSDV   55    1  0.1641E-11  0.1642E-11
CALSDV   56    1  0.1719E-11  0.1720E-11
CALSDV   57    1  0.1793E-11  0.1794E-11
CALSDV   58    1  0.1877E-11  0.1878E-11
CALSDV   59    1  0.1774E-11  0.1775E-11
CALSDV   60    1  0.1860E-11  0.1861E-11
CALSDV    2    2  0.2839E-10  0.2309E-10
CALSDV    3    2  0.1236E-10  0.1232E-10
CALSDV    4    2  0.6094E-11  0.6037E-11
CALSDV    5    2  0.3729E-11  0.3712E-11
CALSDV    6    2  0.2703E-11  0.2688E-11
CALSDV    7    2  0.2066E-11  0.2058E-11
CALSDV    8    2  0.1699E-11  0.1691E-11
CALSDV    9    2  0.1434E-11  0.1428E-11
CALSDV   10    2  0.1256E-11  0.1250E-11
CALSDV   11    2  0.1117E-11  0.1113E-11
CALSDV   12    2  0.1017E-11  0.1013E-11
CALSDV   13    2  0.9380E-12  0.9341E-12
CALSDV   14    2  0.8790E-12  0.8750E-12
CALSDV   15    2  0.8313E-12  0.8276E-12
CALSDV   16    2  0.7946E-12  0.7911E-12
CALSDV   17    2  0.7637E-12  0.7606E-12
CALSDV   18    2  0.7397E-12  0.7365E-12
CALSDV   19    2  0.7206E-12  0.7176E-12
CALSDV   20    2  0.7070E-12  0.7038E-12
CALSDV   21    2  0.6970E-12  0.6940E-12
CALSDV   22    2  0.6903E-12  0.6873E-12
CALSDV   23    2  0.6859E-12  0.6830E-12
CALSDV   24    2  0.6838E-12  0.6809E-12
CALSDV   25    2  0.6841E-12  0.6812E-12
CALSDV   26    2  0.6870E-12  0.6840E-12
CALSDV   27    2  0.6919E-12  0.6890E-12
CALSDV   28    2  0.6988E-12  0.6958E-12
CALSDV   29    2  0.7073E-12  0.7043E-12
CALSDV   30    2  0.7174E-12  0.7143E-12
CALSDV   31    2  0.7291E-12  0.7260E-12
CALSDV   32    2  0.7427E-12  0.7396E-12
CALSDV   33    2  0.7581E-12  0.7549E-12
CALSDV   34    2  0.7753E-12  0.7720E-12
CALSDV   35    2  0.7940E-12  0.7907E-12
CALSDV   36    2  0.8145E-12  0.8112E-12
CALSDV   37    2  0.8368E-12  0.8334E-12
CALSDV   38    2  0.8609E-12  0.8573E-12
CALSDV   39    2  0.8871E-12  0.8833E-12
CALSDV   40    2  0.9151E-12  0.9114E-12
CALSDV   41    2  0.9452E-12  0.9413E-12
CALSDV   42    2  0.9774E-12  0.9734E-12
CALSDV   43    2  0.1012E-11  0.1008E-11
CALSDV   44    2  0.1049E-11  0.1045E-11
CALSDV   45    2  0.1088E-11  0.1084E-11
CALSDV   46    2  0.1130E-11  0.1126E-11
CALSDV   47    2  0.1175E-11  0.1170E-11
CALSDV   48    2  0.1222E-11  0.1217E-11
CALSDV   49    2  0.1273E-11  0.1268E-11
CALSDV   50    2  0.1327E-11  0.1322E-11
CALSDV   51    2  0.1384E-11  0.1379E-11
CALSDV   52    2  0.1445E-11  0.1439E-11
CALSDV   53    2  0.1510E-11  0.1504E-11
CALSDV   54    2  0.1579E-11  0.1572E-11
CALSDV   55    2  0.1651E-11  0.1644E-11
CALSDV   56    2  0.1728E-11  0.1721E-11
CALSDV   57    2  0.1804E-11  0.1797E-11
CALSDV   58    2  0.1888E-11  0.1881E-11
CALSDV   59    2  0.1800E-11  0.1793E-11
CALSDV   60    2  0.1886E-11  0.1878E-11
CALSDV    3    3  0.2829E-10  0.2838E-10
CALSDV    4    3  0.1180E-10  0.1188E-10
CALSDV    5    3  0.8020E-11  0.8023E-11
CALSDV    6    3  0.4211E-11  0.4227E-11
CALSDV    7    3  0.3790E-11  0.3789E-11
CALSDV    8    3  0.2336E-11  0.2346E-11
CALSDV    9    3  0.2263E-11  0.2265E-11
CALSDV   10    3  0.1594E-11  0.1594E-11
CALSDV   11    3  0.1577E-11  0.1575E-11
CALSDV   12    3  0.1222E-11  0.1222E-11
CALSDV   13    3  0.1216E-11  0.1214E-11
CALSDV   14    3  0.1011E-11  0.1011E-11
CALSDV   15    3  0.1008E-11  0.1006E-11
CALSDV   16    3  0.8833E-12  0.8826E-12
CALSDV   17    3  0.8844E-12  0.8829E-12
CALSDV   18    3  0.8061E-12  0.8052E-12
CALSDV   19    3  0.8088E-12  0.8071E-12
CALSDV   20    3  0.7578E-12  0.7566E-12
CALSDV   21    3  0.7614E-12  0.7599E-12
CALSDV   22    3  0.7288E-12  0.7277E-12
CALSDV   23    3  0.7354E-12  0.7338E-12
CALSDV   24    3  0.7164E-12  0.7150E-12
CALSDV   25    3  0.7247E-12  0.7229E-12
CALSDV   26    3  0.7143E-12  0.7129E-12
CALSDV   27    3  0.7245E-12  0.7228E-12
CALSDV   28    3  0.7211E-12  0.7196E-12
CALSDV   29    3  0.7338E-12  0.7323E-12
CALSDV   30    3  0.7369E-12  0.7352E-12
CALSDV   31    3  0.7526E-12  0.7506E-12
CALSDV   32    3  0.7601E-12  0.7586E-12
CALSDV   33    3  0.7783E-12  0.7764E-12
CALSDV   34    3  0.7905E-12  0.7888E-12
CALSDV   35    3  0.8115E-12  0.8096E-12
CALSDV   36    3  0.8285E-12  0.8266E-12
CALSDV   37    3  0.8526E-12  0.8504E-12
CALSDV   38    3  0.8738E-12  0.8718E-12
CALSDV   39    3  0.9013E-12  0.8990E-12
CALSDV   40    3  0.9268E-12  0.9247E-12
CALSDV   41    3  0.9582E-12  0.9558E-12
CALSDV   42    3  0.9885E-12  0.9862E-12
CALSDV   43    3  0.1024E-11  0.1021E-11
CALSDV   44    3  0.1059E-11  0.1057E-11
CALSDV   45    3  0.1099E-11  0.1097E-11
CALSDV   46    3  0.1140E-11  0.1137E-11
CALSDV   47    3  0.1186E-11  0.1183E-11
CALSDV   48    3  0.1232E-11  0.1229E-11
CALSDV   49    3  0.1283E-11  0.1280E-11
CALSDV   50    3  0.1336E-11  0.1333E-11
CALSDV   51    3  0.1394E-11  0.1391E-11
CALSDV   52    3  0.1454E-11  0.1451E-11
CALSDV   53    3  0.1520E-11  0.1516E-11
CALSDV   54    3  0.1588E-11  0.1584E-11
CALSDV   55    3  0.1662E-11  0.1657E-11
CALSDV   56    3  0.1738E-11  0.1734E-11
CALSDV   57    3  0.1817E-11  0.1813E-11
CALSDV   58    3  0.1902E-11  0.1897E-11
CALSDV   59    3  0.1844E-11  0.1841E-11
CALSDV   60    3  0.1929E-11  0.1925E-11
CALSDV    4    4  0.1396E-10  0.1437E-10
CALSDV    5    4  0.1157E-10  0.1169E-10
CALSDV    6    4  0.4963E-11  0.5016E-11
CALSDV    7    4  0.4263E-11  0.4310E-11
CALSDV    8    4  0.2722E-11  0.2741E-11
CALSDV    9    4  0.2344E-11  0.2360E-11
CALSDV   10    4  0.1801E-11  0.1813E-11
CALSDV   11    4  0.1603E-11  0.1609E-11
CALSDV   12    4  0.1352E-11  0.1359E-11
CALSDV   13    4  0.1243E-11  0.1245E-11
CALSDV   14    4  0.1106E-11  0.1109E-11
CALSDV   15    4  0.1040E-11  0.1042E-11
CALSDV   16    4  0.9556E-12  0.9578E-12
CALSDV   17    4  0.9151E-12  0.9161E-12
CALSDV   18    4  0.8614E-12  0.8625E-12
CALSDV   19    4  0.8381E-12  0.8384E-12
CALSDV   20    4  0.8038E-12  0.8047E-12
CALSDV   21    4  0.7910E-12  0.7911E-12
CALSDV   22    4  0.7689E-12  0.7693E-12
CALSDV   23    4  0.7625E-12  0.7625E-12
CALSDV   24    4  0.7490E-12  0.7494E-12
CALSDV   25    4  0.7488E-12  0.7487E-12
CALSDV   26    4  0.7432E-12  0.7431E-12
CALSDV   27    4  0.7477E-12  0.7475E-12
CALSDV   28    4  0.7476E-12  0.7477E-12
CALSDV   29    4  0.7559E-12  0.7556E-12
CALSDV   30    4  0.7602E-12  0.7603E-12
CALSDV   31    4  0.7721E-12  0.7719E-12
CALSDV   32    4  0.7814E-12  0.7812E-12
CALSDV   33    4  0.7969E-12  0.7967E-12
CALSDV   34    4  0.8104E-12  0.8103E-12
CALSDV   35    4  0.8291E-12  0.8289E-12
CALSDV   36    4  0.8466E-12  0.8464E-12
CALSDV   37    4  0.8689E-12  0.8686E-12
CALSDV   38    4  0.8905E-12  0.8902E-12
CALSDV   39    4  0.9167E-12  0.9163E-12
CALSDV   40    4  0.9427E-12  0.9424E-12
CALSDV   41    4  0.9728E-12  0.9725E-12
CALSDV   42    4  0.1003E-11  0.1003E-11
CALSDV   43    4  0.1038E-11  0.1038E-11
CALSDV   44    4  0.1073E-11  0.1073E-11
CALSDV   45    4  0.1113E-11  0.1112E-11
CALSDV   46    4  0.1154E-11  0.1153E-11
CALSDV   47    4  0.1198E-11  0.1198E-11
CALSDV   48    4  0.1245E-11  0.1244E-11
CALSDV   49    4  0.1296E-11  0.1295E-11
CALSDV   50    4  0.1349E-11  0.1348E-11
CALSDV   51    4  0.1406E-11  0.1406E-11
CALSDV   52    4  0.1466E-11  0.1466E-11
CALSDV   53    4  0.1532E-11  0.1531E-11
CALSDV   54    4  0.1600E-11  0.1599E-11
CALSDV   55    4  0.1674E-11  0.1673E-11
CALSDV   56    4  0.1750E-11  0.1750E-11
CALSDV   57    4  0.1832E-11  0.1831E-11
CALSDV   58    4  0.1917E-11  0.1916E-11
CALSDV   59    4  0.1885E-11  0.1884E-11
CALSDV   60    4  0.1971E-11  0.1971E-11
CALSDV    5    5  0.2053E-10  0.2065E-10
CALSDV    6    5  0.8761E-11  0.8791E-11
CALSDV    7    5  0.5759E-11  0.5775E-11
CALSDV    8    5  0.3551E-11  0.3557E-11
CALSDV    9    5  0.3322E-11  0.3336E-11
CALSDV   10    5  0.2196E-11  0.2197E-11
CALSDV   11    5  0.2269E-11  0.2277E-11
CALSDV   12    5  0.1637E-11  0.1637E-11
CALSDV   13    5  0.1699E-11  0.1704E-11
CALSDV   14    5  0.1331E-11  0.1331E-11
CALSDV   15    5  0.1364E-11  0.1367E-11
CALSDV   16    5  0.1142E-11  0.1142E-11
CALSDV   17    5  0.1154E-11  0.1157E-11
CALSDV   18    5  0.1014E-11  0.1014E-11
CALSDV   19    5  0.1017E-11  0.1019E-11
CALSDV   20    5  0.9258E-12  0.9256E-12
CALSDV   21    5  0.9273E-12  0.9285E-12
CALSDV   22    5  0.8688E-12  0.8684E-12
CALSDV   23    5  0.8710E-12  0.8722E-12
CALSDV   24    5  0.8336E-12  0.8334E-12
CALSDV   25    5  0.8366E-12  0.8375E-12
CALSDV   26    5  0.8142E-12  0.8139E-12
CALSDV   27    5  0.8188E-12  0.8196E-12
CALSDV   28    5  0.8082E-12  0.8081E-12
CALSDV   29    5  0.8156E-12  0.8161E-12
CALSDV   30    5  0.8139E-12  0.8137E-12
CALSDV   31    5  0.8234E-12  0.8240E-12
CALSDV   32    5  0.8282E-12  0.8281E-12
CALSDV   33    5  0.8407E-12  0.8410E-12
CALSDV   34    5  0.8511E-12  0.8509E-12
CALSDV   35    5  0.8674E-12  0.8675E-12
CALSDV   36    5  0.8828E-12  0.8826E-12
CALSDV   37    5  0.9029E-12  0.9030E-12
CALSDV   38    5  0.9230E-12  0.9229E-12
CALSDV   39    5  0.9470E-12  0.9470E-12
CALSDV   40    5  0.9722E-12  0.9719E-12
CALSDV   41    5  0.1000E-11  0.1000E-11
CALSDV   42    5  0.1031E-11  0.1030E-11
CALSDV   43    5  0.1063E-11  0.1063E-11
CALSDV   44    5  0.1098E-11  0.1098E-11
CALSDV   45    5  0.1136E-11  0.1136E-11
CALSDV   46    5  0.1177E-11  0.1177E-11
CALSDV   47    5  0.1220E-11  0.1220E-11
CALSDV   48    5  0.1266E-11  0.1266E-11
CALSDV   49    5  0.1316E-11  0.1315E-11
CALSDV   50    5  0.1369E-11  0.1368E-11
CALSDV   51    5  0.1425E-11  0.1425E-11
CALSDV   52    5  0.1485E-11  0.1485E-11
CALSDV   53    5  0.1549E-11  0.1549E-11
CALSDV   54    5  0.1618E-11  0.1618E-11
CALSDV   55    5  0.1691E-11  0.1691E-11
CALSDV   56    5  0.1768E-11  0.1768E-11
CALSDV   57    5  0.1850E-11  0.1850E-11
CALSDV   58    5  0.1937E-11  0.1936E-11
CALSDV   59    5  0.1925E-11  0.1925E-11
CALSDV   60    5  0.2014E-11  0.2013E-11
CALSDV    6    6  0.9930E-11  0.1010E-10
CALSDV    7    6  0.1073E-10  0.1057E-10
CALSDV    8    6  0.4812E-11  0.4848E-11
CALSDV    9    6  0.5028E-11  0.4938E-11
CALSDV   10    6  0.3056E-11  0.3069E-11
CALSDV   11    6  0.2966E-11  0.2911E-11
CALSDV   12    6  0.2101E-11  0.2109E-11
CALSDV   13    6  0.2043E-11  0.2013E-11
CALSDV   14    6  0.1579E-11  0.1583E-11
CALSDV   15    6  0.1562E-11  0.1544E-11
CALSDV   16    6  0.1280E-11  0.1283E-11
CALSDV   17    6  0.1286E-11  0.1277E-11
CALSDV   18    6  0.1103E-11  0.1105E-11
CALSDV   19    6  0.1117E-11  0.1112E-11
CALSDV   20    6  0.9915E-12  0.9934E-12
CALSDV   21    6  0.1008E-11  0.1005E-11
CALSDV   22    6  0.9196E-12  0.9212E-12
CALSDV   23    6  0.9374E-12  0.9354E-12
CALSDV   24    6  0.8759E-12  0.8773E-12
CALSDV   25    6  0.8955E-12  0.8938E-12
CALSDV   26    6  0.8532E-12  0.8542E-12
CALSDV   27    6  0.8722E-12  0.8712E-12
CALSDV   28    6  0.8438E-12  0.8445E-12
CALSDV   29    6  0.8631E-12  0.8620E-12
CALSDV   30    6  0.8460E-12  0.8467E-12
CALSDV   31    6  0.8666E-12  0.8658E-12
CALSDV   32    6  0.8595E-12  0.8597E-12
CALSDV   33    6  0.8811E-12  0.8802E-12
CALSDV   34    6  0.8814E-12  0.8816E-12
CALSDV   35    6  0.9045E-12  0.9039E-12
CALSDV   36    6  0.9119E-12  0.9118E-12
CALSDV   37    6  0.9375E-12  0.9368E-12
CALSDV   38    6  0.9509E-12  0.9509E-12
CALSDV   39    6  0.9797E-12  0.9790E-12
CALSDV   40    6  0.9989E-12  0.9989E-12
CALSDV   41    6  0.1031E-11  0.1030E-11
CALSDV   42    6  0.1056E-11  0.1056E-11
CALSDV   43    6  0.1092E-11  0.1091E-11
CALSDV   44    6  0.1123E-11  0.1123E-11
CALSDV   45    6  0.1163E-11  0.1163E-11
CALSDV   46    6  0.1201E-11  0.1200E-11
CALSDV   47    6  0.1245E-11  0.1245E-11
CALSDV   48    6  0.1290E-11  0.1289E-11
CALSDV   49    6  0.1340E-11  0.1339E-11
CALSDV   50    6  0.1391E-11  0.1391E-11
CALSDV   51    6  0.1448E-11  0.1448E-11
CALSDV   52    6  0.1507E-11  0.1506E-11
CALSDV   53    6  0.1572E-11  0.1571E-11
CALSDV   54    6  0.1639E-11  0.1639E-11
CALSDV   55    6  0.1713E-11  0.1712E-11
CALSDV   56    6  0.1789E-11  0.1788E-11
CALSDV   57    6  0.1873E-11  0.1872E-11
CALSDV   58    6  0.1959E-11  0.1958E-11
CALSDV   59    6  0.1972E-11  0.1971E-11
CALSDV   60    6  0.2058E-11  0.2057E-11
CALSDV    7    7  0.1417E-10  0.1425E-10
CALSDV    8    7  0.8135E-11  0.8065E-11
CALSDV    9    7  0.5096E-11  0.5129E-11
CALSDV   10    7  0.3383E-11  0.3355E-11
CALSDV   11    7  0.3067E-11  0.3065E-11
CALSDV   12    7  0.2059E-11  0.2072E-11
CALSDV   13    7  0.2103E-11  0.2109E-11
CALSDV   14    7  0.1628E-11  0.1636E-11
CALSDV   15    7  0.1595E-11  0.1602E-11
CALSDV   16    7  0.1411E-11  0.1415E-11
CALSDV   17    7  0.1310E-11  0.1316E-11
CALSDV   18    7  0.1267E-11  0.1269E-11
CALSDV   19    7  0.1145E-11  0.1147E-11
CALSDV   20    7  0.1162E-11  0.1163E-11
CALSDV   21    7  0.1042E-11  0.1044E-11
CALSDV   22    7  0.1082E-11  0.1083E-11
CALSDV   23    7  0.9759E-12  0.9759E-12
CALSDV   24    7  0.1022E-11  0.1023E-11
CALSDV   25    7  0.9330E-12  0.9329E-12
CALSDV   26    7  0.9813E-12  0.9819E-12
CALSDV   27    7  0.9101E-12  0.9102E-12
CALSDV   28    7  0.9571E-12  0.9578E-12
CALSDV   29    7  0.9014E-12  0.9012E-12
CALSDV   30    7  0.9463E-12  0.9468E-12
CALSDV   31    7  0.9039E-12  0.9041E-12
CALSDV   32    7  0.9469E-12  0.9474E-12
CALSDV   33    7  0.9169E-12  0.9175E-12
CALSDV   34    7  0.9590E-12  0.9593E-12
CALSDV   35    7  0.9399E-12  0.9403E-12
CALSDV   36    7  0.9808E-12  0.9811E-12
CALSDV   37    7  0.9712E-12  0.9717E-12
CALSDV   38    7  0.1012E-11  0.1013E-11
CALSDV   39    7  0.1011E-11  0.1012E-11
CALSDV   40    7  0.1053E-11  0.1054E-11
CALSDV   41    7  0.1061E-11  0.1062E-11
CALSDV   42    7  0.1105E-11  0.1106E-11
CALSDV   43    7  0.1121E-11  0.1121E-11
CALSDV   44    7  0.1167E-11  0.1168E-11
CALSDV   45    7  0.1191E-11  0.1192E-11
CALSDV   46    7  0.1240E-11  0.1241E-11
CALSDV   47    7  0.1271E-11  0.1273E-11
CALSDV   48    7  0.1325E-11  0.1326E-11
CALSDV   49    7  0.1364E-11  0.1366E-11
CALSDV   50    7  0.1423E-11  0.1425E-11
CALSDV   51    7  0.1471E-11  0.1473E-11
CALSDV   52    7  0.1536E-11  0.1538E-11
CALSDV   53    7  0.1593E-11  0.1595E-11
CALSDV   54    7  0.1665E-11  0.1667E-11
CALSDV   55    7  0.1733E-11  0.1735E-11
CALSDV   56    7  0.1813E-11  0.1815E-11
CALSDV   57    7  0.1893E-11  0.1895E-11
CALSDV   58    7  0.1984E-11  0.1986E-11
CALSDV   59    7  0.2006E-11  0.2009E-11
CALSDV   60    7  0.2101E-11  0.2103E-11
CALSDV    8    8  0.7264E-11  0.7105E-11
CALSDV    9    8  0.7285E-11  0.7325E-11
CALSDV   10    8  0.4650E-11  0.4605E-11
CALSDV   11    8  0.3900E-11  0.3899E-11
CALSDV   12    8  0.3374E-11  0.3336E-11
CALSDV   13    8  0.2765E-11  0.2770E-11
CALSDV   14    8  0.2440E-11  0.2409E-11
CALSDV   15    8  0.2188E-11  0.2193E-11
CALSDV   16    8  0.1859E-11  0.1841E-11
CALSDV   17    8  0.1817E-11  0.1821E-11
CALSDV   18    8  0.1507E-11  0.1495E-11
CALSDV   19    8  0.1561E-11  0.1565E-11
CALSDV   20    8  0.1294E-11  0.1286E-11
CALSDV   21    8  0.1380E-11  0.1383E-11
CALSDV   22    8  0.1163E-11  0.1158E-11
CALSDV   23    8  0.1251E-11  0.1255E-11
CALSDV   24    8  0.1081E-11  0.1078E-11
CALSDV   25    8  0.1160E-11  0.1164E-11
CALSDV   26    8  0.1028E-11  0.1027E-11
CALSDV   27    8  0.1097E-11  0.1100E-11
CALSDV   28    8  0.9979E-12  0.9975E-12
CALSDV   29    8  0.1059E-11  0.1060E-11
CALSDV   30    8  0.9851E-12  0.9851E-12
CALSDV   31    8  0.1038E-11  0.1040E-11
CALSDV   32    8  0.9858E-12  0.9859E-12
CALSDV   33    8  0.1031E-11  0.1033E-11
CALSDV   34    8  0.9971E-12  0.9976E-12
CALSDV   35    8  0.1038E-11  0.1039E-11
CALSDV   36    8  0.1019E-11  0.1019E-11
CALSDV   37    8  0.1057E-11  0.1058E-11
CALSDV   38    8  0.1051E-11  0.1051E-11
CALSDV   39    8  0.1087E-11  0.1088E-11
CALSDV   40    8  0.1092E-11  0.1093E-11
CALSDV   41    8  0.1129E-11  0.1130E-11
CALSDV   42    8  0.1143E-11  0.1143E-11
CALSDV   43    8  0.1182E-11  0.1183E-11
CALSDV   44    8  0.1204E-11  0.1205E-11
CALSDV   45    8  0.1246E-11  0.1246E-11
CALSDV   46    8  0.1277E-11  0.1277E-11
CALSDV   47    8  0.1321E-11  0.1322E-11
CALSDV   48    8  0.1361E-11  0.1361E-11
CALSDV   49    8  0.1409E-11  0.1410E-11
CALSDV   50    8  0.1458E-11  0.1457E-11
CALSDV   51    8  0.1512E-11  0.1512E-11
CALSDV   52    8  0.1569E-11  0.1569E-11
CALSDV   53    8  0.1631E-11  0.1631E-11
CALSDV   54    8  0.1697E-11  0.1697E-11
CALSDV   55    8  0.1769E-11  0.1768E-11
CALSDV   56    8  0.1843E-11  0.1843E-11
CALSDV   57    8  0.1927E-11  0.1927E-11
CALSDV   58    8  0.2014E-11  0.2014E-11
CALSDV   59    8  0.2061E-11  0.2062E-11
CALSDV   60    8  0.2152E-11  0.2152E-11
CALSDV    9    9  0.9978E-11  0.9920E-11
CALSDV   10    9  0.7552E-11  0.7515E-11
CALSDV   11    9  0.4876E-11  0.4858E-11
CALSDV   12    9  0.3483E-11  0.3463E-11
CALSDV   13    9  0.3223E-11  0.3217E-11
CALSDV   14    9  0.2188E-11  0.2180E-11
CALSDV   15    9  0.2215E-11  0.2213E-11
CALSDV   16    9  0.1748E-11  0.1745E-11
CALSDV   17    9  0.1648E-11  0.1649E-11
CALSDV   18    9  0.1535E-11  0.1535E-11
CALSDV   19    9  0.1340E-11  0.1342E-11
CALSDV   20    9  0.1395E-11  0.1396E-11
CALSDV   21    9  0.1179E-11  0.1179E-11
CALSDV   22    9  0.1291E-11  0.1292E-11
CALSDV   23    9  0.1095E-11  0.1095E-11
CALSDV   24    9  0.1214E-11  0.1215E-11
CALSDV   25    9  0.1051E-11  0.1051E-11
CALSDV   26    9  0.1158E-11  0.1159E-11
CALSDV   27    9  0.1028E-11  0.1028E-11
CALSDV   28    9  0.1117E-11  0.1119E-11
CALSDV   29    9  0.1017E-11  0.1017E-11
CALSDV   30    9  0.1092E-11  0.1093E-11
CALSDV   31    9  0.1017E-11  0.1017E-11
CALSDV   32    9  0.1082E-11  0.1082E-11
CALSDV   33    9  0.1028E-11  0.1027E-11
CALSDV   34    9  0.1083E-11  0.1083E-11
CALSDV   35    9  0.1047E-11  0.1046E-11
CALSDV   36    9  0.1095E-11  0.1096E-11
CALSDV   37    9  0.1075E-11  0.1074E-11
CALSDV   38    9  0.1118E-11  0.1118E-11
CALSDV   39    9  0.1112E-11  0.1112E-11
CALSDV   40    9  0.1152E-11  0.1152E-11
CALSDV   41    9  0.1158E-11  0.1158E-11
CALSDV   42    9  0.1198E-11  0.1197E-11
CALSDV   43    9  0.1213E-11  0.1212E-11
CALSDV   44    9  0.1254E-11  0.1254E-11
CALSDV   45    9  0.1277E-11  0.1277E-11
CALSDV   46    9  0.1322E-11  0.1322E-11
CALSDV   47    9  0.1353E-11  0.1352E-11
CALSDV   48    9  0.1402E-11  0.1402E-11
CALSDV   49    9  0.1441E-11  0.1440E-11
CALSDV   50    9  0.1495E-11  0.1495E-11
CALSDV   51    9  0.1543E-11  0.1542E-11
CALSDV   52    9  0.1603E-11  0.1603E-11
CALSDV   53    9  0.1661E-11  0.1660E-11
CALSDV   54    9  0.1728E-11  0.1728E-11
CALSDV   55    9  0.1796E-11  0.1796E-11
CALSDV   56    9  0.1872E-11  0.1872E-11
CALSDV   57    9  0.1953E-11  0.1953E-11
CALSDV   58    9  0.2041E-11  0.2040E-11
CALSDV   59    9  0.2099E-11  0.2099E-11
CALSDV   60    9  0.2190E-11  0.2191E-11
CALSDV   10   10  0.7115E-11  0.7022E-11
CALSDV   11   10  0.6051E-11  0.6053E-11
CALSDV   12   10  0.4267E-11  0.4292E-11
CALSDV   13   10  0.3085E-11  0.3091E-11
CALSDV   14   10  0.3409E-11  0.3427E-11
CALSDV   15   10  0.2448E-11  0.2455E-11
CALSDV   16   10  0.2629E-11  0.2635E-11
CALSDV   17   10  0.2191E-11  0.2199E-11
CALSDV   18   10  0.2098E-11  0.2100E-11
CALSDV   19   10  0.1977E-11  0.1984E-11
CALSDV   20   10  0.1759E-11  0.1757E-11
CALSDV   21   10  0.1787E-11  0.1793E-11
CALSDV   22   10  0.1541E-11  0.1540E-11
CALSDV   23   10  0.1627E-11  0.1631E-11
CALSDV   24   10  0.1402E-11  0.1401E-11
CALSDV   25   10  0.1501E-11  0.1503E-11
CALSDV   26   10  0.1314E-11  0.1313E-11
CALSDV   27   10  0.1404E-11  0.1406E-11
CALSDV   28   10  0.1256E-11  0.1256E-11
CALSDV   29   10  0.1333E-11  0.1334E-11
CALSDV   30   10  0.1220E-11  0.1220E-11
CALSDV   31   10  0.1282E-11  0.1282E-11
CALSDV   32   10  0.1198E-11  0.1198E-11
CALSDV   33   10  0.1250E-11  0.1250E-11
CALSDV   34   10  0.1192E-11  0.1191E-11
CALSDV   35   10  0.1235E-11  0.1235E-11
CALSDV   36   10  0.1198E-11  0.1198E-11
CALSDV   37   10  0.1235E-11  0.1235E-11
CALSDV   38   10  0.1216E-11  0.1215E-11
CALSDV   39   10  0.1249E-11  0.1248E-11
CALSDV   40   10  0.1245E-11  0.1244E-11
CALSDV   41   10  0.1275E-11  0.1275E-11
CALSDV   42   10  0.1285E-11  0.1284E-11
CALSDV   43   10  0.1315E-11  0.1314E-11
CALSDV   44   10  0.1336E-11  0.1335E-11
CALSDV   45   10  0.1366E-11  0.1366E-11
CALSDV   46   10  0.1397E-11  0.1397E-11
CALSDV   47   10  0.1431E-11  0.1430E-11
CALSDV   48   10  0.1471E-11  0.1470E-11
CALSDV   49   10  0.1509E-11  0.1509E-11
CALSDV   50   10  0.1558E-11  0.1558E-11
CALSDV   51   10  0.1603E-11  0.1602E-11
CALSDV   52   10  0.1661E-11  0.1660E-11
CALSDV   53   10  0.1713E-11  0.1713E-11
CALSDV   54   10  0.1781E-11  0.1780E-11
CALSDV   55   10  0.1842E-11  0.1841E-11
CALSDV   56   10  0.1920E-11  0.1919E-11
CALSDV   57   10  0.1995E-11  0.1994E-11
CALSDV   58   10  0.2085E-11  0.2084E-11
CALSDV   59   10  0.2156E-11  0.2155E-11
CALSDV   60   10  0.2254E-11  0.2253E-11
CALSDV   11   11  0.7182E-11  0.7105E-11
CALSDV   12   11  0.6961E-11  0.6918E-11
CALSDV   13   11  0.4575E-11  0.4557E-11
CALSDV   14   11  0.3660E-11  0.3639E-11
CALSDV   15   11  0.3396E-11  0.3389E-11
CALSDV   16   11  0.2510E-11  0.2499E-11
CALSDV   17   11  0.2416E-11  0.2417E-11
CALSDV   18   11  0.2020E-11  0.2014E-11
CALSDV   19   11  0.1798E-11  0.1802E-11
CALSDV   20   11  0.1737E-11  0.1732E-11
CALSDV   21   11  0.1453E-11  0.1458E-11
CALSDV   22   11  0.1546E-11  0.1543E-11
CALSDV   23   11  0.1279E-11  0.1283E-11
CALSDV   24   11  0.1409E-11  0.1407E-11
CALSDV   25   11  0.1198E-11  0.1202E-11
CALSDV   26   11  0.1312E-11  0.1312E-11
CALSDV   27   11  0.1167E-11  0.1171E-11
CALSDV   28   11  0.1250E-11  0.1249E-11
CALSDV   29   11  0.1160E-11  0.1163E-11
CALSDV   30   11  0.1212E-11  0.1211E-11
CALSDV   31   11  0.1164E-11  0.1167E-11
CALSDV   32   11  0.1191E-11  0.1191E-11
CALSDV   33   11  0.1174E-11  0.1176E-11
CALSDV   34   11  0.1185E-11  0.1185E-11
CALSDV   35   11  0.1190E-11  0.1191E-11
CALSDV   36   11  0.1194E-11  0.1194E-11
CALSDV   37   11  0.1214E-11  0.1215E-11
CALSDV   38   11  0.1215E-11  0.1215E-11
CALSDV   39   11  0.1246E-11  0.1247E-11
CALSDV   40   11  0.1247E-11  0.1247E-11
CALSDV   41   11  0.1287E-11  0.1288E-11
CALSDV   42   11  0.1290E-11  0.1290E-11
CALSDV   43   11  0.1337E-11  0.1338E-11
CALSDV   44   11  0.1343E-11  0.1344E-11
CALSDV   45   11  0.1396E-11  0.1397E-11
CALSDV   46   11  0.1408E-11  0.1409E-11
CALSDV   47   11  0.1464E-11  0.1465E-11
CALSDV   48   11  0.1486E-11  0.1486E-11
CALSDV   49   11  0.1544E-11  0.1545E-11
CALSDV   50   11  0.1576E-11  0.1576E-11
CALSDV   51   11  0.1638E-11  0.1638E-11
CALSDV   52   11  0.1680E-11  0.1681E-11
CALSDV   53   11  0.1747E-11  0.1748E-11
CALSDV   54   11  0.1800E-11  0.1801E-11
CALSDV   55   11  0.1875E-11  0.1876E-11
CALSDV   56   11  0.1940E-11  0.1940E-11
CALSDV   57   11  0.2026E-11  0.2027E-11
CALSDV   58   11  0.2104E-11  0.2105E-11
CALSDV   59   11  0.2195E-11  0.2196E-11
CALSDV   60   11  0.2276E-11  0.2277E-11
CALSDV   12   12  0.6436E-11  0.6349E-11
CALSDV   13   12  0.5949E-11  0.5949E-11
CALSDV   14   12  0.4057E-11  0.4053E-11
CALSDV   15   12  0.2927E-11  0.2920E-11
CALSDV   16   12  0.3267E-11  0.3263E-11
CALSDV   17   12  0.2294E-11  0.2290E-11
CALSDV   18   12  0.2521E-11  0.2515E-11
CALSDV   19   12  0.2146E-11  0.2141E-11
CALSDV   20   12  0.2042E-11  0.2038E-11
CALSDV   21   12  0.2015E-11  0.2011E-11
CALSDV   22   12  0.1768E-11  0.1767E-11
CALSDV   23   12  0.1878E-11  0.1874E-11
CALSDV   24   12  0.1616E-11  0.1615E-11
CALSDV   25   12  0.1748E-11  0.1744E-11
CALSDV   26   12  0.1529E-11  0.1528E-11
CALSDV   27   12  0.1637E-11  0.1633E-11
CALSDV   28   12  0.1476E-11  0.1476E-11
CALSDV   29   12  0.1550E-11  0.1546E-11
CALSDV   30   12  0.1445E-11  0.1445E-11
CALSDV   31   12  0.1486E-11  0.1482E-11
CALSDV   32   12  0.1427E-11  0.1427E-11
CALSDV   33   12  0.1442E-11  0.1439E-11
CALSDV   34   12  0.1417E-11  0.1418E-11
CALSDV   35   12  0.1414E-11  0.1411E-11
CALSDV   36   12  0.1414E-11  0.1414E-11
CALSDV   37   12  0.1403E-11  0.1400E-11
CALSDV   38   12  0.1421E-11  0.1421E-11
CALSDV   39   12  0.1406E-11  0.1404E-11
CALSDV   40   12  0.1440E-11  0.1440E-11
CALSDV   41   12  0.1424E-11  0.1421E-11
CALSDV   42   12  0.1468E-11  0.1468E-11
CALSDV   43   12  0.1453E-11  0.1452E-11
CALSDV   44   12  0.1507E-11  0.1507E-11
CALSDV   45   12  0.1495E-11  0.1494E-11
CALSDV   46   12  0.1557E-11  0.1557E-11
CALSDV   47   12  0.1551E-11  0.1550E-11
CALSDV   48   12  0.1618E-11  0.1619E-11
CALSDV   49   12  0.1620E-11  0.1620E-11
CALSDV   50   12  0.1692E-11  0.1693E-11
CALSDV   51   12  0.1705E-11  0.1705E-11
CALSDV   52   12  0.1782E-11  0.1783E-11
CALSDV   53   12  0.1806E-11  0.1806E-11
CALSDV   54   12  0.1889E-11  0.1889E-11
CALSDV   55   12  0.1926E-11  0.1926E-11
CALSDV   56   12  0.2016E-11  0.2017E-11
CALSDV   57   12  0.2071E-11  0.2071E-11
CALSDV   58   12  0.2170E-11  0.2171E-11
CALSDV   59   12  0.2247E-11  0.2247E-11
CALSDV   60   12  0.2358E-11  0.2359E-11
CALSDV   13   13  0.5817E-11  0.5858E-11
CALSDV   14   13  0.5978E-11  0.5979E-11
CALSDV   15   13  0.4350E-11  0.4362E-11
CALSDV   16   13  0.3342E-11  0.3347E-11
CALSDV   17   13  0.3523E-11  0.3528E-11
CALSDV   18   13  0.2563E-11  0.2576E-11
CALSDV   19   13  0.2601E-11  0.2605E-11
CALSDV   20   13  0.2190E-11  0.2205E-11
CALSDV   21   13  0.1959E-11  0.1963E-11
CALSDV   22   13  0.1913E-11  0.1921E-11
CALSDV   23   13  0.1588E-11  0.1591E-11
CALSDV   24   13  0.1694E-11  0.1701E-11
CALSDV   25   13  0.1403E-11  0.1406E-11
CALSDV   26   13  0.1529E-11  0.1533E-11
CALSDV   27   13  0.1325E-11  0.1327E-11
CALSDV   28   13  0.1412E-11  0.1414E-11
CALSDV   29   13  0.1301E-11  0.1303E-11
CALSDV   30   13  0.1338E-11  0.1339E-11
CALSDV   31   13  0.1303E-11  0.1306E-11
CALSDV   32   13  0.1298E-11  0.1300E-11
CALSDV   33   13  0.1319E-11  0.1322E-11
CALSDV   34   13  0.1285E-11  0.1287E-11
CALSDV   35   13  0.1341E-11  0.1344E-11
CALSDV   36   13  0.1291E-11  0.1292E-11
CALSDV   37   13  0.1366E-11  0.1368E-11
CALSDV   38   13  0.1310E-11  0.1312E-11
CALSDV   39   13  0.1396E-11  0.1397E-11
CALSDV   40   13  0.1342E-11  0.1344E-11
CALSDV   41   13  0.1432E-11  0.1434E-11
CALSDV   42   13  0.1386E-11  0.1389E-11
CALSDV   43   13  0.1475E-11  0.1478E-11
CALSDV   44   13  0.1441E-11  0.1444E-11
CALSDV   45   13  0.1528E-11  0.1531E-11
CALSDV   46   13  0.1506E-11  0.1509E-11
CALSDV   47   13  0.1590E-11  0.1593E-11
CALSDV   48   13  0.1582E-11  0.1585E-11
CALSDV   49   13  0.1662E-11  0.1666E-11
CALSDV   50   13  0.1670E-11  0.1673E-11
CALSDV   51   13  0.1748E-11  0.1752E-11
CALSDV   52   13  0.1771E-11  0.1775E-11
CALSDV   53   13  0.1848E-11  0.1852E-11
CALSDV   54   13  0.1887E-11  0.1891E-11
CALSDV   55   13  0.1965E-11  0.1969E-11
CALSDV   56   13  0.2020E-11  0.2025E-11
CALSDV   57   13  0.2105E-11  0.2111E-11
CALSDV   58   13  0.2178E-11  0.2184E-11
CALSDV   59   13  0.2286E-11  0.2292E-11
CALSDV   60   13  0.2365E-11  0.2371E-11
CALSDV   14   14  0.4880E-11  0.4905E-11
CALSDV   15   14  0.6256E-11  0.6238E-11
CALSDV   16   14  0.4026E-11  0.4025E-11
CALSDV   17   14  0.3188E-11  0.3178E-11
CALSDV   18   14  0.3314E-11  0.3318E-11
CALSDV   19   14  0.2393E-11  0.2394E-11
CALSDV   20   14  0.2476E-11  0.2481E-11
CALSDV   21   14  0.2205E-11  0.2206E-11
CALSDV   22   14  0.1937E-11  0.1943E-11
CALSDV   23   14  0.2081E-11  0.2083E-11
CALSDV   24   14  0.1676E-11  0.1680E-11
CALSDV   25   14  0.1958E-11  0.1960E-11
CALSDV   26   14  0.1579E-11  0.1582E-11
CALSDV   27   14  0.1843E-11  0.1846E-11
CALSDV   28   14  0.1556E-11  0.1557E-11
CALSDV   29   14  0.1745E-11  0.1748E-11
CALSDV   30   14  0.1558E-11  0.1559E-11
CALSDV   31   14  0.1667E-11  0.1670E-11
CALSDV   32   14  0.1569E-11  0.1570E-11
CALSDV   33   14  0.1613E-11  0.1616E-11
CALSDV   34   14  0.1585E-11  0.1585E-11
CALSDV   35   14  0.1581E-11  0.1583E-11
CALSDV   36   14  0.1601E-11  0.1601E-11
CALSDV   37   14  0.1565E-11  0.1567E-11
CALSDV   38   14  0.1618E-11  0.1618E-11
CALSDV   39   14  0.1564E-11  0.1566E-11
CALSDV   40   14  0.1637E-11  0.1637E-11
CALSDV   41   14  0.1575E-11  0.1576E-11
CALSDV   42   14  0.1662E-11  0.1661E-11
CALSDV   43   14  0.1598E-11  0.1600E-11
CALSDV   44   14  0.1693E-11  0.1693E-11
CALSDV   45   14  0.1635E-11  0.1636E-11
CALSDV   46   14  0.1734E-11  0.1734E-11
CALSDV   47   14  0.1684E-11  0.1684E-11
CALSDV   48   14  0.1785E-11  0.1785E-11
CALSDV   49   14  0.1746E-11  0.1746E-11
CALSDV   50   14  0.1848E-11  0.1847E-11
CALSDV   51   14  0.1822E-11  0.1822E-11
CALSDV   52   14  0.1925E-11  0.1925E-11
CALSDV   53   14  0.1914E-11  0.1914E-11
CALSDV   54   14  0.2018E-11  0.2017E-11
CALSDV   55   14  0.2024E-11  0.2023E-11
CALSDV   56   14  0.2130E-11  0.2129E-11
CALSDV   57   14  0.2158E-11  0.2157E-11
CALSDV   58   14  0.2269E-11  0.2268E-11
CALSDV   59   14  0.2342E-11  0.2341E-11
CALSDV   60   14  0.2465E-11  0.2464E-11
CALSDV   15   15  0.5840E-11  0.5860E-11
CALSDV   16   15  0.5845E-11  0.5817E-11
CALSDV   17   15  0.4224E-11  0.4200E-11
CALSDV   18   15  0.3074E-11  0.3064E-11
CALSDV   19   15  0.3669E-11  0.3655E-11
CALSDV   20   15  0.2383E-11  0.2370E-11
CALSDV   21   15  0.2876E-11  0.2871E-11
CALSDV   22   15  0.2155E-11  0.2136E-11
CALSDV   23   15  0.2288E-11  0.2286E-11
CALSDV   24   15  0.1967E-11  0.1949E-11
CALSDV   25   15  0.1933E-11  0.1928E-11
CALSDV   26   15  0.1797E-11  0.1783E-11
CALSDV   27   15  0.1744E-11  0.1736E-11
CALSDV   28   15  0.1657E-11  0.1646E-11
CALSDV   29   15  0.1650E-11  0.1643E-11
CALSDV   30   15  0.1555E-11  0.1545E-11
CALSDV   31   15  0.1608E-11  0.1602E-11
CALSDV   32   15  0.1488E-11  0.1479E-11
CALSDV   33   15  0.1591E-11  0.1586E-11
CALSDV   34   15  0.1454E-11  0.1446E-11
CALSDV   35   15  0.1592E-11  0.1587E-11
CALSDV   36   15  0.1449E-11  0.1441E-11
CALSDV   37   15  0.1605E-11  0.1598E-11
CALSDV   38   15  0.1464E-11  0.1456E-11
CALSDV   39   15  0.1624E-11  0.1617E-11
CALSDV   40   15  0.1495E-11  0.1486E-11
CALSDV   41   15  0.1649E-11  0.1641E-11
CALSDV   42   15  0.1536E-11  0.1526E-11
CALSDV   43   15  0.1679E-11  0.1671E-11
CALSDV   44   15  0.1586E-11  0.1577E-11
CALSDV   45   15  0.1718E-11  0.1709E-11
CALSDV   46   15  0.1647E-11  0.1637E-11
CALSDV   47   15  0.1767E-11  0.1757E-11
CALSDV   48   15  0.1720E-11  0.1708E-11
CALSDV   49   15  0.1827E-11  0.1816E-11
CALSDV   50   15  0.1803E-11  0.1790E-11
CALSDV   51   15  0.1900E-11  0.1887E-11
CALSDV   52   15  0.1899E-11  0.1885E-11
CALSDV   53   15  0.1987E-11  0.1972E-11
CALSDV   54   15  0.2008E-11  0.1993E-11
CALSDV   55   15  0.2089E-11  0.2074E-11
CALSDV   56   15  0.2133E-11  0.2117E-11
CALSDV   57   15  0.2216E-11  0.2199E-11
CALSDV   58   15  0.2282E-11  0.2264E-11
CALSDV   59   15  0.2402E-11  0.2383E-11
CALSDV   60   15  0.2478E-11  0.2458E-11
CALSDV   16   16  0.4273E-11  0.4263E-11
CALSDV   17   16  0.6048E-11  0.6015E-11
CALSDV   18   16  0.4115E-11  0.4103E-11
CALSDV   19   16  0.3221E-11  0.3201E-11
CALSDV   20   16  0.3534E-11  0.3527E-11
CALSDV   21   16  0.2518E-11  0.2510E-11
CALSDV   22   16  0.2651E-11  0.2647E-11
CALSDV   23   16  0.2326E-11  0.2320E-11
CALSDV   24   16  0.2044E-11  0.2041E-11
CALSDV   25   16  0.2177E-11  0.2175E-11
CALSDV   26   16  0.1753E-11  0.1750E-11
CALSDV   27   16  0.2036E-11  0.2034E-11
CALSDV   28   16  0.1668E-11  0.1666E-11
CALSDV   29   16  0.1914E-11  0.1913E-11
CALSDV   30   16  0.1676E-11  0.1673E-11
CALSDV   31   16  0.1821E-11  0.1819E-11
CALSDV   32   16  0.1713E-11  0.1709E-11
CALSDV   33   16  0.1756E-11  0.1754E-11
CALSDV   34   16  0.1750E-11  0.1746E-11
CALSDV   35   16  0.1716E-11  0.1714E-11
CALSDV   36   16  0.1784E-11  0.1781E-11
CALSDV   37   16  0.1701E-11  0.1697E-11
CALSDV   38   16  0.1816E-11  0.1812E-11
CALSDV   39   16  0.1705E-11  0.1701E-11
CALSDV   40   16  0.1846E-11  0.1843E-11
CALSDV   41   16  0.1722E-11  0.1719E-11
CALSDV   42   16  0.1873E-11  0.1871E-11
CALSDV   43   16  0.1749E-11  0.1746E-11
CALSDV   44   16  0.1902E-11  0.1900E-11
CALSDV   45   16  0.1785E-11  0.1782E-11
CALSDV   46   16  0.1935E-11  0.1932E-11
CALSDV   47   16  0.1831E-11  0.1828E-11
CALSDV   48   16  0.1975E-11  0.1972E-11
CALSDV   49   16  0.1888E-11  0.1884E-11
CALSDV   50   16  0.2026E-11  0.2022E-11
CALSDV   51   16  0.1958E-11  0.1954E-11
CALSDV   52   16  0.2089E-11  0.2085E-11
CALSDV   53   16  0.2041E-11  0.2037E-11
CALSDV   54   16  0.2166E-11  0.2162E-11
CALSDV   55   16  0.2139E-11  0.2135E-11
CALSDV   56   16  0.2261E-11  0.2257E-11
CALSDV   57   16  0.2259E-11  0.2255E-11
CALSDV   58   16  0.2381E-11  0.2377E-11
CALSDV   59   16  0.2444E-11  0.2440E-11
CALSDV   60   16  0.2575E-11  0.2571E-11
CALSDV   17   17  0.4197E-11  0.4200E-11
CALSDV   18   17  0.5005E-11  0.5001E-11
CALSDV   19   17  0.3992E-11  0.3994E-11
CALSDV   20   17  0.2789E-11  0.2785E-11
CALSDV   21   17  0.3517E-11  0.3518E-11
CALSDV   22   17  0.2576E-11  0.2576E-11
CALSDV   23   17  0.2716E-11  0.2717E-11
CALSDV   24   17  0.2461E-11  0.2460E-11
CALSDV   25   17  0.2129E-11  0.2131E-11
CALSDV   26   17  0.2240E-11  0.2239E-11
CALSDV   27   17  0.1802E-11  0.1803E-11
CALSDV   28   17  0.2001E-11  0.2000E-11
CALSDV   29   17  0.1661E-11  0.1661E-11
CALSDV   30   17  0.1798E-11  0.1796E-11
CALSDV   31   17  0.1619E-11  0.1619E-11
CALSDV   32   17  0.1651E-11  0.1652E-11
CALSDV   33   17  0.1622E-11  0.1623E-11
CALSDV   34   17  0.1569E-11  0.1565E-11
CALSDV   35   17  0.1642E-11  0.1641E-11
CALSDV   36   17  0.1531E-11  0.1531E-11
CALSDV   37   17  0.1669E-11  0.1667E-11
CALSDV   38   17  0.1539E-11  0.1536E-11
CALSDV   39   17  0.1700E-11  0.1701E-11
CALSDV   40   17  0.1573E-11  0.1573E-11
CALSDV   41   17  0.1737E-11  0.1738E-11
CALSDV   42   17  0.1628E-11  0.1627E-11
CALSDV   43   17  0.1780E-11  0.1781E-11
CALSDV   44   17  0.1694E-11  0.1693E-11
CALSDV   45   17  0.1825E-11  0.1828E-11
CALSDV   46   17  0.1764E-11  0.1765E-11
CALSDV   47   17  0.1875E-11  0.1879E-11
CALSDV   48   17  0.1840E-11  0.1841E-11
CALSDV   49   17  0.1934E-11  0.1939E-11
CALSDV   50   17  0.1924E-11  0.1926E-11
CALSDV   51   17  0.2005E-11  0.2009E-11
CALSDV   52   17  0.2018E-11  0.2019E-11
CALSDV   53   17  0.2087E-11  0.2090E-11
CALSDV   54   17  0.2122E-11  0.2123E-11
CALSDV   55   17  0.2183E-11  0.2184E-11
CALSDV   56   17  0.2240E-11  0.2240E-11
CALSDV   57   17  0.2298E-11  0.2299E-11
CALSDV   58   17  0.2377E-11  0.2376E-11
CALSDV   59   17  0.2480E-11  0.2480E-11
CALSDV   60   17  0.2574E-11  0.2574E-11
CALSDV   18   18  0.4631E-11  0.4612E-11
CALSDV   19   18  0.5180E-11  0.5184E-11
CALSDV   20   18  0.4319E-11  0.4317E-11
CALSDV   21   18  0.2720E-11  0.2723E-11
CALSDV   22   18  0.3699E-11  0.3693E-11
CALSDV   23   18  0.2442E-11  0.2443E-11
CALSDV   24   18  0.2750E-11  0.2743E-11
CALSDV   25   18  0.2396E-11  0.2394E-11
CALSDV   26   18  0.2102E-11  0.2097E-11
CALSDV   27   18  0.2260E-11  0.2257E-11
CALSDV   28   18  0.1826E-11  0.1821E-11
CALSDV   29   18  0.2098E-11  0.2094E-11
CALSDV   30   18  0.1791E-11  0.1788E-11
CALSDV   31   18  0.1960E-11  0.1957E-11
CALSDV   32   18  0.1851E-11  0.1850E-11
CALSDV   33   18  0.1865E-11  0.1862E-11
CALSDV   34   18  0.1929E-11  0.1928E-11
CALSDV   35   18  0.1814E-11  0.1813E-11
CALSDV   36   18  0.1994E-11  0.1994E-11
CALSDV   37   18  0.1797E-11  0.1795E-11
CALSDV   38   18  0.2043E-11  0.2043E-11
CALSDV   39   18  0.1806E-11  0.1804E-11
CALSDV   40   18  0.2080E-11  0.2080E-11
CALSDV   41   18  0.1834E-11  0.1832E-11
CALSDV   42   18  0.2112E-11  0.2111E-11
CALSDV   43   18  0.1876E-11  0.1874E-11
CALSDV   44   18  0.2139E-11  0.2138E-11
CALSDV   45   18  0.1927E-11  0.1925E-11
CALSDV   46   18  0.2167E-11  0.2166E-11
CALSDV   47   18  0.1982E-11  0.1980E-11
CALSDV   48   18  0.2196E-11  0.2195E-11
CALSDV   49   18  0.2040E-11  0.2039E-11
CALSDV   50   18  0.2231E-11  0.2230E-11
CALSDV   51   18  0.2106E-11  0.2105E-11
CALSDV   52   18  0.2276E-11  0.2275E-11
CALSDV   53   18  0.2179E-11  0.2178E-11
CALSDV   54   18  0.2333E-11  0.2332E-11
CALSDV   55   18  0.2264E-11  0.2263E-11
CALSDV   56   18  0.2405E-11  0.2404E-11
CALSDV   57   18  0.2368E-11  0.2367E-11
CALSDV   58   18  0.2502E-11  0.2501E-11
CALSDV   59   18  0.2547E-11  0.2546E-11
CALSDV   60   18  0.2683E-11  0.2682E-11
CALSDV   19   19  0.3924E-11  0.3918E-11
CALSDV   20   19  0.4810E-11  0.4817E-11
CALSDV   21   19  0.3996E-11  0.3999E-11
CALSDV   22   19  0.2692E-11  0.2702E-11
CALSDV   23   19  0.3514E-11  0.3514E-11
CALSDV   24   19  0.2754E-11  0.2765E-11
CALSDV   25   19  0.2730E-11  0.2731E-11
CALSDV   26   19  0.2770E-11  0.2778E-11
CALSDV   27   19  0.2182E-11  0.2183E-11
CALSDV   28   19  0.2587E-11  0.2593E-11
CALSDV   29   19  0.1896E-11  0.1896E-11
CALSDV   30   19  0.2344E-11  0.2348E-11
CALSDV   31   19  0.1784E-11  0.1784E-11
CALSDV   32   19  0.2123E-11  0.2125E-11
CALSDV   33   19  0.1759E-11  0.1757E-11
CALSDV   34   19  0.1958E-11  0.1960E-11
CALSDV   35   19  0.1769E-11  0.1768E-11
CALSDV   36   19  0.1860E-11  0.1860E-11
CALSDV   37   19  0.1794E-11  0.1793E-11
CALSDV   38   19  0.1817E-11  0.1815E-11
CALSDV   39   19  0.1823E-11  0.1822E-11
CALSDV   40   19  0.1816E-11  0.1814E-11
CALSDV   41   19  0.1857E-11  0.1856E-11
CALSDV   42   19  0.1847E-11  0.1844E-11
CALSDV   43   19  0.1898E-11  0.1897E-11
CALSDV   44   19  0.1900E-11  0.1897E-11
CALSDV   45   19  0.1947E-11  0.1946E-11
CALSDV   46   19  0.1967E-11  0.1965E-11
CALSDV   47   19  0.2004E-11  0.2003E-11
CALSDV   48   19  0.2042E-11  0.2039E-11
CALSDV   49   19  0.2067E-11  0.2065E-11
CALSDV   50   19  0.2119E-11  0.2117E-11
CALSDV   51   19  0.2135E-11  0.2134E-11
CALSDV   52   19  0.2201E-11  0.2199E-11
CALSDV   53   19  0.2212E-11  0.2210E-11
CALSDV   54   19  0.2289E-11  0.2287E-11
CALSDV   55   19  0.2298E-11  0.2296E-11
CALSDV   56   19  0.2386E-11  0.2385E-11
CALSDV   57   19  0.2400E-11  0.2399E-11
CALSDV   58   19  0.2501E-11  0.2500E-11
CALSDV   59   19  0.2574E-11  0.2573E-11
CALSDV   60   19  0.2690E-11  0.2689E-11
CALSDV   20   20  0.4451E-11  0.4458E-11
CALSDV   21   20  0.4979E-11  0.4965E-11
CALSDV   22   20  0.4457E-11  0.4445E-11
CALSDV   23   20  0.2634E-11  0.2635E-11
CALSDV   24   20  0.3869E-11  0.3860E-11
CALSDV   25   20  0.2556E-11  0.2558E-11
CALSDV   26   20  0.2898E-11  0.2895E-11
CALSDV   27   20  0.2557E-11  0.2554E-11
CALSDV   28   20  0.2225E-11  0.2225E-11
CALSDV   29   20  0.2396E-11  0.2393E-11
CALSDV   30   20  0.1936E-11  0.1935E-11
CALSDV   31   20  0.2195E-11  0.2192E-11
CALSDV   32   20  0.1906E-11  0.1905E-11
CALSDV   33   20  0.2032E-11  0.2030E-11
CALSDV   34   20  0.1981E-11  0.1979E-11
CALSDV   35   20  0.1934E-11  0.1932E-11
CALSDV   36   20  0.2074E-11  0.2072E-11
CALSDV   37   20  0.1899E-11  0.1896E-11
CALSDV   38   20  0.2155E-11  0.2152E-11
CALSDV   39   20  0.1908E-11  0.1906E-11
CALSDV   40   20  0.2217E-11  0.2213E-11
CALSDV   41   20  0.1946E-11  0.1944E-11
CALSDV   42   20  0.2262E-11  0.2259E-11
CALSDV   43   20  0.2000E-11  0.1998E-11
CALSDV   44   20  0.2299E-11  0.2295E-11
CALSDV   45   20  0.2064E-11  0.2062E-11
CALSDV   46   20  0.2332E-11  0.2328E-11
CALSDV   47   20  0.2135E-11  0.2132E-11
CALSDV   48   20  0.2366E-11  0.2362E-11
CALSDV   49   20  0.2207E-11  0.2204E-11
CALSDV   50   20  0.2403E-11  0.2399E-11
CALSDV   51   20  0.2278E-11  0.2275E-11
CALSDV   52   20  0.2443E-11  0.2440E-11
CALSDV   53   20  0.2346E-11  0.2343E-11
CALSDV   54   20  0.2489E-11  0.2486E-11
CALSDV   55   20  0.2416E-11  0.2413E-11
CALSDV   56   20  0.2547E-11  0.2543E-11
CALSDV   57   20  0.2498E-11  0.2495E-11
CALSDV   58   20  0.2622E-11  0.2619E-11
CALSDV   59   20  0.2659E-11  0.2656E-11
CALSDV   60   20  0.2787E-11  0.2784E-11
CALSDV   21   21  0.3979E-11  0.3975E-11
CALSDV   22   21  0.4791E-11  0.4798E-11
CALSDV   23   21  0.4024E-11  0.4033E-11
CALSDV   24   21  0.2582E-11  0.2585E-11
CALSDV   25   21  0.3508E-11  0.3514E-11
CALSDV   26   21  0.2829E-11  0.2830E-11
CALSDV   27   21  0.2753E-11  0.2753E-11
CALSDV   28   21  0.2954E-11  0.2962E-11
CALSDV   29   21  0.2276E-11  0.2274E-11
CALSDV   30   21  0.2816E-11  0.2825E-11
CALSDV   31   21  0.2059E-11  0.2061E-11
CALSDV   32   21  0.2583E-11  0.2597E-11
CALSDV   33   21  0.1990E-11  0.1995E-11
CALSDV   34   21  0.2361E-11  0.2379E-11
CALSDV   35   21  0.1981E-11  0.1989E-11
CALSDV   36   21  0.2196E-11  0.2214E-11
CALSDV   37   21  0.1993E-11  0.2005E-11
CALSDV   38   21  0.2101E-11  0.2118E-11
CALSDV   39   21  0.2015E-11  0.2028E-11
CALSDV   40   21  0.2064E-11  0.2082E-11
CALSDV   41   21  0.2042E-11  0.2053E-11
CALSDV   42   21  0.2071E-11  0.2088E-11
CALSDV   43   21  0.2073E-11  0.2085E-11
CALSDV   44   21  0.2108E-11  0.2123E-11
CALSDV   45   21  0.2112E-11  0.2121E-11
CALSDV   46   21  0.2166E-11  0.2177E-11
CALSDV   47   21  0.2161E-11  0.2169E-11
CALSDV   48   21  0.2234E-11  0.2246E-11
CALSDV   49   21  0.2219E-11  0.2226E-11
CALSDV   50   21  0.2312E-11  0.2322E-11
CALSDV   51   21  0.2287E-11  0.2293E-11
CALSDV   52   21  0.2391E-11  0.2400E-11
CALSDV   53   21  0.2359E-11  0.2364E-11
CALSDV   54   21  0.2470E-11  0.2477E-11
CALSDV   55   21  0.2434E-11  0.2439E-11
CALSDV   56   21  0.2550E-11  0.2556E-11
CALSDV   57   21  0.2519E-11  0.2524E-11
CALSDV   58   21  0.2639E-11  0.2644E-11
CALSDV   59   21  0.2678E-11  0.2682E-11
CALSDV   60   21  0.2807E-11  0.2812E-11
CALSDV   22   22  0.3935E-11  0.3958E-11
CALSDV   23   22  0.4907E-11  0.4907E-11
CALSDV   24   22  0.4458E-11  0.4467E-11
CALSDV   25   22  0.2599E-11  0.2600E-11
CALSDV   26   22  0.3927E-11  0.3929E-11
CALSDV   27   22  0.2688E-11  0.2694E-11
CALSDV   28   22  0.2975E-11  0.2979E-11
CALSDV   29   22  0.2728E-11  0.2732E-11
CALSDV   30   22  0.2322E-11  0.2326E-11
CALSDV   31   22  0.2540E-11  0.2541E-11
CALSDV   32   22  0.2049E-11  0.2052E-11
CALSDV   33   22  0.2295E-11  0.2294E-11
CALSDV   34   22  0.2025E-11  0.2031E-11
CALSDV   35   22  0.2101E-11  0.2101E-11
CALSDV   36   22  0.2102E-11  0.2109E-11
CALSDV   37   22  0.1997E-11  0.1998E-11
CALSDV   38   22  0.2198E-11  0.2205E-11
CALSDV   39   22  0.1980E-11  0.1981E-11
CALSDV   40   22  0.2285E-11  0.2292E-11
CALSDV   41   22  0.2022E-11  0.2024E-11
CALSDV   42   22  0.2355E-11  0.2362E-11
CALSDV   43   22  0.2095E-11  0.2097E-11
CALSDV   44   22  0.2411E-11  0.2416E-11
CALSDV   45   22  0.2181E-11  0.2182E-11
CALSDV   46   22  0.2457E-11  0.2461E-11
CALSDV   47   22  0.2268E-11  0.2270E-11
CALSDV   48   22  0.2498E-11  0.2502E-11
CALSDV   49   22  0.2353E-11  0.2355E-11
CALSDV   50   22  0.2539E-11  0.2543E-11
CALSDV   51   22  0.2434E-11  0.2437E-11
CALSDV   52   22  0.2584E-11  0.2588E-11
CALSDV   53   22  0.2507E-11  0.2511E-11
CALSDV   54   22  0.2631E-11  0.2635E-11
CALSDV   55   22  0.2572E-11  0.2577E-11
CALSDV   56   22  0.2681E-11  0.2685E-11
CALSDV   57   22  0.2636E-11  0.2640E-11
CALSDV   58   22  0.2741E-11  0.2745E-11
CALSDV   59   22  0.2776E-11  0.2780E-11
CALSDV   60   22  0.2887E-11  0.2892E-11
CALSDV   23   23  0.3918E-11  0.3891E-11
CALSDV   24   23  0.4874E-11  0.4867E-11
CALSDV   25   23  0.4061E-11  0.4067E-11
CALSDV   26   23  0.2522E-11  0.2514E-11
CALSDV   27   23  0.3503E-11  0.3515E-11
CALSDV   28   23  0.2864E-11  0.2858E-11
CALSDV   29   23  0.2757E-11  0.2765E-11
CALSDV   30   23  0.3047E-11  0.3043E-11
CALSDV   31   23  0.2344E-11  0.2347E-11
CALSDV   32   23  0.2916E-11  0.2913E-11
CALSDV   33   23  0.2200E-11  0.2199E-11
CALSDV   34   23  0.2671E-11  0.2670E-11
CALSDV   35   23  0.2176E-11  0.2174E-11
CALSDV   36   23  0.2440E-11  0.2439E-11
CALSDV   37   23  0.2184E-11  0.2185E-11
CALSDV   38   23  0.2277E-11  0.2278E-11
CALSDV   39   23  0.2201E-11  0.2203E-11
CALSDV   40   23  0.2200E-11  0.2199E-11
CALSDV   41   23  0.2223E-11  0.2224E-11
CALSDV   42   23  0.2193E-11  0.2189E-11
CALSDV   43   23  0.2252E-11  0.2252E-11
CALSDV   44   23  0.2233E-11  0.2229E-11
CALSDV   45   23  0.2288E-11  0.2287E-11
CALSDV   46   23  0.2298E-11  0.2293E-11
CALSDV   47   23  0.2331E-11  0.2329E-11
CALSDV   48   23  0.2376E-11  0.2372E-11
CALSDV   49   23  0.2382E-11  0.2380E-11
CALSDV   50   23  0.2458E-11  0.2456E-11
CALSDV   51   23  0.2441E-11  0.2440E-11
CALSDV   52   23  0.2543E-11  0.2542E-11
CALSDV   53   23  0.2507E-11  0.2508E-11
CALSDV   54   23  0.2625E-11  0.2625E-11
CALSDV   55   23  0.2576E-11  0.2577E-11
CALSDV   56   23  0.2702E-11  0.2702E-11
CALSDV   57   23  0.2649E-11  0.2649E-11
CALSDV   58   23  0.2778E-11  0.2777E-11
CALSDV   59   23  0.2790E-11  0.2789E-11
CALSDV   60   23  0.2926E-11  0.2924E-11
CALSDV   24   24  0.3889E-11  0.3880E-11
CALSDV   25   24  0.4972E-11  0.4965E-11
CALSDV   26   24  0.4528E-11  0.4531E-11
CALSDV   27   24  0.2663E-11  0.2653E-11
CALSDV   28   24  0.3986E-11  0.3985E-11
CALSDV   29   24  0.2883E-11  0.2885E-11
CALSDV   30   24  0.3061E-11  0.3054E-11
CALSDV   31   24  0.2950E-11  0.2947E-11
CALSDV   32   24  0.2453E-11  0.2448E-11
CALSDV   33   24  0.2727E-11  0.2726E-11
CALSDV   34   24  0.2216E-11  0.2209E-11
CALSDV   35   24  0.2433E-11  0.2430E-11
CALSDV   36   24  0.2200E-11  0.2193E-11
CALSDV   37   24  0.2205E-11  0.2201E-11
CALSDV   38   24  0.2269E-11  0.2262E-11
CALSDV   39   24  0.2094E-11  0.2093E-11
CALSDV   40   24  0.2353E-11  0.2350E-11
CALSDV   41   24  0.2097E-11  0.2097E-11
CALSDV   42   24  0.2433E-11  0.2433E-11
CALSDV   43   24  0.2174E-11  0.2176E-11
CALSDV   44   24  0.2505E-11  0.2507E-11
CALSDV   45   24  0.2285E-11  0.2287E-11
CALSDV   46   24  0.2569E-11  0.2571E-11
CALSDV   47   24  0.2401E-11  0.2403E-11
CALSDV   48   24  0.2625E-11  0.2626E-11
CALSDV   49   24  0.2508E-11  0.2509E-11
CALSDV   50   24  0.2675E-11  0.2675E-11
CALSDV   51   24  0.2599E-11  0.2599E-11
CALSDV   52   24  0.2723E-11  0.2723E-11
CALSDV   53   24  0.2674E-11  0.2672E-11
CALSDV   54   24  0.2770E-11  0.2770E-11
CALSDV   55   24  0.2732E-11  0.2731E-11
CALSDV   56   24  0.2817E-11  0.2817E-11
CALSDV   57   24  0.2781E-11  0.2780E-11
CALSDV   58   24  0.2867E-11  0.2867E-11
CALSDV   59   24  0.2898E-11  0.2897E-11
CALSDV   60   24  0.2995E-11  0.2994E-11
CALSDV   25   25  0.3896E-11  0.3889E-11
CALSDV   26   25  0.5093E-11  0.5078E-11
CALSDV   27   25  0.4273E-11  0.4281E-11
CALSDV   28   25  0.2622E-11  0.2615E-11
CALSDV   29   25  0.3633E-11  0.3643E-11
CALSDV   30   25  0.2996E-11  0.2998E-11
CALSDV   31   25  0.2827E-11  0.2835E-11
CALSDV   32   25  0.3209E-11  0.3211E-11
CALSDV   33   25  0.2457E-11  0.2461E-11
CALSDV   34   25  0.3090E-11  0.3091E-11
CALSDV   35   25  0.2413E-11  0.2412E-11
CALSDV   36   25  0.2857E-11  0.2858E-11
CALSDV   37   25  0.2481E-11  0.2474E-11
CALSDV   38   25  0.2649E-11  0.2650E-11
CALSDV   39   25  0.2553E-11  0.2543E-11
CALSDV   40   25  0.2523E-11  0.2524E-11
CALSDV   41   25  0.2605E-11  0.2595E-11
CALSDV   42   25  0.2484E-11  0.2486E-11
CALSDV   43   25  0.2642E-11  0.2629E-11
CALSDV   44   25  0.2513E-11  0.2513E-11
CALSDV   45   25  0.2671E-11  0.2660E-11
CALSDV   46   25  0.2578E-11  0.2579E-11
CALSDV   47   25  0.2697E-11  0.2688E-11
CALSDV   48   25  0.2657E-11  0.2660E-11
CALSDV   49   25  0.2725E-11  0.2717E-11
CALSDV   50   25  0.2737E-11  0.2739E-11
CALSDV   51   25  0.2751E-11  0.2745E-11
CALSDV   52   25  0.2807E-11  0.2809E-11
CALSDV   53   25  0.2778E-11  0.2772E-11
CALSDV   54   25  0.2867E-11  0.2866E-11
CALSDV   55   25  0.2804E-11  0.2799E-11
CALSDV   56   25  0.2915E-11  0.2913E-11
CALSDV   57   25  0.2832E-11  0.2827E-11
CALSDV   58   25  0.2955E-11  0.2953E-11
CALSDV   59   25  0.2933E-11  0.2928E-11
CALSDV   60   25  0.3069E-11  0.3065E-11
CALSDV   26   26  0.3972E-11  0.4001E-11
CALSDV   27   26  0.5171E-11  0.5158E-11
CALSDV   28   26  0.4638E-11  0.4645E-11
CALSDV   29   26  0.2856E-11  0.2831E-11
CALSDV   30   26  0.4053E-11  0.4058E-11
CALSDV   31   26  0.3164E-11  0.3146E-11
CALSDV   32   26  0.3153E-11  0.3157E-11
CALSDV   33   26  0.3233E-11  0.3225E-11
CALSDV   34   26  0.2613E-11  0.2617E-11
CALSDV   35   26  0.2975E-11  0.2970E-11
CALSDV   36   26  0.2422E-11  0.2426E-11
CALSDV   37   26  0.2634E-11  0.2633E-11
CALSDV   38   26  0.2414E-11  0.2414E-11
CALSDV   39   26  0.2374E-11  0.2376E-11
CALSDV   40   26  0.2465E-11  0.2465E-11
CALSDV   41   26  0.2260E-11  0.2263E-11
CALSDV   42   26  0.2530E-11  0.2529E-11
CALSDV   43   26  0.2283E-11  0.2285E-11
CALSDV   44   26  0.2599E-11  0.2596E-11
CALSDV   45   26  0.2390E-11  0.2390E-11
CALSDV   46   26  0.2669E-11  0.2665E-11
CALSDV   47   26  0.2527E-11  0.2528E-11
CALSDV   48   26  0.2739E-11  0.2736E-11
CALSDV   49   26  0.2663E-11  0.2664E-11
CALSDV   50   26  0.2806E-11  0.2803E-11
CALSDV   51   26  0.2777E-11  0.2778E-11
CALSDV   52   26  0.2868E-11  0.2866E-11
CALSDV   53   26  0.2859E-11  0.2860E-11
CALSDV   54   26  0.2919E-11  0.2917E-11
CALSDV   55   26  0.2911E-11  0.2911E-11
CALSDV   56   26  0.2962E-11  0.2961E-11
CALSDV   57   26  0.2937E-11  0.2936E-11
CALSDV   58   26  0.2998E-11  0.2997E-11
CALSDV   59   26  0.3020E-11  0.3020E-11
CALSDV   60   26  0.3102E-11  0.3101E-11
CALSDV   27   27  0.3815E-11  0.3818E-11
CALSDV   28   27  0.5317E-11  0.5317E-11
CALSDV   29   27  0.4683E-11  0.4670E-11
CALSDV   30   27  0.2799E-11  0.2790E-11
CALSDV   31   27  0.3942E-11  0.3939E-11
CALSDV   32   27  0.3180E-11  0.3175E-11
CALSDV   33   27  0.2987E-11  0.2986E-11
CALSDV   34   27  0.3362E-11  0.3361E-11
CALSDV   35   27  0.2581E-11  0.2578E-11
CALSDV   36   27  0.3199E-11  0.3198E-11
CALSDV   37   27  0.2611E-11  0.2606E-11
CALSDV   38   27  0.2934E-11  0.2934E-11
CALSDV   39   27  0.2774E-11  0.2771E-11
CALSDV   40   27  0.2723E-11  0.2722E-11
CALSDV   41   27  0.2923E-11  0.2921E-11
CALSDV   42   27  0.2624E-11  0.2624E-11
CALSDV   43   27  0.3025E-11  0.3026E-11
CALSDV   44   27  0.2632E-11  0.2630E-11
CALSDV   45   27  0.3085E-11  0.3088E-11
CALSDV   46   27  0.2706E-11  0.2707E-11
CALSDV   47   27  0.3117E-11  0.3122E-11
CALSDV   48   27  0.2811E-11  0.2814E-11
CALSDV   49   27  0.3130E-11  0.3137E-11
CALSDV   50   27  0.2916E-11  0.2921E-11
CALSDV   51   27  0.3131E-11  0.3138E-11
CALSDV   52   27  0.3009E-11  0.3013E-11
CALSDV   53   27  0.3121E-11  0.3127E-11
CALSDV   54   27  0.3076E-11  0.3079E-11
CALSDV   55   27  0.3095E-11  0.3099E-11
CALSDV   56   27  0.3113E-11  0.3114E-11
CALSDV   57   27  0.3062E-11  0.3065E-11
CALSDV   58   27  0.3126E-11  0.3128E-11
CALSDV   59   27  0.3098E-11  0.3099E-11
CALSDV   60   27  0.3199E-11  0.3200E-11
CALSDV   28   28  0.4058E-11  0.4054E-11
CALSDV   29   28  0.5332E-11  0.5326E-11
CALSDV   30   28  0.4791E-11  0.4778E-11
CALSDV   31   28  0.2983E-11  0.2963E-11
CALSDV   32   28  0.4132E-11  0.4129E-11
CALSDV   33   28  0.3392E-11  0.3374E-11
CALSDV   34   28  0.3245E-11  0.3247E-11
CALSDV   35   28  0.3477E-11  0.3457E-11
CALSDV   36   28  0.2777E-11  0.2782E-11
CALSDV   37   28  0.3191E-11  0.3173E-11
CALSDV   38   28  0.2647E-11  0.2648E-11
CALSDV   39   28  0.2821E-11  0.2807E-11
CALSDV   40   28  0.2653E-11  0.2649E-11
CALSDV   41   28  0.2553E-11  0.2540E-11
CALSDV   42   28  0.2693E-11  0.2686E-11
CALSDV   43   28  0.2456E-11  0.2444E-11
CALSDV   44   28  0.2742E-11  0.2730E-11
CALSDV   45   28  0.2507E-11  0.2497E-11
CALSDV   46   28  0.2796E-11  0.2783E-11
CALSDV   47   28  0.2639E-11  0.2632E-11
CALSDV   48   28  0.2859E-11  0.2847E-11
CALSDV   49   28  0.2793E-11  0.2790E-11
CALSDV   50   28  0.2930E-11  0.2920E-11
CALSDV   51   28  0.2932E-11  0.2932E-11
CALSDV   52   28  0.3004E-11  0.2996E-11
CALSDV   53   28  0.3036E-11  0.3037E-11
CALSDV   54   28  0.3070E-11  0.3064E-11
CALSDV   55   28  0.3094E-11  0.3096E-11
CALSDV   56   28  0.3118E-11  0.3115E-11
CALSDV   57   28  0.3106E-11  0.3108E-11
CALSDV   58   28  0.3144E-11  0.3144E-11
CALSDV   59   28  0.3153E-11  0.3155E-11
CALSDV   60   28  0.3220E-11  0.3220E-11
CALSDV   29   29  0.3675E-11  0.3685E-11
CALSDV   30   29  0.5570E-11  0.5578E-11
CALSDV   31   29  0.4981E-11  0.4977E-11
CALSDV   32   29  0.3075E-11  0.3076E-11
CALSDV   33   29  0.4199E-11  0.4191E-11
CALSDV   34   29  0.3458E-11  0.3456E-11
CALSDV   35   29  0.3180E-11  0.3175E-11
CALSDV   36   29  0.3587E-11  0.3589E-11
CALSDV   37   29  0.2736E-11  0.2737E-11
CALSDV   38   29  0.3373E-11  0.3378E-11
CALSDV   39   29  0.2747E-11  0.2755E-11
CALSDV   40   29  0.3089E-11  0.3101E-11
CALSDV   41   29  0.2905E-11  0.2910E-11
CALSDV   42   29  0.2908E-11  0.2917E-11
CALSDV   43   29  0.3053E-11  0.3055E-11
CALSDV   44   29  0.2869E-11  0.2876E-11
CALSDV   45   29  0.3155E-11  0.3158E-11
CALSDV   46   29  0.2939E-11  0.2944E-11
CALSDV   47   29  0.3219E-11  0.3222E-11
CALSDV   48   29  0.3058E-11  0.3067E-11
CALSDV   49   29  0.3254E-11  0.3263E-11
CALSDV   50   29  0.3187E-11  0.3189E-11
CALSDV   51   29  0.3274E-11  0.3281E-11
CALSDV   52   29  0.3293E-11  0.3292E-11
CALSDV   53   29  0.3277E-11  0.3282E-11
CALSDV   54   29  0.3357E-11  0.3359E-11
CALSDV   55   29  0.3259E-11  0.3264E-11
CALSDV   56   29  0.3377E-11  0.3380E-11
CALSDV   57   29  0.3216E-11  0.3220E-11
CALSDV   58   29  0.3352E-11  0.3354E-11
CALSDV   59   29  0.3222E-11  0.3227E-11
CALSDV   60   29  0.3370E-11  0.3372E-11
CALSDV   30   30  0.4541E-11  0.4535E-11
CALSDV   31   30  0.5618E-11  0.5644E-11
CALSDV   32   30  0.5066E-11  0.5089E-11
CALSDV   33   30  0.3153E-11  0.3151E-11
CALSDV   34   30  0.4289E-11  0.4303E-11
CALSDV   35   30  0.3581E-11  0.3573E-11
CALSDV   36   30  0.3409E-11  0.3413E-11
CALSDV   37   30  0.3664E-11  0.3656E-11
CALSDV   38   30  0.3036E-11  0.3038E-11
CALSDV   39   30  0.3368E-11  0.3361E-11
CALSDV   40   30  0.2992E-11  0.2985E-11
CALSDV   41   30  0.3006E-11  0.3000E-11
CALSDV   42   30  0.3034E-11  0.3025E-11
CALSDV   43   30  0.2772E-11  0.2767E-11
CALSDV   44   30  0.3073E-11  0.3065E-11
CALSDV   45   30  0.2722E-11  0.2718E-11
CALSDV   46   30  0.3105E-11  0.3097E-11
CALSDV   47   30  0.2811E-11  0.2809E-11
CALSDV   48   30  0.3137E-11  0.3131E-11
CALSDV   49   30  0.2962E-11  0.2961E-11
CALSDV   50   30  0.3178E-11  0.3172E-11
CALSDV   51   30  0.3114E-11  0.3111E-11
CALSDV   52   30  0.3231E-11  0.3225E-11
CALSDV   53   30  0.3230E-11  0.3226E-11
CALSDV   54   30  0.3282E-11  0.3275E-11
CALSDV   55   30  0.3291E-11  0.3286E-11
CALSDV   56   30  0.3317E-11  0.3312E-11
CALSDV   57   30  0.3291E-11  0.3287E-11
CALSDV   58   30  0.3327E-11  0.3321E-11
CALSDV   59   30  0.3296E-11  0.3296E-11
CALSDV   60   30  0.3361E-11  0.3360E-11
CALSDV   31   31  0.3941E-11  0.3927E-11
CALSDV   32   31  0.5844E-11  0.5863E-11
CALSDV   33   31  0.5192E-11  0.5169E-11
CALSDV   34   31  0.3402E-11  0.3416E-11
CALSDV   35   31  0.4457E-11  0.4450E-11
CALSDV   36   31  0.3805E-11  0.3816E-11
CALSDV   37   31  0.3483E-11  0.3481E-11
CALSDV   38   31  0.3865E-11  0.3873E-11
CALSDV   39   31  0.3018E-11  0.3020E-11
CALSDV   40   31  0.3578E-11  0.3580E-11
CALSDV   41   31  0.2941E-11  0.2939E-11
CALSDV   42   31  0.3261E-11  0.3262E-11
CALSDV   43   31  0.2997E-11  0.2992E-11
CALSDV   44   31  0.3098E-11  0.3098E-11
CALSDV   45   31  0.3071E-11  0.3063E-11
CALSDV   46   31  0.3113E-11  0.3111E-11
CALSDV   47   31  0.3138E-11  0.3128E-11
CALSDV   48   31  0.3239E-11  0.3237E-11
CALSDV   49   31  0.3199E-11  0.3188E-11
CALSDV   50   31  0.3398E-11  0.3394E-11
CALSDV   51   31  0.3255E-11  0.3245E-11
CALSDV   52   31  0.3532E-11  0.3528E-11
CALSDV   53   31  0.3302E-11  0.3293E-11
CALSDV   54   31  0.3613E-11  0.3611E-11
CALSDV   55   31  0.3326E-11  0.3321E-11
CALSDV   56   31  0.3628E-11  0.3629E-11
CALSDV   57   31  0.3315E-11  0.3313E-11
CALSDV   58   31  0.3578E-11  0.3580E-11
CALSDV   59   31  0.3318E-11  0.3318E-11
CALSDV   60   31  0.3541E-11  0.3543E-11
CALSDV   32   32  0.4011E-11  0.4015E-11
CALSDV   33   32  0.5715E-11  0.5707E-11
CALSDV   34   32  0.5194E-11  0.5203E-11
CALSDV   35   32  0.3312E-11  0.3309E-11
CALSDV   36   32  0.4365E-11  0.4378E-11
CALSDV   37   32  0.3868E-11  0.3868E-11
CALSDV   38   32  0.3463E-11  0.3469E-11
CALSDV   39   32  0.3928E-11  0.3920E-11
CALSDV   40   32  0.3127E-11  0.3129E-11
CALSDV   41   32  0.3566E-11  0.3555E-11
CALSDV   42   32  0.3110E-11  0.3117E-11
CALSDV   43   32  0.3153E-11  0.3141E-11
CALSDV   44   32  0.3163E-11  0.3170E-11
CALSDV   45   32  0.2912E-11  0.2902E-11
CALSDV   46   32  0.3207E-11  0.3210E-11
CALSDV   47   32  0.2894E-11  0.2883E-11
CALSDV   48   32  0.3243E-11  0.3246E-11
CALSDV   49   32  0.3024E-11  0.3013E-11
CALSDV   50   32  0.3288E-11  0.3292E-11
CALSDV   51   32  0.3199E-11  0.3196E-11
CALSDV   52   32  0.3346E-11  0.3351E-11
CALSDV   53   32  0.3351E-11  0.3351E-11
CALSDV   54   32  0.3408E-11  0.3414E-11
CALSDV   55   32  0.3439E-11  0.3440E-11
CALSDV   56   32  0.3456E-11  0.3462E-11
CALSDV   57   32  0.3445E-11  0.3448E-11
CALSDV   58   32  0.3468E-11  0.3472E-11
CALSDV   59   32  0.3428E-11  0.3430E-11
CALSDV   60   32  0.3485E-11  0.3487E-11
CALSDV   33   33  0.4112E-11  0.4117E-11
CALSDV   34   33  0.5894E-11  0.5893E-11
CALSDV   35   33  0.5607E-11  0.5624E-11
CALSDV   36   33  0.3403E-11  0.3409E-11
CALSDV   37   33  0.4691E-11  0.4703E-11
CALSDV   38   33  0.3937E-11  0.3940E-11
CALSDV   39   33  0.3534E-11  0.3538E-11
CALSDV   40   33  0.3978E-11  0.3984E-11
CALSDV   41   33  0.3100E-11  0.3096E-11
CALSDV   42   33  0.3622E-11  0.3626E-11
CALSDV   43   33  0.3210E-11  0.3204E-11
CALSDV   44   33  0.3253E-11  0.3252E-11
CALSDV   45   33  0.3454E-11  0.3451E-11
CALSDV   46   33  0.3086E-11  0.3084E-11
CALSDV   47   33  0.3659E-11  0.3655E-11
CALSDV   48   33  0.3137E-11  0.3135E-11
CALSDV   49   33  0.3787E-11  0.3784E-11
CALSDV   50   33  0.3312E-11  0.3311E-11
CALSDV   51   33  0.3844E-11  0.3843E-11
CALSDV   52   33  0.3508E-11  0.3510E-11
CALSDV   53   33  0.3842E-11  0.3842E-11
CALSDV   54   33  0.3658E-11  0.3659E-11
CALSDV   55   33  0.3785E-11  0.3784E-11
CALSDV   56   33  0.3728E-11  0.3729E-11
CALSDV   57   33  0.3670E-11  0.3669E-11
CALSDV   58   33  0.3705E-11  0.3706E-11
CALSDV   59   33  0.3556E-11  0.3555E-11
CALSDV   60   33  0.3655E-11  0.3655E-11
CALSDV   34   34  0.3957E-11  0.3967E-11
CALSDV   35   34  0.5846E-11  0.5840E-11
CALSDV   36   34  0.5442E-11  0.5434E-11
CALSDV   37   34  0.3467E-11  0.3464E-11
CALSDV   38   34  0.4525E-11  0.4515E-11
CALSDV   39   34  0.4147E-11  0.4149E-11
CALSDV   40   34  0.3592E-11  0.3588E-11
CALSDV   41   34  0.4208E-11  0.4209E-11
CALSDV   42   34  0.3287E-11  0.3280E-11
CALSDV   43   34  0.3830E-11  0.3828E-11
CALSDV   44   34  0.3295E-11  0.3286E-11
CALSDV   45   34  0.3431E-11  0.3423E-11
CALSDV   46   34  0.3350E-11  0.3339E-11
CALSDV   47   34  0.3237E-11  0.3224E-11
CALSDV   48   34  0.3390E-11  0.3375E-11
CALSDV   49   34  0.3264E-11  0.3250E-11
CALSDV   50   34  0.3432E-11  0.3414E-11
CALSDV   51   34  0.3410E-11  0.3398E-11
CALSDV   52   34  0.3491E-11  0.3476E-11
CALSDV   53   34  0.3569E-11  0.3557E-11
CALSDV   54   34  0.3561E-11  0.3548E-11
CALSDV   55   34  0.3663E-11  0.3655E-11
CALSDV   56   34  0.3619E-11  0.3609E-11
CALSDV   57   34  0.3658E-11  0.3650E-11
CALSDV   58   34  0.3632E-11  0.3624E-11
CALSDV   59   34  0.3592E-11  0.3587E-11
CALSDV   60   34  0.3620E-11  0.3616E-11
CALSDV   35   35  0.4132E-11  0.4131E-11
CALSDV   36   35  0.6071E-11  0.6085E-11
CALSDV   37   35  0.5978E-11  0.5987E-11
CALSDV   38   35  0.3591E-11  0.3599E-11
CALSDV   39   35  0.4974E-11  0.4984E-11
CALSDV   40   35  0.4212E-11  0.4214E-11
CALSDV   41   35  0.3756E-11  0.3758E-11
CALSDV   42   35  0.4217E-11  0.4214E-11
CALSDV   43   35  0.3311E-11  0.3309E-11
CALSDV   44   35  0.3807E-11  0.3801E-11
CALSDV   45   35  0.3423E-11  0.3422E-11
CALSDV   46   35  0.3436E-11  0.3429E-11
CALSDV   47   35  0.3666E-11  0.3668E-11
CALSDV   48   35  0.3323E-11  0.3316E-11
CALSDV   49   35  0.3863E-11  0.3866E-11
CALSDV   50   35  0.3443E-11  0.3438E-11
CALSDV   51   35  0.3980E-11  0.3985E-11
CALSDV   52   35  0.3661E-11  0.3658E-11
CALSDV   53   35  0.4021E-11  0.4025E-11
CALSDV   54   35  0.3854E-11  0.3852E-11
CALSDV   55   35  0.3986E-11  0.3989E-11
CALSDV   56   35  0.3954E-11  0.3953E-11
CALSDV   57   35  0.3868E-11  0.3870E-11
CALSDV   58   35  0.3928E-11  0.3928E-11
CALSDV   59   35  0.3710E-11  0.3712E-11
CALSDV   60   35  0.3827E-11  0.3828E-11
CALSDV   36   36  0.4139E-11  0.4158E-11
CALSDV   37   36  0.6028E-11  0.6034E-11
CALSDV   38   36  0.5734E-11  0.5734E-11
CALSDV   39   36  0.3659E-11  0.3658E-11
CALSDV   40   36  0.4709E-11  0.4714E-11
CALSDV   41   36  0.4437E-11  0.4432E-11
CALSDV   42   36  0.3760E-11  0.3762E-11
CALSDV   43   36  0.4499E-11  0.4491E-11
CALSDV   44   36  0.3509E-11  0.3506E-11
CALSDV   45   36  0.4129E-11  0.4116E-11
CALSDV   46   36  0.3561E-11  0.3558E-11
CALSDV   47   36  0.3781E-11  0.3763E-11
CALSDV   48   36  0.3635E-11  0.3628E-11
CALSDV   49   36  0.3658E-11  0.3640E-11
CALSDV   50   36  0.3681E-11  0.3676E-11
CALSDV   51   36  0.3723E-11  0.3713E-11
CALSDV   52   36  0.3729E-11  0.3721E-11
CALSDV   53   36  0.3860E-11  0.3846E-11
CALSDV   54   36  0.3788E-11  0.3781E-11
CALSDV   55   36  0.3939E-11  0.3942E-11
CALSDV   56   36  0.3835E-11  0.3832E-11
CALSDV   57   36  0.3914E-11  0.3909E-11
CALSDV   58   36  0.3834E-11  0.3830E-11
CALSDV   59   36  0.3783E-11  0.3779E-11
CALSDV   60   36  0.3779E-11  0.3779E-11
CALSDV   37   37  0.3972E-11  0.3991E-11
CALSDV   38   37  0.6256E-11  0.6251E-11
CALSDV   39   37  0.6330E-11  0.6336E-11
CALSDV   40   37  0.3793E-11  0.3792E-11
CALSDV   41   37  0.5223E-11  0.5230E-11
CALSDV   42   37  0.4485E-11  0.4474E-11
CALSDV   43   37  0.3951E-11  0.3947E-11
CALSDV   44   37  0.4423E-11  0.4415E-11
CALSDV   45   37  0.3508E-11  0.3502E-11
CALSDV   46   37  0.3948E-11  0.3942E-11
CALSDV   47   37  0.3622E-11  0.3618E-11
CALSDV   48   37  0.3579E-11  0.3572E-11
CALSDV   49   37  0.3853E-11  0.3853E-11
CALSDV   50   37  0.3530E-11  0.3524E-11
CALSDV   51   37  0.4033E-11  0.4038E-11
CALSDV   52   37  0.3718E-11  0.3716E-11
CALSDV   53   37  0.4132E-11  0.4138E-11
CALSDV   54   37  0.3961E-11  0.3959E-11
CALSDV   55   37  0.4141E-11  0.4148E-11
CALSDV   56   37  0.4120E-11  0.4121E-11
CALSDV   57   37  0.4045E-11  0.4049E-11
CALSDV   58   37  0.4126E-11  0.4126E-11
CALSDV   59   37  0.3864E-11  0.3862E-11
CALSDV   60   37  0.3998E-11  0.3994E-11
CALSDV   38   38  0.4257E-11  0.4258E-11
CALSDV   39   38  0.6234E-11  0.6241E-11
CALSDV   40   38  0.6026E-11  0.6005E-11
CALSDV   41   38  0.3893E-11  0.3888E-11
CALSDV   42   38  0.4908E-11  0.4881E-11
CALSDV   43   38  0.4727E-11  0.4714E-11
CALSDV   44   38  0.3949E-11  0.3931E-11
CALSDV   45   38  0.4756E-11  0.4750E-11
CALSDV   46   38  0.3739E-11  0.3733E-11
CALSDV   47   38  0.4387E-11  0.4388E-11
CALSDV   48   38  0.3819E-11  0.3804E-11
CALSDV   49   38  0.4100E-11  0.4109E-11
CALSDV   50   38  0.3895E-11  0.3880E-11
CALSDV   51   38  0.4048E-11  0.4065E-11
CALSDV   52   38  0.3941E-11  0.3932E-11
CALSDV   53   38  0.4144E-11  0.4158E-11
CALSDV   54   38  0.3988E-11  0.3984E-11
CALSDV   55   38  0.4227E-11  0.4236E-11
CALSDV   56   38  0.4033E-11  0.4031E-11
CALSDV   57   38  0.4182E-11  0.4187E-11
CALSDV   58   38  0.4030E-11  0.4025E-11
CALSDV   59   38  0.3991E-11  0.3992E-11
CALSDV   60   38  0.3944E-11  0.3940E-11
CALSDV   39   39  0.4081E-11  0.4086E-11
CALSDV   40   39  0.6440E-11  0.6439E-11
CALSDV   41   39  0.6703E-11  0.6721E-11
CALSDV   42   39  0.4077E-11  0.4069E-11
CALSDV   43   39  0.5457E-11  0.5482E-11
CALSDV   44   39  0.4794E-11  0.4791E-11
CALSDV   45   39  0.4125E-11  0.4132E-11
CALSDV   46   39  0.4634E-11  0.4633E-11
CALSDV   47   39  0.3721E-11  0.3722E-11
CALSDV   48   39  0.4087E-11  0.4086E-11
CALSDV   49   39  0.3882E-11  0.3887E-11
CALSDV   50   39  0.3737E-11  0.3742E-11
CALSDV   51   39  0.4132E-11  0.4141E-11
CALSDV   52   39  0.3774E-11  0.3779E-11
CALSDV   53   39  0.4303E-11  0.4312E-11
CALSDV   54   39  0.4026E-11  0.4026E-11
CALSDV   55   39  0.4357E-11  0.4364E-11
CALSDV   56   39  0.4256E-11  0.4251E-11
CALSDV   57   39  0.4271E-11  0.4276E-11
CALSDV   58   39  0.4314E-11  0.4309E-11
CALSDV   59   39  0.4047E-11  0.4048E-11
CALSDV   60   39  0.4172E-11  0.4168E-11
CALSDV   40   40  0.4532E-11  0.4521E-11
CALSDV   41   40  0.6529E-11  0.6542E-11
CALSDV   42   40  0.6565E-11  0.6577E-11
CALSDV   43   40  0.4210E-11  0.4207E-11
CALSDV   44   40  0.5256E-11  0.5256E-11
CALSDV   45   40  0.5052E-11  0.5048E-11
CALSDV   46   40  0.4169E-11  0.4170E-11
CALSDV   47   40  0.5076E-11  0.5076E-11
CALSDV   48   40  0.4045E-11  0.4049E-11
CALSDV   49   40  0.4773E-11  0.4771E-11
CALSDV   50   40  0.4272E-11  0.4282E-11
CALSDV   51   40  0.4595E-11  0.4593E-11
CALSDV   52   40  0.4462E-11  0.4475E-11
CALSDV   53   40  0.4605E-11  0.4600E-11
CALSDV   54   40  0.4547E-11  0.4564E-11
CALSDV   55   40  0.4644E-11  0.4638E-11
CALSDV   56   40  0.4546E-11  0.4560E-11
CALSDV   57   40  0.4552E-11  0.4543E-11
CALSDV   58   40  0.4445E-11  0.4449E-11
CALSDV   59   40  0.4256E-11  0.4252E-11
CALSDV   60   40  0.4221E-11  0.4223E-11
CALSDV   41   41  0.4350E-11  0.4394E-11
CALSDV   42   41  0.6735E-11  0.6730E-11
CALSDV   43   41  0.7123E-11  0.7132E-11
CALSDV   44   41  0.4517E-11  0.4521E-11
CALSDV   45   41  0.5712E-11  0.5712E-11
CALSDV   46   41  0.5226E-11  0.5218E-11
CALSDV   47   41  0.4325E-11  0.4328E-11
CALSDV   48   41  0.4958E-11  0.4941E-11
CALSDV   49   41  0.4009E-11  0.4015E-11
CALSDV   50   41  0.4357E-11  0.4337E-11
CALSDV   51   41  0.4241E-11  0.4248E-11
CALSDV   52   41  0.4054E-11  0.4036E-11
CALSDV   53   41  0.4499E-11  0.4507E-11
CALSDV   54   41  0.4158E-11  0.4145E-11
CALSDV   55   41  0.4614E-11  0.4619E-11
CALSDV   56   41  0.4399E-11  0.4391E-11
CALSDV   57   41  0.4540E-11  0.4543E-11
CALSDV   58   41  0.4505E-11  0.4502E-11
CALSDV   59   41  0.4262E-11  0.4264E-11
CALSDV   60   41  0.4355E-11  0.4354E-11
CALSDV   42   42  0.4753E-11  0.4742E-11
CALSDV   43   42  0.6885E-11  0.6900E-11
CALSDV   44   42  0.7338E-11  0.7364E-11
CALSDV   45   42  0.4588E-11  0.4613E-11
CALSDV   46   42  0.5738E-11  0.5749E-11
CALSDV   47   42  0.5361E-11  0.5374E-11
CALSDV   48   42  0.4421E-11  0.4419E-11
CALSDV   49   42  0.5303E-11  0.5313E-11
CALSDV   50   42  0.4426E-11  0.4415E-11
CALSDV   51   42  0.5000E-11  0.5004E-11
CALSDV   52   42  0.4891E-11  0.4875E-11
CALSDV   53   42  0.4874E-11  0.4876E-11
CALSDV   54   42  0.5204E-11  0.5195E-11
CALSDV   55   42  0.4886E-11  0.4886E-11
CALSDV   56   42  0.5253E-11  0.5250E-11
CALSDV   57   42  0.4806E-11  0.4807E-11
CALSDV   58   42  0.5048E-11  0.5047E-11
CALSDV   59   42  0.4477E-11  0.4478E-11
CALSDV   60   42  0.4615E-11  0.4617E-11
CALSDV   43   43  0.4659E-11  0.4651E-11
CALSDV   44   43  0.6976E-11  0.6987E-11
CALSDV   45   43  0.7582E-11  0.7576E-11
CALSDV   46   43  0.4906E-11  0.4916E-11
CALSDV   47   43  0.5925E-11  0.5918E-11
CALSDV   48   43  0.5579E-11  0.5582E-11
CALSDV   49   43  0.4518E-11  0.4517E-11
CALSDV   50   43  0.5197E-11  0.5193E-11
CALSDV   51   43  0.4362E-11  0.4364E-11
CALSDV   52   43  0.4586E-11  0.4576E-11
CALSDV   53   43  0.4684E-11  0.4694E-11
CALSDV   54   43  0.4379E-11  0.4369E-11
CALSDV   55   43  0.4906E-11  0.4917E-11
CALSDV   56   43  0.4540E-11  0.4533E-11
CALSDV   57   43  0.4864E-11  0.4874E-11
CALSDV   58   43  0.4691E-11  0.4687E-11
CALSDV   59   43  0.4523E-11  0.4528E-11
CALSDV   60   43  0.4548E-11  0.4547E-11
CALSDV   44   44  0.4815E-11  0.4811E-11
CALSDV   45   44  0.7316E-11  0.7321E-11
CALSDV   46   44  0.7923E-11  0.7927E-11
CALSDV   47   44  0.5073E-11  0.5071E-11
CALSDV   48   44  0.6051E-11  0.6057E-11
CALSDV   49   44  0.5762E-11  0.5759E-11
CALSDV   50   44  0.4642E-11  0.4639E-11
CALSDV   51   44  0.5631E-11  0.5636E-11
CALSDV   52   44  0.4786E-11  0.4781E-11
CALSDV   53   44  0.5340E-11  0.5343E-11
CALSDV   54   44  0.5339E-11  0.5336E-11
CALSDV   55   44  0.5219E-11  0.5224E-11
CALSDV   56   44  0.5607E-11  0.5606E-11
CALSDV   57   44  0.5106E-11  0.5112E-11
CALSDV   58   44  0.5461E-11  0.5467E-11
CALSDV   59   44  0.4729E-11  0.4732E-11
CALSDV   60   44  0.4942E-11  0.4945E-11
CALSDV   45   45  0.5211E-11  0.5254E-11
CALSDV   46   45  0.7308E-11  0.7284E-11
CALSDV   47   45  0.8137E-11  0.8109E-11
CALSDV   48   45  0.5305E-11  0.5278E-11
CALSDV   49   45  0.6152E-11  0.6157E-11
CALSDV   50   45  0.5875E-11  0.5895E-11
CALSDV   51   45  0.4865E-11  0.4872E-11
CALSDV   52   45  0.5399E-11  0.5455E-11
CALSDV   53   45  0.5016E-11  0.5019E-11
CALSDV   54   45  0.4862E-11  0.4923E-11
CALSDV   55   45  0.5391E-11  0.5404E-11
CALSDV   56   45  0.4782E-11  0.4831E-11
CALSDV   57   45  0.5396E-11  0.5411E-11
CALSDV   58   45  0.4897E-11  0.4936E-11
CALSDV   59   45  0.4924E-11  0.4928E-11
CALSDV   60   45  0.4761E-11  0.4777E-11
CALSDV   46   46  0.5252E-11  0.5215E-11
CALSDV   47   46  0.7933E-11  0.7889E-11
CALSDV   48   46  0.8404E-11  0.8420E-11
CALSDV   49   46  0.5741E-11  0.5695E-11
CALSDV   50   46  0.6447E-11  0.6465E-11
CALSDV   51   46  0.6388E-11  0.6325E-11
CALSDV   52   46  0.5050E-11  0.5072E-11
CALSDV   53   46  0.6210E-11  0.6143E-11
CALSDV   54   46  0.5149E-11  0.5170E-11
CALSDV   55   46  0.5855E-11  0.5803E-11
CALSDV   56   46  0.5549E-11  0.5582E-11
CALSDV   57   46  0.5546E-11  0.5525E-11
CALSDV   58   46  0.5594E-11  0.5628E-11
CALSDV   59   46  0.5038E-11  0.5034E-11
CALSDV   60   46  0.5141E-11  0.5159E-11
CALSDV   47   47  0.5106E-11  0.5112E-11
CALSDV   48   47  0.7570E-11  0.7572E-11
CALSDV   49   47  0.8518E-11  0.8476E-11
CALSDV   50   47  0.5750E-11  0.5732E-11
CALSDV   51   47  0.6205E-11  0.6196E-11
CALSDV   52   47  0.6220E-11  0.6210E-11
CALSDV   53   47  0.5081E-11  0.5064E-11
CALSDV   54   47  0.5699E-11  0.5680E-11
CALSDV   55   47  0.5438E-11  0.5421E-11
CALSDV   56   47  0.5265E-11  0.5239E-11
CALSDV   57   47  0.5690E-11  0.5683E-11
CALSDV   58   47  0.5199E-11  0.5186E-11
CALSDV   59   47  0.5267E-11  0.5260E-11
CALSDV   60   47  0.5015E-11  0.5010E-11
CALSDV   48   48  0.4949E-11  0.4987E-11
CALSDV   49   48  0.8075E-11  0.8049E-11
CALSDV   50   48  0.8843E-11  0.8845E-11
CALSDV   51   48  0.5831E-11  0.5831E-11
CALSDV   52   48  0.6291E-11  0.6294E-11
CALSDV   53   48  0.6177E-11  0.6169E-11
CALSDV   54   48  0.5126E-11  0.5122E-11
CALSDV   55   48  0.5861E-11  0.5852E-11
CALSDV   56   48  0.5702E-11  0.5696E-11
CALSDV   57   48  0.5572E-11  0.5561E-11
CALSDV   58   48  0.6084E-11  0.6077E-11
CALSDV   59   48  0.5182E-11  0.5175E-11
CALSDV   60   48  0.5629E-11  0.5627E-11
CALSDV   49   49  0.4693E-11  0.4740E-11
CALSDV   50   49  0.7861E-11  0.7879E-11
CALSDV   51   49  0.8757E-11  0.8760E-11
CALSDV   52   49  0.6138E-11  0.6157E-11
CALSDV   53   49  0.6049E-11  0.6038E-11
CALSDV   54   49  0.6595E-11  0.6639E-11
CALSDV   55   49  0.5242E-11  0.5227E-11
CALSDV   56   49  0.6129E-11  0.6181E-11
CALSDV   57   49  0.5710E-11  0.5701E-11
CALSDV   58   49  0.5742E-11  0.5780E-11
CALSDV   59   49  0.5537E-11  0.5535E-11
CALSDV   60   49  0.5365E-11  0.5380E-11
CALSDV   50   50  0.4838E-11  0.4844E-11
CALSDV   51   50  0.8672E-11  0.8650E-11
CALSDV   52   50  0.9208E-11  0.9223E-11
CALSDV   53   50  0.6295E-11  0.6296E-11
CALSDV   54   50  0.6217E-11  0.6234E-11
CALSDV   55   50  0.6776E-11  0.6765E-11
CALSDV   56   50  0.5455E-11  0.5459E-11
CALSDV   57   50  0.6520E-11  0.6508E-11
CALSDV   58   50  0.6089E-11  0.6086E-11
CALSDV   59   50  0.5778E-11  0.5771E-11
CALSDV   60   50  0.5915E-11  0.5915E-11
CALSDV   51   51  0.4520E-11  0.4489E-11
CALSDV   52   51  0.8592E-11  0.8560E-11
CALSDV   53   51  0.8868E-11  0.8867E-11
CALSDV   54   51  0.6697E-11  0.6680E-11
CALSDV   55   51  0.5972E-11  0.5969E-11
CALSDV   56   51  0.7266E-11  0.7217E-11
CALSDV   57   51  0.5660E-11  0.5656E-11
CALSDV   58   51  0.6877E-11  0.6823E-11
CALSDV   59   51  0.5829E-11  0.5829E-11
CALSDV   60   51  0.6037E-11  0.6006E-11
CALSDV   52   52  0.4568E-11  0.4560E-11
CALSDV   53   52  0.8992E-11  0.8991E-11
CALSDV   54   52  0.9227E-11  0.9237E-11
CALSDV   55   52  0.6640E-11  0.6654E-11
CALSDV   56   52  0.6030E-11  0.6038E-11
CALSDV   57   52  0.7234E-11  0.7250E-11
CALSDV   58   52  0.5820E-11  0.5835E-11
CALSDV   59   52  0.6491E-11  0.6503E-11
CALSDV   60   52  0.6128E-11  0.6135E-11
CALSDV   53   53  0.3973E-11  0.3970E-11
CALSDV   54   53  0.9040E-11  0.9088E-11
CALSDV   55   53  0.8686E-11  0.8674E-11
CALSDV   56   53  0.7139E-11  0.7209E-11
CALSDV   57   53  0.6004E-11  0.6023E-11
CALSDV   58   53  0.7742E-11  0.7911E-11
CALSDV   59   53  0.6004E-11  0.6016E-11
CALSDV   60   53  0.6835E-11  0.6955E-11
CALSDV   54   54  0.4284E-11  0.4325E-11
CALSDV   55   54  0.8635E-11  0.8644E-11
CALSDV   56   54  0.8826E-11  0.8851E-11
CALSDV   57   54  0.7163E-11  0.7168E-11
CALSDV   58   54  0.5912E-11  0.5928E-11
CALSDV   59   54  0.7328E-11  0.7324E-11
CALSDV   60   54  0.6202E-11  0.6217E-11
CALSDV   55   55  0.4451E-11  0.4488E-11
CALSDV   56   55  0.8964E-11  0.8975E-11
CALSDV   57   55  0.8733E-11  0.8740E-11
CALSDV   58   55  0.7925E-11  0.7923E-11
CALSDV   59   55  0.6728E-11  0.6737E-11
CALSDV   60   55  0.8032E-11  0.8041E-11
CALSDV   56   56  0.4619E-11  0.4559E-11
CALSDV   57   56  0.7663E-11  0.7667E-11
CALSDV   58   56  0.8713E-11  0.8701E-11
CALSDV   59   56  0.8017E-11  0.8006E-11
CALSDV   60   56  0.6690E-11  0.6682E-11
CALSDV   57   57  0.5301E-11  0.5252E-11
CALSDV   58   57  0.7849E-11  0.7837E-11
CALSDV   59   57  0.9571E-11  0.9571E-11
CALSDV   60   57  0.8469E-11  0.8468E-11
CALSDV   58   58  0.5177E-11  0.5206E-11
CALSDV   59   58  0.6521E-11  0.6497E-11
CALSDV   60   58  0.9574E-11  0.9652E-11
CALSDV   59   59  0.4370E-11  0.4367E-11
CALSDV   60   59  0.6510E-11  0.6542E-11
CALSDV   60   60  0.5311E-11  0.5341E-11
