  This file contains calibrated standard deviations 
       The relevant data lines start with key CALSDV 
       Each such line contains the following data 
           N   M   C_SIGMA   S_SIGMA 
                 FOR M=0 S_SIGMA=0.0 
     
CALSDV    0    0  0.0000E+00  0.0000E+00
CALSDV    1    0  0.0000E+00  0.0000E+00
CALSDV    2    0  0.3533E-10  0.0000E+00
CALSDV    3    0  0.8178E-11  0.0000E+00
CALSDV    4    0  0.3068E-11  0.0000E+00
CALSDV    5    0  0.2035E-11  0.0000E+00
CALSDV    6    0  0.1548E-11  0.0000E+00
CALSDV    7    0  0.1250E-11  0.0000E+00
CALSDV    8    0  0.1059E-11  0.0000E+00
CALSDV    9    0  0.9235E-12  0.0000E+00
CALSDV   10    0  0.8229E-12  0.0000E+00
CALSDV   11    0  0.7481E-12  0.0000E+00
CALSDV   12    0  0.6906E-12  0.0000E+00
CALSDV   13    0  0.6457E-12  0.0000E+00
CALSDV   14    0  0.6107E-12  0.0000E+00
CALSDV   15    0  0.5829E-12  0.0000E+00
CALSDV   16    0  0.5605E-12  0.0000E+00
CALSDV   17    0  0.5434E-12  0.0000E+00
CALSDV   18    0  0.5294E-12  0.0000E+00
CALSDV   19    0  0.5193E-12  0.0000E+00
CALSDV   20    0  0.5115E-12  0.0000E+00
CALSDV   21    0  0.5064E-12  0.0000E+00
CALSDV   22    0  0.5034E-12  0.0000E+00
CALSDV   23    0  0.5022E-12  0.0000E+00
CALSDV   24    0  0.5027E-12  0.0000E+00
CALSDV   25    0  0.5048E-12  0.0000E+00
CALSDV   26    0  0.5085E-12  0.0000E+00
CALSDV   27    0  0.5136E-12  0.0000E+00
CALSDV   28    0  0.5198E-12  0.0000E+00
CALSDV   29    0  0.5277E-12  0.0000E+00
CALSDV   30    0  0.5365E-12  0.0000E+00
CALSDV   31    0  0.5470E-12  0.0000E+00
CALSDV   32    0  0.5584E-12  0.0000E+00
CALSDV   33    0  0.5713E-12  0.0000E+00
CALSDV   34    0  0.5852E-12  0.0000E+00
CALSDV   35    0  0.6008E-12  0.0000E+00
CALSDV   36    0  0.6173E-12  0.0000E+00
CALSDV   37    0  0.6356E-12  0.0000E+00
CALSDV   38    0  0.6552E-12  0.0000E+00
CALSDV   39    0  0.6763E-12  0.0000E+00
CALSDV   40    0  0.6989E-12  0.0000E+00
CALSDV   41    0  0.7232E-12  0.0000E+00
CALSDV   42    0  0.7492E-12  0.0000E+00
CALSDV   43    0  0.7769E-12  0.0000E+00
CALSDV   44    0  0.8065E-12  0.0000E+00
CALSDV   45    0  0.8382E-12  0.0000E+00
CALSDV   46    0  0.8718E-12  0.0000E+00
CALSDV   47    0  0.9078E-12  0.0000E+00
CALSDV   48    0  0.9460E-12  0.0000E+00
CALSDV   49    0  0.9865E-12  0.0000E+00
CALSDV   50    0  0.1030E-11  0.0000E+00
CALSDV   51    0  0.1076E-11  0.0000E+00
CALSDV   52    0  0.1125E-11  0.0000E+00
CALSDV   53    0  0.1176E-11  0.0000E+00
CALSDV   54    0  0.1232E-11  0.0000E+00
CALSDV   55    0  0.1289E-11  0.0000E+00
CALSDV   56    0  0.1352E-11  0.0000E+00
CALSDV   57    0  0.1411E-11  0.0000E+00
CALSDV   58    0  0.1477E-11  0.0000E+00
CALSDV   59    0  0.1405E-11  0.0000E+00
CALSDV   60    0  0.1452E-11  0.0000E+00
CALSDV    1    1  0.0000E+00  0.0000E+00
CALSDV    2    1  0.2257E-10  0.2275E-10
CALSDV    3    1  0.6319E-11  0.6367E-11
CALSDV    4    1  0.3170E-11  0.3171E-11
CALSDV    5    1  0.2156E-11  0.2151E-11
CALSDV    6    1  0.1618E-11  0.1612E-11
CALSDV    7    1  0.1301E-11  0.1296E-11
CALSDV    8    1  0.1094E-11  0.1089E-11
CALSDV    9    1  0.9482E-12  0.9434E-12
CALSDV   10    1  0.8431E-12  0.8393E-12
CALSDV   11    1  0.7641E-12  0.7595E-12
CALSDV   12    1  0.7035E-12  0.7002E-12
CALSDV   13    1  0.6571E-12  0.6529E-12
CALSDV   14    1  0.6197E-12  0.6168E-12
CALSDV   15    1  0.5904E-12  0.5875E-12
CALSDV   16    1  0.5678E-12  0.5646E-12
CALSDV   17    1  0.5493E-12  0.5462E-12
CALSDV   18    1  0.5356E-12  0.5324E-12
CALSDV   19    1  0.5241E-12  0.5215E-12
CALSDV   20    1  0.5165E-12  0.5137E-12
CALSDV   21    1  0.5111E-12  0.5081E-12
CALSDV   22    1  0.5074E-12  0.5049E-12
CALSDV   23    1  0.5061E-12  0.5035E-12
CALSDV   24    1  0.5064E-12  0.5037E-12
CALSDV   25    1  0.5086E-12  0.5059E-12
CALSDV   26    1  0.5119E-12  0.5093E-12
CALSDV   27    1  0.5168E-12  0.5140E-12
CALSDV   28    1  0.5231E-12  0.5205E-12
CALSDV   29    1  0.5308E-12  0.5280E-12
CALSDV   30    1  0.5399E-12  0.5370E-12
CALSDV   31    1  0.5498E-12  0.5470E-12
CALSDV   32    1  0.5615E-12  0.5584E-12
CALSDV   33    1  0.5740E-12  0.5712E-12
CALSDV   34    1  0.5883E-12  0.5852E-12
CALSDV   35    1  0.6037E-12  0.6005E-12
CALSDV   36    1  0.6204E-12  0.6174E-12
CALSDV   37    1  0.6386E-12  0.6353E-12
CALSDV   38    1  0.6581E-12  0.6548E-12
CALSDV   39    1  0.6792E-12  0.6758E-12
CALSDV   40    1  0.7019E-12  0.6985E-12
CALSDV   41    1  0.7262E-12  0.7226E-12
CALSDV   42    1  0.7522E-12  0.7485E-12
CALSDV   43    1  0.7800E-12  0.7762E-12
CALSDV   44    1  0.8096E-12  0.8058E-12
CALSDV   45    1  0.8412E-12  0.8373E-12
CALSDV   46    1  0.8752E-12  0.8710E-12
CALSDV   47    1  0.9109E-12  0.9067E-12
CALSDV   48    1  0.9493E-12  0.9448E-12
CALSDV   49    1  0.9900E-12  0.9854E-12
CALSDV   50    1  0.1033E-11  0.1029E-11
CALSDV   51    1  0.1079E-11  0.1074E-11
CALSDV   52    1  0.1128E-11  0.1123E-11
CALSDV   53    1  0.1181E-11  0.1175E-11
CALSDV   54    1  0.1236E-11  0.1230E-11
CALSDV   55    1  0.1294E-11  0.1288E-11
CALSDV   56    1  0.1356E-11  0.1350E-11
CALSDV   57    1  0.1416E-11  0.1410E-11
CALSDV   58    1  0.1482E-11  0.1474E-11
CALSDV   59    1  0.1412E-11  0.1404E-11
CALSDV   60    1  0.1458E-11  0.1451E-11
CALSDV    2    2  0.2204E-10  0.2175E-10
CALSDV    3    2  0.9290E-11  0.9131E-11
CALSDV    4    2  0.4462E-11  0.4444E-11
CALSDV    5    2  0.2747E-11  0.2730E-11
CALSDV    6    2  0.1983E-11  0.1975E-11
CALSDV    7    2  0.1522E-11  0.1516E-11
CALSDV    8    2  0.1249E-11  0.1245E-11
CALSDV    9    2  0.1057E-11  0.1053E-11
CALSDV   10    2  0.9253E-12  0.9220E-12
CALSDV   11    2  0.8263E-12  0.8229E-12
CALSDV   12    2  0.7533E-12  0.7513E-12
CALSDV   13    2  0.6964E-12  0.6941E-12
CALSDV   14    2  0.6528E-12  0.6512E-12
CALSDV   15    2  0.6188E-12  0.6161E-12
CALSDV   16    2  0.5912E-12  0.5892E-12
CALSDV   17    2  0.5698E-12  0.5679E-12
CALSDV   18    2  0.5527E-12  0.5508E-12
CALSDV   19    2  0.5400E-12  0.5382E-12
CALSDV   20    2  0.5300E-12  0.5282E-12
CALSDV   21    2  0.5232E-12  0.5213E-12
CALSDV   22    2  0.5187E-12  0.5170E-12
CALSDV   23    2  0.5161E-12  0.5146E-12
CALSDV   24    2  0.5157E-12  0.5140E-12
CALSDV   25    2  0.5169E-12  0.5151E-12
CALSDV   26    2  0.5198E-12  0.5181E-12
CALSDV   27    2  0.5242E-12  0.5226E-12
CALSDV   28    2  0.5300E-12  0.5281E-12
CALSDV   29    2  0.5372E-12  0.5354E-12
CALSDV   30    2  0.5455E-12  0.5438E-12
CALSDV   31    2  0.5559E-12  0.5537E-12
CALSDV   32    2  0.5667E-12  0.5650E-12
CALSDV   33    2  0.5795E-12  0.5774E-12
CALSDV   34    2  0.5931E-12  0.5911E-12
CALSDV   35    2  0.6084E-12  0.6064E-12
CALSDV   36    2  0.6248E-12  0.6227E-12
CALSDV   37    2  0.6429E-12  0.6408E-12
CALSDV   38    2  0.6623E-12  0.6601E-12
CALSDV   39    2  0.6834E-12  0.6811E-12
CALSDV   40    2  0.7058E-12  0.7035E-12
CALSDV   41    2  0.7301E-12  0.7277E-12
CALSDV   42    2  0.7559E-12  0.7534E-12
CALSDV   43    2  0.7837E-12  0.7810E-12
CALSDV   44    2  0.8132E-12  0.8105E-12
CALSDV   45    2  0.8449E-12  0.8421E-12
CALSDV   46    2  0.8784E-12  0.8755E-12
CALSDV   47    2  0.9145E-12  0.9114E-12
CALSDV   48    2  0.9527E-12  0.9495E-12
CALSDV   49    2  0.9933E-12  0.9900E-12
CALSDV   50    2  0.1037E-11  0.1033E-11
CALSDV   51    2  0.1083E-11  0.1079E-11
CALSDV   52    2  0.1132E-11  0.1128E-11
CALSDV   53    2  0.1183E-11  0.1179E-11
CALSDV   54    2  0.1239E-11  0.1235E-11
CALSDV   55    2  0.1297E-11  0.1293E-11
CALSDV   56    2  0.1360E-11  0.1355E-11
CALSDV   57    2  0.1421E-11  0.1416E-11
CALSDV   58    2  0.1487E-11  0.1481E-11
CALSDV   59    2  0.1428E-11  0.1423E-11
CALSDV   60    2  0.1474E-11  0.1469E-11
CALSDV    3    3  0.2215E-10  0.2202E-10
CALSDV    4    3  0.8966E-11  0.8997E-11
CALSDV    5    3  0.6023E-11  0.6028E-11
CALSDV    6    3  0.3202E-11  0.3210E-11
CALSDV    7    3  0.2831E-11  0.2828E-11
CALSDV    8    3  0.1771E-11  0.1776E-11
CALSDV    9    3  0.1690E-11  0.1689E-11
CALSDV   10    3  0.1196E-11  0.1197E-11
CALSDV   11    3  0.1174E-11  0.1174E-11
CALSDV   12    3  0.9125E-12  0.9147E-12
CALSDV   13    3  0.9058E-12  0.9057E-12
CALSDV   14    3  0.7561E-12  0.7569E-12
CALSDV   15    3  0.7532E-12  0.7534E-12
CALSDV   16    3  0.6621E-12  0.6630E-12
CALSDV   17    3  0.6614E-12  0.6624E-12
CALSDV   18    3  0.6042E-12  0.6051E-12
CALSDV   19    3  0.6056E-12  0.6064E-12
CALSDV   20    3  0.5690E-12  0.5699E-12
CALSDV   21    3  0.5723E-12  0.5733E-12
CALSDV   22    3  0.5487E-12  0.5498E-12
CALSDV   23    3  0.5539E-12  0.5549E-12
CALSDV   24    3  0.5399E-12  0.5409E-12
CALSDV   25    3  0.5469E-12  0.5479E-12
CALSDV   26    3  0.5397E-12  0.5407E-12
CALSDV   27    3  0.5482E-12  0.5494E-12
CALSDV   28    3  0.5468E-12  0.5481E-12
CALSDV   29    3  0.5571E-12  0.5584E-12
CALSDV   30    3  0.5601E-12  0.5614E-12
CALSDV   31    3  0.5724E-12  0.5736E-12
CALSDV   32    3  0.5793E-12  0.5805E-12
CALSDV   33    3  0.5937E-12  0.5952E-12
CALSDV   34    3  0.6042E-12  0.6055E-12
CALSDV   35    3  0.6209E-12  0.6224E-12
CALSDV   36    3  0.6347E-12  0.6363E-12
CALSDV   37    3  0.6541E-12  0.6555E-12
CALSDV   38    3  0.6711E-12  0.6726E-12
CALSDV   39    3  0.6933E-12  0.6948E-12
CALSDV   40    3  0.7139E-12  0.7155E-12
CALSDV   41    3  0.7390E-12  0.7406E-12
CALSDV   42    3  0.7633E-12  0.7650E-12
CALSDV   43    3  0.7917E-12  0.7936E-12
CALSDV   44    3  0.8200E-12  0.8219E-12
CALSDV   45    3  0.8522E-12  0.8541E-12
CALSDV   46    3  0.8848E-12  0.8869E-12
CALSDV   47    3  0.9212E-12  0.9233E-12
CALSDV   48    3  0.9585E-12  0.9607E-12
CALSDV   49    3  0.9996E-12  0.1002E-11
CALSDV   50    3  0.1042E-11  0.1045E-11
CALSDV   51    3  0.1089E-11  0.1091E-11
CALSDV   52    3  0.1137E-11  0.1140E-11
CALSDV   53    3  0.1190E-11  0.1192E-11
CALSDV   54    3  0.1244E-11  0.1247E-11
CALSDV   55    3  0.1304E-11  0.1307E-11
CALSDV   56    3  0.1365E-11  0.1368E-11
CALSDV   57    3  0.1430E-11  0.1433E-11
CALSDV   58    3  0.1495E-11  0.1499E-11
CALSDV   59    3  0.1461E-11  0.1464E-11
CALSDV   60    3  0.1506E-11  0.1508E-11
CALSDV    4    4  0.1170E-10  0.1152E-10
CALSDV    5    4  0.8826E-11  0.8942E-11
CALSDV    6    4  0.3818E-11  0.3780E-11
CALSDV    7    4  0.3233E-11  0.3283E-11
CALSDV    8    4  0.2035E-11  0.2038E-11
CALSDV    9    4  0.1766E-11  0.1785E-11
CALSDV   10    4  0.1344E-11  0.1347E-11
CALSDV   11    4  0.1205E-11  0.1212E-11
CALSDV   12    4  0.1009E-11  0.1010E-11
CALSDV   13    4  0.9290E-12  0.9338E-12
CALSDV   14    4  0.8240E-12  0.8249E-12
CALSDV   15    4  0.7771E-12  0.7794E-12
CALSDV   16    4  0.7140E-12  0.7147E-12
CALSDV   17    4  0.6859E-12  0.6872E-12
CALSDV   18    4  0.6457E-12  0.6467E-12
CALSDV   19    4  0.6296E-12  0.6305E-12
CALSDV   20    4  0.6036E-12  0.6041E-12
CALSDV   21    4  0.5947E-12  0.5955E-12
CALSDV   22    4  0.5789E-12  0.5793E-12
CALSDV   23    4  0.5751E-12  0.5758E-12
CALSDV   24    4  0.5662E-12  0.5666E-12
CALSDV   25    4  0.5668E-12  0.5668E-12
CALSDV   26    4  0.5629E-12  0.5636E-12
CALSDV   27    4  0.5671E-12  0.5673E-12
CALSDV   28    4  0.5676E-12  0.5680E-12
CALSDV   29    4  0.5748E-12  0.5750E-12
CALSDV   30    4  0.5793E-12  0.5794E-12
CALSDV   31    4  0.5890E-12  0.5895E-12
CALSDV   32    4  0.5969E-12  0.5971E-12
CALSDV   33    4  0.6095E-12  0.6097E-12
CALSDV   34    4  0.6206E-12  0.6208E-12
CALSDV   35    4  0.6358E-12  0.6360E-12
CALSDV   36    4  0.6501E-12  0.6503E-12
CALSDV   37    4  0.6682E-12  0.6684E-12
CALSDV   38    4  0.6858E-12  0.6862E-12
CALSDV   39    4  0.7069E-12  0.7071E-12
CALSDV   40    4  0.7279E-12  0.7280E-12
CALSDV   41    4  0.7521E-12  0.7524E-12
CALSDV   42    4  0.7768E-12  0.7770E-12
CALSDV   43    4  0.8045E-12  0.8047E-12
CALSDV   44    4  0.8330E-12  0.8334E-12
CALSDV   45    4  0.8648E-12  0.8649E-12
CALSDV   46    4  0.8974E-12  0.8976E-12
CALSDV   47    4  0.9335E-12  0.9338E-12
CALSDV   48    4  0.9710E-12  0.9713E-12
CALSDV   49    4  0.1012E-11  0.1012E-11
CALSDV   50    4  0.1055E-11  0.1055E-11
CALSDV   51    4  0.1101E-11  0.1101E-11
CALSDV   52    4  0.1150E-11  0.1149E-11
CALSDV   53    4  0.1201E-11  0.1202E-11
CALSDV   54    4  0.1257E-11  0.1257E-11
CALSDV   55    4  0.1316E-11  0.1317E-11
CALSDV   56    4  0.1379E-11  0.1379E-11
CALSDV   57    4  0.1444E-11  0.1444E-11
CALSDV   58    4  0.1512E-11  0.1512E-11
CALSDV   59    4  0.1496E-11  0.1497E-11
CALSDV   60    4  0.1542E-11  0.1543E-11
CALSDV    5    5  0.1638E-10  0.1626E-10
CALSDV    6    5  0.6478E-11  0.6501E-11
CALSDV    7    5  0.4344E-11  0.4333E-11
CALSDV    8    5  0.2630E-11  0.2642E-11
CALSDV    9    5  0.2473E-11  0.2480E-11
CALSDV   10    5  0.1633E-11  0.1644E-11
CALSDV   11    5  0.1695E-11  0.1702E-11
CALSDV   12    5  0.1217E-11  0.1224E-11
CALSDV   13    5  0.1275E-11  0.1278E-11
CALSDV   14    5  0.9919E-12  0.9945E-12
CALSDV   15    5  0.1025E-11  0.1027E-11
CALSDV   16    5  0.8505E-12  0.8525E-12
CALSDV   17    5  0.8688E-12  0.8698E-12
CALSDV   18    5  0.7575E-12  0.7583E-12
CALSDV   19    5  0.7677E-12  0.7683E-12
CALSDV   20    5  0.6950E-12  0.6961E-12
CALSDV   21    5  0.7022E-12  0.7020E-12
CALSDV   22    5  0.6547E-12  0.6549E-12
CALSDV   23    5  0.6602E-12  0.6605E-12
CALSDV   24    5  0.6302E-12  0.6301E-12
CALSDV   25    5  0.6359E-12  0.6358E-12
CALSDV   26    5  0.6174E-12  0.6173E-12
CALSDV   27    5  0.6243E-12  0.6239E-12
CALSDV   28    5  0.6148E-12  0.6147E-12
CALSDV   29    5  0.6227E-12  0.6224E-12
CALSDV   30    5  0.6203E-12  0.6198E-12
CALSDV   31    5  0.6302E-12  0.6293E-12
CALSDV   32    5  0.6331E-12  0.6325E-12
CALSDV   33    5  0.6449E-12  0.6445E-12
CALSDV   34    5  0.6529E-12  0.6521E-12
CALSDV   35    5  0.6672E-12  0.6665E-12
CALSDV   36    5  0.6792E-12  0.6784E-12
CALSDV   37    5  0.6962E-12  0.6953E-12
CALSDV   38    5  0.7120E-12  0.7110E-12
CALSDV   39    5  0.7321E-12  0.7312E-12
CALSDV   40    5  0.7519E-12  0.7510E-12
CALSDV   41    5  0.7748E-12  0.7741E-12
CALSDV   42    5  0.7989E-12  0.7979E-12
CALSDV   43    5  0.8256E-12  0.8247E-12
CALSDV   44    5  0.8536E-12  0.8527E-12
CALSDV   45    5  0.8841E-12  0.8832E-12
CALSDV   46    5  0.9169E-12  0.9157E-12
CALSDV   47    5  0.9516E-12  0.9506E-12
CALSDV   48    5  0.9891E-12  0.9879E-12
CALSDV   49    5  0.1029E-11  0.1028E-11
CALSDV   50    5  0.1072E-11  0.1070E-11
CALSDV   51    5  0.1117E-11  0.1116E-11
CALSDV   52    5  0.1166E-11  0.1164E-11
CALSDV   53    5  0.1218E-11  0.1216E-11
CALSDV   54    5  0.1273E-11  0.1271E-11
CALSDV   55    5  0.1332E-11  0.1330E-11
CALSDV   56    5  0.1394E-11  0.1393E-11
CALSDV   57    5  0.1461E-11  0.1459E-11
CALSDV   58    5  0.1529E-11  0.1527E-11
CALSDV   59    5  0.1530E-11  0.1528E-11
CALSDV   60    5  0.1577E-11  0.1576E-11
CALSDV    6    6  0.8167E-11  0.8182E-11
CALSDV    7    6  0.8647E-11  0.8530E-11
CALSDV    8    6  0.3800E-11  0.3784E-11
CALSDV    9    6  0.4104E-11  0.4048E-11
CALSDV   10    6  0.2355E-11  0.2354E-11
CALSDV   11    6  0.2400E-11  0.2374E-11
CALSDV   12    6  0.1609E-11  0.1611E-11
CALSDV   13    6  0.1634E-11  0.1615E-11
CALSDV   14    6  0.1207E-11  0.1211E-11
CALSDV   15    6  0.1232E-11  0.1221E-11
CALSDV   16    6  0.9773E-12  0.9797E-12
CALSDV   17    6  0.1002E-11  0.9944E-12
CALSDV   18    6  0.8402E-12  0.8411E-12
CALSDV   19    6  0.8624E-12  0.8567E-12
CALSDV   20    6  0.7538E-12  0.7553E-12
CALSDV   21    6  0.7744E-12  0.7704E-12
CALSDV   22    6  0.7006E-12  0.7014E-12
CALSDV   23    6  0.7187E-12  0.7157E-12
CALSDV   24    6  0.6682E-12  0.6680E-12
CALSDV   25    6  0.6850E-12  0.6824E-12
CALSDV   26    6  0.6512E-12  0.6509E-12
CALSDV   27    6  0.6671E-12  0.6654E-12
CALSDV   28    6  0.6451E-12  0.6448E-12
CALSDV   29    6  0.6610E-12  0.6593E-12
CALSDV   30    6  0.6484E-12  0.6479E-12
CALSDV   31    6  0.6649E-12  0.6635E-12
CALSDV   32    6  0.6598E-12  0.6592E-12
CALSDV   33    6  0.6769E-12  0.6756E-12
CALSDV   34    6  0.6779E-12  0.6772E-12
CALSDV   35    6  0.6968E-12  0.6953E-12
CALSDV   36    6  0.7033E-12  0.7024E-12
CALSDV   37    6  0.7237E-12  0.7226E-12
CALSDV   38    6  0.7352E-12  0.7344E-12
CALSDV   39    6  0.7578E-12  0.7567E-12
CALSDV   40    6  0.7740E-12  0.7732E-12
CALSDV   41    6  0.7993E-12  0.7981E-12
CALSDV   42    6  0.8201E-12  0.8193E-12
CALSDV   43    6  0.8484E-12  0.8475E-12
CALSDV   44    6  0.8741E-12  0.8732E-12
CALSDV   45    6  0.9061E-12  0.9049E-12
CALSDV   46    6  0.9364E-12  0.9355E-12
CALSDV   47    6  0.9725E-12  0.9713E-12
CALSDV   48    6  0.1008E-11  0.1007E-11
CALSDV   49    6  0.1049E-11  0.1047E-11
CALSDV   50    6  0.1090E-11  0.1089E-11
CALSDV   51    6  0.1136E-11  0.1135E-11
CALSDV   52    6  0.1184E-11  0.1182E-11
CALSDV   53    6  0.1236E-11  0.1234E-11
CALSDV   54    6  0.1291E-11  0.1289E-11
CALSDV   55    6  0.1350E-11  0.1348E-11
CALSDV   56    6  0.1412E-11  0.1410E-11
CALSDV   57    6  0.1480E-11  0.1478E-11
CALSDV   58    6  0.1549E-11  0.1547E-11
CALSDV   59    6  0.1567E-11  0.1565E-11
CALSDV   60    6  0.1613E-11  0.1612E-11
CALSDV    7    7  0.1205E-10  0.1193E-10
CALSDV    8    7  0.6093E-11  0.6050E-11
CALSDV    9    7  0.4060E-11  0.3991E-11
CALSDV   10    7  0.2576E-11  0.2546E-11
CALSDV   11    7  0.2339E-11  0.2315E-11
CALSDV   12    7  0.1581E-11  0.1563E-11
CALSDV   13    7  0.1600E-11  0.1591E-11
CALSDV   14    7  0.1240E-11  0.1231E-11
CALSDV   15    7  0.1219E-11  0.1218E-11
CALSDV   16    7  0.1070E-11  0.1065E-11
CALSDV   17    7  0.1006E-11  0.1007E-11
CALSDV   18    7  0.9576E-12  0.9555E-12
CALSDV   19    7  0.8789E-12  0.8797E-12
CALSDV   20    7  0.8765E-12  0.8750E-12
CALSDV   21    7  0.7979E-12  0.8003E-12
CALSDV   22    7  0.8166E-12  0.8166E-12
CALSDV   23    7  0.7475E-12  0.7490E-12
CALSDV   24    7  0.7745E-12  0.7738E-12
CALSDV   25    7  0.7161E-12  0.7167E-12
CALSDV   26    7  0.7464E-12  0.7454E-12
CALSDV   27    7  0.6998E-12  0.6987E-12
CALSDV   28    7  0.7299E-12  0.7292E-12
CALSDV   29    7  0.6927E-12  0.6935E-12
CALSDV   30    7  0.7235E-12  0.7228E-12
CALSDV   31    7  0.6961E-12  0.6960E-12
CALSDV   32    7  0.7264E-12  0.7254E-12
CALSDV   33    7  0.7079E-12  0.7071E-12
CALSDV   34    7  0.7373E-12  0.7364E-12
CALSDV   35    7  0.7258E-12  0.7255E-12
CALSDV   36    7  0.7560E-12  0.7551E-12
CALSDV   37    7  0.7519E-12  0.7512E-12
CALSDV   38    7  0.7824E-12  0.7817E-12
CALSDV   39    7  0.7848E-12  0.7840E-12
CALSDV   40    7  0.8164E-12  0.8160E-12
CALSDV   41    7  0.8248E-12  0.8246E-12
CALSDV   42    7  0.8585E-12  0.8578E-12
CALSDV   43    7  0.8729E-12  0.8723E-12
CALSDV   44    7  0.9088E-12  0.9083E-12
CALSDV   45    7  0.9291E-12  0.9285E-12
CALSDV   46    7  0.9683E-12  0.9674E-12
CALSDV   47    7  0.9944E-12  0.9936E-12
CALSDV   48    7  0.1037E-11  0.1036E-11
CALSDV   49    7  0.1070E-11  0.1069E-11
CALSDV   50    7  0.1117E-11  0.1116E-11
CALSDV   51    7  0.1156E-11  0.1155E-11
CALSDV   52    7  0.1208E-11  0.1207E-11
CALSDV   53    7  0.1255E-11  0.1254E-11
CALSDV   54    7  0.1313E-11  0.1312E-11
CALSDV   55    7  0.1368E-11  0.1367E-11
CALSDV   56    7  0.1433E-11  0.1432E-11
CALSDV   57    7  0.1498E-11  0.1497E-11
CALSDV   58    7  0.1570E-11  0.1568E-11
CALSDV   59    7  0.1597E-11  0.1595E-11
CALSDV   60    7  0.1648E-11  0.1647E-11
CALSDV    8    8  0.6061E-11  0.6033E-11
CALSDV    9    8  0.5792E-11  0.5793E-11
CALSDV   10    8  0.3672E-11  0.3673E-11
CALSDV   11    8  0.3208E-11  0.3224E-11
CALSDV   12    8  0.2642E-11  0.2645E-11
CALSDV   13    8  0.2261E-11  0.2287E-11
CALSDV   14    8  0.1912E-11  0.1925E-11
CALSDV   15    8  0.1768E-11  0.1785E-11
CALSDV   16    8  0.1463E-11  0.1481E-11
CALSDV   17    8  0.1461E-11  0.1462E-11
CALSDV   18    8  0.1190E-11  0.1201E-11
CALSDV   19    8  0.1241E-11  0.1249E-11
CALSDV   20    8  0.1016E-11  0.1031E-11
CALSDV   21    8  0.1089E-11  0.1098E-11
CALSDV   22    8  0.9086E-12  0.9225E-12
CALSDV   23    8  0.9821E-12  0.9896E-12
CALSDV   24    8  0.8408E-12  0.8519E-12
CALSDV   25    8  0.9077E-12  0.9133E-12
CALSDV   26    8  0.7979E-12  0.8074E-12
CALSDV   27    8  0.8565E-12  0.8617E-12
CALSDV   28    8  0.7736E-12  0.7813E-12
CALSDV   29    8  0.8247E-12  0.8282E-12
CALSDV   30    8  0.7634E-12  0.7693E-12
CALSDV   31    8  0.8072E-12  0.8099E-12
CALSDV   32    8  0.7635E-12  0.7679E-12
CALSDV   33    8  0.8021E-12  0.8039E-12
CALSDV   34    8  0.7734E-12  0.7770E-12
CALSDV   35    8  0.8080E-12  0.8092E-12
CALSDV   36    8  0.7911E-12  0.7937E-12
CALSDV   37    8  0.8234E-12  0.8243E-12
CALSDV   38    8  0.8168E-12  0.8187E-12
CALSDV   39    8  0.8478E-12  0.8483E-12
CALSDV   40    8  0.8500E-12  0.8514E-12
CALSDV   41    8  0.8811E-12  0.8813E-12
CALSDV   42    8  0.8913E-12  0.8922E-12
CALSDV   43    8  0.9231E-12  0.9232E-12
CALSDV   44    8  0.9404E-12  0.9413E-12
CALSDV   45    8  0.9743E-12  0.9743E-12
CALSDV   46    8  0.9986E-12  0.9991E-12
CALSDV   47    8  0.1035E-11  0.1035E-11
CALSDV   48    8  0.1066E-11  0.1067E-11
CALSDV   49    8  0.1106E-11  0.1107E-11
CALSDV   50    8  0.1145E-11  0.1145E-11
CALSDV   51    8  0.1189E-11  0.1189E-11
CALSDV   52    8  0.1235E-11  0.1235E-11
CALSDV   53    8  0.1285E-11  0.1285E-11
CALSDV   54    8  0.1338E-11  0.1339E-11
CALSDV   55    8  0.1395E-11  0.1396E-11
CALSDV   56    8  0.1457E-11  0.1457E-11
CALSDV   57    8  0.1524E-11  0.1525E-11
CALSDV   58    8  0.1594E-11  0.1594E-11
CALSDV   59    8  0.1640E-11  0.1640E-11
CALSDV   60    8  0.1687E-11  0.1686E-11
CALSDV    9    9  0.8470E-11  0.8450E-11
CALSDV   10    9  0.5646E-11  0.5613E-11
CALSDV   11    9  0.3850E-11  0.3833E-11
CALSDV   12    9  0.2622E-11  0.2604E-11
CALSDV   13    9  0.2468E-11  0.2462E-11
CALSDV   14    9  0.1647E-11  0.1635E-11
CALSDV   15    9  0.1693E-11  0.1689E-11
CALSDV   16    9  0.1312E-11  0.1303E-11
CALSDV   17    9  0.1268E-11  0.1264E-11
CALSDV   18    9  0.1155E-11  0.1148E-11
CALSDV   19    9  0.1037E-11  0.1035E-11
CALSDV   20    9  0.1053E-11  0.1049E-11
CALSDV   21    9  0.9141E-12  0.9128E-12
CALSDV   22    9  0.9772E-12  0.9754E-12
CALSDV   23    9  0.8474E-12  0.8454E-12
CALSDV   24    9  0.9212E-12  0.9199E-12
CALSDV   25    9  0.8104E-12  0.8097E-12
CALSDV   26    9  0.8806E-12  0.8799E-12
CALSDV   27    9  0.7913E-12  0.7905E-12
CALSDV   28    9  0.8528E-12  0.8522E-12
CALSDV   29    9  0.7835E-12  0.7828E-12
CALSDV   30    9  0.8363E-12  0.8362E-12
CALSDV   31    9  0.7855E-12  0.7846E-12
CALSDV   32    9  0.8303E-12  0.8303E-12
CALSDV   33    9  0.7943E-12  0.7937E-12
CALSDV   34    9  0.8331E-12  0.8335E-12
CALSDV   35    9  0.8106E-12  0.8105E-12
CALSDV   36    9  0.8452E-12  0.8457E-12
CALSDV   37    9  0.8335E-12  0.8334E-12
CALSDV   38    9  0.8658E-12  0.8660E-12
CALSDV   39    9  0.8635E-12  0.8634E-12
CALSDV   40    9  0.8946E-12  0.8949E-12
CALSDV   41    9  0.9002E-12  0.9003E-12
CALSDV   42    9  0.9317E-12  0.9323E-12
CALSDV   43    9  0.9447E-12  0.9449E-12
CALSDV   44    9  0.9778E-12  0.9781E-12
CALSDV   45    9  0.9975E-12  0.9976E-12
CALSDV   46    9  0.1033E-11  0.1034E-11
CALSDV   47    9  0.1059E-11  0.1059E-11
CALSDV   48    9  0.1098E-11  0.1099E-11
CALSDV   49    9  0.1130E-11  0.1131E-11
CALSDV   50    9  0.1174E-11  0.1174E-11
CALSDV   51    9  0.1213E-11  0.1213E-11
CALSDV   52    9  0.1262E-11  0.1262E-11
CALSDV   53    9  0.1308E-11  0.1308E-11
CALSDV   54    9  0.1363E-11  0.1363E-11
CALSDV   55    9  0.1418E-11  0.1418E-11
CALSDV   56    9  0.1480E-11  0.1480E-11
CALSDV   57    9  0.1546E-11  0.1546E-11
CALSDV   58    9  0.1616E-11  0.1616E-11
CALSDV   59    9  0.1669E-11  0.1669E-11
CALSDV   60    9  0.1716E-11  0.1717E-11
CALSDV   10   10  0.5344E-11  0.5397E-11
CALSDV   11   10  0.4538E-11  0.4543E-11
CALSDV   12   10  0.3339E-11  0.3354E-11
CALSDV   13   10  0.2389E-11  0.2388E-11
CALSDV   14   10  0.2618E-11  0.2622E-11
CALSDV   15   10  0.1931E-11  0.1926E-11
CALSDV   16   10  0.1999E-11  0.1999E-11
CALSDV   17   10  0.1732E-11  0.1728E-11
CALSDV   18   10  0.1586E-11  0.1586E-11
CALSDV   19   10  0.1563E-11  0.1563E-11
CALSDV   20   10  0.1327E-11  0.1327E-11
CALSDV   21   10  0.1415E-11  0.1415E-11
CALSDV   22   10  0.1165E-11  0.1165E-11
CALSDV   23   10  0.1290E-11  0.1290E-11
CALSDV   24   10  0.1062E-11  0.1062E-11
CALSDV   25   10  0.1189E-11  0.1190E-11
CALSDV   26   10  0.9970E-12  0.9966E-12
CALSDV   27   10  0.1111E-11  0.1111E-11
CALSDV   28   10  0.9553E-12  0.9547E-12
CALSDV   29   10  0.1052E-11  0.1053E-11
CALSDV   30   10  0.9295E-12  0.9297E-12
CALSDV   31   10  0.1011E-11  0.1012E-11
CALSDV   32   10  0.9183E-12  0.9177E-12
CALSDV   33   10  0.9850E-12  0.9858E-12
CALSDV   34   10  0.9163E-12  0.9159E-12
CALSDV   35   10  0.9722E-12  0.9728E-12
CALSDV   36   10  0.9244E-12  0.9243E-12
CALSDV   37   10  0.9710E-12  0.9713E-12
CALSDV   38   10  0.9412E-12  0.9405E-12
CALSDV   39   10  0.9816E-12  0.9815E-12
CALSDV   40   10  0.9661E-12  0.9658E-12
CALSDV   41   10  0.1002E-11  0.1003E-11
CALSDV   42   10  0.9992E-12  0.9993E-12
CALSDV   43   10  0.1033E-11  0.1034E-11
CALSDV   44   10  0.1041E-11  0.1041E-11
CALSDV   45   10  0.1074E-11  0.1075E-11
CALSDV   46   10  0.1092E-11  0.1092E-11
CALSDV   47   10  0.1127E-11  0.1127E-11
CALSDV   48   10  0.1153E-11  0.1154E-11
CALSDV   49   10  0.1189E-11  0.1190E-11
CALSDV   50   10  0.1225E-11  0.1225E-11
CALSDV   51   10  0.1265E-11  0.1265E-11
CALSDV   52   10  0.1309E-11  0.1309E-11
CALSDV   53   10  0.1353E-11  0.1354E-11
CALSDV   54   10  0.1406E-11  0.1406E-11
CALSDV   55   10  0.1457E-11  0.1457E-11
CALSDV   56   10  0.1519E-11  0.1519E-11
CALSDV   57   10  0.1581E-11  0.1582E-11
CALSDV   58   10  0.1653E-11  0.1653E-11
CALSDV   59   10  0.1717E-11  0.1717E-11
CALSDV   60   10  0.1766E-11  0.1766E-11
CALSDV   11   11  0.5932E-11  0.5858E-11
CALSDV   12   11  0.4972E-11  0.5002E-11
CALSDV   13   11  0.3545E-11  0.3552E-11
CALSDV   14   11  0.2559E-11  0.2580E-11
CALSDV   15   11  0.2593E-11  0.2587E-11
CALSDV   16   11  0.1764E-11  0.1776E-11
CALSDV   17   11  0.1848E-11  0.1839E-11
CALSDV   18   11  0.1443E-11  0.1452E-11
CALSDV   19   11  0.1382E-11  0.1374E-11
CALSDV   20   11  0.1263E-11  0.1268E-11
CALSDV   21   11  0.1122E-11  0.1115E-11
CALSDV   22   11  0.1141E-11  0.1143E-11
CALSDV   23   11  0.9897E-12  0.9848E-12
CALSDV   24   11  0.1054E-11  0.1055E-11
CALSDV   25   11  0.9278E-12  0.9240E-12
CALSDV   26   11  0.9921E-12  0.9920E-12
CALSDV   27   11  0.9018E-12  0.8999E-12
CALSDV   28   11  0.9510E-12  0.9510E-12
CALSDV   29   11  0.8932E-12  0.8928E-12
CALSDV   30   11  0.9259E-12  0.9259E-12
CALSDV   31   11  0.8954E-12  0.8957E-12
CALSDV   32   11  0.9143E-12  0.9143E-12
CALSDV   33   11  0.9051E-12  0.9058E-12
CALSDV   34   11  0.9137E-12  0.9145E-12
CALSDV   35   11  0.9200E-12  0.9211E-12
CALSDV   36   11  0.9233E-12  0.9244E-12
CALSDV   37   11  0.9412E-12  0.9426E-12
CALSDV   38   11  0.9418E-12  0.9428E-12
CALSDV   39   11  0.9684E-12  0.9694E-12
CALSDV   40   11  0.9691E-12  0.9705E-12
CALSDV   41   11  0.1002E-11  0.1003E-11
CALSDV   42   11  0.1005E-11  0.1006E-11
CALSDV   43   11  0.1042E-11  0.1044E-11
CALSDV   44   11  0.1050E-11  0.1051E-11
CALSDV   45   11  0.1090E-11  0.1092E-11
CALSDV   46   11  0.1103E-11  0.1105E-11
CALSDV   47   11  0.1146E-11  0.1149E-11
CALSDV   48   11  0.1166E-11  0.1168E-11
CALSDV   49   11  0.1212E-11  0.1215E-11
CALSDV   50   11  0.1239E-11  0.1242E-11
CALSDV   51   11  0.1289E-11  0.1291E-11
CALSDV   52   11  0.1324E-11  0.1327E-11
CALSDV   53   11  0.1378E-11  0.1381E-11
CALSDV   54   11  0.1422E-11  0.1425E-11
CALSDV   55   11  0.1481E-11  0.1485E-11
CALSDV   56   11  0.1534E-11  0.1538E-11
CALSDV   57   11  0.1604E-11  0.1608E-11
CALSDV   58   11  0.1668E-11  0.1672E-11
CALSDV   59   11  0.1744E-11  0.1748E-11
CALSDV   60   11  0.1784E-11  0.1788E-11
CALSDV   12   12  0.4850E-11  0.4834E-11
CALSDV   13   12  0.4407E-11  0.4402E-11
CALSDV   14   12  0.3124E-11  0.3118E-11
CALSDV   15   12  0.2167E-11  0.2170E-11
CALSDV   16   12  0.2483E-11  0.2486E-11
CALSDV   17   12  0.1745E-11  0.1748E-11
CALSDV   18   12  0.1896E-11  0.1900E-11
CALSDV   19   12  0.1664E-11  0.1662E-11
CALSDV   20   12  0.1520E-11  0.1524E-11
CALSDV   21   12  0.1580E-11  0.1577E-11
CALSDV   22   12  0.1310E-11  0.1312E-11
CALSDV   23   12  0.1484E-11  0.1480E-11
CALSDV   24   12  0.1198E-11  0.1200E-11
CALSDV   25   12  0.1389E-11  0.1385E-11
CALSDV   26   12  0.1137E-11  0.1138E-11
CALSDV   27   12  0.1306E-11  0.1302E-11
CALSDV   28   12  0.1103E-11  0.1104E-11
CALSDV   29   12  0.1239E-11  0.1234E-11
CALSDV   30   12  0.1086E-11  0.1085E-11
CALSDV   31   12  0.1187E-11  0.1183E-11
CALSDV   32   12  0.1076E-11  0.1076E-11
CALSDV   33   12  0.1150E-11  0.1146E-11
CALSDV   34   12  0.1075E-11  0.1075E-11
CALSDV   35   12  0.1127E-11  0.1123E-11
CALSDV   36   12  0.1080E-11  0.1079E-11
CALSDV   37   12  0.1116E-11  0.1113E-11
CALSDV   38   12  0.1092E-11  0.1092E-11
CALSDV   39   12  0.1116E-11  0.1114E-11
CALSDV   40   12  0.1111E-11  0.1111E-11
CALSDV   41   12  0.1128E-11  0.1127E-11
CALSDV   42   12  0.1138E-11  0.1138E-11
CALSDV   43   12  0.1151E-11  0.1150E-11
CALSDV   44   12  0.1172E-11  0.1172E-11
CALSDV   45   12  0.1185E-11  0.1184E-11
CALSDV   46   12  0.1215E-11  0.1215E-11
CALSDV   47   12  0.1229E-11  0.1228E-11
CALSDV   48   12  0.1268E-11  0.1268E-11
CALSDV   49   12  0.1284E-11  0.1284E-11
CALSDV   50   12  0.1331E-11  0.1331E-11
CALSDV   51   12  0.1351E-11  0.1351E-11
CALSDV   52   12  0.1405E-11  0.1405E-11
CALSDV   53   12  0.1432E-11  0.1433E-11
CALSDV   54   12  0.1493E-11  0.1494E-11
CALSDV   55   12  0.1528E-11  0.1528E-11
CALSDV   56   12  0.1597E-11  0.1597E-11
CALSDV   57   12  0.1645E-11  0.1646E-11
CALSDV   58   12  0.1723E-11  0.1724E-11
CALSDV   59   12  0.1791E-11  0.1792E-11
CALSDV   60   12  0.1849E-11  0.1850E-11
CALSDV   13   13  0.4494E-11  0.4471E-11
CALSDV   14   13  0.4372E-11  0.4338E-11
CALSDV   15   13  0.3316E-11  0.3310E-11
CALSDV   16   13  0.2413E-11  0.2389E-11
CALSDV   17   13  0.2669E-11  0.2669E-11
CALSDV   18   13  0.1861E-11  0.1849E-11
CALSDV   19   13  0.1972E-11  0.1972E-11
CALSDV   20   13  0.1605E-11  0.1597E-11
CALSDV   21   13  0.1490E-11  0.1490E-11
CALSDV   22   13  0.1415E-11  0.1409E-11
CALSDV   23   13  0.1211E-11  0.1212E-11
CALSDV   24   13  0.1263E-11  0.1260E-11
CALSDV   25   13  0.1073E-11  0.1075E-11
CALSDV   26   13  0.1150E-11  0.1148E-11
CALSDV   27   13  0.1017E-11  0.1019E-11
CALSDV   28   13  0.1072E-11  0.1071E-11
CALSDV   29   13  0.1003E-11  0.1004E-11
CALSDV   30   13  0.1024E-11  0.1024E-11
CALSDV   31   13  0.1007E-11  0.1008E-11
CALSDV   32   13  0.9993E-12  0.9985E-12
CALSDV   33   13  0.1020E-11  0.1021E-11
CALSDV   34   13  0.9933E-12  0.9921E-12
CALSDV   35   13  0.1038E-11  0.1039E-11
CALSDV   36   13  0.1000E-11  0.9998E-12
CALSDV   37   13  0.1061E-11  0.1061E-11
CALSDV   38   13  0.1019E-11  0.1019E-11
CALSDV   39   13  0.1087E-11  0.1088E-11
CALSDV   40   13  0.1047E-11  0.1048E-11
CALSDV   41   13  0.1119E-11  0.1120E-11
CALSDV   42   13  0.1085E-11  0.1085E-11
CALSDV   43   13  0.1156E-11  0.1157E-11
CALSDV   44   13  0.1130E-11  0.1131E-11
CALSDV   45   13  0.1200E-11  0.1201E-11
CALSDV   46   13  0.1184E-11  0.1185E-11
CALSDV   47   13  0.1252E-11  0.1253E-11
CALSDV   48   13  0.1248E-11  0.1248E-11
CALSDV   49   13  0.1312E-11  0.1313E-11
CALSDV   50   13  0.1319E-11  0.1320E-11
CALSDV   51   13  0.1381E-11  0.1383E-11
CALSDV   52   13  0.1401E-11  0.1403E-11
CALSDV   53   13  0.1463E-11  0.1465E-11
CALSDV   54   13  0.1496E-11  0.1498E-11
CALSDV   55   13  0.1558E-11  0.1560E-11
CALSDV   56   13  0.1604E-11  0.1605E-11
CALSDV   57   13  0.1673E-11  0.1675E-11
CALSDV   58   13  0.1733E-11  0.1735E-11
CALSDV   59   13  0.1822E-11  0.1825E-11
CALSDV   60   13  0.1858E-11  0.1861E-11
CALSDV   14   14  0.3814E-11  0.3816E-11
CALSDV   15   14  0.4470E-11  0.4404E-11
CALSDV   16   14  0.3056E-11  0.3052E-11
CALSDV   17   14  0.2242E-11  0.2217E-11
CALSDV   18   14  0.2500E-11  0.2509E-11
CALSDV   19   14  0.1751E-11  0.1749E-11
CALSDV   20   14  0.1871E-11  0.1881E-11
CALSDV   21   14  0.1664E-11  0.1664E-11
CALSDV   22   14  0.1468E-11  0.1475E-11
CALSDV   23   14  0.1594E-11  0.1592E-11
CALSDV   24   14  0.1271E-11  0.1276E-11
CALSDV   25   14  0.1513E-11  0.1507E-11
CALSDV   26   14  0.1201E-11  0.1203E-11
CALSDV   27   14  0.1434E-11  0.1425E-11
CALSDV   28   14  0.1187E-11  0.1188E-11
CALSDV   29   14  0.1364E-11  0.1355E-11
CALSDV   30   14  0.1194E-11  0.1194E-11
CALSDV   31   14  0.1310E-11  0.1301E-11
CALSDV   32   14  0.1207E-11  0.1207E-11
CALSDV   33   14  0.1269E-11  0.1262E-11
CALSDV   34   14  0.1221E-11  0.1221E-11
CALSDV   35   14  0.1244E-11  0.1238E-11
CALSDV   36   14  0.1236E-11  0.1236E-11
CALSDV   37   14  0.1232E-11  0.1226E-11
CALSDV   38   14  0.1253E-11  0.1252E-11
CALSDV   39   14  0.1232E-11  0.1226E-11
CALSDV   40   14  0.1273E-11  0.1272E-11
CALSDV   41   14  0.1242E-11  0.1237E-11
CALSDV   42   14  0.1296E-11  0.1296E-11
CALSDV   43   14  0.1263E-11  0.1258E-11
CALSDV   44   14  0.1326E-11  0.1325E-11
CALSDV   45   14  0.1293E-11  0.1289E-11
CALSDV   46   14  0.1362E-11  0.1361E-11
CALSDV   47   14  0.1334E-11  0.1330E-11
CALSDV   48   14  0.1407E-11  0.1405E-11
CALSDV   49   14  0.1385E-11  0.1381E-11
CALSDV   50   14  0.1460E-11  0.1458E-11
CALSDV   51   14  0.1447E-11  0.1442E-11
CALSDV   52   14  0.1524E-11  0.1522E-11
CALSDV   53   14  0.1521E-11  0.1518E-11
CALSDV   54   14  0.1600E-11  0.1598E-11
CALSDV   55   14  0.1609E-11  0.1605E-11
CALSDV   56   14  0.1691E-11  0.1689E-11
CALSDV   57   14  0.1717E-11  0.1714E-11
CALSDV   58   14  0.1806E-11  0.1803E-11
CALSDV   59   14  0.1869E-11  0.1865E-11
CALSDV   60   14  0.1937E-11  0.1934E-11
CALSDV   15   15  0.4260E-11  0.4182E-11
CALSDV   16   15  0.4584E-11  0.4614E-11
CALSDV   17   15  0.3156E-11  0.3197E-11
CALSDV   18   15  0.2479E-11  0.2491E-11
CALSDV   19   15  0.2742E-11  0.2763E-11
CALSDV   20   15  0.1855E-11  0.1868E-11
CALSDV   21   15  0.2144E-11  0.2148E-11
CALSDV   22   15  0.1635E-11  0.1650E-11
CALSDV   23   15  0.1691E-11  0.1701E-11
CALSDV   24   15  0.1492E-11  0.1500E-11
CALSDV   25   15  0.1420E-11  0.1430E-11
CALSDV   26   15  0.1372E-11  0.1378E-11
CALSDV   27   15  0.1282E-11  0.1289E-11
CALSDV   28   15  0.1277E-11  0.1285E-11
CALSDV   29   15  0.1219E-11  0.1228E-11
CALSDV   30   15  0.1210E-11  0.1217E-11
CALSDV   31   15  0.1197E-11  0.1207E-11
CALSDV   32   15  0.1169E-11  0.1177E-11
CALSDV   33   15  0.1196E-11  0.1206E-11
CALSDV   34   15  0.1150E-11  0.1158E-11
CALSDV   35   15  0.1205E-11  0.1216E-11
CALSDV   36   15  0.1148E-11  0.1157E-11
CALSDV   37   15  0.1221E-11  0.1232E-11
CALSDV   38   15  0.1160E-11  0.1169E-11
CALSDV   39   15  0.1241E-11  0.1253E-11
CALSDV   40   15  0.1182E-11  0.1193E-11
CALSDV   41   15  0.1266E-11  0.1279E-11
CALSDV   42   15  0.1214E-11  0.1225E-11
CALSDV   43   15  0.1297E-11  0.1310E-11
CALSDV   44   15  0.1255E-11  0.1267E-11
CALSDV   45   15  0.1333E-11  0.1347E-11
CALSDV   46   15  0.1304E-11  0.1317E-11
CALSDV   47   15  0.1376E-11  0.1392E-11
CALSDV   48   15  0.1360E-11  0.1375E-11
CALSDV   49   15  0.1427E-11  0.1443E-11
CALSDV   50   15  0.1426E-11  0.1442E-11
CALSDV   51   15  0.1487E-11  0.1505E-11
CALSDV   52   15  0.1500E-11  0.1518E-11
CALSDV   53   15  0.1557E-11  0.1577E-11
CALSDV   54   15  0.1585E-11  0.1606E-11
CALSDV   55   15  0.1640E-11  0.1662E-11
CALSDV   56   15  0.1683E-11  0.1705E-11
CALSDV   57   15  0.1743E-11  0.1766E-11
CALSDV   58   15  0.1802E-11  0.1826E-11
CALSDV   59   15  0.1893E-11  0.1919E-11
CALSDV   60   15  0.1932E-11  0.1957E-11
CALSDV   16   16  0.3337E-11  0.3330E-11
CALSDV   17   16  0.4265E-11  0.4229E-11
CALSDV   18   16  0.3126E-11  0.3116E-11
CALSDV   19   16  0.2243E-11  0.2207E-11
CALSDV   20   16  0.2667E-11  0.2665E-11
CALSDV   21   16  0.1838E-11  0.1815E-11
CALSDV   22   16  0.2007E-11  0.2007E-11
CALSDV   23   16  0.1751E-11  0.1738E-11
CALSDV   24   16  0.1558E-11  0.1559E-11
CALSDV   25   16  0.1660E-11  0.1656E-11
CALSDV   26   16  0.1345E-11  0.1342E-11
CALSDV   27   16  0.1564E-11  0.1559E-11
CALSDV   28   16  0.1291E-11  0.1279E-11
CALSDV   29   16  0.1476E-11  0.1474E-11
CALSDV   30   16  0.1300E-11  0.1291E-11
CALSDV   31   16  0.1410E-11  0.1405E-11
CALSDV   32   16  0.1331E-11  0.1323E-11
CALSDV   33   16  0.1366E-11  0.1359E-11
CALSDV   34   16  0.1365E-11  0.1359E-11
CALSDV   35   16  0.1340E-11  0.1335E-11
CALSDV   36   16  0.1396E-11  0.1387E-11
CALSDV   37   16  0.1331E-11  0.1326E-11
CALSDV   38   16  0.1422E-11  0.1416E-11
CALSDV   39   16  0.1336E-11  0.1329E-11
CALSDV   40   16  0.1447E-11  0.1441E-11
CALSDV   41   16  0.1351E-11  0.1346E-11
CALSDV   42   16  0.1472E-11  0.1466E-11
CALSDV   43   16  0.1375E-11  0.1370E-11
CALSDV   44   16  0.1499E-11  0.1493E-11
CALSDV   45   16  0.1408E-11  0.1402E-11
CALSDV   46   16  0.1530E-11  0.1523E-11
CALSDV   47   16  0.1449E-11  0.1443E-11
CALSDV   48   16  0.1566E-11  0.1560E-11
CALSDV   49   16  0.1498E-11  0.1492E-11
CALSDV   50   16  0.1609E-11  0.1603E-11
CALSDV   51   16  0.1555E-11  0.1550E-11
CALSDV   52   16  0.1660E-11  0.1655E-11
CALSDV   53   16  0.1623E-11  0.1617E-11
CALSDV   54   16  0.1724E-11  0.1718E-11
CALSDV   55   16  0.1702E-11  0.1696E-11
CALSDV   56   16  0.1800E-11  0.1794E-11
CALSDV   57   16  0.1800E-11  0.1794E-11
CALSDV   58   16  0.1900E-11  0.1893E-11
CALSDV   59   16  0.1951E-11  0.1945E-11
CALSDV   60   16  0.2026E-11  0.2021E-11
CALSDV   17   17  0.3115E-11  0.3120E-11
CALSDV   18   17  0.3746E-11  0.3731E-11
CALSDV   19   17  0.3026E-11  0.3012E-11
CALSDV   20   17  0.2091E-11  0.2089E-11
CALSDV   21   17  0.2657E-11  0.2655E-11
CALSDV   22   17  0.1950E-11  0.1944E-11
CALSDV   23   17  0.2052E-11  0.2051E-11
CALSDV   24   17  0.1870E-11  0.1862E-11
CALSDV   25   17  0.1609E-11  0.1607E-11
CALSDV   26   17  0.1708E-11  0.1701E-11
CALSDV   27   17  0.1362E-11  0.1357E-11
CALSDV   28   17  0.1529E-11  0.1525E-11
CALSDV   29   17  0.1256E-11  0.1250E-11
CALSDV   30   17  0.1378E-11  0.1374E-11
CALSDV   31   17  0.1227E-11  0.1222E-11
CALSDV   32   17  0.1271E-11  0.1269E-11
CALSDV   33   17  0.1235E-11  0.1230E-11
CALSDV   34   17  0.1211E-11  0.1210E-11
CALSDV   35   17  0.1258E-11  0.1254E-11
CALSDV   36   17  0.1191E-11  0.1189E-11
CALSDV   37   17  0.1287E-11  0.1283E-11
CALSDV   38   17  0.1199E-11  0.1199E-11
CALSDV   39   17  0.1319E-11  0.1316E-11
CALSDV   40   17  0.1230E-11  0.1228E-11
CALSDV   41   17  0.1354E-11  0.1351E-11
CALSDV   42   17  0.1274E-11  0.1272E-11
CALSDV   43   17  0.1392E-11  0.1389E-11
CALSDV   44   17  0.1328E-11  0.1325E-11
CALSDV   45   17  0.1435E-11  0.1431E-11
CALSDV   46   17  0.1389E-11  0.1386E-11
CALSDV   47   17  0.1481E-11  0.1477E-11
CALSDV   48   17  0.1456E-11  0.1452E-11
CALSDV   49   17  0.1534E-11  0.1529E-11
CALSDV   50   17  0.1527E-11  0.1523E-11
CALSDV   51   17  0.1594E-11  0.1588E-11
CALSDV   52   17  0.1606E-11  0.1600E-11
CALSDV   53   17  0.1662E-11  0.1656E-11
CALSDV   54   17  0.1692E-11  0.1686E-11
CALSDV   55   17  0.1740E-11  0.1733E-11
CALSDV   56   17  0.1787E-11  0.1779E-11
CALSDV   57   17  0.1834E-11  0.1828E-11
CALSDV   58   17  0.1898E-11  0.1891E-11
CALSDV   59   17  0.1983E-11  0.1975E-11
CALSDV   60   17  0.2029E-11  0.2021E-11
CALSDV   18   18  0.3806E-11  0.3807E-11
CALSDV   19   18  0.3845E-11  0.3871E-11
CALSDV   20   18  0.3314E-11  0.3332E-11
CALSDV   21   18  0.2007E-11  0.2030E-11
CALSDV   22   18  0.2819E-11  0.2829E-11
CALSDV   23   18  0.1837E-11  0.1846E-11
CALSDV   24   18  0.2111E-11  0.2117E-11
CALSDV   25   18  0.1823E-11  0.1824E-11
CALSDV   26   18  0.1629E-11  0.1634E-11
CALSDV   27   18  0.1735E-11  0.1734E-11
CALSDV   28   18  0.1418E-11  0.1420E-11
CALSDV   29   18  0.1623E-11  0.1622E-11
CALSDV   30   18  0.1386E-11  0.1387E-11
CALSDV   31   18  0.1527E-11  0.1525E-11
CALSDV   32   18  0.1429E-11  0.1428E-11
CALSDV   33   18  0.1461E-11  0.1459E-11
CALSDV   34   18  0.1487E-11  0.1486E-11
CALSDV   35   18  0.1427E-11  0.1427E-11
CALSDV   36   18  0.1541E-11  0.1541E-11
CALSDV   37   18  0.1419E-11  0.1419E-11
CALSDV   38   18  0.1584E-11  0.1585E-11
CALSDV   39   18  0.1431E-11  0.1431E-11
CALSDV   40   18  0.1620E-11  0.1621E-11
CALSDV   41   18  0.1455E-11  0.1456E-11
CALSDV   42   18  0.1649E-11  0.1651E-11
CALSDV   43   18  0.1489E-11  0.1489E-11
CALSDV   44   18  0.1676E-11  0.1678E-11
CALSDV   45   18  0.1528E-11  0.1529E-11
CALSDV   46   18  0.1703E-11  0.1706E-11
CALSDV   47   18  0.1573E-11  0.1574E-11
CALSDV   48   18  0.1732E-11  0.1735E-11
CALSDV   49   18  0.1622E-11  0.1624E-11
CALSDV   50   18  0.1766E-11  0.1769E-11
CALSDV   51   18  0.1677E-11  0.1678E-11
CALSDV   52   18  0.1806E-11  0.1808E-11
CALSDV   53   18  0.1739E-11  0.1740E-11
CALSDV   54   18  0.1855E-11  0.1857E-11
CALSDV   55   18  0.1807E-11  0.1808E-11
CALSDV   56   18  0.1915E-11  0.1916E-11
CALSDV   57   18  0.1891E-11  0.1892E-11
CALSDV   58   18  0.1995E-11  0.1996E-11
CALSDV   59   18  0.2034E-11  0.2036E-11
CALSDV   60   18  0.2112E-11  0.2113E-11
CALSDV   19   19  0.3080E-11  0.3074E-11
CALSDV   20   19  0.3646E-11  0.3627E-11
CALSDV   21   19  0.3053E-11  0.3045E-11
CALSDV   22   19  0.2028E-11  0.2011E-11
CALSDV   23   19  0.2679E-11  0.2672E-11
CALSDV   24   19  0.2065E-11  0.2056E-11
CALSDV   25   19  0.2095E-11  0.2089E-11
CALSDV   26   19  0.2077E-11  0.2066E-11
CALSDV   27   19  0.1685E-11  0.1681E-11
CALSDV   28   19  0.1946E-11  0.1931E-11
CALSDV   29   19  0.1466E-11  0.1466E-11
CALSDV   30   19  0.1769E-11  0.1751E-11
CALSDV   31   19  0.1380E-11  0.1379E-11
CALSDV   32   19  0.1605E-11  0.1588E-11
CALSDV   33   19  0.1359E-11  0.1360E-11
CALSDV   34   19  0.1484E-11  0.1468E-11
CALSDV   35   19  0.1369E-11  0.1369E-11
CALSDV   36   19  0.1416E-11  0.1400E-11
CALSDV   37   19  0.1394E-11  0.1392E-11
CALSDV   38   19  0.1391E-11  0.1376E-11
CALSDV   39   19  0.1424E-11  0.1422E-11
CALSDV   40   19  0.1400E-11  0.1387E-11
CALSDV   41   19  0.1458E-11  0.1456E-11
CALSDV   42   19  0.1433E-11  0.1421E-11
CALSDV   43   19  0.1497E-11  0.1495E-11
CALSDV   44   19  0.1482E-11  0.1470E-11
CALSDV   45   19  0.1540E-11  0.1537E-11
CALSDV   46   19  0.1538E-11  0.1529E-11
CALSDV   47   19  0.1589E-11  0.1585E-11
CALSDV   48   19  0.1603E-11  0.1593E-11
CALSDV   49   19  0.1642E-11  0.1637E-11
CALSDV   50   19  0.1670E-11  0.1662E-11
CALSDV   51   19  0.1699E-11  0.1695E-11
CALSDV   52   19  0.1742E-11  0.1734E-11
CALSDV   53   19  0.1764E-11  0.1759E-11
CALSDV   54   19  0.1820E-11  0.1812E-11
CALSDV   55   19  0.1835E-11  0.1830E-11
CALSDV   56   19  0.1902E-11  0.1895E-11
CALSDV   57   19  0.1919E-11  0.1914E-11
CALSDV   58   19  0.1999E-11  0.1992E-11
CALSDV   59   19  0.2061E-11  0.2055E-11
CALSDV   60   19  0.2120E-11  0.2114E-11
CALSDV   20   20  0.3641E-11  0.3626E-11
CALSDV   21   20  0.3743E-11  0.3755E-11
CALSDV   22   20  0.3414E-11  0.3419E-11
CALSDV   23   20  0.1987E-11  0.1996E-11
CALSDV   24   20  0.2949E-11  0.2951E-11
CALSDV   25   20  0.1942E-11  0.1949E-11
CALSDV   26   20  0.2224E-11  0.2227E-11
CALSDV   27   20  0.1947E-11  0.1950E-11
CALSDV   28   20  0.1724E-11  0.1727E-11
CALSDV   29   20  0.1837E-11  0.1835E-11
CALSDV   30   20  0.1503E-11  0.1510E-11
CALSDV   31   20  0.1696E-11  0.1691E-11
CALSDV   32   20  0.1475E-11  0.1483E-11
CALSDV   33   20  0.1582E-11  0.1575E-11
CALSDV   34   20  0.1530E-11  0.1537E-11
CALSDV   35   20  0.1513E-11  0.1508E-11
CALSDV   36   20  0.1601E-11  0.1607E-11
CALSDV   37   20  0.1491E-11  0.1488E-11
CALSDV   38   20  0.1668E-11  0.1672E-11
CALSDV   39   20  0.1505E-11  0.1502E-11
CALSDV   40   20  0.1722E-11  0.1726E-11
CALSDV   41   20  0.1540E-11  0.1538E-11
CALSDV   42   20  0.1767E-11  0.1771E-11
CALSDV   43   20  0.1587E-11  0.1587E-11
CALSDV   44   20  0.1805E-11  0.1808E-11
CALSDV   45   20  0.1641E-11  0.1641E-11
CALSDV   46   20  0.1838E-11  0.1840E-11
CALSDV   47   20  0.1696E-11  0.1696E-11
CALSDV   48   20  0.1869E-11  0.1873E-11
CALSDV   49   20  0.1751E-11  0.1753E-11
CALSDV   50   20  0.1902E-11  0.1905E-11
CALSDV   51   20  0.1807E-11  0.1810E-11
CALSDV   52   20  0.1937E-11  0.1941E-11
CALSDV   53   20  0.1865E-11  0.1867E-11
CALSDV   54   20  0.1979E-11  0.1983E-11
CALSDV   55   20  0.1924E-11  0.1927E-11
CALSDV   56   20  0.2027E-11  0.2031E-11
CALSDV   57   20  0.1992E-11  0.1997E-11
CALSDV   58   20  0.2092E-11  0.2096E-11
CALSDV   59   20  0.2123E-11  0.2128E-11
CALSDV   60   20  0.2194E-11  0.2199E-11
CALSDV   21   21  0.3232E-11  0.3217E-11
CALSDV   22   21  0.3645E-11  0.3666E-11
CALSDV   23   21  0.3101E-11  0.3101E-11
CALSDV   24   21  0.1980E-11  0.1975E-11
CALSDV   25   21  0.2694E-11  0.2691E-11
CALSDV   26   21  0.2157E-11  0.2152E-11
CALSDV   27   21  0.2129E-11  0.2126E-11
CALSDV   28   21  0.2250E-11  0.2244E-11
CALSDV   29   21  0.1772E-11  0.1773E-11
CALSDV   30   21  0.2149E-11  0.2146E-11
CALSDV   31   21  0.1606E-11  0.1611E-11
CALSDV   32   21  0.1977E-11  0.1977E-11
CALSDV   33   21  0.1552E-11  0.1558E-11
CALSDV   34   21  0.1813E-11  0.1815E-11
CALSDV   35   21  0.1545E-11  0.1553E-11
CALSDV   36   21  0.1693E-11  0.1695E-11
CALSDV   37   21  0.1558E-11  0.1565E-11
CALSDV   38   21  0.1625E-11  0.1627E-11
CALSDV   39   21  0.1579E-11  0.1586E-11
CALSDV   40   21  0.1603E-11  0.1606E-11
CALSDV   41   21  0.1606E-11  0.1612E-11
CALSDV   42   21  0.1617E-11  0.1621E-11
CALSDV   43   21  0.1638E-11  0.1644E-11
CALSDV   44   21  0.1655E-11  0.1658E-11
CALSDV   45   21  0.1676E-11  0.1682E-11
CALSDV   46   21  0.1707E-11  0.1710E-11
CALSDV   47   21  0.1720E-11  0.1725E-11
CALSDV   48   21  0.1765E-11  0.1769E-11
CALSDV   49   21  0.1769E-11  0.1774E-11
CALSDV   50   21  0.1828E-11  0.1833E-11
CALSDV   51   21  0.1822E-11  0.1827E-11
CALSDV   52   21  0.1892E-11  0.1899E-11
CALSDV   53   21  0.1880E-11  0.1886E-11
CALSDV   54   21  0.1959E-11  0.1964E-11
CALSDV   55   21  0.1942E-11  0.1947E-11
CALSDV   56   21  0.2026E-11  0.2033E-11
CALSDV   57   21  0.2012E-11  0.2019E-11
CALSDV   58   21  0.2104E-11  0.2111E-11
CALSDV   59   21  0.2140E-11  0.2147E-11
CALSDV   60   21  0.2211E-11  0.2218E-11
CALSDV   22   22  0.3337E-11  0.3330E-11
CALSDV   23   22  0.3728E-11  0.3728E-11
CALSDV   24   22  0.3449E-11  0.3439E-11
CALSDV   25   22  0.1994E-11  0.2001E-11
CALSDV   26   22  0.3010E-11  0.3013E-11
CALSDV   27   22  0.2069E-11  0.2070E-11
CALSDV   28   22  0.2296E-11  0.2300E-11
CALSDV   29   22  0.2094E-11  0.2096E-11
CALSDV   30   22  0.1807E-11  0.1817E-11
CALSDV   31   22  0.1957E-11  0.1956E-11
CALSDV   32   22  0.1603E-11  0.1610E-11
CALSDV   33   22  0.1779E-11  0.1779E-11
CALSDV   34   22  0.1585E-11  0.1589E-11
CALSDV   35   22  0.1639E-11  0.1641E-11
CALSDV   36   22  0.1641E-11  0.1647E-11
CALSDV   37   22  0.1568E-11  0.1569E-11
CALSDV   38   22  0.1717E-11  0.1720E-11
CALSDV   39   22  0.1561E-11  0.1562E-11
CALSDV   40   22  0.1788E-11  0.1789E-11
CALSDV   41   22  0.1599E-11  0.1599E-11
CALSDV   42   22  0.1847E-11  0.1849E-11
CALSDV   43   22  0.1661E-11  0.1661E-11
CALSDV   44   22  0.1899E-11  0.1900E-11
CALSDV   45   22  0.1733E-11  0.1735E-11
CALSDV   46   22  0.1943E-11  0.1946E-11
CALSDV   47   22  0.1806E-11  0.1809E-11
CALSDV   48   22  0.1984E-11  0.1985E-11
CALSDV   49   22  0.1875E-11  0.1877E-11
CALSDV   50   22  0.2022E-11  0.2023E-11
CALSDV   51   22  0.1940E-11  0.1941E-11
CALSDV   52   22  0.2060E-11  0.2061E-11
CALSDV   53   22  0.1998E-11  0.2000E-11
CALSDV   54   22  0.2099E-11  0.2101E-11
CALSDV   55   22  0.2050E-11  0.2051E-11
CALSDV   56   22  0.2140E-11  0.2141E-11
CALSDV   57   22  0.2103E-11  0.2107E-11
CALSDV   58   22  0.2191E-11  0.2195E-11
CALSDV   59   22  0.2216E-11  0.2220E-11
CALSDV   60   22  0.2281E-11  0.2279E-11
CALSDV   23   23  0.3067E-11  0.3470E-11
CALSDV   24   23  0.3743E-11  0.3742E-11
CALSDV   25   23  0.3125E-11  0.3180E-11
CALSDV   26   23  0.1946E-11  0.1991E-11
CALSDV   27   23  0.2701E-11  0.2719E-11
CALSDV   28   23  0.2216E-11  0.2236E-11
CALSDV   29   23  0.2148E-11  0.2155E-11
CALSDV   30   23  0.2382E-11  0.2368E-11
CALSDV   31   23  0.1859E-11  0.1839E-11
CALSDV   32   23  0.2327E-11  0.2272E-11
CALSDV   33   23  0.1774E-11  0.1720E-11
CALSDV   34   23  0.2186E-11  0.2093E-11
CALSDV   35   23  0.1780E-11  0.1695E-11
CALSDV   36   23  0.2049E-11  0.1922E-11
CALSDV   37   23  0.1805E-11  0.1700E-11
CALSDV   38   23  0.1952E-11  0.1803E-11
CALSDV   39   23  0.1831E-11  0.1715E-11
CALSDV   40   23  0.1903E-11  0.1747E-11
CALSDV   41   23  0.1854E-11  0.1737E-11
CALSDV   42   23  0.1896E-11  0.1743E-11
CALSDV   43   23  0.1878E-11  0.1765E-11
CALSDV   44   23  0.1916E-11  0.1778E-11
CALSDV   45   23  0.1903E-11  0.1800E-11
CALSDV   46   23  0.1953E-11  0.1833E-11
CALSDV   47   23  0.1933E-11  0.1843E-11
CALSDV   48   23  0.2001E-11  0.1900E-11
CALSDV   49   23  0.1966E-11  0.1893E-11
CALSDV   50   23  0.2050E-11  0.1968E-11
CALSDV   51   23  0.2004E-11  0.1946E-11
CALSDV   52   23  0.2098E-11  0.2038E-11
CALSDV   53   23  0.2045E-11  0.2004E-11
CALSDV   54   23  0.2146E-11  0.2104E-11
CALSDV   55   23  0.2087E-11  0.2062E-11
CALSDV   56   23  0.2190E-11  0.2163E-11
CALSDV   57   23  0.2134E-11  0.2122E-11
CALSDV   58   23  0.2238E-11  0.2226E-11
CALSDV   59   23  0.2239E-11  0.2236E-11
CALSDV   60   23  0.2321E-11  0.2311E-11
CALSDV   24   24  0.3197E-11  0.3209E-11
CALSDV   25   24  0.3786E-11  0.3790E-11
CALSDV   26   24  0.3498E-11  0.3499E-11
CALSDV   27   24  0.2047E-11  0.2055E-11
CALSDV   28   24  0.3059E-11  0.3065E-11
CALSDV   29   24  0.2222E-11  0.2224E-11
CALSDV   30   24  0.2363E-11  0.2367E-11
CALSDV   31   24  0.2266E-11  0.2268E-11
CALSDV   32   24  0.1914E-11  0.1913E-11
CALSDV   33   24  0.2103E-11  0.2106E-11
CALSDV   34   24  0.1736E-11  0.1736E-11
CALSDV   35   24  0.1891E-11  0.1894E-11
CALSDV   36   24  0.1723E-11  0.1725E-11
CALSDV   37   24  0.1727E-11  0.1733E-11
CALSDV   38   24  0.1777E-11  0.1779E-11
CALSDV   39   24  0.1654E-11  0.1657E-11
CALSDV   40   24  0.1845E-11  0.1847E-11
CALSDV   41   24  0.1662E-11  0.1666E-11
CALSDV   42   24  0.1912E-11  0.1915E-11
CALSDV   43   24  0.1725E-11  0.1729E-11
CALSDV   44   24  0.1972E-11  0.1975E-11
CALSDV   45   24  0.1814E-11  0.1816E-11
CALSDV   46   24  0.2028E-11  0.2031E-11
CALSDV   47   24  0.1907E-11  0.1909E-11
CALSDV   48   24  0.2079E-11  0.2083E-11
CALSDV   49   24  0.1996E-11  0.1997E-11
CALSDV   50   24  0.2129E-11  0.2129E-11
CALSDV   51   24  0.2072E-11  0.2072E-11
CALSDV   52   24  0.2173E-11  0.2175E-11
CALSDV   53   24  0.2135E-11  0.2136E-11
CALSDV   54   24  0.2217E-11  0.2217E-11
CALSDV   55   24  0.2185E-11  0.2183E-11
CALSDV   56   24  0.2256E-11  0.2255E-11
CALSDV   57   24  0.2224E-11  0.2224E-11
CALSDV   58   24  0.2298E-11  0.2297E-11
CALSDV   59   24  0.2316E-11  0.2314E-11
CALSDV   60   24  0.2367E-11  0.2366E-11
CALSDV   25   25  0.3285E-11  0.3274E-11
CALSDV   26   25  0.3875E-11  0.3888E-11
CALSDV   27   25  0.3272E-11  0.3299E-11
CALSDV   28   25  0.2025E-11  0.2036E-11
CALSDV   29   25  0.2785E-11  0.2805E-11
CALSDV   30   25  0.2320E-11  0.2321E-11
CALSDV   31   25  0.2203E-11  0.2212E-11
CALSDV   32   25  0.2489E-11  0.2484E-11
CALSDV   33   25  0.1927E-11  0.1934E-11
CALSDV   34   25  0.2419E-11  0.2409E-11
CALSDV   35   25  0.1876E-11  0.1884E-11
CALSDV   36   25  0.2265E-11  0.2256E-11
CALSDV   37   25  0.1909E-11  0.1918E-11
CALSDV   38   25  0.2129E-11  0.2120E-11
CALSDV   39   25  0.1952E-11  0.1965E-11
CALSDV   40   25  0.2048E-11  0.2042E-11
CALSDV   41   25  0.1988E-11  0.2001E-11
CALSDV   42   25  0.2028E-11  0.2023E-11
CALSDV   43   25  0.2017E-11  0.2032E-11
CALSDV   44   25  0.2051E-11  0.2048E-11
CALSDV   45   25  0.2046E-11  0.2062E-11
CALSDV   46   25  0.2100E-11  0.2097E-11
CALSDV   47   25  0.2078E-11  0.2093E-11
CALSDV   48   25  0.2159E-11  0.2156E-11
CALSDV   49   25  0.2113E-11  0.2126E-11
CALSDV   50   25  0.2217E-11  0.2217E-11
CALSDV   51   25  0.2149E-11  0.2162E-11
CALSDV   52   25  0.2269E-11  0.2271E-11
CALSDV   53   25  0.2188E-11  0.2198E-11
CALSDV   54   25  0.2314E-11  0.2315E-11
CALSDV   55   25  0.2222E-11  0.2229E-11
CALSDV   56   25  0.2347E-11  0.2349E-11
CALSDV   57   25  0.2256E-11  0.2260E-11
CALSDV   58   25  0.2377E-11  0.2378E-11
CALSDV   59   25  0.2338E-11  0.2343E-11
CALSDV   60   25  0.2429E-11  0.2432E-11
CALSDV   26   26  0.3145E-11  0.3149E-11
CALSDV   27   26  0.3917E-11  0.3902E-11
CALSDV   28   26  0.3586E-11  0.3577E-11
CALSDV   29   26  0.2162E-11  0.2154E-11
CALSDV   30   26  0.3126E-11  0.3119E-11
CALSDV   31   26  0.2416E-11  0.2410E-11
CALSDV   32   26  0.2441E-11  0.2439E-11
CALSDV   33   26  0.2473E-11  0.2466E-11
CALSDV   34   26  0.2036E-11  0.2030E-11
CALSDV   35   26  0.2285E-11  0.2280E-11
CALSDV   36   26  0.1893E-11  0.1885E-11
CALSDV   37   26  0.2042E-11  0.2035E-11
CALSDV   38   26  0.1890E-11  0.1881E-11
CALSDV   39   26  0.1861E-11  0.1853E-11
CALSDV   40   26  0.1937E-11  0.1928E-11
CALSDV   41   26  0.1787E-11  0.1780E-11
CALSDV   42   26  0.1994E-11  0.1987E-11
CALSDV   43   26  0.1814E-11  0.1806E-11
CALSDV   44   26  0.2055E-11  0.2047E-11
CALSDV   45   26  0.1901E-11  0.1890E-11
CALSDV   46   26  0.2115E-11  0.2107E-11
CALSDV   47   26  0.2010E-11  0.1999E-11
CALSDV   48   26  0.2175E-11  0.2168E-11
CALSDV   49   26  0.2117E-11  0.2107E-11
CALSDV   50   26  0.2235E-11  0.2226E-11
CALSDV   51   26  0.2211E-11  0.2201E-11
CALSDV   52   26  0.2290E-11  0.2282E-11
CALSDV   53   26  0.2282E-11  0.2271E-11
CALSDV   54   26  0.2339E-11  0.2329E-11
CALSDV   55   26  0.2329E-11  0.2318E-11
CALSDV   56   26  0.2378E-11  0.2369E-11
CALSDV   57   26  0.2355E-11  0.2345E-11
CALSDV   58   26  0.2412E-11  0.2403E-11
CALSDV   59   26  0.2421E-11  0.2411E-11
CALSDV   60   26  0.2460E-11  0.2453E-11
CALSDV   27   27  0.3200E-11  0.3216E-11
CALSDV   28   27  0.4043E-11  0.4041E-11
CALSDV   29   27  0.3517E-11  0.3512E-11
CALSDV   30   27  0.2144E-11  0.2154E-11
CALSDV   31   27  0.2971E-11  0.2960E-11
CALSDV   32   27  0.2449E-11  0.2459E-11
CALSDV   33   27  0.2313E-11  0.2314E-11
CALSDV   34   27  0.2597E-11  0.2602E-11
CALSDV   35   27  0.2030E-11  0.2031E-11
CALSDV   36   27  0.2494E-11  0.2494E-11
CALSDV   37   27  0.2014E-11  0.2008E-11
CALSDV   38   27  0.2320E-11  0.2319E-11
CALSDV   39   27  0.2085E-11  0.2074E-11
CALSDV   40   27  0.2188E-11  0.2184E-11
CALSDV   41   27  0.2159E-11  0.2142E-11
CALSDV   42   27  0.2134E-11  0.2132E-11
CALSDV   43   27  0.2217E-11  0.2193E-11
CALSDV   44   27  0.2153E-11  0.2151E-11
CALSDV   45   27  0.2260E-11  0.2233E-11
CALSDV   46   27  0.2216E-11  0.2215E-11
CALSDV   47   27  0.2295E-11  0.2269E-11
CALSDV   48   27  0.2297E-11  0.2295E-11
CALSDV   49   27  0.2326E-11  0.2303E-11
CALSDV   50   27  0.2374E-11  0.2374E-11
CALSDV   51   27  0.2356E-11  0.2336E-11
CALSDV   52   27  0.2442E-11  0.2440E-11
CALSDV   53   27  0.2384E-11  0.2366E-11
CALSDV   54   27  0.2490E-11  0.2489E-11
CALSDV   55   27  0.2398E-11  0.2385E-11
CALSDV   56   27  0.2513E-11  0.2512E-11
CALSDV   57   27  0.2405E-11  0.2395E-11
CALSDV   58   27  0.2522E-11  0.2522E-11
CALSDV   59   27  0.2452E-11  0.2449E-11
CALSDV   60   27  0.2542E-11  0.2543E-11
CALSDV   28   28  0.3122E-11  0.3127E-11
CALSDV   29   28  0.4059E-11  0.4057E-11
CALSDV   30   28  0.3690E-11  0.3703E-11
CALSDV   31   28  0.2279E-11  0.2277E-11
CALSDV   32   28  0.3191E-11  0.3198E-11
CALSDV   33   28  0.2611E-11  0.2615E-11
CALSDV   34   28  0.2519E-11  0.2526E-11
CALSDV   35   28  0.2679E-11  0.2684E-11
CALSDV   36   28  0.2161E-11  0.2168E-11
CALSDV   37   28  0.2471E-11  0.2476E-11
CALSDV   38   28  0.2054E-11  0.2062E-11
CALSDV   39   28  0.2203E-11  0.2209E-11
CALSDV   40   28  0.2060E-11  0.2067E-11
CALSDV   41   28  0.2011E-11  0.2022E-11
CALSDV   42   28  0.2099E-11  0.2106E-11
CALSDV   43   28  0.1947E-11  0.1956E-11
CALSDV   44   28  0.2147E-11  0.2153E-11
CALSDV   45   28  0.1995E-11  0.2003E-11
CALSDV   46   28  0.2203E-11  0.2207E-11
CALSDV   47   28  0.2102E-11  0.2108E-11
CALSDV   48   28  0.2264E-11  0.2268E-11
CALSDV   49   28  0.2225E-11  0.2231E-11
CALSDV   50   28  0.2329E-11  0.2333E-11
CALSDV   51   28  0.2337E-11  0.2341E-11
CALSDV   52   28  0.2395E-11  0.2398E-11
CALSDV   53   28  0.2422E-11  0.2426E-11
CALSDV   54   28  0.2454E-11  0.2457E-11
CALSDV   55   28  0.2472E-11  0.2473E-11
CALSDV   56   28  0.2498E-11  0.2498E-11
CALSDV   57   28  0.2487E-11  0.2486E-11
CALSDV   58   28  0.2525E-11  0.2524E-11
CALSDV   59   28  0.2523E-11  0.2524E-11
CALSDV   60   28  0.2552E-11  0.2553E-11
CALSDV   29   29  0.3018E-11  0.2975E-11
CALSDV   30   29  0.4238E-11  0.4234E-11
CALSDV   31   29  0.3839E-11  0.3793E-11
CALSDV   32   29  0.2338E-11  0.2324E-11
CALSDV   33   29  0.3232E-11  0.3215E-11
CALSDV   34   29  0.2654E-11  0.2649E-11
CALSDV   35   29  0.2493E-11  0.2483E-11
CALSDV   36   29  0.2764E-11  0.2763E-11
CALSDV   37   29  0.2162E-11  0.2164E-11
CALSDV   38   29  0.2617E-11  0.2618E-11
CALSDV   39   29  0.2142E-11  0.2147E-11
CALSDV   40   29  0.2425E-11  0.2427E-11
CALSDV   41   29  0.2226E-11  0.2237E-11
CALSDV   42   29  0.2307E-11  0.2310E-11
CALSDV   43   29  0.2319E-11  0.2333E-11
CALSDV   44   29  0.2293E-11  0.2299E-11
CALSDV   45   29  0.2392E-11  0.2409E-11
CALSDV   46   29  0.2358E-11  0.2367E-11
CALSDV   47   29  0.2447E-11  0.2467E-11
CALSDV   48   29  0.2458E-11  0.2471E-11
CALSDV   49   29  0.2495E-11  0.2511E-11
CALSDV   50   29  0.2561E-11  0.2574E-11
CALSDV   51   29  0.2531E-11  0.2545E-11
CALSDV   52   29  0.2645E-11  0.2656E-11
CALSDV   53   29  0.2557E-11  0.2569E-11
CALSDV   54   29  0.2698E-11  0.2709E-11
CALSDV   55   29  0.2566E-11  0.2575E-11
CALSDV   56   29  0.2711E-11  0.2723E-11
CALSDV   57   29  0.2550E-11  0.2560E-11
CALSDV   58   29  0.2691E-11  0.2701E-11
CALSDV   59   29  0.2569E-11  0.2572E-11
CALSDV   60   29  0.2672E-11  0.2675E-11
CALSDV   30   30  0.3340E-11  0.3408E-11
CALSDV   31   30  0.4452E-11  0.4445E-11
CALSDV   32   30  0.3922E-11  0.3903E-11
CALSDV   33   30  0.2537E-11  0.2540E-11
CALSDV   34   30  0.3332E-11  0.3333E-11
CALSDV   35   30  0.2827E-11  0.2824E-11
CALSDV   36   30  0.2658E-11  0.2665E-11
CALSDV   37   30  0.2892E-11  0.2886E-11
CALSDV   38   30  0.2363E-11  0.2363E-11
CALSDV   39   30  0.2690E-11  0.2687E-11
CALSDV   40   30  0.2311E-11  0.2303E-11
CALSDV   41   30  0.2444E-11  0.2443E-11
CALSDV   42   30  0.2340E-11  0.2322E-11
CALSDV   43   30  0.2290E-11  0.2291E-11
CALSDV   44   30  0.2378E-11  0.2358E-11
CALSDV   45   30  0.2258E-11  0.2265E-11
CALSDV   46   30  0.2415E-11  0.2394E-11
CALSDV   47   30  0.2324E-11  0.2331E-11
CALSDV   48   30  0.2458E-11  0.2441E-11
CALSDV   49   30  0.2432E-11  0.2442E-11
CALSDV   50   30  0.2508E-11  0.2497E-11
CALSDV   51   30  0.2539E-11  0.2550E-11
CALSDV   52   30  0.2564E-11  0.2559E-11
CALSDV   53   30  0.2621E-11  0.2629E-11
CALSDV   54   30  0.2619E-11  0.2615E-11
CALSDV   55   30  0.2661E-11  0.2666E-11
CALSDV   56   30  0.2656E-11  0.2654E-11
CALSDV   57   30  0.2654E-11  0.2660E-11
CALSDV   58   30  0.2668E-11  0.2669E-11
CALSDV   59   30  0.2649E-11  0.2650E-11
CALSDV   60   30  0.2667E-11  0.2663E-11
CALSDV   31   31  0.3086E-11  0.3120E-11
CALSDV   32   31  0.4457E-11  0.4455E-11
CALSDV   33   31  0.4078E-11  0.4102E-11
CALSDV   34   31  0.2574E-11  0.2548E-11
CALSDV   35   31  0.3488E-11  0.3524E-11
CALSDV   36   31  0.2912E-11  0.2906E-11
CALSDV   37   31  0.2729E-11  0.2758E-11
CALSDV   38   31  0.2984E-11  0.2967E-11
CALSDV   39   31  0.2376E-11  0.2393E-11
CALSDV   40   31  0.2789E-11  0.2761E-11
CALSDV   41   31  0.2329E-11  0.2337E-11
CALSDV   42   31  0.2568E-11  0.2543E-11
CALSDV   43   31  0.2392E-11  0.2406E-11
CALSDV   44   31  0.2457E-11  0.2446E-11
CALSDV   45   31  0.2470E-11  0.2497E-11
CALSDV   46   31  0.2480E-11  0.2477E-11
CALSDV   47   31  0.2545E-11  0.2575E-11
CALSDV   48   31  0.2587E-11  0.2587E-11
CALSDV   49   31  0.2610E-11  0.2639E-11
CALSDV   50   31  0.2718E-11  0.2719E-11
CALSDV   51   31  0.2665E-11  0.2691E-11
CALSDV   52   31  0.2833E-11  0.2831E-11
CALSDV   53   31  0.2705E-11  0.2724E-11
CALSDV   54   31  0.2904E-11  0.2899E-11
CALSDV   55   31  0.2720E-11  0.2730E-11
CALSDV   56   31  0.2921E-11  0.2913E-11
CALSDV   57   31  0.2703E-11  0.2706E-11
CALSDV   58   31  0.2884E-11  0.2874E-11
CALSDV   59   31  0.2687E-11  0.2689E-11
CALSDV   60   31  0.2814E-11  0.2810E-11
CALSDV   32   32  0.3080E-11  0.3094E-11
CALSDV   33   32  0.4385E-11  0.4394E-11
CALSDV   34   32  0.4022E-11  0.4043E-11
CALSDV   35   32  0.2561E-11  0.2555E-11
CALSDV   36   32  0.3400E-11  0.3420E-11
CALSDV   37   32  0.3035E-11  0.3027E-11
CALSDV   38   32  0.2721E-11  0.2730E-11
CALSDV   39   32  0.3099E-11  0.3087E-11
CALSDV   40   32  0.2457E-11  0.2453E-11
CALSDV   41   32  0.2843E-11  0.2822E-11
CALSDV   42   32  0.2424E-11  0.2421E-11
CALSDV   43   32  0.2545E-11  0.2519E-11
CALSDV   44   32  0.2452E-11  0.2450E-11
CALSDV   45   32  0.2374E-11  0.2344E-11
CALSDV   46   32  0.2489E-11  0.2486E-11
CALSDV   47   32  0.2363E-11  0.2337E-11
CALSDV   48   32  0.2529E-11  0.2527E-11
CALSDV   49   32  0.2463E-11  0.2440E-11
CALSDV   50   32  0.2585E-11  0.2582E-11
CALSDV   51   32  0.2600E-11  0.2582E-11
CALSDV   52   32  0.2654E-11  0.2652E-11
CALSDV   53   32  0.2719E-11  0.2706E-11
CALSDV   54   32  0.2725E-11  0.2722E-11
CALSDV   55   32  0.2783E-11  0.2777E-11
CALSDV   56   32  0.2775E-11  0.2774E-11
CALSDV   57   32  0.2786E-11  0.2781E-11
CALSDV   58   32  0.2793E-11  0.2793E-11
CALSDV   59   32  0.2762E-11  0.2759E-11
CALSDV   60   32  0.2774E-11  0.2773E-11
CALSDV   33   33  0.3166E-11  0.3158E-11
CALSDV   34   33  0.4522E-11  0.4522E-11
CALSDV   35   33  0.4361E-11  0.4364E-11
CALSDV   36   33  0.2586E-11  0.2591E-11
CALSDV   37   33  0.3654E-11  0.3643E-11
CALSDV   38   33  0.3046E-11  0.3051E-11
CALSDV   39   33  0.2796E-11  0.2787E-11
CALSDV   40   33  0.3106E-11  0.3107E-11
CALSDV   41   33  0.2464E-11  0.2461E-11
CALSDV   42   33  0.2857E-11  0.2855E-11
CALSDV   43   33  0.2512E-11  0.2514E-11
CALSDV   44   33  0.2597E-11  0.2595E-11
CALSDV   45   33  0.2668E-11  0.2668E-11
CALSDV   46   33  0.2490E-11  0.2488E-11
CALSDV   47   33  0.2809E-11  0.2810E-11
CALSDV   48   33  0.2544E-11  0.2542E-11
CALSDV   49   33  0.2908E-11  0.2911E-11
CALSDV   50   33  0.2688E-11  0.2687E-11
CALSDV   51   33  0.2969E-11  0.2973E-11
CALSDV   52   33  0.2851E-11  0.2843E-11
CALSDV   53   33  0.2996E-11  0.2997E-11
CALSDV   54   33  0.2973E-11  0.2965E-11
CALSDV   55   33  0.2981E-11  0.2980E-11
CALSDV   56   33  0.3026E-11  0.3018E-11
CALSDV   57   33  0.2918E-11  0.2915E-11
CALSDV   58   33  0.3004E-11  0.2996E-11
CALSDV   59   33  0.2841E-11  0.2840E-11
CALSDV   60   33  0.2919E-11  0.2917E-11
CALSDV   34   34  0.3126E-11  0.3123E-11
CALSDV   35   34  0.4514E-11  0.4515E-11
CALSDV   36   34  0.4233E-11  0.4237E-11
CALSDV   37   34  0.2679E-11  0.2681E-11
CALSDV   38   34  0.3542E-11  0.3542E-11
CALSDV   39   34  0.3248E-11  0.3252E-11
CALSDV   40   34  0.2846E-11  0.2848E-11
CALSDV   41   34  0.3317E-11  0.3318E-11
CALSDV   42   34  0.2608E-11  0.2611E-11
CALSDV   43   34  0.3047E-11  0.3047E-11
CALSDV   44   34  0.2597E-11  0.2603E-11
CALSDV   45   34  0.2758E-11  0.2757E-11
CALSDV   46   34  0.2629E-11  0.2634E-11
CALSDV   47   34  0.2622E-11  0.2624E-11
CALSDV   48   34  0.2663E-11  0.2668E-11
CALSDV   49   34  0.2647E-11  0.2653E-11
CALSDV   50   34  0.2707E-11  0.2711E-11
CALSDV   51   34  0.2763E-11  0.2770E-11
CALSDV   52   34  0.2771E-11  0.2775E-11
CALSDV   53   34  0.2889E-11  0.2894E-11
CALSDV   54   34  0.2846E-11  0.2849E-11
CALSDV   55   34  0.2963E-11  0.2969E-11
CALSDV   56   34  0.2906E-11  0.2911E-11
CALSDV   57   34  0.2954E-11  0.2962E-11
CALSDV   58   34  0.2924E-11  0.2930E-11
CALSDV   59   34  0.2891E-11  0.2898E-11
CALSDV   60   34  0.2884E-11  0.2888E-11
CALSDV   35   35  0.3103E-11  0.3112E-11
CALSDV   36   35  0.4693E-11  0.4697E-11
CALSDV   37   35  0.4668E-11  0.4686E-11
CALSDV   38   35  0.2765E-11  0.2772E-11
CALSDV   39   35  0.3891E-11  0.3911E-11
CALSDV   40   35  0.3283E-11  0.3281E-11
CALSDV   41   35  0.2968E-11  0.2982E-11
CALSDV   42   35  0.3297E-11  0.3302E-11
CALSDV   43   35  0.2626E-11  0.2628E-11
CALSDV   44   35  0.3003E-11  0.3005E-11
CALSDV   45   35  0.2691E-11  0.2691E-11
CALSDV   46   35  0.2744E-11  0.2742E-11
CALSDV   47   35  0.2863E-11  0.2868E-11
CALSDV   48   35  0.2684E-11  0.2680E-11
CALSDV   49   35  0.3017E-11  0.3025E-11
CALSDV   50   35  0.2798E-11  0.2794E-11
CALSDV   51   35  0.3122E-11  0.3131E-11
CALSDV   52   35  0.2977E-11  0.2977E-11
CALSDV   53   35  0.3177E-11  0.3181E-11
CALSDV   54   35  0.3135E-11  0.3134E-11
CALSDV   55   35  0.3169E-11  0.3175E-11
CALSDV   56   35  0.3212E-11  0.3215E-11
CALSDV   57   35  0.3097E-11  0.3100E-11
CALSDV   58   35  0.3186E-11  0.3190E-11
CALSDV   59   35  0.2978E-11  0.2980E-11
CALSDV   60   35  0.3065E-11  0.3064E-11
CALSDV   36   36  0.3339E-11  0.3332E-11
CALSDV   37   36  0.4684E-11  0.4677E-11
CALSDV   38   36  0.4495E-11  0.4484E-11
CALSDV   39   36  0.2853E-11  0.2850E-11
CALSDV   40   36  0.3711E-11  0.3711E-11
CALSDV   41   36  0.3502E-11  0.3490E-11
CALSDV   42   36  0.3003E-11  0.2998E-11
CALSDV   43   36  0.3572E-11  0.3558E-11
CALSDV   44   36  0.2804E-11  0.2808E-11
CALSDV   45   36  0.3306E-11  0.3298E-11
CALSDV   46   36  0.2833E-11  0.2834E-11
CALSDV   47   36  0.3060E-11  0.3051E-11
CALSDV   48   36  0.2887E-11  0.2881E-11
CALSDV   49   36  0.2982E-11  0.2972E-11
CALSDV   50   36  0.2930E-11  0.2926E-11
CALSDV   51   36  0.3040E-11  0.3035E-11
CALSDV   52   36  0.2978E-11  0.2978E-11
CALSDV   53   36  0.3142E-11  0.3140E-11
CALSDV   54   36  0.3039E-11  0.3038E-11
CALSDV   55   36  0.3203E-11  0.3205E-11
CALSDV   56   36  0.3088E-11  0.3088E-11
CALSDV   57   36  0.3174E-11  0.3175E-11
CALSDV   58   36  0.3094E-11  0.3097E-11
CALSDV   59   36  0.3056E-11  0.3056E-11
CALSDV   60   36  0.3019E-11  0.3019E-11
CALSDV   37   37  0.3071E-11  0.3072E-11
CALSDV   38   37  0.4867E-11  0.4882E-11
CALSDV   39   37  0.4983E-11  0.4984E-11
CALSDV   40   37  0.2980E-11  0.2978E-11
CALSDV   41   37  0.4122E-11  0.4130E-11
CALSDV   42   37  0.3533E-11  0.3536E-11
CALSDV   43   37  0.3138E-11  0.3144E-11
CALSDV   44   37  0.3495E-11  0.3491E-11
CALSDV   45   37  0.2795E-11  0.2796E-11
CALSDV   46   37  0.3140E-11  0.3139E-11
CALSDV   47   37  0.2884E-11  0.2885E-11
CALSDV   48   37  0.2875E-11  0.2878E-11
CALSDV   49   37  0.3074E-11  0.3078E-11
CALSDV   50   37  0.2863E-11  0.2866E-11
CALSDV   51   37  0.3234E-11  0.3242E-11
CALSDV   52   37  0.3030E-11  0.3035E-11
CALSDV   53   37  0.3332E-11  0.3335E-11
CALSDV   54   37  0.3228E-11  0.3233E-11
CALSDV   55   37  0.3348E-11  0.3355E-11
CALSDV   56   37  0.3351E-11  0.3358E-11
CALSDV   57   37  0.3275E-11  0.3281E-11
CALSDV   58   37  0.3349E-11  0.3357E-11
CALSDV   59   37  0.3120E-11  0.3124E-11
CALSDV   60   37  0.3205E-11  0.3207E-11
CALSDV   38   38  0.3427E-11  0.3472E-11
CALSDV   39   38  0.4882E-11  0.4867E-11
CALSDV   40   38  0.4768E-11  0.4777E-11
CALSDV   41   38  0.3053E-11  0.3056E-11
CALSDV   42   38  0.3894E-11  0.3907E-11
CALSDV   43   38  0.3762E-11  0.3748E-11
CALSDV   44   38  0.3164E-11  0.3166E-11
CALSDV   45   38  0.3833E-11  0.3820E-11
CALSDV   46   38  0.3015E-11  0.3006E-11
CALSDV   47   38  0.3601E-11  0.3589E-11
CALSDV   48   38  0.3080E-11  0.3074E-11
CALSDV   49   38  0.3428E-11  0.3408E-11
CALSDV   50   38  0.3151E-11  0.3152E-11
CALSDV   51   38  0.3408E-11  0.3388E-11
CALSDV   52   38  0.3211E-11  0.3211E-11
CALSDV   53   38  0.3477E-11  0.3454E-11
CALSDV   54   38  0.3267E-11  0.3258E-11
CALSDV   55   38  0.3516E-11  0.3491E-11
CALSDV   56   38  0.3307E-11  0.3292E-11
CALSDV   57   38  0.3452E-11  0.3423E-11
CALSDV   58   38  0.3298E-11  0.3273E-11
CALSDV   59   38  0.3256E-11  0.3237E-11
CALSDV   60   38  0.3171E-11  0.3164E-11
CALSDV   39   39  0.3172E-11  0.3173E-11
CALSDV   40   39  0.5074E-11  0.5054E-11
CALSDV   41   39  0.5318E-11  0.5295E-11
CALSDV   42   39  0.3226E-11  0.3227E-11
CALSDV   43   39  0.4340E-11  0.4341E-11
CALSDV   44   39  0.3812E-11  0.3803E-11
CALSDV   45   39  0.3290E-11  0.3306E-11
CALSDV   46   39  0.3690E-11  0.3690E-11
CALSDV   47   39  0.2985E-11  0.2980E-11
CALSDV   48   39  0.3278E-11  0.3286E-11
CALSDV   49   39  0.3114E-11  0.3115E-11
CALSDV   50   39  0.3034E-11  0.3038E-11
CALSDV   51   39  0.3327E-11  0.3323E-11
CALSDV   52   39  0.3088E-11  0.3083E-11
CALSDV   53   39  0.3477E-11  0.3482E-11
CALSDV   54   39  0.3294E-11  0.3293E-11
CALSDV   55   39  0.3531E-11  0.3539E-11
CALSDV   56   39  0.3469E-11  0.3474E-11
CALSDV   57   39  0.3465E-11  0.3477E-11
CALSDV   58   39  0.3503E-11  0.3516E-11
CALSDV   59   39  0.3276E-11  0.3280E-11
CALSDV   60   39  0.3350E-11  0.3351E-11
CALSDV   40   40  0.3574E-11  0.3573E-11
CALSDV   41   40  0.5141E-11  0.5134E-11
CALSDV   42   40  0.5178E-11  0.5162E-11
CALSDV   43   40  0.3326E-11  0.3304E-11
CALSDV   44   40  0.4176E-11  0.4162E-11
CALSDV   45   40  0.4031E-11  0.4016E-11
CALSDV   46   40  0.3362E-11  0.3347E-11
CALSDV   47   40  0.4099E-11  0.4082E-11
CALSDV   48   40  0.3235E-11  0.3233E-11
CALSDV   49   40  0.3911E-11  0.3896E-11
CALSDV   50   40  0.3364E-11  0.3376E-11
CALSDV   51   40  0.3807E-11  0.3792E-11
CALSDV   52   40  0.3490E-11  0.3509E-11
CALSDV   53   40  0.3819E-11  0.3810E-11
CALSDV   54   40  0.3566E-11  0.3589E-11
CALSDV   55   40  0.3837E-11  0.3828E-11
CALSDV   56   40  0.3592E-11  0.3611E-11
CALSDV   57   40  0.3737E-11  0.3729E-11
CALSDV   58   40  0.3543E-11  0.3554E-11
CALSDV   59   40  0.3465E-11  0.3457E-11
CALSDV   60   40  0.3359E-11  0.3357E-11
CALSDV   41   41  0.3353E-11  0.3351E-11
CALSDV   42   41  0.5266E-11  0.5263E-11
CALSDV   43   41  0.5660E-11  0.5649E-11
CALSDV   44   41  0.3530E-11  0.3523E-11
CALSDV   45   41  0.4547E-11  0.4540E-11
CALSDV   46   41  0.4113E-11  0.4109E-11
CALSDV   47   41  0.3453E-11  0.3452E-11
CALSDV   48   41  0.3908E-11  0.3910E-11
CALSDV   49   41  0.3194E-11  0.3200E-11
CALSDV   50   41  0.3466E-11  0.3465E-11
CALSDV   51   41  0.3386E-11  0.3389E-11
CALSDV   52   41  0.3269E-11  0.3262E-11
CALSDV   53   41  0.3608E-11  0.3611E-11
CALSDV   54   41  0.3379E-11  0.3374E-11
CALSDV   55   41  0.3720E-11  0.3724E-11
CALSDV   56   41  0.3581E-11  0.3583E-11
CALSDV   57   41  0.3677E-11  0.3682E-11
CALSDV   58   41  0.3665E-11  0.3668E-11
CALSDV   59   41  0.3450E-11  0.3452E-11
CALSDV   60   41  0.3504E-11  0.3503E-11
CALSDV   42   42  0.3696E-11  0.3699E-11
CALSDV   43   42  0.5436E-11  0.5435E-11
CALSDV   44   42  0.5696E-11  0.5669E-11
CALSDV   45   42  0.3631E-11  0.3621E-11
CALSDV   46   42  0.4500E-11  0.4490E-11
CALSDV   47   42  0.4286E-11  0.4283E-11
CALSDV   48   42  0.3553E-11  0.3549E-11
CALSDV   49   42  0.4287E-11  0.4292E-11
CALSDV   50   42  0.3485E-11  0.3484E-11
CALSDV   51   42  0.4100E-11  0.4106E-11
CALSDV   52   42  0.3735E-11  0.3728E-11
CALSDV   53   42  0.4033E-11  0.4035E-11
CALSDV   54   42  0.3933E-11  0.3913E-11
CALSDV   55   42  0.4039E-11  0.4042E-11
CALSDV   56   42  0.3992E-11  0.3970E-11
CALSDV   57   42  0.3955E-11  0.3958E-11
CALSDV   58   42  0.3902E-11  0.3883E-11
CALSDV   59   42  0.3653E-11  0.3649E-11
CALSDV   60   42  0.3608E-11  0.3600E-11
CALSDV   43   43  0.3544E-11  0.3527E-11
CALSDV   44   43  0.5464E-11  0.5495E-11
CALSDV   45   43  0.6037E-11  0.6020E-11
CALSDV   46   43  0.3852E-11  0.3857E-11
CALSDV   47   43  0.4732E-11  0.4727E-11
CALSDV   48   43  0.4421E-11  0.4424E-11
CALSDV   49   43  0.3603E-11  0.3604E-11
CALSDV   50   43  0.4135E-11  0.4146E-11
CALSDV   51   43  0.3450E-11  0.3458E-11
CALSDV   52   43  0.3687E-11  0.3706E-11
CALSDV   53   43  0.3708E-11  0.3722E-11
CALSDV   54   43  0.3558E-11  0.3584E-11
CALSDV   55   43  0.3911E-11  0.3920E-11
CALSDV   56   43  0.3705E-11  0.3723E-11
CALSDV   57   43  0.3910E-11  0.3916E-11
CALSDV   58   43  0.3823E-11  0.3837E-11
CALSDV   59   43  0.3647E-11  0.3655E-11
CALSDV   60   43  0.3665E-11  0.3675E-11
CALSDV   44   44  0.3806E-11  0.3804E-11
CALSDV   45   44  0.5801E-11  0.5785E-11
CALSDV   46   44  0.6254E-11  0.6256E-11
CALSDV   47   44  0.3991E-11  0.3986E-11
CALSDV   48   44  0.4828E-11  0.4831E-11
CALSDV   49   44  0.4583E-11  0.4583E-11
CALSDV   50   44  0.3750E-11  0.3753E-11
CALSDV   51   44  0.4535E-11  0.4536E-11
CALSDV   52   44  0.3793E-11  0.3779E-11
CALSDV   53   44  0.4361E-11  0.4359E-11
CALSDV   54   44  0.4163E-11  0.4138E-11
CALSDV   55   44  0.4292E-11  0.4291E-11
CALSDV   56   44  0.4359E-11  0.4337E-11
CALSDV   57   44  0.4193E-11  0.4199E-11
CALSDV   58   44  0.4282E-11  0.4272E-11
CALSDV   59   44  0.3855E-11  0.3861E-11
CALSDV   60   44  0.3896E-11  0.3892E-11
CALSDV   45   45  0.3882E-11  0.3874E-11
CALSDV   46   45  0.5895E-11  0.5867E-11
CALSDV   47   45  0.6469E-11  0.6479E-11
CALSDV   48   45  0.4235E-11  0.4273E-11
CALSDV   49   45  0.4927E-11  0.4918E-11
CALSDV   50   45  0.4803E-11  0.4817E-11
CALSDV   51   45  0.3842E-11  0.3845E-11
CALSDV   52   45  0.4534E-11  0.4538E-11
CALSDV   53   45  0.3892E-11  0.3907E-11
CALSDV   54   45  0.4169E-11  0.4178E-11
CALSDV   55   45  0.4196E-11  0.4217E-11
CALSDV   56   45  0.4094E-11  0.4089E-11
CALSDV   57   45  0.4256E-11  0.4265E-11
CALSDV   58   45  0.4123E-11  0.4107E-11
CALSDV   59   45  0.3931E-11  0.3931E-11
CALSDV   60   45  0.3900E-11  0.3891E-11
CALSDV   46   46  0.4303E-11  0.4305E-11
CALSDV   47   46  0.6289E-11  0.6299E-11
CALSDV   48   46  0.6795E-11  0.6792E-11
CALSDV   49   46  0.4517E-11  0.4529E-11
CALSDV   50   46  0.5232E-11  0.5167E-11
CALSDV   51   46  0.5056E-11  0.5078E-11
CALSDV   52   46  0.4152E-11  0.4105E-11
CALSDV   53   46  0.4963E-11  0.4969E-11
CALSDV   54   46  0.4266E-11  0.4243E-11
CALSDV   55   46  0.4740E-11  0.4728E-11
CALSDV   56   46  0.4609E-11  0.4582E-11
CALSDV   57   46  0.4535E-11  0.4510E-11
CALSDV   58   46  0.4636E-11  0.4605E-11
CALSDV   59   46  0.4109E-11  0.4094E-11
CALSDV   60   46  0.4195E-11  0.4180E-11
CALSDV   47   47  0.3777E-11  0.3843E-11
CALSDV   48   47  0.6070E-11  0.6058E-11
CALSDV   49   47  0.6782E-11  0.6816E-11
CALSDV   50   47  0.4578E-11  0.4635E-11
CALSDV   51   47  0.4959E-11  0.4983E-11
CALSDV   52   47  0.5088E-11  0.5115E-11
CALSDV   53   47  0.3980E-11  0.4012E-11
CALSDV   54   47  0.4764E-11  0.4759E-11
CALSDV   55   47  0.4227E-11  0.4251E-11
CALSDV   56   47  0.4449E-11  0.4426E-11
CALSDV   57   47  0.4470E-11  0.4491E-11
CALSDV   58   47  0.4358E-11  0.4338E-11
CALSDV   59   47  0.4187E-11  0.4203E-11
CALSDV   60   47  0.4105E-11  0.4095E-11
CALSDV   48   48  0.3908E-11  0.3949E-11
CALSDV   49   48  0.6452E-11  0.6418E-11
CALSDV   50   48  0.7143E-11  0.7129E-11
CALSDV   51   48  0.4629E-11  0.4614E-11
CALSDV   52   48  0.5101E-11  0.5101E-11
CALSDV   53   48  0.5028E-11  0.5040E-11
CALSDV   54   48  0.4133E-11  0.4129E-11
CALSDV   55   48  0.4869E-11  0.4867E-11
CALSDV   56   48  0.4546E-11  0.4551E-11
CALSDV   57   48  0.4650E-11  0.4648E-11
CALSDV   58   48  0.4857E-11  0.4865E-11
CALSDV   59   48  0.4276E-11  0.4266E-11
CALSDV   60   48  0.4494E-11  0.4495E-11
CALSDV   49   49  0.3596E-11  0.3615E-11
CALSDV   50   49  0.6342E-11  0.6383E-11
CALSDV   51   49  0.7026E-11  0.7022E-11
CALSDV   52   49  0.4936E-11  0.4929E-11
CALSDV   53   49  0.4884E-11  0.4893E-11
CALSDV   54   49  0.5410E-11  0.5430E-11
CALSDV   55   49  0.4161E-11  0.4182E-11
CALSDV   56   49  0.5092E-11  0.5133E-11
CALSDV   57   49  0.4540E-11  0.4555E-11
CALSDV   58   49  0.4777E-11  0.4821E-11
CALSDV   59   49  0.4439E-11  0.4444E-11
CALSDV   60   49  0.4391E-11  0.4413E-11
CALSDV   50   50  0.3795E-11  0.3814E-11
CALSDV   51   50  0.6943E-11  0.6932E-11
CALSDV   52   50  0.7374E-11  0.7373E-11
CALSDV   53   50  0.4940E-11  0.4917E-11
CALSDV   54   50  0.5023E-11  0.5005E-11
CALSDV   55   50  0.5480E-11  0.5464E-11
CALSDV   56   50  0.4389E-11  0.4362E-11
CALSDV   57   50  0.5320E-11  0.5315E-11
CALSDV   58   50  0.4913E-11  0.4893E-11
CALSDV   59   50  0.4728E-11  0.4726E-11
CALSDV   60   50  0.4764E-11  0.4755E-11
CALSDV   51   51  0.3445E-11  0.3403E-11
CALSDV   52   51  0.6861E-11  0.6838E-11
CALSDV   53   51  0.7115E-11  0.7160E-11
CALSDV   54   51  0.5306E-11  0.5319E-11
CALSDV   55   51  0.4793E-11  0.4815E-11
CALSDV   56   51  0.5889E-11  0.5858E-11
CALSDV   57   51  0.4556E-11  0.4569E-11
CALSDV   58   51  0.5586E-11  0.5540E-11
CALSDV   59   51  0.4686E-11  0.4697E-11
CALSDV   60   51  0.4900E-11  0.4871E-11
CALSDV   52   52  0.3668E-11  0.3628E-11
CALSDV   53   52  0.7218E-11  0.7216E-11
CALSDV   54   52  0.7378E-11  0.7384E-11
CALSDV   55   52  0.5268E-11  0.5267E-11
CALSDV   56   52  0.4811E-11  0.4846E-11
CALSDV   57   52  0.5894E-11  0.5891E-11
CALSDV   58   52  0.4736E-11  0.4755E-11
CALSDV   59   52  0.5303E-11  0.5300E-11
CALSDV   60   52  0.4957E-11  0.4963E-11
CALSDV   53   53  0.3160E-11  0.3157E-11
CALSDV   54   53  0.7208E-11  0.7328E-11
CALSDV   55   53  0.7069E-11  0.7027E-11
CALSDV   56   53  0.5758E-11  0.5725E-11
CALSDV   57   53  0.4946E-11  0.4856E-11
CALSDV   58   53  0.6402E-11  0.6376E-11
CALSDV   59   53  0.4919E-11  0.4888E-11
CALSDV   60   53  0.5615E-11  0.5621E-11
CALSDV   54   54  0.3584E-11  0.3558E-11
CALSDV   55   54  0.6950E-11  0.6987E-11
CALSDV   56   54  0.7157E-11  0.7106E-11
CALSDV   57   54  0.5741E-11  0.5742E-11
CALSDV   58   54  0.4793E-11  0.4844E-11
CALSDV   59   54  0.5952E-11  0.5989E-11
CALSDV   60   54  0.5059E-11  0.5070E-11
CALSDV   55   55  0.3395E-11  0.3342E-11
CALSDV   56   55  0.7221E-11  0.7223E-11
CALSDV   57   55  0.7035E-11  0.7072E-11
CALSDV   58   55  0.6350E-11  0.6340E-11
CALSDV   59   55  0.5404E-11  0.5421E-11
CALSDV   60   55  0.6502E-11  0.6482E-11
CALSDV   56   56  0.3735E-11  0.3732E-11
CALSDV   57   56  0.5910E-11  0.5914E-11
CALSDV   58   56  0.6844E-11  0.6843E-11
CALSDV   59   56  0.6299E-11  0.6287E-11
CALSDV   60   56  0.5293E-11  0.5300E-11
CALSDV   57   57  0.3971E-11  0.3918E-11
CALSDV   58   57  0.6251E-11  0.6238E-11
CALSDV   59   57  0.7686E-11  0.7721E-11
CALSDV   60   57  0.6760E-11  0.6772E-11
CALSDV   58   58  0.4029E-11  0.4080E-11
CALSDV   59   58  0.4784E-11  0.4739E-11
CALSDV   60   58  0.7370E-11  0.7484E-11
CALSDV   59   59  0.3531E-11  0.3361E-11
CALSDV   60   59  0.4995E-11  0.5079E-11
CALSDV   60   60  0.3679E-11  0.3543E-11
