  This file contains calibrated standard deviations 
       The relevant data lines start with key CALSDV 
       Each such line contains the following data 
           N   M   C_SIGMA   S_SIGMA 
                 FOR M=0 S_SIGMA=0.0 
     
CALSDV    0    0  0.0000E+00  0.0000E+00
CALSDV    1    0  0.0000E+00  0.0000E+00
CALSDV    2    0  0.1469E-09  0.0000E+00
CALSDV    3    0  0.1264E-10  0.0000E+00
CALSDV    4    0  0.5140E-11  0.0000E+00
CALSDV    5    0  0.3389E-11  0.0000E+00
CALSDV    6    0  0.2593E-11  0.0000E+00
CALSDV    7    0  0.2096E-11  0.0000E+00
CALSDV    8    0  0.1793E-11  0.0000E+00
CALSDV    9    0  0.1574E-11  0.0000E+00
CALSDV   10    0  0.1416E-11  0.0000E+00
CALSDV   11    0  0.1296E-11  0.0000E+00
CALSDV   12    0  0.1204E-11  0.0000E+00
CALSDV   13    0  0.1133E-11  0.0000E+00
CALSDV   14    0  0.1075E-11  0.0000E+00
CALSDV   15    0  0.1029E-11  0.0000E+00
CALSDV   16    0  0.9938E-12  0.0000E+00
CALSDV   17    0  0.9668E-12  0.0000E+00
CALSDV   18    0  0.9432E-12  0.0000E+00
CALSDV   19    0  0.9274E-12  0.0000E+00
CALSDV   20    0  0.9158E-12  0.0000E+00
CALSDV   21    0  0.9068E-12  0.0000E+00
CALSDV   22    0  0.9018E-12  0.0000E+00
CALSDV   23    0  0.9015E-12  0.0000E+00
CALSDV   24    0  0.9025E-12  0.0000E+00
CALSDV   25    0  0.9070E-12  0.0000E+00
CALSDV   26    0  0.9136E-12  0.0000E+00
CALSDV   27    0  0.9231E-12  0.0000E+00
CALSDV   28    0  0.9326E-12  0.0000E+00
CALSDV   29    0  0.9465E-12  0.0000E+00
CALSDV   30    0  0.9626E-12  0.0000E+00
CALSDV   31    0  0.9801E-12  0.0000E+00
CALSDV   32    0  0.9998E-12  0.0000E+00
CALSDV   33    0  0.1022E-11  0.0000E+00
CALSDV   34    0  0.1044E-11  0.0000E+00
CALSDV   35    0  0.1070E-11  0.0000E+00
CALSDV   36    0  0.1097E-11  0.0000E+00
CALSDV   37    0  0.1128E-11  0.0000E+00
CALSDV   38    0  0.1161E-11  0.0000E+00
CALSDV   39    0  0.1197E-11  0.0000E+00
CALSDV   40    0  0.1234E-11  0.0000E+00
CALSDV   41    0  0.1275E-11  0.0000E+00
CALSDV   42    0  0.1317E-11  0.0000E+00
CALSDV   43    0  0.1363E-11  0.0000E+00
CALSDV   44    0  0.1412E-11  0.0000E+00
CALSDV   45    0  0.1464E-11  0.0000E+00
CALSDV   46    0  0.1519E-11  0.0000E+00
CALSDV   47    0  0.1577E-11  0.0000E+00
CALSDV   48    0  0.1639E-11  0.0000E+00
CALSDV   49    0  0.1705E-11  0.0000E+00
CALSDV   50    0  0.1774E-11  0.0000E+00
CALSDV   51    0  0.1848E-11  0.0000E+00
CALSDV   52    0  0.1926E-11  0.0000E+00
CALSDV   53    0  0.2008E-11  0.0000E+00
CALSDV   54    0  0.2096E-11  0.0000E+00
CALSDV   55    0  0.2187E-11  0.0000E+00
CALSDV   56    0  0.2285E-11  0.0000E+00
CALSDV   57    0  0.2378E-11  0.0000E+00
CALSDV   58    0  0.2488E-11  0.0000E+00
CALSDV   59    0  0.2342E-11  0.0000E+00
CALSDV   60    0  0.2453E-11  0.0000E+00
CALSDV    1    1  0.0000E+00  0.0000E+00
CALSDV    2    1  0.3784E-10  0.3741E-10
CALSDV    3    1  0.1096E-10  0.1127E-10
CALSDV    4    1  0.5256E-11  0.5289E-11
CALSDV    5    1  0.3512E-11  0.3541E-11
CALSDV    6    1  0.2681E-11  0.2699E-11
CALSDV    7    1  0.2176E-11  0.2191E-11
CALSDV    8    1  0.1842E-11  0.1855E-11
CALSDV    9    1  0.1613E-11  0.1624E-11
CALSDV   10    1  0.1443E-11  0.1452E-11
CALSDV   11    1  0.1316E-11  0.1324E-11
CALSDV   12    1  0.1220E-11  0.1228E-11
CALSDV   13    1  0.1144E-11  0.1152E-11
CALSDV   14    1  0.1087E-11  0.1093E-11
CALSDV   15    1  0.1040E-11  0.1046E-11
CALSDV   16    1  0.1001E-11  0.1007E-11
CALSDV   17    1  0.9708E-12  0.9761E-12
CALSDV   18    1  0.9485E-12  0.9545E-12
CALSDV   19    1  0.9307E-12  0.9367E-12
CALSDV   20    1  0.9182E-12  0.9237E-12
CALSDV   21    1  0.9102E-12  0.9158E-12
CALSDV   22    1  0.9051E-12  0.9106E-12
CALSDV   23    1  0.9031E-12  0.9086E-12
CALSDV   24    1  0.9038E-12  0.9094E-12
CALSDV   25    1  0.9081E-12  0.9136E-12
CALSDV   26    1  0.9138E-12  0.9198E-12
CALSDV   27    1  0.9232E-12  0.9290E-12
CALSDV   28    1  0.9340E-12  0.9399E-12
CALSDV   29    1  0.9475E-12  0.9536E-12
CALSDV   30    1  0.9623E-12  0.9682E-12
CALSDV   31    1  0.9801E-12  0.9862E-12
CALSDV   32    1  0.9988E-12  0.1005E-11
CALSDV   33    1  0.1021E-11  0.1027E-11
CALSDV   34    1  0.1043E-11  0.1050E-11
CALSDV   35    1  0.1070E-11  0.1077E-11
CALSDV   36    1  0.1097E-11  0.1104E-11
CALSDV   37    1  0.1127E-11  0.1135E-11
CALSDV   38    1  0.1160E-11  0.1167E-11
CALSDV   39    1  0.1195E-11  0.1203E-11
CALSDV   40    1  0.1232E-11  0.1241E-11
CALSDV   41    1  0.1273E-11  0.1281E-11
CALSDV   42    1  0.1316E-11  0.1324E-11
CALSDV   43    1  0.1361E-11  0.1370E-11
CALSDV   44    1  0.1409E-11  0.1419E-11
CALSDV   45    1  0.1461E-11  0.1471E-11
CALSDV   46    1  0.1516E-11  0.1526E-11
CALSDV   47    1  0.1574E-11  0.1584E-11
CALSDV   48    1  0.1636E-11  0.1647E-11
CALSDV   49    1  0.1701E-11  0.1712E-11
CALSDV   50    1  0.1771E-11  0.1782E-11
CALSDV   51    1  0.1844E-11  0.1856E-11
CALSDV   52    1  0.1922E-11  0.1935E-11
CALSDV   53    1  0.2003E-11  0.2017E-11
CALSDV   54    1  0.2091E-11  0.2105E-11
CALSDV   55    1  0.2181E-11  0.2196E-11
CALSDV   56    1  0.2279E-11  0.2295E-11
CALSDV   57    1  0.2373E-11  0.2389E-11
CALSDV   58    1  0.2482E-11  0.2499E-11
CALSDV   59    1  0.2340E-11  0.2356E-11
CALSDV   60    1  0.2450E-11  0.2467E-11
CALSDV    2    2  0.2966E-10  0.2285E-10
CALSDV    3    2  0.1539E-10  0.1541E-10
CALSDV    4    2  0.7251E-11  0.7307E-11
CALSDV    5    2  0.4454E-11  0.4465E-11
CALSDV    6    2  0.3274E-11  0.3280E-11
CALSDV    7    2  0.2527E-11  0.2534E-11
CALSDV    8    2  0.2107E-11  0.2110E-11
CALSDV    9    2  0.1796E-11  0.1802E-11
CALSDV   10    2  0.1589E-11  0.1591E-11
CALSDV   11    2  0.1428E-11  0.1431E-11
CALSDV   12    2  0.1310E-11  0.1313E-11
CALSDV   13    2  0.1217E-11  0.1220E-11
CALSDV   14    2  0.1147E-11  0.1149E-11
CALSDV   15    2  0.1089E-11  0.1091E-11
CALSDV   16    2  0.1045E-11  0.1048E-11
CALSDV   17    2  0.1011E-11  0.1013E-11
CALSDV   18    2  0.9829E-12  0.9848E-12
CALSDV   19    2  0.9614E-12  0.9647E-12
CALSDV   20    2  0.9455E-12  0.9477E-12
CALSDV   21    2  0.9341E-12  0.9364E-12
CALSDV   22    2  0.9270E-12  0.9294E-12
CALSDV   23    2  0.9239E-12  0.9261E-12
CALSDV   24    2  0.9234E-12  0.9257E-12
CALSDV   25    2  0.9267E-12  0.9293E-12
CALSDV   26    2  0.9305E-12  0.9329E-12
CALSDV   27    2  0.9386E-12  0.9409E-12
CALSDV   28    2  0.9488E-12  0.9514E-12
CALSDV   29    2  0.9615E-12  0.9640E-12
CALSDV   30    2  0.9757E-12  0.9782E-12
CALSDV   31    2  0.9933E-12  0.9958E-12
CALSDV   32    2  0.1011E-11  0.1014E-11
CALSDV   33    2  0.1033E-11  0.1036E-11
CALSDV   34    2  0.1055E-11  0.1058E-11
CALSDV   35    2  0.1082E-11  0.1084E-11
CALSDV   36    2  0.1108E-11  0.1111E-11
CALSDV   37    2  0.1139E-11  0.1142E-11
CALSDV   38    2  0.1171E-11  0.1174E-11
CALSDV   39    2  0.1206E-11  0.1209E-11
CALSDV   40    2  0.1243E-11  0.1246E-11
CALSDV   41    2  0.1283E-11  0.1286E-11
CALSDV   42    2  0.1326E-11  0.1329E-11
CALSDV   43    2  0.1371E-11  0.1375E-11
CALSDV   44    2  0.1420E-11  0.1423E-11
CALSDV   45    2  0.1471E-11  0.1475E-11
CALSDV   46    2  0.1526E-11  0.1530E-11
CALSDV   47    2  0.1584E-11  0.1589E-11
CALSDV   48    2  0.1646E-11  0.1651E-11
CALSDV   49    2  0.1712E-11  0.1716E-11
CALSDV   50    2  0.1781E-11  0.1786E-11
CALSDV   51    2  0.1855E-11  0.1859E-11
CALSDV   52    2  0.1933E-11  0.1938E-11
CALSDV   53    2  0.2015E-11  0.2020E-11
CALSDV   54    2  0.2103E-11  0.2108E-11
CALSDV   55    2  0.2194E-11  0.2200E-11
CALSDV   56    2  0.2292E-11  0.2298E-11
CALSDV   57    2  0.2388E-11  0.2394E-11
CALSDV   58    2  0.2497E-11  0.2503E-11
CALSDV   59    2  0.2376E-11  0.2380E-11
CALSDV   60    2  0.2486E-11  0.2491E-11
CALSDV    3    3  0.3315E-10  0.3218E-10
CALSDV    4    3  0.1337E-10  0.1320E-10
CALSDV    5    3  0.9385E-11  0.9293E-11
CALSDV    6    3  0.4997E-11  0.5013E-11
CALSDV    7    3  0.4575E-11  0.4552E-11
CALSDV    8    3  0.2878E-11  0.2881E-11
CALSDV    9    3  0.2803E-11  0.2791E-11
CALSDV   10    3  0.2005E-11  0.2008E-11
CALSDV   11    3  0.1989E-11  0.1982E-11
CALSDV   12    3  0.1564E-11  0.1566E-11
CALSDV   13    3  0.1562E-11  0.1557E-11
CALSDV   14    3  0.1317E-11  0.1318E-11
CALSDV   15    3  0.1316E-11  0.1313E-11
CALSDV   16    3  0.1166E-11  0.1166E-11
CALSDV   17    3  0.1167E-11  0.1164E-11
CALSDV   18    3  0.1071E-11  0.1070E-11
CALSDV   19    3  0.1074E-11  0.1073E-11
CALSDV   20    3  0.1015E-11  0.1014E-11
CALSDV   21    3  0.1022E-11  0.1020E-11
CALSDV   22    3  0.9830E-12  0.9824E-12
CALSDV   23    3  0.9920E-12  0.9908E-12
CALSDV   24    3  0.9687E-12  0.9678E-12
CALSDV   25    3  0.9806E-12  0.9794E-12
CALSDV   26    3  0.9700E-12  0.9692E-12
CALSDV   27    3  0.9852E-12  0.9841E-12
CALSDV   28    3  0.9831E-12  0.9821E-12
CALSDV   29    3  0.1001E-11  0.1000E-11
CALSDV   30    3  0.1005E-11  0.1005E-11
CALSDV   31    3  0.1027E-11  0.1026E-11
CALSDV   32    3  0.1038E-11  0.1036E-11
CALSDV   33    3  0.1062E-11  0.1061E-11
CALSDV   34    3  0.1081E-11  0.1079E-11
CALSDV   35    3  0.1109E-11  0.1108E-11
CALSDV   36    3  0.1132E-11  0.1131E-11
CALSDV   37    3  0.1165E-11  0.1163E-11
CALSDV   38    3  0.1192E-11  0.1190E-11
CALSDV   39    3  0.1229E-11  0.1227E-11
CALSDV   40    3  0.1263E-11  0.1262E-11
CALSDV   41    3  0.1305E-11  0.1303E-11
CALSDV   42    3  0.1346E-11  0.1344E-11
CALSDV   43    3  0.1392E-11  0.1391E-11
CALSDV   44    3  0.1439E-11  0.1437E-11
CALSDV   45    3  0.1492E-11  0.1490E-11
CALSDV   46    3  0.1545E-11  0.1543E-11
CALSDV   47    3  0.1604E-11  0.1602E-11
CALSDV   48    3  0.1665E-11  0.1663E-11
CALSDV   49    3  0.1731E-11  0.1729E-11
CALSDV   50    3  0.1800E-11  0.1798E-11
CALSDV   51    3  0.1874E-11  0.1872E-11
CALSDV   52    3  0.1952E-11  0.1949E-11
CALSDV   53    3  0.2035E-11  0.2033E-11
CALSDV   54    3  0.2122E-11  0.2120E-11
CALSDV   55    3  0.2215E-11  0.2213E-11
CALSDV   56    3  0.2313E-11  0.2310E-11
CALSDV   57    3  0.2413E-11  0.2410E-11
CALSDV   58    3  0.2522E-11  0.2519E-11
CALSDV   59    3  0.2442E-11  0.2440E-11
CALSDV   60    3  0.2551E-11  0.2549E-11
CALSDV    4    4  0.1502E-10  0.1556E-10
CALSDV    5    4  0.1410E-10  0.1463E-10
CALSDV    6    4  0.5990E-11  0.6070E-11
CALSDV    7    4  0.5265E-11  0.5374E-11
CALSDV    8    4  0.3402E-11  0.3441E-11
CALSDV    9    4  0.2945E-11  0.2976E-11
CALSDV   10    4  0.2299E-11  0.2322E-11
CALSDV   11    4  0.2045E-11  0.2057E-11
CALSDV   12    4  0.1754E-11  0.1771E-11
CALSDV   13    4  0.1608E-11  0.1616E-11
CALSDV   14    4  0.1450E-11  0.1465E-11
CALSDV   15    4  0.1361E-11  0.1367E-11
CALSDV   16    4  0.1266E-11  0.1276E-11
CALSDV   17    4  0.1212E-11  0.1216E-11
CALSDV   18    4  0.1152E-11  0.1160E-11
CALSDV   19    4  0.1118E-11  0.1122E-11
CALSDV   20    4  0.1079E-11  0.1087E-11
CALSDV   21    4  0.1061E-11  0.1065E-11
CALSDV   22    4  0.1038E-11  0.1044E-11
CALSDV   23    4  0.1030E-11  0.1033E-11
CALSDV   24    4  0.1017E-11  0.1022E-11
CALSDV   25    4  0.1016E-11  0.1019E-11
CALSDV   26    4  0.1011E-11  0.1016E-11
CALSDV   27    4  0.1017E-11  0.1020E-11
CALSDV   28    4  0.1019E-11  0.1023E-11
CALSDV   29    4  0.1030E-11  0.1034E-11
CALSDV   30    4  0.1039E-11  0.1043E-11
CALSDV   31    4  0.1054E-11  0.1058E-11
CALSDV   32    4  0.1068E-11  0.1073E-11
CALSDV   33    4  0.1089E-11  0.1093E-11
CALSDV   34    4  0.1108E-11  0.1112E-11
CALSDV   35    4  0.1133E-11  0.1137E-11
CALSDV   36    4  0.1158E-11  0.1162E-11
CALSDV   37    4  0.1188E-11  0.1192E-11
CALSDV   38    4  0.1216E-11  0.1221E-11
CALSDV   39    4  0.1251E-11  0.1256E-11
CALSDV   40    4  0.1285E-11  0.1290E-11
CALSDV   41    4  0.1325E-11  0.1330E-11
CALSDV   42    4  0.1366E-11  0.1371E-11
CALSDV   43    4  0.1411E-11  0.1416E-11
CALSDV   44    4  0.1458E-11  0.1464E-11
CALSDV   45    4  0.1510E-11  0.1515E-11
CALSDV   46    4  0.1563E-11  0.1569E-11
CALSDV   47    4  0.1621E-11  0.1627E-11
CALSDV   48    4  0.1682E-11  0.1688E-11
CALSDV   49    4  0.1747E-11  0.1754E-11
CALSDV   50    4  0.1816E-11  0.1823E-11
CALSDV   51    4  0.1890E-11  0.1896E-11
CALSDV   52    4  0.1967E-11  0.1975E-11
CALSDV   53    4  0.2050E-11  0.2058E-11
CALSDV   54    4  0.2138E-11  0.2145E-11
CALSDV   55    4  0.2231E-11  0.2239E-11
CALSDV   56    4  0.2329E-11  0.2337E-11
CALSDV   57    4  0.2432E-11  0.2440E-11
CALSDV   58    4  0.2541E-11  0.2550E-11
CALSDV   59    4  0.2497E-11  0.2505E-11
CALSDV   60    4  0.2609E-11  0.2618E-11
CALSDV    5    5  0.2502E-10  0.2494E-10
CALSDV    6    5  0.1067E-10  0.1085E-10
CALSDV    7    5  0.6958E-11  0.6962E-11
CALSDV    8    5  0.4502E-11  0.4526E-11
CALSDV    9    5  0.4118E-11  0.4115E-11
CALSDV   10    5  0.2853E-11  0.2861E-11
CALSDV   11    5  0.2872E-11  0.2871E-11
CALSDV   12    5  0.2150E-11  0.2154E-11
CALSDV   13    5  0.2193E-11  0.2194E-11
CALSDV   14    5  0.1755E-11  0.1758E-11
CALSDV   15    5  0.1783E-11  0.1782E-11
CALSDV   16    5  0.1514E-11  0.1515E-11
CALSDV   17    5  0.1526E-11  0.1526E-11
CALSDV   18    5  0.1355E-11  0.1357E-11
CALSDV   19    5  0.1359E-11  0.1359E-11
CALSDV   20    5  0.1247E-11  0.1248E-11
CALSDV   21    5  0.1249E-11  0.1249E-11
CALSDV   22    5  0.1175E-11  0.1175E-11
CALSDV   23    5  0.1178E-11  0.1178E-11
CALSDV   24    5  0.1132E-11  0.1133E-11
CALSDV   25    5  0.1139E-11  0.1138E-11
CALSDV   26    5  0.1110E-11  0.1110E-11
CALSDV   27    5  0.1119E-11  0.1119E-11
CALSDV   28    5  0.1105E-11  0.1105E-11
CALSDV   29    5  0.1116E-11  0.1117E-11
CALSDV   30    5  0.1112E-11  0.1113E-11
CALSDV   31    5  0.1128E-11  0.1128E-11
CALSDV   32    5  0.1135E-11  0.1135E-11
CALSDV   33    5  0.1154E-11  0.1154E-11
CALSDV   34    5  0.1168E-11  0.1168E-11
CALSDV   35    5  0.1191E-11  0.1191E-11
CALSDV   36    5  0.1211E-11  0.1211E-11
CALSDV   37    5  0.1239E-11  0.1239E-11
CALSDV   38    5  0.1265E-11  0.1266E-11
CALSDV   39    5  0.1298E-11  0.1299E-11
CALSDV   40    5  0.1330E-11  0.1331E-11
CALSDV   41    5  0.1369E-11  0.1369E-11
CALSDV   42    5  0.1407E-11  0.1408E-11
CALSDV   43    5  0.1451E-11  0.1451E-11
CALSDV   44    5  0.1497E-11  0.1498E-11
CALSDV   45    5  0.1547E-11  0.1547E-11
CALSDV   46    5  0.1600E-11  0.1601E-11
CALSDV   47    5  0.1656E-11  0.1657E-11
CALSDV   48    5  0.1717E-11  0.1717E-11
CALSDV   49    5  0.1780E-11  0.1781E-11
CALSDV   50    5  0.1849E-11  0.1850E-11
CALSDV   51    5  0.1922E-11  0.1922E-11
CALSDV   52    5  0.1999E-11  0.2000E-11
CALSDV   53    5  0.2081E-11  0.2082E-11
CALSDV   54    5  0.2169E-11  0.2170E-11
CALSDV   55    5  0.2261E-11  0.2262E-11
CALSDV   56    5  0.2360E-11  0.2361E-11
CALSDV   57    5  0.2464E-11  0.2465E-11
CALSDV   58    5  0.2575E-11  0.2576E-11
CALSDV   59    5  0.2561E-11  0.2561E-11
CALSDV   60    5  0.2675E-11  0.2676E-11
CALSDV    6    6  0.1191E-10  0.1204E-10
CALSDV    7    6  0.1328E-10  0.1319E-10
CALSDV    8    6  0.5837E-11  0.5861E-11
CALSDV    9    6  0.6365E-11  0.6302E-11
CALSDV   10    6  0.3901E-11  0.3887E-11
CALSDV   11    6  0.3827E-11  0.3797E-11
CALSDV   12    6  0.2762E-11  0.2748E-11
CALSDV   13    6  0.2671E-11  0.2656E-11
CALSDV   14    6  0.2120E-11  0.2112E-11
CALSDV   15    6  0.2063E-11  0.2058E-11
CALSDV   16    6  0.1741E-11  0.1735E-11
CALSDV   17    6  0.1713E-11  0.1710E-11
CALSDV   18    6  0.1506E-11  0.1503E-11
CALSDV   19    6  0.1497E-11  0.1496E-11
CALSDV   20    6  0.1360E-11  0.1359E-11
CALSDV   21    6  0.1358E-11  0.1359E-11
CALSDV   22    6  0.1267E-11  0.1267E-11
CALSDV   23    6  0.1272E-11  0.1273E-11
CALSDV   24    6  0.1208E-11  0.1209E-11
CALSDV   25    6  0.1219E-11  0.1220E-11
CALSDV   26    6  0.1176E-11  0.1177E-11
CALSDV   27    6  0.1191E-11  0.1192E-11
CALSDV   28    6  0.1164E-11  0.1165E-11
CALSDV   29    6  0.1181E-11  0.1183E-11
CALSDV   30    6  0.1169E-11  0.1170E-11
CALSDV   31    6  0.1188E-11  0.1190E-11
CALSDV   32    6  0.1186E-11  0.1187E-11
CALSDV   33    6  0.1208E-11  0.1211E-11
CALSDV   34    6  0.1215E-11  0.1216E-11
CALSDV   35    6  0.1244E-11  0.1243E-11
CALSDV   36    6  0.1256E-11  0.1258E-11
CALSDV   37    6  0.1287E-11  0.1289E-11
CALSDV   38    6  0.1309E-11  0.1311E-11
CALSDV   39    6  0.1344E-11  0.1346E-11
CALSDV   40    6  0.1372E-11  0.1374E-11
CALSDV   41    6  0.1413E-11  0.1415E-11
CALSDV   42    6  0.1447E-11  0.1449E-11
CALSDV   43    6  0.1492E-11  0.1494E-11
CALSDV   44    6  0.1535E-11  0.1537E-11
CALSDV   45    6  0.1586E-11  0.1588E-11
CALSDV   46    6  0.1636E-11  0.1638E-11
CALSDV   47    6  0.1693E-11  0.1696E-11
CALSDV   48    6  0.1751E-11  0.1753E-11
CALSDV   49    6  0.1815E-11  0.1818E-11
CALSDV   50    6  0.1882E-11  0.1885E-11
CALSDV   51    6  0.1955E-11  0.1957E-11
CALSDV   52    6  0.2031E-11  0.2034E-11
CALSDV   53    6  0.2113E-11  0.2116E-11
CALSDV   54    6  0.2200E-11  0.2203E-11
CALSDV   55    6  0.2293E-11  0.2296E-11
CALSDV   56    6  0.2390E-11  0.2394E-11
CALSDV   57    6  0.2497E-11  0.2500E-11
CALSDV   58    6  0.2606E-11  0.2610E-11
CALSDV   59    6  0.2624E-11  0.2627E-11
CALSDV   60    6  0.2738E-11  0.2741E-11
CALSDV    7    7  0.1774E-10  0.1788E-10
CALSDV    8    7  0.1032E-10  0.1036E-10
CALSDV    9    7  0.6434E-11  0.6455E-11
CALSDV   10    7  0.4475E-11  0.4447E-11
CALSDV   11    7  0.3900E-11  0.3913E-11
CALSDV   12    7  0.2792E-11  0.2750E-11
CALSDV   13    7  0.2721E-11  0.2727E-11
CALSDV   14    7  0.2200E-11  0.2174E-11
CALSDV   15    7  0.2106E-11  0.2113E-11
CALSDV   16    7  0.1894E-11  0.1881E-11
CALSDV   17    7  0.1755E-11  0.1758E-11
CALSDV   18    7  0.1699E-11  0.1691E-11
CALSDV   19    7  0.1542E-11  0.1547E-11
CALSDV   20    7  0.1560E-11  0.1556E-11
CALSDV   21    7  0.1414E-11  0.1416E-11
CALSDV   22    7  0.1459E-11  0.1457E-11
CALSDV   23    7  0.1332E-11  0.1334E-11
CALSDV   24    7  0.1388E-11  0.1387E-11
CALSDV   25    7  0.1281E-11  0.1283E-11
CALSDV   26    7  0.1338E-11  0.1338E-11
CALSDV   27    7  0.1252E-11  0.1253E-11
CALSDV   28    7  0.1309E-11  0.1308E-11
CALSDV   29    7  0.1241E-11  0.1242E-11
CALSDV   30    7  0.1297E-11  0.1297E-11
CALSDV   31    7  0.1247E-11  0.1248E-11
CALSDV   32    7  0.1301E-11  0.1301E-11
CALSDV   33    7  0.1267E-11  0.1267E-11
CALSDV   34    7  0.1319E-11  0.1319E-11
CALSDV   35    7  0.1297E-11  0.1297E-11
CALSDV   36    7  0.1349E-11  0.1349E-11
CALSDV   37    7  0.1340E-11  0.1341E-11
CALSDV   38    7  0.1393E-11  0.1393E-11
CALSDV   39    7  0.1395E-11  0.1395E-11
CALSDV   40    7  0.1450E-11  0.1450E-11
CALSDV   41    7  0.1461E-11  0.1462E-11
CALSDV   42    7  0.1516E-11  0.1517E-11
CALSDV   43    7  0.1538E-11  0.1539E-11
CALSDV   44    7  0.1598E-11  0.1599E-11
CALSDV   45    7  0.1629E-11  0.1630E-11
CALSDV   46    7  0.1694E-11  0.1695E-11
CALSDV   47    7  0.1734E-11  0.1735E-11
CALSDV   48    7  0.1804E-11  0.1806E-11
CALSDV   49    7  0.1855E-11  0.1856E-11
CALSDV   50    7  0.1931E-11  0.1933E-11
CALSDV   51    7  0.1992E-11  0.1994E-11
CALSDV   52    7  0.2076E-11  0.2078E-11
CALSDV   53    7  0.2149E-11  0.2151E-11
CALSDV   54    7  0.2242E-11  0.2244E-11
CALSDV   55    7  0.2327E-11  0.2329E-11
CALSDV   56    7  0.2430E-11  0.2432E-11
CALSDV   57    7  0.2530E-11  0.2533E-11
CALSDV   58    7  0.2645E-11  0.2648E-11
CALSDV   59    7  0.2678E-11  0.2681E-11
CALSDV   60    7  0.2802E-11  0.2805E-11
CALSDV    8    8  0.1008E-10  0.9558E-11
CALSDV    9    8  0.9319E-11  0.9386E-11
CALSDV   10    8  0.5702E-11  0.5719E-11
CALSDV   11    8  0.5105E-11  0.5085E-11
CALSDV   12    8  0.4330E-11  0.4289E-11
CALSDV   13    8  0.3672E-11  0.3640E-11
CALSDV   14    8  0.3237E-11  0.3198E-11
CALSDV   15    8  0.2929E-11  0.2900E-11
CALSDV   16    8  0.2536E-11  0.2500E-11
CALSDV   17    8  0.2445E-11  0.2424E-11
CALSDV   18    8  0.2095E-11  0.2063E-11
CALSDV   19    8  0.2112E-11  0.2097E-11
CALSDV   20    8  0.1813E-11  0.1788E-11
CALSDV   21    8  0.1877E-11  0.1865E-11
CALSDV   22    8  0.1633E-11  0.1615E-11
CALSDV   23    8  0.1708E-11  0.1700E-11
CALSDV   24    8  0.1516E-11  0.1502E-11
CALSDV   25    8  0.1590E-11  0.1584E-11
CALSDV   26    8  0.1443E-11  0.1433E-11
CALSDV   27    8  0.1510E-11  0.1506E-11
CALSDV   28    8  0.1400E-11  0.1393E-11
CALSDV   29    8  0.1459E-11  0.1456E-11
CALSDV   30    8  0.1379E-11  0.1373E-11
CALSDV   31    8  0.1432E-11  0.1430E-11
CALSDV   32    8  0.1377E-11  0.1373E-11
CALSDV   33    8  0.1426E-11  0.1424E-11
CALSDV   34    8  0.1391E-11  0.1387E-11
CALSDV   35    8  0.1436E-11  0.1435E-11
CALSDV   36    8  0.1419E-11  0.1416E-11
CALSDV   37    8  0.1463E-11  0.1461E-11
CALSDV   38    8  0.1459E-11  0.1457E-11
CALSDV   39    8  0.1503E-11  0.1502E-11
CALSDV   40    8  0.1513E-11  0.1512E-11
CALSDV   41    8  0.1558E-11  0.1557E-11
CALSDV   42    8  0.1579E-11  0.1578E-11
CALSDV   43    8  0.1627E-11  0.1626E-11
CALSDV   44    8  0.1657E-11  0.1656E-11
CALSDV   45    8  0.1709E-11  0.1708E-11
CALSDV   46    8  0.1751E-11  0.1750E-11
CALSDV   47    8  0.1807E-11  0.1807E-11
CALSDV   48    8  0.1859E-11  0.1859E-11
CALSDV   49    8  0.1921E-11  0.1921E-11
CALSDV   50    8  0.1983E-11  0.1983E-11
CALSDV   51    8  0.2053E-11  0.2053E-11
CALSDV   52    8  0.2127E-11  0.2126E-11
CALSDV   53    8  0.2204E-11  0.2205E-11
CALSDV   54    8  0.2290E-11  0.2290E-11
CALSDV   55    8  0.2378E-11  0.2379E-11
CALSDV   56    8  0.2475E-11  0.2476E-11
CALSDV   57    8  0.2579E-11  0.2580E-11
CALSDV   58    8  0.2690E-11  0.2691E-11
CALSDV   59    8  0.2754E-11  0.2756E-11
CALSDV   60    8  0.2873E-11  0.2874E-11
CALSDV    9    9  0.1186E-10  0.1199E-10
CALSDV   10    9  0.1002E-10  0.1003E-10
CALSDV   11    9  0.6045E-11  0.6060E-11
CALSDV   12    9  0.4838E-11  0.4812E-11
CALSDV   13    9  0.4101E-11  0.4108E-11
CALSDV   14    9  0.3057E-11  0.3043E-11
CALSDV   15    9  0.2875E-11  0.2884E-11
CALSDV   16    9  0.2396E-11  0.2390E-11
CALSDV   17    9  0.2182E-11  0.2191E-11
CALSDV   18    9  0.2081E-11  0.2077E-11
CALSDV   19    9  0.1807E-11  0.1813E-11
CALSDV   20    9  0.1887E-11  0.1884E-11
CALSDV   21    9  0.1605E-11  0.1611E-11
CALSDV   22    9  0.1748E-11  0.1745E-11
CALSDV   23    9  0.1498E-11  0.1501E-11
CALSDV   24    9  0.1648E-11  0.1645E-11
CALSDV   25    9  0.1440E-11  0.1442E-11
CALSDV   26    9  0.1577E-11  0.1575E-11
CALSDV   27    9  0.1413E-11  0.1416E-11
CALSDV   28    9  0.1530E-11  0.1529E-11
CALSDV   29    9  0.1405E-11  0.1407E-11
CALSDV   30    9  0.1502E-11  0.1501E-11
CALSDV   31    9  0.1409E-11  0.1410E-11
CALSDV   32    9  0.1490E-11  0.1488E-11
CALSDV   33    9  0.1423E-11  0.1424E-11
CALSDV   34    9  0.1494E-11  0.1493E-11
CALSDV   35    9  0.1451E-11  0.1451E-11
CALSDV   36    9  0.1514E-11  0.1513E-11
CALSDV   37    9  0.1489E-11  0.1489E-11
CALSDV   38    9  0.1547E-11  0.1547E-11
CALSDV   39    9  0.1539E-11  0.1538E-11
CALSDV   40    9  0.1593E-11  0.1593E-11
CALSDV   41    9  0.1599E-11  0.1599E-11
CALSDV   42    9  0.1653E-11  0.1653E-11
CALSDV   43    9  0.1672E-11  0.1672E-11
CALSDV   44    9  0.1727E-11  0.1726E-11
CALSDV   45    9  0.1756E-11  0.1757E-11
CALSDV   46    9  0.1814E-11  0.1814E-11
CALSDV   47    9  0.1854E-11  0.1854E-11
CALSDV   48    9  0.1918E-11  0.1918E-11
CALSDV   49    9  0.1968E-11  0.1968E-11
CALSDV   50    9  0.2039E-11  0.2038E-11
CALSDV   51    9  0.2099E-11  0.2098E-11
CALSDV   52    9  0.2178E-11  0.2177E-11
CALSDV   53    9  0.2249E-11  0.2248E-11
CALSDV   54    9  0.2337E-11  0.2336E-11
CALSDV   55    9  0.2420E-11  0.2420E-11
CALSDV   56    9  0.2520E-11  0.2519E-11
CALSDV   57    9  0.2620E-11  0.2620E-11
CALSDV   58    9  0.2731E-11  0.2731E-11
CALSDV   59    9  0.2810E-11  0.2810E-11
CALSDV   60    9  0.2929E-11  0.2929E-11
CALSDV   10   10  0.1015E-10  0.1053E-10
CALSDV   11   10  0.8142E-11  0.8091E-11
CALSDV   12   10  0.5441E-11  0.5443E-11
CALSDV   13   10  0.4206E-11  0.4185E-11
CALSDV   14   10  0.4451E-11  0.4452E-11
CALSDV   15   10  0.3262E-11  0.3250E-11
CALSDV   16   10  0.3545E-11  0.3550E-11
CALSDV   17   10  0.2895E-11  0.2888E-11
CALSDV   18   10  0.2904E-11  0.2914E-11
CALSDV   19   10  0.2618E-11  0.2614E-11
CALSDV   20   10  0.2478E-11  0.2490E-11
CALSDV   21   10  0.2383E-11  0.2381E-11
CALSDV   22   10  0.2196E-11  0.2207E-11
CALSDV   23   10  0.2186E-11  0.2185E-11
CALSDV   24   10  0.2004E-11  0.2015E-11
CALSDV   25   10  0.2029E-11  0.2029E-11
CALSDV   26   10  0.1876E-11  0.1884E-11
CALSDV   27   10  0.1909E-11  0.1909E-11
CALSDV   28   10  0.1788E-11  0.1794E-11
CALSDV   29   10  0.1821E-11  0.1822E-11
CALSDV   30   10  0.1732E-11  0.1739E-11
CALSDV   31   10  0.1760E-11  0.1761E-11
CALSDV   32   10  0.1699E-11  0.1705E-11
CALSDV   33   10  0.1723E-11  0.1724E-11
CALSDV   34   10  0.1685E-11  0.1689E-11
CALSDV   35   10  0.1706E-11  0.1707E-11
CALSDV   36   10  0.1689E-11  0.1692E-11
CALSDV   37   10  0.1709E-11  0.1709E-11
CALSDV   38   10  0.1708E-11  0.1711E-11
CALSDV   39   10  0.1729E-11  0.1729E-11
CALSDV   40   10  0.1743E-11  0.1744E-11
CALSDV   41   10  0.1765E-11  0.1766E-11
CALSDV   42   10  0.1791E-11  0.1794E-11
CALSDV   43   10  0.1817E-11  0.1816E-11
CALSDV   44   10  0.1855E-11  0.1856E-11
CALSDV   45   10  0.1884E-11  0.1885E-11
CALSDV   46   10  0.1930E-11  0.1933E-11
CALSDV   47   10  0.1966E-11  0.1967E-11
CALSDV   48   10  0.2026E-11  0.2026E-11
CALSDV   49   10  0.2067E-11  0.2067E-11
CALSDV   50   10  0.2137E-11  0.2137E-11
CALSDV   51   10  0.2188E-11  0.2187E-11
CALSDV   52   10  0.2266E-11  0.2266E-11
CALSDV   53   10  0.2327E-11  0.2326E-11
CALSDV   54   10  0.2417E-11  0.2417E-11
CALSDV   55   10  0.2489E-11  0.2488E-11
CALSDV   56   10  0.2591E-11  0.2590E-11
CALSDV   57   10  0.2682E-11  0.2681E-11
CALSDV   58   10  0.2798E-11  0.2797E-11
CALSDV   59   10  0.2891E-11  0.2890E-11
CALSDV   60   10  0.3019E-11  0.3018E-11
CALSDV   11   11  0.8780E-11  0.8778E-11
CALSDV   12   11  0.9736E-11  0.9919E-11
CALSDV   13   11  0.5734E-11  0.5750E-11
CALSDV   14   11  0.5396E-11  0.5522E-11
CALSDV   15   11  0.4374E-11  0.4386E-11
CALSDV   16   11  0.3687E-11  0.3760E-11
CALSDV   17   11  0.3184E-11  0.3191E-11
CALSDV   18   11  0.2886E-11  0.2920E-11
CALSDV   19   11  0.2419E-11  0.2423E-11
CALSDV   20   11  0.2428E-11  0.2443E-11
CALSDV   21   11  0.1987E-11  0.1989E-11
CALSDV   22   11  0.2133E-11  0.2142E-11
CALSDV   23   11  0.1768E-11  0.1769E-11
CALSDV   24   11  0.1937E-11  0.1943E-11
CALSDV   25   11  0.1665E-11  0.1666E-11
CALSDV   26   11  0.1805E-11  0.1808E-11
CALSDV   27   11  0.1620E-11  0.1621E-11
CALSDV   28   11  0.1718E-11  0.1720E-11
CALSDV   29   11  0.1606E-11  0.1606E-11
CALSDV   30   11  0.1667E-11  0.1668E-11
CALSDV   31   11  0.1613E-11  0.1613E-11
CALSDV   32   11  0.1644E-11  0.1646E-11
CALSDV   33   11  0.1630E-11  0.1631E-11
CALSDV   34   11  0.1641E-11  0.1643E-11
CALSDV   35   11  0.1655E-11  0.1657E-11
CALSDV   36   11  0.1656E-11  0.1658E-11
CALSDV   37   11  0.1690E-11  0.1691E-11
CALSDV   38   11  0.1685E-11  0.1686E-11
CALSDV   39   11  0.1732E-11  0.1733E-11
CALSDV   40   11  0.1730E-11  0.1731E-11
CALSDV   41   11  0.1786E-11  0.1786E-11
CALSDV   42   11  0.1788E-11  0.1789E-11
CALSDV   43   11  0.1851E-11  0.1851E-11
CALSDV   44   11  0.1860E-11  0.1861E-11
CALSDV   45   11  0.1928E-11  0.1928E-11
CALSDV   46   11  0.1944E-11  0.1944E-11
CALSDV   47   11  0.2016E-11  0.2016E-11
CALSDV   48   11  0.2043E-11  0.2044E-11
CALSDV   49   11  0.2119E-11  0.2120E-11
CALSDV   50   11  0.2159E-11  0.2160E-11
CALSDV   51   11  0.2241E-11  0.2241E-11
CALSDV   52   11  0.2294E-11  0.2294E-11
CALSDV   53   11  0.2379E-11  0.2380E-11
CALSDV   54   11  0.2447E-11  0.2447E-11
CALSDV   55   11  0.2539E-11  0.2539E-11
CALSDV   56   11  0.2622E-11  0.2623E-11
CALSDV   57   11  0.2728E-11  0.2728E-11
CALSDV   58   11  0.2828E-11  0.2828E-11
CALSDV   59   11  0.2947E-11  0.2948E-11
CALSDV   60   11  0.3054E-11  0.3055E-11
CALSDV   12   12  0.9025E-11  0.9090E-11
CALSDV   13   12  0.8351E-11  0.8224E-11
CALSDV   14   12  0.5338E-11  0.5347E-11
CALSDV   15   12  0.4184E-11  0.4134E-11
CALSDV   16   12  0.4292E-11  0.4290E-11
CALSDV   17   12  0.3108E-11  0.3098E-11
CALSDV   18   12  0.3365E-11  0.3371E-11
CALSDV   19   12  0.2828E-11  0.2832E-11
CALSDV   20   12  0.2782E-11  0.2791E-11
CALSDV   21   12  0.2660E-11  0.2660E-11
CALSDV   22   12  0.2451E-11  0.2464E-11
CALSDV   23   12  0.2501E-11  0.2499E-11
CALSDV   24   12  0.2266E-11  0.2280E-11
CALSDV   25   12  0.2354E-11  0.2350E-11
CALSDV   26   12  0.2157E-11  0.2168E-11
CALSDV   27   12  0.2227E-11  0.2222E-11
CALSDV   28   12  0.2090E-11  0.2099E-11
CALSDV   29   12  0.2126E-11  0.2120E-11
CALSDV   30   12  0.2041E-11  0.2050E-11
CALSDV   31   12  0.2049E-11  0.2042E-11
CALSDV   32   12  0.2014E-11  0.2020E-11
CALSDV   33   12  0.1998E-11  0.1991E-11
CALSDV   34   12  0.2000E-11  0.2006E-11
CALSDV   35   12  0.1968E-11  0.1961E-11
CALSDV   36   12  0.1996E-11  0.2000E-11
CALSDV   37   12  0.1956E-11  0.1951E-11
CALSDV   38   12  0.2006E-11  0.2010E-11
CALSDV   39   12  0.1963E-11  0.1957E-11
CALSDV   40   12  0.2026E-11  0.2029E-11
CALSDV   41   12  0.1986E-11  0.1979E-11
CALSDV   42   12  0.2059E-11  0.2061E-11
CALSDV   43   12  0.2024E-11  0.2019E-11
CALSDV   44   12  0.2106E-11  0.2107E-11
CALSDV   45   12  0.2080E-11  0.2075E-11
CALSDV   46   12  0.2168E-11  0.2168E-11
CALSDV   47   12  0.2152E-11  0.2146E-11
CALSDV   48   12  0.2242E-11  0.2242E-11
CALSDV   49   12  0.2237E-11  0.2233E-11
CALSDV   50   12  0.2337E-11  0.2336E-11
CALSDV   51   12  0.2344E-11  0.2341E-11
CALSDV   52   12  0.2449E-11  0.2449E-11
CALSDV   53   12  0.2470E-11  0.2468E-11
CALSDV   54   12  0.2581E-11  0.2581E-11
CALSDV   55   12  0.2618E-11  0.2616E-11
CALSDV   56   12  0.2737E-11  0.2737E-11
CALSDV   57   12  0.2798E-11  0.2796E-11
CALSDV   58   12  0.2927E-11  0.2926E-11
CALSDV   59   12  0.3026E-11  0.3024E-11
CALSDV   60   12  0.3170E-11  0.3169E-11
CALSDV   13   13  0.7639E-11  0.7687E-11
CALSDV   14   13  0.8115E-11  0.8247E-11
CALSDV   15   13  0.5578E-11  0.5603E-11
CALSDV   16   13  0.4719E-11  0.4800E-11
CALSDV   17   13  0.4638E-11  0.4644E-11
CALSDV   18   13  0.3635E-11  0.3661E-11
CALSDV   19   13  0.3508E-11  0.3502E-11
CALSDV   20   13  0.3077E-11  0.3083E-11
CALSDV   21   13  0.2699E-11  0.2691E-11
CALSDV   22   13  0.2668E-11  0.2665E-11
CALSDV   23   13  0.2221E-11  0.2211E-11
CALSDV   24   13  0.2353E-11  0.2351E-11
CALSDV   25   13  0.1975E-11  0.1965E-11
CALSDV   26   13  0.2122E-11  0.2123E-11
CALSDV   27   13  0.1865E-11  0.1860E-11
CALSDV   28   13  0.1965E-11  0.1966E-11
CALSDV   29   13  0.1828E-11  0.1825E-11
CALSDV   30   13  0.1864E-11  0.1865E-11
CALSDV   31   13  0.1825E-11  0.1822E-11
CALSDV   32   13  0.1809E-11  0.1810E-11
CALSDV   33   13  0.1839E-11  0.1838E-11
CALSDV   34   13  0.1790E-11  0.1791E-11
CALSDV   35   13  0.1867E-11  0.1866E-11
CALSDV   36   13  0.1798E-11  0.1800E-11
CALSDV   37   13  0.1903E-11  0.1903E-11
CALSDV   38   13  0.1828E-11  0.1830E-11
CALSDV   39   13  0.1946E-11  0.1946E-11
CALSDV   40   13  0.1874E-11  0.1876E-11
CALSDV   41   13  0.1996E-11  0.1996E-11
CALSDV   42   13  0.1934E-11  0.1936E-11
CALSDV   43   13  0.2054E-11  0.2054E-11
CALSDV   44   13  0.2005E-11  0.2007E-11
CALSDV   45   13  0.2122E-11  0.2122E-11
CALSDV   46   13  0.2092E-11  0.2094E-11
CALSDV   47   13  0.2203E-11  0.2204E-11
CALSDV   48   13  0.2190E-11  0.2192E-11
CALSDV   49   13  0.2295E-11  0.2297E-11
CALSDV   50   13  0.2302E-11  0.2304E-11
CALSDV   51   13  0.2404E-11  0.2405E-11
CALSDV   52   13  0.2433E-11  0.2435E-11
CALSDV   53   13  0.2530E-11  0.2532E-11
CALSDV   54   13  0.2579E-11  0.2581E-11
CALSDV   55   13  0.2676E-11  0.2677E-11
CALSDV   56   13  0.2747E-11  0.2749E-11
CALSDV   57   13  0.2850E-11  0.2852E-11
CALSDV   58   13  0.2942E-11  0.2945E-11
CALSDV   59   13  0.3083E-11  0.3086E-11
CALSDV   60   13  0.3188E-11  0.3190E-11
CALSDV   14   14  0.6588E-11  0.6611E-11
CALSDV   15   14  0.9398E-11  0.9398E-11
CALSDV   16   14  0.5353E-11  0.5344E-11
CALSDV   17   14  0.4977E-11  0.4972E-11
CALSDV   18   14  0.4442E-11  0.4440E-11
CALSDV   19   14  0.3448E-11  0.3421E-11
CALSDV   20   14  0.3355E-11  0.3353E-11
CALSDV   21   14  0.2983E-11  0.2966E-11
CALSDV   22   14  0.2658E-11  0.2655E-11
CALSDV   23   14  0.2777E-11  0.2779E-11
CALSDV   24   14  0.2323E-11  0.2321E-11
CALSDV   25   14  0.2637E-11  0.2645E-11
CALSDV   26   14  0.2201E-11  0.2198E-11
CALSDV   27   14  0.2522E-11  0.2532E-11
CALSDV   28   14  0.2177E-11  0.2172E-11
CALSDV   29   14  0.2425E-11  0.2434E-11
CALSDV   30   14  0.2188E-11  0.2184E-11
CALSDV   31   14  0.2346E-11  0.2355E-11
CALSDV   32   14  0.2206E-11  0.2202E-11
CALSDV   33   14  0.2288E-11  0.2296E-11
CALSDV   34   14  0.2226E-11  0.2221E-11
CALSDV   35   14  0.2249E-11  0.2256E-11
CALSDV   36   14  0.2247E-11  0.2242E-11
CALSDV   37   14  0.2228E-11  0.2234E-11
CALSDV   38   14  0.2270E-11  0.2265E-11
CALSDV   39   14  0.2227E-11  0.2230E-11
CALSDV   40   14  0.2299E-11  0.2295E-11
CALSDV   41   14  0.2242E-11  0.2244E-11
CALSDV   42   14  0.2332E-11  0.2329E-11
CALSDV   43   14  0.2271E-11  0.2271E-11
CALSDV   44   14  0.2374E-11  0.2370E-11
CALSDV   45   14  0.2314E-11  0.2313E-11
CALSDV   46   14  0.2425E-11  0.2420E-11
CALSDV   47   14  0.2371E-11  0.2368E-11
CALSDV   48   14  0.2489E-11  0.2484E-11
CALSDV   49   14  0.2446E-11  0.2443E-11
CALSDV   50   14  0.2565E-11  0.2559E-11
CALSDV   51   14  0.2536E-11  0.2531E-11
CALSDV   52   14  0.2660E-11  0.2654E-11
CALSDV   53   14  0.2646E-11  0.2641E-11
CALSDV   54   14  0.2774E-11  0.2768E-11
CALSDV   55   14  0.2776E-11  0.2770E-11
CALSDV   56   14  0.2908E-11  0.2901E-11
CALSDV   57   14  0.2937E-11  0.2930E-11
CALSDV   58   14  0.3077E-11  0.3069E-11
CALSDV   59   14  0.3172E-11  0.3164E-11
CALSDV   60   14  0.3328E-11  0.3320E-11
CALSDV   15   15  0.8787E-11  0.8800E-11
CALSDV   16   15  0.8006E-11  0.8031E-11
CALSDV   17   15  0.5496E-11  0.5531E-11
CALSDV   18   15  0.4275E-11  0.4276E-11
CALSDV   19   15  0.5030E-11  0.5082E-11
CALSDV   20   15  0.3235E-11  0.3266E-11
CALSDV   21   15  0.4168E-11  0.4222E-11
CALSDV   22   15  0.2901E-11  0.2934E-11
CALSDV   23   15  0.3481E-11  0.3521E-11
CALSDV   24   15  0.2663E-11  0.2692E-11
CALSDV   25   15  0.3027E-11  0.3052E-11
CALSDV   26   15  0.2457E-11  0.2478E-11
CALSDV   27   15  0.2746E-11  0.2760E-11
CALSDV   28   15  0.2294E-11  0.2311E-11
CALSDV   29   15  0.2574E-11  0.2585E-11
CALSDV   30   15  0.2176E-11  0.2190E-11
CALSDV   31   15  0.2470E-11  0.2482E-11
CALSDV   32   15  0.2099E-11  0.2114E-11
CALSDV   33   15  0.2408E-11  0.2420E-11
CALSDV   34   15  0.2059E-11  0.2075E-11
CALSDV   35   15  0.2372E-11  0.2385E-11
CALSDV   36   15  0.2051E-11  0.2067E-11
CALSDV   37   15  0.2353E-11  0.2368E-11
CALSDV   38   15  0.2066E-11  0.2082E-11
CALSDV   39   15  0.2352E-11  0.2368E-11
CALSDV   40   15  0.2102E-11  0.2119E-11
CALSDV   41   15  0.2365E-11  0.2383E-11
CALSDV   42   15  0.2155E-11  0.2175E-11
CALSDV   43   15  0.2391E-11  0.2412E-11
CALSDV   44   15  0.2220E-11  0.2244E-11
CALSDV   45   15  0.2430E-11  0.2454E-11
CALSDV   46   15  0.2298E-11  0.2324E-11
CALSDV   47   15  0.2481E-11  0.2508E-11
CALSDV   48   15  0.2386E-11  0.2416E-11
CALSDV   49   15  0.2547E-11  0.2577E-11
CALSDV   50   15  0.2487E-11  0.2519E-11
CALSDV   51   15  0.2627E-11  0.2660E-11
CALSDV   52   15  0.2603E-11  0.2638E-11
CALSDV   53   15  0.2724E-11  0.2761E-11
CALSDV   54   15  0.2735E-11  0.2774E-11
CALSDV   55   15  0.2842E-11  0.2882E-11
CALSDV   56   15  0.2884E-11  0.2927E-11
CALSDV   57   15  0.2989E-11  0.3031E-11
CALSDV   58   15  0.3063E-11  0.3107E-11
CALSDV   59   15  0.3219E-11  0.3266E-11
CALSDV   60   15  0.3313E-11  0.3361E-11
CALSDV   16   16  0.5958E-11  0.6044E-11
CALSDV   17   16  0.9200E-11  0.9223E-11
CALSDV   18   16  0.5467E-11  0.5574E-11
CALSDV   19   16  0.5153E-11  0.5188E-11
CALSDV   20   16  0.4812E-11  0.4874E-11
CALSDV   21   16  0.3719E-11  0.3750E-11
CALSDV   22   16  0.3682E-11  0.3705E-11
CALSDV   23   16  0.3205E-11  0.3235E-11
CALSDV   24   16  0.2883E-11  0.2880E-11
CALSDV   25   16  0.2939E-11  0.2948E-11
CALSDV   26   16  0.2478E-11  0.2479E-11
CALSDV   27   16  0.2748E-11  0.2755E-11
CALSDV   28   16  0.2345E-11  0.2350E-11
CALSDV   29   16  0.2610E-11  0.2619E-11
CALSDV   30   16  0.2343E-11  0.2354E-11
CALSDV   31   16  0.2516E-11  0.2525E-11
CALSDV   32   16  0.2387E-11  0.2405E-11
CALSDV   33   16  0.2457E-11  0.2466E-11
CALSDV   34   16  0.2439E-11  0.2460E-11
CALSDV   35   16  0.2423E-11  0.2432E-11
CALSDV   36   16  0.2487E-11  0.2508E-11
CALSDV   37   16  0.2413E-11  0.2419E-11
CALSDV   38   16  0.2529E-11  0.2552E-11
CALSDV   39   16  0.2418E-11  0.2425E-11
CALSDV   40   16  0.2567E-11  0.2591E-11
CALSDV   41   16  0.2438E-11  0.2447E-11
CALSDV   42   16  0.2605E-11  0.2629E-11
CALSDV   43   16  0.2472E-11  0.2484E-11
CALSDV   44   16  0.2647E-11  0.2671E-11
CALSDV   45   16  0.2519E-11  0.2534E-11
CALSDV   46   16  0.2695E-11  0.2719E-11
CALSDV   47   16  0.2578E-11  0.2594E-11
CALSDV   48   16  0.2747E-11  0.2772E-11
CALSDV   49   16  0.2646E-11  0.2663E-11
CALSDV   50   16  0.2809E-11  0.2835E-11
CALSDV   51   16  0.2727E-11  0.2748E-11
CALSDV   52   16  0.2882E-11  0.2909E-11
CALSDV   53   16  0.2818E-11  0.2842E-11
CALSDV   54   16  0.2973E-11  0.3002E-11
CALSDV   55   16  0.2930E-11  0.2956E-11
CALSDV   56   16  0.3081E-11  0.3111E-11
CALSDV   57   16  0.3069E-11  0.3097E-11
CALSDV   58   16  0.3221E-11  0.3252E-11
CALSDV   59   16  0.3299E-11  0.3330E-11
CALSDV   60   16  0.3464E-11  0.3498E-11
CALSDV   17   17  0.6228E-11  0.6320E-11
CALSDV   18   17  0.6877E-11  0.6847E-11
CALSDV   19   17  0.5322E-11  0.5326E-11
CALSDV   20   17  0.3887E-11  0.3872E-11
CALSDV   21   17  0.4749E-11  0.4764E-11
CALSDV   22   17  0.3546E-11  0.3542E-11
CALSDV   23   17  0.3756E-11  0.3784E-11
CALSDV   24   17  0.3383E-11  0.3380E-11
CALSDV   25   17  0.3039E-11  0.3072E-11
CALSDV   26   17  0.3086E-11  0.3086E-11
CALSDV   27   17  0.2641E-11  0.2674E-11
CALSDV   28   17  0.2767E-11  0.2765E-11
CALSDV   29   17  0.2462E-11  0.2485E-11
CALSDV   30   17  0.2499E-11  0.2495E-11
CALSDV   31   17  0.2396E-11  0.2415E-11
CALSDV   32   17  0.2310E-11  0.2305E-11
CALSDV   33   17  0.2389E-11  0.2400E-11
CALSDV   34   17  0.2203E-11  0.2197E-11
CALSDV   35   17  0.2404E-11  0.2410E-11
CALSDV   36   17  0.2162E-11  0.2154E-11
CALSDV   37   17  0.2428E-11  0.2432E-11
CALSDV   38   17  0.2171E-11  0.2166E-11
CALSDV   39   17  0.2458E-11  0.2460E-11
CALSDV   40   17  0.2216E-11  0.2212E-11
CALSDV   41   17  0.2496E-11  0.2495E-11
CALSDV   42   17  0.2285E-11  0.2280E-11
CALSDV   43   17  0.2542E-11  0.2539E-11
CALSDV   44   17  0.2371E-11  0.2367E-11
CALSDV   45   17  0.2594E-11  0.2593E-11
CALSDV   46   17  0.2469E-11  0.2465E-11
CALSDV   47   17  0.2655E-11  0.2656E-11
CALSDV   48   17  0.2576E-11  0.2573E-11
CALSDV   49   17  0.2729E-11  0.2729E-11
CALSDV   50   17  0.2690E-11  0.2687E-11
CALSDV   51   17  0.2813E-11  0.2812E-11
CALSDV   52   17  0.2808E-11  0.2806E-11
CALSDV   53   17  0.2906E-11  0.2906E-11
CALSDV   54   17  0.2935E-11  0.2934E-11
CALSDV   55   17  0.3012E-11  0.3012E-11
CALSDV   56   17  0.3076E-11  0.3074E-11
CALSDV   57   17  0.3146E-11  0.3146E-11
CALSDV   58   17  0.3238E-11  0.3236E-11
CALSDV   59   17  0.3372E-11  0.3371E-11
CALSDV   60   17  0.3488E-11  0.3487E-11
CALSDV   18   18  0.6586E-11  0.6563E-11
CALSDV   19   18  0.7261E-11  0.7297E-11
CALSDV   20   18  0.5850E-11  0.5852E-11
CALSDV   21   18  0.3976E-11  0.4017E-11
CALSDV   22   18  0.5029E-11  0.5031E-11
CALSDV   23   18  0.3448E-11  0.3482E-11
CALSDV   24   18  0.3759E-11  0.3759E-11
CALSDV   25   18  0.3311E-11  0.3332E-11
CALSDV   26   18  0.2892E-11  0.2892E-11
CALSDV   27   18  0.3097E-11  0.3109E-11
CALSDV   28   18  0.2524E-11  0.2525E-11
CALSDV   29   18  0.2866E-11  0.2875E-11
CALSDV   30   18  0.2483E-11  0.2486E-11
CALSDV   31   18  0.2680E-11  0.2686E-11
CALSDV   32   18  0.2572E-11  0.2572E-11
CALSDV   33   18  0.2557E-11  0.2564E-11
CALSDV   34   18  0.2684E-11  0.2686E-11
CALSDV   35   18  0.2501E-11  0.2506E-11
CALSDV   36   18  0.2784E-11  0.2786E-11
CALSDV   37   18  0.2490E-11  0.2494E-11
CALSDV   38   18  0.2859E-11  0.2861E-11
CALSDV   39   18  0.2512E-11  0.2517E-11
CALSDV   40   18  0.2916E-11  0.2919E-11
CALSDV   41   18  0.2555E-11  0.2559E-11
CALSDV   42   18  0.2960E-11  0.2963E-11
CALSDV   43   18  0.2613E-11  0.2616E-11
CALSDV   44   18  0.2997E-11  0.3000E-11
CALSDV   45   18  0.2682E-11  0.2685E-11
CALSDV   46   18  0.3036E-11  0.3039E-11
CALSDV   47   18  0.2762E-11  0.2762E-11
CALSDV   48   18  0.3076E-11  0.3080E-11
CALSDV   49   18  0.2843E-11  0.2849E-11
CALSDV   50   18  0.3121E-11  0.3125E-11
CALSDV   51   18  0.2932E-11  0.2935E-11
CALSDV   52   18  0.3176E-11  0.3180E-11
CALSDV   53   18  0.3028E-11  0.3029E-11
CALSDV   54   18  0.3236E-11  0.3239E-11
CALSDV   55   18  0.3123E-11  0.3125E-11
CALSDV   56   18  0.3314E-11  0.3317E-11
CALSDV   57   18  0.3243E-11  0.3244E-11
CALSDV   58   18  0.3418E-11  0.3421E-11
CALSDV   59   18  0.3459E-11  0.3461E-11
CALSDV   60   18  0.3641E-11  0.3643E-11
CALSDV   19   19  0.5480E-11  0.5446E-11
CALSDV   20   19  0.6571E-11  0.6553E-11
CALSDV   21   19  0.5357E-11  0.5394E-11
CALSDV   22   19  0.3773E-11  0.3772E-11
CALSDV   23   19  0.4730E-11  0.4739E-11
CALSDV   24   19  0.3843E-11  0.3866E-11
CALSDV   25   19  0.3706E-11  0.3706E-11
CALSDV   26   19  0.3877E-11  0.3897E-11
CALSDV   27   19  0.3004E-11  0.3010E-11
CALSDV   28   19  0.3640E-11  0.3649E-11
CALSDV   29   19  0.2647E-11  0.2668E-11
CALSDV   30   19  0.3315E-11  0.3315E-11
CALSDV   31   19  0.2512E-11  0.2542E-11
CALSDV   32   19  0.3012E-11  0.3010E-11
CALSDV   33   19  0.2488E-11  0.2517E-11
CALSDV   34   19  0.2788E-11  0.2783E-11
CALSDV   35   19  0.2507E-11  0.2537E-11
CALSDV   36   19  0.2649E-11  0.2647E-11
CALSDV   37   19  0.2544E-11  0.2571E-11
CALSDV   38   19  0.2586E-11  0.2587E-11
CALSDV   39   19  0.2588E-11  0.2611E-11
CALSDV   40   19  0.2581E-11  0.2584E-11
CALSDV   41   19  0.2637E-11  0.2658E-11
CALSDV   42   19  0.2620E-11  0.2624E-11
CALSDV   43   19  0.2690E-11  0.2709E-11
CALSDV   44   19  0.2683E-11  0.2690E-11
CALSDV   45   19  0.2750E-11  0.2766E-11
CALSDV   46   19  0.2765E-11  0.2772E-11
CALSDV   47   19  0.2820E-11  0.2834E-11
CALSDV   48   19  0.2861E-11  0.2869E-11
CALSDV   49   19  0.2900E-11  0.2911E-11
CALSDV   50   19  0.2967E-11  0.2972E-11
CALSDV   51   19  0.2990E-11  0.2998E-11
CALSDV   52   19  0.3075E-11  0.3082E-11
CALSDV   53   19  0.3084E-11  0.3091E-11
CALSDV   54   19  0.3184E-11  0.3190E-11
CALSDV   55   19  0.3180E-11  0.3188E-11
CALSDV   56   19  0.3298E-11  0.3304E-11
CALSDV   57   19  0.3295E-11  0.3304E-11
CALSDV   58   19  0.3427E-11  0.3436E-11
CALSDV   59   19  0.3506E-11  0.3516E-11
CALSDV   60   19  0.3655E-11  0.3666E-11
CALSDV   20   20  0.6492E-11  0.6594E-11
CALSDV   21   20  0.6828E-11  0.6857E-11
CALSDV   22   20  0.6048E-11  0.6084E-11
CALSDV   23   20  0.3736E-11  0.3771E-11
CALSDV   24   20  0.5274E-11  0.5289E-11
CALSDV   25   20  0.3592E-11  0.3601E-11
CALSDV   26   20  0.3973E-11  0.3987E-11
CALSDV   27   20  0.3566E-11  0.3565E-11
CALSDV   28   20  0.3069E-11  0.3083E-11
CALSDV   29   20  0.3330E-11  0.3325E-11
CALSDV   30   20  0.2685E-11  0.2696E-11
CALSDV   31   20  0.3044E-11  0.3040E-11
CALSDV   32   20  0.2652E-11  0.2660E-11
CALSDV   33   20  0.2812E-11  0.2811E-11
CALSDV   34   20  0.2761E-11  0.2765E-11
CALSDV   35   20  0.2675E-11  0.2675E-11
CALSDV   36   20  0.2896E-11  0.2900E-11
CALSDV   37   20  0.2630E-11  0.2632E-11
CALSDV   38   20  0.3016E-11  0.3019E-11
CALSDV   39   20  0.2652E-11  0.2654E-11
CALSDV   40   20  0.3110E-11  0.3113E-11
CALSDV   41   20  0.2714E-11  0.2717E-11
CALSDV   42   20  0.3182E-11  0.3186E-11
CALSDV   43   20  0.2800E-11  0.2803E-11
CALSDV   44   20  0.3238E-11  0.3242E-11
CALSDV   45   20  0.2891E-11  0.2894E-11
CALSDV   46   20  0.3282E-11  0.3286E-11
CALSDV   47   20  0.2983E-11  0.2987E-11
CALSDV   48   20  0.3323E-11  0.3327E-11
CALSDV   49   20  0.3076E-11  0.3080E-11
CALSDV   50   20  0.3365E-11  0.3370E-11
CALSDV   51   20  0.3169E-11  0.3173E-11
CALSDV   52   20  0.3414E-11  0.3419E-11
CALSDV   53   20  0.3260E-11  0.3263E-11
CALSDV   54   20  0.3469E-11  0.3473E-11
CALSDV   55   20  0.3348E-11  0.3351E-11
CALSDV   56   20  0.3522E-11  0.3524E-11
CALSDV   57   20  0.3435E-11  0.3437E-11
CALSDV   58   20  0.3601E-11  0.3604E-11
CALSDV   59   20  0.3632E-11  0.3633E-11
CALSDV   60   20  0.3795E-11  0.3798E-11
CALSDV   21   21  0.5387E-11  0.5405E-11
CALSDV   22   21  0.6570E-11  0.6544E-11
CALSDV   23   21  0.5470E-11  0.5483E-11
CALSDV   24   21  0.3606E-11  0.3586E-11
CALSDV   25   21  0.4769E-11  0.4774E-11
CALSDV   26   21  0.3931E-11  0.3929E-11
CALSDV   27   21  0.3744E-11  0.3750E-11
CALSDV   28   21  0.4134E-11  0.4136E-11
CALSDV   29   21  0.3117E-11  0.3124E-11
CALSDV   30   21  0.3972E-11  0.3972E-11
CALSDV   31   21  0.2856E-11  0.2859E-11
CALSDV   32   21  0.3677E-11  0.3671E-11
CALSDV   33   21  0.2790E-11  0.2788E-11
CALSDV   34   21  0.3392E-11  0.3376E-11
CALSDV   35   21  0.2797E-11  0.2793E-11
CALSDV   36   21  0.3172E-11  0.3159E-11
CALSDV   37   21  0.2830E-11  0.2821E-11
CALSDV   38   21  0.3049E-11  0.3028E-11
CALSDV   39   21  0.2867E-11  0.2859E-11
CALSDV   40   21  0.2997E-11  0.2979E-11
CALSDV   41   21  0.2907E-11  0.2904E-11
CALSDV   42   21  0.3005E-11  0.2989E-11
CALSDV   43   21  0.2955E-11  0.2954E-11
CALSDV   44   21  0.3054E-11  0.3041E-11
CALSDV   45   21  0.3010E-11  0.3010E-11
CALSDV   46   21  0.3123E-11  0.3112E-11
CALSDV   47   21  0.3073E-11  0.3072E-11
CALSDV   48   21  0.3203E-11  0.3194E-11
CALSDV   49   21  0.3143E-11  0.3142E-11
CALSDV   50   21  0.3289E-11  0.3282E-11
CALSDV   51   21  0.3220E-11  0.3219E-11
CALSDV   52   21  0.3379E-11  0.3374E-11
CALSDV   53   21  0.3301E-11  0.3302E-11
CALSDV   54   21  0.3468E-11  0.3465E-11
CALSDV   55   21  0.3387E-11  0.3389E-11
CALSDV   56   21  0.3555E-11  0.3555E-11
CALSDV   57   21  0.3485E-11  0.3488E-11
CALSDV   58   21  0.3647E-11  0.3648E-11
CALSDV   59   21  0.3670E-11  0.3673E-11
CALSDV   60   21  0.3844E-11  0.3846E-11
CALSDV   22   22  0.5629E-11  0.5648E-11
CALSDV   23   22  0.6731E-11  0.6723E-11
CALSDV   24   22  0.6069E-11  0.6072E-11
CALSDV   25   22  0.3647E-11  0.3651E-11
CALSDV   26   22  0.5381E-11  0.5385E-11
CALSDV   27   22  0.3762E-11  0.3769E-11
CALSDV   28   22  0.4105E-11  0.4112E-11
CALSDV   29   22  0.3815E-11  0.3821E-11
CALSDV   30   22  0.3226E-11  0.3235E-11
CALSDV   31   22  0.3556E-11  0.3553E-11
CALSDV   32   22  0.2864E-11  0.2864E-11
CALSDV   33   22  0.3213E-11  0.3211E-11
CALSDV   34   22  0.2831E-11  0.2841E-11
CALSDV   35   22  0.2938E-11  0.2937E-11
CALSDV   36   22  0.2939E-11  0.2947E-11
CALSDV   37   22  0.2790E-11  0.2787E-11
CALSDV   38   22  0.3077E-11  0.3084E-11
CALSDV   39   22  0.2766E-11  0.2763E-11
CALSDV   40   22  0.3204E-11  0.3208E-11
CALSDV   41   22  0.2828E-11  0.2827E-11
CALSDV   42   22  0.3310E-11  0.3313E-11
CALSDV   43   22  0.2937E-11  0.2937E-11
CALSDV   44   22  0.3395E-11  0.3400E-11
CALSDV   45   22  0.3068E-11  0.3070E-11
CALSDV   46   22  0.3468E-11  0.3473E-11
CALSDV   47   22  0.3198E-11  0.3200E-11
CALSDV   48   22  0.3529E-11  0.3534E-11
CALSDV   49   22  0.3314E-11  0.3318E-11
CALSDV   50   22  0.3583E-11  0.3588E-11
CALSDV   51   22  0.3419E-11  0.3422E-11
CALSDV   52   22  0.3633E-11  0.3638E-11
CALSDV   53   22  0.3507E-11  0.3511E-11
CALSDV   54   22  0.3682E-11  0.3686E-11
CALSDV   55   22  0.3579E-11  0.3584E-11
CALSDV   56   22  0.3729E-11  0.3734E-11
CALSDV   57   22  0.3652E-11  0.3658E-11
CALSDV   58   22  0.3777E-11  0.3784E-11
CALSDV   59   22  0.3801E-11  0.3806E-11
CALSDV   60   22  0.3950E-11  0.3955E-11
CALSDV   23   23  0.5304E-11  0.5313E-11
CALSDV   24   23  0.6672E-11  0.6657E-11
CALSDV   25   23  0.5574E-11  0.5563E-11
CALSDV   26   23  0.3465E-11  0.3455E-11
CALSDV   27   23  0.4820E-11  0.4816E-11
CALSDV   28   23  0.3936E-11  0.3927E-11
CALSDV   29   23  0.3780E-11  0.3791E-11
CALSDV   30   23  0.4217E-11  0.4204E-11
CALSDV   31   23  0.3224E-11  0.3236E-11
CALSDV   32   23  0.4060E-11  0.4049E-11
CALSDV   33   23  0.3056E-11  0.3059E-11
CALSDV   34   23  0.3745E-11  0.3732E-11
CALSDV   35   23  0.3052E-11  0.3052E-11
CALSDV   36   23  0.3447E-11  0.3428E-11
CALSDV   37   23  0.3088E-11  0.3087E-11
CALSDV   38   23  0.3239E-11  0.3214E-11
CALSDV   39   23  0.3129E-11  0.3126E-11
CALSDV   40   23  0.3140E-11  0.3114E-11
CALSDV   41   23  0.3169E-11  0.3167E-11
CALSDV   42   23  0.3136E-11  0.3110E-11
CALSDV   43   23  0.3215E-11  0.3210E-11
CALSDV   44   23  0.3193E-11  0.3170E-11
CALSDV   45   23  0.3271E-11  0.3260E-11
CALSDV   46   23  0.3288E-11  0.3268E-11
CALSDV   47   23  0.3335E-11  0.3323E-11
CALSDV   48   23  0.3400E-11  0.3382E-11
CALSDV   49   23  0.3404E-11  0.3391E-11
CALSDV   50   23  0.3511E-11  0.3495E-11
CALSDV   51   23  0.3481E-11  0.3466E-11
CALSDV   52   23  0.3616E-11  0.3602E-11
CALSDV   53   23  0.3555E-11  0.3541E-11
CALSDV   54   23  0.3709E-11  0.3696E-11
CALSDV   55   23  0.3625E-11  0.3612E-11
CALSDV   56   23  0.3789E-11  0.3776E-11
CALSDV   57   23  0.3698E-11  0.3688E-11
CALSDV   58   23  0.3867E-11  0.3856E-11
CALSDV   59   23  0.3855E-11  0.3843E-11
CALSDV   60   23  0.4023E-11  0.4014E-11
CALSDV   24   24  0.5474E-11  0.5489E-11
CALSDV   25   24  0.6844E-11  0.6838E-11
CALSDV   26   24  0.6185E-11  0.6187E-11
CALSDV   27   24  0.3734E-11  0.3743E-11
CALSDV   28   24  0.5473E-11  0.5479E-11
CALSDV   29   24  0.4045E-11  0.4047E-11
CALSDV   30   24  0.4221E-11  0.4219E-11
CALSDV   31   24  0.4146E-11  0.4141E-11
CALSDV   32   24  0.3411E-11  0.3404E-11
CALSDV   33   24  0.3843E-11  0.3839E-11
CALSDV   34   24  0.3097E-11  0.3098E-11
CALSDV   35   24  0.3434E-11  0.3433E-11
CALSDV   36   24  0.3085E-11  0.3087E-11
CALSDV   37   24  0.3114E-11  0.3111E-11
CALSDV   38   24  0.3182E-11  0.3183E-11
CALSDV   39   24  0.2955E-11  0.2951E-11
CALSDV   40   24  0.3303E-11  0.3302E-11
CALSDV   41   24  0.2954E-11  0.2951E-11
CALSDV   42   24  0.3418E-11  0.3415E-11
CALSDV   43   24  0.3060E-11  0.3057E-11
CALSDV   44   24  0.3520E-11  0.3518E-11
CALSDV   45   24  0.3214E-11  0.3212E-11
CALSDV   46   24  0.3612E-11  0.3611E-11
CALSDV   47   24  0.3381E-11  0.3381E-11
CALSDV   48   24  0.3696E-11  0.3695E-11
CALSDV   49   24  0.3538E-11  0.3539E-11
CALSDV   50   24  0.3775E-11  0.3773E-11
CALSDV   51   24  0.3669E-11  0.3669E-11
CALSDV   52   24  0.3843E-11  0.3843E-11
CALSDV   53   24  0.3768E-11  0.3769E-11
CALSDV   54   24  0.3901E-11  0.3900E-11
CALSDV   55   24  0.3835E-11  0.3835E-11
CALSDV   56   24  0.3948E-11  0.3946E-11
CALSDV   57   24  0.3881E-11  0.3880E-11
CALSDV   58   24  0.3994E-11  0.3991E-11
CALSDV   59   24  0.4001E-11  0.3999E-11
CALSDV   60   24  0.4122E-11  0.4120E-11
CALSDV   25   25  0.5485E-11  0.5472E-11
CALSDV   26   25  0.7018E-11  0.7035E-11
CALSDV   27   25  0.6102E-11  0.6097E-11
CALSDV   28   25  0.3654E-11  0.3664E-11
CALSDV   29   25  0.5161E-11  0.5152E-11
CALSDV   30   25  0.4152E-11  0.4147E-11
CALSDV   31   25  0.3937E-11  0.3933E-11
CALSDV   32   25  0.4450E-11  0.4445E-11
CALSDV   33   25  0.3404E-11  0.3405E-11
CALSDV   34   25  0.4296E-11  0.4292E-11
CALSDV   35   25  0.3413E-11  0.3417E-11
CALSDV   36   25  0.3984E-11  0.3987E-11
CALSDV   37   25  0.3602E-11  0.3605E-11
CALSDV   38   25  0.3712E-11  0.3717E-11
CALSDV   39   25  0.3782E-11  0.3781E-11
CALSDV   40   25  0.3550E-11  0.3555E-11
CALSDV   41   25  0.3907E-11  0.3901E-11
CALSDV   42   25  0.3508E-11  0.3516E-11
CALSDV   43   25  0.3984E-11  0.3975E-11
CALSDV   44   25  0.3557E-11  0.3563E-11
CALSDV   45   25  0.4025E-11  0.4017E-11
CALSDV   46   25  0.3652E-11  0.3659E-11
CALSDV   47   25  0.4046E-11  0.4041E-11
CALSDV   48   25  0.3768E-11  0.3775E-11
CALSDV   49   25  0.4057E-11  0.4055E-11
CALSDV   50   25  0.3882E-11  0.3892E-11
CALSDV   51   25  0.4061E-11  0.4061E-11
CALSDV   52   25  0.3981E-11  0.3992E-11
CALSDV   53   25  0.4056E-11  0.4059E-11
CALSDV   54   25  0.4055E-11  0.4066E-11
CALSDV   55   25  0.4041E-11  0.4046E-11
CALSDV   56   25  0.4102E-11  0.4113E-11
CALSDV   57   25  0.4027E-11  0.4030E-11
CALSDV   58   25  0.4133E-11  0.4140E-11
CALSDV   59   25  0.4097E-11  0.4101E-11
CALSDV   60   25  0.4240E-11  0.4245E-11
CALSDV   26   26  0.5754E-11  0.5715E-11
CALSDV   27   26  0.7178E-11  0.7156E-11
CALSDV   28   26  0.6391E-11  0.6391E-11
CALSDV   29   26  0.4112E-11  0.4081E-11
CALSDV   30   26  0.5618E-11  0.5613E-11
CALSDV   31   26  0.4542E-11  0.4520E-11
CALSDV   32   26  0.4384E-11  0.4380E-11
CALSDV   33   26  0.4636E-11  0.4625E-11
CALSDV   34   26  0.3656E-11  0.3652E-11
CALSDV   35   26  0.4280E-11  0.4269E-11
CALSDV   36   26  0.3414E-11  0.3408E-11
CALSDV   37   26  0.3805E-11  0.3793E-11
CALSDV   38   26  0.3415E-11  0.3409E-11
CALSDV   39   26  0.3437E-11  0.3426E-11
CALSDV   40   26  0.3494E-11  0.3486E-11
CALSDV   41   26  0.3264E-11  0.3253E-11
CALSDV   42   26  0.3586E-11  0.3578E-11
CALSDV   43   26  0.3276E-11  0.3267E-11
CALSDV   44   26  0.3678E-11  0.3670E-11
CALSDV   45   26  0.3407E-11  0.3397E-11
CALSDV   46   26  0.3771E-11  0.3762E-11
CALSDV   47   26  0.3583E-11  0.3575E-11
CALSDV   48   26  0.3862E-11  0.3854E-11
CALSDV   49   26  0.3764E-11  0.3756E-11
CALSDV   50   26  0.3953E-11  0.3947E-11
CALSDV   51   26  0.3920E-11  0.3914E-11
CALSDV   52   26  0.4041E-11  0.4035E-11
CALSDV   53   26  0.4033E-11  0.4026E-11
CALSDV   54   26  0.4112E-11  0.4106E-11
CALSDV   55   26  0.4096E-11  0.4091E-11
CALSDV   56   26  0.4164E-11  0.4157E-11
CALSDV   57   26  0.4119E-11  0.4114E-11
CALSDV   58   26  0.4197E-11  0.4194E-11
CALSDV   59   26  0.4192E-11  0.4188E-11
CALSDV   60   26  0.4298E-11  0.4295E-11
CALSDV   27   27  0.5453E-11  0.5487E-11
CALSDV   28   27  0.7410E-11  0.7410E-11
CALSDV   29   27  0.6787E-11  0.6783E-11
CALSDV   30   27  0.3975E-11  0.3976E-11
CALSDV   31   27  0.5718E-11  0.5708E-11
CALSDV   32   27  0.4443E-11  0.4455E-11
CALSDV   33   27  0.4234E-11  0.4231E-11
CALSDV   34   27  0.4682E-11  0.4691E-11
CALSDV   35   27  0.3591E-11  0.3592E-11
CALSDV   36   27  0.4459E-11  0.4466E-11
CALSDV   37   27  0.3688E-11  0.3687E-11
CALSDV   38   27  0.4103E-11  0.4110E-11
CALSDV   39   27  0.4019E-11  0.4016E-11
CALSDV   40   27  0.3830E-11  0.3838E-11
CALSDV   41   27  0.4316E-11  0.4312E-11
CALSDV   42   27  0.3714E-11  0.3718E-11
CALSDV   43   27  0.4516E-11  0.4511E-11
CALSDV   44   27  0.3741E-11  0.3744E-11
CALSDV   45   27  0.4629E-11  0.4625E-11
CALSDV   46   27  0.3857E-11  0.3860E-11
CALSDV   47   27  0.4674E-11  0.4671E-11
CALSDV   48   27  0.4007E-11  0.4008E-11
CALSDV   49   27  0.4671E-11  0.4670E-11
CALSDV   50   27  0.4154E-11  0.4155E-11
CALSDV   51   27  0.4635E-11  0.4635E-11
CALSDV   52   27  0.4277E-11  0.4280E-11
CALSDV   53   27  0.4570E-11  0.4572E-11
CALSDV   54   27  0.4362E-11  0.4364E-11
CALSDV   55   27  0.4481E-11  0.4482E-11
CALSDV   56   27  0.4398E-11  0.4399E-11
CALSDV   57   27  0.4378E-11  0.4378E-11
CALSDV   58   27  0.4397E-11  0.4396E-11
CALSDV   59   27  0.4350E-11  0.4351E-11
CALSDV   60   27  0.4449E-11  0.4449E-11
CALSDV   28   28  0.5999E-11  0.5980E-11
CALSDV   29   28  0.7407E-11  0.7402E-11
CALSDV   30   28  0.6655E-11  0.6654E-11
CALSDV   31   28  0.4232E-11  0.4218E-11
CALSDV   32   28  0.5773E-11  0.5767E-11
CALSDV   33   28  0.4823E-11  0.4822E-11
CALSDV   34   28  0.4556E-11  0.4549E-11
CALSDV   35   28  0.4965E-11  0.4972E-11
CALSDV   36   28  0.3930E-11  0.3927E-11
CALSDV   37   28  0.4592E-11  0.4596E-11
CALSDV   38   28  0.3776E-11  0.3767E-11
CALSDV   39   28  0.4089E-11  0.4092E-11
CALSDV   40   28  0.3802E-11  0.3790E-11
CALSDV   41   28  0.3716E-11  0.3716E-11
CALSDV   42   28  0.3865E-11  0.3851E-11
CALSDV   43   28  0.3568E-11  0.3569E-11
CALSDV   44   28  0.3928E-11  0.3914E-11
CALSDV   45   28  0.3620E-11  0.3621E-11
CALSDV   46   28  0.3995E-11  0.3981E-11
CALSDV   47   28  0.3785E-11  0.3787E-11
CALSDV   48   28  0.4073E-11  0.4060E-11
CALSDV   49   28  0.3983E-11  0.3985E-11
CALSDV   50   28  0.4158E-11  0.4148E-11
CALSDV   51   28  0.4162E-11  0.4165E-11
CALSDV   52   28  0.4249E-11  0.4239E-11
CALSDV   53   28  0.4294E-11  0.4296E-11
CALSDV   54   28  0.4329E-11  0.4323E-11
CALSDV   55   28  0.4360E-11  0.4362E-11
CALSDV   56   28  0.4385E-11  0.4380E-11
CALSDV   57   28  0.4363E-11  0.4362E-11
CALSDV   58   28  0.4408E-11  0.4404E-11
CALSDV   59   28  0.4384E-11  0.4384E-11
CALSDV   60   28  0.4473E-11  0.4470E-11
CALSDV   29   29  0.5272E-11  0.5287E-11
CALSDV   30   29  0.7928E-11  0.7913E-11
CALSDV   31   29  0.7122E-11  0.7120E-11
CALSDV   32   29  0.4568E-11  0.4555E-11
CALSDV   33   29  0.6062E-11  0.6063E-11
CALSDV   34   29  0.4997E-11  0.4977E-11
CALSDV   35   29  0.4551E-11  0.4547E-11
CALSDV   36   29  0.5111E-11  0.5101E-11
CALSDV   37   29  0.3864E-11  0.3855E-11
CALSDV   38   29  0.4781E-11  0.4771E-11
CALSDV   39   29  0.3901E-11  0.3886E-11
CALSDV   40   29  0.4372E-11  0.4363E-11
CALSDV   41   29  0.4176E-11  0.4163E-11
CALSDV   42   29  0.4119E-11  0.4109E-11
CALSDV   43   29  0.4434E-11  0.4427E-11
CALSDV   44   29  0.4071E-11  0.4064E-11
CALSDV   45   29  0.4614E-11  0.4607E-11
CALSDV   46   29  0.4185E-11  0.4172E-11
CALSDV   47   29  0.4723E-11  0.4715E-11
CALSDV   48   29  0.4368E-11  0.4355E-11
CALSDV   49   29  0.4774E-11  0.4768E-11
CALSDV   50   29  0.4552E-11  0.4538E-11
CALSDV   51   29  0.4783E-11  0.4777E-11
CALSDV   52   29  0.4698E-11  0.4682E-11
CALSDV   53   29  0.4753E-11  0.4747E-11
CALSDV   54   29  0.4780E-11  0.4765E-11
CALSDV   55   29  0.4685E-11  0.4679E-11
CALSDV   56   29  0.4791E-11  0.4776E-11
CALSDV   57   29  0.4582E-11  0.4573E-11
CALSDV   58   29  0.4733E-11  0.4718E-11
CALSDV   59   29  0.4521E-11  0.4513E-11
CALSDV   60   29  0.4702E-11  0.4691E-11
CALSDV   30   30  0.6907E-11  0.6870E-11
CALSDV   31   30  0.7975E-11  0.8061E-11
CALSDV   32   30  0.7097E-11  0.7218E-11
CALSDV   33   30  0.4479E-11  0.4514E-11
CALSDV   34   30  0.6033E-11  0.6072E-11
CALSDV   35   30  0.5024E-11  0.5062E-11
CALSDV   36   30  0.4857E-11  0.4862E-11
CALSDV   37   30  0.5201E-11  0.5212E-11
CALSDV   38   30  0.4454E-11  0.4443E-11
CALSDV   39   30  0.4858E-11  0.4850E-11
CALSDV   40   30  0.4503E-11  0.4481E-11
CALSDV   41   30  0.4402E-11  0.4387E-11
CALSDV   42   30  0.4626E-11  0.4606E-11
CALSDV   43   30  0.4100E-11  0.4085E-11
CALSDV   44   30  0.4703E-11  0.4694E-11
CALSDV   45   30  0.4029E-11  0.4015E-11
CALSDV   46   30  0.4734E-11  0.4728E-11
CALSDV   47   30  0.4138E-11  0.4118E-11
CALSDV   48   30  0.4746E-11  0.4738E-11
CALSDV   49   30  0.4329E-11  0.4303E-11
CALSDV   50   30  0.4754E-11  0.4751E-11
CALSDV   51   30  0.4515E-11  0.4485E-11
CALSDV   52   30  0.4771E-11  0.4763E-11
CALSDV   53   30  0.4649E-11  0.4617E-11
CALSDV   54   30  0.4783E-11  0.4770E-11
CALSDV   55   30  0.4701E-11  0.4672E-11
CALSDV   56   30  0.4772E-11  0.4760E-11
CALSDV   57   30  0.4669E-11  0.4643E-11
CALSDV   58   30  0.4734E-11  0.4718E-11
CALSDV   59   30  0.4602E-11  0.4604E-11
CALSDV   60   30  0.4700E-11  0.4707E-11
CALSDV   31   31  0.5998E-11  0.5919E-11
CALSDV   32   31  0.8585E-11  0.8593E-11
CALSDV   33   31  0.7406E-11  0.7394E-11
CALSDV   34   31  0.5344E-11  0.5323E-11
CALSDV   35   31  0.6583E-11  0.6533E-11
CALSDV   36   31  0.5700E-11  0.5677E-11
CALSDV   37   31  0.5158E-11  0.5141E-11
CALSDV   38   31  0.5672E-11  0.5629E-11
CALSDV   39   31  0.4391E-11  0.4385E-11
CALSDV   40   31  0.5188E-11  0.5146E-11
CALSDV   41   31  0.4234E-11  0.4208E-11
CALSDV   42   31  0.4685E-11  0.4653E-11
CALSDV   43   31  0.4327E-11  0.4284E-11
CALSDV   44   31  0.4428E-11  0.4403E-11
CALSDV   45   31  0.4470E-11  0.4419E-11
CALSDV   46   31  0.4440E-11  0.4425E-11
CALSDV   47   31  0.4597E-11  0.4544E-11
CALSDV   48   31  0.4623E-11  0.4610E-11
CALSDV   49   31  0.4699E-11  0.4649E-11
CALSDV   50   31  0.4861E-11  0.4845E-11
CALSDV   51   31  0.4777E-11  0.4731E-11
CALSDV   52   31  0.5059E-11  0.5043E-11
CALSDV   53   31  0.4820E-11  0.4781E-11
CALSDV   54   31  0.5172E-11  0.5154E-11
CALSDV   55   31  0.4815E-11  0.4786E-11
CALSDV   56   31  0.5180E-11  0.5162E-11
CALSDV   57   31  0.4754E-11  0.4730E-11
CALSDV   58   31  0.5084E-11  0.5067E-11
CALSDV   59   31  0.4673E-11  0.4665E-11
CALSDV   60   31  0.4957E-11  0.4954E-11
CALSDV   32   32  0.5742E-11  0.5734E-11
CALSDV   33   32  0.8094E-11  0.8051E-11
CALSDV   34   32  0.7377E-11  0.7329E-11
CALSDV   35   32  0.4692E-11  0.4695E-11
CALSDV   36   32  0.6174E-11  0.6159E-11
CALSDV   37   32  0.5495E-11  0.5458E-11
CALSDV   38   32  0.4868E-11  0.4864E-11
CALSDV   39   32  0.5624E-11  0.5575E-11
CALSDV   40   32  0.4463E-11  0.4447E-11
CALSDV   41   32  0.5150E-11  0.5109E-11
CALSDV   42   32  0.4555E-11  0.4534E-11
CALSDV   43   32  0.4587E-11  0.4557E-11
CALSDV   44   32  0.4716E-11  0.4693E-11
CALSDV   45   32  0.4255E-11  0.4233E-11
CALSDV   46   32  0.4821E-11  0.4804E-11
CALSDV   47   32  0.4226E-11  0.4201E-11
CALSDV   48   32  0.4884E-11  0.4863E-11
CALSDV   49   32  0.4397E-11  0.4364E-11
CALSDV   50   32  0.4927E-11  0.4902E-11
CALSDV   51   32  0.4635E-11  0.4601E-11
CALSDV   52   32  0.4970E-11  0.4948E-11
CALSDV   53   32  0.4829E-11  0.4804E-11
CALSDV   54   32  0.5004E-11  0.4989E-11
CALSDV   55   32  0.4928E-11  0.4911E-11
CALSDV   56   32  0.5012E-11  0.5000E-11
CALSDV   57   32  0.4907E-11  0.4897E-11
CALSDV   58   32  0.4966E-11  0.4961E-11
CALSDV   59   32  0.4817E-11  0.4806E-11
CALSDV   60   32  0.4910E-11  0.4900E-11
CALSDV   33   33  0.6125E-11  0.6181E-11
CALSDV   34   33  0.8231E-11  0.8198E-11
CALSDV   35   33  0.7906E-11  0.7877E-11
CALSDV   36   33  0.4825E-11  0.4802E-11
CALSDV   37   33  0.6676E-11  0.6660E-11
CALSDV   38   33  0.5629E-11  0.5602E-11
CALSDV   39   33  0.5017E-11  0.5004E-11
CALSDV   40   33  0.5693E-11  0.5680E-11
CALSDV   41   33  0.4388E-11  0.4380E-11
CALSDV   42   33  0.5173E-11  0.5163E-11
CALSDV   43   33  0.4575E-11  0.4573E-11
CALSDV   44   33  0.4614E-11  0.4609E-11
CALSDV   45   33  0.4969E-11  0.4969E-11
CALSDV   46   33  0.4353E-11  0.4349E-11
CALSDV   47   33  0.5293E-11  0.5295E-11
CALSDV   48   33  0.4421E-11  0.4420E-11
CALSDV   49   33  0.5491E-11  0.5496E-11
CALSDV   50   33  0.4680E-11  0.4676E-11
CALSDV   51   33  0.5576E-11  0.5578E-11
CALSDV   52   33  0.4975E-11  0.4969E-11
CALSDV   53   33  0.5561E-11  0.5561E-11
CALSDV   54   33  0.5200E-11  0.5192E-11
CALSDV   55   33  0.5453E-11  0.5456E-11
CALSDV   56   33  0.5296E-11  0.5297E-11
CALSDV   57   33  0.5255E-11  0.5257E-11
CALSDV   58   33  0.5255E-11  0.5256E-11
CALSDV   59   33  0.5016E-11  0.5013E-11
CALSDV   60   33  0.5128E-11  0.5123E-11
CALSDV   34   34  0.5408E-11  0.5387E-11
CALSDV   35   34  0.8128E-11  0.8164E-11
CALSDV   36   34  0.7630E-11  0.7625E-11
CALSDV   37   34  0.4805E-11  0.4834E-11
CALSDV   38   34  0.6367E-11  0.6360E-11
CALSDV   39   34  0.5838E-11  0.5856E-11
CALSDV   40   34  0.5029E-11  0.5029E-11
CALSDV   41   34  0.5987E-11  0.5998E-11
CALSDV   42   34  0.4624E-11  0.4617E-11
CALSDV   43   34  0.5505E-11  0.5495E-11
CALSDV   44   34  0.4706E-11  0.4681E-11
CALSDV   45   34  0.4961E-11  0.4939E-11
CALSDV   46   34  0.4839E-11  0.4798E-11
CALSDV   47   34  0.4688E-11  0.4659E-11
CALSDV   48   34  0.4926E-11  0.4879E-11
CALSDV   49   34  0.4715E-11  0.4689E-11
CALSDV   50   34  0.4989E-11  0.4945E-11
CALSDV   51   34  0.4906E-11  0.4887E-11
CALSDV   52   34  0.5057E-11  0.5020E-11
CALSDV   53   34  0.5116E-11  0.5102E-11
CALSDV   54   34  0.5134E-11  0.5108E-11
CALSDV   55   34  0.5234E-11  0.5228E-11
CALSDV   56   34  0.5187E-11  0.5173E-11
CALSDV   57   34  0.5206E-11  0.5205E-11
CALSDV   58   34  0.5173E-11  0.5169E-11
CALSDV   59   34  0.5052E-11  0.5053E-11
CALSDV   60   34  0.5093E-11  0.5091E-11
CALSDV   35   35  0.6155E-11  0.6166E-11
CALSDV   36   35  0.8445E-11  0.8440E-11
CALSDV   37   35  0.8389E-11  0.8384E-11
CALSDV   38   35  0.5005E-11  0.5013E-11
CALSDV   39   35  0.7040E-11  0.7031E-11
CALSDV   40   35  0.5958E-11  0.5959E-11
CALSDV   41   35  0.5296E-11  0.5296E-11
CALSDV   42   35  0.5998E-11  0.6002E-11
CALSDV   43   35  0.4675E-11  0.4680E-11
CALSDV   44   35  0.5429E-11  0.5430E-11
CALSDV   45   35  0.4894E-11  0.4896E-11
CALSDV   46   35  0.4888E-11  0.4887E-11
CALSDV   47   35  0.5295E-11  0.5291E-11
CALSDV   48   35  0.4713E-11  0.4713E-11
CALSDV   49   35  0.5608E-11  0.5601E-11
CALSDV   50   35  0.4881E-11  0.4885E-11
CALSDV   51   35  0.5787E-11  0.5779E-11
CALSDV   52   35  0.5192E-11  0.5197E-11
CALSDV   53   35  0.5832E-11  0.5825E-11
CALSDV   54   35  0.5472E-11  0.5478E-11
CALSDV   55   35  0.5756E-11  0.5752E-11
CALSDV   56   35  0.5617E-11  0.5622E-11
CALSDV   57   35  0.5554E-11  0.5552E-11
CALSDV   58   35  0.5579E-11  0.5579E-11
CALSDV   59   35  0.5250E-11  0.5249E-11
CALSDV   60   35  0.5383E-11  0.5382E-11
CALSDV   36   36  0.5657E-11  0.5661E-11
CALSDV   37   36  0.8419E-11  0.8405E-11
CALSDV   38   36  0.8083E-11  0.8076E-11
CALSDV   39   36  0.5081E-11  0.5082E-11
CALSDV   40   36  0.6665E-11  0.6662E-11
CALSDV   41   36  0.6246E-11  0.6246E-11
CALSDV   42   36  0.5277E-11  0.5277E-11
CALSDV   43   36  0.6393E-11  0.6397E-11
CALSDV   44   36  0.4939E-11  0.4933E-11
CALSDV   45   36  0.5909E-11  0.5908E-11
CALSDV   46   36  0.5089E-11  0.5069E-11
CALSDV   47   36  0.5428E-11  0.5427E-11
CALSDV   48   36  0.5254E-11  0.5221E-11
CALSDV   49   36  0.5260E-11  0.5248E-11
CALSDV   50   36  0.5356E-11  0.5315E-11
CALSDV   51   36  0.5357E-11  0.5342E-11
CALSDV   52   36  0.5430E-11  0.5387E-11
CALSDV   53   36  0.5541E-11  0.5517E-11
CALSDV   54   36  0.5492E-11  0.5456E-11
CALSDV   55   36  0.5653E-11  0.5632E-11
CALSDV   56   36  0.5531E-11  0.5507E-11
CALSDV   57   36  0.5593E-11  0.5573E-11
CALSDV   58   36  0.5493E-11  0.5476E-11
CALSDV   59   36  0.5344E-11  0.5330E-11
CALSDV   60   36  0.5345E-11  0.5334E-11
CALSDV   37   37  0.5633E-11  0.5671E-11
CALSDV   38   37  0.8725E-11  0.8733E-11
CALSDV   39   37  0.8866E-11  0.8895E-11
CALSDV   40   37  0.5322E-11  0.5326E-11
CALSDV   41   37  0.7372E-11  0.7408E-11
CALSDV   42   37  0.6369E-11  0.6372E-11
CALSDV   43   37  0.5577E-11  0.5574E-11
CALSDV   44   37  0.6313E-11  0.6332E-11
CALSDV   45   37  0.4957E-11  0.4969E-11
CALSDV   46   37  0.5647E-11  0.5667E-11
CALSDV   47   37  0.5168E-11  0.5176E-11
CALSDV   48   37  0.5101E-11  0.5121E-11
CALSDV   49   37  0.5531E-11  0.5540E-11
CALSDV   50   37  0.5019E-11  0.5029E-11
CALSDV   51   37  0.5801E-11  0.5812E-11
CALSDV   52   37  0.5287E-11  0.5294E-11
CALSDV   53   37  0.5944E-11  0.5952E-11
CALSDV   54   37  0.5634E-11  0.5641E-11
CALSDV   55   37  0.5945E-11  0.5949E-11
CALSDV   56   37  0.5864E-11  0.5872E-11
CALSDV   57   37  0.5787E-11  0.5789E-11
CALSDV   58   37  0.5869E-11  0.5874E-11
CALSDV   59   37  0.5460E-11  0.5462E-11
CALSDV   60   37  0.5632E-11  0.5635E-11
CALSDV   38   38  0.5830E-11  0.5792E-11
CALSDV   39   38  0.8645E-11  0.8733E-11
CALSDV   40   38  0.8493E-11  0.8539E-11
CALSDV   41   38  0.5361E-11  0.5391E-11
CALSDV   42   38  0.6940E-11  0.6992E-11
CALSDV   43   38  0.6594E-11  0.6652E-11
CALSDV   44   38  0.5535E-11  0.5565E-11
CALSDV   45   38  0.6685E-11  0.6752E-11
CALSDV   46   38  0.5231E-11  0.5264E-11
CALSDV   47   38  0.6185E-11  0.6251E-11
CALSDV   48   38  0.5378E-11  0.5435E-11
CALSDV   49   38  0.5780E-11  0.5841E-11
CALSDV   50   38  0.5524E-11  0.5592E-11
CALSDV   51   38  0.5717E-11  0.5779E-11
CALSDV   52   38  0.5622E-11  0.5688E-11
CALSDV   53   38  0.5865E-11  0.5928E-11
CALSDV   54   38  0.5705E-11  0.5764E-11
CALSDV   55   38  0.5998E-11  0.6051E-11
CALSDV   56   38  0.5765E-11  0.5813E-11
CALSDV   57   38  0.5942E-11  0.5987E-11
CALSDV   58   38  0.5743E-11  0.5783E-11
CALSDV   59   38  0.5619E-11  0.5655E-11
CALSDV   60   38  0.5560E-11  0.5594E-11
CALSDV   39   39  0.5750E-11  0.5711E-11
CALSDV   40   39  0.8998E-11  0.9032E-11
CALSDV   41   39  0.9417E-11  0.9407E-11
CALSDV   42   39  0.5718E-11  0.5715E-11
CALSDV   43   39  0.7730E-11  0.7728E-11
CALSDV   44   39  0.6810E-11  0.6816E-11
CALSDV   45   39  0.5838E-11  0.5831E-11
CALSDV   46   39  0.6627E-11  0.6637E-11
CALSDV   47   39  0.5280E-11  0.5274E-11
CALSDV   48   39  0.5851E-11  0.5864E-11
CALSDV   49   39  0.5557E-11  0.5548E-11
CALSDV   50   39  0.5344E-11  0.5341E-11
CALSDV   51   39  0.5934E-11  0.5927E-11
CALSDV   52   39  0.5386E-11  0.5363E-11
CALSDV   53   39  0.6182E-11  0.6170E-11
CALSDV   54   39  0.5747E-11  0.5718E-11
CALSDV   55   39  0.6255E-11  0.6244E-11
CALSDV   56   39  0.6074E-11  0.6057E-11
CALSDV   57   39  0.6114E-11  0.6111E-11
CALSDV   58   39  0.6153E-11  0.6146E-11
CALSDV   59   39  0.5732E-11  0.5731E-11
CALSDV   60   39  0.5895E-11  0.5894E-11
CALSDV   40   40  0.6176E-11  0.6162E-11
CALSDV   41   40  0.9151E-11  0.9154E-11
CALSDV   42   40  0.9487E-11  0.9494E-11
CALSDV   43   40  0.5856E-11  0.5863E-11
CALSDV   44   40  0.7609E-11  0.7612E-11
CALSDV   45   40  0.7102E-11  0.7119E-11
CALSDV   46   40  0.5895E-11  0.5896E-11
CALSDV   47   40  0.7159E-11  0.7175E-11
CALSDV   48   40  0.5720E-11  0.5725E-11
CALSDV   49   40  0.6703E-11  0.6726E-11
CALSDV   50   40  0.6197E-11  0.6210E-11
CALSDV   51   40  0.6432E-11  0.6445E-11
CALSDV   52   40  0.6599E-11  0.6612E-11
CALSDV   53   40  0.6450E-11  0.6460E-11
CALSDV   54   40  0.6775E-11  0.6790E-11
CALSDV   55   40  0.6537E-11  0.6550E-11
CALSDV   56   40  0.6752E-11  0.6768E-11
CALSDV   57   40  0.6438E-11  0.6452E-11
CALSDV   58   40  0.6529E-11  0.6541E-11
CALSDV   59   40  0.5998E-11  0.6007E-11
CALSDV   60   40  0.6071E-11  0.6077E-11
CALSDV   41   41  0.6266E-11  0.6253E-11
CALSDV   42   41  0.9371E-11  0.9394E-11
CALSDV   43   41  0.1004E-10  0.1005E-10
CALSDV   44   41  0.6354E-11  0.6350E-11
CALSDV   45   41  0.8094E-11  0.8109E-11
CALSDV   46   41  0.7476E-11  0.7475E-11
CALSDV   47   41  0.6138E-11  0.6141E-11
CALSDV   48   41  0.7133E-11  0.7150E-11
CALSDV   49   41  0.5726E-11  0.5726E-11
CALSDV   50   41  0.6268E-11  0.6299E-11
CALSDV   51   41  0.6117E-11  0.6120E-11
CALSDV   52   41  0.5799E-11  0.5841E-11
CALSDV   53   41  0.6504E-11  0.6513E-11
CALSDV   54   41  0.5925E-11  0.5954E-11
CALSDV   55   41  0.6656E-11  0.6667E-11
CALSDV   56   41  0.6267E-11  0.6289E-11
CALSDV   57   41  0.6532E-11  0.6540E-11
CALSDV   58   41  0.6430E-11  0.6445E-11
CALSDV   59   41  0.6065E-11  0.6069E-11
CALSDV   60   41  0.6172E-11  0.6179E-11
CALSDV   42   42  0.6534E-11  0.6573E-11
CALSDV   43   42  0.9719E-11  0.9720E-11
CALSDV   44   42  0.1063E-10  0.1061E-10
CALSDV   45   42  0.6513E-11  0.6490E-11
CALSDV   46   42  0.8338E-11  0.8301E-11
CALSDV   47   42  0.7642E-11  0.7618E-11
CALSDV   48   42  0.6263E-11  0.6254E-11
CALSDV   49   42  0.7557E-11  0.7533E-11
CALSDV   50   42  0.6270E-11  0.6265E-11
CALSDV   51   42  0.7080E-11  0.7056E-11
CALSDV   52   42  0.7084E-11  0.7068E-11
CALSDV   53   42  0.6866E-11  0.6852E-11
CALSDV   54   42  0.7647E-11  0.7623E-11
CALSDV   55   42  0.6898E-11  0.6887E-11
CALSDV   56   42  0.7756E-11  0.7721E-11
CALSDV   57   42  0.6818E-11  0.6806E-11
CALSDV   58   42  0.7418E-11  0.7383E-11
CALSDV   59   42  0.6332E-11  0.6326E-11
CALSDV   60   42  0.6663E-11  0.6642E-11
CALSDV   43   43  0.6789E-11  0.6817E-11
CALSDV   44   43  0.9739E-11  0.9766E-11
CALSDV   45   43  0.1072E-10  0.1072E-10
CALSDV   46   43  0.6890E-11  0.6894E-11
CALSDV   47   43  0.8424E-11  0.8437E-11
CALSDV   48   43  0.7979E-11  0.7985E-11
CALSDV   49   43  0.6460E-11  0.6473E-11
CALSDV   50   43  0.7498E-11  0.7513E-11
CALSDV   51   43  0.6310E-11  0.6314E-11
CALSDV   52   43  0.6622E-11  0.6653E-11
CALSDV   53   43  0.6838E-11  0.6847E-11
CALSDV   54   43  0.6301E-11  0.6337E-11
CALSDV   55   43  0.7166E-11  0.7172E-11
CALSDV   56   43  0.6510E-11  0.6538E-11
CALSDV   57   43  0.7068E-11  0.7072E-11
CALSDV   58   43  0.6716E-11  0.6733E-11
CALSDV   59   43  0.6481E-11  0.6481E-11
CALSDV   60   43  0.6468E-11  0.6471E-11
CALSDV   44   44  0.6883E-11  0.6832E-11
CALSDV   45   44  0.1040E-10  0.1036E-10
CALSDV   46   44  0.1136E-10  0.1139E-10
CALSDV   47   44  0.7325E-11  0.7300E-11
CALSDV   48   44  0.8741E-11  0.8745E-11
CALSDV   49   44  0.8323E-11  0.8320E-11
CALSDV   50   44  0.6616E-11  0.6618E-11
CALSDV   51   44  0.8112E-11  0.8109E-11
CALSDV   52   44  0.6810E-11  0.6817E-11
CALSDV   53   44  0.7621E-11  0.7619E-11
CALSDV   54   44  0.7686E-11  0.7702E-11
CALSDV   55   44  0.7406E-11  0.7409E-11
CALSDV   56   44  0.8124E-11  0.8143E-11
CALSDV   57   44  0.7260E-11  0.7258E-11
CALSDV   58   44  0.7924E-11  0.7936E-11
CALSDV   59   44  0.6703E-11  0.6702E-11
CALSDV   60   44  0.7085E-11  0.7095E-11
CALSDV   45   45  0.8451E-11  0.8398E-11
CALSDV   46   45  0.1049E-10  0.1049E-10
CALSDV   47   45  0.1162E-10  0.1169E-10
CALSDV   48   45  0.7514E-11  0.7560E-11
CALSDV   49   45  0.8856E-11  0.8873E-11
CALSDV   50   45  0.8623E-11  0.8596E-11
CALSDV   51   45  0.7242E-11  0.7240E-11
CALSDV   52   45  0.8215E-11  0.8153E-11
CALSDV   53   45  0.7676E-11  0.7666E-11
CALSDV   54   45  0.7512E-11  0.7458E-11
CALSDV   55   45  0.8288E-11  0.8256E-11
CALSDV   56   45  0.7299E-11  0.7248E-11
CALSDV   57   45  0.8196E-11  0.8143E-11
CALSDV   58   45  0.7308E-11  0.7247E-11
CALSDV   59   45  0.7247E-11  0.7228E-11
CALSDV   60   45  0.6904E-11  0.6877E-11
CALSDV   46   46  0.7911E-11  0.7879E-11
CALSDV   47   46  0.1186E-10  0.1165E-10
CALSDV   48   46  0.1219E-10  0.1195E-10
CALSDV   49   46  0.8825E-11  0.8658E-11
CALSDV   50   46  0.9448E-11  0.9398E-11
CALSDV   51   46  0.9619E-11  0.9429E-11
CALSDV   52   46  0.7415E-11  0.7418E-11
CALSDV   53   46  0.9238E-11  0.9067E-11
CALSDV   54   46  0.7509E-11  0.7560E-11
CALSDV   55   46  0.8563E-11  0.8437E-11
CALSDV   56   46  0.8077E-11  0.8190E-11
CALSDV   57   46  0.7992E-11  0.7956E-11
CALSDV   58   46  0.8116E-11  0.8256E-11
CALSDV   59   46  0.7199E-11  0.7164E-11
CALSDV   60   46  0.7404E-11  0.7444E-11
CALSDV   47   47  0.7740E-11  0.7670E-11
CALSDV   48   47  0.1109E-10  0.1102E-10
CALSDV   49   47  0.1210E-10  0.1206E-10
CALSDV   50   47  0.8217E-11  0.8228E-11
CALSDV   51   47  0.8845E-11  0.8848E-11
CALSDV   52   47  0.9181E-11  0.9138E-11
CALSDV   53   47  0.7398E-11  0.7392E-11
CALSDV   54   47  0.8707E-11  0.8594E-11
CALSDV   55   47  0.8022E-11  0.8053E-11
CALSDV   56   47  0.8061E-11  0.7993E-11
CALSDV   57   47  0.8399E-11  0.8435E-11
CALSDV   58   47  0.7792E-11  0.7771E-11
CALSDV   59   47  0.7661E-11  0.7676E-11
CALSDV   60   47  0.7307E-11  0.7288E-11
CALSDV   48   48  0.7362E-11  0.7370E-11
CALSDV   49   48  0.1137E-10  0.1138E-10
CALSDV   50   48  0.1261E-10  0.1257E-10
CALSDV   51   48  0.8302E-11  0.8304E-11
CALSDV   52   48  0.9022E-11  0.9025E-11
CALSDV   53   48  0.8837E-11  0.8818E-11
CALSDV   54   48  0.7340E-11  0.7331E-11
CALSDV   55   48  0.8355E-11  0.8348E-11
CALSDV   56   48  0.8178E-11  0.8171E-11
CALSDV   57   48  0.7914E-11  0.7913E-11
CALSDV   58   48  0.8763E-11  0.8755E-11
CALSDV   59   48  0.7361E-11  0.7359E-11
CALSDV   60   48  0.8074E-11  0.8067E-11
CALSDV   49   49  0.6743E-11  0.6681E-11
CALSDV   50   49  0.1116E-10  0.1119E-10
CALSDV   51   49  0.1235E-10  0.1233E-10
CALSDV   52   49  0.8708E-11  0.8699E-11
CALSDV   53   49  0.8566E-11  0.8540E-11
CALSDV   54   49  0.9623E-11  0.9607E-11
CALSDV   55   49  0.7444E-11  0.7414E-11
CALSDV   56   49  0.9083E-11  0.9061E-11
CALSDV   57   49  0.8162E-11  0.8149E-11
CALSDV   58   49  0.8456E-11  0.8450E-11
CALSDV   59   49  0.7924E-11  0.7918E-11
CALSDV   60   49  0.7768E-11  0.7762E-11
CALSDV   50   50  0.7180E-11  0.7088E-11
CALSDV   51   50  0.1217E-10  0.1218E-10
CALSDV   52   50  0.1303E-10  0.1306E-10
CALSDV   53   50  0.8870E-11  0.8884E-11
CALSDV   54   50  0.8887E-11  0.8904E-11
CALSDV   55   50  0.9670E-11  0.9711E-11
CALSDV   56   50  0.7801E-11  0.7803E-11
CALSDV   57   50  0.9323E-11  0.9359E-11
CALSDV   58   50  0.8740E-11  0.8725E-11
CALSDV   59   50  0.8239E-11  0.8261E-11
CALSDV   60   50  0.8480E-11  0.8474E-11
CALSDV   51   51  0.6485E-11  0.6558E-11
CALSDV   52   51  0.1214E-10  0.1217E-10
CALSDV   53   51  0.1244E-10  0.1244E-10
CALSDV   54   51  0.9443E-11  0.9426E-11
CALSDV   55   51  0.8399E-11  0.8399E-11
CALSDV   56   51  0.1053E-10  0.1052E-10
CALSDV   57   51  0.8016E-11  0.8022E-11
CALSDV   58   51  0.1002E-10  0.1003E-10
CALSDV   59   51  0.8299E-11  0.8306E-11
CALSDV   60   51  0.8722E-11  0.8726E-11
CALSDV   52   52  0.6610E-11  0.6616E-11
CALSDV   53   52  0.1269E-10  0.1266E-10
CALSDV   54   52  0.1301E-10  0.1303E-10
CALSDV   55   52  0.9445E-11  0.9457E-11
CALSDV   56   52  0.8571E-11  0.8600E-11
CALSDV   57   52  0.1043E-10  0.1045E-10
CALSDV   58   52  0.8316E-11  0.8328E-11
CALSDV   59   52  0.9333E-11  0.9345E-11
CALSDV   60   52  0.8754E-11  0.8764E-11
CALSDV   53   53  0.5958E-11  0.5943E-11
CALSDV   54   53  0.1258E-10  0.1275E-10
CALSDV   55   53  0.1207E-10  0.1213E-10
CALSDV   56   53  0.1001E-10  0.1006E-10
CALSDV   57   53  0.8341E-11  0.8336E-11
CALSDV   58   53  0.1097E-10  0.1114E-10
CALSDV   59   53  0.8492E-11  0.8493E-11
CALSDV   60   53  0.9723E-11  0.9845E-11
CALSDV   54   54  0.6033E-11  0.6119E-11
CALSDV   55   54  0.1218E-10  0.1219E-10
CALSDV   56   54  0.1241E-10  0.1242E-10
CALSDV   57   54  0.1012E-10  0.1014E-10
CALSDV   58   54  0.8317E-11  0.8327E-11
CALSDV   59   54  0.1044E-10  0.1047E-10
CALSDV   60   54  0.8818E-11  0.8829E-11
CALSDV   55   55  0.6771E-11  0.6768E-11
CALSDV   56   55  0.1257E-10  0.1259E-10
CALSDV   57   55  0.1208E-10  0.1201E-10
CALSDV   58   55  0.1110E-10  0.1113E-10
CALSDV   59   55  0.9425E-11  0.9369E-11
CALSDV   60   55  0.1144E-10  0.1143E-10
CALSDV   56   56  0.6807E-11  0.6710E-11
CALSDV   57   56  0.1086E-10  0.1085E-10
CALSDV   58   56  0.1228E-10  0.1232E-10
CALSDV   59   56  0.1139E-10  0.1135E-10
CALSDV   60   56  0.9484E-11  0.9515E-11
CALSDV   57   57  0.7612E-11  0.7758E-11
CALSDV   58   57  0.1119E-10  0.1116E-10
CALSDV   59   57  0.1321E-10  0.1321E-10
CALSDV   60   57  0.1200E-10  0.1201E-10
CALSDV   58   58  0.7771E-11  0.7684E-11
CALSDV   59   58  0.9237E-11  0.9453E-11
CALSDV   60   58  0.1394E-10  0.1379E-10
CALSDV   59   59  0.6425E-11  0.6344E-11
CALSDV   60   59  0.1041E-10  0.1039E-10
CALSDV   60   60  0.9526E-11  0.9480E-11
