  This file contains calibrated standard deviations 
       The relevant data lines start with key CALSDV 
       Each such line contains the following data 
           N   M   C_SIGMA   S_SIGMA 
                 FOR M=0 S_SIGMA=0.0 
     
CALSDV    0    0  0.0000E+00  0.0000E+00
CALSDV    1    0  0.0000E+00  0.0000E+00
CALSDV    2    0  0.9804E-10  0.0000E+00
CALSDV    3    0  0.8731E-11  0.0000E+00
CALSDV    4    0  0.3126E-11  0.0000E+00
CALSDV    5    0  0.2092E-11  0.0000E+00
CALSDV    6    0  0.1597E-11  0.0000E+00
CALSDV    7    0  0.1297E-11  0.0000E+00
CALSDV    8    0  0.1108E-11  0.0000E+00
CALSDV    9    0  0.9706E-12  0.0000E+00
CALSDV   10    0  0.8712E-12  0.0000E+00
CALSDV   11    0  0.7956E-12  0.0000E+00
CALSDV   12    0  0.7374E-12  0.0000E+00
CALSDV   13    0  0.6918E-12  0.0000E+00
CALSDV   14    0  0.6557E-12  0.0000E+00
CALSDV   15    0  0.6265E-12  0.0000E+00
CALSDV   16    0  0.6037E-12  0.0000E+00
CALSDV   17    0  0.5853E-12  0.0000E+00
CALSDV   18    0  0.5709E-12  0.0000E+00
CALSDV   19    0  0.5603E-12  0.0000E+00
CALSDV   20    0  0.5520E-12  0.0000E+00
CALSDV   21    0  0.5464E-12  0.0000E+00
CALSDV   22    0  0.5426E-12  0.0000E+00
CALSDV   23    0  0.5413E-12  0.0000E+00
CALSDV   24    0  0.5414E-12  0.0000E+00
CALSDV   25    0  0.5433E-12  0.0000E+00
CALSDV   26    0  0.5468E-12  0.0000E+00
CALSDV   27    0  0.5517E-12  0.0000E+00
CALSDV   28    0  0.5577E-12  0.0000E+00
CALSDV   29    0  0.5654E-12  0.0000E+00
CALSDV   30    0  0.5742E-12  0.0000E+00
CALSDV   31    0  0.5844E-12  0.0000E+00
CALSDV   32    0  0.5959E-12  0.0000E+00
CALSDV   33    0  0.6087E-12  0.0000E+00
CALSDV   34    0  0.6225E-12  0.0000E+00
CALSDV   35    0  0.6378E-12  0.0000E+00
CALSDV   36    0  0.6545E-12  0.0000E+00
CALSDV   37    0  0.6726E-12  0.0000E+00
CALSDV   38    0  0.6922E-12  0.0000E+00
CALSDV   39    0  0.7132E-12  0.0000E+00
CALSDV   40    0  0.7358E-12  0.0000E+00
CALSDV   41    0  0.7599E-12  0.0000E+00
CALSDV   42    0  0.7858E-12  0.0000E+00
CALSDV   43    0  0.8134E-12  0.0000E+00
CALSDV   44    0  0.8429E-12  0.0000E+00
CALSDV   45    0  0.8743E-12  0.0000E+00
CALSDV   46    0  0.9077E-12  0.0000E+00
CALSDV   47    0  0.9434E-12  0.0000E+00
CALSDV   48    0  0.9812E-12  0.0000E+00
CALSDV   49    0  0.1021E-11  0.0000E+00
CALSDV   50    0  0.1064E-11  0.0000E+00
CALSDV   51    0  0.1110E-11  0.0000E+00
CALSDV   52    0  0.1158E-11  0.0000E+00
CALSDV   53    0  0.1209E-11  0.0000E+00
CALSDV   54    0  0.1264E-11  0.0000E+00
CALSDV   55    0  0.1320E-11  0.0000E+00
CALSDV   56    0  0.1382E-11  0.0000E+00
CALSDV   57    0  0.1441E-11  0.0000E+00
CALSDV   58    0  0.1510E-11  0.0000E+00
CALSDV   59    0  0.1419E-11  0.0000E+00
CALSDV   60    0  0.1489E-11  0.0000E+00
CALSDV    1    1  0.0000E+00  0.0000E+00
CALSDV    2    1  0.3151E-10  0.2856E-10
CALSDV    3    1  0.6771E-11  0.6686E-11
CALSDV    4    1  0.3269E-11  0.3238E-11
CALSDV    5    1  0.2213E-11  0.2199E-11
CALSDV    6    1  0.1676E-11  0.1665E-11
CALSDV    7    1  0.1359E-11  0.1351E-11
CALSDV    8    1  0.1148E-11  0.1140E-11
CALSDV    9    1  0.1001E-11  0.9948E-12
CALSDV   10    1  0.8943E-12  0.8879E-12
CALSDV   11    1  0.8131E-12  0.8083E-12
CALSDV   12    1  0.7524E-12  0.7472E-12
CALSDV   13    1  0.7034E-12  0.6991E-12
CALSDV   14    1  0.6660E-12  0.6617E-12
CALSDV   15    1  0.6354E-12  0.6314E-12
CALSDV   16    1  0.6114E-12  0.6076E-12
CALSDV   17    1  0.5923E-12  0.5885E-12
CALSDV   18    1  0.5774E-12  0.5739E-12
CALSDV   19    1  0.5659E-12  0.5623E-12
CALSDV   20    1  0.5574E-12  0.5539E-12
CALSDV   21    1  0.5512E-12  0.5477E-12
CALSDV   22    1  0.5476E-12  0.5441E-12
CALSDV   23    1  0.5457E-12  0.5423E-12
CALSDV   24    1  0.5457E-12  0.5423E-12
CALSDV   25    1  0.5475E-12  0.5440E-12
CALSDV   26    1  0.5507E-12  0.5472E-12
CALSDV   27    1  0.5555E-12  0.5520E-12
CALSDV   28    1  0.5615E-12  0.5580E-12
CALSDV   29    1  0.5690E-12  0.5655E-12
CALSDV   30    1  0.5778E-12  0.5741E-12
CALSDV   31    1  0.5880E-12  0.5843E-12
CALSDV   32    1  0.5992E-12  0.5956E-12
CALSDV   33    1  0.6122E-12  0.6083E-12
CALSDV   34    1  0.6258E-12  0.6220E-12
CALSDV   35    1  0.6414E-12  0.6374E-12
CALSDV   36    1  0.6578E-12  0.6538E-12
CALSDV   37    1  0.6761E-12  0.6719E-12
CALSDV   38    1  0.6956E-12  0.6913E-12
CALSDV   39    1  0.7167E-12  0.7123E-12
CALSDV   40    1  0.7393E-12  0.7348E-12
CALSDV   41    1  0.7635E-12  0.7588E-12
CALSDV   42    1  0.7894E-12  0.7846E-12
CALSDV   43    1  0.8170E-12  0.8121E-12
CALSDV   44    1  0.8467E-12  0.8415E-12
CALSDV   45    1  0.8780E-12  0.8727E-12
CALSDV   46    1  0.9117E-12  0.9061E-12
CALSDV   47    1  0.9473E-12  0.9415E-12
CALSDV   48    1  0.9854E-12  0.9794E-12
CALSDV   49    1  0.1026E-11  0.1019E-11
CALSDV   50    1  0.1069E-11  0.1062E-11
CALSDV   51    1  0.1114E-11  0.1107E-11
CALSDV   52    1  0.1163E-11  0.1156E-11
CALSDV   53    1  0.1214E-11  0.1206E-11
CALSDV   54    1  0.1269E-11  0.1261E-11
CALSDV   55    1  0.1325E-11  0.1317E-11
CALSDV   56    1  0.1387E-11  0.1379E-11
CALSDV   57    1  0.1447E-11  0.1438E-11
CALSDV   58    1  0.1516E-11  0.1507E-11
CALSDV   59    1  0.1426E-11  0.1418E-11
CALSDV   60    1  0.1496E-11  0.1488E-11
CALSDV    2    2  0.2295E-10  0.2101E-10
CALSDV    3    2  0.9581E-11  0.9521E-11
CALSDV    4    2  0.4515E-11  0.4493E-11
CALSDV    5    2  0.2810E-11  0.2799E-11
CALSDV    6    2  0.2041E-11  0.2043E-11
CALSDV    7    2  0.1585E-11  0.1581E-11
CALSDV    8    2  0.1310E-11  0.1308E-11
CALSDV    9    2  0.1114E-11  0.1113E-11
CALSDV   10    2  0.9809E-12  0.9789E-12
CALSDV   11    2  0.8800E-12  0.8785E-12
CALSDV   12    2  0.8046E-12  0.8040E-12
CALSDV   13    2  0.7465E-12  0.7451E-12
CALSDV   14    2  0.7013E-12  0.6998E-12
CALSDV   15    2  0.6648E-12  0.6636E-12
CALSDV   16    2  0.6362E-12  0.6352E-12
CALSDV   17    2  0.6135E-12  0.6125E-12
CALSDV   18    2  0.5958E-12  0.5947E-12
CALSDV   19    2  0.5822E-12  0.5810E-12
CALSDV   20    2  0.5714E-12  0.5703E-12
CALSDV   21    2  0.5640E-12  0.5629E-12
CALSDV   22    2  0.5587E-12  0.5577E-12
CALSDV   23    2  0.5559E-12  0.5549E-12
CALSDV   24    2  0.5550E-12  0.5539E-12
CALSDV   25    2  0.5560E-12  0.5549E-12
CALSDV   26    2  0.5583E-12  0.5572E-12
CALSDV   27    2  0.5625E-12  0.5614E-12
CALSDV   28    2  0.5682E-12  0.5671E-12
CALSDV   29    2  0.5752E-12  0.5740E-12
CALSDV   30    2  0.5833E-12  0.5823E-12
CALSDV   31    2  0.5933E-12  0.5921E-12
CALSDV   32    2  0.6042E-12  0.6030E-12
CALSDV   33    2  0.6165E-12  0.6154E-12
CALSDV   34    2  0.6304E-12  0.6291E-12
CALSDV   35    2  0.6454E-12  0.6442E-12
CALSDV   36    2  0.6618E-12  0.6606E-12
CALSDV   37    2  0.6797E-12  0.6785E-12
CALSDV   38    2  0.6990E-12  0.6976E-12
CALSDV   39    2  0.7199E-12  0.7186E-12
CALSDV   40    2  0.7423E-12  0.7409E-12
CALSDV   41    2  0.7663E-12  0.7649E-12
CALSDV   42    2  0.7921E-12  0.7906E-12
CALSDV   43    2  0.8196E-12  0.8181E-12
CALSDV   44    2  0.8489E-12  0.8474E-12
CALSDV   45    2  0.8804E-12  0.8787E-12
CALSDV   46    2  0.9137E-12  0.9120E-12
CALSDV   47    2  0.9494E-12  0.9475E-12
CALSDV   48    2  0.9871E-12  0.9853E-12
CALSDV   49    2  0.1027E-11  0.1026E-11
CALSDV   50    2  0.1070E-11  0.1068E-11
CALSDV   51    2  0.1116E-11  0.1114E-11
CALSDV   52    2  0.1164E-11  0.1162E-11
CALSDV   53    2  0.1215E-11  0.1213E-11
CALSDV   54    2  0.1270E-11  0.1267E-11
CALSDV   55    2  0.1327E-11  0.1325E-11
CALSDV   56    2  0.1389E-11  0.1386E-11
CALSDV   57    2  0.1449E-11  0.1447E-11
CALSDV   58    2  0.1518E-11  0.1515E-11
CALSDV   59    2  0.1441E-11  0.1438E-11
CALSDV   60    2  0.1510E-11  0.1507E-11
CALSDV    3    3  0.2322E-10  0.2321E-10
CALSDV    4    3  0.9341E-11  0.9396E-11
CALSDV    5    3  0.6425E-11  0.6405E-11
CALSDV    6    3  0.3473E-11  0.3485E-11
CALSDV    7    3  0.3058E-11  0.3055E-11
CALSDV    8    3  0.1938E-11  0.1940E-11
CALSDV    9    3  0.1834E-11  0.1833E-11
CALSDV   10    3  0.1312E-11  0.1313E-11
CALSDV   11    3  0.1278E-11  0.1277E-11
CALSDV   12    3  0.1001E-11  0.9999E-12
CALSDV   13    3  0.9865E-12  0.9867E-12
CALSDV   14    3  0.8262E-12  0.8268E-12
CALSDV   15    3  0.8203E-12  0.8207E-12
CALSDV   16    3  0.7225E-12  0.7229E-12
CALSDV   17    3  0.7199E-12  0.7205E-12
CALSDV   18    3  0.6576E-12  0.6579E-12
CALSDV   19    3  0.6578E-12  0.6583E-12
CALSDV   20    3  0.6180E-12  0.6186E-12
CALSDV   21    3  0.6203E-12  0.6210E-12
CALSDV   22    3  0.5949E-12  0.5955E-12
CALSDV   23    3  0.5993E-12  0.6000E-12
CALSDV   24    3  0.5836E-12  0.5843E-12
CALSDV   25    3  0.5900E-12  0.5907E-12
CALSDV   26    3  0.5818E-12  0.5827E-12
CALSDV   27    3  0.5902E-12  0.5909E-12
CALSDV   28    3  0.5878E-12  0.5885E-12
CALSDV   29    3  0.5980E-12  0.5988E-12
CALSDV   30    3  0.6002E-12  0.6010E-12
CALSDV   31    3  0.6125E-12  0.6134E-12
CALSDV   32    3  0.6185E-12  0.6195E-12
CALSDV   33    3  0.6331E-12  0.6340E-12
CALSDV   34    3  0.6430E-12  0.6440E-12
CALSDV   35    3  0.6598E-12  0.6608E-12
CALSDV   36    3  0.6731E-12  0.6742E-12
CALSDV   37    3  0.6925E-12  0.6935E-12
CALSDV   38    3  0.7091E-12  0.7103E-12
CALSDV   39    3  0.7311E-12  0.7323E-12
CALSDV   40    3  0.7515E-12  0.7528E-12
CALSDV   41    3  0.7764E-12  0.7777E-12
CALSDV   42    3  0.8005E-12  0.8019E-12
CALSDV   43    3  0.8287E-12  0.8301E-12
CALSDV   44    3  0.8567E-12  0.8582E-12
CALSDV   45    3  0.8886E-12  0.8902E-12
CALSDV   46    3  0.9209E-12  0.9225E-12
CALSDV   47    3  0.9569E-12  0.9586E-12
CALSDV   48    3  0.9939E-12  0.9956E-12
CALSDV   49    3  0.1035E-11  0.1036E-11
CALSDV   50    3  0.1077E-11  0.1078E-11
CALSDV   51    3  0.1122E-11  0.1124E-11
CALSDV   52    3  0.1170E-11  0.1172E-11
CALSDV   53    3  0.1222E-11  0.1224E-11
CALSDV   54    3  0.1276E-11  0.1278E-11
CALSDV   55    3  0.1334E-11  0.1336E-11
CALSDV   56    3  0.1395E-11  0.1398E-11
CALSDV   57    3  0.1458E-11  0.1461E-11
CALSDV   58    3  0.1527E-11  0.1530E-11
CALSDV   59    3  0.1476E-11  0.1478E-11
CALSDV   60    3  0.1544E-11  0.1546E-11
CALSDV    4    4  0.1229E-10  0.1254E-10
CALSDV    5    4  0.9478E-11  0.9368E-11
CALSDV    6    4  0.3996E-11  0.4029E-11
CALSDV    7    4  0.3509E-11  0.3511E-11
CALSDV    8    4  0.2167E-11  0.2168E-11
CALSDV    9    4  0.1911E-11  0.1918E-11
CALSDV   10    4  0.1442E-11  0.1438E-11
CALSDV   11    4  0.1301E-11  0.1303E-11
CALSDV   12    4  0.1088E-11  0.1086E-11
CALSDV   13    4  0.1005E-11  0.1006E-11
CALSDV   14    4  0.8936E-12  0.8893E-12
CALSDV   15    4  0.8403E-12  0.8409E-12
CALSDV   16    4  0.7747E-12  0.7719E-12
CALSDV   17    4  0.7412E-12  0.7415E-12
CALSDV   18    4  0.7012E-12  0.6987E-12
CALSDV   19    4  0.6800E-12  0.6796E-12
CALSDV   20    4  0.6544E-12  0.6527E-12
CALSDV   21    4  0.6421E-12  0.6418E-12
CALSDV   22    4  0.6261E-12  0.6246E-12
CALSDV   23    4  0.6199E-12  0.6196E-12
CALSDV   24    4  0.6113E-12  0.6099E-12
CALSDV   25    4  0.6096E-12  0.6091E-12
CALSDV   26    4  0.6065E-12  0.6053E-12
CALSDV   27    4  0.6087E-12  0.6081E-12
CALSDV   28    4  0.6097E-12  0.6086E-12
CALSDV   29    4  0.6154E-12  0.6148E-12
CALSDV   30    4  0.6202E-12  0.6192E-12
CALSDV   31    4  0.6288E-12  0.6282E-12
CALSDV   32    4  0.6371E-12  0.6362E-12
CALSDV   33    4  0.6486E-12  0.6480E-12
CALSDV   34    4  0.6601E-12  0.6593E-12
CALSDV   35    4  0.6744E-12  0.6738E-12
CALSDV   36    4  0.6892E-12  0.6883E-12
CALSDV   37    4  0.7065E-12  0.7058E-12
CALSDV   38    4  0.7241E-12  0.7234E-12
CALSDV   39    4  0.7447E-12  0.7440E-12
CALSDV   40    4  0.7657E-12  0.7648E-12
CALSDV   41    4  0.7893E-12  0.7887E-12
CALSDV   42    4  0.8140E-12  0.8132E-12
CALSDV   43    4  0.8413E-12  0.8405E-12
CALSDV   44    4  0.8697E-12  0.8689E-12
CALSDV   45    4  0.9009E-12  0.9001E-12
CALSDV   46    4  0.9334E-12  0.9325E-12
CALSDV   47    4  0.9688E-12  0.9680E-12
CALSDV   48    4  0.1006E-11  0.1005E-11
CALSDV   49    4  0.1046E-11  0.1045E-11
CALSDV   50    4  0.1089E-11  0.1088E-11
CALSDV   51    4  0.1134E-11  0.1133E-11
CALSDV   52    4  0.1182E-11  0.1181E-11
CALSDV   53    4  0.1234E-11  0.1233E-11
CALSDV   54    4  0.1288E-11  0.1287E-11
CALSDV   55    4  0.1346E-11  0.1345E-11
CALSDV   56    4  0.1408E-11  0.1406E-11
CALSDV   57    4  0.1472E-11  0.1471E-11
CALSDV   58    4  0.1541E-11  0.1540E-11
CALSDV   59    4  0.1509E-11  0.1507E-11
CALSDV   60    4  0.1579E-11  0.1578E-11
CALSDV    5    5  0.1848E-10  0.1834E-10
CALSDV    6    5  0.6966E-11  0.6917E-11
CALSDV    7    5  0.4703E-11  0.4692E-11
CALSDV    8    5  0.2954E-11  0.2925E-11
CALSDV    9    5  0.2640E-11  0.2646E-11
CALSDV   10    5  0.1850E-11  0.1839E-11
CALSDV   11    5  0.1817E-11  0.1824E-11
CALSDV   12    5  0.1373E-11  0.1365E-11
CALSDV   13    5  0.1375E-11  0.1379E-11
CALSDV   14    5  0.1108E-11  0.1104E-11
CALSDV   15    5  0.1110E-11  0.1113E-11
CALSDV   16    5  0.9435E-12  0.9405E-12
CALSDV   17    5  0.9422E-12  0.9442E-12
CALSDV   18    5  0.8355E-12  0.8330E-12
CALSDV   19    5  0.8327E-12  0.8345E-12
CALSDV   20    5  0.7629E-12  0.7612E-12
CALSDV   21    5  0.7605E-12  0.7617E-12
CALSDV   22    5  0.7149E-12  0.7134E-12
CALSDV   23    5  0.7139E-12  0.7149E-12
CALSDV   24    5  0.6844E-12  0.6839E-12
CALSDV   25    5  0.6857E-12  0.6864E-12
CALSDV   26    5  0.6679E-12  0.6673E-12
CALSDV   27    5  0.6711E-12  0.6719E-12
CALSDV   28    5  0.6619E-12  0.6615E-12
CALSDV   29    5  0.6676E-12  0.6681E-12
CALSDV   30    5  0.6649E-12  0.6645E-12
CALSDV   31    5  0.6727E-12  0.6735E-12
CALSDV   32    5  0.6758E-12  0.6757E-12
CALSDV   33    5  0.6865E-12  0.6870E-12
CALSDV   34    5  0.6939E-12  0.6938E-12
CALSDV   35    5  0.7074E-12  0.7078E-12
CALSDV   36    5  0.7191E-12  0.7191E-12
CALSDV   37    5  0.7352E-12  0.7356E-12
CALSDV   38    5  0.7509E-12  0.7510E-12
CALSDV   39    5  0.7701E-12  0.7705E-12
CALSDV   40    5  0.7897E-12  0.7899E-12
CALSDV   41    5  0.8121E-12  0.8126E-12
CALSDV   42    5  0.8356E-12  0.8359E-12
CALSDV   43    5  0.8616E-12  0.8621E-12
CALSDV   44    5  0.8894E-12  0.8898E-12
CALSDV   45    5  0.9193E-12  0.9198E-12
CALSDV   46    5  0.9515E-12  0.9519E-12
CALSDV   47    5  0.9856E-12  0.9862E-12
CALSDV   48    5  0.1023E-11  0.1023E-11
CALSDV   49    5  0.1062E-11  0.1062E-11
CALSDV   50    5  0.1104E-11  0.1104E-11
CALSDV   51    5  0.1148E-11  0.1149E-11
CALSDV   52    5  0.1196E-11  0.1197E-11
CALSDV   53    5  0.1247E-11  0.1248E-11
CALSDV   54    5  0.1301E-11  0.1302E-11
CALSDV   55    5  0.1359E-11  0.1360E-11
CALSDV   56    5  0.1421E-11  0.1421E-11
CALSDV   57    5  0.1486E-11  0.1487E-11
CALSDV   58    5  0.1555E-11  0.1556E-11
CALSDV   59    5  0.1540E-11  0.1540E-11
CALSDV   60    5  0.1612E-11  0.1612E-11
CALSDV    6    6  0.9177E-11  0.9067E-11
CALSDV    7    6  0.9549E-11  0.9494E-11
CALSDV    8    6  0.4092E-11  0.4084E-11
CALSDV    9    6  0.4658E-11  0.4623E-11
CALSDV   10    6  0.2569E-11  0.2572E-11
CALSDV   11    6  0.2742E-11  0.2723E-11
CALSDV   12    6  0.1769E-11  0.1772E-11
CALSDV   13    6  0.1852E-11  0.1842E-11
CALSDV   14    6  0.1331E-11  0.1333E-11
CALSDV   15    6  0.1382E-11  0.1378E-11
CALSDV   16    6  0.1078E-11  0.1079E-11
CALSDV   17    6  0.1115E-11  0.1111E-11
CALSDV   18    6  0.9226E-12  0.9237E-12
CALSDV   19    6  0.9511E-12  0.9483E-12
CALSDV   20    6  0.8254E-12  0.8259E-12
CALSDV   21    6  0.8470E-12  0.8459E-12
CALSDV   22    6  0.7632E-12  0.7638E-12
CALSDV   23    6  0.7818E-12  0.7805E-12
CALSDV   24    6  0.7249E-12  0.7249E-12
CALSDV   25    6  0.7410E-12  0.7400E-12
CALSDV   26    6  0.7028E-12  0.7031E-12
CALSDV   27    6  0.7181E-12  0.7174E-12
CALSDV   28    6  0.6934E-12  0.6936E-12
CALSDV   29    6  0.7081E-12  0.7075E-12
CALSDV   30    6  0.6939E-12  0.6940E-12
CALSDV   31    6  0.7094E-12  0.7086E-12
CALSDV   32    6  0.7029E-12  0.7030E-12
CALSDV   33    6  0.7192E-12  0.7187E-12
CALSDV   34    6  0.7196E-12  0.7196E-12
CALSDV   35    6  0.7374E-12  0.7369E-12
CALSDV   36    6  0.7434E-12  0.7432E-12
CALSDV   37    6  0.7628E-12  0.7623E-12
CALSDV   38    6  0.7739E-12  0.7738E-12
CALSDV   39    6  0.7959E-12  0.7955E-12
CALSDV   40    6  0.8117E-12  0.8114E-12
CALSDV   41    6  0.8362E-12  0.8358E-12
CALSDV   42    6  0.8565E-12  0.8562E-12
CALSDV   43    6  0.8842E-12  0.8838E-12
CALSDV   44    6  0.9094E-12  0.9092E-12
CALSDV   45    6  0.9406E-12  0.9402E-12
CALSDV   46    6  0.9706E-12  0.9703E-12
CALSDV   47    6  0.1006E-11  0.1005E-11
CALSDV   48    6  0.1041E-11  0.1041E-11
CALSDV   49    6  0.1081E-11  0.1080E-11
CALSDV   50    6  0.1121E-11  0.1121E-11
CALSDV   51    6  0.1166E-11  0.1166E-11
CALSDV   52    6  0.1213E-11  0.1213E-11
CALSDV   53    6  0.1264E-11  0.1264E-11
CALSDV   54    6  0.1318E-11  0.1317E-11
CALSDV   55    6  0.1376E-11  0.1375E-11
CALSDV   56    6  0.1437E-11  0.1436E-11
CALSDV   57    6  0.1503E-11  0.1503E-11
CALSDV   58    6  0.1572E-11  0.1571E-11
CALSDV   59    6  0.1575E-11  0.1574E-11
CALSDV   60    6  0.1646E-11  0.1646E-11
CALSDV    7    7  0.1370E-10  0.1386E-10
CALSDV    8    7  0.6591E-11  0.6525E-11
CALSDV    9    7  0.4463E-11  0.4479E-11
CALSDV   10    7  0.2835E-11  0.2813E-11
CALSDV   11    7  0.2516E-11  0.2516E-11
CALSDV   12    7  0.1745E-11  0.1731E-11
CALSDV   13    7  0.1708E-11  0.1703E-11
CALSDV   14    7  0.1357E-11  0.1353E-11
CALSDV   15    7  0.1299E-11  0.1299E-11
CALSDV   16    7  0.1166E-11  0.1162E-11
CALSDV   17    7  0.1074E-11  0.1074E-11
CALSDV   18    7  0.1040E-11  0.1038E-11
CALSDV   19    7  0.9382E-12  0.9382E-12
CALSDV   20    7  0.9498E-12  0.9484E-12
CALSDV   21    7  0.8534E-12  0.8538E-12
CALSDV   22    7  0.8834E-12  0.8825E-12
CALSDV   23    7  0.7988E-12  0.7994E-12
CALSDV   24    7  0.8353E-12  0.8350E-12
CALSDV   25    7  0.7650E-12  0.7654E-12
CALSDV   26    7  0.8025E-12  0.8019E-12
CALSDV   27    7  0.7452E-12  0.7456E-12
CALSDV   28    7  0.7818E-12  0.7817E-12
CALSDV   29    7  0.7372E-12  0.7376E-12
CALSDV   30    7  0.7724E-12  0.7723E-12
CALSDV   31    7  0.7387E-12  0.7391E-12
CALSDV   32    7  0.7724E-12  0.7724E-12
CALSDV   33    7  0.7483E-12  0.7487E-12
CALSDV   34    7  0.7809E-12  0.7810E-12
CALSDV   35    7  0.7656E-12  0.7660E-12
CALSDV   36    7  0.7975E-12  0.7977E-12
CALSDV   37    7  0.7901E-12  0.7903E-12
CALSDV   38    7  0.8223E-12  0.8225E-12
CALSDV   39    7  0.8217E-12  0.8221E-12
CALSDV   40    7  0.8550E-12  0.8552E-12
CALSDV   41    7  0.8609E-12  0.8613E-12
CALSDV   42    7  0.8953E-12  0.8954E-12
CALSDV   43    7  0.9075E-12  0.9078E-12
CALSDV   44    7  0.9441E-12  0.9444E-12
CALSDV   45    7  0.9624E-12  0.9629E-12
CALSDV   46    7  0.1002E-11  0.1002E-11
CALSDV   47    7  0.1026E-11  0.1027E-11
CALSDV   48    7  0.1069E-11  0.1069E-11
CALSDV   49    7  0.1100E-11  0.1100E-11
CALSDV   50    7  0.1147E-11  0.1147E-11
CALSDV   51    7  0.1184E-11  0.1185E-11
CALSDV   52    7  0.1236E-11  0.1237E-11
CALSDV   53    7  0.1281E-11  0.1282E-11
CALSDV   54    7  0.1339E-11  0.1339E-11
CALSDV   55    7  0.1392E-11  0.1393E-11
CALSDV   56    7  0.1456E-11  0.1457E-11
CALSDV   57    7  0.1519E-11  0.1519E-11
CALSDV   58    7  0.1591E-11  0.1592E-11
CALSDV   59    7  0.1603E-11  0.1603E-11
CALSDV   60    7  0.1680E-11  0.1680E-11
CALSDV    8    8  0.6636E-11  0.6571E-11
CALSDV    9    8  0.6211E-11  0.6243E-11
CALSDV   10    8  0.3975E-11  0.3989E-11
CALSDV   11    8  0.3588E-11  0.3593E-11
CALSDV   12    8  0.2900E-11  0.2912E-11
CALSDV   13    8  0.2585E-11  0.2582E-11
CALSDV   14    8  0.2123E-11  0.2130E-11
CALSDV   15    8  0.2023E-11  0.2019E-11
CALSDV   16    8  0.1629E-11  0.1634E-11
CALSDV   17    8  0.1657E-11  0.1654E-11
CALSDV   18    8  0.1321E-11  0.1326E-11
CALSDV   19    8  0.1403E-11  0.1401E-11
CALSDV   20    8  0.1127E-11  0.1130E-11
CALSDV   21    8  0.1223E-11  0.1222E-11
CALSDV   22    8  0.1002E-11  0.1004E-11
CALSDV   23    8  0.1095E-11  0.1094E-11
CALSDV   24    8  0.9201E-12  0.9222E-12
CALSDV   25    8  0.1003E-11  0.1002E-11
CALSDV   26    8  0.8682E-12  0.8697E-12
CALSDV   27    8  0.9394E-12  0.9389E-12
CALSDV   28    8  0.8365E-12  0.8377E-12
CALSDV   29    8  0.8968E-12  0.8970E-12
CALSDV   30    8  0.8199E-12  0.8209E-12
CALSDV   31    8  0.8712E-12  0.8715E-12
CALSDV   32    8  0.8157E-12  0.8164E-12
CALSDV   33    8  0.8599E-12  0.8602E-12
CALSDV   34    8  0.8210E-12  0.8218E-12
CALSDV   35    8  0.8603E-12  0.8604E-12
CALSDV   36    8  0.8357E-12  0.8364E-12
CALSDV   37    8  0.8712E-12  0.8716E-12
CALSDV   38    8  0.8583E-12  0.8590E-12
CALSDV   39    8  0.8921E-12  0.8924E-12
CALSDV   40    8  0.8892E-12  0.8897E-12
CALSDV   41    8  0.9221E-12  0.9227E-12
CALSDV   42    8  0.9281E-12  0.9286E-12
CALSDV   43    8  0.9614E-12  0.9619E-12
CALSDV   44    8  0.9750E-12  0.9759E-12
CALSDV   45    8  0.1010E-11  0.1011E-11
CALSDV   46    8  0.1031E-11  0.1032E-11
CALSDV   47    8  0.1068E-11  0.1069E-11
CALSDV   48    8  0.1097E-11  0.1098E-11
CALSDV   49    8  0.1138E-11  0.1138E-11
CALSDV   50    8  0.1173E-11  0.1174E-11
CALSDV   51    8  0.1218E-11  0.1219E-11
CALSDV   52    8  0.1261E-11  0.1262E-11
CALSDV   53    8  0.1311E-11  0.1312E-11
CALSDV   54    8  0.1362E-11  0.1363E-11
CALSDV   55    8  0.1419E-11  0.1420E-11
CALSDV   56    8  0.1478E-11  0.1479E-11
CALSDV   57    8  0.1545E-11  0.1546E-11
CALSDV   58    8  0.1612E-11  0.1613E-11
CALSDV   59    8  0.1646E-11  0.1647E-11
CALSDV   60    8  0.1717E-11  0.1718E-11
CALSDV    9    9  0.9891E-11  0.9832E-11
CALSDV   10    9  0.6257E-11  0.6208E-11
CALSDV   11    9  0.4318E-11  0.4324E-11
CALSDV   12    9  0.2991E-11  0.2976E-11
CALSDV   13    9  0.2707E-11  0.2708E-11
CALSDV   14    9  0.1872E-11  0.1866E-11
CALSDV   15    9  0.1835E-11  0.1832E-11
CALSDV   16    9  0.1459E-11  0.1458E-11
CALSDV   17    9  0.1357E-11  0.1355E-11
CALSDV   18    9  0.1264E-11  0.1262E-11
CALSDV   19    9  0.1106E-11  0.1102E-11
CALSDV   20    9  0.1142E-11  0.1141E-11
CALSDV   21    9  0.9696E-12  0.9670E-12
CALSDV   22    9  0.1055E-11  0.1054E-11
CALSDV   23    9  0.8966E-12  0.8947E-12
CALSDV   24    9  0.9904E-12  0.9896E-12
CALSDV   25    9  0.8569E-12  0.8552E-12
CALSDV   26    9  0.9434E-12  0.9425E-12
CALSDV   27    9  0.8358E-12  0.8347E-12
CALSDV   28    9  0.9107E-12  0.9100E-12
CALSDV   29    9  0.8275E-12  0.8260E-12
CALSDV   30    9  0.8903E-12  0.8896E-12
CALSDV   31    9  0.8276E-12  0.8268E-12
CALSDV   32    9  0.8804E-12  0.8799E-12
CALSDV   33    9  0.8357E-12  0.8347E-12
CALSDV   34    9  0.8805E-12  0.8801E-12
CALSDV   35    9  0.8502E-12  0.8498E-12
CALSDV   36    9  0.8899E-12  0.8891E-12
CALSDV   37    9  0.8718E-12  0.8712E-12
CALSDV   38    9  0.9078E-12  0.9072E-12
CALSDV   39    9  0.9002E-12  0.8997E-12
CALSDV   40    9  0.9342E-12  0.9334E-12
CALSDV   41    9  0.9353E-12  0.9348E-12
CALSDV   42    9  0.9692E-12  0.9686E-12
CALSDV   43    9  0.9784E-12  0.9778E-12
CALSDV   44    9  0.1013E-11  0.1012E-11
CALSDV   45    9  0.1029E-11  0.1029E-11
CALSDV   46    9  0.1066E-11  0.1065E-11
CALSDV   47    9  0.1089E-11  0.1088E-11
CALSDV   48    9  0.1129E-11  0.1128E-11
CALSDV   49    9  0.1159E-11  0.1158E-11
CALSDV   50    9  0.1203E-11  0.1202E-11
CALSDV   51    9  0.1239E-11  0.1238E-11
CALSDV   52    9  0.1288E-11  0.1287E-11
CALSDV   53    9  0.1332E-11  0.1331E-11
CALSDV   54    9  0.1387E-11  0.1386E-11
CALSDV   55    9  0.1439E-11  0.1438E-11
CALSDV   56    9  0.1501E-11  0.1500E-11
CALSDV   57    9  0.1564E-11  0.1563E-11
CALSDV   58    9  0.1634E-11  0.1632E-11
CALSDV   59    9  0.1673E-11  0.1672E-11
CALSDV   60    9  0.1747E-11  0.1746E-11
CALSDV   10   10  0.6811E-11  0.6712E-11
CALSDV   11   10  0.4926E-11  0.4924E-11
CALSDV   12   10  0.3602E-11  0.3603E-11
CALSDV   13   10  0.2660E-11  0.2661E-11
CALSDV   14   10  0.2888E-11  0.2886E-11
CALSDV   15   10  0.2172E-11  0.2173E-11
CALSDV   16   10  0.2282E-11  0.2279E-11
CALSDV   17   10  0.1948E-11  0.1949E-11
CALSDV   18   10  0.1852E-11  0.1850E-11
CALSDV   19   10  0.1756E-11  0.1758E-11
CALSDV   20   10  0.1564E-11  0.1563E-11
CALSDV   21   10  0.1582E-11  0.1585E-11
CALSDV   22   10  0.1370E-11  0.1370E-11
CALSDV   23   10  0.1436E-11  0.1438E-11
CALSDV   24   10  0.1237E-11  0.1238E-11
CALSDV   25   10  0.1316E-11  0.1318E-11
CALSDV   26   10  0.1146E-11  0.1146E-11
CALSDV   27   10  0.1222E-11  0.1224E-11
CALSDV   28   10  0.1082E-11  0.1082E-11
CALSDV   29   10  0.1150E-11  0.1152E-11
CALSDV   30   10  0.1039E-11  0.1039E-11
CALSDV   31   10  0.1098E-11  0.1099E-11
CALSDV   32   10  0.1012E-11  0.1012E-11
CALSDV   33   10  0.1062E-11  0.1063E-11
CALSDV   34   10  0.9988E-12  0.9988E-12
CALSDV   35   10  0.1040E-11  0.1041E-11
CALSDV   36   10  0.9961E-12  0.9964E-12
CALSDV   37   10  0.1032E-11  0.1033E-11
CALSDV   38   10  0.1004E-11  0.1005E-11
CALSDV   39   10  0.1036E-11  0.1036E-11
CALSDV   40   10  0.1021E-11  0.1022E-11
CALSDV   41   10  0.1051E-11  0.1051E-11
CALSDV   42   10  0.1048E-11  0.1049E-11
CALSDV   43   10  0.1077E-11  0.1078E-11
CALSDV   44   10  0.1085E-11  0.1085E-11
CALSDV   45   10  0.1114E-11  0.1114E-11
CALSDV   46   10  0.1131E-11  0.1131E-11
CALSDV   47   10  0.1161E-11  0.1162E-11
CALSDV   48   10  0.1187E-11  0.1188E-11
CALSDV   49   10  0.1221E-11  0.1221E-11
CALSDV   50   10  0.1255E-11  0.1256E-11
CALSDV   51   10  0.1292E-11  0.1293E-11
CALSDV   52   10  0.1334E-11  0.1335E-11
CALSDV   53   10  0.1377E-11  0.1378E-11
CALSDV   54   10  0.1428E-11  0.1429E-11
CALSDV   55   10  0.1478E-11  0.1479E-11
CALSDV   56   10  0.1537E-11  0.1538E-11
CALSDV   57   10  0.1598E-11  0.1599E-11
CALSDV   58   10  0.1666E-11  0.1668E-11
CALSDV   59   10  0.1721E-11  0.1722E-11
CALSDV   60   10  0.1796E-11  0.1797E-11
CALSDV   11   11  0.6996E-11  0.6847E-11
CALSDV   12   11  0.6154E-11  0.6146E-11
CALSDV   13   11  0.3948E-11  0.3933E-11
CALSDV   14   11  0.3462E-11  0.3451E-11
CALSDV   15   11  0.2840E-11  0.2838E-11
CALSDV   16   11  0.2354E-11  0.2343E-11
CALSDV   17   11  0.2021E-11  0.2018E-11
CALSDV   18   11  0.1814E-11  0.1806E-11
CALSDV   19   11  0.1507E-11  0.1505E-11
CALSDV   20   11  0.1505E-11  0.1499E-11
CALSDV   21   11  0.1219E-11  0.1217E-11
CALSDV   22   11  0.1308E-11  0.1303E-11
CALSDV   23   11  0.1070E-11  0.1068E-11
CALSDV   24   11  0.1176E-11  0.1173E-11
CALSDV   25   11  0.9973E-12  0.9955E-12
CALSDV   26   11  0.1087E-11  0.1085E-11
CALSDV   27   11  0.9638E-12  0.9625E-12
CALSDV   28   11  0.1028E-11  0.1026E-11
CALSDV   29   11  0.9503E-12  0.9496E-12
CALSDV   30   11  0.9906E-12  0.9894E-12
CALSDV   31   11  0.9482E-12  0.9482E-12
CALSDV   32   11  0.9713E-12  0.9699E-12
CALSDV   33   11  0.9546E-12  0.9539E-12
CALSDV   34   11  0.9639E-12  0.9645E-12
CALSDV   35   11  0.9664E-12  0.9669E-12
CALSDV   36   11  0.9694E-12  0.9696E-12
CALSDV   37   11  0.9843E-12  0.9854E-12
CALSDV   38   11  0.9842E-12  0.9839E-12
CALSDV   39   11  0.1008E-11  0.1009E-11
CALSDV   40   11  0.1008E-11  0.1009E-11
CALSDV   41   11  0.1039E-11  0.1040E-11
CALSDV   42   11  0.1041E-11  0.1041E-11
CALSDV   43   11  0.1076E-11  0.1078E-11
CALSDV   44   11  0.1082E-11  0.1083E-11
CALSDV   45   11  0.1121E-11  0.1123E-11
CALSDV   46   11  0.1133E-11  0.1134E-11
CALSDV   47   11  0.1175E-11  0.1176E-11
CALSDV   48   11  0.1193E-11  0.1194E-11
CALSDV   49   11  0.1238E-11  0.1239E-11
CALSDV   50   11  0.1263E-11  0.1265E-11
CALSDV   51   11  0.1312E-11  0.1313E-11
CALSDV   52   11  0.1345E-11  0.1347E-11
CALSDV   53   11  0.1398E-11  0.1399E-11
CALSDV   54   11  0.1440E-11  0.1442E-11
CALSDV   55   11  0.1498E-11  0.1500E-11
CALSDV   56   11  0.1550E-11  0.1552E-11
CALSDV   57   11  0.1617E-11  0.1619E-11
CALSDV   58   11  0.1679E-11  0.1682E-11
CALSDV   59   11  0.1746E-11  0.1748E-11
CALSDV   60   11  0.1811E-11  0.1813E-11
CALSDV   12   12  0.6096E-11  0.6109E-11
CALSDV   13   12  0.4957E-11  0.4972E-11
CALSDV   14   12  0.3379E-11  0.3398E-11
CALSDV   15   12  0.2496E-11  0.2506E-11
CALSDV   16   12  0.2660E-11  0.2665E-11
CALSDV   17   12  0.1966E-11  0.1967E-11
CALSDV   18   12  0.2086E-11  0.2084E-11
CALSDV   19   12  0.1843E-11  0.1842E-11
CALSDV   20   12  0.1724E-11  0.1719E-11
CALSDV   21   12  0.1741E-11  0.1738E-11
CALSDV   22   12  0.1516E-11  0.1510E-11
CALSDV   23   12  0.1627E-11  0.1625E-11
CALSDV   24   12  0.1394E-11  0.1388E-11
CALSDV   25   12  0.1517E-11  0.1515E-11
CALSDV   26   12  0.1317E-11  0.1311E-11
CALSDV   27   12  0.1420E-11  0.1419E-11
CALSDV   28   12  0.1265E-11  0.1260E-11
CALSDV   29   12  0.1340E-11  0.1339E-11
CALSDV   30   12  0.1228E-11  0.1224E-11
CALSDV   31   12  0.1277E-11  0.1276E-11
CALSDV   32   12  0.1201E-11  0.1199E-11
CALSDV   33   12  0.1230E-11  0.1229E-11
CALSDV   34   12  0.1184E-11  0.1182E-11
CALSDV   35   12  0.1197E-11  0.1197E-11
CALSDV   36   12  0.1176E-11  0.1174E-11
CALSDV   37   12  0.1178E-11  0.1178E-11
CALSDV   38   12  0.1176E-11  0.1174E-11
CALSDV   39   12  0.1171E-11  0.1172E-11
CALSDV   40   12  0.1183E-11  0.1183E-11
CALSDV   41   12  0.1177E-11  0.1178E-11
CALSDV   42   12  0.1200E-11  0.1200E-11
CALSDV   43   12  0.1193E-11  0.1194E-11
CALSDV   44   12  0.1225E-11  0.1226E-11
CALSDV   45   12  0.1221E-11  0.1223E-11
CALSDV   46   12  0.1260E-11  0.1261E-11
CALSDV   47   12  0.1260E-11  0.1262E-11
CALSDV   48   12  0.1305E-11  0.1306E-11
CALSDV   49   12  0.1310E-11  0.1313E-11
CALSDV   50   12  0.1361E-11  0.1363E-11
CALSDV   51   12  0.1373E-11  0.1376E-11
CALSDV   52   12  0.1430E-11  0.1432E-11
CALSDV   53   12  0.1450E-11  0.1452E-11
CALSDV   54   12  0.1512E-11  0.1515E-11
CALSDV   55   12  0.1542E-11  0.1545E-11
CALSDV   56   12  0.1611E-11  0.1614E-11
CALSDV   57   12  0.1654E-11  0.1658E-11
CALSDV   58   12  0.1731E-11  0.1734E-11
CALSDV   59   12  0.1790E-11  0.1794E-11
CALSDV   60   12  0.1876E-11  0.1880E-11
CALSDV   13   13  0.5542E-11  0.5508E-11
CALSDV   14   13  0.5186E-11  0.5210E-11
CALSDV   15   13  0.3664E-11  0.3662E-11
CALSDV   16   13  0.3110E-11  0.3143E-11
CALSDV   17   13  0.2923E-11  0.2918E-11
CALSDV   18   13  0.2374E-11  0.2392E-11
CALSDV   19   13  0.2176E-11  0.2169E-11
CALSDV   20   13  0.1972E-11  0.1976E-11
CALSDV   21   13  0.1656E-11  0.1647E-11
CALSDV   22   13  0.1685E-11  0.1682E-11
CALSDV   23   13  0.1348E-11  0.1340E-11
CALSDV   24   13  0.1468E-11  0.1463E-11
CALSDV   25   13  0.1188E-11  0.1180E-11
CALSDV   26   13  0.1310E-11  0.1304E-11
CALSDV   27   13  0.1114E-11  0.1107E-11
CALSDV   28   13  0.1200E-11  0.1193E-11
CALSDV   29   13  0.1085E-11  0.1079E-11
CALSDV   30   13  0.1127E-11  0.1122E-11
CALSDV   31   13  0.1078E-11  0.1073E-11
CALSDV   32   13  0.1084E-11  0.1079E-11
CALSDV   33   13  0.1082E-11  0.1078E-11
CALSDV   34   13  0.1064E-11  0.1060E-11
CALSDV   35   13  0.1092E-11  0.1090E-11
CALSDV   36   13  0.1062E-11  0.1058E-11
CALSDV   37   13  0.1109E-11  0.1106E-11
CALSDV   38   13  0.1073E-11  0.1069E-11
CALSDV   39   13  0.1130E-11  0.1128E-11
CALSDV   40   13  0.1094E-11  0.1091E-11
CALSDV   41   13  0.1157E-11  0.1155E-11
CALSDV   42   13  0.1126E-11  0.1123E-11
CALSDV   43   13  0.1190E-11  0.1188E-11
CALSDV   44   13  0.1166E-11  0.1164E-11
CALSDV   45   13  0.1229E-11  0.1228E-11
CALSDV   46   13  0.1215E-11  0.1214E-11
CALSDV   47   13  0.1277E-11  0.1276E-11
CALSDV   48   13  0.1273E-11  0.1272E-11
CALSDV   49   13  0.1333E-11  0.1332E-11
CALSDV   50   13  0.1341E-11  0.1340E-11
CALSDV   51   13  0.1399E-11  0.1398E-11
CALSDV   52   13  0.1419E-11  0.1418E-11
CALSDV   53   13  0.1477E-11  0.1476E-11
CALSDV   54   13  0.1510E-11  0.1509E-11
CALSDV   55   13  0.1569E-11  0.1569E-11
CALSDV   56   13  0.1615E-11  0.1613E-11
CALSDV   57   13  0.1680E-11  0.1679E-11
CALSDV   58   13  0.1738E-11  0.1737E-11
CALSDV   59   13  0.1820E-11  0.1819E-11
CALSDV   60   13  0.1883E-11  0.1882E-11
CALSDV   14   14  0.4473E-11  0.4474E-11
CALSDV   15   14  0.5404E-11  0.5414E-11
CALSDV   16   14  0.3319E-11  0.3327E-11
CALSDV   17   14  0.2872E-11  0.2875E-11
CALSDV   18   14  0.2695E-11  0.2693E-11
CALSDV   19   14  0.2090E-11  0.2091E-11
CALSDV   20   14  0.2027E-11  0.2024E-11
CALSDV   21   14  0.1860E-11  0.1860E-11
CALSDV   22   14  0.1609E-11  0.1607E-11
CALSDV   23   14  0.1738E-11  0.1739E-11
CALSDV   24   14  0.1410E-11  0.1411E-11
CALSDV   25   14  0.1635E-11  0.1635E-11
CALSDV   26   14  0.1335E-11  0.1338E-11
CALSDV   27   14  0.1544E-11  0.1543E-11
CALSDV   28   14  0.1315E-11  0.1318E-11
CALSDV   29   14  0.1465E-11  0.1465E-11
CALSDV   30   14  0.1313E-11  0.1316E-11
CALSDV   31   14  0.1403E-11  0.1402E-11
CALSDV   32   14  0.1316E-11  0.1319E-11
CALSDV   33   14  0.1355E-11  0.1354E-11
CALSDV   34   14  0.1320E-11  0.1323E-11
CALSDV   35   14  0.1322E-11  0.1321E-11
CALSDV   36   14  0.1324E-11  0.1327E-11
CALSDV   37   14  0.1301E-11  0.1301E-11
CALSDV   38   14  0.1330E-11  0.1333E-11
CALSDV   39   14  0.1293E-11  0.1293E-11
CALSDV   40   14  0.1340E-11  0.1343E-11
CALSDV   41   14  0.1295E-11  0.1296E-11
CALSDV   42   14  0.1354E-11  0.1357E-11
CALSDV   43   14  0.1308E-11  0.1309E-11
CALSDV   44   14  0.1374E-11  0.1377E-11
CALSDV   45   14  0.1332E-11  0.1333E-11
CALSDV   46   14  0.1402E-11  0.1405E-11
CALSDV   47   14  0.1365E-11  0.1366E-11
CALSDV   48   14  0.1438E-11  0.1441E-11
CALSDV   49   14  0.1409E-11  0.1411E-11
CALSDV   50   14  0.1484E-11  0.1487E-11
CALSDV   51   14  0.1464E-11  0.1467E-11
CALSDV   52   14  0.1540E-11  0.1544E-11
CALSDV   53   14  0.1533E-11  0.1536E-11
CALSDV   54   14  0.1611E-11  0.1614E-11
CALSDV   55   14  0.1616E-11  0.1620E-11
CALSDV   56   14  0.1697E-11  0.1701E-11
CALSDV   57   14  0.1719E-11  0.1723E-11
CALSDV   58   14  0.1805E-11  0.1809E-11
CALSDV   59   14  0.1862E-11  0.1866E-11
CALSDV   60   14  0.1957E-11  0.1962E-11
CALSDV   15   15  0.6091E-11  0.6047E-11
CALSDV   16   15  0.4811E-11  0.4817E-11
CALSDV   17   15  0.3477E-11  0.3490E-11
CALSDV   18   15  0.2599E-11  0.2600E-11
CALSDV   19   15  0.3125E-11  0.3135E-11
CALSDV   20   15  0.2000E-11  0.1999E-11
CALSDV   21   15  0.2606E-11  0.2611E-11
CALSDV   22   15  0.1781E-11  0.1785E-11
CALSDV   23   15  0.2181E-11  0.2184E-11
CALSDV   24   15  0.1620E-11  0.1628E-11
CALSDV   25   15  0.1889E-11  0.1890E-11
CALSDV   26   15  0.1481E-11  0.1490E-11
CALSDV   27   15  0.1695E-11  0.1697E-11
CALSDV   28   15  0.1372E-11  0.1379E-11
CALSDV   29   15  0.1569E-11  0.1571E-11
CALSDV   30   15  0.1291E-11  0.1298E-11
CALSDV   31   15  0.1486E-11  0.1489E-11
CALSDV   32   15  0.1239E-11  0.1245E-11
CALSDV   33   15  0.1432E-11  0.1435E-11
CALSDV   34   15  0.1210E-11  0.1217E-11
CALSDV   35   15  0.1397E-11  0.1400E-11
CALSDV   36   15  0.1201E-11  0.1207E-11
CALSDV   37   15  0.1375E-11  0.1379E-11
CALSDV   38   15  0.1206E-11  0.1212E-11
CALSDV   39   15  0.1366E-11  0.1370E-11
CALSDV   40   15  0.1223E-11  0.1229E-11
CALSDV   41   15  0.1366E-11  0.1371E-11
CALSDV   42   15  0.1250E-11  0.1256E-11
CALSDV   43   15  0.1377E-11  0.1383E-11
CALSDV   44   15  0.1286E-11  0.1292E-11
CALSDV   45   15  0.1397E-11  0.1403E-11
CALSDV   46   15  0.1330E-11  0.1337E-11
CALSDV   47   15  0.1427E-11  0.1433E-11
CALSDV   48   15  0.1383E-11  0.1390E-11
CALSDV   49   15  0.1466E-11  0.1474E-11
CALSDV   50   15  0.1444E-11  0.1451E-11
CALSDV   51   15  0.1516E-11  0.1524E-11
CALSDV   52   15  0.1515E-11  0.1522E-11
CALSDV   53   15  0.1579E-11  0.1587E-11
CALSDV   54   15  0.1596E-11  0.1605E-11
CALSDV   55   15  0.1657E-11  0.1665E-11
CALSDV   56   15  0.1692E-11  0.1700E-11
CALSDV   57   15  0.1753E-11  0.1761E-11
CALSDV   58   15  0.1805E-11  0.1814E-11
CALSDV   59   15  0.1896E-11  0.1905E-11
CALSDV   60   15  0.1957E-11  0.1967E-11
CALSDV   16   16  0.3849E-11  0.3862E-11
CALSDV   17   16  0.5546E-11  0.5576E-11
CALSDV   18   16  0.3371E-11  0.3372E-11
CALSDV   19   16  0.3142E-11  0.3165E-11
CALSDV   20   16  0.2902E-11  0.2903E-11
CALSDV   21   16  0.2292E-11  0.2302E-11
CALSDV   22   16  0.2209E-11  0.2204E-11
CALSDV   23   16  0.1972E-11  0.1976E-11
CALSDV   24   16  0.1732E-11  0.1725E-11
CALSDV   25   16  0.1797E-11  0.1797E-11
CALSDV   26   16  0.1499E-11  0.1494E-11
CALSDV   27   16  0.1670E-11  0.1670E-11
CALSDV   28   16  0.1423E-11  0.1419E-11
CALSDV   29   16  0.1574E-11  0.1575E-11
CALSDV   30   16  0.1418E-11  0.1417E-11
CALSDV   31   16  0.1505E-11  0.1506E-11
CALSDV   32   16  0.1436E-11  0.1436E-11
CALSDV   33   16  0.1459E-11  0.1460E-11
CALSDV   34   16  0.1458E-11  0.1458E-11
CALSDV   35   16  0.1429E-11  0.1430E-11
CALSDV   36   16  0.1477E-11  0.1477E-11
CALSDV   37   16  0.1414E-11  0.1416E-11
CALSDV   38   16  0.1493E-11  0.1493E-11
CALSDV   39   16  0.1411E-11  0.1412E-11
CALSDV   40   16  0.1507E-11  0.1507E-11
CALSDV   41   16  0.1417E-11  0.1418E-11
CALSDV   42   16  0.1521E-11  0.1521E-11
CALSDV   43   16  0.1432E-11  0.1433E-11
CALSDV   44   16  0.1539E-11  0.1538E-11
CALSDV   45   16  0.1455E-11  0.1455E-11
CALSDV   46   16  0.1561E-11  0.1560E-11
CALSDV   47   16  0.1486E-11  0.1486E-11
CALSDV   48   16  0.1589E-11  0.1587E-11
CALSDV   49   16  0.1527E-11  0.1526E-11
CALSDV   50   16  0.1624E-11  0.1623E-11
CALSDV   51   16  0.1575E-11  0.1575E-11
CALSDV   52   16  0.1669E-11  0.1667E-11
CALSDV   53   16  0.1635E-11  0.1634E-11
CALSDV   54   16  0.1726E-11  0.1724E-11
CALSDV   55   16  0.1708E-11  0.1707E-11
CALSDV   56   16  0.1798E-11  0.1796E-11
CALSDV   57   16  0.1799E-11  0.1797E-11
CALSDV   58   16  0.1890E-11  0.1888E-11
CALSDV   59   16  0.1943E-11  0.1941E-11
CALSDV   60   16  0.2043E-11  0.2041E-11
CALSDV   17   17  0.3869E-11  0.3792E-11
CALSDV   18   17  0.4215E-11  0.4246E-11
CALSDV   19   17  0.3238E-11  0.3230E-11
CALSDV   20   17  0.2480E-11  0.2491E-11
CALSDV   21   17  0.2854E-11  0.2847E-11
CALSDV   22   17  0.2257E-11  0.2252E-11
CALSDV   23   17  0.2248E-11  0.2239E-11
CALSDV   24   17  0.2124E-11  0.2116E-11
CALSDV   25   17  0.1808E-11  0.1795E-11
CALSDV   26   17  0.1926E-11  0.1918E-11
CALSDV   27   17  0.1559E-11  0.1547E-11
CALSDV   28   17  0.1718E-11  0.1708E-11
CALSDV   29   17  0.1439E-11  0.1429E-11
CALSDV   30   17  0.1540E-11  0.1532E-11
CALSDV   31   17  0.1390E-11  0.1384E-11
CALSDV   32   17  0.1411E-11  0.1404E-11
CALSDV   33   17  0.1375E-11  0.1371E-11
CALSDV   34   17  0.1330E-11  0.1325E-11
CALSDV   35   17  0.1376E-11  0.1374E-11
CALSDV   36   17  0.1291E-11  0.1287E-11
CALSDV   37   17  0.1386E-11  0.1385E-11
CALSDV   38   17  0.1284E-11  0.1281E-11
CALSDV   39   17  0.1400E-11  0.1400E-11
CALSDV   40   17  0.1299E-11  0.1297E-11
CALSDV   41   17  0.1419E-11  0.1420E-11
CALSDV   42   17  0.1330E-11  0.1329E-11
CALSDV   43   17  0.1443E-11  0.1444E-11
CALSDV   44   17  0.1372E-11  0.1371E-11
CALSDV   45   17  0.1473E-11  0.1474E-11
CALSDV   46   17  0.1422E-11  0.1421E-11
CALSDV   47   17  0.1508E-11  0.1509E-11
CALSDV   48   17  0.1479E-11  0.1478E-11
CALSDV   49   17  0.1552E-11  0.1552E-11
CALSDV   50   17  0.1543E-11  0.1542E-11
CALSDV   51   17  0.1603E-11  0.1603E-11
CALSDV   52   17  0.1613E-11  0.1612E-11
CALSDV   53   17  0.1664E-11  0.1663E-11
CALSDV   54   17  0.1692E-11  0.1691E-11
CALSDV   55   17  0.1736E-11  0.1735E-11
CALSDV   56   17  0.1781E-11  0.1780E-11
CALSDV   57   17  0.1824E-11  0.1824E-11
CALSDV   58   17  0.1885E-11  0.1884E-11
CALSDV   59   17  0.1967E-11  0.1966E-11
CALSDV   60   17  0.2041E-11  0.2040E-11
CALSDV   18   18  0.4233E-11  0.4231E-11
CALSDV   19   18  0.4310E-11  0.4291E-11
CALSDV   20   18  0.3570E-11  0.3573E-11
CALSDV   21   18  0.2349E-11  0.2326E-11
CALSDV   22   18  0.3015E-11  0.3016E-11
CALSDV   23   18  0.2053E-11  0.2039E-11
CALSDV   24   18  0.2234E-11  0.2236E-11
CALSDV   25   18  0.1968E-11  0.1961E-11
CALSDV   26   18  0.1704E-11  0.1708E-11
CALSDV   27   18  0.1840E-11  0.1838E-11
CALSDV   28   18  0.1479E-11  0.1482E-11
CALSDV   29   18  0.1699E-11  0.1700E-11
CALSDV   30   18  0.1450E-11  0.1453E-11
CALSDV   31   18  0.1584E-11  0.1586E-11
CALSDV   32   18  0.1497E-11  0.1500E-11
CALSDV   33   18  0.1506E-11  0.1509E-11
CALSDV   34   18  0.1558E-11  0.1560E-11
CALSDV   35   18  0.1465E-11  0.1468E-11
CALSDV   36   18  0.1609E-11  0.1611E-11
CALSDV   37   18  0.1451E-11  0.1454E-11
CALSDV   38   18  0.1648E-11  0.1649E-11
CALSDV   39   18  0.1458E-11  0.1461E-11
CALSDV   40   18  0.1676E-11  0.1677E-11
CALSDV   41   18  0.1477E-11  0.1479E-11
CALSDV   42   18  0.1696E-11  0.1698E-11
CALSDV   43   18  0.1505E-11  0.1508E-11
CALSDV   44   18  0.1714E-11  0.1716E-11
CALSDV   45   18  0.1540E-11  0.1542E-11
CALSDV   46   18  0.1732E-11  0.1733E-11
CALSDV   47   18  0.1580E-11  0.1582E-11
CALSDV   48   18  0.1751E-11  0.1753E-11
CALSDV   49   18  0.1624E-11  0.1627E-11
CALSDV   50   18  0.1776E-11  0.1778E-11
CALSDV   51   18  0.1674E-11  0.1676E-11
CALSDV   52   18  0.1808E-11  0.1810E-11
CALSDV   53   18  0.1731E-11  0.1734E-11
CALSDV   54   18  0.1850E-11  0.1852E-11
CALSDV   55   18  0.1796E-11  0.1799E-11
CALSDV   56   18  0.1904E-11  0.1907E-11
CALSDV   57   18  0.1877E-11  0.1879E-11
CALSDV   58   18  0.1978E-11  0.1981E-11
CALSDV   59   18  0.2017E-11  0.2020E-11
CALSDV   60   18  0.2123E-11  0.2126E-11
CALSDV   19   19  0.3386E-11  0.3414E-11
CALSDV   20   19  0.3982E-11  0.3976E-11
CALSDV   21   19  0.3236E-11  0.3234E-11
CALSDV   22   19  0.2377E-11  0.2384E-11
CALSDV   23   19  0.2822E-11  0.2820E-11
CALSDV   24   19  0.2423E-11  0.2441E-11
CALSDV   25   19  0.2207E-11  0.2206E-11
CALSDV   26   19  0.2422E-11  0.2444E-11
CALSDV   27   19  0.1786E-11  0.1783E-11
CALSDV   28   19  0.2270E-11  0.2293E-11
CALSDV   29   19  0.1571E-11  0.1568E-11
CALSDV   30   19  0.2065E-11  0.2086E-11
CALSDV   31   19  0.1485E-11  0.1482E-11
CALSDV   32   19  0.1873E-11  0.1894E-11
CALSDV   33   19  0.1460E-11  0.1456E-11
CALSDV   34   19  0.1724E-11  0.1742E-11
CALSDV   35   19  0.1460E-11  0.1457E-11
CALSDV   36   19  0.1623E-11  0.1641E-11
CALSDV   37   19  0.1472E-11  0.1468E-11
CALSDV   38   19  0.1568E-11  0.1580E-11
CALSDV   39   19  0.1489E-11  0.1485E-11
CALSDV   40   19  0.1548E-11  0.1558E-11
CALSDV   41   19  0.1511E-11  0.1508E-11
CALSDV   42   19  0.1552E-11  0.1561E-11
CALSDV   43   19  0.1537E-11  0.1535E-11
CALSDV   44   19  0.1576E-11  0.1581E-11
CALSDV   45   19  0.1568E-11  0.1566E-11
CALSDV   46   19  0.1609E-11  0.1616E-11
CALSDV   47   19  0.1605E-11  0.1604E-11
CALSDV   48   19  0.1655E-11  0.1658E-11
CALSDV   49   19  0.1649E-11  0.1647E-11
CALSDV   50   19  0.1705E-11  0.1708E-11
CALSDV   51   19  0.1698E-11  0.1698E-11
CALSDV   52   19  0.1761E-11  0.1765E-11
CALSDV   53   19  0.1755E-11  0.1756E-11
CALSDV   54   19  0.1825E-11  0.1827E-11
CALSDV   55   19  0.1820E-11  0.1821E-11
CALSDV   56   19  0.1897E-11  0.1900E-11
CALSDV   57   19  0.1899E-11  0.1900E-11
CALSDV   58   19  0.1983E-11  0.1985E-11
CALSDV   59   19  0.2037E-11  0.2038E-11
CALSDV   60   19  0.2132E-11  0.2134E-11
CALSDV   20   20  0.4049E-11  0.4034E-11
CALSDV   21   20  0.4038E-11  0.4054E-11
CALSDV   22   20  0.3667E-11  0.3679E-11
CALSDV   23   20  0.2182E-11  0.2203E-11
CALSDV   24   20  0.3146E-11  0.3151E-11
CALSDV   25   20  0.2095E-11  0.2109E-11
CALSDV   26   20  0.2354E-11  0.2359E-11
CALSDV   27   20  0.2074E-11  0.2081E-11
CALSDV   28   20  0.1804E-11  0.1808E-11
CALSDV   29   20  0.1936E-11  0.1941E-11
CALSDV   30   20  0.1567E-11  0.1571E-11
CALSDV   31   20  0.1767E-11  0.1770E-11
CALSDV   32   20  0.1538E-11  0.1542E-11
CALSDV   33   20  0.1629E-11  0.1632E-11
CALSDV   34   20  0.1593E-11  0.1597E-11
CALSDV   35   20  0.1546E-11  0.1547E-11
CALSDV   36   20  0.1663E-11  0.1666E-11
CALSDV   37   20  0.1515E-11  0.1515E-11
CALSDV   38   20  0.1723E-11  0.1727E-11
CALSDV   39   20  0.1520E-11  0.1523E-11
CALSDV   40   20  0.1770E-11  0.1773E-11
CALSDV   41   20  0.1551E-11  0.1552E-11
CALSDV   42   20  0.1806E-11  0.1808E-11
CALSDV   43   20  0.1594E-11  0.1595E-11
CALSDV   44   20  0.1833E-11  0.1835E-11
CALSDV   45   20  0.1643E-11  0.1644E-11
CALSDV   46   20  0.1856E-11  0.1859E-11
CALSDV   47   20  0.1692E-11  0.1695E-11
CALSDV   48   20  0.1878E-11  0.1880E-11
CALSDV   49   20  0.1744E-11  0.1745E-11
CALSDV   50   20  0.1902E-11  0.1904E-11
CALSDV   51   20  0.1795E-11  0.1796E-11
CALSDV   52   20  0.1929E-11  0.1931E-11
CALSDV   53   20  0.1849E-11  0.1850E-11
CALSDV   54   20  0.1964E-11  0.1966E-11
CALSDV   55   20  0.1906E-11  0.1907E-11
CALSDV   56   20  0.2007E-11  0.2009E-11
CALSDV   57   20  0.1970E-11  0.1972E-11
CALSDV   58   20  0.2066E-11  0.2068E-11
CALSDV   59   20  0.2102E-11  0.2104E-11
CALSDV   60   20  0.2200E-11  0.2203E-11
CALSDV   21   21  0.3460E-11  0.3461E-11
CALSDV   22   21  0.3895E-11  0.3910E-11
CALSDV   23   21  0.3262E-11  0.3268E-11
CALSDV   24   21  0.2173E-11  0.2183E-11
CALSDV   25   21  0.2818E-11  0.2814E-11
CALSDV   26   21  0.2400E-11  0.2404E-11
CALSDV   27   21  0.2218E-11  0.2214E-11
CALSDV   28   21  0.2517E-11  0.2523E-11
CALSDV   29   21  0.1852E-11  0.1850E-11
CALSDV   30   21  0.2423E-11  0.2431E-11
CALSDV   31   21  0.1700E-11  0.1700E-11
CALSDV   32   21  0.2243E-11  0.2258E-11
CALSDV   33   21  0.1659E-11  0.1660E-11
CALSDV   34   21  0.2067E-11  0.2081E-11
CALSDV   35   21  0.1656E-11  0.1660E-11
CALSDV   36   21  0.1927E-11  0.1942E-11
CALSDV   37   21  0.1664E-11  0.1668E-11
CALSDV   38   21  0.1835E-11  0.1850E-11
CALSDV   39   21  0.1675E-11  0.1680E-11
CALSDV   40   21  0.1786E-11  0.1799E-11
CALSDV   41   21  0.1688E-11  0.1693E-11
CALSDV   42   21  0.1772E-11  0.1783E-11
CALSDV   43   21  0.1706E-11  0.1710E-11
CALSDV   44   21  0.1780E-11  0.1790E-11
CALSDV   45   21  0.1729E-11  0.1732E-11
CALSDV   46   21  0.1804E-11  0.1812E-11
CALSDV   47   21  0.1757E-11  0.1760E-11
CALSDV   48   21  0.1838E-11  0.1844E-11
CALSDV   49   21  0.1792E-11  0.1794E-11
CALSDV   50   21  0.1878E-11  0.1884E-11
CALSDV   51   21  0.1832E-11  0.1834E-11
CALSDV   52   21  0.1923E-11  0.1927E-11
CALSDV   53   21  0.1879E-11  0.1881E-11
CALSDV   54   21  0.1973E-11  0.1976E-11
CALSDV   55   21  0.1933E-11  0.1934E-11
CALSDV   56   21  0.2027E-11  0.2029E-11
CALSDV   57   21  0.1996E-11  0.1997E-11
CALSDV   58   21  0.2092E-11  0.2093E-11
CALSDV   59   21  0.2122E-11  0.2122E-11
CALSDV   60   21  0.2227E-11  0.2227E-11
CALSDV   22   22  0.3389E-11  0.3349E-11
CALSDV   23   22  0.3967E-11  0.3977E-11
CALSDV   24   22  0.3622E-11  0.3621E-11
CALSDV   25   22  0.2136E-11  0.2140E-11
CALSDV   26   22  0.3167E-11  0.3168E-11
CALSDV   27   22  0.2197E-11  0.2193E-11
CALSDV   28   22  0.2403E-11  0.2402E-11
CALSDV   29   22  0.2210E-11  0.2209E-11
CALSDV   30   22  0.1875E-11  0.1873E-11
CALSDV   31   22  0.2052E-11  0.2050E-11
CALSDV   32   22  0.1652E-11  0.1653E-11
CALSDV   33   22  0.1848E-11  0.1846E-11
CALSDV   34   22  0.1629E-11  0.1632E-11
CALSDV   35   22  0.1685E-11  0.1684E-11
CALSDV   36   22  0.1684E-11  0.1688E-11
CALSDV   37   22  0.1595E-11  0.1594E-11
CALSDV   38   22  0.1754E-11  0.1758E-11
CALSDV   39   22  0.1575E-11  0.1575E-11
CALSDV   40   22  0.1816E-11  0.1820E-11
CALSDV   41   22  0.1604E-11  0.1604E-11
CALSDV   42   22  0.1868E-11  0.1871E-11
CALSDV   43   22  0.1661E-11  0.1662E-11
CALSDV   44   22  0.1909E-11  0.1912E-11
CALSDV   45   22  0.1728E-11  0.1729E-11
CALSDV   46   22  0.1944E-11  0.1947E-11
CALSDV   47   22  0.1796E-11  0.1797E-11
CALSDV   48   22  0.1975E-11  0.1977E-11
CALSDV   49   22  0.1861E-11  0.1861E-11
CALSDV   50   22  0.2006E-11  0.2007E-11
CALSDV   51   22  0.1919E-11  0.1920E-11
CALSDV   52   22  0.2036E-11  0.2038E-11
CALSDV   53   22  0.1973E-11  0.1973E-11
CALSDV   54   22  0.2070E-11  0.2071E-11
CALSDV   55   22  0.2023E-11  0.2024E-11
CALSDV   56   22  0.2109E-11  0.2109E-11
CALSDV   57   22  0.2075E-11  0.2076E-11
CALSDV   58   22  0.2155E-11  0.2155E-11
CALSDV   59   22  0.2190E-11  0.2190E-11
CALSDV   60   22  0.2277E-11  0.2278E-11
CALSDV   23   23  0.3407E-11  0.3385E-11
CALSDV   24   23  0.3940E-11  0.3936E-11
CALSDV   25   23  0.3294E-11  0.3281E-11
CALSDV   26   23  0.2052E-11  0.2042E-11
CALSDV   27   23  0.2817E-11  0.2801E-11
CALSDV   28   23  0.2325E-11  0.2320E-11
CALSDV   29   23  0.2215E-11  0.2202E-11
CALSDV   30   23  0.2476E-11  0.2471E-11
CALSDV   31   23  0.1892E-11  0.1885E-11
CALSDV   32   23  0.2384E-11  0.2379E-11
CALSDV   33   23  0.1797E-11  0.1797E-11
CALSDV   34   23  0.2199E-11  0.2195E-11
CALSDV   35   23  0.1796E-11  0.1800E-11
CALSDV   36   23  0.2021E-11  0.2017E-11
CALSDV   37   23  0.1815E-11  0.1822E-11
CALSDV   38   23  0.1891E-11  0.1890E-11
CALSDV   39   23  0.1831E-11  0.1841E-11
CALSDV   40   23  0.1823E-11  0.1823E-11
CALSDV   41   23  0.1845E-11  0.1854E-11
CALSDV   42   23  0.1805E-11  0.1806E-11
CALSDV   43   23  0.1858E-11  0.1867E-11
CALSDV   44   23  0.1825E-11  0.1826E-11
CALSDV   45   23  0.1876E-11  0.1884E-11
CALSDV   46   23  0.1865E-11  0.1866E-11
CALSDV   47   23  0.1900E-11  0.1906E-11
CALSDV   48   23  0.1916E-11  0.1918E-11
CALSDV   49   23  0.1930E-11  0.1936E-11
CALSDV   50   23  0.1971E-11  0.1973E-11
CALSDV   51   23  0.1965E-11  0.1969E-11
CALSDV   52   23  0.2026E-11  0.2027E-11
CALSDV   53   23  0.2006E-11  0.2009E-11
CALSDV   54   23  0.2080E-11  0.2081E-11
CALSDV   55   23  0.2049E-11  0.2051E-11
CALSDV   56   23  0.2133E-11  0.2134E-11
CALSDV   57   23  0.2098E-11  0.2099E-11
CALSDV   58   23  0.2189E-11  0.2189E-11
CALSDV   59   23  0.2210E-11  0.2210E-11
CALSDV   60   23  0.2309E-11  0.2308E-11
CALSDV   24   24  0.3259E-11  0.3266E-11
CALSDV   25   24  0.4000E-11  0.4003E-11
CALSDV   26   24  0.3651E-11  0.3657E-11
CALSDV   27   24  0.2166E-11  0.2155E-11
CALSDV   28   24  0.3183E-11  0.3191E-11
CALSDV   29   24  0.2340E-11  0.2330E-11
CALSDV   30   24  0.2440E-11  0.2443E-11
CALSDV   31   24  0.2376E-11  0.2372E-11
CALSDV   32   24  0.1955E-11  0.1956E-11
CALSDV   33   24  0.2194E-11  0.2190E-11
CALSDV   34   24  0.1770E-11  0.1768E-11
CALSDV   35   24  0.1954E-11  0.1952E-11
CALSDV   36   24  0.1757E-11  0.1756E-11
CALSDV   37   24  0.1766E-11  0.1765E-11
CALSDV   38   24  0.1807E-11  0.1806E-11
CALSDV   39   24  0.1672E-11  0.1671E-11
CALSDV   40   24  0.1868E-11  0.1867E-11
CALSDV   41   24  0.1667E-11  0.1667E-11
CALSDV   42   24  0.1924E-11  0.1923E-11
CALSDV   43   24  0.1720E-11  0.1720E-11
CALSDV   44   24  0.1973E-11  0.1971E-11
CALSDV   45   24  0.1802E-11  0.1802E-11
CALSDV   46   24  0.2017E-11  0.2015E-11
CALSDV   47   24  0.1889E-11  0.1889E-11
CALSDV   48   24  0.2058E-11  0.2057E-11
CALSDV   49   24  0.1971E-11  0.1972E-11
CALSDV   50   24  0.2097E-11  0.2096E-11
CALSDV   51   24  0.2042E-11  0.2042E-11
CALSDV   52   24  0.2134E-11  0.2134E-11
CALSDV   53   24  0.2101E-11  0.2101E-11
CALSDV   54   24  0.2173E-11  0.2172E-11
CALSDV   55   24  0.2146E-11  0.2146E-11
CALSDV   56   24  0.2210E-11  0.2209E-11
CALSDV   57   24  0.2185E-11  0.2185E-11
CALSDV   58   24  0.2250E-11  0.2250E-11
CALSDV   59   24  0.2284E-11  0.2284E-11
CALSDV   60   24  0.2357E-11  0.2357E-11
CALSDV   25   25  0.3385E-11  0.3397E-11
CALSDV   26   25  0.4086E-11  0.4088E-11
CALSDV   27   25  0.3511E-11  0.3498E-11
CALSDV   28   25  0.2121E-11  0.2121E-11
CALSDV   29   25  0.2951E-11  0.2940E-11
CALSDV   30   25  0.2420E-11  0.2421E-11
CALSDV   31   25  0.2265E-11  0.2257E-11
CALSDV   32   25  0.2590E-11  0.2590E-11
CALSDV   33   25  0.1970E-11  0.1966E-11
CALSDV   34   25  0.2508E-11  0.2507E-11
CALSDV   35   25  0.1979E-11  0.1975E-11
CALSDV   36   25  0.2341E-11  0.2337E-11
CALSDV   37   25  0.2080E-11  0.2077E-11
CALSDV   38   25  0.2191E-11  0.2186E-11
CALSDV   39   25  0.2170E-11  0.2166E-11
CALSDV   40   25  0.2097E-11  0.2095E-11
CALSDV   41   25  0.2230E-11  0.2223E-11
CALSDV   42   25  0.2063E-11  0.2064E-11
CALSDV   43   25  0.2258E-11  0.2252E-11
CALSDV   44   25  0.2074E-11  0.2076E-11
CALSDV   45   25  0.2269E-11  0.2264E-11
CALSDV   46   25  0.2110E-11  0.2113E-11
CALSDV   47   25  0.2270E-11  0.2266E-11
CALSDV   48   25  0.2156E-11  0.2159E-11
CALSDV   49   25  0.2267E-11  0.2263E-11
CALSDV   50   25  0.2204E-11  0.2206E-11
CALSDV   51   25  0.2263E-11  0.2261E-11
CALSDV   52   25  0.2246E-11  0.2248E-11
CALSDV   53   25  0.2261E-11  0.2260E-11
CALSDV   54   25  0.2282E-11  0.2283E-11
CALSDV   55   25  0.2260E-11  0.2260E-11
CALSDV   56   25  0.2309E-11  0.2311E-11
CALSDV   57   25  0.2262E-11  0.2262E-11
CALSDV   58   25  0.2333E-11  0.2335E-11
CALSDV   59   25  0.2334E-11  0.2335E-11
CALSDV   60   25  0.2424E-11  0.2426E-11
CALSDV   26   26  0.3366E-11  0.3401E-11
CALSDV   27   26  0.4174E-11  0.4169E-11
CALSDV   28   26  0.3749E-11  0.3749E-11
CALSDV   29   26  0.2353E-11  0.2363E-11
CALSDV   30   26  0.3240E-11  0.3241E-11
CALSDV   31   26  0.2592E-11  0.2599E-11
CALSDV   32   26  0.2514E-11  0.2516E-11
CALSDV   33   26  0.2630E-11  0.2632E-11
CALSDV   34   26  0.2084E-11  0.2085E-11
CALSDV   35   26  0.2415E-11  0.2416E-11
CALSDV   36   26  0.1939E-11  0.1938E-11
CALSDV   37   26  0.2137E-11  0.2140E-11
CALSDV   38   26  0.1933E-11  0.1931E-11
CALSDV   39   26  0.1923E-11  0.1927E-11
CALSDV   40   26  0.1970E-11  0.1967E-11
CALSDV   41   26  0.1821E-11  0.1827E-11
CALSDV   42   26  0.2013E-11  0.2010E-11
CALSDV   43   26  0.1825E-11  0.1832E-11
CALSDV   44   26  0.2055E-11  0.2053E-11
CALSDV   45   26  0.1894E-11  0.1899E-11
CALSDV   46   26  0.2098E-11  0.2096E-11
CALSDV   47   26  0.1989E-11  0.1995E-11
CALSDV   48   26  0.2142E-11  0.2141E-11
CALSDV   49   26  0.2086E-11  0.2090E-11
CALSDV   50   26  0.2188E-11  0.2186E-11
CALSDV   51   26  0.2168E-11  0.2173E-11
CALSDV   52   26  0.2233E-11  0.2232E-11
CALSDV   53   26  0.2234E-11  0.2237E-11
CALSDV   54   26  0.2276E-11  0.2275E-11
CALSDV   55   26  0.2277E-11  0.2279E-11
CALSDV   56   26  0.2314E-11  0.2314E-11
CALSDV   57   26  0.2302E-11  0.2303E-11
CALSDV   58   26  0.2347E-11  0.2347E-11
CALSDV   59   26  0.2378E-11  0.2380E-11
CALSDV   60   26  0.2440E-11  0.2440E-11
CALSDV   27   27  0.3315E-11  0.3352E-11
CALSDV   28   27  0.4263E-11  0.4271E-11
CALSDV   29   27  0.3890E-11  0.3900E-11
CALSDV   30   27  0.2268E-11  0.2269E-11
CALSDV   31   27  0.3250E-11  0.3259E-11
CALSDV   32   27  0.2556E-11  0.2557E-11
CALSDV   33   27  0.2410E-11  0.2416E-11
CALSDV   34   27  0.2689E-11  0.2691E-11
CALSDV   35   27  0.2056E-11  0.2059E-11
CALSDV   36   27  0.2563E-11  0.2566E-11
CALSDV   37   27  0.2123E-11  0.2126E-11
CALSDV   38   27  0.2367E-11  0.2372E-11
CALSDV   39   27  0.2314E-11  0.2318E-11
CALSDV   40   27  0.2216E-11  0.2223E-11
CALSDV   41   27  0.2480E-11  0.2484E-11
CALSDV   42   27  0.2149E-11  0.2157E-11
CALSDV   43   27  0.2587E-11  0.2592E-11
CALSDV   44   27  0.2158E-11  0.2165E-11
CALSDV   45   27  0.2639E-11  0.2645E-11
CALSDV   46   27  0.2210E-11  0.2216E-11
CALSDV   47   27  0.2653E-11  0.2658E-11
CALSDV   48   27  0.2279E-11  0.2285E-11
CALSDV   49   27  0.2639E-11  0.2643E-11
CALSDV   50   27  0.2347E-11  0.2351E-11
CALSDV   51   27  0.2606E-11  0.2610E-11
CALSDV   52   27  0.2402E-11  0.2405E-11
CALSDV   53   27  0.2563E-11  0.2566E-11
CALSDV   54   27  0.2441E-11  0.2444E-11
CALSDV   55   27  0.2512E-11  0.2514E-11
CALSDV   56   27  0.2461E-11  0.2463E-11
CALSDV   57   27  0.2458E-11  0.2459E-11
CALSDV   58   27  0.2466E-11  0.2467E-11
CALSDV   59   27  0.2476E-11  0.2477E-11
CALSDV   60   27  0.2529E-11  0.2531E-11
CALSDV   28   28  0.3481E-11  0.3473E-11
CALSDV   29   28  0.4295E-11  0.4286E-11
CALSDV   30   28  0.3872E-11  0.3864E-11
CALSDV   31   28  0.2444E-11  0.2436E-11
CALSDV   32   28  0.3302E-11  0.3299E-11
CALSDV   33   28  0.2768E-11  0.2761E-11
CALSDV   34   28  0.2592E-11  0.2592E-11
CALSDV   35   28  0.2818E-11  0.2817E-11
CALSDV   36   28  0.2225E-11  0.2225E-11
CALSDV   37   28  0.2584E-11  0.2586E-11
CALSDV   38   28  0.2127E-11  0.2128E-11
CALSDV   39   28  0.2288E-11  0.2288E-11
CALSDV   40   28  0.2131E-11  0.2133E-11
CALSDV   41   28  0.2066E-11  0.2069E-11
CALSDV   42   28  0.2159E-11  0.2158E-11
CALSDV   43   28  0.1976E-11  0.1980E-11
CALSDV   44   28  0.2186E-11  0.2185E-11
CALSDV   45   28  0.2003E-11  0.2007E-11
CALSDV   46   28  0.2216E-11  0.2214E-11
CALSDV   47   28  0.2093E-11  0.2093E-11
CALSDV   48   28  0.2253E-11  0.2249E-11
CALSDV   49   28  0.2201E-11  0.2201E-11
CALSDV   50   28  0.2298E-11  0.2293E-11
CALSDV   51   28  0.2298E-11  0.2298E-11
CALSDV   52   28  0.2345E-11  0.2341E-11
CALSDV   53   28  0.2373E-11  0.2372E-11
CALSDV   54   28  0.2392E-11  0.2388E-11
CALSDV   55   28  0.2415E-11  0.2415E-11
CALSDV   56   28  0.2429E-11  0.2427E-11
CALSDV   57   28  0.2428E-11  0.2427E-11
CALSDV   58   28  0.2455E-11  0.2453E-11
CALSDV   59   28  0.2479E-11  0.2478E-11
CALSDV   60   28  0.2529E-11  0.2527E-11
CALSDV   29   29  0.3185E-11  0.3210E-11
CALSDV   30   29  0.4512E-11  0.4508E-11
CALSDV   31   29  0.4105E-11  0.4118E-11
CALSDV   32   29  0.2546E-11  0.2541E-11
CALSDV   33   29  0.3454E-11  0.3465E-11
CALSDV   34   29  0.2822E-11  0.2810E-11
CALSDV   35   29  0.2573E-11  0.2577E-11
CALSDV   36   29  0.2895E-11  0.2884E-11
CALSDV   37   29  0.2178E-11  0.2184E-11
CALSDV   38   29  0.2710E-11  0.2703E-11
CALSDV   39   29  0.2220E-11  0.2224E-11
CALSDV   40   29  0.2480E-11  0.2478E-11
CALSDV   41   29  0.2398E-11  0.2403E-11
CALSDV   42   29  0.2334E-11  0.2333E-11
CALSDV   43   29  0.2557E-11  0.2563E-11
CALSDV   44   29  0.2300E-11  0.2300E-11
CALSDV   45   29  0.2663E-11  0.2668E-11
CALSDV   46   29  0.2351E-11  0.2352E-11
CALSDV   47   29  0.2717E-11  0.2722E-11
CALSDV   48   29  0.2438E-11  0.2439E-11
CALSDV   49   29  0.2735E-11  0.2737E-11
CALSDV   50   29  0.2528E-11  0.2530E-11
CALSDV   51   29  0.2722E-11  0.2725E-11
CALSDV   52   29  0.2598E-11  0.2599E-11
CALSDV   53   29  0.2690E-11  0.2693E-11
CALSDV   54   29  0.2640E-11  0.2641E-11
CALSDV   55   29  0.2641E-11  0.2643E-11
CALSDV   56   29  0.2648E-11  0.2649E-11
CALSDV   57   29  0.2576E-11  0.2577E-11
CALSDV   58   29  0.2627E-11  0.2628E-11
CALSDV   59   29  0.2569E-11  0.2569E-11
CALSDV   60   29  0.2652E-11  0.2653E-11
CALSDV   30   30  0.4315E-11  0.4309E-11
CALSDV   31   30  0.4514E-11  0.4471E-11
CALSDV   32   30  0.4220E-11  0.4190E-11
CALSDV   33   30  0.2557E-11  0.2547E-11
CALSDV   34   30  0.3476E-11  0.3455E-11
CALSDV   35   30  0.2924E-11  0.2924E-11
CALSDV   36   30  0.2767E-11  0.2756E-11
CALSDV   37   30  0.3001E-11  0.2997E-11
CALSDV   38   30  0.2514E-11  0.2512E-11
CALSDV   39   30  0.2774E-11  0.2769E-11
CALSDV   40   30  0.2528E-11  0.2528E-11
CALSDV   41   30  0.2484E-11  0.2481E-11
CALSDV   42   30  0.2594E-11  0.2590E-11
CALSDV   43   30  0.2284E-11  0.2284E-11
CALSDV   44   30  0.2632E-11  0.2627E-11
CALSDV   45   30  0.2222E-11  0.2224E-11
CALSDV   46   30  0.2644E-11  0.2637E-11
CALSDV   47   30  0.2269E-11  0.2272E-11
CALSDV   48   30  0.2642E-11  0.2635E-11
CALSDV   49   30  0.2364E-11  0.2367E-11
CALSDV   50   30  0.2638E-11  0.2634E-11
CALSDV   51   30  0.2462E-11  0.2467E-11
CALSDV   52   30  0.2637E-11  0.2634E-11
CALSDV   53   30  0.2538E-11  0.2542E-11
CALSDV   54   30  0.2639E-11  0.2639E-11
CALSDV   55   30  0.2575E-11  0.2579E-11
CALSDV   56   30  0.2636E-11  0.2636E-11
CALSDV   57   30  0.2569E-11  0.2572E-11
CALSDV   58   30  0.2620E-11  0.2621E-11
CALSDV   59   30  0.2589E-11  0.2588E-11
CALSDV   60   30  0.2651E-11  0.2649E-11
CALSDV   31   31  0.3651E-11  0.3658E-11
CALSDV   32   31  0.5024E-11  0.4990E-11
CALSDV   33   31  0.4295E-11  0.4258E-11
CALSDV   34   31  0.3188E-11  0.3166E-11
CALSDV   35   31  0.3757E-11  0.3759E-11
CALSDV   36   31  0.3346E-11  0.3327E-11
CALSDV   37   31  0.2955E-11  0.2966E-11
CALSDV   38   31  0.3277E-11  0.3269E-11
CALSDV   39   31  0.2525E-11  0.2530E-11
CALSDV   40   31  0.2981E-11  0.2980E-11
CALSDV   41   31  0.2428E-11  0.2431E-11
CALSDV   42   31  0.2687E-11  0.2685E-11
CALSDV   43   31  0.2473E-11  0.2475E-11
CALSDV   44   31  0.2528E-11  0.2525E-11
CALSDV   45   31  0.2541E-11  0.2546E-11
CALSDV   46   31  0.2515E-11  0.2512E-11
CALSDV   47   31  0.2600E-11  0.2605E-11
CALSDV   48   31  0.2598E-11  0.2595E-11
CALSDV   49   31  0.2643E-11  0.2650E-11
CALSDV   50   31  0.2706E-11  0.2706E-11
CALSDV   51   31  0.2673E-11  0.2678E-11
CALSDV   52   31  0.2799E-11  0.2800E-11
CALSDV   53   31  0.2686E-11  0.2691E-11
CALSDV   54   31  0.2852E-11  0.2854E-11
CALSDV   55   31  0.2676E-11  0.2681E-11
CALSDV   56   31  0.2854E-11  0.2856E-11
CALSDV   57   31  0.2639E-11  0.2644E-11
CALSDV   58   31  0.2805E-11  0.2809E-11
CALSDV   59   31  0.2635E-11  0.2630E-11
CALSDV   60   31  0.2790E-11  0.2783E-11
CALSDV   32   32  0.3473E-11  0.3453E-11
CALSDV   33   32  0.4637E-11  0.4622E-11
CALSDV   34   32  0.4225E-11  0.4215E-11
CALSDV   35   32  0.2715E-11  0.2706E-11
CALSDV   36   32  0.3501E-11  0.3499E-11
CALSDV   37   32  0.3133E-11  0.3141E-11
CALSDV   38   32  0.2763E-11  0.2774E-11
CALSDV   39   32  0.3177E-11  0.3178E-11
CALSDV   40   32  0.2516E-11  0.2530E-11
CALSDV   41   32  0.2900E-11  0.2896E-11
CALSDV   42   32  0.2545E-11  0.2555E-11
CALSDV   43   32  0.2576E-11  0.2577E-11
CALSDV   44   32  0.2621E-11  0.2622E-11
CALSDV   45   32  0.2381E-11  0.2381E-11
CALSDV   46   32  0.2669E-11  0.2662E-11
CALSDV   47   32  0.2350E-11  0.2351E-11
CALSDV   48   32  0.2692E-11  0.2681E-11
CALSDV   49   32  0.2433E-11  0.2431E-11
CALSDV   50   32  0.2708E-11  0.2694E-11
CALSDV   51   32  0.2552E-11  0.2548E-11
CALSDV   52   32  0.2726E-11  0.2712E-11
CALSDV   53   32  0.2656E-11  0.2650E-11
CALSDV   54   32  0.2745E-11  0.2734E-11
CALSDV   55   32  0.2710E-11  0.2705E-11
CALSDV   56   32  0.2753E-11  0.2744E-11
CALSDV   57   32  0.2704E-11  0.2700E-11
CALSDV   58   32  0.2738E-11  0.2732E-11
CALSDV   59   32  0.2695E-11  0.2693E-11
CALSDV   60   32  0.2747E-11  0.2744E-11
CALSDV   33   33  0.3479E-11  0.3462E-11
CALSDV   34   33  0.4698E-11  0.4694E-11
CALSDV   35   33  0.4516E-11  0.4519E-11
CALSDV   36   33  0.2722E-11  0.2727E-11
CALSDV   37   33  0.3766E-11  0.3766E-11
CALSDV   38   33  0.3158E-11  0.3161E-11
CALSDV   39   33  0.2817E-11  0.2822E-11
CALSDV   40   33  0.3183E-11  0.3183E-11
CALSDV   41   33  0.2454E-11  0.2456E-11
CALSDV   42   33  0.2893E-11  0.2890E-11
CALSDV   43   33  0.2547E-11  0.2551E-11
CALSDV   44   33  0.2589E-11  0.2587E-11
CALSDV   45   33  0.2759E-11  0.2762E-11
CALSDV   46   33  0.2444E-11  0.2441E-11
CALSDV   47   33  0.2931E-11  0.2932E-11
CALSDV   48   33  0.2473E-11  0.2472E-11
CALSDV   49   33  0.3033E-11  0.3033E-11
CALSDV   50   33  0.2604E-11  0.2604E-11
CALSDV   51   33  0.3071E-11  0.3069E-11
CALSDV   52   33  0.2750E-11  0.2751E-11
CALSDV   53   33  0.3058E-11  0.3057E-11
CALSDV   54   33  0.2864E-11  0.2864E-11
CALSDV   55   33  0.2998E-11  0.2996E-11
CALSDV   56   33  0.2915E-11  0.2915E-11
CALSDV   57   33  0.2892E-11  0.2891E-11
CALSDV   58   33  0.2894E-11  0.2894E-11
CALSDV   59   33  0.2803E-11  0.2804E-11
CALSDV   60   33  0.2866E-11  0.2867E-11
CALSDV   34   34  0.3145E-11  0.3157E-11
CALSDV   35   34  0.4651E-11  0.4651E-11
CALSDV   36   34  0.4335E-11  0.4322E-11
CALSDV   37   34  0.2749E-11  0.2750E-11
CALSDV   38   34  0.3582E-11  0.3569E-11
CALSDV   39   34  0.3301E-11  0.3302E-11
CALSDV   40   34  0.2836E-11  0.2835E-11
CALSDV   41   34  0.3348E-11  0.3351E-11
CALSDV   42   34  0.2600E-11  0.2598E-11
CALSDV   43   34  0.3050E-11  0.3057E-11
CALSDV   44   34  0.2616E-11  0.2616E-11
CALSDV   45   34  0.2733E-11  0.2740E-11
CALSDV   46   34  0.2669E-11  0.2665E-11
CALSDV   47   34  0.2569E-11  0.2577E-11
CALSDV   48   34  0.2701E-11  0.2695E-11
CALSDV   49   34  0.2576E-11  0.2585E-11
CALSDV   50   34  0.2725E-11  0.2718E-11
CALSDV   51   34  0.2679E-11  0.2686E-11
CALSDV   52   34  0.2758E-11  0.2750E-11
CALSDV   53   34  0.2793E-11  0.2796E-11
CALSDV   54   34  0.2799E-11  0.2793E-11
CALSDV   55   34  0.2860E-11  0.2864E-11
CALSDV   56   34  0.2832E-11  0.2828E-11
CALSDV   57   34  0.2851E-11  0.2855E-11
CALSDV   58   34  0.2834E-11  0.2833E-11
CALSDV   59   34  0.2813E-11  0.2814E-11
CALSDV   60   34  0.2836E-11  0.2834E-11
CALSDV   35   35  0.3442E-11  0.3392E-11
CALSDV   36   35  0.4803E-11  0.4804E-11
CALSDV   37   35  0.4756E-11  0.4764E-11
CALSDV   38   35  0.2832E-11  0.2832E-11
CALSDV   39   35  0.3941E-11  0.3944E-11
CALSDV   40   35  0.3342E-11  0.3339E-11
CALSDV   41   35  0.2966E-11  0.2963E-11
CALSDV   42   35  0.3343E-11  0.3341E-11
CALSDV   43   35  0.2613E-11  0.2607E-11
CALSDV   44   35  0.3018E-11  0.3016E-11
CALSDV   45   35  0.2712E-11  0.2704E-11
CALSDV   46   35  0.2716E-11  0.2716E-11
CALSDV   47   35  0.2915E-11  0.2908E-11
CALSDV   48   35  0.2614E-11  0.2616E-11
CALSDV   49   35  0.3071E-11  0.3067E-11
CALSDV   50   35  0.2695E-11  0.2697E-11
CALSDV   51   35  0.3157E-11  0.3153E-11
CALSDV   52   35  0.2855E-11  0.2859E-11
CALSDV   53   35  0.3178E-11  0.3174E-11
CALSDV   54   35  0.3002E-11  0.3001E-11
CALSDV   55   35  0.3137E-11  0.3134E-11
CALSDV   56   35  0.3076E-11  0.3076E-11
CALSDV   57   35  0.3034E-11  0.3031E-11
CALSDV   58   35  0.3056E-11  0.3055E-11
CALSDV   59   35  0.2916E-11  0.2914E-11
CALSDV   60   35  0.2996E-11  0.2994E-11
CALSDV   36   36  0.3239E-11  0.3242E-11
CALSDV   37   36  0.4769E-11  0.4769E-11
CALSDV   38   36  0.4560E-11  0.4554E-11
CALSDV   39   36  0.2881E-11  0.2884E-11
CALSDV   40   36  0.3724E-11  0.3726E-11
CALSDV   41   36  0.3510E-11  0.3514E-11
CALSDV   42   36  0.2959E-11  0.2960E-11
CALSDV   43   36  0.3561E-11  0.3559E-11
CALSDV   44   36  0.2757E-11  0.2756E-11
CALSDV   45   36  0.3273E-11  0.3265E-11
CALSDV   46   36  0.2807E-11  0.2805E-11
CALSDV   47   36  0.2994E-11  0.2989E-11
CALSDV   48   36  0.2874E-11  0.2871E-11
CALSDV   49   36  0.2887E-11  0.2881E-11
CALSDV   50   36  0.2913E-11  0.2911E-11
CALSDV   51   36  0.2928E-11  0.2921E-11
CALSDV   52   36  0.2942E-11  0.2940E-11
CALSDV   53   36  0.3020E-11  0.3017E-11
CALSDV   54   36  0.2974E-11  0.2972E-11
CALSDV   55   36  0.3077E-11  0.3074E-11
CALSDV   56   36  0.3000E-11  0.2998E-11
CALSDV   57   36  0.3049E-11  0.3047E-11
CALSDV   58   36  0.2990E-11  0.2988E-11
CALSDV   59   36  0.2961E-11  0.2959E-11
CALSDV   60   36  0.2957E-11  0.2955E-11
CALSDV   37   37  0.3166E-11  0.3189E-11
CALSDV   38   37  0.4944E-11  0.4939E-11
CALSDV   39   37  0.5011E-11  0.5012E-11
CALSDV   40   37  0.3002E-11  0.3005E-11
CALSDV   41   37  0.4119E-11  0.4114E-11
CALSDV   42   37  0.3553E-11  0.3558E-11
CALSDV   43   37  0.3107E-11  0.3108E-11
CALSDV   44   37  0.3503E-11  0.3503E-11
CALSDV   45   37  0.2760E-11  0.2763E-11
CALSDV   46   37  0.3124E-11  0.3123E-11
CALSDV   47   37  0.2851E-11  0.2854E-11
CALSDV   48   37  0.2818E-11  0.2819E-11
CALSDV   49   37  0.3035E-11  0.3035E-11
CALSDV   50   37  0.2762E-11  0.2764E-11
CALSDV   51   37  0.3172E-11  0.3169E-11
CALSDV   52   37  0.2894E-11  0.2897E-11
CALSDV   53   37  0.3240E-11  0.3237E-11
CALSDV   54   37  0.3075E-11  0.3076E-11
CALSDV   55   37  0.3237E-11  0.3233E-11
CALSDV   56   37  0.3194E-11  0.3194E-11
CALSDV   57   37  0.3153E-11  0.3150E-11
CALSDV   58   37  0.3199E-11  0.3199E-11
CALSDV   59   37  0.3021E-11  0.3020E-11
CALSDV   60   37  0.3118E-11  0.3119E-11
CALSDV   38   38  0.3313E-11  0.3298E-11
CALSDV   39   38  0.4905E-11  0.4896E-11
CALSDV   40   38  0.4787E-11  0.4782E-11
CALSDV   41   38  0.3040E-11  0.3038E-11
CALSDV   42   38  0.3872E-11  0.3870E-11
CALSDV   43   38  0.3713E-11  0.3710E-11
CALSDV   44   38  0.3096E-11  0.3093E-11
CALSDV   45   38  0.3737E-11  0.3738E-11
CALSDV   46   38  0.2918E-11  0.2913E-11
CALSDV   47   38  0.3449E-11  0.3450E-11
CALSDV   48   38  0.2977E-11  0.2969E-11
CALSDV   49   38  0.3219E-11  0.3220E-11
CALSDV   50   38  0.3040E-11  0.3031E-11
CALSDV   51   38  0.3172E-11  0.3171E-11
CALSDV   52   38  0.3079E-11  0.3068E-11
CALSDV   53   38  0.3235E-11  0.3234E-11
CALSDV   54   38  0.3110E-11  0.3102E-11
CALSDV   55   38  0.3292E-11  0.3292E-11
CALSDV   56   38  0.3139E-11  0.3131E-11
CALSDV   57   38  0.3253E-11  0.3254E-11
CALSDV   58   38  0.3128E-11  0.3125E-11
CALSDV   59   38  0.3118E-11  0.3117E-11
CALSDV   60   38  0.3076E-11  0.3073E-11
CALSDV   39   39  0.3164E-11  0.3173E-11
CALSDV   40   39  0.5075E-11  0.5066E-11
CALSDV   41   39  0.5298E-11  0.5281E-11
CALSDV   42   39  0.3210E-11  0.3197E-11
CALSDV   43   39  0.4295E-11  0.4289E-11
CALSDV   44   39  0.3784E-11  0.3775E-11
CALSDV   45   39  0.3237E-11  0.3236E-11
CALSDV   46   39  0.3648E-11  0.3647E-11
CALSDV   47   39  0.2913E-11  0.2916E-11
CALSDV   48   39  0.3212E-11  0.3211E-11
CALSDV   49   39  0.3032E-11  0.3034E-11
CALSDV   50   39  0.2922E-11  0.2922E-11
CALSDV   51   39  0.3222E-11  0.3219E-11
CALSDV   52   39  0.2933E-11  0.2933E-11
CALSDV   53   39  0.3347E-11  0.3343E-11
CALSDV   54   39  0.3115E-11  0.3115E-11
CALSDV   55   39  0.3381E-11  0.3377E-11
CALSDV   56   39  0.3288E-11  0.3289E-11
CALSDV   57   39  0.3311E-11  0.3310E-11
CALSDV   58   39  0.3334E-11  0.3336E-11
CALSDV   59   39  0.3154E-11  0.3152E-11
CALSDV   60   39  0.3247E-11  0.3247E-11
CALSDV   40   40  0.3454E-11  0.3471E-11
CALSDV   41   40  0.5107E-11  0.5094E-11
CALSDV   42   40  0.5215E-11  0.5227E-11
CALSDV   43   40  0.3274E-11  0.3265E-11
CALSDV   44   40  0.4145E-11  0.4159E-11
CALSDV   45   40  0.3961E-11  0.3952E-11
CALSDV   46   40  0.3257E-11  0.3263E-11
CALSDV   47   40  0.3980E-11  0.3976E-11
CALSDV   48   40  0.3146E-11  0.3150E-11
CALSDV   49   40  0.3737E-11  0.3737E-11
CALSDV   50   40  0.3334E-11  0.3343E-11
CALSDV   51   40  0.3584E-11  0.3584E-11
CALSDV   52   40  0.3499E-11  0.3508E-11
CALSDV   53   40  0.3579E-11  0.3575E-11
CALSDV   54   40  0.3570E-11  0.3578E-11
CALSDV   55   40  0.3601E-11  0.3596E-11
CALSDV   56   40  0.3561E-11  0.3566E-11
CALSDV   57   40  0.3526E-11  0.3522E-11
CALSDV   58   40  0.3468E-11  0.3471E-11
CALSDV   59   40  0.3319E-11  0.3314E-11
CALSDV   60   40  0.3300E-11  0.3301E-11
CALSDV   41   41  0.3418E-11  0.3446E-11
CALSDV   42   41  0.5239E-11  0.5240E-11
CALSDV   43   41  0.5596E-11  0.5599E-11
CALSDV   44   41  0.3526E-11  0.3522E-11
CALSDV   45   41  0.4463E-11  0.4463E-11
CALSDV   46   41  0.4109E-11  0.4104E-11
CALSDV   47   41  0.3379E-11  0.3380E-11
CALSDV   48   41  0.3890E-11  0.3886E-11
CALSDV   49   41  0.3134E-11  0.3131E-11
CALSDV   50   41  0.3408E-11  0.3402E-11
CALSDV   51   41  0.3307E-11  0.3308E-11
CALSDV   52   41  0.3146E-11  0.3143E-11
CALSDV   53   41  0.3498E-11  0.3501E-11
CALSDV   54   41  0.3212E-11  0.3202E-11
CALSDV   55   41  0.3577E-11  0.3582E-11
CALSDV   56   41  0.3386E-11  0.3386E-11
CALSDV   57   41  0.3516E-11  0.3518E-11
CALSDV   58   41  0.3473E-11  0.3474E-11
CALSDV   59   41  0.3318E-11  0.3318E-11
CALSDV   60   41  0.3384E-11  0.3383E-11
CALSDV   42   42  0.3635E-11  0.3669E-11
CALSDV   43   42  0.5362E-11  0.5365E-11
CALSDV   44   42  0.5834E-11  0.5834E-11
CALSDV   45   42  0.3593E-11  0.3582E-11
CALSDV   46   42  0.4532E-11  0.4535E-11
CALSDV   47   42  0.4221E-11  0.4209E-11
CALSDV   48   42  0.3444E-11  0.3442E-11
CALSDV   49   42  0.4174E-11  0.4166E-11
CALSDV   50   42  0.3446E-11  0.3440E-11
CALSDV   51   42  0.3929E-11  0.3923E-11
CALSDV   52   42  0.3837E-11  0.3826E-11
CALSDV   53   42  0.3809E-11  0.3809E-11
CALSDV   54   42  0.4105E-11  0.4095E-11
CALSDV   55   42  0.3800E-11  0.3802E-11
CALSDV   56   42  0.4142E-11  0.4137E-11
CALSDV   57   42  0.3728E-11  0.3731E-11
CALSDV   58   42  0.3965E-11  0.3961E-11
CALSDV   59   42  0.3488E-11  0.3491E-11
CALSDV   60   42  0.3626E-11  0.3624E-11
CALSDV   43   43  0.3632E-11  0.3648E-11
CALSDV   44   43  0.5397E-11  0.5410E-11
CALSDV   45   43  0.5934E-11  0.5931E-11
CALSDV   46   43  0.3815E-11  0.3822E-11
CALSDV   47   43  0.4615E-11  0.4611E-11
CALSDV   48   43  0.4369E-11  0.4378E-11
CALSDV   49   43  0.3524E-11  0.3524E-11
CALSDV   50   43  0.4063E-11  0.4068E-11
CALSDV   51   43  0.3411E-11  0.3406E-11
CALSDV   52   43  0.3577E-11  0.3569E-11
CALSDV   53   43  0.3655E-11  0.3657E-11
CALSDV   54   43  0.3381E-11  0.3388E-11
CALSDV   55   43  0.3817E-11  0.3818E-11
CALSDV   56   43  0.3491E-11  0.3497E-11
CALSDV   57   43  0.3775E-11  0.3776E-11
CALSDV   58   43  0.3607E-11  0.3607E-11
CALSDV   59   43  0.3522E-11  0.3522E-11
CALSDV   60   43  0.3524E-11  0.3526E-11
CALSDV   44   44  0.3809E-11  0.3783E-11
CALSDV   45   44  0.5658E-11  0.5668E-11
CALSDV   46   44  0.6254E-11  0.6261E-11
CALSDV   47   44  0.3968E-11  0.3983E-11
CALSDV   48   44  0.4758E-11  0.4753E-11
CALSDV   49   44  0.4538E-11  0.4540E-11
CALSDV   50   44  0.3617E-11  0.3614E-11
CALSDV   51   44  0.4427E-11  0.4424E-11
CALSDV   52   44  0.3729E-11  0.3735E-11
CALSDV   53   44  0.4178E-11  0.4168E-11
CALSDV   54   44  0.4179E-11  0.4181E-11
CALSDV   55   44  0.4052E-11  0.4043E-11
CALSDV   56   44  0.4395E-11  0.4393E-11
CALSDV   57   44  0.3949E-11  0.3942E-11
CALSDV   58   44  0.4278E-11  0.4273E-11
CALSDV   59   44  0.3671E-11  0.3670E-11
CALSDV   60   44  0.3871E-11  0.3873E-11
CALSDV   45   45  0.4422E-11  0.4384E-11
CALSDV   46   45  0.5665E-11  0.5657E-11
CALSDV   47   45  0.6400E-11  0.6398E-11
CALSDV   48   45  0.4148E-11  0.4149E-11
CALSDV   49   45  0.4812E-11  0.4815E-11
CALSDV   50   45  0.4676E-11  0.4687E-11
CALSDV   51   45  0.3861E-11  0.3877E-11
CALSDV   52   45  0.4353E-11  0.4367E-11
CALSDV   53   45  0.4016E-11  0.4043E-11
CALSDV   54   45  0.3932E-11  0.3954E-11
CALSDV   55   45  0.4302E-11  0.4326E-11
CALSDV   56   45  0.3813E-11  0.3829E-11
CALSDV   57   45  0.4268E-11  0.4288E-11
CALSDV   58   45  0.3843E-11  0.3852E-11
CALSDV   59   45  0.3872E-11  0.3884E-11
CALSDV   60   45  0.3713E-11  0.3719E-11
CALSDV   46   46  0.4446E-11  0.4450E-11
CALSDV   47   46  0.6321E-11  0.6372E-11
CALSDV   48   46  0.6600E-11  0.6683E-11
CALSDV   49   46  0.4940E-11  0.4997E-11
CALSDV   50   46  0.5107E-11  0.5152E-11
CALSDV   51   46  0.5429E-11  0.5479E-11
CALSDV   52   46  0.4092E-11  0.4134E-11
CALSDV   53   46  0.5185E-11  0.5213E-11
CALSDV   54   46  0.4199E-11  0.4238E-11
CALSDV   55   46  0.4759E-11  0.4783E-11
CALSDV   56   46  0.4494E-11  0.4517E-11
CALSDV   57   46  0.4384E-11  0.4404E-11
CALSDV   58   46  0.4476E-11  0.4489E-11
CALSDV   59   46  0.3925E-11  0.3954E-11
CALSDV   60   46  0.4063E-11  0.4087E-11
CALSDV   47   47  0.4310E-11  0.4274E-11
CALSDV   48   47  0.6013E-11  0.6017E-11
CALSDV   49   47  0.6661E-11  0.6652E-11
CALSDV   50   47  0.4531E-11  0.4522E-11
CALSDV   51   47  0.4863E-11  0.4851E-11
CALSDV   52   47  0.4956E-11  0.4996E-11
CALSDV   53   47  0.4071E-11  0.4048E-11
CALSDV   54   47  0.4594E-11  0.4667E-11
CALSDV   55   47  0.4361E-11  0.4350E-11
CALSDV   56   47  0.4248E-11  0.4315E-11
CALSDV   57   47  0.4517E-11  0.4516E-11
CALSDV   58   47  0.4124E-11  0.4169E-11
CALSDV   59   47  0.4150E-11  0.4148E-11
CALSDV   60   47  0.3928E-11  0.3946E-11
CALSDV   48   48  0.4031E-11  0.4039E-11
CALSDV   49   48  0.6268E-11  0.6264E-11
CALSDV   50   48  0.6894E-11  0.6880E-11
CALSDV   51   48  0.4548E-11  0.4553E-11
CALSDV   52   48  0.4884E-11  0.4876E-11
CALSDV   53   48  0.4910E-11  0.4901E-11
CALSDV   54   48  0.3977E-11  0.3976E-11
CALSDV   55   48  0.4681E-11  0.4672E-11
CALSDV   56   48  0.4409E-11  0.4407E-11
CALSDV   57   48  0.4411E-11  0.4404E-11
CALSDV   58   48  0.4692E-11  0.4694E-11
CALSDV   59   48  0.4059E-11  0.4052E-11
CALSDV   60   48  0.4360E-11  0.4361E-11
CALSDV   49   49  0.3763E-11  0.3783E-11
CALSDV   50   49  0.6062E-11  0.6046E-11
CALSDV   51   49  0.6713E-11  0.6722E-11
CALSDV   52   49  0.4761E-11  0.4762E-11
CALSDV   53   49  0.4670E-11  0.4668E-11
CALSDV   54   49  0.5188E-11  0.5165E-11
CALSDV   55   49  0.4045E-11  0.4036E-11
CALSDV   56   49  0.4828E-11  0.4788E-11
CALSDV   57   49  0.4394E-11  0.4382E-11
CALSDV   58   49  0.4485E-11  0.4461E-11
CALSDV   59   49  0.4277E-11  0.4271E-11
CALSDV   60   49  0.4168E-11  0.4154E-11
CALSDV   50   50  0.3921E-11  0.3842E-11
CALSDV   51   50  0.6604E-11  0.6610E-11
CALSDV   52   50  0.7054E-11  0.7062E-11
CALSDV   53   50  0.4805E-11  0.4807E-11
CALSDV   54   50  0.4801E-11  0.4814E-11
CALSDV   55   50  0.5286E-11  0.5282E-11
CALSDV   56   50  0.4211E-11  0.4227E-11
CALSDV   57   50  0.5053E-11  0.5056E-11
CALSDV   58   50  0.4690E-11  0.4696E-11
CALSDV   59   50  0.4483E-11  0.4482E-11
CALSDV   60   50  0.4573E-11  0.4576E-11
CALSDV   51   51  0.3651E-11  0.3627E-11
CALSDV   52   51  0.6535E-11  0.6517E-11
CALSDV   53   51  0.6744E-11  0.6754E-11
CALSDV   54   51  0.5102E-11  0.5079E-11
CALSDV   55   51  0.4559E-11  0.4563E-11
CALSDV   56   51  0.5694E-11  0.5654E-11
CALSDV   57   51  0.4359E-11  0.4344E-11
CALSDV   58   51  0.5368E-11  0.5319E-11
CALSDV   59   51  0.4481E-11  0.4473E-11
CALSDV   60   51  0.4703E-11  0.4672E-11
CALSDV   52   52  0.3633E-11  0.3622E-11
CALSDV   53   52  0.6858E-11  0.6826E-11
CALSDV   54   52  0.7031E-11  0.7029E-11
CALSDV   55   52  0.5110E-11  0.5092E-11
CALSDV   56   52  0.4634E-11  0.4637E-11
CALSDV   57   52  0.5669E-11  0.5626E-11
CALSDV   58   52  0.4511E-11  0.4507E-11
CALSDV   59   52  0.5060E-11  0.5031E-11
CALSDV   60   52  0.4721E-11  0.4718E-11
CALSDV   53   53  0.3361E-11  0.3243E-11
CALSDV   54   53  0.6812E-11  0.6856E-11
CALSDV   55   53  0.6565E-11  0.6553E-11
CALSDV   56   53  0.5445E-11  0.5423E-11
CALSDV   57   53  0.4523E-11  0.4477E-11
CALSDV   58   53  0.6063E-11  0.6041E-11
CALSDV   59   53  0.4590E-11  0.4567E-11
CALSDV   60   53  0.5338E-11  0.5327E-11
CALSDV   54   54  0.3184E-11  0.3589E-11
CALSDV   55   54  0.6563E-11  0.6570E-11
CALSDV   56   54  0.6837E-11  0.6577E-11
CALSDV   57   54  0.5505E-11  0.5328E-11
CALSDV   58   54  0.4684E-11  0.4290E-11
CALSDV   59   54  0.5711E-11  0.5543E-11
CALSDV   60   54  0.4831E-11  0.4674E-11
CALSDV   55   55  0.3546E-11  0.3481E-11
CALSDV   56   55  0.6694E-11  0.6740E-11
CALSDV   57   55  0.6470E-11  0.6437E-11
CALSDV   58   55  0.5963E-11  0.5961E-11
CALSDV   59   55  0.4983E-11  0.4965E-11
CALSDV   60   55  0.6161E-11  0.6159E-11
CALSDV   56   56  0.3653E-11  0.3581E-11
CALSDV   57   56  0.5784E-11  0.5764E-11
CALSDV   58   56  0.6502E-11  0.6542E-11
CALSDV   59   56  0.6042E-11  0.6012E-11
CALSDV   60   56  0.4977E-11  0.5035E-11
CALSDV   57   57  0.4239E-11  0.4258E-11
CALSDV   58   57  0.5905E-11  0.5888E-11
CALSDV   59   57  0.7147E-11  0.7132E-11
CALSDV   60   57  0.6363E-11  0.6355E-11
CALSDV   58   58  0.4062E-11  0.4249E-11
CALSDV   59   58  0.5201E-11  0.4984E-11
CALSDV   60   58  0.7417E-11  0.6985E-11
CALSDV   59   59  0.3591E-11  0.3581E-11
CALSDV   60   59  0.5477E-11  0.5513E-11
CALSDV   60   60  0.4520E-11  0.4570E-11
