  This file contains calibrated standard deviations 
       The relevant data lines start with key CALSDV 
       Each such line contains the following data 
           N   M   C_SIGMA   S_SIGMA 
                 FOR M=0 S_SIGMA=0.0 
     
CALSDV    0    0  0.0000E+00  0.0000E+00
CALSDV    1    0  0.0000E+00  0.0000E+00
CALSDV    2    0  0.6920E-10  0.0000E+00
CALSDV    3    0  0.9015E-11  0.0000E+00
CALSDV    4    0  0.3658E-11  0.0000E+00
CALSDV    5    0  0.2438E-11  0.0000E+00
CALSDV    6    0  0.1860E-11  0.0000E+00
CALSDV    7    0  0.1487E-11  0.0000E+00
CALSDV    8    0  0.1256E-11  0.0000E+00
CALSDV    9    0  0.1090E-11  0.0000E+00
CALSDV   10    0  0.9727E-12  0.0000E+00
CALSDV   11    0  0.8813E-12  0.0000E+00
CALSDV   12    0  0.8125E-12  0.0000E+00
CALSDV   13    0  0.7584E-12  0.0000E+00
CALSDV   14    0  0.7157E-12  0.0000E+00
CALSDV   15    0  0.6815E-12  0.0000E+00
CALSDV   16    0  0.6542E-12  0.0000E+00
CALSDV   17    0  0.6323E-12  0.0000E+00
CALSDV   18    0  0.6153E-12  0.0000E+00
CALSDV   19    0  0.6020E-12  0.0000E+00
CALSDV   20    0  0.5918E-12  0.0000E+00
CALSDV   21    0  0.5844E-12  0.0000E+00
CALSDV   22    0  0.5796E-12  0.0000E+00
CALSDV   23    0  0.5766E-12  0.0000E+00
CALSDV   24    0  0.5761E-12  0.0000E+00
CALSDV   25    0  0.5769E-12  0.0000E+00
CALSDV   26    0  0.5798E-12  0.0000E+00
CALSDV   27    0  0.5841E-12  0.0000E+00
CALSDV   28    0  0.5897E-12  0.0000E+00
CALSDV   29    0  0.5970E-12  0.0000E+00
CALSDV   30    0  0.6056E-12  0.0000E+00
CALSDV   31    0  0.6156E-12  0.0000E+00
CALSDV   32    0  0.6269E-12  0.0000E+00
CALSDV   33    0  0.6396E-12  0.0000E+00
CALSDV   34    0  0.6534E-12  0.0000E+00
CALSDV   35    0  0.6689E-12  0.0000E+00
CALSDV   36    0  0.6855E-12  0.0000E+00
CALSDV   37    0  0.7037E-12  0.0000E+00
CALSDV   38    0  0.7234E-12  0.0000E+00
CALSDV   39    0  0.7445E-12  0.0000E+00
CALSDV   40    0  0.7672E-12  0.0000E+00
CALSDV   41    0  0.7914E-12  0.0000E+00
CALSDV   42    0  0.8174E-12  0.0000E+00
CALSDV   43    0  0.8451E-12  0.0000E+00
CALSDV   44    0  0.8746E-12  0.0000E+00
CALSDV   45    0  0.9061E-12  0.0000E+00
CALSDV   46    0  0.9395E-12  0.0000E+00
CALSDV   47    0  0.9751E-12  0.0000E+00
CALSDV   48    0  0.1013E-11  0.0000E+00
CALSDV   49    0  0.1053E-11  0.0000E+00
CALSDV   50    0  0.1096E-11  0.0000E+00
CALSDV   51    0  0.1141E-11  0.0000E+00
CALSDV   52    0  0.1189E-11  0.0000E+00
CALSDV   53    0  0.1239E-11  0.0000E+00
CALSDV   54    0  0.1293E-11  0.0000E+00
CALSDV   55    0  0.1348E-11  0.0000E+00
CALSDV   56    0  0.1409E-11  0.0000E+00
CALSDV   57    0  0.1466E-11  0.0000E+00
CALSDV   58    0  0.1531E-11  0.0000E+00
CALSDV   59    0  0.1443E-11  0.0000E+00
CALSDV   60    0  0.1508E-11  0.0000E+00
CALSDV    1    1  0.0000E+00  0.0000E+00
CALSDV    2    1  0.2884E-10  0.2852E-10
CALSDV    3    1  0.7611E-11  0.7716E-11
CALSDV    4    1  0.3820E-11  0.3850E-11
CALSDV    5    1  0.2567E-11  0.2586E-11
CALSDV    6    1  0.1925E-11  0.1933E-11
CALSDV    7    1  0.1543E-11  0.1549E-11
CALSDV    8    1  0.1292E-11  0.1295E-11
CALSDV    9    1  0.1118E-11  0.1124E-11
CALSDV   10    1  0.9914E-12  0.9960E-12
CALSDV   11    1  0.8973E-12  0.8997E-12
CALSDV   12    1  0.8245E-12  0.8276E-12
CALSDV   13    1  0.7680E-12  0.7709E-12
CALSDV   14    1  0.7234E-12  0.7263E-12
CALSDV   15    1  0.6882E-12  0.6907E-12
CALSDV   16    1  0.6592E-12  0.6619E-12
CALSDV   17    1  0.6373E-12  0.6395E-12
CALSDV   18    1  0.6193E-12  0.6217E-12
CALSDV   19    1  0.6052E-12  0.6075E-12
CALSDV   20    1  0.5947E-12  0.5969E-12
CALSDV   21    1  0.5869E-12  0.5891E-12
CALSDV   22    1  0.5817E-12  0.5838E-12
CALSDV   23    1  0.5787E-12  0.5809E-12
CALSDV   24    1  0.5777E-12  0.5798E-12
CALSDV   25    1  0.5786E-12  0.5808E-12
CALSDV   26    1  0.5811E-12  0.5832E-12
CALSDV   27    1  0.5852E-12  0.5874E-12
CALSDV   28    1  0.5908E-12  0.5931E-12
CALSDV   29    1  0.5979E-12  0.6002E-12
CALSDV   30    1  0.6064E-12  0.6086E-12
CALSDV   31    1  0.6163E-12  0.6186E-12
CALSDV   32    1  0.6274E-12  0.6298E-12
CALSDV   33    1  0.6401E-12  0.6425E-12
CALSDV   34    1  0.6539E-12  0.6563E-12
CALSDV   35    1  0.6692E-12  0.6717E-12
CALSDV   36    1  0.6858E-12  0.6883E-12
CALSDV   37    1  0.7040E-12  0.7065E-12
CALSDV   38    1  0.7235E-12  0.7261E-12
CALSDV   39    1  0.7445E-12  0.7473E-12
CALSDV   40    1  0.7672E-12  0.7699E-12
CALSDV   41    1  0.7914E-12  0.7942E-12
CALSDV   42    1  0.8172E-12  0.8202E-12
CALSDV   43    1  0.8449E-12  0.8479E-12
CALSDV   44    1  0.8744E-12  0.8775E-12
CALSDV   45    1  0.9057E-12  0.9090E-12
CALSDV   46    1  0.9391E-12  0.9425E-12
CALSDV   47    1  0.9747E-12  0.9782E-12
CALSDV   48    1  0.1012E-11  0.1016E-11
CALSDV   49    1  0.1052E-11  0.1056E-11
CALSDV   50    1  0.1095E-11  0.1099E-11
CALSDV   51    1  0.1140E-11  0.1144E-11
CALSDV   52    1  0.1188E-11  0.1192E-11
CALSDV   53    1  0.1238E-11  0.1242E-11
CALSDV   54    1  0.1292E-11  0.1296E-11
CALSDV   55    1  0.1347E-11  0.1352E-11
CALSDV   56    1  0.1407E-11  0.1412E-11
CALSDV   57    1  0.1465E-11  0.1470E-11
CALSDV   58    1  0.1530E-11  0.1536E-11
CALSDV   59    1  0.1444E-11  0.1449E-11
CALSDV   60    1  0.1509E-11  0.1514E-11
CALSDV    2    2  0.2370E-10  0.1979E-10
CALSDV    3    2  0.1107E-10  0.1101E-10
CALSDV    4    2  0.5314E-11  0.5295E-11
CALSDV    5    2  0.3260E-11  0.3250E-11
CALSDV    6    2  0.2364E-11  0.2353E-11
CALSDV    7    2  0.1807E-11  0.1799E-11
CALSDV    8    2  0.1482E-11  0.1476E-11
CALSDV    9    2  0.1248E-11  0.1244E-11
CALSDV   10    2  0.1094E-11  0.1091E-11
CALSDV   11    2  0.9727E-12  0.9696E-12
CALSDV   12    2  0.8868E-12  0.8838E-12
CALSDV   13    2  0.8180E-12  0.8153E-12
CALSDV   14    2  0.7658E-12  0.7631E-12
CALSDV   15    2  0.7232E-12  0.7208E-12
CALSDV   16    2  0.6902E-12  0.6878E-12
CALSDV   17    2  0.6632E-12  0.6612E-12
CALSDV   18    2  0.6428E-12  0.6404E-12
CALSDV   19    2  0.6260E-12  0.6239E-12
CALSDV   20    2  0.6134E-12  0.6113E-12
CALSDV   21    2  0.6039E-12  0.6020E-12
CALSDV   22    2  0.5974E-12  0.5955E-12
CALSDV   23    2  0.5930E-12  0.5909E-12
CALSDV   24    2  0.5911E-12  0.5892E-12
CALSDV   25    2  0.5909E-12  0.5890E-12
CALSDV   26    2  0.5928E-12  0.5908E-12
CALSDV   27    2  0.5962E-12  0.5943E-12
CALSDV   28    2  0.6013E-12  0.5994E-12
CALSDV   29    2  0.6080E-12  0.6060E-12
CALSDV   30    2  0.6160E-12  0.6140E-12
CALSDV   31    2  0.6255E-12  0.6235E-12
CALSDV   32    2  0.6363E-12  0.6343E-12
CALSDV   33    2  0.6487E-12  0.6465E-12
CALSDV   34    2  0.6623E-12  0.6602E-12
CALSDV   35    2  0.6775E-12  0.6753E-12
CALSDV   36    2  0.6938E-12  0.6916E-12
CALSDV   37    2  0.7119E-12  0.7097E-12
CALSDV   38    2  0.7313E-12  0.7289E-12
CALSDV   39    2  0.7522E-12  0.7498E-12
CALSDV   40    2  0.7748E-12  0.7723E-12
CALSDV   41    2  0.7989E-12  0.7964E-12
CALSDV   42    2  0.8248E-12  0.8222E-12
CALSDV   43    2  0.8525E-12  0.8498E-12
CALSDV   44    2  0.8819E-12  0.8791E-12
CALSDV   45    2  0.9134E-12  0.9105E-12
CALSDV   46    2  0.9468E-12  0.9438E-12
CALSDV   47    2  0.9823E-12  0.9792E-12
CALSDV   48    2  0.1020E-11  0.1017E-11
CALSDV   49    2  0.1060E-11  0.1057E-11
CALSDV   50    2  0.1103E-11  0.1099E-11
CALSDV   51    2  0.1148E-11  0.1144E-11
CALSDV   52    2  0.1196E-11  0.1192E-11
CALSDV   53    2  0.1246E-11  0.1243E-11
CALSDV   54    2  0.1300E-11  0.1296E-11
CALSDV   55    2  0.1357E-11  0.1352E-11
CALSDV   56    2  0.1417E-11  0.1412E-11
CALSDV   57    2  0.1476E-11  0.1471E-11
CALSDV   58    2  0.1541E-11  0.1537E-11
CALSDV   59    2  0.1467E-11  0.1463E-11
CALSDV   60    2  0.1532E-11  0.1527E-11
CALSDV    3    3  0.2549E-10  0.2532E-10
CALSDV    4    3  0.1025E-10  0.1020E-10
CALSDV    5    3  0.6997E-11  0.6959E-11
CALSDV    6    3  0.3636E-11  0.3649E-11
CALSDV    7    3  0.3301E-11  0.3295E-11
CALSDV    8    3  0.2031E-11  0.2035E-11
CALSDV    9    3  0.1969E-11  0.1966E-11
CALSDV   10    3  0.1382E-11  0.1384E-11
CALSDV   11    3  0.1366E-11  0.1364E-11
CALSDV   12    3  0.1059E-11  0.1060E-11
CALSDV   13    3  0.1053E-11  0.1053E-11
CALSDV   14    3  0.8773E-12  0.8780E-12
CALSDV   15    3  0.8746E-12  0.8742E-12
CALSDV   16    3  0.7669E-12  0.7679E-12
CALSDV   17    3  0.7669E-12  0.7666E-12
CALSDV   18    3  0.6986E-12  0.6991E-12
CALSDV   19    3  0.6996E-12  0.7000E-12
CALSDV   20    3  0.6561E-12  0.6568E-12
CALSDV   21    3  0.6587E-12  0.6590E-12
CALSDV   22    3  0.6308E-12  0.6314E-12
CALSDV   23    3  0.6353E-12  0.6357E-12
CALSDV   24    3  0.6180E-12  0.6186E-12
CALSDV   25    3  0.6244E-12  0.6249E-12
CALSDV   26    3  0.6152E-12  0.6158E-12
CALSDV   27    3  0.6234E-12  0.6240E-12
CALSDV   28    3  0.6204E-12  0.6209E-12
CALSDV   29    3  0.6305E-12  0.6311E-12
CALSDV   30    3  0.6323E-12  0.6329E-12
CALSDV   31    3  0.6447E-12  0.6453E-12
CALSDV   32    3  0.6506E-12  0.6512E-12
CALSDV   33    3  0.6650E-12  0.6659E-12
CALSDV   34    3  0.6752E-12  0.6756E-12
CALSDV   35    3  0.6918E-12  0.6926E-12
CALSDV   36    3  0.7053E-12  0.7060E-12
CALSDV   37    3  0.7247E-12  0.7254E-12
CALSDV   38    3  0.7415E-12  0.7423E-12
CALSDV   39    3  0.7637E-12  0.7645E-12
CALSDV   40    3  0.7842E-12  0.7850E-12
CALSDV   41    3  0.8092E-12  0.8101E-12
CALSDV   42    3  0.8335E-12  0.8344E-12
CALSDV   43    3  0.8619E-12  0.8628E-12
CALSDV   44    3  0.8900E-12  0.8909E-12
CALSDV   45    3  0.9219E-12  0.9230E-12
CALSDV   46    3  0.9543E-12  0.9553E-12
CALSDV   47    3  0.9904E-12  0.9915E-12
CALSDV   48    3  0.1027E-11  0.1028E-11
CALSDV   49    3  0.1068E-11  0.1069E-11
CALSDV   50    3  0.1110E-11  0.1111E-11
CALSDV   51    3  0.1155E-11  0.1156E-11
CALSDV   52    3  0.1202E-11  0.1204E-11
CALSDV   53    3  0.1254E-11  0.1255E-11
CALSDV   54    3  0.1307E-11  0.1308E-11
CALSDV   55    3  0.1364E-11  0.1366E-11
CALSDV   56    3  0.1424E-11  0.1425E-11
CALSDV   57    3  0.1485E-11  0.1487E-11
CALSDV   58    3  0.1551E-11  0.1553E-11
CALSDV   59    3  0.1502E-11  0.1503E-11
CALSDV   60    3  0.1567E-11  0.1568E-11
CALSDV    4    4  0.1193E-10  0.1203E-10
CALSDV    5    4  0.1029E-10  0.1027E-10
CALSDV    6    4  0.4343E-11  0.4342E-11
CALSDV    7    4  0.3753E-11  0.3752E-11
CALSDV    8    4  0.2388E-11  0.2385E-11
CALSDV    9    4  0.2057E-11  0.2053E-11
CALSDV   10    4  0.1578E-11  0.1578E-11
CALSDV   11    4  0.1401E-11  0.1401E-11
CALSDV   12    4  0.1183E-11  0.1183E-11
CALSDV   13    4  0.1083E-11  0.1083E-11
CALSDV   14    4  0.9642E-12  0.9645E-12
CALSDV   15    4  0.9048E-12  0.9048E-12
CALSDV   16    4  0.8324E-12  0.8329E-12
CALSDV   17    4  0.7963E-12  0.7963E-12
CALSDV   18    4  0.7504E-12  0.7507E-12
CALSDV   19    4  0.7286E-12  0.7286E-12
CALSDV   20    4  0.6985E-12  0.6987E-12
CALSDV   21    4  0.6858E-12  0.6860E-12
CALSDV   22    4  0.6665E-12  0.6667E-12
CALSDV   23    4  0.6604E-12  0.6605E-12
CALSDV   24    4  0.6490E-12  0.6492E-12
CALSDV   25    4  0.6476E-12  0.6477E-12
CALSDV   26    4  0.6423E-12  0.6425E-12
CALSDV   27    4  0.6451E-12  0.6453E-12
CALSDV   28    4  0.6445E-12  0.6445E-12
CALSDV   29    4  0.6507E-12  0.6508E-12
CALSDV   30    4  0.6542E-12  0.6542E-12
CALSDV   31    4  0.6634E-12  0.6635E-12
CALSDV   32    4  0.6707E-12  0.6708E-12
CALSDV   33    4  0.6828E-12  0.6829E-12
CALSDV   34    4  0.6936E-12  0.6935E-12
CALSDV   35    4  0.7086E-12  0.7086E-12
CALSDV   36    4  0.7225E-12  0.7227E-12
CALSDV   37    4  0.7407E-12  0.7405E-12
CALSDV   38    4  0.7578E-12  0.7579E-12
CALSDV   39    4  0.7788E-12  0.7789E-12
CALSDV   40    4  0.7997E-12  0.7996E-12
CALSDV   41    4  0.8238E-12  0.8238E-12
CALSDV   42    4  0.8482E-12  0.8483E-12
CALSDV   43    4  0.8758E-12  0.8759E-12
CALSDV   44    4  0.9041E-12  0.9042E-12
CALSDV   45    4  0.9356E-12  0.9356E-12
CALSDV   46    4  0.9680E-12  0.9679E-12
CALSDV   47    4  0.1004E-11  0.1004E-11
CALSDV   48    4  0.1041E-11  0.1041E-11
CALSDV   49    4  0.1081E-11  0.1081E-11
CALSDV   50    4  0.1123E-11  0.1123E-11
CALSDV   51    4  0.1168E-11  0.1168E-11
CALSDV   52    4  0.1215E-11  0.1215E-11
CALSDV   53    4  0.1266E-11  0.1267E-11
CALSDV   54    4  0.1320E-11  0.1320E-11
CALSDV   55    4  0.1378E-11  0.1378E-11
CALSDV   56    4  0.1437E-11  0.1437E-11
CALSDV   57    4  0.1501E-11  0.1501E-11
CALSDV   58    4  0.1567E-11  0.1567E-11
CALSDV   59    4  0.1540E-11  0.1540E-11
CALSDV   60    4  0.1605E-11  0.1605E-11
CALSDV    5    5  0.1853E-10  0.1870E-10
CALSDV    6    5  0.7672E-11  0.7692E-11
CALSDV    7    5  0.5038E-11  0.5050E-11
CALSDV    8    5  0.3102E-11  0.3120E-11
CALSDV    9    5  0.2889E-11  0.2894E-11
CALSDV   10    5  0.1926E-11  0.1934E-11
CALSDV   11    5  0.1972E-11  0.1976E-11
CALSDV   12    5  0.1433E-11  0.1439E-11
CALSDV   13    5  0.1478E-11  0.1481E-11
CALSDV   14    5  0.1162E-11  0.1165E-11
CALSDV   15    5  0.1185E-11  0.1187E-11
CALSDV   16    5  0.9915E-12  0.9946E-12
CALSDV   17    5  0.1002E-11  0.1004E-11
CALSDV   18    5  0.8792E-12  0.8813E-12
CALSDV   19    5  0.8833E-12  0.8843E-12
CALSDV   20    5  0.8035E-12  0.8051E-12
CALSDV   21    5  0.8049E-12  0.8061E-12
CALSDV   22    5  0.7534E-12  0.7547E-12
CALSDV   23    5  0.7547E-12  0.7556E-12
CALSDV   24    5  0.7217E-12  0.7228E-12
CALSDV   25    5  0.7239E-12  0.7249E-12
CALSDV   26    5  0.7038E-12  0.7047E-12
CALSDV   27    5  0.7077E-12  0.7085E-12
CALSDV   28    5  0.6972E-12  0.6981E-12
CALSDV   29    5  0.7032E-12  0.7038E-12
CALSDV   30    5  0.6998E-12  0.7006E-12
CALSDV   31    5  0.7080E-12  0.7087E-12
CALSDV   32    5  0.7107E-12  0.7113E-12
CALSDV   33    5  0.7215E-12  0.7221E-12
CALSDV   34    5  0.7289E-12  0.7296E-12
CALSDV   35    5  0.7423E-12  0.7428E-12
CALSDV   36    5  0.7542E-12  0.7547E-12
CALSDV   37    5  0.7705E-12  0.7710E-12
CALSDV   38    5  0.7864E-12  0.7869E-12
CALSDV   39    5  0.8057E-12  0.8062E-12
CALSDV   40    5  0.8255E-12  0.8261E-12
CALSDV   41    5  0.8481E-12  0.8487E-12
CALSDV   42    5  0.8720E-12  0.8724E-12
CALSDV   43    5  0.8981E-12  0.8984E-12
CALSDV   44    5  0.9261E-12  0.9266E-12
CALSDV   45    5  0.9560E-12  0.9565E-12
CALSDV   46    5  0.9884E-12  0.9888E-12
CALSDV   47    5  0.1023E-11  0.1023E-11
CALSDV   48    5  0.1059E-11  0.1060E-11
CALSDV   49    5  0.1098E-11  0.1099E-11
CALSDV   50    5  0.1140E-11  0.1141E-11
CALSDV   51    5  0.1185E-11  0.1185E-11
CALSDV   52    5  0.1232E-11  0.1233E-11
CALSDV   53    5  0.1282E-11  0.1283E-11
CALSDV   54    5  0.1336E-11  0.1337E-11
CALSDV   55    5  0.1393E-11  0.1394E-11
CALSDV   56    5  0.1453E-11  0.1454E-11
CALSDV   57    5  0.1517E-11  0.1518E-11
CALSDV   58    5  0.1584E-11  0.1585E-11
CALSDV   59    5  0.1575E-11  0.1576E-11
CALSDV   60    5  0.1642E-11  0.1643E-11
CALSDV    6    6  0.8634E-11  0.8726E-11
CALSDV    7    6  0.9405E-11  0.9442E-11
CALSDV    8    6  0.4189E-11  0.4209E-11
CALSDV    9    6  0.4378E-11  0.4410E-11
CALSDV   10    6  0.2673E-11  0.2674E-11
CALSDV   11    6  0.2576E-11  0.2594E-11
CALSDV   12    6  0.1838E-11  0.1838E-11
CALSDV   13    6  0.1775E-11  0.1785E-11
CALSDV   14    6  0.1382E-11  0.1382E-11
CALSDV   15    6  0.1357E-11  0.1364E-11
CALSDV   16    6  0.1121E-11  0.1120E-11
CALSDV   17    6  0.1117E-11  0.1122E-11
CALSDV   18    6  0.9626E-12  0.9625E-12
CALSDV   19    6  0.9689E-12  0.9713E-12
CALSDV   20    6  0.8634E-12  0.8629E-12
CALSDV   21    6  0.8739E-12  0.8760E-12
CALSDV   22    6  0.8006E-12  0.8007E-12
CALSDV   23    6  0.8126E-12  0.8143E-12
CALSDV   24    6  0.7615E-12  0.7617E-12
CALSDV   25    6  0.7746E-12  0.7758E-12
CALSDV   26    6  0.7395E-12  0.7396E-12
CALSDV   27    6  0.7532E-12  0.7540E-12
CALSDV   28    6  0.7298E-12  0.7299E-12
CALSDV   29    6  0.7442E-12  0.7450E-12
CALSDV   30    6  0.7303E-12  0.7306E-12
CALSDV   31    6  0.7459E-12  0.7464E-12
CALSDV   32    6  0.7396E-12  0.7397E-12
CALSDV   33    6  0.7563E-12  0.7569E-12
CALSDV   34    6  0.7563E-12  0.7568E-12
CALSDV   35    6  0.7748E-12  0.7755E-12
CALSDV   36    6  0.7805E-12  0.7807E-12
CALSDV   37    6  0.8009E-12  0.8012E-12
CALSDV   38    6  0.8115E-12  0.8120E-12
CALSDV   39    6  0.8342E-12  0.8348E-12
CALSDV   40    6  0.8496E-12  0.8501E-12
CALSDV   41    6  0.8751E-12  0.8754E-12
CALSDV   42    6  0.8952E-12  0.8955E-12
CALSDV   43    6  0.9234E-12  0.9240E-12
CALSDV   44    6  0.9485E-12  0.9486E-12
CALSDV   45    6  0.9802E-12  0.9806E-12
CALSDV   46    6  0.1010E-11  0.1010E-11
CALSDV   47    6  0.1045E-11  0.1046E-11
CALSDV   48    6  0.1080E-11  0.1081E-11
CALSDV   49    6  0.1120E-11  0.1121E-11
CALSDV   50    6  0.1160E-11  0.1161E-11
CALSDV   51    6  0.1205E-11  0.1206E-11
CALSDV   52    6  0.1252E-11  0.1252E-11
CALSDV   53    6  0.1302E-11  0.1303E-11
CALSDV   54    6  0.1355E-11  0.1356E-11
CALSDV   55    6  0.1412E-11  0.1413E-11
CALSDV   56    6  0.1472E-11  0.1472E-11
CALSDV   57    6  0.1537E-11  0.1538E-11
CALSDV   58    6  0.1604E-11  0.1605E-11
CALSDV   59    6  0.1614E-11  0.1615E-11
CALSDV   60    6  0.1680E-11  0.1681E-11
CALSDV    7    7  0.1257E-10  0.1237E-10
CALSDV    8    7  0.7136E-11  0.7106E-11
CALSDV    9    7  0.4482E-11  0.4445E-11
CALSDV   10    7  0.2992E-11  0.2962E-11
CALSDV   11    7  0.2682E-11  0.2656E-11
CALSDV   12    7  0.1825E-11  0.1825E-11
CALSDV   13    7  0.1833E-11  0.1829E-11
CALSDV   14    7  0.1438E-11  0.1438E-11
CALSDV   15    7  0.1392E-11  0.1396E-11
CALSDV   16    7  0.1240E-11  0.1239E-11
CALSDV   17    7  0.1146E-11  0.1148E-11
CALSDV   18    7  0.1108E-11  0.1107E-11
CALSDV   19    7  0.9996E-12  0.1000E-11
CALSDV   20    7  0.1011E-11  0.1010E-11
CALSDV   21    7  0.9073E-12  0.9072E-12
CALSDV   22    7  0.9398E-12  0.9383E-12
CALSDV   23    7  0.8481E-12  0.8480E-12
CALSDV   24    7  0.8872E-12  0.8859E-12
CALSDV   25    7  0.8111E-12  0.8104E-12
CALSDV   26    7  0.8513E-12  0.8500E-12
CALSDV   27    7  0.7897E-12  0.7887E-12
CALSDV   28    7  0.8286E-12  0.8273E-12
CALSDV   29    7  0.7805E-12  0.7794E-12
CALSDV   30    7  0.8176E-12  0.8161E-12
CALSDV   31    7  0.7814E-12  0.7801E-12
CALSDV   32    7  0.8167E-12  0.8150E-12
CALSDV   33    7  0.7907E-12  0.7892E-12
CALSDV   34    7  0.8248E-12  0.8230E-12
CALSDV   35    7  0.8079E-12  0.8063E-12
CALSDV   36    7  0.8414E-12  0.8395E-12
CALSDV   37    7  0.8327E-12  0.8309E-12
CALSDV   38    7  0.8662E-12  0.8640E-12
CALSDV   39    7  0.8648E-12  0.8628E-12
CALSDV   40    7  0.8989E-12  0.8966E-12
CALSDV   41    7  0.9045E-12  0.9021E-12
CALSDV   42    7  0.9396E-12  0.9372E-12
CALSDV   43    7  0.9515E-12  0.9493E-12
CALSDV   44    7  0.9888E-12  0.9862E-12
CALSDV   45    7  0.1007E-11  0.1004E-11
CALSDV   46    7  0.1047E-11  0.1044E-11
CALSDV   47    7  0.1071E-11  0.1068E-11
CALSDV   48    7  0.1114E-11  0.1111E-11
CALSDV   49    7  0.1145E-11  0.1142E-11
CALSDV   50    7  0.1192E-11  0.1189E-11
CALSDV   51    7  0.1229E-11  0.1226E-11
CALSDV   52    7  0.1281E-11  0.1277E-11
CALSDV   53    7  0.1325E-11  0.1321E-11
CALSDV   54    7  0.1382E-11  0.1378E-11
CALSDV   55    7  0.1435E-11  0.1430E-11
CALSDV   56    7  0.1497E-11  0.1493E-11
CALSDV   57    7  0.1559E-11  0.1555E-11
CALSDV   58    7  0.1630E-11  0.1625E-11
CALSDV   59    7  0.1649E-11  0.1644E-11
CALSDV   60    7  0.1721E-11  0.1717E-11
CALSDV    8    8  0.6389E-11  0.6294E-11
CALSDV    9    8  0.6424E-11  0.6508E-11
CALSDV   10    8  0.4035E-11  0.4066E-11
CALSDV   11    8  0.3439E-11  0.3463E-11
CALSDV   12    8  0.2937E-11  0.2946E-11
CALSDV   13    8  0.2437E-11  0.2431E-11
CALSDV   14    8  0.2125E-11  0.2128E-11
CALSDV   15    8  0.1922E-11  0.1915E-11
CALSDV   16    8  0.1624E-11  0.1623E-11
CALSDV   17    8  0.1593E-11  0.1586E-11
CALSDV   18    8  0.1319E-11  0.1317E-11
CALSDV   19    8  0.1367E-11  0.1359E-11
CALSDV   20    8  0.1134E-11  0.1130E-11
CALSDV   21    8  0.1207E-11  0.1199E-11
CALSDV   22    8  0.1017E-11  0.1012E-11
CALSDV   23    8  0.1092E-11  0.1085E-11
CALSDV   24    8  0.9418E-12  0.9382E-12
CALSDV   25    8  0.1010E-11  0.1005E-11
CALSDV   26    8  0.8948E-12  0.8922E-12
CALSDV   27    8  0.9545E-12  0.9496E-12
CALSDV   28    8  0.8674E-12  0.8647E-12
CALSDV   29    8  0.9180E-12  0.9145E-12
CALSDV   30    8  0.8543E-12  0.8521E-12
CALSDV   31    8  0.8977E-12  0.8947E-12
CALSDV   32    8  0.8524E-12  0.8510E-12
CALSDV   33    8  0.8900E-12  0.8878E-12
CALSDV   34    8  0.8600E-12  0.8591E-12
CALSDV   35    8  0.8937E-12  0.8922E-12
CALSDV   36    8  0.8762E-12  0.8757E-12
CALSDV   37    8  0.9075E-12  0.9067E-12
CALSDV   38    8  0.9004E-12  0.9004E-12
CALSDV   39    8  0.9304E-12  0.9302E-12
CALSDV   40    8  0.9325E-12  0.9330E-12
CALSDV   41    8  0.9625E-12  0.9627E-12
CALSDV   42    8  0.9724E-12  0.9731E-12
CALSDV   43    8  0.1003E-11  0.1004E-11
CALSDV   44    8  0.1021E-11  0.1022E-11
CALSDV   45    8  0.1053E-11  0.1054E-11
CALSDV   46    8  0.1077E-11  0.1079E-11
CALSDV   47    8  0.1113E-11  0.1114E-11
CALSDV   48    8  0.1143E-11  0.1145E-11
CALSDV   49    8  0.1182E-11  0.1184E-11
CALSDV   50    8  0.1220E-11  0.1222E-11
CALSDV   51    8  0.1262E-11  0.1265E-11
CALSDV   52    8  0.1307E-11  0.1309E-11
CALSDV   53    8  0.1355E-11  0.1358E-11
CALSDV   54    8  0.1406E-11  0.1409E-11
CALSDV   55    8  0.1461E-11  0.1464E-11
CALSDV   56    8  0.1520E-11  0.1523E-11
CALSDV   57    8  0.1585E-11  0.1588E-11
CALSDV   58    8  0.1652E-11  0.1655E-11
CALSDV   59    8  0.1691E-11  0.1694E-11
CALSDV   60    8  0.1760E-11  0.1763E-11
CALSDV    9    9  0.8679E-11  0.8637E-11
CALSDV   10    9  0.6643E-11  0.6659E-11
CALSDV   11    9  0.4231E-11  0.4229E-11
CALSDV   12    9  0.3081E-11  0.3093E-11
CALSDV   13    9  0.2798E-11  0.2796E-11
CALSDV   14    9  0.1934E-11  0.1942E-11
CALSDV   15    9  0.1922E-11  0.1921E-11
CALSDV   16    9  0.1538E-11  0.1541E-11
CALSDV   17    9  0.1433E-11  0.1432E-11
CALSDV   18    9  0.1344E-11  0.1346E-11
CALSDV   19    9  0.1169E-11  0.1169E-11
CALSDV   20    9  0.1218E-11  0.1220E-11
CALSDV   21    9  0.1029E-11  0.1028E-11
CALSDV   22    9  0.1125E-11  0.1127E-11
CALSDV   23    9  0.9538E-12  0.9530E-12
CALSDV   24    9  0.1055E-11  0.1057E-11
CALSDV   25    9  0.9115E-12  0.9123E-12
CALSDV   26    9  0.1004E-11  0.1005E-11
CALSDV   27    9  0.8903E-12  0.8894E-12
CALSDV   28    9  0.9676E-12  0.9693E-12
CALSDV   29    9  0.8802E-12  0.8799E-12
CALSDV   30    9  0.9448E-12  0.9462E-12
CALSDV   31    9  0.8800E-12  0.8795E-12
CALSDV   32    9  0.9335E-12  0.9349E-12
CALSDV   33    9  0.8873E-12  0.8877E-12
CALSDV   34    9  0.9327E-12  0.9336E-12
CALSDV   35    9  0.9019E-12  0.9022E-12
CALSDV   36    9  0.9414E-12  0.9424E-12
CALSDV   37    9  0.9235E-12  0.9238E-12
CALSDV   38    9  0.9591E-12  0.9601E-12
CALSDV   39    9  0.9521E-12  0.9524E-12
CALSDV   40    9  0.9853E-12  0.9864E-12
CALSDV   41    9  0.9876E-12  0.9881E-12
CALSDV   42    9  0.1020E-11  0.1022E-11
CALSDV   43    9  0.1031E-11  0.1031E-11
CALSDV   44    9  0.1064E-11  0.1066E-11
CALSDV   45    9  0.1082E-11  0.1083E-11
CALSDV   46    9  0.1118E-11  0.1119E-11
CALSDV   47    9  0.1142E-11  0.1142E-11
CALSDV   48    9  0.1180E-11  0.1182E-11
CALSDV   49    9  0.1211E-11  0.1212E-11
CALSDV   50    9  0.1254E-11  0.1255E-11
CALSDV   51    9  0.1291E-11  0.1292E-11
CALSDV   52    9  0.1338E-11  0.1339E-11
CALSDV   53    9  0.1382E-11  0.1383E-11
CALSDV   54    9  0.1436E-11  0.1437E-11
CALSDV   55    9  0.1487E-11  0.1488E-11
CALSDV   56    9  0.1547E-11  0.1548E-11
CALSDV   57    9  0.1610E-11  0.1610E-11
CALSDV   58    9  0.1677E-11  0.1678E-11
CALSDV   59    9  0.1725E-11  0.1726E-11
CALSDV   60    9  0.1794E-11  0.1796E-11
CALSDV   10   10  0.6406E-11  0.6365E-11
CALSDV   11   10  0.5321E-11  0.5321E-11
CALSDV   12   10  0.3756E-11  0.3746E-11
CALSDV   13   10  0.2730E-11  0.2726E-11
CALSDV   14   10  0.3006E-11  0.2996E-11
CALSDV   15   10  0.2149E-11  0.2154E-11
CALSDV   16   10  0.2320E-11  0.2309E-11
CALSDV   17   10  0.1914E-11  0.1919E-11
CALSDV   18   10  0.1853E-11  0.1842E-11
CALSDV   19   10  0.1723E-11  0.1727E-11
CALSDV   20   10  0.1552E-11  0.1542E-11
CALSDV   21   10  0.1556E-11  0.1560E-11
CALSDV   22   10  0.1359E-11  0.1351E-11
CALSDV   23   10  0.1416E-11  0.1420E-11
CALSDV   24   10  0.1234E-11  0.1228E-11
CALSDV   25   10  0.1305E-11  0.1308E-11
CALSDV   26   10  0.1151E-11  0.1146E-11
CALSDV   27   10  0.1219E-11  0.1222E-11
CALSDV   28   10  0.1096E-11  0.1092E-11
CALSDV   29   10  0.1155E-11  0.1157E-11
CALSDV   30   10  0.1061E-11  0.1058E-11
CALSDV   31   10  0.1109E-11  0.1111E-11
CALSDV   32   10  0.1040E-11  0.1038E-11
CALSDV   33   10  0.1080E-11  0.1082E-11
CALSDV   34   10  0.1032E-11  0.1031E-11
CALSDV   35   10  0.1065E-11  0.1067E-11
CALSDV   36   10  0.1035E-11  0.1034E-11
CALSDV   37   10  0.1062E-11  0.1064E-11
CALSDV   38   10  0.1047E-11  0.1046E-11
CALSDV   39   10  0.1071E-11  0.1073E-11
CALSDV   40   10  0.1068E-11  0.1067E-11
CALSDV   41   10  0.1091E-11  0.1092E-11
CALSDV   42   10  0.1098E-11  0.1097E-11
CALSDV   43   10  0.1121E-11  0.1121E-11
CALSDV   44   10  0.1137E-11  0.1136E-11
CALSDV   45   10  0.1161E-11  0.1161E-11
CALSDV   46   10  0.1185E-11  0.1184E-11
CALSDV   47   10  0.1211E-11  0.1211E-11
CALSDV   48   10  0.1243E-11  0.1242E-11
CALSDV   49   10  0.1272E-11  0.1272E-11
CALSDV   50   10  0.1311E-11  0.1311E-11
CALSDV   51   10  0.1344E-11  0.1345E-11
CALSDV   52   10  0.1391E-11  0.1391E-11
CALSDV   53   10  0.1429E-11  0.1430E-11
CALSDV   54   10  0.1483E-11  0.1483E-11
CALSDV   55   10  0.1529E-11  0.1529E-11
CALSDV   56   10  0.1590E-11  0.1590E-11
CALSDV   57   10  0.1647E-11  0.1647E-11
CALSDV   58   10  0.1717E-11  0.1717E-11
CALSDV   59   10  0.1774E-11  0.1775E-11
CALSDV   60   10  0.1848E-11  0.1849E-11
CALSDV   11   11  0.6173E-11  0.6170E-11
CALSDV   12   11  0.6143E-11  0.6223E-11
CALSDV   13   11  0.3947E-11  0.3949E-11
CALSDV   14   11  0.3254E-11  0.3298E-11
CALSDV   15   11  0.2941E-11  0.2943E-11
CALSDV   16   11  0.2226E-11  0.2246E-11
CALSDV   17   11  0.2098E-11  0.2097E-11
CALSDV   18   11  0.1783E-11  0.1791E-11
CALSDV   19   11  0.1565E-11  0.1561E-11
CALSDV   20   11  0.1527E-11  0.1528E-11
CALSDV   21   11  0.1267E-11  0.1264E-11
CALSDV   22   11  0.1354E-11  0.1353E-11
CALSDV   23   11  0.1116E-11  0.1114E-11
CALSDV   24   11  0.1233E-11  0.1231E-11
CALSDV   25   11  0.1047E-11  0.1045E-11
CALSDV   26   11  0.1147E-11  0.1146E-11
CALSDV   27   11  0.1017E-11  0.1016E-11
CALSDV   28   11  0.1089E-11  0.1088E-11
CALSDV   29   11  0.1006E-11  0.1006E-11
CALSDV   30   11  0.1053E-11  0.1052E-11
CALSDV   31   11  0.1007E-11  0.1007E-11
CALSDV   32   11  0.1033E-11  0.1032E-11
CALSDV   33   11  0.1014E-11  0.1014E-11
CALSDV   34   11  0.1026E-11  0.1025E-11
CALSDV   35   11  0.1028E-11  0.1028E-11
CALSDV   36   11  0.1032E-11  0.1031E-11
CALSDV   37   11  0.1047E-11  0.1047E-11
CALSDV   38   11  0.1047E-11  0.1046E-11
CALSDV   39   11  0.1072E-11  0.1072E-11
CALSDV   40   11  0.1071E-11  0.1070E-11
CALSDV   41   11  0.1103E-11  0.1103E-11
CALSDV   42   11  0.1104E-11  0.1104E-11
CALSDV   43   11  0.1142E-11  0.1142E-11
CALSDV   44   11  0.1146E-11  0.1146E-11
CALSDV   45   11  0.1187E-11  0.1187E-11
CALSDV   46   11  0.1197E-11  0.1197E-11
CALSDV   47   11  0.1241E-11  0.1241E-11
CALSDV   48   11  0.1257E-11  0.1257E-11
CALSDV   49   11  0.1304E-11  0.1304E-11
CALSDV   50   11  0.1328E-11  0.1327E-11
CALSDV   51   11  0.1377E-11  0.1377E-11
CALSDV   52   11  0.1409E-11  0.1408E-11
CALSDV   53   11  0.1462E-11  0.1461E-11
CALSDV   54   11  0.1503E-11  0.1502E-11
CALSDV   55   11  0.1559E-11  0.1559E-11
CALSDV   56   11  0.1610E-11  0.1609E-11
CALSDV   57   11  0.1676E-11  0.1675E-11
CALSDV   58   11  0.1736E-11  0.1736E-11
CALSDV   59   11  0.1809E-11  0.1809E-11
CALSDV   60   11  0.1871E-11  0.1870E-11
CALSDV   12   12  0.5691E-11  0.5685E-11
CALSDV   13   12  0.5208E-11  0.5209E-11
CALSDV   14   12  0.3557E-11  0.3561E-11
CALSDV   15   12  0.2572E-11  0.2574E-11
CALSDV   16   12  0.2858E-11  0.2857E-11
CALSDV   17   12  0.2009E-11  0.2004E-11
CALSDV   18   12  0.2204E-11  0.2199E-11
CALSDV   19   12  0.1864E-11  0.1864E-11
CALSDV   20   12  0.1783E-11  0.1780E-11
CALSDV   21   12  0.1745E-11  0.1745E-11
CALSDV   22   12  0.1543E-11  0.1540E-11
CALSDV   23   12  0.1623E-11  0.1625E-11
CALSDV   24   12  0.1410E-11  0.1407E-11
CALSDV   25   12  0.1511E-11  0.1513E-11
CALSDV   26   12  0.1333E-11  0.1331E-11
CALSDV   27   12  0.1416E-11  0.1418E-11
CALSDV   28   12  0.1285E-11  0.1283E-11
CALSDV   29   12  0.1341E-11  0.1343E-11
CALSDV   30   12  0.1255E-11  0.1253E-11
CALSDV   31   12  0.1284E-11  0.1286E-11
CALSDV   32   12  0.1235E-11  0.1234E-11
CALSDV   33   12  0.1244E-11  0.1245E-11
CALSDV   34   12  0.1224E-11  0.1223E-11
CALSDV   35   12  0.1219E-11  0.1220E-11
CALSDV   36   12  0.1221E-11  0.1220E-11
CALSDV   37   12  0.1208E-11  0.1208E-11
CALSDV   38   12  0.1226E-11  0.1225E-11
CALSDV   39   12  0.1208E-11  0.1209E-11
CALSDV   40   12  0.1239E-11  0.1237E-11
CALSDV   41   12  0.1220E-11  0.1220E-11
CALSDV   42   12  0.1259E-11  0.1258E-11
CALSDV   43   12  0.1242E-11  0.1242E-11
CALSDV   44   12  0.1288E-11  0.1287E-11
CALSDV   45   12  0.1275E-11  0.1275E-11
CALSDV   46   12  0.1326E-11  0.1325E-11
CALSDV   47   12  0.1318E-11  0.1317E-11
CALSDV   48   12  0.1373E-11  0.1372E-11
CALSDV   49   12  0.1371E-11  0.1371E-11
CALSDV   50   12  0.1430E-11  0.1429E-11
CALSDV   51   12  0.1436E-11  0.1436E-11
CALSDV   52   12  0.1499E-11  0.1498E-11
CALSDV   53   12  0.1514E-11  0.1513E-11
CALSDV   54   12  0.1581E-11  0.1579E-11
CALSDV   55   12  0.1605E-11  0.1604E-11
CALSDV   56   12  0.1677E-11  0.1676E-11
CALSDV   57   12  0.1715E-11  0.1714E-11
CALSDV   58   12  0.1794E-11  0.1793E-11
CALSDV   59   12  0.1855E-11  0.1854E-11
CALSDV   60   12  0.1940E-11  0.1939E-11
CALSDV   13   13  0.5087E-11  0.5082E-11
CALSDV   14   13  0.5280E-11  0.5276E-11
CALSDV   15   13  0.3777E-11  0.3777E-11
CALSDV   16   13  0.2963E-11  0.2957E-11
CALSDV   17   13  0.3064E-11  0.3064E-11
CALSDV   18   13  0.2264E-11  0.2260E-11
CALSDV   19   13  0.2264E-11  0.2262E-11
CALSDV   20   13  0.1927E-11  0.1926E-11
CALSDV   21   13  0.1705E-11  0.1704E-11
CALSDV   22   13  0.1676E-11  0.1677E-11
CALSDV   23   13  0.1380E-11  0.1381E-11
CALSDV   24   13  0.1481E-11  0.1482E-11
CALSDV   25   13  0.1219E-11  0.1220E-11
CALSDV   26   13  0.1334E-11  0.1336E-11
CALSDV   27   13  0.1152E-11  0.1153E-11
CALSDV   28   13  0.1232E-11  0.1233E-11
CALSDV   29   13  0.1131E-11  0.1133E-11
CALSDV   30   13  0.1166E-11  0.1168E-11
CALSDV   31   13  0.1131E-11  0.1133E-11
CALSDV   32   13  0.1129E-11  0.1132E-11
CALSDV   33   13  0.1141E-11  0.1143E-11
CALSDV   34   13  0.1114E-11  0.1116E-11
CALSDV   35   13  0.1157E-11  0.1159E-11
CALSDV   36   13  0.1116E-11  0.1118E-11
CALSDV   37   13  0.1177E-11  0.1179E-11
CALSDV   38   13  0.1130E-11  0.1133E-11
CALSDV   39   13  0.1201E-11  0.1204E-11
CALSDV   40   13  0.1155E-11  0.1158E-11
CALSDV   41   13  0.1230E-11  0.1233E-11
CALSDV   42   13  0.1190E-11  0.1193E-11
CALSDV   43   13  0.1264E-11  0.1267E-11
CALSDV   44   13  0.1233E-11  0.1236E-11
CALSDV   45   13  0.1305E-11  0.1308E-11
CALSDV   46   13  0.1284E-11  0.1288E-11
CALSDV   47   13  0.1353E-11  0.1356E-11
CALSDV   48   13  0.1344E-11  0.1347E-11
CALSDV   49   13  0.1409E-11  0.1413E-11
CALSDV   50   13  0.1412E-11  0.1416E-11
CALSDV   51   13  0.1475E-11  0.1478E-11
CALSDV   52   13  0.1491E-11  0.1495E-11
CALSDV   53   13  0.1551E-11  0.1555E-11
CALSDV   54   13  0.1580E-11  0.1584E-11
CALSDV   55   13  0.1640E-11  0.1643E-11
CALSDV   56   13  0.1682E-11  0.1686E-11
CALSDV   57   13  0.1747E-11  0.1751E-11
CALSDV   58   13  0.1803E-11  0.1807E-11
CALSDV   59   13  0.1889E-11  0.1894E-11
CALSDV   60   13  0.1949E-11  0.1953E-11
CALSDV   14   14  0.4380E-11  0.4385E-11
CALSDV   15   14  0.5594E-11  0.5587E-11
CALSDV   16   14  0.3535E-11  0.3533E-11
CALSDV   17   14  0.2871E-11  0.2871E-11
CALSDV   18   14  0.2904E-11  0.2906E-11
CALSDV   19   14  0.2118E-11  0.2118E-11
CALSDV   20   14  0.2173E-11  0.2174E-11
CALSDV   21   14  0.1923E-11  0.1920E-11
CALSDV   22   14  0.1703E-11  0.1702E-11
CALSDV   23   14  0.1806E-11  0.1802E-11
CALSDV   24   14  0.1472E-11  0.1471E-11
CALSDV   25   14  0.1698E-11  0.1693E-11
CALSDV   26   14  0.1384E-11  0.1384E-11
CALSDV   27   14  0.1600E-11  0.1596E-11
CALSDV   28   14  0.1361E-11  0.1362E-11
CALSDV   29   14  0.1518E-11  0.1514E-11
CALSDV   30   14  0.1362E-11  0.1363E-11
CALSDV   31   14  0.1453E-11  0.1450E-11
CALSDV   32   14  0.1369E-11  0.1370E-11
CALSDV   33   14  0.1407E-11  0.1404E-11
CALSDV   34   14  0.1378E-11  0.1379E-11
CALSDV   35   14  0.1375E-11  0.1373E-11
CALSDV   36   14  0.1387E-11  0.1388E-11
CALSDV   37   14  0.1358E-11  0.1356E-11
CALSDV   38   14  0.1398E-11  0.1398E-11
CALSDV   39   14  0.1353E-11  0.1352E-11
CALSDV   40   14  0.1412E-11  0.1413E-11
CALSDV   41   14  0.1360E-11  0.1359E-11
CALSDV   42   14  0.1430E-11  0.1431E-11
CALSDV   43   14  0.1377E-11  0.1376E-11
CALSDV   44   14  0.1454E-11  0.1454E-11
CALSDV   45   14  0.1404E-11  0.1403E-11
CALSDV   46   14  0.1485E-11  0.1485E-11
CALSDV   47   14  0.1440E-11  0.1440E-11
CALSDV   48   14  0.1523E-11  0.1523E-11
CALSDV   49   14  0.1487E-11  0.1486E-11
CALSDV   50   14  0.1570E-11  0.1570E-11
CALSDV   51   14  0.1544E-11  0.1543E-11
CALSDV   52   14  0.1627E-11  0.1627E-11
CALSDV   53   14  0.1612E-11  0.1612E-11
CALSDV   54   14  0.1696E-11  0.1695E-11
CALSDV   55   14  0.1693E-11  0.1693E-11
CALSDV   56   14  0.1778E-11  0.1778E-11
CALSDV   57   14  0.1793E-11  0.1793E-11
CALSDV   58   14  0.1882E-11  0.1882E-11
CALSDV   59   14  0.1938E-11  0.1938E-11
CALSDV   60   14  0.2032E-11  0.2033E-11
CALSDV   15   15  0.5308E-11  0.5309E-11
CALSDV   16   15  0.5295E-11  0.5300E-11
CALSDV   17   15  0.3664E-11  0.3665E-11
CALSDV   18   15  0.2783E-11  0.2795E-11
CALSDV   19   15  0.3222E-11  0.3221E-11
CALSDV   20   15  0.2098E-11  0.2104E-11
CALSDV   21   15  0.2558E-11  0.2560E-11
CALSDV   22   15  0.1876E-11  0.1872E-11
CALSDV   23   15  0.2058E-11  0.2058E-11
CALSDV   24   15  0.1715E-11  0.1709E-11
CALSDV   25   15  0.1748E-11  0.1745E-11
CALSDV   26   15  0.1573E-11  0.1569E-11
CALSDV   27   15  0.1575E-11  0.1569E-11
CALSDV   28   15  0.1457E-11  0.1456E-11
CALSDV   29   15  0.1484E-11  0.1479E-11
CALSDV   30   15  0.1372E-11  0.1373E-11
CALSDV   31   15  0.1438E-11  0.1433E-11
CALSDV   32   15  0.1317E-11  0.1319E-11
CALSDV   33   15  0.1416E-11  0.1412E-11
CALSDV   34   15  0.1287E-11  0.1290E-11
CALSDV   35   15  0.1407E-11  0.1405E-11
CALSDV   36   15  0.1278E-11  0.1281E-11
CALSDV   37   15  0.1408E-11  0.1406E-11
CALSDV   38   15  0.1284E-11  0.1287E-11
CALSDV   39   15  0.1416E-11  0.1415E-11
CALSDV   40   15  0.1304E-11  0.1305E-11
CALSDV   41   15  0.1430E-11  0.1429E-11
CALSDV   42   15  0.1333E-11  0.1335E-11
CALSDV   43   15  0.1451E-11  0.1450E-11
CALSDV   44   15  0.1372E-11  0.1373E-11
CALSDV   45   15  0.1479E-11  0.1479E-11
CALSDV   46   15  0.1418E-11  0.1419E-11
CALSDV   47   15  0.1514E-11  0.1514E-11
CALSDV   48   15  0.1472E-11  0.1473E-11
CALSDV   49   15  0.1558E-11  0.1557E-11
CALSDV   50   15  0.1535E-11  0.1535E-11
CALSDV   51   15  0.1610E-11  0.1610E-11
CALSDV   52   15  0.1606E-11  0.1606E-11
CALSDV   53   15  0.1672E-11  0.1672E-11
CALSDV   54   15  0.1687E-11  0.1687E-11
CALSDV   55   15  0.1747E-11  0.1746E-11
CALSDV   56   15  0.1780E-11  0.1779E-11
CALSDV   57   15  0.1840E-11  0.1839E-11
CALSDV   58   15  0.1890E-11  0.1889E-11
CALSDV   59   15  0.1983E-11  0.1982E-11
CALSDV   60   15  0.2041E-11  0.2040E-11
CALSDV   16   16  0.3849E-11  0.3848E-11
CALSDV   17   16  0.5474E-11  0.5462E-11
CALSDV   18   16  0.3608E-11  0.3603E-11
CALSDV   19   16  0.2957E-11  0.2966E-11
CALSDV   20   16  0.3107E-11  0.3108E-11
CALSDV   21   16  0.2258E-11  0.2266E-11
CALSDV   22   16  0.2341E-11  0.2342E-11
CALSDV   23   16  0.2043E-11  0.2046E-11
CALSDV   24   16  0.1808E-11  0.1807E-11
CALSDV   25   16  0.1897E-11  0.1896E-11
CALSDV   26   16  0.1545E-11  0.1543E-11
CALSDV   27   16  0.1767E-11  0.1765E-11
CALSDV   28   16  0.1463E-11  0.1460E-11
CALSDV   29   16  0.1660E-11  0.1659E-11
CALSDV   30   16  0.1464E-11  0.1462E-11
CALSDV   31   16  0.1581E-11  0.1580E-11
CALSDV   32   16  0.1492E-11  0.1490E-11
CALSDV   33   16  0.1527E-11  0.1526E-11
CALSDV   34   16  0.1523E-11  0.1521E-11
CALSDV   35   16  0.1495E-11  0.1494E-11
CALSDV   36   16  0.1551E-11  0.1549E-11
CALSDV   37   16  0.1481E-11  0.1479E-11
CALSDV   38   16  0.1575E-11  0.1572E-11
CALSDV   39   16  0.1480E-11  0.1478E-11
CALSDV   40   16  0.1595E-11  0.1592E-11
CALSDV   41   16  0.1490E-11  0.1488E-11
CALSDV   42   16  0.1615E-11  0.1613E-11
CALSDV   43   16  0.1509E-11  0.1507E-11
CALSDV   44   16  0.1637E-11  0.1635E-11
CALSDV   45   16  0.1537E-11  0.1535E-11
CALSDV   46   16  0.1662E-11  0.1660E-11
CALSDV   47   16  0.1572E-11  0.1570E-11
CALSDV   48   16  0.1692E-11  0.1690E-11
CALSDV   49   16  0.1615E-11  0.1613E-11
CALSDV   50   16  0.1729E-11  0.1727E-11
CALSDV   51   16  0.1666E-11  0.1665E-11
CALSDV   52   16  0.1773E-11  0.1772E-11
CALSDV   53   16  0.1726E-11  0.1725E-11
CALSDV   54   16  0.1827E-11  0.1827E-11
CALSDV   55   16  0.1797E-11  0.1795E-11
CALSDV   56   16  0.1894E-11  0.1893E-11
CALSDV   57   16  0.1884E-11  0.1883E-11
CALSDV   58   16  0.1981E-11  0.1980E-11
CALSDV   59   16  0.2026E-11  0.2026E-11
CALSDV   60   16  0.2128E-11  0.2127E-11
CALSDV   17   17  0.3697E-11  0.3715E-11
CALSDV   18   17  0.4435E-11  0.4431E-11
CALSDV   19   17  0.3478E-11  0.3487E-11
CALSDV   20   17  0.2479E-11  0.2467E-11
CALSDV   21   17  0.3064E-11  0.3068E-11
CALSDV   22   17  0.2264E-11  0.2262E-11
CALSDV   23   17  0.2369E-11  0.2372E-11
CALSDV   24   17  0.2152E-11  0.2152E-11
CALSDV   25   17  0.1862E-11  0.1865E-11
CALSDV   26   17  0.1955E-11  0.1958E-11
CALSDV   27   17  0.1579E-11  0.1585E-11
CALSDV   28   17  0.1744E-11  0.1747E-11
CALSDV   29   17  0.1454E-11  0.1461E-11
CALSDV   30   17  0.1565E-11  0.1568E-11
CALSDV   31   17  0.1415E-11  0.1423E-11
CALSDV   32   17  0.1438E-11  0.1441E-11
CALSDV   33   17  0.1415E-11  0.1423E-11
CALSDV   34   17  0.1364E-11  0.1367E-11
CALSDV   35   17  0.1431E-11  0.1438E-11
CALSDV   36   17  0.1334E-11  0.1336E-11
CALSDV   37   17  0.1454E-11  0.1459E-11
CALSDV   38   17  0.1338E-11  0.1340E-11
CALSDV   39   17  0.1479E-11  0.1484E-11
CALSDV   40   17  0.1363E-11  0.1366E-11
CALSDV   41   17  0.1507E-11  0.1512E-11
CALSDV   42   17  0.1404E-11  0.1407E-11
CALSDV   43   17  0.1538E-11  0.1543E-11
CALSDV   44   17  0.1455E-11  0.1457E-11
CALSDV   45   17  0.1573E-11  0.1577E-11
CALSDV   46   17  0.1512E-11  0.1515E-11
CALSDV   47   17  0.1612E-11  0.1617E-11
CALSDV   48   17  0.1574E-11  0.1578E-11
CALSDV   49   17  0.1657E-11  0.1662E-11
CALSDV   50   17  0.1642E-11  0.1646E-11
CALSDV   51   17  0.1709E-11  0.1714E-11
CALSDV   52   17  0.1714E-11  0.1718E-11
CALSDV   53   17  0.1768E-11  0.1773E-11
CALSDV   54   17  0.1792E-11  0.1797E-11
CALSDV   55   17  0.1835E-11  0.1841E-11
CALSDV   56   17  0.1878E-11  0.1883E-11
CALSDV   57   17  0.1919E-11  0.1924E-11
CALSDV   58   17  0.1978E-11  0.1983E-11
CALSDV   59   17  0.2058E-11  0.2064E-11
CALSDV   60   17  0.2129E-11  0.2134E-11
CALSDV   18   18  0.4137E-11  0.4162E-11
CALSDV   19   18  0.4558E-11  0.4565E-11
CALSDV   20   18  0.3779E-11  0.3768E-11
CALSDV   21   18  0.2403E-11  0.2414E-11
CALSDV   22   18  0.3229E-11  0.3224E-11
CALSDV   23   18  0.2147E-11  0.2151E-11
CALSDV   24   18  0.2405E-11  0.2399E-11
CALSDV   25   18  0.2097E-11  0.2099E-11
CALSDV   26   18  0.1842E-11  0.1837E-11
CALSDV   27   18  0.1974E-11  0.1975E-11
CALSDV   28   18  0.1599E-11  0.1594E-11
CALSDV   29   18  0.1829E-11  0.1829E-11
CALSDV   30   18  0.1562E-11  0.1559E-11
CALSDV   31   18  0.1705E-11  0.1706E-11
CALSDV   32   18  0.1610E-11  0.1609E-11
CALSDV   33   18  0.1621E-11  0.1622E-11
CALSDV   34   18  0.1673E-11  0.1673E-11
CALSDV   35   18  0.1575E-11  0.1576E-11
CALSDV   36   18  0.1728E-11  0.1729E-11
CALSDV   37   18  0.1560E-11  0.1561E-11
CALSDV   38   18  0.1771E-11  0.1771E-11
CALSDV   39   18  0.1567E-11  0.1569E-11
CALSDV   40   18  0.1802E-11  0.1803E-11
CALSDV   41   18  0.1588E-11  0.1590E-11
CALSDV   42   18  0.1826E-11  0.1827E-11
CALSDV   43   18  0.1619E-11  0.1620E-11
CALSDV   44   18  0.1846E-11  0.1847E-11
CALSDV   45   18  0.1657E-11  0.1657E-11
CALSDV   46   18  0.1866E-11  0.1866E-11
CALSDV   47   18  0.1698E-11  0.1699E-11
CALSDV   48   18  0.1886E-11  0.1886E-11
CALSDV   49   18  0.1744E-11  0.1745E-11
CALSDV   50   18  0.1910E-11  0.1910E-11
CALSDV   51   18  0.1794E-11  0.1795E-11
CALSDV   52   18  0.1940E-11  0.1940E-11
CALSDV   53   18  0.1849E-11  0.1849E-11
CALSDV   54   18  0.1977E-11  0.1977E-11
CALSDV   55   18  0.1909E-11  0.1909E-11
CALSDV   56   18  0.2024E-11  0.2025E-11
CALSDV   57   18  0.1983E-11  0.1983E-11
CALSDV   58   18  0.2090E-11  0.2090E-11
CALSDV   59   18  0.2118E-11  0.2118E-11
CALSDV   60   18  0.2224E-11  0.2224E-11
CALSDV   19   19  0.3433E-11  0.3437E-11
CALSDV   20   19  0.4240E-11  0.4233E-11
CALSDV   21   19  0.3502E-11  0.3494E-11
CALSDV   22   19  0.2387E-11  0.2387E-11
CALSDV   23   19  0.3073E-11  0.3069E-11
CALSDV   24   19  0.2429E-11  0.2431E-11
CALSDV   25   19  0.2385E-11  0.2386E-11
CALSDV   26   19  0.2437E-11  0.2441E-11
CALSDV   27   19  0.1905E-11  0.1908E-11
CALSDV   28   19  0.2278E-11  0.2280E-11
CALSDV   29   19  0.1655E-11  0.1657E-11
CALSDV   30   19  0.2067E-11  0.2068E-11
CALSDV   31   19  0.1554E-11  0.1556E-11
CALSDV   32   19  0.1874E-11  0.1873E-11
CALSDV   33   19  0.1529E-11  0.1529E-11
CALSDV   34   19  0.1730E-11  0.1727E-11
CALSDV   35   19  0.1537E-11  0.1536E-11
CALSDV   36   19  0.1640E-11  0.1636E-11
CALSDV   37   19  0.1558E-11  0.1556E-11
CALSDV   38   19  0.1600E-11  0.1595E-11
CALSDV   39   19  0.1583E-11  0.1582E-11
CALSDV   40   19  0.1596E-11  0.1591E-11
CALSDV   41   19  0.1614E-11  0.1611E-11
CALSDV   42   19  0.1617E-11  0.1612E-11
CALSDV   43   19  0.1648E-11  0.1645E-11
CALSDV   44   19  0.1656E-11  0.1651E-11
CALSDV   45   19  0.1685E-11  0.1683E-11
CALSDV   46   19  0.1704E-11  0.1700E-11
CALSDV   47   19  0.1727E-11  0.1725E-11
CALSDV   48   19  0.1759E-11  0.1755E-11
CALSDV   49   19  0.1774E-11  0.1771E-11
CALSDV   50   19  0.1818E-11  0.1814E-11
CALSDV   51   19  0.1825E-11  0.1823E-11
CALSDV   52   19  0.1880E-11  0.1877E-11
CALSDV   53   19  0.1881E-11  0.1878E-11
CALSDV   54   19  0.1945E-11  0.1942E-11
CALSDV   55   19  0.1942E-11  0.1940E-11
CALSDV   56   19  0.2016E-11  0.2012E-11
CALSDV   57   19  0.2014E-11  0.2012E-11
CALSDV   58   19  0.2097E-11  0.2094E-11
CALSDV   59   19  0.2146E-11  0.2144E-11
CALSDV   60   19  0.2236E-11  0.2234E-11
CALSDV   20   20  0.4036E-11  0.4023E-11
CALSDV   21   20  0.4381E-11  0.4370E-11
CALSDV   22   20  0.3895E-11  0.3885E-11
CALSDV   23   20  0.2334E-11  0.2329E-11
CALSDV   24   20  0.3375E-11  0.3370E-11
CALSDV   25   20  0.2249E-11  0.2247E-11
CALSDV   26   20  0.2535E-11  0.2532E-11
CALSDV   27   20  0.2239E-11  0.2239E-11
CALSDV   28   20  0.1951E-11  0.1949E-11
CALSDV   29   20  0.2097E-11  0.2096E-11
CALSDV   30   20  0.1697E-11  0.1696E-11
CALSDV   31   20  0.1920E-11  0.1918E-11
CALSDV   32   20  0.1663E-11  0.1664E-11
CALSDV   33   20  0.1776E-11  0.1773E-11
CALSDV   34   20  0.1721E-11  0.1723E-11
CALSDV   35   20  0.1688E-11  0.1684E-11
CALSDV   36   20  0.1799E-11  0.1799E-11
CALSDV   37   20  0.1654E-11  0.1650E-11
CALSDV   38   20  0.1866E-11  0.1866E-11
CALSDV   39   20  0.1660E-11  0.1657E-11
CALSDV   40   20  0.1919E-11  0.1919E-11
CALSDV   41   20  0.1692E-11  0.1689E-11
CALSDV   42   20  0.1959E-11  0.1959E-11
CALSDV   43   20  0.1737E-11  0.1734E-11
CALSDV   44   20  0.1990E-11  0.1990E-11
CALSDV   45   20  0.1787E-11  0.1785E-11
CALSDV   46   20  0.2014E-11  0.2015E-11
CALSDV   47   20  0.1840E-11  0.1838E-11
CALSDV   48   20  0.2037E-11  0.2037E-11
CALSDV   49   20  0.1891E-11  0.1890E-11
CALSDV   50   20  0.2060E-11  0.2060E-11
CALSDV   51   20  0.1941E-11  0.1941E-11
CALSDV   52   20  0.2085E-11  0.2086E-11
CALSDV   53   20  0.1991E-11  0.1990E-11
CALSDV   54   20  0.2114E-11  0.2114E-11
CALSDV   55   20  0.2041E-11  0.2040E-11
CALSDV   56   20  0.2149E-11  0.2149E-11
CALSDV   57   20  0.2097E-11  0.2097E-11
CALSDV   58   20  0.2197E-11  0.2197E-11
CALSDV   59   20  0.2217E-11  0.2217E-11
CALSDV   60   20  0.2316E-11  0.2316E-11
CALSDV   21   21  0.3476E-11  0.3467E-11
CALSDV   22   21  0.4217E-11  0.4206E-11
CALSDV   23   21  0.3530E-11  0.3542E-11
CALSDV   24   21  0.2283E-11  0.2271E-11
CALSDV   25   21  0.3077E-11  0.3080E-11
CALSDV   26   21  0.2484E-11  0.2485E-11
CALSDV   27   21  0.2412E-11  0.2412E-11
CALSDV   28   21  0.2593E-11  0.2601E-11
CALSDV   29   21  0.1990E-11  0.1988E-11
CALSDV   30   21  0.2476E-11  0.2488E-11
CALSDV   31   21  0.1800E-11  0.1798E-11
CALSDV   32   21  0.2278E-11  0.2291E-11
CALSDV   33   21  0.1736E-11  0.1732E-11
CALSDV   34   21  0.2088E-11  0.2101E-11
CALSDV   35   21  0.1725E-11  0.1722E-11
CALSDV   36   21  0.1946E-11  0.1958E-11
CALSDV   37   21  0.1734E-11  0.1732E-11
CALSDV   38   21  0.1860E-11  0.1871E-11
CALSDV   39   21  0.1750E-11  0.1750E-11
CALSDV   40   21  0.1824E-11  0.1834E-11
CALSDV   41   21  0.1772E-11  0.1772E-11
CALSDV   42   21  0.1828E-11  0.1835E-11
CALSDV   43   21  0.1799E-11  0.1800E-11
CALSDV   44   21  0.1854E-11  0.1861E-11
CALSDV   45   21  0.1831E-11  0.1833E-11
CALSDV   46   21  0.1896E-11  0.1902E-11
CALSDV   47   21  0.1869E-11  0.1871E-11
CALSDV   48   21  0.1945E-11  0.1949E-11
CALSDV   49   21  0.1912E-11  0.1915E-11
CALSDV   50   21  0.1997E-11  0.2003E-11
CALSDV   51   21  0.1959E-11  0.1962E-11
CALSDV   52   21  0.2051E-11  0.2055E-11
CALSDV   53   21  0.2009E-11  0.2011E-11
CALSDV   54   21  0.2105E-11  0.2108E-11
CALSDV   55   21  0.2061E-11  0.2063E-11
CALSDV   56   21  0.2159E-11  0.2162E-11
CALSDV   57   21  0.2120E-11  0.2122E-11
CALSDV   58   21  0.2219E-11  0.2221E-11
CALSDV   59   21  0.2237E-11  0.2238E-11
CALSDV   60   21  0.2340E-11  0.2342E-11
CALSDV   22   22  0.3556E-11  0.3553E-11
CALSDV   23   22  0.4309E-11  0.4308E-11
CALSDV   24   22  0.3900E-11  0.3900E-11
CALSDV   25   22  0.2300E-11  0.2301E-11
CALSDV   26   22  0.3423E-11  0.3429E-11
CALSDV   27   22  0.2366E-11  0.2364E-11
CALSDV   28   22  0.2600E-11  0.2602E-11
CALSDV   29   22  0.2388E-11  0.2389E-11
CALSDV   30   22  0.2032E-11  0.2036E-11
CALSDV   31   22  0.2221E-11  0.2221E-11
CALSDV   32   22  0.1798E-11  0.1795E-11
CALSDV   33   22  0.2007E-11  0.2005E-11
CALSDV   34   22  0.1773E-11  0.1768E-11
CALSDV   35   22  0.1835E-11  0.1835E-11
CALSDV   36   22  0.1833E-11  0.1829E-11
CALSDV   37   22  0.1743E-11  0.1742E-11
CALSDV   38   22  0.1911E-11  0.1909E-11
CALSDV   39   22  0.1724E-11  0.1724E-11
CALSDV   40   22  0.1981E-11  0.1980E-11
CALSDV   41   22  0.1757E-11  0.1757E-11
CALSDV   42   22  0.2038E-11  0.2039E-11
CALSDV   43   22  0.1818E-11  0.1819E-11
CALSDV   44   22  0.2085E-11  0.2086E-11
CALSDV   45   22  0.1890E-11  0.1891E-11
CALSDV   46   22  0.2123E-11  0.2125E-11
CALSDV   47   22  0.1961E-11  0.1963E-11
CALSDV   48   22  0.2156E-11  0.2158E-11
CALSDV   49   22  0.2027E-11  0.2029E-11
CALSDV   50   22  0.2185E-11  0.2188E-11
CALSDV   51   22  0.2085E-11  0.2089E-11
CALSDV   52   22  0.2213E-11  0.2217E-11
CALSDV   53   22  0.2135E-11  0.2139E-11
CALSDV   54   22  0.2240E-11  0.2244E-11
CALSDV   55   22  0.2177E-11  0.2181E-11
CALSDV   56   22  0.2268E-11  0.2273E-11
CALSDV   57   22  0.2218E-11  0.2222E-11
CALSDV   58   22  0.2303E-11  0.2307E-11
CALSDV   59   22  0.2318E-11  0.2321E-11
CALSDV   60   22  0.2406E-11  0.2408E-11
CALSDV   23   23  0.3407E-11  0.3424E-11
CALSDV   24   23  0.4268E-11  0.4259E-11
CALSDV   25   23  0.3563E-11  0.3565E-11
CALSDV   26   23  0.2209E-11  0.2209E-11
CALSDV   27   23  0.3068E-11  0.3075E-11
CALSDV   28   23  0.2501E-11  0.2502E-11
CALSDV   29   23  0.2416E-11  0.2420E-11
CALSDV   30   23  0.2659E-11  0.2655E-11
CALSDV   31   23  0.2053E-11  0.2055E-11
CALSDV   32   23  0.2546E-11  0.2544E-11
CALSDV   33   23  0.1927E-11  0.1928E-11
CALSDV   34   23  0.2335E-11  0.2336E-11
CALSDV   35   23  0.1902E-11  0.1905E-11
CALSDV   36   23  0.2136E-11  0.2139E-11
CALSDV   37   23  0.1908E-11  0.1910E-11
CALSDV   38   23  0.1994E-11  0.2001E-11
CALSDV   39   23  0.1919E-11  0.1921E-11
CALSDV   40   23  0.1925E-11  0.1931E-11
CALSDV   41   23  0.1935E-11  0.1937E-11
CALSDV   42   23  0.1913E-11  0.1921E-11
CALSDV   43   23  0.1954E-11  0.1957E-11
CALSDV   44   23  0.1942E-11  0.1951E-11
CALSDV   45   23  0.1980E-11  0.1985E-11
CALSDV   46   23  0.1994E-11  0.2002E-11
CALSDV   47   23  0.2013E-11  0.2020E-11
CALSDV   48   23  0.2057E-11  0.2065E-11
CALSDV   49   23  0.2053E-11  0.2059E-11
CALSDV   50   23  0.2121E-11  0.2128E-11
CALSDV   51   23  0.2097E-11  0.2103E-11
CALSDV   52   23  0.2183E-11  0.2189E-11
CALSDV   53   23  0.2143E-11  0.2149E-11
CALSDV   54   23  0.2239E-11  0.2245E-11
CALSDV   55   23  0.2187E-11  0.2194E-11
CALSDV   56   23  0.2288E-11  0.2294E-11
CALSDV   57   23  0.2233E-11  0.2239E-11
CALSDV   58   23  0.2335E-11  0.2342E-11
CALSDV   59   23  0.2333E-11  0.2338E-11
CALSDV   60   23  0.2439E-11  0.2442E-11
CALSDV   24   24  0.3456E-11  0.3450E-11
CALSDV   25   24  0.4359E-11  0.4358E-11
CALSDV   26   24  0.3963E-11  0.3962E-11
CALSDV   27   24  0.2354E-11  0.2351E-11
CALSDV   28   24  0.3477E-11  0.3476E-11
CALSDV   29   24  0.2533E-11  0.2533E-11
CALSDV   30   24  0.2666E-11  0.2667E-11
CALSDV   31   24  0.2578E-11  0.2579E-11
CALSDV   32   24  0.2140E-11  0.2139E-11
CALSDV   33   24  0.2381E-11  0.2383E-11
CALSDV   34   24  0.1936E-11  0.1934E-11
CALSDV   35   24  0.2126E-11  0.2128E-11
CALSDV   36   24  0.1919E-11  0.1917E-11
CALSDV   37   24  0.1927E-11  0.1929E-11
CALSDV   38   24  0.1972E-11  0.1972E-11
CALSDV   39   24  0.1830E-11  0.1832E-11
CALSDV   40   24  0.2041E-11  0.2040E-11
CALSDV   41   24  0.1829E-11  0.1830E-11
CALSDV   42   24  0.2106E-11  0.2105E-11
CALSDV   43   24  0.1889E-11  0.1890E-11
CALSDV   44   24  0.2164E-11  0.2162E-11
CALSDV   45   24  0.1979E-11  0.1980E-11
CALSDV   46   24  0.2214E-11  0.2213E-11
CALSDV   47   24  0.2073E-11  0.2075E-11
CALSDV   48   24  0.2258E-11  0.2258E-11
CALSDV   49   24  0.2159E-11  0.2161E-11
CALSDV   50   24  0.2298E-11  0.2299E-11
CALSDV   51   24  0.2231E-11  0.2233E-11
CALSDV   52   24  0.2334E-11  0.2335E-11
CALSDV   53   24  0.2286E-11  0.2289E-11
CALSDV   54   24  0.2366E-11  0.2367E-11
CALSDV   55   24  0.2323E-11  0.2326E-11
CALSDV   56   24  0.2392E-11  0.2394E-11
CALSDV   57   24  0.2349E-11  0.2351E-11
CALSDV   58   24  0.2418E-11  0.2420E-11
CALSDV   59   24  0.2426E-11  0.2428E-11
CALSDV   60   24  0.2501E-11  0.2502E-11
CALSDV   25   25  0.3458E-11  0.3475E-11
CALSDV   26   25  0.4448E-11  0.4444E-11
CALSDV   27   25  0.3791E-11  0.3783E-11
CALSDV   28   25  0.2308E-11  0.2299E-11
CALSDV   29   25  0.3218E-11  0.3212E-11
CALSDV   30   25  0.2621E-11  0.2620E-11
CALSDV   31   25  0.2490E-11  0.2487E-11
CALSDV   32   25  0.2795E-11  0.2798E-11
CALSDV   33   25  0.2151E-11  0.2152E-11
CALSDV   34   25  0.2689E-11  0.2695E-11
CALSDV   35   25  0.2121E-11  0.2119E-11
CALSDV   36   25  0.2494E-11  0.2500E-11
CALSDV   37   25  0.2193E-11  0.2188E-11
CALSDV   38   25  0.2321E-11  0.2327E-11
CALSDV   39   25  0.2266E-11  0.2260E-11
CALSDV   40   25  0.2219E-11  0.2222E-11
CALSDV   41   25  0.2318E-11  0.2310E-11
CALSDV   42   25  0.2188E-11  0.2189E-11
CALSDV   43   25  0.2349E-11  0.2341E-11
CALSDV   44   25  0.2208E-11  0.2207E-11
CALSDV   45   25  0.2367E-11  0.2361E-11
CALSDV   46   25  0.2258E-11  0.2256E-11
CALSDV   47   25  0.2381E-11  0.2375E-11
CALSDV   48   25  0.2318E-11  0.2316E-11
CALSDV   49   25  0.2393E-11  0.2387E-11
CALSDV   50   25  0.2377E-11  0.2375E-11
CALSDV   51   25  0.2401E-11  0.2398E-11
CALSDV   52   25  0.2427E-11  0.2424E-11
CALSDV   53   25  0.2409E-11  0.2406E-11
CALSDV   54   25  0.2465E-11  0.2463E-11
CALSDV   55   25  0.2412E-11  0.2411E-11
CALSDV   56   25  0.2489E-11  0.2488E-11
CALSDV   57   25  0.2413E-11  0.2412E-11
CALSDV   58   25  0.2503E-11  0.2502E-11
CALSDV   59   25  0.2470E-11  0.2469E-11
CALSDV   60   25  0.2569E-11  0.2569E-11
CALSDV   26   26  0.3546E-11  0.3531E-11
CALSDV   27   26  0.4524E-11  0.4525E-11
CALSDV   28   26  0.4064E-11  0.4069E-11
CALSDV   29   26  0.2522E-11  0.2520E-11
CALSDV   30   26  0.3545E-11  0.3545E-11
CALSDV   31   26  0.2779E-11  0.2777E-11
CALSDV   32   26  0.2753E-11  0.2754E-11
CALSDV   33   26  0.2830E-11  0.2829E-11
CALSDV   34   26  0.2278E-11  0.2280E-11
CALSDV   35   26  0.2603E-11  0.2601E-11
CALSDV   36   26  0.2114E-11  0.2116E-11
CALSDV   37   26  0.2311E-11  0.2310E-11
CALSDV   38   26  0.2104E-11  0.2108E-11
CALSDV   39   26  0.2089E-11  0.2089E-11
CALSDV   40   26  0.2147E-11  0.2151E-11
CALSDV   41   26  0.1991E-11  0.1990E-11
CALSDV   42   26  0.2201E-11  0.2204E-11
CALSDV   43   26  0.2004E-11  0.2004E-11
CALSDV   44   26  0.2254E-11  0.2257E-11
CALSDV   45   26  0.2085E-11  0.2085E-11
CALSDV   46   26  0.2307E-11  0.2310E-11
CALSDV   47   26  0.2192E-11  0.2192E-11
CALSDV   48   26  0.2359E-11  0.2361E-11
CALSDV   49   26  0.2298E-11  0.2298E-11
CALSDV   50   26  0.2409E-11  0.2411E-11
CALSDV   51   26  0.2386E-11  0.2386E-11
CALSDV   52   26  0.2456E-11  0.2458E-11
CALSDV   53   26  0.2447E-11  0.2447E-11
CALSDV   54   26  0.2493E-11  0.2495E-11
CALSDV   55   26  0.2481E-11  0.2482E-11
CALSDV   56   26  0.2521E-11  0.2522E-11
CALSDV   57   26  0.2491E-11  0.2491E-11
CALSDV   58   26  0.2539E-11  0.2539E-11
CALSDV   59   26  0.2538E-11  0.2539E-11
CALSDV   60   26  0.2600E-11  0.2601E-11
CALSDV   27   27  0.3391E-11  0.3398E-11
CALSDV   28   27  0.4639E-11  0.4639E-11
CALSDV   29   27  0.4160E-11  0.4175E-11
CALSDV   30   27  0.2457E-11  0.2459E-11
CALSDV   31   27  0.3503E-11  0.3516E-11
CALSDV   32   27  0.2780E-11  0.2781E-11
CALSDV   33   27  0.2634E-11  0.2641E-11
CALSDV   34   27  0.2928E-11  0.2927E-11
CALSDV   35   27  0.2253E-11  0.2258E-11
CALSDV   36   27  0.2781E-11  0.2780E-11
CALSDV   37   27  0.2284E-11  0.2287E-11
CALSDV   38   27  0.2554E-11  0.2553E-11
CALSDV   39   27  0.2446E-11  0.2447E-11
CALSDV   40   27  0.2377E-11  0.2376E-11
CALSDV   41   27  0.2593E-11  0.2593E-11
CALSDV   42   27  0.2297E-11  0.2295E-11
CALSDV   43   27  0.2694E-11  0.2693E-11
CALSDV   44   27  0.2305E-11  0.2303E-11
CALSDV   45   27  0.2750E-11  0.2749E-11
CALSDV   46   27  0.2367E-11  0.2364E-11
CALSDV   47   27  0.2771E-11  0.2771E-11
CALSDV   48   27  0.2449E-11  0.2446E-11
CALSDV   49   27  0.2771E-11  0.2769E-11
CALSDV   50   27  0.2531E-11  0.2528E-11
CALSDV   51   27  0.2753E-11  0.2752E-11
CALSDV   52   27  0.2598E-11  0.2595E-11
CALSDV   53   27  0.2722E-11  0.2721E-11
CALSDV   54   27  0.2642E-11  0.2640E-11
CALSDV   55   27  0.2677E-11  0.2676E-11
CALSDV   56   27  0.2659E-11  0.2658E-11
CALSDV   57   27  0.2623E-11  0.2622E-11
CALSDV   58   27  0.2655E-11  0.2653E-11
CALSDV   59   27  0.2622E-11  0.2620E-11
CALSDV   60   27  0.2689E-11  0.2687E-11
CALSDV   28   28  0.3606E-11  0.3585E-11
CALSDV   29   28  0.4669E-11  0.4672E-11
CALSDV   30   28  0.4202E-11  0.4194E-11
CALSDV   31   28  0.2630E-11  0.2633E-11
CALSDV   32   28  0.3621E-11  0.3619E-11
CALSDV   33   28  0.2974E-11  0.2977E-11
CALSDV   34   28  0.2841E-11  0.2841E-11
CALSDV   35   28  0.3038E-11  0.3041E-11
CALSDV   36   28  0.2427E-11  0.2428E-11
CALSDV   37   28  0.2785E-11  0.2791E-11
CALSDV   38   28  0.2311E-11  0.2311E-11
CALSDV   39   28  0.2465E-11  0.2473E-11
CALSDV   40   28  0.2316E-11  0.2315E-11
CALSDV   41   28  0.2235E-11  0.2244E-11
CALSDV   42   28  0.2349E-11  0.2348E-11
CALSDV   43   28  0.2151E-11  0.2159E-11
CALSDV   44   28  0.2387E-11  0.2386E-11
CALSDV   45   28  0.2193E-11  0.2197E-11
CALSDV   46   28  0.2429E-11  0.2428E-11
CALSDV   47   28  0.2299E-11  0.2303E-11
CALSDV   48   28  0.2478E-11  0.2477E-11
CALSDV   49   28  0.2423E-11  0.2424E-11
CALSDV   50   28  0.2530E-11  0.2529E-11
CALSDV   51   28  0.2531E-11  0.2532E-11
CALSDV   52   28  0.2583E-11  0.2582E-11
CALSDV   53   28  0.2608E-11  0.2608E-11
CALSDV   54   28  0.2629E-11  0.2628E-11
CALSDV   55   28  0.2644E-11  0.2644E-11
CALSDV   56   28  0.2659E-11  0.2657E-11
CALSDV   57   28  0.2640E-11  0.2639E-11
CALSDV   58   28  0.2668E-11  0.2666E-11
CALSDV   59   28  0.2657E-11  0.2655E-11
CALSDV   60   28  0.2707E-11  0.2705E-11
CALSDV   29   29  0.3286E-11  0.3307E-11
CALSDV   30   29  0.4898E-11  0.4887E-11
CALSDV   31   29  0.4437E-11  0.4411E-11
CALSDV   32   29  0.2736E-11  0.2733E-11
CALSDV   33   29  0.3745E-11  0.3723E-11
CALSDV   34   29  0.3051E-11  0.3046E-11
CALSDV   35   29  0.2821E-11  0.2811E-11
CALSDV   36   29  0.3150E-11  0.3142E-11
CALSDV   37   29  0.2403E-11  0.2400E-11
CALSDV   38   29  0.2955E-11  0.2949E-11
CALSDV   39   29  0.2409E-11  0.2405E-11
CALSDV   40   29  0.2707E-11  0.2705E-11
CALSDV   41   29  0.2557E-11  0.2546E-11
CALSDV   42   29  0.2548E-11  0.2548E-11
CALSDV   43   29  0.2696E-11  0.2680E-11
CALSDV   44   29  0.2514E-11  0.2514E-11
CALSDV   45   29  0.2794E-11  0.2774E-11
CALSDV   46   29  0.2571E-11  0.2572E-11
CALSDV   47   29  0.2851E-11  0.2832E-11
CALSDV   48   29  0.2669E-11  0.2671E-11
CALSDV   49   29  0.2878E-11  0.2860E-11
CALSDV   50   29  0.2770E-11  0.2772E-11
CALSDV   51   29  0.2880E-11  0.2867E-11
CALSDV   52   29  0.2848E-11  0.2850E-11
CALSDV   53   29  0.2863E-11  0.2852E-11
CALSDV   54   29  0.2892E-11  0.2893E-11
CALSDV   55   29  0.2824E-11  0.2816E-11
CALSDV   56   29  0.2894E-11  0.2893E-11
CALSDV   57   29  0.2761E-11  0.2755E-11
CALSDV   58   29  0.2854E-11  0.2853E-11
CALSDV   59   29  0.2732E-11  0.2727E-11
CALSDV   60   29  0.2838E-11  0.2836E-11
CALSDV   30   30  0.4086E-11  0.4082E-11
CALSDV   31   30  0.5009E-11  0.5002E-11
CALSDV   32   30  0.4485E-11  0.4472E-11
CALSDV   33   30  0.2815E-11  0.2817E-11
CALSDV   34   30  0.3795E-11  0.3778E-11
CALSDV   35   30  0.3145E-11  0.3149E-11
CALSDV   36   30  0.3017E-11  0.3008E-11
CALSDV   37   30  0.3213E-11  0.3223E-11
CALSDV   38   30  0.2692E-11  0.2686E-11
CALSDV   39   30  0.2962E-11  0.2979E-11
CALSDV   40   30  0.2656E-11  0.2654E-11
CALSDV   41   30  0.2662E-11  0.2681E-11
CALSDV   42   30  0.2698E-11  0.2698E-11
CALSDV   43   30  0.2472E-11  0.2488E-11
CALSDV   44   30  0.2736E-11  0.2735E-11
CALSDV   45   30  0.2430E-11  0.2445E-11
CALSDV   46   30  0.2759E-11  0.2758E-11
CALSDV   47   30  0.2500E-11  0.2513E-11
CALSDV   48   30  0.2780E-11  0.2777E-11
CALSDV   49   30  0.2616E-11  0.2626E-11
CALSDV   50   30  0.2804E-11  0.2801E-11
CALSDV   51   30  0.2730E-11  0.2737E-11
CALSDV   52   30  0.2831E-11  0.2828E-11
CALSDV   53   30  0.2810E-11  0.2815E-11
CALSDV   54   30  0.2853E-11  0.2852E-11
CALSDV   55   30  0.2840E-11  0.2844E-11
CALSDV   56   30  0.2860E-11  0.2860E-11
CALSDV   57   30  0.2817E-11  0.2821E-11
CALSDV   58   30  0.2843E-11  0.2844E-11
CALSDV   59   30  0.2788E-11  0.2791E-11
CALSDV   60   30  0.2837E-11  0.2838E-11
CALSDV   31   31  0.3551E-11  0.3624E-11
CALSDV   32   31  0.5219E-11  0.5186E-11
CALSDV   33   31  0.4588E-11  0.4598E-11
CALSDV   34   31  0.3111E-11  0.3091E-11
CALSDV   35   31  0.3976E-11  0.3996E-11
CALSDV   36   31  0.3415E-11  0.3401E-11
CALSDV   37   31  0.3117E-11  0.3123E-11
CALSDV   38   31  0.3437E-11  0.3429E-11
CALSDV   39   31  0.2679E-11  0.2680E-11
CALSDV   40   31  0.3162E-11  0.3167E-11
CALSDV   41   31  0.2585E-11  0.2589E-11
CALSDV   42   31  0.2875E-11  0.2883E-11
CALSDV   43   31  0.2625E-11  0.2634E-11
CALSDV   44   31  0.2725E-11  0.2732E-11
CALSDV   45   31  0.2693E-11  0.2703E-11
CALSDV   46   31  0.2730E-11  0.2736E-11
CALSDV   47   31  0.2757E-11  0.2766E-11
CALSDV   48   31  0.2834E-11  0.2838E-11
CALSDV   49   31  0.2814E-11  0.2820E-11
CALSDV   50   31  0.2963E-11  0.2966E-11
CALSDV   51   31  0.2860E-11  0.2862E-11
CALSDV   52   31  0.3070E-11  0.3072E-11
CALSDV   53   31  0.2890E-11  0.2889E-11
CALSDV   54   31  0.3129E-11  0.3131E-11
CALSDV   55   31  0.2892E-11  0.2891E-11
CALSDV   56   31  0.3126E-11  0.3128E-11
CALSDV   57   31  0.2859E-11  0.2857E-11
CALSDV   58   31  0.3062E-11  0.3065E-11
CALSDV   59   31  0.2825E-11  0.2820E-11
CALSDV   60   31  0.2995E-11  0.2992E-11
CALSDV   32   32  0.3526E-11  0.3528E-11
CALSDV   33   32  0.5031E-11  0.5018E-11
CALSDV   34   32  0.4576E-11  0.4575E-11
CALSDV   35   32  0.2931E-11  0.2921E-11
CALSDV   36   32  0.3849E-11  0.3851E-11
CALSDV   37   32  0.3400E-11  0.3401E-11
CALSDV   38   32  0.3047E-11  0.3048E-11
CALSDV   39   32  0.3450E-11  0.3450E-11
CALSDV   40   32  0.2746E-11  0.2744E-11
CALSDV   41   32  0.3135E-11  0.3136E-11
CALSDV   42   32  0.2737E-11  0.2738E-11
CALSDV   43   32  0.2780E-11  0.2782E-11
CALSDV   44   32  0.2794E-11  0.2795E-11
CALSDV   45   32  0.2572E-11  0.2575E-11
CALSDV   46   32  0.2838E-11  0.2840E-11
CALSDV   47   32  0.2553E-11  0.2556E-11
CALSDV   48   32  0.2869E-11  0.2873E-11
CALSDV   49   32  0.2657E-11  0.2662E-11
CALSDV   50   32  0.2902E-11  0.2906E-11
CALSDV   51   32  0.2800E-11  0.2803E-11
CALSDV   52   32  0.2943E-11  0.2945E-11
CALSDV   53   32  0.2919E-11  0.2921E-11
CALSDV   54   32  0.2982E-11  0.2982E-11
CALSDV   55   32  0.2981E-11  0.2980E-11
CALSDV   56   32  0.3002E-11  0.3001E-11
CALSDV   57   32  0.2965E-11  0.2964E-11
CALSDV   58   32  0.2985E-11  0.2985E-11
CALSDV   59   32  0.2914E-11  0.2914E-11
CALSDV   60   32  0.2959E-11  0.2958E-11
CALSDV   33   33  0.3677E-11  0.3707E-11
CALSDV   34   33  0.5154E-11  0.5143E-11
CALSDV   35   33  0.4945E-11  0.4938E-11
CALSDV   36   33  0.2982E-11  0.2976E-11
CALSDV   37   33  0.4143E-11  0.4141E-11
CALSDV   38   33  0.3463E-11  0.3452E-11
CALSDV   39   33  0.3115E-11  0.3111E-11
CALSDV   40   33  0.3503E-11  0.3493E-11
CALSDV   41   33  0.2719E-11  0.2714E-11
CALSDV   42   33  0.3186E-11  0.3178E-11
CALSDV   43   33  0.2812E-11  0.2809E-11
CALSDV   44   33  0.2854E-11  0.2848E-11
CALSDV   45   33  0.3035E-11  0.3031E-11
CALSDV   46   33  0.2695E-11  0.2691E-11
CALSDV   47   33  0.3220E-11  0.3216E-11
CALSDV   48   33  0.2730E-11  0.2727E-11
CALSDV   49   33  0.3332E-11  0.3329E-11
CALSDV   50   33  0.2875E-11  0.2874E-11
CALSDV   51   33  0.3377E-11  0.3376E-11
CALSDV   52   33  0.3040E-11  0.3038E-11
CALSDV   53   33  0.3365E-11  0.3365E-11
CALSDV   54   33  0.3163E-11  0.3162E-11
CALSDV   55   33  0.3299E-11  0.3295E-11
CALSDV   56   33  0.3215E-11  0.3211E-11
CALSDV   57   33  0.3174E-11  0.3172E-11
CALSDV   58   33  0.3179E-11  0.3176E-11
CALSDV   59   33  0.3035E-11  0.3033E-11
CALSDV   60   33  0.3099E-11  0.3097E-11
CALSDV   34   34  0.3441E-11  0.3450E-11
CALSDV   35   34  0.5104E-11  0.5099E-11
CALSDV   36   34  0.4783E-11  0.4769E-11
CALSDV   37   34  0.3023E-11  0.3026E-11
CALSDV   38   34  0.3985E-11  0.3971E-11
CALSDV   39   34  0.3630E-11  0.3640E-11
CALSDV   40   34  0.3154E-11  0.3151E-11
CALSDV   41   34  0.3691E-11  0.3705E-11
CALSDV   42   34  0.2873E-11  0.2874E-11
CALSDV   43   34  0.3365E-11  0.3383E-11
CALSDV   44   34  0.2880E-11  0.2875E-11
CALSDV   45   34  0.3019E-11  0.3041E-11
CALSDV   46   34  0.2935E-11  0.2925E-11
CALSDV   47   34  0.2846E-11  0.2871E-11
CALSDV   48   34  0.2975E-11  0.2961E-11
CALSDV   49   34  0.2862E-11  0.2886E-11
CALSDV   50   34  0.3012E-11  0.2994E-11
CALSDV   51   34  0.2981E-11  0.2999E-11
CALSDV   52   34  0.3057E-11  0.3040E-11
CALSDV   53   34  0.3106E-11  0.3118E-11
CALSDV   54   34  0.3108E-11  0.3093E-11
CALSDV   55   34  0.3174E-11  0.3182E-11
CALSDV   56   34  0.3142E-11  0.3130E-11
CALSDV   57   34  0.3151E-11  0.3155E-11
CALSDV   58   34  0.3130E-11  0.3123E-11
CALSDV   59   34  0.3059E-11  0.3062E-11
CALSDV   60   34  0.3082E-11  0.3078E-11
CALSDV   35   35  0.3710E-11  0.3672E-11
CALSDV   36   35  0.5298E-11  0.5306E-11
CALSDV   37   35  0.5248E-11  0.5254E-11
CALSDV   38   35  0.3127E-11  0.3134E-11
CALSDV   39   35  0.4376E-11  0.4377E-11
CALSDV   40   35  0.3684E-11  0.3686E-11
CALSDV   41   35  0.3297E-11  0.3297E-11
CALSDV   42   35  0.3694E-11  0.3693E-11
CALSDV   43   35  0.2900E-11  0.2899E-11
CALSDV   44   35  0.3340E-11  0.3335E-11
CALSDV   45   35  0.3000E-11  0.3000E-11
CALSDV   46   35  0.3015E-11  0.3008E-11
CALSDV   47   35  0.3220E-11  0.3222E-11
CALSDV   48   35  0.2911E-11  0.2907E-11
CALSDV   49   35  0.3397E-11  0.3398E-11
CALSDV   50   35  0.3010E-11  0.3006E-11
CALSDV   51   35  0.3496E-11  0.3498E-11
CALSDV   52   35  0.3191E-11  0.3188E-11
CALSDV   53   35  0.3523E-11  0.3524E-11
CALSDV   54   35  0.3349E-11  0.3347E-11
CALSDV   55   35  0.3475E-11  0.3476E-11
CALSDV   56   35  0.3423E-11  0.3420E-11
CALSDV   57   35  0.3350E-11  0.3350E-11
CALSDV   58   35  0.3384E-11  0.3380E-11
CALSDV   59   35  0.3174E-11  0.3174E-11
CALSDV   60   35  0.3258E-11  0.3257E-11
CALSDV   36   36  0.3620E-11  0.3618E-11
CALSDV   37   36  0.5259E-11  0.5260E-11
CALSDV   38   36  0.5032E-11  0.5033E-11
CALSDV   39   36  0.3184E-11  0.3183E-11
CALSDV   40   36  0.4143E-11  0.4143E-11
CALSDV   41   36  0.3884E-11  0.3879E-11
CALSDV   42   36  0.3304E-11  0.3298E-11
CALSDV   43   36  0.3954E-11  0.3949E-11
CALSDV   44   36  0.3070E-11  0.3067E-11
CALSDV   45   36  0.3642E-11  0.3641E-11
CALSDV   46   36  0.3111E-11  0.3110E-11
CALSDV   47   36  0.3348E-11  0.3345E-11
CALSDV   48   36  0.3177E-11  0.3178E-11
CALSDV   49   36  0.3239E-11  0.3237E-11
CALSDV   50   36  0.3219E-11  0.3221E-11
CALSDV   51   36  0.3286E-11  0.3287E-11
CALSDV   52   36  0.3258E-11  0.3259E-11
CALSDV   53   36  0.3387E-11  0.3385E-11
CALSDV   54   36  0.3300E-11  0.3301E-11
CALSDV   55   36  0.3440E-11  0.3438E-11
CALSDV   56   36  0.3329E-11  0.3329E-11
CALSDV   57   36  0.3389E-11  0.3387E-11
CALSDV   58   36  0.3308E-11  0.3309E-11
CALSDV   59   36  0.3236E-11  0.3234E-11
CALSDV   60   36  0.3225E-11  0.3224E-11
CALSDV   37   37  0.3482E-11  0.3493E-11
CALSDV   38   37  0.5470E-11  0.5463E-11
CALSDV   39   37  0.5549E-11  0.5546E-11
CALSDV   40   37  0.3320E-11  0.3321E-11
CALSDV   41   37  0.4585E-11  0.4580E-11
CALSDV   42   37  0.3923E-11  0.3929E-11
CALSDV   43   37  0.3455E-11  0.3460E-11
CALSDV   44   37  0.3873E-11  0.3872E-11
CALSDV   45   37  0.3064E-11  0.3069E-11
CALSDV   46   37  0.3461E-11  0.3454E-11
CALSDV   47   37  0.3167E-11  0.3166E-11
CALSDV   48   37  0.3138E-11  0.3130E-11
CALSDV   49   37  0.3372E-11  0.3372E-11
CALSDV   50   37  0.3089E-11  0.3090E-11
CALSDV   51   37  0.3530E-11  0.3531E-11
CALSDV   52   37  0.3252E-11  0.3247E-11
CALSDV   53   37  0.3610E-11  0.3611E-11
CALSDV   54   37  0.3454E-11  0.3450E-11
CALSDV   55   37  0.3606E-11  0.3606E-11
CALSDV   56   37  0.3577E-11  0.3576E-11
CALSDV   57   37  0.3501E-11  0.3503E-11
CALSDV   58   37  0.3562E-11  0.3562E-11
CALSDV   59   37  0.3305E-11  0.3308E-11
CALSDV   60   37  0.3409E-11  0.3412E-11
CALSDV   38   38  0.3703E-11  0.3726E-11
CALSDV   39   38  0.5417E-11  0.5431E-11
CALSDV   40   38  0.5274E-11  0.5301E-11
CALSDV   41   38  0.3360E-11  0.3378E-11
CALSDV   42   38  0.4290E-11  0.4316E-11
CALSDV   43   38  0.4109E-11  0.4128E-11
CALSDV   44   38  0.3443E-11  0.3463E-11
CALSDV   45   38  0.4154E-11  0.4169E-11
CALSDV   46   38  0.3256E-11  0.3274E-11
CALSDV   47   38  0.3852E-11  0.3856E-11
CALSDV   48   38  0.3324E-11  0.3335E-11
CALSDV   49   38  0.3616E-11  0.3609E-11
CALSDV   50   38  0.3394E-11  0.3400E-11
CALSDV   51   38  0.3575E-11  0.3563E-11
CALSDV   52   38  0.3439E-11  0.3441E-11
CALSDV   53   38  0.3648E-11  0.3632E-11
CALSDV   54   38  0.3478E-11  0.3477E-11
CALSDV   55   38  0.3701E-11  0.3687E-11
CALSDV   56   38  0.3506E-11  0.3506E-11
CALSDV   57   38  0.3633E-11  0.3628E-11
CALSDV   58   38  0.3481E-11  0.3484E-11
CALSDV   59   38  0.3420E-11  0.3422E-11
CALSDV   60   38  0.3367E-11  0.3373E-11
CALSDV   39   39  0.3550E-11  0.3524E-11
CALSDV   40   39  0.5627E-11  0.5649E-11
CALSDV   41   39  0.5879E-11  0.5871E-11
CALSDV   42   39  0.3572E-11  0.3574E-11
CALSDV   43   39  0.4794E-11  0.4782E-11
CALSDV   44   39  0.4201E-11  0.4211E-11
CALSDV   45   39  0.3610E-11  0.3608E-11
CALSDV   46   39  0.4062E-11  0.4068E-11
CALSDV   47   39  0.3252E-11  0.3253E-11
CALSDV   48   39  0.3584E-11  0.3586E-11
CALSDV   49   39  0.3392E-11  0.3394E-11
CALSDV   50   39  0.3279E-11  0.3273E-11
CALSDV   51   39  0.3609E-11  0.3609E-11
CALSDV   52   39  0.3308E-11  0.3298E-11
CALSDV   53   39  0.3754E-11  0.3753E-11
CALSDV   54   39  0.3517E-11  0.3509E-11
CALSDV   55   39  0.3793E-11  0.3789E-11
CALSDV   56   39  0.3702E-11  0.3697E-11
CALSDV   57   39  0.3702E-11  0.3698E-11
CALSDV   58   39  0.3735E-11  0.3729E-11
CALSDV   59   39  0.3471E-11  0.3469E-11
CALSDV   60   39  0.3568E-11  0.3568E-11
CALSDV   40   40  0.3921E-11  0.3936E-11
CALSDV   41   40  0.5710E-11  0.5704E-11
CALSDV   42   40  0.5821E-11  0.5807E-11
CALSDV   43   40  0.3658E-11  0.3651E-11
CALSDV   44   40  0.4656E-11  0.4646E-11
CALSDV   45   40  0.4405E-11  0.4410E-11
CALSDV   46   40  0.3660E-11  0.3654E-11
CALSDV   47   40  0.4440E-11  0.4447E-11
CALSDV   48   40  0.3543E-11  0.3539E-11
CALSDV   49   40  0.4185E-11  0.4188E-11
CALSDV   50   40  0.3766E-11  0.3762E-11
CALSDV   51   40  0.4033E-11  0.4031E-11
CALSDV   52   40  0.3953E-11  0.3949E-11
CALSDV   53   40  0.4035E-11  0.4031E-11
CALSDV   54   40  0.4033E-11  0.4030E-11
CALSDV   55   40  0.4056E-11  0.4051E-11
CALSDV   56   40  0.4017E-11  0.4014E-11
CALSDV   57   40  0.3950E-11  0.3951E-11
CALSDV   58   40  0.3890E-11  0.3891E-11
CALSDV   59   40  0.3656E-11  0.3654E-11
CALSDV   60   40  0.3640E-11  0.3638E-11
CALSDV   41   41  0.3820E-11  0.3826E-11
CALSDV   42   41  0.5870E-11  0.5866E-11
CALSDV   43   41  0.6246E-11  0.6248E-11
CALSDV   44   41  0.3942E-11  0.3938E-11
CALSDV   45   41  0.5002E-11  0.5006E-11
CALSDV   46   41  0.4575E-11  0.4579E-11
CALSDV   47   41  0.3785E-11  0.3779E-11
CALSDV   48   41  0.4339E-11  0.4350E-11
CALSDV   49   41  0.3511E-11  0.3503E-11
CALSDV   50   41  0.3811E-11  0.3826E-11
CALSDV   51   41  0.3716E-11  0.3713E-11
CALSDV   52   41  0.3541E-11  0.3556E-11
CALSDV   53   41  0.3936E-11  0.3937E-11
CALSDV   54   41  0.3627E-11  0.3637E-11
CALSDV   55   41  0.4026E-11  0.4029E-11
CALSDV   56   41  0.3826E-11  0.3835E-11
CALSDV   57   41  0.3944E-11  0.3949E-11
CALSDV   58   41  0.3903E-11  0.3911E-11
CALSDV   59   41  0.3666E-11  0.3668E-11
CALSDV   60   41  0.3736E-11  0.3739E-11
CALSDV   42   42  0.4120E-11  0.4078E-11
CALSDV   43   42  0.6014E-11  0.6028E-11
CALSDV   44   42  0.6486E-11  0.6493E-11
CALSDV   45   42  0.3992E-11  0.4025E-11
CALSDV   46   42  0.5067E-11  0.5068E-11
CALSDV   47   42  0.4686E-11  0.4703E-11
CALSDV   48   42  0.3868E-11  0.3862E-11
CALSDV   49   42  0.4646E-11  0.4652E-11
CALSDV   50   42  0.3870E-11  0.3863E-11
CALSDV   51   42  0.4382E-11  0.4382E-11
CALSDV   52   42  0.4296E-11  0.4295E-11
CALSDV   53   42  0.4264E-11  0.4263E-11
CALSDV   54   42  0.4585E-11  0.4587E-11
CALSDV   55   42  0.4264E-11  0.4261E-11
CALSDV   56   42  0.4626E-11  0.4625E-11
CALSDV   57   42  0.4178E-11  0.4175E-11
CALSDV   58   42  0.4421E-11  0.4419E-11
CALSDV   59   42  0.3853E-11  0.3853E-11
CALSDV   60   42  0.3988E-11  0.3987E-11
CALSDV   43   43  0.4069E-11  0.4028E-11
CALSDV   44   43  0.6090E-11  0.6071E-11
CALSDV   45   43  0.6646E-11  0.6640E-11
CALSDV   46   43  0.4280E-11  0.4277E-11
CALSDV   47   43  0.5187E-11  0.5186E-11
CALSDV   48   43  0.4888E-11  0.4884E-11
CALSDV   49   43  0.3952E-11  0.3948E-11
CALSDV   50   43  0.4554E-11  0.4548E-11
CALSDV   51   43  0.3823E-11  0.3817E-11
CALSDV   52   43  0.4019E-11  0.4011E-11
CALSDV   53   43  0.4115E-11  0.4108E-11
CALSDV   54   43  0.3831E-11  0.3823E-11
CALSDV   55   43  0.4304E-11  0.4295E-11
CALSDV   56   43  0.3962E-11  0.3955E-11
CALSDV   57   43  0.4250E-11  0.4243E-11
CALSDV   58   43  0.4075E-11  0.4072E-11
CALSDV   59   43  0.3909E-11  0.3905E-11
CALSDV   60   43  0.3912E-11  0.3910E-11
CALSDV   44   44  0.4235E-11  0.4222E-11
CALSDV   45   44  0.6408E-11  0.6401E-11
CALSDV   46   44  0.6989E-11  0.6984E-11
CALSDV   47   44  0.4446E-11  0.4430E-11
CALSDV   48   44  0.5334E-11  0.5330E-11
CALSDV   49   44  0.5065E-11  0.5055E-11
CALSDV   50   44  0.4063E-11  0.4059E-11
CALSDV   51   44  0.4962E-11  0.4953E-11
CALSDV   52   44  0.4187E-11  0.4189E-11
CALSDV   53   44  0.4698E-11  0.4697E-11
CALSDV   54   44  0.4684E-11  0.4688E-11
CALSDV   55   44  0.4572E-11  0.4578E-11
CALSDV   56   44  0.4917E-11  0.4920E-11
CALSDV   57   44  0.4451E-11  0.4457E-11
CALSDV   58   44  0.4777E-11  0.4776E-11
CALSDV   59   44  0.4082E-11  0.4084E-11
CALSDV   60   44  0.4273E-11  0.4271E-11
CALSDV   45   45  0.4685E-11  0.4706E-11
CALSDV   46   45  0.6422E-11  0.6464E-11
CALSDV   47   45  0.7131E-11  0.7160E-11
CALSDV   48   45  0.4647E-11  0.4662E-11
CALSDV   49   45  0.5410E-11  0.5415E-11
CALSDV   50   45  0.5205E-11  0.5221E-11
CALSDV   51   45  0.4312E-11  0.4315E-11
CALSDV   52   45  0.4846E-11  0.4881E-11
CALSDV   53   45  0.4472E-11  0.4470E-11
CALSDV   54   45  0.4391E-11  0.4439E-11
CALSDV   55   45  0.4809E-11  0.4796E-11
CALSDV   56   45  0.4284E-11  0.4325E-11
CALSDV   57   45  0.4778E-11  0.4765E-11
CALSDV   58   45  0.4332E-11  0.4352E-11
CALSDV   59   45  0.4291E-11  0.4285E-11
CALSDV   60   45  0.4132E-11  0.4144E-11
CALSDV   46   46  0.4718E-11  0.4760E-11
CALSDV   47   46  0.6991E-11  0.7052E-11
CALSDV   48   46  0.7373E-11  0.7458E-11
CALSDV   49   46  0.5082E-11  0.5184E-11
CALSDV   50   46  0.5723E-11  0.5725E-11
CALSDV   51   46  0.5645E-11  0.5748E-11
CALSDV   52   46  0.4494E-11  0.4495E-11
CALSDV   53   46  0.5482E-11  0.5567E-11
CALSDV   54   46  0.4562E-11  0.4556E-11
CALSDV   55   46  0.5151E-11  0.5210E-11
CALSDV   56   46  0.4913E-11  0.4883E-11
CALSDV   57   46  0.4864E-11  0.4877E-11
CALSDV   58   46  0.4936E-11  0.4886E-11
CALSDV   59   46  0.4363E-11  0.4378E-11
CALSDV   60   46  0.4466E-11  0.4453E-11
CALSDV   47   47  0.4489E-11  0.4471E-11
CALSDV   48   47  0.6673E-11  0.6687E-11
CALSDV   49   47  0.7455E-11  0.7447E-11
CALSDV   50   47  0.5047E-11  0.5050E-11
CALSDV   51   47  0.5443E-11  0.5437E-11
CALSDV   52   47  0.5512E-11  0.5544E-11
CALSDV   53   47  0.4479E-11  0.4467E-11
CALSDV   54   47  0.5089E-11  0.5154E-11
CALSDV   55   47  0.4803E-11  0.4801E-11
CALSDV   56   47  0.4702E-11  0.4771E-11
CALSDV   57   47  0.5016E-11  0.5014E-11
CALSDV   58   47  0.4595E-11  0.4647E-11
CALSDV   59   47  0.4589E-11  0.4583E-11
CALSDV   60   47  0.4363E-11  0.4381E-11
CALSDV   48   48  0.4421E-11  0.4418E-11
CALSDV   49   48  0.7025E-11  0.7040E-11
CALSDV   50   48  0.7749E-11  0.7765E-11
CALSDV   51   48  0.5086E-11  0.5093E-11
CALSDV   52   48  0.5509E-11  0.5520E-11
CALSDV   53   48  0.5431E-11  0.5427E-11
CALSDV   54   48  0.4482E-11  0.4478E-11
CALSDV   55   48  0.5152E-11  0.5150E-11
CALSDV   56   48  0.4985E-11  0.4988E-11
CALSDV   57   48  0.4875E-11  0.4877E-11
CALSDV   58   48  0.5312E-11  0.5320E-11
CALSDV   59   48  0.4490E-11  0.4498E-11
CALSDV   60   48  0.4873E-11  0.4880E-11
CALSDV   49   49  0.4065E-11  0.4067E-11
CALSDV   50   49  0.6898E-11  0.6916E-11
CALSDV   51   49  0.7591E-11  0.7605E-11
CALSDV   52   49  0.5361E-11  0.5364E-11
CALSDV   53   49  0.5275E-11  0.5284E-11
CALSDV   54   49  0.5847E-11  0.5863E-11
CALSDV   55   49  0.4559E-11  0.4564E-11
CALSDV   56   49  0.5470E-11  0.5493E-11
CALSDV   57   49  0.4970E-11  0.4978E-11
CALSDV   58   49  0.5099E-11  0.5114E-11
CALSDV   59   49  0.4801E-11  0.4809E-11
CALSDV   60   49  0.4685E-11  0.4694E-11
CALSDV   50   50  0.4273E-11  0.4259E-11
CALSDV   51   50  0.7542E-11  0.7536E-11
CALSDV   52   50  0.7991E-11  0.7987E-11
CALSDV   53   50  0.5396E-11  0.5389E-11
CALSDV   54   50  0.5445E-11  0.5440E-11
CALSDV   55   50  0.5943E-11  0.5930E-11
CALSDV   56   50  0.4770E-11  0.4757E-11
CALSDV   57   50  0.5711E-11  0.5704E-11
CALSDV   58   50  0.5320E-11  0.5306E-11
CALSDV   59   50  0.5035E-11  0.5027E-11
CALSDV   60   50  0.5140E-11  0.5129E-11
CALSDV   51   51  0.3882E-11  0.3857E-11
CALSDV   52   51  0.7458E-11  0.7495E-11
CALSDV   53   51  0.7658E-11  0.7666E-11
CALSDV   54   51  0.5745E-11  0.5746E-11
CALSDV   55   51  0.5177E-11  0.5182E-11
CALSDV   56   51  0.6396E-11  0.6425E-11
CALSDV   57   51  0.4936E-11  0.4932E-11
CALSDV   58   51  0.6048E-11  0.6086E-11
CALSDV   59   51  0.5046E-11  0.5041E-11
CALSDV   60   51  0.5271E-11  0.5291E-11
CALSDV   52   52  0.3961E-11  0.3952E-11
CALSDV   53   52  0.7824E-11  0.7817E-11
CALSDV   54   52  0.7959E-11  0.7965E-11
CALSDV   55   52  0.5694E-11  0.5705E-11
CALSDV   56   52  0.5206E-11  0.5218E-11
CALSDV   57   52  0.6324E-11  0.6332E-11
CALSDV   58   52  0.5071E-11  0.5088E-11
CALSDV   59   52  0.5656E-11  0.5662E-11
CALSDV   60   52  0.5299E-11  0.5310E-11
CALSDV   53   53  0.3488E-11  0.3474E-11
CALSDV   54   53  0.7787E-11  0.7825E-11
CALSDV   55   53  0.7500E-11  0.7485E-11
CALSDV   56   53  0.6113E-11  0.6132E-11
CALSDV   57   53  0.5172E-11  0.5173E-11
CALSDV   58   53  0.6754E-11  0.6829E-11
CALSDV   59   53  0.5203E-11  0.5200E-11
CALSDV   60   53  0.5945E-11  0.6001E-11
CALSDV   54   54  0.3681E-11  0.3651E-11
CALSDV   55   54  0.7511E-11  0.7500E-11
CALSDV   56   54  0.7612E-11  0.7617E-11
CALSDV   57   54  0.6148E-11  0.6134E-11
CALSDV   58   54  0.5057E-11  0.5063E-11
CALSDV   59   54  0.6357E-11  0.6351E-11
CALSDV   60   54  0.5366E-11  0.5364E-11
CALSDV   55   55  0.3929E-11  0.3897E-11
CALSDV   56   55  0.7708E-11  0.7731E-11
CALSDV   57   55  0.7501E-11  0.7500E-11
CALSDV   58   55  0.6758E-11  0.6765E-11
CALSDV   59   55  0.5787E-11  0.5785E-11
CALSDV   60   55  0.6962E-11  0.6964E-11
CALSDV   56   56  0.3967E-11  0.3942E-11
CALSDV   57   56  0.6528E-11  0.6532E-11
CALSDV   58   56  0.7434E-11  0.7473E-11
CALSDV   59   56  0.6803E-11  0.6824E-11
CALSDV   60   56  0.5715E-11  0.5730E-11
CALSDV   57   57  0.4539E-11  0.4474E-11
CALSDV   58   57  0.6680E-11  0.6683E-11
CALSDV   59   57  0.8165E-11  0.8169E-11
CALSDV   60   57  0.7220E-11  0.7216E-11
CALSDV   58   58  0.4465E-11  0.4487E-11
CALSDV   59   58  0.5482E-11  0.5471E-11
CALSDV   60   58  0.8294E-11  0.8258E-11
CALSDV   59   59  0.3687E-11  0.3761E-11
CALSDV   60   59  0.5773E-11  0.5785E-11
CALSDV   60   60  0.4821E-11  0.4834E-11
