  This file contains calibrated standard deviations 
       The relevant data lines start with key CALSDV 
       Each such line contains the following data 
           N   M   C_SIGMA   S_SIGMA 
                 FOR M=0 S_SIGMA=0.0 
     
CALSDV    0    0  0.0000E+00  0.0000E+00
CALSDV    1    0  0.0000E+00  0.0000E+00
CALSDV    2    0  0.4893E-10  0.0000E+00
CALSDV    3    0  0.9271E-11  0.0000E+00
CALSDV    4    0  0.4286E-11  0.0000E+00
CALSDV    5    0  0.2905E-11  0.0000E+00
CALSDV    6    0  0.2253E-11  0.0000E+00
CALSDV    7    0  0.1827E-11  0.0000E+00
CALSDV    8    0  0.1565E-11  0.0000E+00
CALSDV    9    0  0.1368E-11  0.0000E+00
CALSDV   10    0  0.1233E-11  0.0000E+00
CALSDV   11    0  0.1126E-11  0.0000E+00
CALSDV   12    0  0.1046E-11  0.0000E+00
CALSDV   13    0  0.9838E-12  0.0000E+00
CALSDV   14    0  0.9333E-12  0.0000E+00
CALSDV   15    0  0.8956E-12  0.0000E+00
CALSDV   16    0  0.8662E-12  0.0000E+00
CALSDV   17    0  0.8419E-12  0.0000E+00
CALSDV   18    0  0.8247E-12  0.0000E+00
CALSDV   19    0  0.8107E-12  0.0000E+00
CALSDV   20    0  0.8025E-12  0.0000E+00
CALSDV   21    0  0.7969E-12  0.0000E+00
CALSDV   22    0  0.7945E-12  0.0000E+00
CALSDV   23    0  0.7953E-12  0.0000E+00
CALSDV   24    0  0.7984E-12  0.0000E+00
CALSDV   25    0  0.8038E-12  0.0000E+00
CALSDV   26    0  0.8121E-12  0.0000E+00
CALSDV   27    0  0.8226E-12  0.0000E+00
CALSDV   28    0  0.8342E-12  0.0000E+00
CALSDV   29    0  0.8489E-12  0.0000E+00
CALSDV   30    0  0.8655E-12  0.0000E+00
CALSDV   31    0  0.8835E-12  0.0000E+00
CALSDV   32    0  0.9044E-12  0.0000E+00
CALSDV   33    0  0.9271E-12  0.0000E+00
CALSDV   34    0  0.9509E-12  0.0000E+00
CALSDV   35    0  0.9787E-12  0.0000E+00
CALSDV   36    0  0.1007E-11  0.0000E+00
CALSDV   37    0  0.1039E-11  0.0000E+00
CALSDV   38    0  0.1072E-11  0.0000E+00
CALSDV   39    0  0.1108E-11  0.0000E+00
CALSDV   40    0  0.1147E-11  0.0000E+00
CALSDV   41    0  0.1189E-11  0.0000E+00
CALSDV   42    0  0.1233E-11  0.0000E+00
CALSDV   43    0  0.1280E-11  0.0000E+00
CALSDV   44    0  0.1330E-11  0.0000E+00
CALSDV   45    0  0.1383E-11  0.0000E+00
CALSDV   46    0  0.1441E-11  0.0000E+00
CALSDV   47    0  0.1501E-11  0.0000E+00
CALSDV   48    0  0.1566E-11  0.0000E+00
CALSDV   49    0  0.1633E-11  0.0000E+00
CALSDV   50    0  0.1707E-11  0.0000E+00
CALSDV   51    0  0.1783E-11  0.0000E+00
CALSDV   52    0  0.1866E-11  0.0000E+00
CALSDV   53    0  0.1952E-11  0.0000E+00
CALSDV   54    0  0.2045E-11  0.0000E+00
CALSDV   55    0  0.2140E-11  0.0000E+00
CALSDV   56    0  0.2244E-11  0.0000E+00
CALSDV   57    0  0.2346E-11  0.0000E+00
CALSDV   58    0  0.2456E-11  0.0000E+00
CALSDV   59    0  0.2328E-11  0.0000E+00
CALSDV   60    0  0.2415E-11  0.0000E+00
CALSDV    1    1  0.0000E+00  0.0000E+00
CALSDV    2    1  0.2627E-10  0.2656E-10
CALSDV    3    1  0.8592E-11  0.8545E-11
CALSDV    4    1  0.4495E-11  0.4469E-11
CALSDV    5    1  0.3100E-11  0.3097E-11
CALSDV    6    1  0.2330E-11  0.2335E-11
CALSDV    7    1  0.1903E-11  0.1908E-11
CALSDV    8    1  0.1600E-11  0.1605E-11
CALSDV    9    1  0.1404E-11  0.1409E-11
CALSDV   10    1  0.1252E-11  0.1256E-11
CALSDV   11    1  0.1145E-11  0.1148E-11
CALSDV   12    1  0.1060E-11  0.1064E-11
CALSDV   13    1  0.9949E-12  0.9970E-12
CALSDV   14    1  0.9441E-12  0.9483E-12
CALSDV   15    1  0.9040E-12  0.9063E-12
CALSDV   16    1  0.8718E-12  0.8742E-12
CALSDV   17    1  0.8481E-12  0.8510E-12
CALSDV   18    1  0.8289E-12  0.8317E-12
CALSDV   19    1  0.8165E-12  0.8181E-12
CALSDV   20    1  0.8054E-12  0.8087E-12
CALSDV   21    1  0.8005E-12  0.8026E-12
CALSDV   22    1  0.7974E-12  0.8003E-12
CALSDV   23    1  0.7980E-12  0.8002E-12
CALSDV   24    1  0.8005E-12  0.8033E-12
CALSDV   25    1  0.8063E-12  0.8090E-12
CALSDV   26    1  0.8139E-12  0.8164E-12
CALSDV   27    1  0.8236E-12  0.8266E-12
CALSDV   28    1  0.8361E-12  0.8391E-12
CALSDV   29    1  0.8504E-12  0.8530E-12
CALSDV   30    1  0.8661E-12  0.8696E-12
CALSDV   31    1  0.8854E-12  0.8880E-12
CALSDV   32    1  0.9048E-12  0.9083E-12
CALSDV   33    1  0.9274E-12  0.9309E-12
CALSDV   34    1  0.9522E-12  0.9558E-12
CALSDV   35    1  0.9782E-12  0.9820E-12
CALSDV   36    1  0.1008E-11  0.1012E-11
CALSDV   37    1  0.1038E-11  0.1042E-11
CALSDV   38    1  0.1072E-11  0.1077E-11
CALSDV   39    1  0.1108E-11  0.1112E-11
CALSDV   40    1  0.1147E-11  0.1151E-11
CALSDV   41    1  0.1188E-11  0.1193E-11
CALSDV   42    1  0.1232E-11  0.1237E-11
CALSDV   43    1  0.1279E-11  0.1284E-11
CALSDV   44    1  0.1329E-11  0.1334E-11
CALSDV   45    1  0.1383E-11  0.1388E-11
CALSDV   46    1  0.1439E-11  0.1445E-11
CALSDV   47    1  0.1500E-11  0.1506E-11
CALSDV   48    1  0.1564E-11  0.1570E-11
CALSDV   49    1  0.1632E-11  0.1639E-11
CALSDV   50    1  0.1705E-11  0.1712E-11
CALSDV   51    1  0.1782E-11  0.1789E-11
CALSDV   52    1  0.1864E-11  0.1871E-11
CALSDV   53    1  0.1950E-11  0.1958E-11
CALSDV   54    1  0.2043E-11  0.2051E-11
CALSDV   55    1  0.2138E-11  0.2147E-11
CALSDV   56    1  0.2242E-11  0.2251E-11
CALSDV   57    1  0.2343E-11  0.2353E-11
CALSDV   58    1  0.2454E-11  0.2463E-11
CALSDV   59    1  0.2329E-11  0.2340E-11
CALSDV   60    1  0.2416E-11  0.2426E-11
CALSDV    2    2  0.2442E-10  0.2770E-10
CALSDV    3    2  0.1312E-10  0.1299E-10
CALSDV    4    2  0.6257E-11  0.6252E-11
CALSDV    5    2  0.3887E-11  0.3877E-11
CALSDV    6    2  0.2865E-11  0.2866E-11
CALSDV    7    2  0.2210E-11  0.2207E-11
CALSDV    8    2  0.1837E-11  0.1837E-11
CALSDV    9    2  0.1559E-11  0.1558E-11
CALSDV   10    2  0.1380E-11  0.1381E-11
CALSDV   11    2  0.1238E-11  0.1237E-11
CALSDV   12    2  0.1136E-11  0.1137E-11
CALSDV   13    2  0.1057E-11  0.1056E-11
CALSDV   14    2  0.9947E-12  0.9950E-12
CALSDV   15    2  0.9481E-12  0.9475E-12
CALSDV   16    2  0.9108E-12  0.9111E-12
CALSDV   17    2  0.8806E-12  0.8803E-12
CALSDV   18    2  0.8589E-12  0.8589E-12
CALSDV   19    2  0.8412E-12  0.8408E-12
CALSDV   20    2  0.8294E-12  0.8297E-12
CALSDV   21    2  0.8214E-12  0.8213E-12
CALSDV   22    2  0.8169E-12  0.8171E-12
CALSDV   23    2  0.8159E-12  0.8156E-12
CALSDV   24    2  0.8175E-12  0.8171E-12
CALSDV   25    2  0.8217E-12  0.8215E-12
CALSDV   26    2  0.8286E-12  0.8284E-12
CALSDV   27    2  0.8377E-12  0.8380E-12
CALSDV   28    2  0.8490E-12  0.8487E-12
CALSDV   29    2  0.8630E-12  0.8628E-12
CALSDV   30    2  0.8787E-12  0.8784E-12
CALSDV   31    2  0.8963E-12  0.8959E-12
CALSDV   32    2  0.9162E-12  0.9164E-12
CALSDV   33    2  0.9386E-12  0.9384E-12
CALSDV   34    2  0.9623E-12  0.9622E-12
CALSDV   35    2  0.9897E-12  0.9895E-12
CALSDV   36    2  0.1017E-11  0.1017E-11
CALSDV   37    2  0.1049E-11  0.1049E-11
CALSDV   38    2  0.1082E-11  0.1082E-11
CALSDV   39    2  0.1118E-11  0.1118E-11
CALSDV   40    2  0.1156E-11  0.1156E-11
CALSDV   41    2  0.1198E-11  0.1198E-11
CALSDV   42    2  0.1242E-11  0.1242E-11
CALSDV   43    2  0.1289E-11  0.1289E-11
CALSDV   44    2  0.1339E-11  0.1339E-11
CALSDV   45    2  0.1392E-11  0.1392E-11
CALSDV   46    2  0.1449E-11  0.1449E-11
CALSDV   47    2  0.1510E-11  0.1510E-11
CALSDV   48    2  0.1574E-11  0.1574E-11
CALSDV   49    2  0.1642E-11  0.1642E-11
CALSDV   50    2  0.1716E-11  0.1715E-11
CALSDV   51    2  0.1792E-11  0.1792E-11
CALSDV   52    2  0.1875E-11  0.1875E-11
CALSDV   53    2  0.1961E-11  0.1962E-11
CALSDV   54    2  0.2054E-11  0.2054E-11
CALSDV   55    2  0.2151E-11  0.2150E-11
CALSDV   56    2  0.2254E-11  0.2254E-11
CALSDV   57    2  0.2358E-11  0.2359E-11
CALSDV   58    2  0.2470E-11  0.2469E-11
CALSDV   59    2  0.2365E-11  0.2365E-11
CALSDV   60    2  0.2451E-11  0.2450E-11
CALSDV    3    3  0.2953E-10  0.2909E-10
CALSDV    4    3  0.1190E-10  0.1184E-10
CALSDV    5    3  0.8284E-11  0.8206E-11
CALSDV    6    3  0.4333E-11  0.4346E-11
CALSDV    7    3  0.4023E-11  0.4001E-11
CALSDV    8    3  0.2482E-11  0.2485E-11
CALSDV    9    3  0.2460E-11  0.2451E-11
CALSDV   10    3  0.1727E-11  0.1729E-11
CALSDV   11    3  0.1740E-11  0.1735E-11
CALSDV   12    3  0.1351E-11  0.1354E-11
CALSDV   13    3  0.1362E-11  0.1360E-11
CALSDV   14    3  0.1139E-11  0.1139E-11
CALSDV   15    3  0.1147E-11  0.1146E-11
CALSDV   16    3  0.1011E-11  0.1012E-11
CALSDV   17    3  0.1020E-11  0.1019E-11
CALSDV   18    3  0.9330E-12  0.9329E-12
CALSDV   19    3  0.9425E-12  0.9425E-12
CALSDV   20    3  0.8878E-12  0.8873E-12
CALSDV   21    3  0.8980E-12  0.8979E-12
CALSDV   22    3  0.8636E-12  0.8636E-12
CALSDV   23    3  0.8760E-12  0.8756E-12
CALSDV   24    3  0.8559E-12  0.8564E-12
CALSDV   25    3  0.8702E-12  0.8698E-12
CALSDV   26    3  0.8610E-12  0.8615E-12
CALSDV   27    3  0.8779E-12  0.8775E-12
CALSDV   28    3  0.8775E-12  0.8779E-12
CALSDV   29    3  0.8968E-12  0.8968E-12
CALSDV   30    3  0.9033E-12  0.9033E-12
CALSDV   31    3  0.9261E-12  0.9263E-12
CALSDV   32    3  0.9384E-12  0.9384E-12
CALSDV   33    3  0.9642E-12  0.9644E-12
CALSDV   34    3  0.9834E-12  0.9832E-12
CALSDV   35    3  0.1012E-11  0.1012E-11
CALSDV   36    3  0.1037E-11  0.1037E-11
CALSDV   37    3  0.1070E-11  0.1070E-11
CALSDV   38    3  0.1100E-11  0.1100E-11
CALSDV   39    3  0.1137E-11  0.1137E-11
CALSDV   40    3  0.1173E-11  0.1173E-11
CALSDV   41    3  0.1216E-11  0.1216E-11
CALSDV   42    3  0.1258E-11  0.1258E-11
CALSDV   43    3  0.1306E-11  0.1306E-11
CALSDV   44    3  0.1354E-11  0.1354E-11
CALSDV   45    3  0.1409E-11  0.1409E-11
CALSDV   46    3  0.1464E-11  0.1464E-11
CALSDV   47    3  0.1526E-11  0.1526E-11
CALSDV   48    3  0.1588E-11  0.1589E-11
CALSDV   49    3  0.1658E-11  0.1659E-11
CALSDV   50    3  0.1730E-11  0.1730E-11
CALSDV   51    3  0.1808E-11  0.1808E-11
CALSDV   52    3  0.1889E-11  0.1889E-11
CALSDV   53    3  0.1977E-11  0.1977E-11
CALSDV   54    3  0.2069E-11  0.2069E-11
CALSDV   55    3  0.2168E-11  0.2168E-11
CALSDV   56    3  0.2271E-11  0.2271E-11
CALSDV   57    3  0.2379E-11  0.2379E-11
CALSDV   58    3  0.2491E-11  0.2491E-11
CALSDV   59    3  0.2427E-11  0.2428E-11
CALSDV   60    3  0.2512E-11  0.2512E-11
CALSDV    4    4  0.1456E-10  0.1456E-10
CALSDV    5    4  0.1266E-10  0.1256E-10
CALSDV    6    4  0.5384E-11  0.5373E-11
CALSDV    7    4  0.4658E-11  0.4648E-11
CALSDV    8    4  0.2966E-11  0.2963E-11
CALSDV    9    4  0.2583E-11  0.2576E-11
CALSDV   10    4  0.1994E-11  0.1990E-11
CALSDV   11    4  0.1791E-11  0.1786E-11
CALSDV   12    4  0.1516E-11  0.1512E-11
CALSDV   13    4  0.1406E-11  0.1401E-11
CALSDV   14    4  0.1253E-11  0.1249E-11
CALSDV   15    4  0.1190E-11  0.1188E-11
CALSDV   16    4  0.1097E-11  0.1095E-11
CALSDV   17    4  0.1059E-11  0.1057E-11
CALSDV   18    4  0.1002E-11  0.9995E-12
CALSDV   19    4  0.9812E-12  0.9788E-12
CALSDV   20    4  0.9452E-12  0.9430E-12
CALSDV   21    4  0.9346E-12  0.9330E-12
CALSDV   22    4  0.9126E-12  0.9099E-12
CALSDV   23    4  0.9108E-12  0.9089E-12
CALSDV   24    4  0.8983E-12  0.8964E-12
CALSDV   25    4  0.9030E-12  0.9007E-12
CALSDV   26    4  0.8992E-12  0.8973E-12
CALSDV   27    4  0.9089E-12  0.9068E-12
CALSDV   28    4  0.9114E-12  0.9095E-12
CALSDV   29    4  0.9262E-12  0.9239E-12
CALSDV   30    4  0.9347E-12  0.9330E-12
CALSDV   31    4  0.9532E-12  0.9511E-12
CALSDV   32    4  0.9682E-12  0.9660E-12
CALSDV   33    4  0.9908E-12  0.9885E-12
CALSDV   34    4  0.1010E-11  0.1008E-11
CALSDV   35    4  0.1038E-11  0.1036E-11
CALSDV   36    4  0.1062E-11  0.1060E-11
CALSDV   37    4  0.1095E-11  0.1092E-11
CALSDV   38    4  0.1124E-11  0.1122E-11
CALSDV   39    4  0.1161E-11  0.1159E-11
CALSDV   40    4  0.1197E-11  0.1194E-11
CALSDV   41    4  0.1239E-11  0.1236E-11
CALSDV   42    4  0.1281E-11  0.1278E-11
CALSDV   43    4  0.1328E-11  0.1325E-11
CALSDV   44    4  0.1377E-11  0.1374E-11
CALSDV   45    4  0.1431E-11  0.1427E-11
CALSDV   46    4  0.1487E-11  0.1483E-11
CALSDV   47    4  0.1547E-11  0.1543E-11
CALSDV   48    4  0.1611E-11  0.1607E-11
CALSDV   49    4  0.1680E-11  0.1676E-11
CALSDV   50    4  0.1752E-11  0.1748E-11
CALSDV   51    4  0.1830E-11  0.1825E-11
CALSDV   52    4  0.1912E-11  0.1906E-11
CALSDV   53    4  0.2000E-11  0.1994E-11
CALSDV   54    4  0.2092E-11  0.2086E-11
CALSDV   55    4  0.2191E-11  0.2186E-11
CALSDV   56    4  0.2295E-11  0.2289E-11
CALSDV   57    4  0.2406E-11  0.2400E-11
CALSDV   58    4  0.2519E-11  0.2513E-11
CALSDV   59    4  0.2490E-11  0.2485E-11
CALSDV   60    4  0.2576E-11  0.2571E-11
CALSDV    5    5  0.2176E-10  0.2148E-10
CALSDV    6    5  0.9428E-11  0.9380E-11
CALSDV    7    5  0.6166E-11  0.6124E-11
CALSDV    8    5  0.3869E-11  0.3833E-11
CALSDV    9    5  0.3645E-11  0.3632E-11
CALSDV   10    5  0.2430E-11  0.2409E-11
CALSDV   11    5  0.2534E-11  0.2525E-11
CALSDV   12    5  0.1837E-11  0.1820E-11
CALSDV   13    5  0.1930E-11  0.1922E-11
CALSDV   14    5  0.1516E-11  0.1504E-11
CALSDV   15    5  0.1566E-11  0.1561E-11
CALSDV   16    5  0.1312E-11  0.1301E-11
CALSDV   17    5  0.1342E-11  0.1335E-11
CALSDV   18    5  0.1181E-11  0.1172E-11
CALSDV   19    5  0.1197E-11  0.1190E-11
CALSDV   20    5  0.1091E-11  0.1084E-11
CALSDV   21    5  0.1104E-11  0.1097E-11
CALSDV   22    5  0.1036E-11  0.1029E-11
CALSDV   23    5  0.1046E-11  0.1039E-11
CALSDV   24    5  0.1002E-11  0.9965E-12
CALSDV   25    5  0.1013E-11  0.1007E-11
CALSDV   26    5  0.9888E-12  0.9824E-12
CALSDV   27    5  0.1001E-11  0.9950E-12
CALSDV   28    5  0.9899E-12  0.9843E-12
CALSDV   29    5  0.1005E-11  0.9983E-12
CALSDV   30    5  0.1004E-11  0.9971E-12
CALSDV   31    5  0.1022E-11  0.1016E-11
CALSDV   32    5  0.1029E-11  0.1023E-11
CALSDV   33    5  0.1050E-11  0.1044E-11
CALSDV   34    5  0.1066E-11  0.1059E-11
CALSDV   35    5  0.1091E-11  0.1084E-11
CALSDV   36    5  0.1113E-11  0.1106E-11
CALSDV   37    5  0.1142E-11  0.1135E-11
CALSDV   38    5  0.1171E-11  0.1164E-11
CALSDV   39    5  0.1205E-11  0.1198E-11
CALSDV   40    5  0.1240E-11  0.1232E-11
CALSDV   41    5  0.1279E-11  0.1271E-11
CALSDV   42    5  0.1321E-11  0.1312E-11
CALSDV   43    5  0.1366E-11  0.1358E-11
CALSDV   44    5  0.1414E-11  0.1405E-11
CALSDV   45    5  0.1467E-11  0.1457E-11
CALSDV   46    5  0.1522E-11  0.1512E-11
CALSDV   47    5  0.1581E-11  0.1571E-11
CALSDV   48    5  0.1645E-11  0.1634E-11
CALSDV   49    5  0.1712E-11  0.1701E-11
CALSDV   50    5  0.1785E-11  0.1773E-11
CALSDV   51    5  0.1861E-11  0.1849E-11
CALSDV   52    5  0.1943E-11  0.1931E-11
CALSDV   53    5  0.2030E-11  0.2017E-11
CALSDV   54    5  0.2123E-11  0.2110E-11
CALSDV   55    5  0.2222E-11  0.2208E-11
CALSDV   56    5  0.2327E-11  0.2312E-11
CALSDV   57    5  0.2438E-11  0.2423E-11
CALSDV   58    5  0.2555E-11  0.2538E-11
CALSDV   59    5  0.2554E-11  0.2539E-11
CALSDV   60    5  0.2643E-11  0.2627E-11
CALSDV    6    6  0.1094E-10  0.1074E-10
CALSDV    7    6  0.1182E-10  0.1180E-10
CALSDV    8    6  0.5353E-11  0.5285E-11
CALSDV    9    6  0.5620E-11  0.5600E-11
CALSDV   10    6  0.3417E-11  0.3378E-11
CALSDV   11    6  0.3342E-11  0.3340E-11
CALSDV   12    6  0.2381E-11  0.2354E-11
CALSDV   13    6  0.2329E-11  0.2328E-11
CALSDV   14    6  0.1811E-11  0.1793E-11
CALSDV   15    6  0.1801E-11  0.1801E-11
CALSDV   16    6  0.1484E-11  0.1473E-11
CALSDV   17    6  0.1498E-11  0.1498E-11
CALSDV   18    6  0.1290E-11  0.1283E-11
CALSDV   19    6  0.1311E-11  0.1313E-11
CALSDV   20    6  0.1169E-11  0.1164E-11
CALSDV   21    6  0.1196E-11  0.1197E-11
CALSDV   22    6  0.1097E-11  0.1094E-11
CALSDV   23    6  0.1122E-11  0.1124E-11
CALSDV   24    6  0.1055E-11  0.1052E-11
CALSDV   25    6  0.1082E-11  0.1082E-11
CALSDV   26    6  0.1035E-11  0.1033E-11
CALSDV   27    6  0.1062E-11  0.1062E-11
CALSDV   28    6  0.1032E-11  0.1030E-11
CALSDV   29    6  0.1060E-11  0.1060E-11
CALSDV   30    6  0.1044E-11  0.1042E-11
CALSDV   31    6  0.1073E-11  0.1072E-11
CALSDV   32    6  0.1067E-11  0.1066E-11
CALSDV   33    6  0.1098E-11  0.1097E-11
CALSDV   34    6  0.1102E-11  0.1101E-11
CALSDV   35    6  0.1136E-11  0.1135E-11
CALSDV   36    6  0.1148E-11  0.1146E-11
CALSDV   37    6  0.1185E-11  0.1184E-11
CALSDV   38    6  0.1204E-11  0.1203E-11
CALSDV   39    6  0.1245E-11  0.1244E-11
CALSDV   40    6  0.1273E-11  0.1271E-11
CALSDV   41    6  0.1317E-11  0.1316E-11
CALSDV   42    6  0.1352E-11  0.1351E-11
CALSDV   43    6  0.1401E-11  0.1400E-11
CALSDV   44    6  0.1445E-11  0.1444E-11
CALSDV   45    6  0.1500E-11  0.1498E-11
CALSDV   46    6  0.1552E-11  0.1550E-11
CALSDV   47    6  0.1613E-11  0.1611E-11
CALSDV   48    6  0.1673E-11  0.1671E-11
CALSDV   49    6  0.1742E-11  0.1741E-11
CALSDV   50    6  0.1812E-11  0.1810E-11
CALSDV   51    6  0.1889E-11  0.1887E-11
CALSDV   52    6  0.1969E-11  0.1967E-11
CALSDV   53    6  0.2057E-11  0.2055E-11
CALSDV   54    6  0.2148E-11  0.2146E-11
CALSDV   55    6  0.2249E-11  0.2246E-11
CALSDV   56    6  0.2352E-11  0.2349E-11
CALSDV   57    6  0.2466E-11  0.2463E-11
CALSDV   58    6  0.2581E-11  0.2578E-11
CALSDV   59    6  0.2612E-11  0.2609E-11
CALSDV   60    6  0.2698E-11  0.2696E-11
CALSDV    7    7  0.1549E-10  0.1534E-10
CALSDV    8    7  0.9027E-11  0.8903E-11
CALSDV    9    7  0.5648E-11  0.5601E-11
CALSDV   10    7  0.3848E-11  0.3807E-11
CALSDV   11    7  0.3436E-11  0.3420E-11
CALSDV   12    7  0.2379E-11  0.2365E-11
CALSDV   13    7  0.2406E-11  0.2396E-11
CALSDV   14    7  0.1881E-11  0.1878E-11
CALSDV   15    7  0.1865E-11  0.1853E-11
CALSDV   16    7  0.1643E-11  0.1641E-11
CALSDV   17    7  0.1555E-11  0.1546E-11
CALSDV   18    7  0.1482E-11  0.1480E-11
CALSDV   19    7  0.1369E-11  0.1361E-11
CALSDV   20    7  0.1372E-11  0.1369E-11
CALSDV   21    7  0.1255E-11  0.1247E-11
CALSDV   22    7  0.1290E-11  0.1287E-11
CALSDV   23    7  0.1185E-11  0.1176E-11
CALSDV   24    7  0.1232E-11  0.1228E-11
CALSDV   25    7  0.1144E-11  0.1136E-11
CALSDV   26    7  0.1194E-11  0.1192E-11
CALSDV   27    7  0.1122E-11  0.1115E-11
CALSDV   28    7  0.1175E-11  0.1171E-11
CALSDV   29    7  0.1118E-11  0.1112E-11
CALSDV   30    7  0.1172E-11  0.1167E-11
CALSDV   31    7  0.1130E-11  0.1124E-11
CALSDV   32    7  0.1182E-11  0.1177E-11
CALSDV   33    7  0.1154E-11  0.1147E-11
CALSDV   34    7  0.1205E-11  0.1200E-11
CALSDV   35    7  0.1188E-11  0.1182E-11
CALSDV   36    7  0.1241E-11  0.1236E-11
CALSDV   37    7  0.1236E-11  0.1229E-11
CALSDV   38    7  0.1289E-11  0.1283E-11
CALSDV   39    7  0.1294E-11  0.1286E-11
CALSDV   40    7  0.1349E-11  0.1343E-11
CALSDV   41    7  0.1365E-11  0.1358E-11
CALSDV   42    7  0.1423E-11  0.1415E-11
CALSDV   43    7  0.1448E-11  0.1439E-11
CALSDV   44    7  0.1509E-11  0.1502E-11
CALSDV   45    7  0.1545E-11  0.1536E-11
CALSDV   46    7  0.1612E-11  0.1603E-11
CALSDV   47    7  0.1657E-11  0.1647E-11
CALSDV   48    7  0.1729E-11  0.1719E-11
CALSDV   49    7  0.1785E-11  0.1774E-11
CALSDV   50    7  0.1865E-11  0.1853E-11
CALSDV   51    7  0.1930E-11  0.1919E-11
CALSDV   52    7  0.2019E-11  0.2007E-11
CALSDV   53    7  0.2097E-11  0.2084E-11
CALSDV   54    7  0.2195E-11  0.2182E-11
CALSDV   55    7  0.2288E-11  0.2273E-11
CALSDV   56    7  0.2397E-11  0.2382E-11
CALSDV   57    7  0.2505E-11  0.2489E-11
CALSDV   58    7  0.2627E-11  0.2611E-11
CALSDV   59    7  0.2674E-11  0.2656E-11
CALSDV   60    7  0.2768E-11  0.2755E-11
CALSDV    8    8  0.8415E-11  0.8567E-11
CALSDV    9    8  0.8371E-11  0.8372E-11
CALSDV   10    8  0.5237E-11  0.5213E-11
CALSDV   11    8  0.4552E-11  0.4582E-11
CALSDV   12    8  0.3816E-11  0.3803E-11
CALSDV   13    8  0.3201E-11  0.3243E-11
CALSDV   14    8  0.2796E-11  0.2791E-11
CALSDV   15    8  0.2529E-11  0.2560E-11
CALSDV   16    8  0.2165E-11  0.2163E-11
CALSDV   17    8  0.2115E-11  0.2139E-11
CALSDV   18    8  0.1778E-11  0.1782E-11
CALSDV   19    8  0.1832E-11  0.1848E-11
CALSDV   20    8  0.1542E-11  0.1548E-11
CALSDV   21    8  0.1635E-11  0.1650E-11
CALSDV   22    8  0.1395E-11  0.1402E-11
CALSDV   23    8  0.1498E-11  0.1509E-11
CALSDV   24    8  0.1306E-11  0.1313E-11
CALSDV   25    8  0.1403E-11  0.1411E-11
CALSDV   26    8  0.1254E-11  0.1263E-11
CALSDV   27    8  0.1339E-11  0.1348E-11
CALSDV   28    8  0.1226E-11  0.1234E-11
CALSDV   29    8  0.1302E-11  0.1312E-11
CALSDV   30    8  0.1219E-11  0.1226E-11
CALSDV   31    8  0.1287E-11  0.1294E-11
CALSDV   32    8  0.1230E-11  0.1236E-11
CALSDV   33    8  0.1289E-11  0.1296E-11
CALSDV   34    8  0.1252E-11  0.1258E-11
CALSDV   35    8  0.1307E-11  0.1314E-11
CALSDV   36    8  0.1287E-11  0.1293E-11
CALSDV   37    8  0.1340E-11  0.1347E-11
CALSDV   38    8  0.1336E-11  0.1342E-11
CALSDV   39    8  0.1387E-11  0.1393E-11
CALSDV   40    8  0.1395E-11  0.1401E-11
CALSDV   41    8  0.1448E-11  0.1454E-11
CALSDV   42    8  0.1469E-11  0.1475E-11
CALSDV   43    8  0.1522E-11  0.1528E-11
CALSDV   44    8  0.1554E-11  0.1561E-11
CALSDV   45    8  0.1611E-11  0.1618E-11
CALSDV   46    8  0.1655E-11  0.1662E-11
CALSDV   47    8  0.1716E-11  0.1723E-11
CALSDV   48    8  0.1770E-11  0.1777E-11
CALSDV   49    8  0.1838E-11  0.1845E-11
CALSDV   50    8  0.1904E-11  0.1911E-11
CALSDV   51    8  0.1978E-11  0.1986E-11
CALSDV   52    8  0.2056E-11  0.2063E-11
CALSDV   53    8  0.2140E-11  0.2148E-11
CALSDV   54    8  0.2229E-11  0.2238E-11
CALSDV   55    8  0.2325E-11  0.2335E-11
CALSDV   56    8  0.2428E-11  0.2438E-11
CALSDV   57    8  0.2539E-11  0.2550E-11
CALSDV   58    8  0.2656E-11  0.2668E-11
CALSDV   59    8  0.2733E-11  0.2746E-11
CALSDV   60    8  0.2827E-11  0.2832E-11
CALSDV    9    9  0.1084E-10  0.1087E-10
CALSDV   10    9  0.8407E-11  0.8413E-11
CALSDV   11    9  0.5413E-11  0.5414E-11
CALSDV   12    9  0.3966E-11  0.3958E-11
CALSDV   13    9  0.3626E-11  0.3636E-11
CALSDV   14    9  0.2522E-11  0.2515E-11
CALSDV   15    9  0.2543E-11  0.2557E-11
CALSDV   16    9  0.2022E-11  0.2019E-11
CALSDV   17    9  0.1935E-11  0.1947E-11
CALSDV   18    9  0.1797E-11  0.1794E-11
CALSDV   19    9  0.1605E-11  0.1613E-11
CALSDV   20    9  0.1650E-11  0.1648E-11
CALSDV   21    9  0.1428E-11  0.1433E-11
CALSDV   22    9  0.1544E-11  0.1544E-11
CALSDV   23    9  0.1335E-11  0.1339E-11
CALSDV   24    9  0.1468E-11  0.1468E-11
CALSDV   25    9  0.1287E-11  0.1289E-11
CALSDV   26    9  0.1412E-11  0.1413E-11
CALSDV   27    9  0.1269E-11  0.1270E-11
CALSDV   28    9  0.1376E-11  0.1377E-11
CALSDV   29    9  0.1264E-11  0.1265E-11
CALSDV   30    9  0.1358E-11  0.1359E-11
CALSDV   31    9  0.1273E-11  0.1273E-11
CALSDV   32    9  0.1354E-11  0.1356E-11
CALSDV   33    9  0.1295E-11  0.1295E-11
CALSDV   34    9  0.1366E-11  0.1367E-11
CALSDV   35    9  0.1327E-11  0.1328E-11
CALSDV   36    9  0.1392E-11  0.1393E-11
CALSDV   37    9  0.1371E-11  0.1370E-11
CALSDV   38    9  0.1430E-11  0.1431E-11
CALSDV   39    9  0.1426E-11  0.1426E-11
CALSDV   40    9  0.1482E-11  0.1483E-11
CALSDV   41    9  0.1491E-11  0.1490E-11
CALSDV   42    9  0.1548E-11  0.1548E-11
CALSDV   43    9  0.1570E-11  0.1569E-11
CALSDV   44    9  0.1628E-11  0.1628E-11
CALSDV   45    9  0.1661E-11  0.1660E-11
CALSDV   46    9  0.1723E-11  0.1723E-11
CALSDV   47    9  0.1766E-11  0.1765E-11
CALSDV   48    9  0.1834E-11  0.1834E-11
CALSDV   49    9  0.1888E-11  0.1888E-11
CALSDV   50    9  0.1963E-11  0.1963E-11
CALSDV   51    9  0.2028E-11  0.2027E-11
CALSDV   52    9  0.2111E-11  0.2111E-11
CALSDV   53    9  0.2187E-11  0.2187E-11
CALSDV   54    9  0.2281E-11  0.2281E-11
CALSDV   55    9  0.2371E-11  0.2372E-11
CALSDV   56    9  0.2477E-11  0.2478E-11
CALSDV   57    9  0.2584E-11  0.2585E-11
CALSDV   58    9  0.2704E-11  0.2705E-11
CALSDV   59    9  0.2794E-11  0.2795E-11
CALSDV   60    9  0.2886E-11  0.2886E-11
CALSDV   10   10  0.7668E-11  0.7828E-11
CALSDV   11   10  0.6911E-11  0.6864E-11
CALSDV   12   10  0.4913E-11  0.4896E-11
CALSDV   13   10  0.3620E-11  0.3601E-11
CALSDV   14   10  0.3883E-11  0.3877E-11
CALSDV   15   10  0.2859E-11  0.2847E-11
CALSDV   16   10  0.2983E-11  0.2985E-11
CALSDV   17   10  0.2546E-11  0.2543E-11
CALSDV   18   10  0.2383E-11  0.2392E-11
CALSDV   19   10  0.2314E-11  0.2313E-11
CALSDV   20   10  0.2011E-11  0.2020E-11
CALSDV   21   10  0.2110E-11  0.2108E-11
CALSDV   22   10  0.1782E-11  0.1790E-11
CALSDV   23   10  0.1943E-11  0.1941E-11
CALSDV   24   10  0.1643E-11  0.1648E-11
CALSDV   25   10  0.1811E-11  0.1810E-11
CALSDV   26   10  0.1556E-11  0.1560E-11
CALSDV   27   10  0.1710E-11  0.1710E-11
CALSDV   28   10  0.1509E-11  0.1511E-11
CALSDV   29   10  0.1639E-11  0.1638E-11
CALSDV   30   10  0.1483E-11  0.1486E-11
CALSDV   31   10  0.1592E-11  0.1590E-11
CALSDV   32   10  0.1474E-11  0.1476E-11
CALSDV   33   10  0.1565E-11  0.1565E-11
CALSDV   34   10  0.1484E-11  0.1485E-11
CALSDV   35   10  0.1560E-11  0.1559E-11
CALSDV   36   10  0.1506E-11  0.1508E-11
CALSDV   37   10  0.1572E-11  0.1570E-11
CALSDV   38   10  0.1541E-11  0.1542E-11
CALSDV   39   10  0.1600E-11  0.1598E-11
CALSDV   40   10  0.1592E-11  0.1591E-11
CALSDV   41   10  0.1644E-11  0.1643E-11
CALSDV   42   10  0.1653E-11  0.1652E-11
CALSDV   43   10  0.1704E-11  0.1701E-11
CALSDV   44   10  0.1730E-11  0.1728E-11
CALSDV   45   10  0.1781E-11  0.1777E-11
CALSDV   46   10  0.1821E-11  0.1817E-11
CALSDV   47   10  0.1873E-11  0.1869E-11
CALSDV   48   10  0.1926E-11  0.1922E-11
CALSDV   49   10  0.1985E-11  0.1979E-11
CALSDV   50   10  0.2051E-11  0.2045E-11
CALSDV   51   10  0.2113E-11  0.2108E-11
CALSDV   52   10  0.2193E-11  0.2187E-11
CALSDV   53   10  0.2265E-11  0.2259E-11
CALSDV   54   10  0.2357E-11  0.2350E-11
CALSDV   55   10  0.2442E-11  0.2435E-11
CALSDV   56   10  0.2548E-11  0.2541E-11
CALSDV   57   10  0.2648E-11  0.2641E-11
CALSDV   58   10  0.2770E-11  0.2762E-11
CALSDV   59   10  0.2877E-11  0.2870E-11
CALSDV   60   10  0.2975E-11  0.2966E-11
CALSDV   11   11  0.7672E-11  0.7777E-11
CALSDV   12   11  0.7571E-11  0.7505E-11
CALSDV   13   11  0.5122E-11  0.5123E-11
CALSDV   14   11  0.3947E-11  0.3925E-11
CALSDV   15   11  0.3854E-11  0.3854E-11
CALSDV   16   11  0.2745E-11  0.2726E-11
CALSDV   17   11  0.2790E-11  0.2789E-11
CALSDV   18   11  0.2258E-11  0.2247E-11
CALSDV   19   11  0.2114E-11  0.2114E-11
CALSDV   20   11  0.1993E-11  0.1988E-11
CALSDV   21   11  0.1738E-11  0.1736E-11
CALSDV   22   11  0.1814E-11  0.1812E-11
CALSDV   23   11  0.1548E-11  0.1548E-11
CALSDV   24   11  0.1688E-11  0.1686E-11
CALSDV   25   11  0.1466E-11  0.1466E-11
CALSDV   26   11  0.1602E-11  0.1599E-11
CALSDV   27   11  0.1437E-11  0.1435E-11
CALSDV   28   11  0.1544E-11  0.1541E-11
CALSDV   29   11  0.1437E-11  0.1438E-11
CALSDV   30   11  0.1513E-11  0.1510E-11
CALSDV   31   11  0.1453E-11  0.1454E-11
CALSDV   32   11  0.1502E-11  0.1499E-11
CALSDV   33   11  0.1476E-11  0.1477E-11
CALSDV   34   11  0.1508E-11  0.1505E-11
CALSDV   35   11  0.1509E-11  0.1511E-11
CALSDV   36   11  0.1530E-11  0.1528E-11
CALSDV   37   11  0.1551E-11  0.1553E-11
CALSDV   38   11  0.1566E-11  0.1564E-11
CALSDV   39   11  0.1602E-11  0.1603E-11
CALSDV   40   11  0.1616E-11  0.1614E-11
CALSDV   41   11  0.1665E-11  0.1667E-11
CALSDV   42   11  0.1680E-11  0.1679E-11
CALSDV   43   11  0.1737E-11  0.1738E-11
CALSDV   44   11  0.1758E-11  0.1756E-11
CALSDV   45   11  0.1823E-11  0.1823E-11
CALSDV   46   11  0.1850E-11  0.1848E-11
CALSDV   47   11  0.1920E-11  0.1921E-11
CALSDV   48   11  0.1958E-11  0.1957E-11
CALSDV   49   11  0.2034E-11  0.2035E-11
CALSDV   50   11  0.2083E-11  0.2083E-11
CALSDV   51   11  0.2164E-11  0.2164E-11
CALSDV   52   11  0.2226E-11  0.2226E-11
CALSDV   53   11  0.2315E-11  0.2315E-11
CALSDV   54   11  0.2390E-11  0.2390E-11
CALSDV   55   11  0.2489E-11  0.2489E-11
CALSDV   56   11  0.2581E-11  0.2581E-11
CALSDV   57   11  0.2692E-11  0.2692E-11
CALSDV   58   11  0.2802E-11  0.2802E-11
CALSDV   59   11  0.2931E-11  0.2931E-11
CALSDV   60   11  0.3011E-11  0.3010E-11
CALSDV   12   12  0.6883E-11  0.6865E-11
CALSDV   13   12  0.6666E-11  0.6645E-11
CALSDV   14   12  0.4684E-11  0.4665E-11
CALSDV   15   12  0.3347E-11  0.3333E-11
CALSDV   16   12  0.3770E-11  0.3764E-11
CALSDV   17   12  0.2664E-11  0.2662E-11
CALSDV   18   12  0.2906E-11  0.2903E-11
CALSDV   19   12  0.2496E-11  0.2502E-11
CALSDV   20   12  0.2347E-11  0.2345E-11
CALSDV   21   12  0.2369E-11  0.2372E-11
CALSDV   22   12  0.2035E-11  0.2033E-11
CALSDV   23   12  0.2228E-11  0.2229E-11
CALSDV   24   12  0.1870E-11  0.1872E-11
CALSDV   25   12  0.2096E-11  0.2096E-11
CALSDV   26   12  0.1791E-11  0.1790E-11
CALSDV   27   12  0.1986E-11  0.1985E-11
CALSDV   28   12  0.1748E-11  0.1747E-11
CALSDV   29   12  0.1900E-11  0.1898E-11
CALSDV   30   12  0.1734E-11  0.1734E-11
CALSDV   31   12  0.1839E-11  0.1837E-11
CALSDV   32   12  0.1736E-11  0.1735E-11
CALSDV   33   12  0.1800E-11  0.1799E-11
CALSDV   34   12  0.1744E-11  0.1743E-11
CALSDV   35   12  0.1783E-11  0.1781E-11
CALSDV   36   12  0.1764E-11  0.1763E-11
CALSDV   37   12  0.1783E-11  0.1782E-11
CALSDV   38   12  0.1794E-11  0.1793E-11
CALSDV   39   12  0.1801E-11  0.1801E-11
CALSDV   40   12  0.1834E-11  0.1833E-11
CALSDV   41   12  0.1836E-11  0.1836E-11
CALSDV   42   12  0.1888E-11  0.1888E-11
CALSDV   43   12  0.1887E-11  0.1887E-11
CALSDV   44   12  0.1951E-11  0.1951E-11
CALSDV   45   12  0.1954E-11  0.1953E-11
CALSDV   46   12  0.2030E-11  0.2031E-11
CALSDV   47   12  0.2036E-11  0.2036E-11
CALSDV   48   12  0.2122E-11  0.2123E-11
CALSDV   49   12  0.2138E-11  0.2137E-11
CALSDV   50   12  0.2233E-11  0.2233E-11
CALSDV   51   12  0.2257E-11  0.2256E-11
CALSDV   52   12  0.2360E-11  0.2360E-11
CALSDV   53   12  0.2398E-11  0.2397E-11
CALSDV   54   12  0.2509E-11  0.2509E-11
CALSDV   55   12  0.2563E-11  0.2561E-11
CALSDV   56   12  0.2686E-11  0.2685E-11
CALSDV   57   12  0.2757E-11  0.2756E-11
CALSDV   58   12  0.2893E-11  0.2892E-11
CALSDV   59   12  0.3006E-11  0.3005E-11
CALSDV   60   12  0.3119E-11  0.3118E-11
CALSDV   13   13  0.6209E-11  0.6214E-11
CALSDV   14   13  0.6613E-11  0.6607E-11
CALSDV   15   13  0.4923E-11  0.4919E-11
CALSDV   16   13  0.3652E-11  0.3662E-11
CALSDV   17   13  0.4033E-11  0.4029E-11
CALSDV   18   13  0.2850E-11  0.2851E-11
CALSDV   19   13  0.3018E-11  0.3015E-11
CALSDV   20   13  0.2482E-11  0.2482E-11
CALSDV   21   13  0.2308E-11  0.2304E-11
CALSDV   22   13  0.2220E-11  0.2218E-11
CALSDV   23   13  0.1899E-11  0.1896E-11
CALSDV   24   13  0.2007E-11  0.2004E-11
CALSDV   25   13  0.1701E-11  0.1698E-11
CALSDV   26   13  0.1847E-11  0.1844E-11
CALSDV   27   13  0.1629E-11  0.1627E-11
CALSDV   28   13  0.1740E-11  0.1733E-11
CALSDV   29   13  0.1615E-11  0.1614E-11
CALSDV   30   13  0.1672E-11  0.1666E-11
CALSDV   31   13  0.1634E-11  0.1632E-11
CALSDV   32   13  0.1642E-11  0.1636E-11
CALSDV   33   13  0.1667E-11  0.1666E-11
CALSDV   34   13  0.1640E-11  0.1633E-11
CALSDV   35   13  0.1707E-11  0.1705E-11
CALSDV   36   13  0.1661E-11  0.1653E-11
CALSDV   37   13  0.1752E-11  0.1750E-11
CALSDV   38   13  0.1698E-11  0.1692E-11
CALSDV   39   13  0.1805E-11  0.1803E-11
CALSDV   40   13  0.1752E-11  0.1746E-11
CALSDV   41   13  0.1865E-11  0.1862E-11
CALSDV   42   13  0.1819E-11  0.1812E-11
CALSDV   43   13  0.1934E-11  0.1931E-11
CALSDV   44   13  0.1900E-11  0.1893E-11
CALSDV   45   13  0.2013E-11  0.2010E-11
CALSDV   46   13  0.1994E-11  0.1987E-11
CALSDV   47   13  0.2104E-11  0.2100E-11
CALSDV   48   13  0.2101E-11  0.2095E-11
CALSDV   49   13  0.2209E-11  0.2205E-11
CALSDV   50   13  0.2226E-11  0.2219E-11
CALSDV   51   13  0.2329E-11  0.2324E-11
CALSDV   52   13  0.2366E-11  0.2359E-11
CALSDV   53   13  0.2468E-11  0.2462E-11
CALSDV   54   13  0.2525E-11  0.2518E-11
CALSDV   55   13  0.2629E-11  0.2623E-11
CALSDV   56   13  0.2709E-11  0.2701E-11
CALSDV   57   13  0.2818E-11  0.2811E-11
CALSDV   58   13  0.2921E-11  0.2912E-11
CALSDV   59   13  0.3073E-11  0.3064E-11
CALSDV   60   13  0.3148E-11  0.3140E-11
CALSDV   14   14  0.5558E-11  0.5586E-11
CALSDV   15   14  0.6835E-11  0.6825E-11
CALSDV   16   14  0.4707E-11  0.4683E-11
CALSDV   17   14  0.3528E-11  0.3516E-11
CALSDV   18   14  0.3878E-11  0.3873E-11
CALSDV   19   14  0.2739E-11  0.2743E-11
CALSDV   20   14  0.2932E-11  0.2928E-11
CALSDV   21   14  0.2551E-11  0.2559E-11
CALSDV   22   14  0.2313E-11  0.2311E-11
CALSDV   23   14  0.2432E-11  0.2440E-11
CALSDV   24   14  0.2015E-11  0.2010E-11
CALSDV   25   14  0.2304E-11  0.2314E-11
CALSDV   26   14  0.1908E-11  0.1903E-11
CALSDV   27   14  0.2186E-11  0.2196E-11
CALSDV   28   14  0.1898E-11  0.1895E-11
CALSDV   29   14  0.2092E-11  0.2102E-11
CALSDV   30   14  0.1917E-11  0.1912E-11
CALSDV   31   14  0.2024E-11  0.2030E-11
CALSDV   32   14  0.1950E-11  0.1945E-11
CALSDV   33   14  0.1981E-11  0.1985E-11
CALSDV   34   14  0.1990E-11  0.1983E-11
CALSDV   35   14  0.1961E-11  0.1965E-11
CALSDV   36   14  0.2025E-11  0.2019E-11
CALSDV   37   14  0.1964E-11  0.1965E-11
CALSDV   38   14  0.2064E-11  0.2058E-11
CALSDV   39   14  0.1982E-11  0.1982E-11
CALSDV   40   14  0.2108E-11  0.2102E-11
CALSDV   41   14  0.2019E-11  0.2018E-11
CALSDV   42   14  0.2157E-11  0.2152E-11
CALSDV   43   14  0.2067E-11  0.2065E-11
CALSDV   44   14  0.2216E-11  0.2211E-11
CALSDV   45   14  0.2134E-11  0.2131E-11
CALSDV   46   14  0.2285E-11  0.2279E-11
CALSDV   47   14  0.2213E-11  0.2209E-11
CALSDV   48   14  0.2364E-11  0.2359E-11
CALSDV   49   14  0.2309E-11  0.2305E-11
CALSDV   50   14  0.2460E-11  0.2454E-11
CALSDV   51   14  0.2420E-11  0.2416E-11
CALSDV   52   14  0.2571E-11  0.2564E-11
CALSDV   53   14  0.2552E-11  0.2546E-11
CALSDV   54   14  0.2701E-11  0.2694E-11
CALSDV   55   14  0.2706E-11  0.2698E-11
CALSDV   56   14  0.2857E-11  0.2848E-11
CALSDV   57   14  0.2885E-11  0.2878E-11
CALSDV   58   14  0.3043E-11  0.3035E-11
CALSDV   59   14  0.3143E-11  0.3135E-11
CALSDV   60   14  0.3276E-11  0.3268E-11
CALSDV   15   15  0.6196E-11  0.6258E-11
CALSDV   16   15  0.7030E-11  0.7069E-11
CALSDV   17   15  0.4808E-11  0.4828E-11
CALSDV   18   15  0.3789E-11  0.3808E-11
CALSDV   19   15  0.4221E-11  0.4229E-11
CALSDV   20   15  0.2884E-11  0.2888E-11
CALSDV   21   15  0.3345E-11  0.3339E-11
CALSDV   22   15  0.2570E-11  0.2569E-11
CALSDV   23   15  0.2695E-11  0.2682E-11
CALSDV   24   15  0.2369E-11  0.2373E-11
CALSDV   25   15  0.2307E-11  0.2289E-11
CALSDV   26   15  0.2193E-11  0.2201E-11
CALSDV   27   15  0.2106E-11  0.2091E-11
CALSDV   28   15  0.2063E-11  0.2064E-11
CALSDV   29   15  0.2026E-11  0.2012E-11
CALSDV   30   15  0.1970E-11  0.1969E-11
CALSDV   31   15  0.2001E-11  0.1986E-11
CALSDV   32   15  0.1916E-11  0.1915E-11
CALSDV   33   15  0.2006E-11  0.1992E-11
CALSDV   34   15  0.1892E-11  0.1893E-11
CALSDV   35   15  0.2030E-11  0.2017E-11
CALSDV   36   15  0.1899E-11  0.1900E-11
CALSDV   37   15  0.2061E-11  0.2049E-11
CALSDV   38   15  0.1928E-11  0.1930E-11
CALSDV   39   15  0.2101E-11  0.2090E-11
CALSDV   40   15  0.1976E-11  0.1977E-11
CALSDV   41   15  0.2149E-11  0.2139E-11
CALSDV   42   15  0.2038E-11  0.2042E-11
CALSDV   43   15  0.2204E-11  0.2196E-11
CALSDV   44   15  0.2113E-11  0.2117E-11
CALSDV   45   15  0.2271E-11  0.2263E-11
CALSDV   46   15  0.2203E-11  0.2206E-11
CALSDV   47   15  0.2346E-11  0.2340E-11
CALSDV   48   15  0.2304E-11  0.2307E-11
CALSDV   49   15  0.2436E-11  0.2431E-11
CALSDV   50   15  0.2419E-11  0.2422E-11
CALSDV   51   15  0.2537E-11  0.2533E-11
CALSDV   52   15  0.2549E-11  0.2550E-11
CALSDV   53   15  0.2657E-11  0.2654E-11
CALSDV   54   15  0.2696E-11  0.2697E-11
CALSDV   55   15  0.2798E-11  0.2795E-11
CALSDV   56   15  0.2865E-11  0.2866E-11
CALSDV   57   15  0.2963E-11  0.2962E-11
CALSDV   58   15  0.3060E-11  0.3059E-11
CALSDV   59   15  0.3219E-11  0.3217E-11
CALSDV   60   15  0.3291E-11  0.3295E-11
CALSDV   16   16  0.5009E-11  0.4989E-11
CALSDV   17   16  0.6622E-11  0.6630E-11
CALSDV   18   16  0.4857E-11  0.4859E-11
CALSDV   19   16  0.3549E-11  0.3555E-11
CALSDV   20   16  0.4157E-11  0.4161E-11
CALSDV   21   16  0.2910E-11  0.2905E-11
CALSDV   22   16  0.3152E-11  0.3160E-11
CALSDV   23   16  0.2738E-11  0.2739E-11
CALSDV   24   16  0.2466E-11  0.2472E-11
CALSDV   25   16  0.2596E-11  0.2598E-11
CALSDV   26   16  0.2142E-11  0.2148E-11
CALSDV   27   16  0.2445E-11  0.2448E-11
CALSDV   28   16  0.2055E-11  0.2061E-11
CALSDV   29   16  0.2316E-11  0.2318E-11
CALSDV   30   16  0.2088E-11  0.2092E-11
CALSDV   31   16  0.2224E-11  0.2225E-11
CALSDV   32   16  0.2149E-11  0.2152E-11
CALSDV   33   16  0.2165E-11  0.2168E-11
CALSDV   34   16  0.2217E-11  0.2219E-11
CALSDV   35   16  0.2140E-11  0.2143E-11
CALSDV   36   16  0.2283E-11  0.2283E-11
CALSDV   37   16  0.2143E-11  0.2144E-11
CALSDV   38   16  0.2340E-11  0.2339E-11
CALSDV   39   16  0.2168E-11  0.2171E-11
CALSDV   40   16  0.2394E-11  0.2393E-11
CALSDV   41   16  0.2209E-11  0.2211E-11
CALSDV   42   16  0.2449E-11  0.2447E-11
CALSDV   43   16  0.2264E-11  0.2268E-11
CALSDV   44   16  0.2503E-11  0.2501E-11
CALSDV   45   16  0.2334E-11  0.2333E-11
CALSDV   46   16  0.2566E-11  0.2565E-11
CALSDV   47   16  0.2413E-11  0.2416E-11
CALSDV   48   16  0.2634E-11  0.2633E-11
CALSDV   49   16  0.2507E-11  0.2509E-11
CALSDV   50   16  0.2714E-11  0.2714E-11
CALSDV   51   16  0.2611E-11  0.2614E-11
CALSDV   52   16  0.2805E-11  0.2806E-11
CALSDV   53   16  0.2731E-11  0.2733E-11
CALSDV   54   16  0.2914E-11  0.2914E-11
CALSDV   55   16  0.2869E-11  0.2872E-11
CALSDV   56   16  0.3045E-11  0.3047E-11
CALSDV   57   16  0.3030E-11  0.3032E-11
CALSDV   58   16  0.3204E-11  0.3204E-11
CALSDV   59   16  0.3284E-11  0.3286E-11
CALSDV   60   16  0.3429E-11  0.3431E-11
CALSDV   17   17  0.4719E-11  0.4668E-11
CALSDV   18   17  0.5828E-11  0.5873E-11
CALSDV   19   17  0.4727E-11  0.4723E-11
CALSDV   20   17  0.3288E-11  0.3322E-11
CALSDV   21   17  0.4163E-11  0.4153E-11
CALSDV   22   17  0.3075E-11  0.3081E-11
CALSDV   23   17  0.3241E-11  0.3232E-11
CALSDV   24   17  0.2949E-11  0.2954E-11
CALSDV   25   17  0.2557E-11  0.2558E-11
CALSDV   26   17  0.2718E-11  0.2721E-11
CALSDV   27   17  0.2185E-11  0.2186E-11
CALSDV   28   17  0.2454E-11  0.2458E-11
CALSDV   29   17  0.2027E-11  0.2030E-11
CALSDV   30   17  0.2231E-11  0.2234E-11
CALSDV   31   17  0.2000E-11  0.2003E-11
CALSDV   32   17  0.2077E-11  0.2081E-11
CALSDV   33   17  0.2027E-11  0.2030E-11
CALSDV   34   17  0.1995E-11  0.1998E-11
CALSDV   35   17  0.2074E-11  0.2078E-11
CALSDV   36   17  0.1972E-11  0.1976E-11
CALSDV   37   17  0.2134E-11  0.2137E-11
CALSDV   38   17  0.1999E-11  0.2001E-11
CALSDV   39   17  0.2198E-11  0.2200E-11
CALSDV   40   17  0.2058E-11  0.2061E-11
CALSDV   41   17  0.2265E-11  0.2267E-11
CALSDV   42   17  0.2140E-11  0.2140E-11
CALSDV   43   17  0.2337E-11  0.2339E-11
CALSDV   44   17  0.2237E-11  0.2239E-11
CALSDV   45   17  0.2416E-11  0.2416E-11
CALSDV   46   17  0.2345E-11  0.2344E-11
CALSDV   47   17  0.2500E-11  0.2501E-11
CALSDV   48   17  0.2461E-11  0.2463E-11
CALSDV   49   17  0.2595E-11  0.2596E-11
CALSDV   50   17  0.2588E-11  0.2589E-11
CALSDV   51   17  0.2698E-11  0.2700E-11
CALSDV   52   17  0.2721E-11  0.2724E-11
CALSDV   53   17  0.2815E-11  0.2818E-11
CALSDV   54   17  0.2866E-11  0.2868E-11
CALSDV   55   17  0.2945E-11  0.2949E-11
CALSDV   56   17  0.3026E-11  0.3031E-11
CALSDV   57   17  0.3097E-11  0.3100E-11
CALSDV   58   17  0.3206E-11  0.3210E-11
CALSDV   59   17  0.3347E-11  0.3351E-11
CALSDV   60   17  0.3438E-11  0.3442E-11
CALSDV   18   18  0.5813E-11  0.5807E-11
CALSDV   19   18  0.6110E-11  0.6065E-11
CALSDV   20   18  0.5239E-11  0.5200E-11
CALSDV   21   18  0.3282E-11  0.3272E-11
CALSDV   22   18  0.4449E-11  0.4425E-11
CALSDV   23   18  0.2968E-11  0.2960E-11
CALSDV   24   18  0.3354E-11  0.3348E-11
CALSDV   25   18  0.2919E-11  0.2916E-11
CALSDV   26   18  0.2611E-11  0.2607E-11
CALSDV   27   18  0.2788E-11  0.2784E-11
CALSDV   28   18  0.2299E-11  0.2293E-11
CALSDV   29   18  0.2616E-11  0.2611E-11
CALSDV   30   18  0.2259E-11  0.2252E-11
CALSDV   31   18  0.2468E-11  0.2462E-11
CALSDV   32   18  0.2347E-11  0.2334E-11
CALSDV   33   18  0.2376E-11  0.2369E-11
CALSDV   34   18  0.2452E-11  0.2441E-11
CALSDV   35   18  0.2331E-11  0.2325E-11
CALSDV   36   18  0.2550E-11  0.2538E-11
CALSDV   37   18  0.2331E-11  0.2324E-11
CALSDV   38   18  0.2635E-11  0.2624E-11
CALSDV   39   18  0.2362E-11  0.2356E-11
CALSDV   40   18  0.2705E-11  0.2696E-11
CALSDV   41   18  0.2417E-11  0.2411E-11
CALSDV   42   18  0.2766E-11  0.2757E-11
CALSDV   43   18  0.2484E-11  0.2477E-11
CALSDV   44   18  0.2823E-11  0.2813E-11
CALSDV   45   18  0.2565E-11  0.2557E-11
CALSDV   46   18  0.2878E-11  0.2870E-11
CALSDV   47   18  0.2650E-11  0.2640E-11
CALSDV   48   18  0.2937E-11  0.2927E-11
CALSDV   49   18  0.2744E-11  0.2736E-11
CALSDV   50   18  0.3002E-11  0.2993E-11
CALSDV   51   18  0.2843E-11  0.2834E-11
CALSDV   52   18  0.3075E-11  0.3065E-11
CALSDV   53   18  0.2952E-11  0.2943E-11
CALSDV   54   18  0.3159E-11  0.3150E-11
CALSDV   55   18  0.3072E-11  0.3062E-11
CALSDV   56   18  0.3264E-11  0.3253E-11
CALSDV   57   18  0.3207E-11  0.3197E-11
CALSDV   58   18  0.3388E-11  0.3378E-11
CALSDV   59   18  0.3449E-11  0.3439E-11
CALSDV   60   18  0.3595E-11  0.3584E-11
CALSDV   19   19  0.4692E-11  0.4659E-11
CALSDV   20   19  0.5787E-11  0.5770E-11
CALSDV   21   19  0.4838E-11  0.4817E-11
CALSDV   22   19  0.3306E-11  0.3319E-11
CALSDV   23   19  0.4255E-11  0.4244E-11
CALSDV   24   19  0.3337E-11  0.3349E-11
CALSDV   25   19  0.3341E-11  0.3336E-11
CALSDV   26   19  0.3348E-11  0.3362E-11
CALSDV   27   19  0.2700E-11  0.2695E-11
CALSDV   28   19  0.3156E-11  0.3170E-11
CALSDV   29   19  0.2375E-11  0.2367E-11
CALSDV   30   19  0.2882E-11  0.2899E-11
CALSDV   31   19  0.2249E-11  0.2240E-11
CALSDV   32   19  0.2635E-11  0.2650E-11
CALSDV   33   19  0.2233E-11  0.2228E-11
CALSDV   34   19  0.2458E-11  0.2471E-11
CALSDV   35   19  0.2266E-11  0.2264E-11
CALSDV   36   19  0.2358E-11  0.2372E-11
CALSDV   37   19  0.2317E-11  0.2316E-11
CALSDV   38   19  0.2330E-11  0.2341E-11
CALSDV   39   19  0.2379E-11  0.2380E-11
CALSDV   40   19  0.2357E-11  0.2365E-11
CALSDV   41   19  0.2449E-11  0.2448E-11
CALSDV   42   19  0.2422E-11  0.2424E-11
CALSDV   43   19  0.2523E-11  0.2522E-11
CALSDV   44   19  0.2506E-11  0.2508E-11
CALSDV   45   19  0.2605E-11  0.2602E-11
CALSDV   46   19  0.2613E-11  0.2612E-11
CALSDV   47   19  0.2694E-11  0.2691E-11
CALSDV   48   19  0.2723E-11  0.2723E-11
CALSDV   49   19  0.2789E-11  0.2787E-11
CALSDV   50   19  0.2847E-11  0.2844E-11
CALSDV   51   19  0.2891E-11  0.2888E-11
CALSDV   52   19  0.2971E-11  0.2967E-11
CALSDV   53   19  0.3003E-11  0.3000E-11
CALSDV   54   19  0.3101E-11  0.3097E-11
CALSDV   55   19  0.3125E-11  0.3121E-11
CALSDV   56   19  0.3244E-11  0.3237E-11
CALSDV   57   19  0.3257E-11  0.3253E-11
CALSDV   58   19  0.3394E-11  0.3389E-11
CALSDV   59   19  0.3494E-11  0.3488E-11
CALSDV   60   19  0.3612E-11  0.3602E-11
CALSDV   20   20  0.5854E-11  0.5818E-11
CALSDV   21   20  0.5996E-11  0.5967E-11
CALSDV   22   20  0.5478E-11  0.5457E-11
CALSDV   23   20  0.3285E-11  0.3266E-11
CALSDV   24   20  0.4713E-11  0.4706E-11
CALSDV   25   20  0.3183E-11  0.3176E-11
CALSDV   26   20  0.3577E-11  0.3574E-11
CALSDV   27   20  0.3157E-11  0.3161E-11
CALSDV   28   20  0.2794E-11  0.2793E-11
CALSDV   29   20  0.2996E-11  0.2996E-11
CALSDV   30   20  0.2466E-11  0.2471E-11
CALSDV   31   20  0.2780E-11  0.2780E-11
CALSDV   32   20  0.2433E-11  0.2436E-11
CALSDV   33   20  0.2604E-11  0.2600E-11
CALSDV   34   20  0.2537E-11  0.2539E-11
CALSDV   35   20  0.2509E-11  0.2504E-11
CALSDV   36   20  0.2670E-11  0.2669E-11
CALSDV   37   20  0.2484E-11  0.2478E-11
CALSDV   38   20  0.2788E-11  0.2786E-11
CALSDV   39   20  0.2516E-11  0.2511E-11
CALSDV   40   20  0.2893E-11  0.2888E-11
CALSDV   41   20  0.2587E-11  0.2580E-11
CALSDV   42   20  0.2979E-11  0.2974E-11
CALSDV   43   20  0.2677E-11  0.2671E-11
CALSDV   44   20  0.3052E-11  0.3046E-11
CALSDV   45   20  0.2775E-11  0.2770E-11
CALSDV   46   20  0.3119E-11  0.3114E-11
CALSDV   47   20  0.2880E-11  0.2873E-11
CALSDV   48   20  0.3182E-11  0.3176E-11
CALSDV   49   20  0.2983E-11  0.2976E-11
CALSDV   50   20  0.3247E-11  0.3241E-11
CALSDV   51   20  0.3084E-11  0.3078E-11
CALSDV   52   20  0.3312E-11  0.3307E-11
CALSDV   53   20  0.3186E-11  0.3178E-11
CALSDV   54   20  0.3385E-11  0.3379E-11
CALSDV   55   20  0.3288E-11  0.3281E-11
CALSDV   56   20  0.3469E-11  0.3462E-11
CALSDV   57   20  0.3394E-11  0.3388E-11
CALSDV   58   20  0.3565E-11  0.3559E-11
CALSDV   59   20  0.3612E-11  0.3606E-11
CALSDV   60   20  0.3748E-11  0.3739E-11
CALSDV   21   21  0.4871E-11  0.4879E-11
CALSDV   22   21  0.5858E-11  0.5821E-11
CALSDV   23   21  0.4977E-11  0.4958E-11
CALSDV   24   21  0.3281E-11  0.3263E-11
CALSDV   25   21  0.4336E-11  0.4330E-11
CALSDV   26   21  0.3537E-11  0.3530E-11
CALSDV   27   21  0.3463E-11  0.3459E-11
CALSDV   28   21  0.3648E-11  0.3658E-11
CALSDV   29   21  0.2864E-11  0.2862E-11
CALSDV   30   21  0.3503E-11  0.3522E-11
CALSDV   31   21  0.2607E-11  0.2611E-11
CALSDV   32   21  0.3242E-11  0.3269E-11
CALSDV   33   21  0.2529E-11  0.2533E-11
CALSDV   34   21  0.2992E-11  0.3018E-11
CALSDV   35   21  0.2542E-11  0.2542E-11
CALSDV   36   21  0.2815E-11  0.2839E-11
CALSDV   37   21  0.2578E-11  0.2579E-11
CALSDV   38   21  0.2719E-11  0.2744E-11
CALSDV   39   21  0.2632E-11  0.2633E-11
CALSDV   40   21  0.2699E-11  0.2722E-11
CALSDV   41   21  0.2691E-11  0.2695E-11
CALSDV   42   21  0.2734E-11  0.2759E-11
CALSDV   43   21  0.2760E-11  0.2765E-11
CALSDV   44   21  0.2809E-11  0.2830E-11
CALSDV   45   21  0.2837E-11  0.2842E-11
CALSDV   46   21  0.2903E-11  0.2921E-11
CALSDV   47   21  0.2921E-11  0.2925E-11
CALSDV   48   21  0.3013E-11  0.3027E-11
CALSDV   49   21  0.3015E-11  0.3020E-11
CALSDV   50   21  0.3128E-11  0.3139E-11
CALSDV   51   21  0.3112E-11  0.3116E-11
CALSDV   52   21  0.3242E-11  0.3253E-11
CALSDV   53   21  0.3216E-11  0.3219E-11
CALSDV   54   21  0.3357E-11  0.3365E-11
CALSDV   55   21  0.3323E-11  0.3324E-11
CALSDV   56   21  0.3474E-11  0.3482E-11
CALSDV   57   21  0.3432E-11  0.3436E-11
CALSDV   58   21  0.3592E-11  0.3599E-11
CALSDV   59   21  0.3646E-11  0.3647E-11
CALSDV   60   21  0.3782E-11  0.3784E-11
CALSDV   22   22  0.5383E-11  0.5319E-11
CALSDV   23   22  0.5985E-11  0.5986E-11
CALSDV   24   22  0.5551E-11  0.5576E-11
CALSDV   25   22  0.3298E-11  0.3305E-11
CALSDV   26   22  0.4845E-11  0.4861E-11
CALSDV   27   22  0.3400E-11  0.3395E-11
CALSDV   28   22  0.3755E-11  0.3765E-11
CALSDV   29   22  0.3436E-11  0.3436E-11
CALSDV   30   22  0.2961E-11  0.2963E-11
CALSDV   31   22  0.3220E-11  0.3218E-11
CALSDV   32   22  0.2654E-11  0.2657E-11
CALSDV   33   22  0.2949E-11  0.2948E-11
CALSDV   34   22  0.2632E-11  0.2631E-11
CALSDV   35   22  0.2736E-11  0.2732E-11
CALSDV   36   22  0.2738E-11  0.2736E-11
CALSDV   37   22  0.2631E-11  0.2629E-11
CALSDV   38   22  0.2876E-11  0.2875E-11
CALSDV   39   22  0.2632E-11  0.2629E-11
CALSDV   40   22  0.3004E-11  0.3001E-11
CALSDV   41   22  0.2701E-11  0.2702E-11
CALSDV   42   22  0.3117E-11  0.3116E-11
CALSDV   43   22  0.2814E-11  0.2815E-11
CALSDV   44   22  0.3215E-11  0.3216E-11
CALSDV   45   22  0.2946E-11  0.2950E-11
CALSDV   46   22  0.3303E-11  0.3304E-11
CALSDV   47   22  0.3077E-11  0.3080E-11
CALSDV   48   22  0.3381E-11  0.3384E-11
CALSDV   49   22  0.3206E-11  0.3209E-11
CALSDV   50   22  0.3457E-11  0.3460E-11
CALSDV   51   22  0.3320E-11  0.3321E-11
CALSDV   52   22  0.3528E-11  0.3531E-11
CALSDV   53   22  0.3423E-11  0.3424E-11
CALSDV   54   22  0.3599E-11  0.3602E-11
CALSDV   55   22  0.3514E-11  0.3516E-11
CALSDV   56   22  0.3670E-11  0.3674E-11
CALSDV   57   22  0.3595E-11  0.3595E-11
CALSDV   58   22  0.3744E-11  0.3745E-11
CALSDV   59   22  0.3779E-11  0.3779E-11
CALSDV   60   22  0.3898E-11  0.3899E-11
CALSDV   23   23  0.5014E-11  0.5004E-11
CALSDV   24   23  0.6009E-11  0.6035E-11
CALSDV   25   23  0.5103E-11  0.5128E-11
CALSDV   26   23  0.3261E-11  0.3278E-11
CALSDV   27   23  0.4400E-11  0.4425E-11
CALSDV   28   23  0.3664E-11  0.3659E-11
CALSDV   29   23  0.3554E-11  0.3570E-11
CALSDV   30   23  0.3877E-11  0.3883E-11
CALSDV   31   23  0.3021E-11  0.3045E-11
CALSDV   32   23  0.3734E-11  0.3757E-11
CALSDV   33   23  0.2843E-11  0.2874E-11
CALSDV   34   23  0.3485E-11  0.3518E-11
CALSDV   35   23  0.2814E-11  0.2860E-11
CALSDV   36   23  0.3243E-11  0.3285E-11
CALSDV   37   23  0.2850E-11  0.2907E-11
CALSDV   38   23  0.3074E-11  0.3130E-11
CALSDV   39   23  0.2906E-11  0.2965E-11
CALSDV   40   23  0.3010E-11  0.3061E-11
CALSDV   41   23  0.2953E-11  0.3018E-11
CALSDV   42   23  0.3017E-11  0.3074E-11
CALSDV   43   23  0.3019E-11  0.3085E-11
CALSDV   44   23  0.3079E-11  0.3140E-11
CALSDV   45   23  0.3087E-11  0.3151E-11
CALSDV   46   23  0.3182E-11  0.3234E-11
CALSDV   47   23  0.3168E-11  0.3231E-11
CALSDV   48   23  0.3288E-11  0.3343E-11
CALSDV   49   23  0.3255E-11  0.3313E-11
CALSDV   50   23  0.3402E-11  0.3461E-11
CALSDV   51   23  0.3345E-11  0.3405E-11
CALSDV   52   23  0.3512E-11  0.3568E-11
CALSDV   53   23  0.3438E-11  0.3495E-11
CALSDV   54   23  0.3617E-11  0.3670E-11
CALSDV   55   23  0.3528E-11  0.3584E-11
CALSDV   56   23  0.3712E-11  0.3763E-11
CALSDV   57   23  0.3613E-11  0.3663E-11
CALSDV   58   23  0.3793E-11  0.3846E-11
CALSDV   59   23  0.3793E-11  0.3841E-11
CALSDV   60   23  0.3958E-11  0.3976E-11
CALSDV   24   24  0.5182E-11  0.5211E-11
CALSDV   25   24  0.6148E-11  0.6140E-11
CALSDV   26   24  0.5705E-11  0.5695E-11
CALSDV   27   24  0.3423E-11  0.3430E-11
CALSDV   28   24  0.4985E-11  0.4983E-11
CALSDV   29   24  0.3698E-11  0.3703E-11
CALSDV   30   24  0.3918E-11  0.3917E-11
CALSDV   31   24  0.3754E-11  0.3750E-11
CALSDV   32   24  0.3189E-11  0.3186E-11
CALSDV   33   24  0.3509E-11  0.3495E-11
CALSDV   34   24  0.2890E-11  0.2892E-11
CALSDV   35   24  0.3175E-11  0.3161E-11
CALSDV   36   24  0.2882E-11  0.2881E-11
CALSDV   37   24  0.2918E-11  0.2906E-11
CALSDV   38   24  0.2978E-11  0.2980E-11
CALSDV   39   24  0.2809E-11  0.2798E-11
CALSDV   40   24  0.3104E-11  0.3110E-11
CALSDV   41   24  0.2831E-11  0.2825E-11
CALSDV   42   24  0.3227E-11  0.3233E-11
CALSDV   43   24  0.2945E-11  0.2940E-11
CALSDV   44   24  0.3343E-11  0.3351E-11
CALSDV   45   24  0.3097E-11  0.3099E-11
CALSDV   46   24  0.3453E-11  0.3461E-11
CALSDV   47   24  0.3264E-11  0.3270E-11
CALSDV   48   24  0.3553E-11  0.3563E-11
CALSDV   49   24  0.3418E-11  0.3427E-11
CALSDV   50   24  0.3646E-11  0.3656E-11
CALSDV   51   24  0.3555E-11  0.3566E-11
CALSDV   52   24  0.3731E-11  0.3741E-11
CALSDV   53   24  0.3667E-11  0.3678E-11
CALSDV   54   24  0.3807E-11  0.3821E-11
CALSDV   55   24  0.3750E-11  0.3763E-11
CALSDV   56   24  0.3878E-11  0.3890E-11
CALSDV   57   24  0.3806E-11  0.3819E-11
CALSDV   58   24  0.3932E-11  0.3946E-11
CALSDV   59   24  0.3952E-11  0.3965E-11
CALSDV   60   24  0.4057E-11  0.4061E-11
CALSDV   25   25  0.5105E-11  0.5090E-11
CALSDV   26   25  0.6317E-11  0.6312E-11
CALSDV   27   25  0.5422E-11  0.5435E-11
CALSDV   28   25  0.3403E-11  0.3397E-11
CALSDV   29   25  0.4619E-11  0.4626E-11
CALSDV   30   25  0.3864E-11  0.3861E-11
CALSDV   31   25  0.3707E-11  0.3711E-11
CALSDV   32   25  0.4091E-11  0.4093E-11
CALSDV   33   25  0.3229E-11  0.3231E-11
CALSDV   34   25  0.3974E-11  0.3973E-11
CALSDV   35   25  0.3127E-11  0.3129E-11
CALSDV   36   25  0.3721E-11  0.3715E-11
CALSDV   37   25  0.3183E-11  0.3184E-11
CALSDV   38   25  0.3508E-11  0.3504E-11
CALSDV   39   25  0.3270E-11  0.3266E-11
CALSDV   40   25  0.3397E-11  0.3389E-11
CALSDV   41   25  0.3362E-11  0.3355E-11
CALSDV   42   25  0.3377E-11  0.3373E-11
CALSDV   43   25  0.3438E-11  0.3427E-11
CALSDV   44   25  0.3443E-11  0.3437E-11
CALSDV   45   25  0.3505E-11  0.3495E-11
CALSDV   46   25  0.3546E-11  0.3539E-11
CALSDV   47   25  0.3579E-11  0.3563E-11
CALSDV   48   25  0.3671E-11  0.3663E-11
CALSDV   49   25  0.3652E-11  0.3638E-11
CALSDV   50   25  0.3787E-11  0.3783E-11
CALSDV   51   25  0.3719E-11  0.3709E-11
CALSDV   52   25  0.3891E-11  0.3890E-11
CALSDV   53   25  0.3788E-11  0.3778E-11
CALSDV   54   25  0.3976E-11  0.3978E-11
CALSDV   55   25  0.3844E-11  0.3837E-11
CALSDV   56   25  0.4041E-11  0.4044E-11
CALSDV   57   25  0.3882E-11  0.3881E-11
CALSDV   58   25  0.4078E-11  0.4081E-11
CALSDV   59   25  0.4010E-11  0.4010E-11
CALSDV   60   25  0.4176E-11  0.4171E-11
CALSDV   26   26  0.5171E-11  0.5131E-11
CALSDV   27   26  0.6417E-11  0.6392E-11
CALSDV   28   26  0.5886E-11  0.5870E-11
CALSDV   29   26  0.3627E-11  0.3632E-11
CALSDV   30   26  0.5119E-11  0.5123E-11
CALSDV   31   26  0.4072E-11  0.4073E-11
CALSDV   32   26  0.4065E-11  0.4070E-11
CALSDV   33   26  0.4133E-11  0.4127E-11
CALSDV   34   26  0.3418E-11  0.3420E-11
CALSDV   35   26  0.3841E-11  0.3827E-11
CALSDV   36   26  0.3186E-11  0.3188E-11
CALSDV   37   26  0.3459E-11  0.3443E-11
CALSDV   38   26  0.3170E-11  0.3174E-11
CALSDV   39   26  0.3169E-11  0.3143E-11
CALSDV   40   26  0.3255E-11  0.3259E-11
CALSDV   41   26  0.3058E-11  0.3033E-11
CALSDV   42   26  0.3367E-11  0.3373E-11
CALSDV   43   26  0.3113E-11  0.3090E-11
CALSDV   44   26  0.3481E-11  0.3488E-11
CALSDV   45   26  0.3261E-11  0.3239E-11
CALSDV   46   26  0.3601E-11  0.3602E-11
CALSDV   47   26  0.3450E-11  0.3435E-11
CALSDV   48   26  0.3717E-11  0.3721E-11
CALSDV   49   26  0.3640E-11  0.3633E-11
CALSDV   50   26  0.3832E-11  0.3837E-11
CALSDV   51   26  0.3799E-11  0.3796E-11
CALSDV   52   26  0.3936E-11  0.3938E-11
CALSDV   53   26  0.3928E-11  0.3926E-11
CALSDV   54   26  0.4026E-11  0.4028E-11
CALSDV   55   26  0.4009E-11  0.4009E-11
CALSDV   56   26  0.4096E-11  0.4101E-11
CALSDV   57   26  0.4038E-11  0.4044E-11
CALSDV   58   26  0.4138E-11  0.4146E-11
CALSDV   59   26  0.4142E-11  0.4144E-11
CALSDV   60   26  0.4227E-11  0.4228E-11
CALSDV   27   27  0.4977E-11  0.4976E-11
CALSDV   28   27  0.6610E-11  0.6622E-11
CALSDV   29   27  0.5848E-11  0.5885E-11
CALSDV   30   27  0.3598E-11  0.3617E-11
CALSDV   31   27  0.4949E-11  0.4957E-11
CALSDV   32   27  0.4132E-11  0.4142E-11
CALSDV   33   27  0.3910E-11  0.3911E-11
CALSDV   34   27  0.4327E-11  0.4328E-11
CALSDV   35   27  0.3429E-11  0.3422E-11
CALSDV   36   27  0.4140E-11  0.4146E-11
CALSDV   37   27  0.3382E-11  0.3370E-11
CALSDV   38   27  0.3861E-11  0.3865E-11
CALSDV   39   27  0.3495E-11  0.3481E-11
CALSDV   40   27  0.3627E-11  0.3633E-11
CALSDV   41   27  0.3635E-11  0.3624E-11
CALSDV   42   27  0.3554E-11  0.3563E-11
CALSDV   43   27  0.3746E-11  0.3734E-11
CALSDV   44   27  0.3607E-11  0.3615E-11
CALSDV   45   27  0.3845E-11  0.3833E-11
CALSDV   46   27  0.3725E-11  0.3736E-11
CALSDV   47   27  0.3929E-11  0.3922E-11
CALSDV   48   27  0.3884E-11  0.3898E-11
CALSDV   49   27  0.3995E-11  0.3993E-11
CALSDV   50   27  0.4041E-11  0.4053E-11
CALSDV   51   27  0.4060E-11  0.4062E-11
CALSDV   52   27  0.4171E-11  0.4184E-11
CALSDV   53   27  0.4112E-11  0.4113E-11
CALSDV   54   27  0.4271E-11  0.4282E-11
CALSDV   55   27  0.4139E-11  0.4147E-11
CALSDV   56   27  0.4324E-11  0.4335E-11
CALSDV   57   27  0.4139E-11  0.4143E-11
CALSDV   58   27  0.4329E-11  0.4337E-11
CALSDV   59   27  0.4211E-11  0.4213E-11
CALSDV   60   27  0.4374E-11  0.4375E-11
CALSDV   28   28  0.5080E-11  0.5108E-11
CALSDV   29   28  0.6685E-11  0.6701E-11
CALSDV   30   28  0.6101E-11  0.6113E-11
CALSDV   31   28  0.3839E-11  0.3840E-11
CALSDV   32   28  0.5280E-11  0.5278E-11
CALSDV   33   28  0.4433E-11  0.4447E-11
CALSDV   34   28  0.4229E-11  0.4221E-11
CALSDV   35   28  0.4541E-11  0.4535E-11
CALSDV   36   28  0.3662E-11  0.3660E-11
CALSDV   37   28  0.4185E-11  0.4176E-11
CALSDV   38   28  0.3487E-11  0.3494E-11
CALSDV   39   28  0.3764E-11  0.3760E-11
CALSDV   40   28  0.3502E-11  0.3507E-11
CALSDV   41   28  0.3461E-11  0.3459E-11
CALSDV   42   28  0.3568E-11  0.3568E-11
CALSDV   43   28  0.3355E-11  0.3350E-11
CALSDV   44   28  0.3658E-11  0.3657E-11
CALSDV   45   28  0.3443E-11  0.3442E-11
CALSDV   46   28  0.3765E-11  0.3763E-11
CALSDV   47   28  0.3630E-11  0.3634E-11
CALSDV   48   28  0.3882E-11  0.3883E-11
CALSDV   49   28  0.3838E-11  0.3842E-11
CALSDV   50   28  0.4005E-11  0.4005E-11
CALSDV   51   28  0.4039E-11  0.4043E-11
CALSDV   52   28  0.4132E-11  0.4132E-11
CALSDV   53   28  0.4185E-11  0.4189E-11
CALSDV   54   28  0.4239E-11  0.4240E-11
CALSDV   55   28  0.4273E-11  0.4277E-11
CALSDV   56   28  0.4319E-11  0.4321E-11
CALSDV   57   28  0.4284E-11  0.4288E-11
CALSDV   58   28  0.4350E-11  0.4353E-11
CALSDV   59   28  0.4333E-11  0.4339E-11
CALSDV   60   28  0.4401E-11  0.4405E-11
CALSDV   29   29  0.4724E-11  0.4757E-11
CALSDV   30   29  0.7005E-11  0.7016E-11
CALSDV   31   29  0.6399E-11  0.6429E-11
CALSDV   32   29  0.3983E-11  0.3954E-11
CALSDV   33   29  0.5439E-11  0.5460E-11
CALSDV   34   29  0.4536E-11  0.4534E-11
CALSDV   35   29  0.4224E-11  0.4248E-11
CALSDV   36   29  0.4687E-11  0.4681E-11
CALSDV   37   29  0.3679E-11  0.3698E-11
CALSDV   38   29  0.4407E-11  0.4408E-11
CALSDV   39   29  0.3624E-11  0.3643E-11
CALSDV   40   29  0.4095E-11  0.4089E-11
CALSDV   41   29  0.3754E-11  0.3767E-11
CALSDV   42   29  0.3909E-11  0.3903E-11
CALSDV   43   29  0.3924E-11  0.3940E-11
CALSDV   44   29  0.3870E-11  0.3870E-11
CALSDV   45   29  0.4067E-11  0.4088E-11
CALSDV   46   29  0.4008E-11  0.4006E-11
CALSDV   47   29  0.4176E-11  0.4197E-11
CALSDV   48   29  0.4202E-11  0.4204E-11
CALSDV   49   29  0.4280E-11  0.4299E-11
CALSDV   50   29  0.4381E-11  0.4385E-11
CALSDV   51   29  0.4356E-11  0.4375E-11
CALSDV   52   29  0.4547E-11  0.4550E-11
CALSDV   53   29  0.4414E-11  0.4428E-11
CALSDV   54   29  0.4647E-11  0.4653E-11
CALSDV   55   29  0.4436E-11  0.4446E-11
CALSDV   56   29  0.4685E-11  0.4692E-11
CALSDV   57   29  0.4404E-11  0.4413E-11
CALSDV   58   29  0.4642E-11  0.4648E-11
CALSDV   59   29  0.4418E-11  0.4421E-11
CALSDV   60   29  0.4611E-11  0.4609E-11
CALSDV   30   30  0.5575E-11  0.5576E-11
CALSDV   31   30  0.7480E-11  0.7534E-11
CALSDV   32   30  0.6530E-11  0.6551E-11
CALSDV   33   30  0.4307E-11  0.4387E-11
CALSDV   34   30  0.5597E-11  0.5584E-11
CALSDV   35   30  0.4775E-11  0.4836E-11
CALSDV   36   30  0.4514E-11  0.4531E-11
CALSDV   37   30  0.4885E-11  0.4923E-11
CALSDV   38   30  0.4082E-11  0.4098E-11
CALSDV   39   30  0.4547E-11  0.4580E-11
CALSDV   40   30  0.4021E-11  0.4032E-11
CALSDV   41   30  0.4170E-11  0.4191E-11
CALSDV   42   30  0.4063E-11  0.4066E-11
CALSDV   43   30  0.3949E-11  0.3972E-11
CALSDV   44   30  0.4142E-11  0.4130E-11
CALSDV   45   30  0.3943E-11  0.3951E-11
CALSDV   46   30  0.4204E-11  0.4174E-11
CALSDV   47   30  0.4044E-11  0.4073E-11
CALSDV   48   30  0.4284E-11  0.4255E-11
CALSDV   49   30  0.4240E-11  0.4264E-11
CALSDV   50   30  0.4375E-11  0.4351E-11
CALSDV   51   30  0.4423E-11  0.4447E-11
CALSDV   52   30  0.4469E-11  0.4450E-11
CALSDV   53   30  0.4559E-11  0.4585E-11
CALSDV   54   30  0.4559E-11  0.4548E-11
CALSDV   55   30  0.4620E-11  0.4644E-11
CALSDV   56   30  0.4619E-11  0.4614E-11
CALSDV   57   30  0.4589E-11  0.4607E-11
CALSDV   58   30  0.4619E-11  0.4619E-11
CALSDV   59   30  0.4560E-11  0.4579E-11
CALSDV   60   30  0.4605E-11  0.4615E-11
CALSDV   31   31  0.5052E-11  0.4932E-11
CALSDV   32   31  0.7420E-11  0.7412E-11
CALSDV   33   31  0.6824E-11  0.6836E-11
CALSDV   34   31  0.4398E-11  0.4374E-11
CALSDV   35   31  0.5904E-11  0.5891E-11
CALSDV   36   31  0.5029E-11  0.4978E-11
CALSDV   37   31  0.4634E-11  0.4623E-11
CALSDV   38   31  0.5116E-11  0.5079E-11
CALSDV   39   31  0.4068E-11  0.4046E-11
CALSDV   40   31  0.4742E-11  0.4713E-11
CALSDV   41   31  0.3998E-11  0.3991E-11
CALSDV   42   31  0.4362E-11  0.4338E-11
CALSDV   43   31  0.4094E-11  0.4089E-11
CALSDV   44   31  0.4189E-11  0.4174E-11
CALSDV   45   31  0.4226E-11  0.4228E-11
CALSDV   46   31  0.4261E-11  0.4244E-11
CALSDV   47   31  0.4373E-11  0.4375E-11
CALSDV   48   31  0.4421E-11  0.4412E-11
CALSDV   49   31  0.4478E-11  0.4487E-11
CALSDV   50   31  0.4678E-11  0.4663E-11
CALSDV   51   31  0.4587E-11  0.4590E-11
CALSDV   52   31  0.4881E-11  0.4873E-11
CALSDV   53   31  0.4666E-11  0.4667E-11
CALSDV   54   31  0.5011E-11  0.5001E-11
CALSDV   55   31  0.4698E-11  0.4692E-11
CALSDV   56   31  0.5050E-11  0.5038E-11
CALSDV   57   31  0.4658E-11  0.4651E-11
CALSDV   58   31  0.4973E-11  0.4963E-11
CALSDV   59   31  0.4624E-11  0.4618E-11
CALSDV   60   31  0.4863E-11  0.4854E-11
CALSDV   32   32  0.4999E-11  0.5062E-11
CALSDV   33   32  0.7348E-11  0.7333E-11
CALSDV   34   32  0.6778E-11  0.6781E-11
CALSDV   35   32  0.4368E-11  0.4371E-11
CALSDV   36   32  0.5792E-11  0.5777E-11
CALSDV   37   32  0.5190E-11  0.5197E-11
CALSDV   38   32  0.4649E-11  0.4640E-11
CALSDV   39   32  0.5313E-11  0.5311E-11
CALSDV   40   32  0.4222E-11  0.4219E-11
CALSDV   41   32  0.4870E-11  0.4861E-11
CALSDV   42   32  0.4190E-11  0.4195E-11
CALSDV   43   32  0.4371E-11  0.4362E-11
CALSDV   44   32  0.4236E-11  0.4248E-11
CALSDV   45   32  0.4096E-11  0.4082E-11
CALSDV   46   32  0.4291E-11  0.4296E-11
CALSDV   47   32  0.4096E-11  0.4077E-11
CALSDV   48   32  0.4381E-11  0.4385E-11
CALSDV   49   32  0.4282E-11  0.4267E-11
CALSDV   50   32  0.4469E-11  0.4473E-11
CALSDV   51   32  0.4497E-11  0.4490E-11
CALSDV   52   32  0.4604E-11  0.4608E-11
CALSDV   53   32  0.4706E-11  0.4707E-11
CALSDV   54   32  0.4722E-11  0.4729E-11
CALSDV   55   32  0.4826E-11  0.4829E-11
CALSDV   56   32  0.4817E-11  0.4824E-11
CALSDV   57   32  0.4812E-11  0.4815E-11
CALSDV   58   32  0.4832E-11  0.4837E-11
CALSDV   59   32  0.4758E-11  0.4761E-11
CALSDV   60   32  0.4801E-11  0.4804E-11
CALSDV   33   33  0.5275E-11  0.5250E-11
CALSDV   34   33  0.7591E-11  0.7581E-11
CALSDV   35   33  0.7385E-11  0.7391E-11
CALSDV   36   33  0.4463E-11  0.4477E-11
CALSDV   37   33  0.6242E-11  0.6270E-11
CALSDV   38   33  0.5271E-11  0.5290E-11
CALSDV   39   33  0.4806E-11  0.4831E-11
CALSDV   40   33  0.5373E-11  0.5370E-11
CALSDV   41   33  0.4266E-11  0.4277E-11
CALSDV   42   33  0.4931E-11  0.4924E-11
CALSDV   43   33  0.4369E-11  0.4381E-11
CALSDV   44   33  0.4492E-11  0.4485E-11
CALSDV   45   33  0.4633E-11  0.4645E-11
CALSDV   46   33  0.4316E-11  0.4321E-11
CALSDV   47   33  0.4869E-11  0.4884E-11
CALSDV   48   33  0.4431E-11  0.4429E-11
CALSDV   49   33  0.5041E-11  0.5054E-11
CALSDV   50   33  0.4695E-11  0.4695E-11
CALSDV   51   33  0.5158E-11  0.5171E-11
CALSDV   52   33  0.4946E-11  0.4944E-11
CALSDV   53   33  0.5196E-11  0.5208E-11
CALSDV   54   33  0.5158E-11  0.5162E-11
CALSDV   55   33  0.5177E-11  0.5184E-11
CALSDV   56   33  0.5259E-11  0.5257E-11
CALSDV   57   33  0.5053E-11  0.5054E-11
CALSDV   58   33  0.5198E-11  0.5196E-11
CALSDV   59   33  0.4900E-11  0.4901E-11
CALSDV   60   33  0.5055E-11  0.5055E-11
CALSDV   34   34  0.5198E-11  0.5196E-11
CALSDV   35   34  0.7635E-11  0.7625E-11
CALSDV   36   34  0.7230E-11  0.7192E-11
CALSDV   37   34  0.4679E-11  0.4666E-11
CALSDV   38   34  0.6104E-11  0.6096E-11
CALSDV   39   34  0.5660E-11  0.5650E-11
CALSDV   40   34  0.4925E-11  0.4918E-11
CALSDV   41   34  0.5797E-11  0.5784E-11
CALSDV   42   34  0.4529E-11  0.4529E-11
CALSDV   43   34  0.5347E-11  0.5328E-11
CALSDV   44   34  0.4546E-11  0.4552E-11
CALSDV   45   34  0.4879E-11  0.4844E-11
CALSDV   46   34  0.4620E-11  0.4635E-11
CALSDV   47   34  0.4670E-11  0.4626E-11
CALSDV   48   34  0.4690E-11  0.4709E-11
CALSDV   49   34  0.4725E-11  0.4676E-11
CALSDV   50   34  0.4768E-11  0.4784E-11
CALSDV   51   34  0.4907E-11  0.4871E-11
CALSDV   52   34  0.4876E-11  0.4894E-11
CALSDV   53   34  0.5101E-11  0.5074E-11
CALSDV   54   34  0.4996E-11  0.5012E-11
CALSDV   55   34  0.5192E-11  0.5176E-11
CALSDV   56   34  0.5097E-11  0.5113E-11
CALSDV   57   34  0.5156E-11  0.5149E-11
CALSDV   58   34  0.5097E-11  0.5107E-11
CALSDV   59   34  0.5014E-11  0.5008E-11
CALSDV   60   34  0.5018E-11  0.5022E-11
CALSDV   35   35  0.5309E-11  0.5376E-11
CALSDV   36   35  0.7966E-11  0.7920E-11
CALSDV   37   35  0.7995E-11  0.7982E-11
CALSDV   38   35  0.4827E-11  0.4810E-11
CALSDV   39   35  0.6748E-11  0.6741E-11
CALSDV   40   35  0.5741E-11  0.5727E-11
CALSDV   41   35  0.5205E-11  0.5190E-11
CALSDV   42   35  0.5776E-11  0.5759E-11
CALSDV   43   35  0.4622E-11  0.4606E-11
CALSDV   44   35  0.5262E-11  0.5239E-11
CALSDV   45   35  0.4756E-11  0.4739E-11
CALSDV   46   35  0.4823E-11  0.4795E-11
CALSDV   47   35  0.5070E-11  0.5054E-11
CALSDV   48   35  0.4733E-11  0.4709E-11
CALSDV   49   35  0.5344E-11  0.5327E-11
CALSDV   50   35  0.4955E-11  0.4918E-11
CALSDV   51   35  0.5535E-11  0.5512E-11
CALSDV   52   35  0.5272E-11  0.5242E-11
CALSDV   53   35  0.5627E-11  0.5606E-11
CALSDV   54   35  0.5527E-11  0.5501E-11
CALSDV   55   35  0.5587E-11  0.5567E-11
CALSDV   56   35  0.5642E-11  0.5620E-11
CALSDV   57   35  0.5426E-11  0.5408E-11
CALSDV   58   35  0.5566E-11  0.5545E-11
CALSDV   59   35  0.5192E-11  0.5177E-11
CALSDV   60   35  0.5336E-11  0.5317E-11
CALSDV   36   36  0.5643E-11  0.5636E-11
CALSDV   37   36  0.7989E-11  0.7956E-11
CALSDV   38   36  0.7741E-11  0.7719E-11
CALSDV   39   36  0.5033E-11  0.4974E-11
CALSDV   40   36  0.6489E-11  0.6455E-11
CALSDV   41   36  0.6152E-11  0.6110E-11
CALSDV   42   36  0.5269E-11  0.5253E-11
CALSDV   43   36  0.6289E-11  0.6267E-11
CALSDV   44   36  0.4929E-11  0.4924E-11
CALSDV   45   36  0.5866E-11  0.5841E-11
CALSDV   46   36  0.5008E-11  0.5009E-11
CALSDV   47   36  0.5472E-11  0.5448E-11
CALSDV   48   36  0.5130E-11  0.5132E-11
CALSDV   49   36  0.5359E-11  0.5324E-11
CALSDV   50   36  0.5229E-11  0.5231E-11
CALSDV   51   36  0.5469E-11  0.5427E-11
CALSDV   52   36  0.5333E-11  0.5330E-11
CALSDV   53   36  0.5635E-11  0.5608E-11
CALSDV   54   36  0.5440E-11  0.5442E-11
CALSDV   55   36  0.5715E-11  0.5694E-11
CALSDV   56   36  0.5469E-11  0.5469E-11
CALSDV   57   36  0.5581E-11  0.5564E-11
CALSDV   58   36  0.5454E-11  0.5447E-11
CALSDV   59   36  0.5367E-11  0.5349E-11
CALSDV   60   36  0.5299E-11  0.5282E-11
CALSDV   37   37  0.5308E-11  0.5307E-11
CALSDV   38   37  0.8326E-11  0.8337E-11
CALSDV   39   37  0.8549E-11  0.8554E-11
CALSDV   40   37  0.5201E-11  0.5221E-11
CALSDV   41   37  0.7161E-11  0.7163E-11
CALSDV   42   37  0.6217E-11  0.6226E-11
CALSDV   43   37  0.5535E-11  0.5540E-11
CALSDV   44   37  0.6152E-11  0.6158E-11
CALSDV   45   37  0.4968E-11  0.4977E-11
CALSDV   46   37  0.5541E-11  0.5562E-11
CALSDV   47   37  0.5139E-11  0.5141E-11
CALSDV   48   37  0.5108E-11  0.5122E-11
CALSDV   49   37  0.5472E-11  0.5472E-11
CALSDV   50   37  0.5102E-11  0.5115E-11
CALSDV   51   37  0.5751E-11  0.5749E-11
CALSDV   52   37  0.5406E-11  0.5413E-11
CALSDV   53   37  0.5922E-11  0.5923E-11
CALSDV   54   37  0.5763E-11  0.5766E-11
CALSDV   55   37  0.5953E-11  0.5954E-11
CALSDV   56   37  0.5981E-11  0.5990E-11
CALSDV   57   37  0.5842E-11  0.5850E-11
CALSDV   58   37  0.5892E-11  0.5901E-11
CALSDV   59   37  0.5486E-11  0.5490E-11
CALSDV   60   37  0.5647E-11  0.5642E-11
CALSDV   38   38  0.5977E-11  0.5917E-11
CALSDV   39   38  0.8355E-11  0.8397E-11
CALSDV   40   38  0.8262E-11  0.8353E-11
CALSDV   41   38  0.5365E-11  0.5397E-11
CALSDV   42   38  0.6912E-11  0.6830E-11
CALSDV   43   38  0.6627E-11  0.6599E-11
CALSDV   44   38  0.5693E-11  0.5547E-11
CALSDV   45   38  0.6762E-11  0.6732E-11
CALSDV   46   38  0.5433E-11  0.5283E-11
CALSDV   47   38  0.6370E-11  0.6357E-11
CALSDV   48   38  0.5582E-11  0.5438E-11
CALSDV   49   38  0.6092E-11  0.6060E-11
CALSDV   50   38  0.5740E-11  0.5605E-11
CALSDV   51   38  0.6094E-11  0.6021E-11
CALSDV   52   38  0.5883E-11  0.5706E-11
CALSDV   53   38  0.6277E-11  0.6088E-11
CALSDV   54   38  0.6011E-11  0.5780E-11
CALSDV   55   38  0.6391E-11  0.6111E-11
CALSDV   56   38  0.6086E-11  0.5826E-11
CALSDV   57   38  0.6343E-11  0.5977E-11
CALSDV   58   38  0.6117E-11  0.5743E-11
CALSDV   59   38  0.5898E-11  0.5661E-11
CALSDV   60   38  0.5662E-11  0.5608E-11
CALSDV   39   39  0.5568E-11  0.5527E-11
CALSDV   40   39  0.8759E-11  0.8765E-11
CALSDV   41   39  0.9191E-11  0.9162E-11
CALSDV   42   39  0.5694E-11  0.5690E-11
CALSDV   43   39  0.7582E-11  0.7580E-11
CALSDV   44   39  0.6769E-11  0.6784E-11
CALSDV   45   39  0.5863E-11  0.5874E-11
CALSDV   46   39  0.6574E-11  0.6600E-11
CALSDV   47   39  0.5360E-11  0.5378E-11
CALSDV   48   39  0.5881E-11  0.5892E-11
CALSDV   49   39  0.5595E-11  0.5603E-11
CALSDV   50   39  0.5469E-11  0.5474E-11
CALSDV   51   39  0.5949E-11  0.5965E-11
CALSDV   52   39  0.5561E-11  0.5574E-11
CALSDV   53   39  0.6208E-11  0.6226E-11
CALSDV   54   39  0.5921E-11  0.5930E-11
CALSDV   55   39  0.6303E-11  0.6318E-11
CALSDV   56   39  0.6228E-11  0.6238E-11
CALSDV   57   39  0.6212E-11  0.6231E-11
CALSDV   58   39  0.6310E-11  0.6325E-11
CALSDV   59   39  0.5876E-11  0.5883E-11
CALSDV   60   39  0.5976E-11  0.5983E-11
CALSDV   40   40  0.6270E-11  0.6279E-11
CALSDV   41   40  0.8902E-11  0.8889E-11
CALSDV   42   40  0.9141E-11  0.9060E-11
CALSDV   43   40  0.5885E-11  0.5863E-11
CALSDV   44   40  0.7437E-11  0.7390E-11
CALSDV   45   40  0.7135E-11  0.7141E-11
CALSDV   46   40  0.6012E-11  0.6015E-11
CALSDV   47   40  0.7225E-11  0.7224E-11
CALSDV   48   40  0.5830E-11  0.5835E-11
CALSDV   49   40  0.6882E-11  0.6882E-11
CALSDV   50   40  0.6128E-11  0.6112E-11
CALSDV   51   40  0.6724E-11  0.6713E-11
CALSDV   52   40  0.6409E-11  0.6369E-11
CALSDV   53   40  0.6769E-11  0.6774E-11
CALSDV   54   40  0.6565E-11  0.6522E-11
CALSDV   55   40  0.6812E-11  0.6823E-11
CALSDV   56   40  0.6595E-11  0.6563E-11
CALSDV   57   40  0.6675E-11  0.6697E-11
CALSDV   58   40  0.6481E-11  0.6464E-11
CALSDV   59   40  0.6213E-11  0.6221E-11
CALSDV   60   40  0.6104E-11  0.6089E-11
CALSDV   41   41  0.5927E-11  0.5948E-11
CALSDV   42   41  0.9220E-11  0.9219E-11
CALSDV   43   41  0.9878E-11  0.9846E-11
CALSDV   44   41  0.6272E-11  0.6261E-11
CALSDV   45   41  0.7999E-11  0.7988E-11
CALSDV   46   41  0.7380E-11  0.7407E-11
CALSDV   47   41  0.6177E-11  0.6199E-11
CALSDV   48   41  0.7028E-11  0.7080E-11
CALSDV   49   41  0.5798E-11  0.5816E-11
CALSDV   50   41  0.6251E-11  0.6322E-11
CALSDV   51   41  0.6133E-11  0.6160E-11
CALSDV   52   41  0.5923E-11  0.5988E-11
CALSDV   53   41  0.6508E-11  0.6528E-11
CALSDV   54   41  0.6129E-11  0.6179E-11
CALSDV   55   41  0.6690E-11  0.6704E-11
CALSDV   56   41  0.6477E-11  0.6510E-11
CALSDV   57   41  0.6629E-11  0.6642E-11
CALSDV   58   41  0.6634E-11  0.6654E-11
CALSDV   59   41  0.6216E-11  0.6225E-11
CALSDV   60   41  0.6340E-11  0.6349E-11
CALSDV   42   42  0.6498E-11  0.6529E-11
CALSDV   43   42  0.9436E-11  0.9419E-11
CALSDV   44   42  0.1005E-10  0.1009E-10
CALSDV   45   42  0.6453E-11  0.6432E-11
CALSDV   46   42  0.8030E-11  0.8051E-11
CALSDV   47   42  0.7659E-11  0.7641E-11
CALSDV   48   42  0.6408E-11  0.6398E-11
CALSDV   49   42  0.7592E-11  0.7590E-11
CALSDV   50   42  0.6316E-11  0.6338E-11
CALSDV   51   42  0.7225E-11  0.7236E-11
CALSDV   52   42  0.6790E-11  0.6844E-11
CALSDV   53   42  0.7124E-11  0.7134E-11
CALSDV   54   42  0.7145E-11  0.7210E-11
CALSDV   55   42  0.7170E-11  0.7185E-11
CALSDV   56   42  0.7248E-11  0.7313E-11
CALSDV   57   42  0.7076E-11  0.7092E-11
CALSDV   58   42  0.7090E-11  0.7147E-11
CALSDV   59   42  0.6553E-11  0.6571E-11
CALSDV   60   42  0.6556E-11  0.6589E-11
CALSDV   43   43  0.6288E-11  0.6275E-11
CALSDV   44   43  0.9645E-11  0.9671E-11
CALSDV   45   43  0.1059E-10  0.1060E-10
CALSDV   46   43  0.6864E-11  0.6876E-11
CALSDV   47   43  0.8384E-11  0.8375E-11
CALSDV   48   43  0.7989E-11  0.7996E-11
CALSDV   49   43  0.6493E-11  0.6501E-11
CALSDV   50   43  0.7493E-11  0.7509E-11
CALSDV   51   43  0.6318E-11  0.6326E-11
CALSDV   52   43  0.6723E-11  0.6737E-11
CALSDV   53   43  0.6787E-11  0.6800E-11
CALSDV   54   43  0.6524E-11  0.6533E-11
CALSDV   55   43  0.7111E-11  0.7136E-11
CALSDV   56   43  0.6775E-11  0.6798E-11
CALSDV   57   43  0.7101E-11  0.7130E-11
CALSDV   58   43  0.6969E-11  0.6988E-11
CALSDV   59   43  0.6612E-11  0.6625E-11
CALSDV   60   43  0.6666E-11  0.6675E-11
CALSDV   44   44  0.6653E-11  0.6684E-11
CALSDV   45   44  0.1010E-10  0.1012E-10
CALSDV   46   44  0.1112E-10  0.1111E-10
CALSDV   47   44  0.7146E-11  0.7125E-11
CALSDV   48   44  0.8662E-11  0.8666E-11
CALSDV   49   44  0.8258E-11  0.8268E-11
CALSDV   50   44  0.6782E-11  0.6772E-11
CALSDV   51   44  0.8101E-11  0.8120E-11
CALSDV   52   44  0.6874E-11  0.6866E-11
CALSDV   53   44  0.7767E-11  0.7777E-11
CALSDV   54   44  0.7542E-11  0.7539E-11
CALSDV   55   44  0.7683E-11  0.7693E-11
CALSDV   56   44  0.7898E-11  0.7895E-11
CALSDV   57   44  0.7586E-11  0.7579E-11
CALSDV   58   44  0.7782E-11  0.7783E-11
CALSDV   59   44  0.6984E-11  0.6979E-11
CALSDV   60   44  0.7088E-11  0.7083E-11
CALSDV   45   45  0.7034E-11  0.7171E-11
CALSDV   46   45  0.1064E-10  0.1065E-10
CALSDV   47   45  0.1151E-10  0.1146E-10
CALSDV   48   45  0.7636E-11  0.7617E-11
CALSDV   49   45  0.8829E-11  0.8804E-11
CALSDV   50   45  0.8709E-11  0.8662E-11
CALSDV   51   45  0.7086E-11  0.7036E-11
CALSDV   52   45  0.8266E-11  0.8235E-11
CALSDV   53   45  0.7297E-11  0.7287E-11
CALSDV   54   45  0.7652E-11  0.7672E-11
CALSDV   55   45  0.7842E-11  0.7874E-11
CALSDV   56   45  0.7551E-11  0.7574E-11
CALSDV   57   45  0.7910E-11  0.7926E-11
CALSDV   58   45  0.7600E-11  0.7608E-11
CALSDV   59   45  0.7227E-11  0.7223E-11
CALSDV   60   45  0.7147E-11  0.7146E-11
CALSDV   46   46  0.7342E-11  0.7345E-11
CALSDV   47   46  0.1097E-10  0.1110E-10
CALSDV   48   46  0.1204E-10  0.1215E-10
CALSDV   49   46  0.8020E-11  0.8120E-11
CALSDV   50   46  0.9268E-11  0.9330E-11
CALSDV   51   46  0.9060E-11  0.9120E-11
CALSDV   52   46  0.7346E-11  0.7377E-11
CALSDV   53   46  0.8816E-11  0.8869E-11
CALSDV   54   46  0.7598E-11  0.7607E-11
CALSDV   55   46  0.8438E-11  0.8459E-11
CALSDV   56   46  0.8285E-11  0.8244E-11
CALSDV   57   46  0.8167E-11  0.8185E-11
CALSDV   58   46  0.8395E-11  0.8341E-11
CALSDV   59   46  0.7443E-11  0.7472E-11
CALSDV   60   46  0.7614E-11  0.7609E-11
CALSDV   47   47  0.6744E-11  0.6777E-11
CALSDV   48   47  0.1071E-10  0.1072E-10
CALSDV   49   47  0.1208E-10  0.1209E-10
CALSDV   50   47  0.8229E-11  0.8239E-11
CALSDV   51   47  0.8913E-11  0.8947E-11
CALSDV   52   47  0.9243E-11  0.9247E-11
CALSDV   53   47  0.7278E-11  0.7291E-11
CALSDV   54   47  0.8639E-11  0.8614E-11
CALSDV   55   47  0.7819E-11  0.7804E-11
CALSDV   56   47  0.8092E-11  0.8071E-11
CALSDV   57   47  0.8277E-11  0.8283E-11
CALSDV   58   47  0.7975E-11  0.7974E-11
CALSDV   59   47  0.7700E-11  0.7703E-11
CALSDV   60   47  0.7531E-11  0.7541E-11
CALSDV   48   48  0.7062E-11  0.7026E-11
CALSDV   49   48  0.1132E-10  0.1132E-10
CALSDV   50   48  0.1277E-10  0.1281E-10
CALSDV   51   48  0.8332E-11  0.8332E-11
CALSDV   52   48  0.9240E-11  0.9235E-11
CALSDV   53   48  0.9149E-11  0.9129E-11
CALSDV   54   48  0.7548E-11  0.7542E-11
CALSDV   55   48  0.8795E-11  0.8762E-11
CALSDV   56   48  0.8360E-11  0.8370E-11
CALSDV   57   48  0.8435E-11  0.8401E-11
CALSDV   58   48  0.8971E-11  0.8970E-11
CALSDV   59   48  0.7786E-11  0.7785E-11
CALSDV   60   48  0.8266E-11  0.8267E-11
CALSDV   49   49  0.6494E-11  0.6513E-11
CALSDV   50   49  0.1127E-10  0.1127E-10
CALSDV   51   49  0.1255E-10  0.1263E-10
CALSDV   52   49  0.8906E-11  0.8938E-11
CALSDV   53   49  0.8807E-11  0.8842E-11
CALSDV   54   49  0.9952E-11  0.9952E-11
CALSDV   55   49  0.7661E-11  0.7682E-11
CALSDV   56   49  0.9428E-11  0.9372E-11
CALSDV   57   49  0.8441E-11  0.8440E-11
CALSDV   58   49  0.8886E-11  0.8831E-11
CALSDV   59   49  0.8201E-11  0.8215E-11
CALSDV   60   49  0.8131E-11  0.8127E-11
CALSDV   50   50  0.6913E-11  0.6938E-11
CALSDV   51   50  0.1235E-10  0.1227E-10
CALSDV   52   50  0.1332E-10  0.1333E-10
CALSDV   53   50  0.8961E-11  0.8933E-11
CALSDV   54   50  0.9146E-11  0.9142E-11
CALSDV   55   50  0.1005E-10  0.9994E-11
CALSDV   56   50  0.8099E-11  0.8086E-11
CALSDV   57   50  0.9754E-11  0.9712E-11
CALSDV   58   50  0.9115E-11  0.9101E-11
CALSDV   59   50  0.8666E-11  0.8643E-11
CALSDV   60   50  0.8818E-11  0.8811E-11
CALSDV   51   51  0.6281E-11  0.6292E-11
CALSDV   52   51  0.1230E-10  0.1222E-10
CALSDV   53   51  0.1288E-10  0.1289E-10
CALSDV   54   51  0.9671E-11  0.9652E-11
CALSDV   55   51  0.8797E-11  0.8803E-11
CALSDV   56   51  0.1103E-10  0.1090E-10
CALSDV   57   51  0.8500E-11  0.8493E-11
CALSDV   58   51  0.1051E-10  0.1036E-10
CALSDV   59   51  0.8709E-11  0.8704E-11
CALSDV   60   51  0.9157E-11  0.9091E-11
CALSDV   52   52  0.6567E-11  0.6611E-11
CALSDV   53   52  0.1295E-10  0.1296E-10
CALSDV   54   52  0.1345E-10  0.1338E-10
CALSDV   55   52  0.9665E-11  0.9594E-11
CALSDV   56   52  0.8892E-11  0.8816E-11
CALSDV   57   52  0.1089E-10  0.1089E-10
CALSDV   58   52  0.8819E-11  0.8764E-11
CALSDV   59   52  0.9762E-11  0.9782E-11
CALSDV   60   52  0.9217E-11  0.9176E-11
CALSDV   53   53  0.5908E-11  0.5987E-11
CALSDV   54   53  0.1312E-10  0.1312E-10
CALSDV   55   53  0.1287E-10  0.1286E-10
CALSDV   56   53  0.1052E-10  0.1045E-10
CALSDV   57   53  0.9065E-11  0.9012E-11
CALSDV   58   53  0.1207E-10  0.1186E-10
CALSDV   59   53  0.9188E-11  0.9087E-11
CALSDV   60   53  0.1055E-10  0.1044E-10
CALSDV   54   54  0.6419E-11  0.6374E-11
CALSDV   55   54  0.1269E-10  0.1267E-10
CALSDV   56   54  0.1312E-10  0.1306E-10
CALSDV   57   54  0.1059E-10  0.1060E-10
CALSDV   58   54  0.8808E-11  0.8754E-11
CALSDV   59   54  0.1111E-10  0.1110E-10
CALSDV   60   54  0.9424E-11  0.9365E-11
CALSDV   55   55  0.6369E-11  0.6322E-11
CALSDV   56   55  0.1312E-10  0.1310E-10
CALSDV   57   55  0.1294E-10  0.1289E-10
CALSDV   58   55  0.1162E-10  0.1160E-10
CALSDV   59   55  0.9977E-11  0.9976E-11
CALSDV   60   55  0.1214E-10  0.1211E-10
CALSDV   56   56  0.6611E-11  0.6617E-11
CALSDV   57   56  0.1082E-10  0.1086E-10
CALSDV   58   56  0.1258E-10  0.1251E-10
CALSDV   59   56  0.1157E-10  0.1157E-10
CALSDV   60   56  0.9737E-11  0.9675E-11
CALSDV   57   57  0.7219E-11  0.7174E-11
CALSDV   58   57  0.1117E-10  0.1118E-10
CALSDV   59   57  0.1401E-10  0.1397E-10
CALSDV   60   57  0.1233E-10  0.1235E-10
CALSDV   58   58  0.7202E-11  0.7274E-11
CALSDV   59   58  0.8582E-11  0.8749E-11
CALSDV   60   58  0.1361E-10  0.1359E-10
CALSDV   59   59  0.6151E-11  0.6261E-11
CALSDV   60   59  0.9045E-11  0.8822E-11
CALSDV   60   60  0.7171E-11  0.7022E-11
