  This file contains calibrated standard deviations 
       The relevant data lines start with key CALSDV 
       Each such line contains the following data 
           N   M   C_SIGMA   S_SIGMA 
                 FOR M=0 S_SIGMA=0.0 
     
CALSDV    0    0  0.0000E+00  0.0000E+00
CALSDV    1    0  0.0000E+00  0.0000E+00
CALSDV    2    0  0.1091E-09  0.0000E+00
CALSDV    3    0  0.9358E-11  0.0000E+00
CALSDV    4    0  0.3511E-11  0.0000E+00
CALSDV    5    0  0.2281E-11  0.0000E+00
CALSDV    6    0  0.1746E-11  0.0000E+00
CALSDV    7    0  0.1425E-11  0.0000E+00
CALSDV    8    0  0.1215E-11  0.0000E+00
CALSDV    9    0  0.1065E-11  0.0000E+00
CALSDV   10    0  0.9583E-12  0.0000E+00
CALSDV   11    0  0.8768E-12  0.0000E+00
CALSDV   12    0  0.8134E-12  0.0000E+00
CALSDV   13    0  0.7644E-12  0.0000E+00
CALSDV   14    0  0.7255E-12  0.0000E+00
CALSDV   15    0  0.6941E-12  0.0000E+00
CALSDV   16    0  0.6699E-12  0.0000E+00
CALSDV   17    0  0.6506E-12  0.0000E+00
CALSDV   18    0  0.6348E-12  0.0000E+00
CALSDV   19    0  0.6238E-12  0.0000E+00
CALSDV   20    0  0.6156E-12  0.0000E+00
CALSDV   21    0  0.6098E-12  0.0000E+00
CALSDV   22    0  0.6064E-12  0.0000E+00
CALSDV   23    0  0.6055E-12  0.0000E+00
CALSDV   24    0  0.6062E-12  0.0000E+00
CALSDV   25    0  0.6088E-12  0.0000E+00
CALSDV   26    0  0.6134E-12  0.0000E+00
CALSDV   27    0  0.6194E-12  0.0000E+00
CALSDV   28    0  0.6265E-12  0.0000E+00
CALSDV   29    0  0.6355E-12  0.0000E+00
CALSDV   30    0  0.6461E-12  0.0000E+00
CALSDV   31    0  0.6578E-12  0.0000E+00
CALSDV   32    0  0.6710E-12  0.0000E+00
CALSDV   33    0  0.6859E-12  0.0000E+00
CALSDV   34    0  0.7013E-12  0.0000E+00
CALSDV   35    0  0.7191E-12  0.0000E+00
CALSDV   36    0  0.7378E-12  0.0000E+00
CALSDV   37    0  0.7584E-12  0.0000E+00
CALSDV   38    0  0.7807E-12  0.0000E+00
CALSDV   39    0  0.8045E-12  0.0000E+00
CALSDV   40    0  0.8301E-12  0.0000E+00
CALSDV   41    0  0.8574E-12  0.0000E+00
CALSDV   42    0  0.8865E-12  0.0000E+00
CALSDV   43    0  0.9177E-12  0.0000E+00
CALSDV   44    0  0.9508E-12  0.0000E+00
CALSDV   45    0  0.9861E-12  0.0000E+00
CALSDV   46    0  0.1024E-11  0.0000E+00
CALSDV   47    0  0.1063E-11  0.0000E+00
CALSDV   48    0  0.1106E-11  0.0000E+00
CALSDV   49    0  0.1151E-11  0.0000E+00
CALSDV   50    0  0.1198E-11  0.0000E+00
CALSDV   51    0  0.1249E-11  0.0000E+00
CALSDV   52    0  0.1303E-11  0.0000E+00
CALSDV   53    0  0.1359E-11  0.0000E+00
CALSDV   54    0  0.1419E-11  0.0000E+00
CALSDV   55    0  0.1482E-11  0.0000E+00
CALSDV   56    0  0.1550E-11  0.0000E+00
CALSDV   57    0  0.1615E-11  0.0000E+00
CALSDV   58    0  0.1688E-11  0.0000E+00
CALSDV   59    0  0.1594E-11  0.0000E+00
CALSDV   60    0  0.1657E-11  0.0000E+00
CALSDV    1    1  0.0000E+00  0.0000E+00
CALSDV    2    1  0.3324E-10  0.3155E-10
CALSDV    3    1  0.7639E-11  0.7677E-11
CALSDV    4    1  0.3576E-11  0.3579E-11
CALSDV    5    1  0.2404E-11  0.2406E-11
CALSDV    6    1  0.1826E-11  0.1821E-11
CALSDV    7    1  0.1483E-11  0.1479E-11
CALSDV    8    1  0.1257E-11  0.1253E-11
CALSDV    9    1  0.1098E-11  0.1095E-11
CALSDV   10    1  0.9813E-12  0.9791E-12
CALSDV   11    1  0.8948E-12  0.8923E-12
CALSDV   12    1  0.8293E-12  0.8270E-12
CALSDV   13    1  0.7762E-12  0.7742E-12
CALSDV   14    1  0.7355E-12  0.7332E-12
CALSDV   15    1  0.7034E-12  0.7015E-12
CALSDV   16    1  0.6771E-12  0.6751E-12
CALSDV   17    1  0.6571E-12  0.6551E-12
CALSDV   18    1  0.6414E-12  0.6396E-12
CALSDV   19    1  0.6292E-12  0.6275E-12
CALSDV   20    1  0.6205E-12  0.6184E-12
CALSDV   21    1  0.6144E-12  0.6127E-12
CALSDV   22    1  0.6108E-12  0.6090E-12
CALSDV   23    1  0.6094E-12  0.6075E-12
CALSDV   24    1  0.6101E-12  0.6083E-12
CALSDV   25    1  0.6126E-12  0.6108E-12
CALSDV   26    1  0.6167E-12  0.6148E-12
CALSDV   27    1  0.6225E-12  0.6208E-12
CALSDV   28    1  0.6298E-12  0.6279E-12
CALSDV   29    1  0.6388E-12  0.6369E-12
CALSDV   30    1  0.6488E-12  0.6470E-12
CALSDV   31    1  0.6607E-12  0.6589E-12
CALSDV   32    1  0.6738E-12  0.6719E-12
CALSDV   33    1  0.6885E-12  0.6866E-12
CALSDV   34    1  0.7041E-12  0.7022E-12
CALSDV   35    1  0.7219E-12  0.7199E-12
CALSDV   36    1  0.7405E-12  0.7385E-12
CALSDV   37    1  0.7612E-12  0.7590E-12
CALSDV   38    1  0.7834E-12  0.7812E-12
CALSDV   39    1  0.8071E-12  0.8049E-12
CALSDV   40    1  0.8328E-12  0.8304E-12
CALSDV   41    1  0.8600E-12  0.8577E-12
CALSDV   42    1  0.8892E-12  0.8867E-12
CALSDV   43    1  0.9203E-12  0.9179E-12
CALSDV   44    1  0.9535E-12  0.9509E-12
CALSDV   45    1  0.9887E-12  0.9861E-12
CALSDV   46    1  0.1026E-11  0.1024E-11
CALSDV   47    1  0.1066E-11  0.1063E-11
CALSDV   48    1  0.1109E-11  0.1106E-11
CALSDV   49    1  0.1153E-11  0.1151E-11
CALSDV   50    1  0.1201E-11  0.1198E-11
CALSDV   51    1  0.1252E-11  0.1249E-11
CALSDV   52    1  0.1305E-11  0.1302E-11
CALSDV   53    1  0.1362E-11  0.1359E-11
CALSDV   54    1  0.1423E-11  0.1419E-11
CALSDV   55    1  0.1485E-11  0.1482E-11
CALSDV   56    1  0.1553E-11  0.1549E-11
CALSDV   57    1  0.1618E-11  0.1614E-11
CALSDV   58    1  0.1691E-11  0.1687E-11
CALSDV   59    1  0.1600E-11  0.1596E-11
CALSDV   60    1  0.1663E-11  0.1658E-11
CALSDV    2    2  0.2246E-10  0.1980E-10
CALSDV    3    2  0.1059E-10  0.1046E-10
CALSDV    4    2  0.4929E-11  0.4908E-11
CALSDV    5    2  0.3045E-11  0.3043E-11
CALSDV    6    2  0.2230E-11  0.2226E-11
CALSDV    7    2  0.1732E-11  0.1729E-11
CALSDV    8    2  0.1434E-11  0.1432E-11
CALSDV    9    2  0.1221E-11  0.1220E-11
CALSDV   10    2  0.1078E-11  0.1077E-11
CALSDV   11    2  0.9685E-12  0.9683E-12
CALSDV   12    2  0.8870E-12  0.8870E-12
CALSDV   13    2  0.8240E-12  0.8237E-12
CALSDV   14    2  0.7751E-12  0.7751E-12
CALSDV   15    2  0.7358E-12  0.7354E-12
CALSDV   16    2  0.7057E-12  0.7056E-12
CALSDV   17    2  0.6813E-12  0.6813E-12
CALSDV   18    2  0.6623E-12  0.6621E-12
CALSDV   19    2  0.6478E-12  0.6478E-12
CALSDV   20    2  0.6367E-12  0.6369E-12
CALSDV   21    2  0.6291E-12  0.6290E-12
CALSDV   22    2  0.6240E-12  0.6241E-12
CALSDV   23    2  0.6214E-12  0.6214E-12
CALSDV   24    2  0.6209E-12  0.6208E-12
CALSDV   25    2  0.6226E-12  0.6227E-12
CALSDV   26    2  0.6258E-12  0.6258E-12
CALSDV   27    2  0.6309E-12  0.6309E-12
CALSDV   28    2  0.6378E-12  0.6379E-12
CALSDV   29    2  0.6461E-12  0.6462E-12
CALSDV   30    2  0.6558E-12  0.6559E-12
CALSDV   31    2  0.6673E-12  0.6673E-12
CALSDV   32    2  0.6797E-12  0.6796E-12
CALSDV   33    2  0.6941E-12  0.6942E-12
CALSDV   34    2  0.7099E-12  0.7098E-12
CALSDV   35    2  0.7272E-12  0.7272E-12
CALSDV   36    2  0.7458E-12  0.7457E-12
CALSDV   37    2  0.7662E-12  0.7662E-12
CALSDV   38    2  0.7879E-12  0.7879E-12
CALSDV   39    2  0.8117E-12  0.8116E-12
CALSDV   40    2  0.8370E-12  0.8369E-12
CALSDV   41    2  0.8641E-12  0.8641E-12
CALSDV   42    2  0.8932E-12  0.8931E-12
CALSDV   43    2  0.9242E-12  0.9242E-12
CALSDV   44    2  0.9571E-12  0.9571E-12
CALSDV   45    2  0.9924E-12  0.9924E-12
CALSDV   46    2  0.1030E-11  0.1030E-11
CALSDV   47    2  0.1070E-11  0.1070E-11
CALSDV   48    2  0.1112E-11  0.1112E-11
CALSDV   49    2  0.1157E-11  0.1157E-11
CALSDV   50    2  0.1204E-11  0.1204E-11
CALSDV   51    2  0.1255E-11  0.1255E-11
CALSDV   52    2  0.1309E-11  0.1309E-11
CALSDV   53    2  0.1365E-11  0.1365E-11
CALSDV   54    2  0.1426E-11  0.1426E-11
CALSDV   55    2  0.1489E-11  0.1489E-11
CALSDV   56    2  0.1556E-11  0.1556E-11
CALSDV   57    2  0.1623E-11  0.1623E-11
CALSDV   58    2  0.1696E-11  0.1696E-11
CALSDV   59    2  0.1618E-11  0.1618E-11
CALSDV   60    2  0.1681E-11  0.1680E-11
CALSDV    3    3  0.2452E-10  0.2453E-10
CALSDV    4    3  0.9884E-11  0.9947E-11
CALSDV    5    3  0.6772E-11  0.6783E-11
CALSDV    6    3  0.3709E-11  0.3723E-11
CALSDV    7    3  0.3255E-11  0.3257E-11
CALSDV    8    3  0.2085E-11  0.2096E-11
CALSDV    9    3  0.1971E-11  0.1973E-11
CALSDV   10    3  0.1423E-11  0.1427E-11
CALSDV   11    3  0.1384E-11  0.1386E-11
CALSDV   12    3  0.1093E-11  0.1097E-11
CALSDV   13    3  0.1075E-11  0.1077E-11
CALSDV   14    3  0.9081E-12  0.9095E-12
CALSDV   15    3  0.9000E-12  0.9016E-12
CALSDV   16    3  0.7977E-12  0.7989E-12
CALSDV   17    3  0.7943E-12  0.7954E-12
CALSDV   18    3  0.7291E-12  0.7303E-12
CALSDV   19    3  0.7290E-12  0.7297E-12
CALSDV   20    3  0.6876E-12  0.6888E-12
CALSDV   21    3  0.6902E-12  0.6912E-12
CALSDV   22    3  0.6641E-12  0.6650E-12
CALSDV   23    3  0.6687E-12  0.6699E-12
CALSDV   24    3  0.6532E-12  0.6541E-12
CALSDV   25    3  0.6601E-12  0.6612E-12
CALSDV   26    3  0.6526E-12  0.6536E-12
CALSDV   27    3  0.6618E-12  0.6630E-12
CALSDV   28    3  0.6604E-12  0.6614E-12
CALSDV   29    3  0.6720E-12  0.6731E-12
CALSDV   30    3  0.6752E-12  0.6763E-12
CALSDV   31    3  0.6892E-12  0.6904E-12
CALSDV   32    3  0.6967E-12  0.6979E-12
CALSDV   33    3  0.7130E-12  0.7143E-12
CALSDV   34    3  0.7252E-12  0.7263E-12
CALSDV   35    3  0.7440E-12  0.7452E-12
CALSDV   36    3  0.7596E-12  0.7610E-12
CALSDV   37    3  0.7813E-12  0.7829E-12
CALSDV   38    3  0.8006E-12  0.8019E-12
CALSDV   39    3  0.8252E-12  0.8268E-12
CALSDV   40    3  0.8486E-12  0.8501E-12
CALSDV   41    3  0.8766E-12  0.8781E-12
CALSDV   42    3  0.9040E-12  0.9056E-12
CALSDV   43    3  0.9357E-12  0.9374E-12
CALSDV   44    3  0.9674E-12  0.9692E-12
CALSDV   45    3  0.1003E-11  0.1005E-11
CALSDV   46    3  0.1039E-11  0.1041E-11
CALSDV   47    3  0.1080E-11  0.1082E-11
CALSDV   48    3  0.1121E-11  0.1123E-11
CALSDV   49    3  0.1166E-11  0.1169E-11
CALSDV   50    3  0.1213E-11  0.1216E-11
CALSDV   51    3  0.1264E-11  0.1267E-11
CALSDV   52    3  0.1317E-11  0.1320E-11
CALSDV   53    3  0.1375E-11  0.1377E-11
CALSDV   54    3  0.1435E-11  0.1437E-11
CALSDV   55    3  0.1499E-11  0.1502E-11
CALSDV   56    3  0.1566E-11  0.1569E-11
CALSDV   57    3  0.1636E-11  0.1639E-11
CALSDV   58    3  0.1709E-11  0.1712E-11
CALSDV   59    3  0.1659E-11  0.1662E-11
CALSDV   60    3  0.1721E-11  0.1723E-11
CALSDV    4    4  0.1234E-10  0.1208E-10
CALSDV    5    4  0.1035E-10  0.1048E-10
CALSDV    6    4  0.4275E-11  0.4222E-11
CALSDV    7    4  0.3811E-11  0.3821E-11
CALSDV    8    4  0.2354E-11  0.2338E-11
CALSDV    9    4  0.2089E-11  0.2092E-11
CALSDV   10    4  0.1585E-11  0.1578E-11
CALSDV   11    4  0.1428E-11  0.1430E-11
CALSDV   12    4  0.1205E-11  0.1200E-11
CALSDV   13    4  0.1111E-11  0.1110E-11
CALSDV   14    4  0.9921E-12  0.9886E-12
CALSDV   15    4  0.9309E-12  0.9303E-12
CALSDV   16    4  0.8626E-12  0.8602E-12
CALSDV   17    4  0.8239E-12  0.8234E-12
CALSDV   18    4  0.7823E-12  0.7804E-12
CALSDV   19    4  0.7580E-12  0.7575E-12
CALSDV   20    4  0.7323E-12  0.7307E-12
CALSDV   21    4  0.7177E-12  0.7169E-12
CALSDV   22    4  0.7020E-12  0.7008E-12
CALSDV   23    4  0.6946E-12  0.6938E-12
CALSDV   24    4  0.6864E-12  0.6853E-12
CALSDV   25    4  0.6843E-12  0.6837E-12
CALSDV   26    4  0.6823E-12  0.6813E-12
CALSDV   27    4  0.6847E-12  0.6841E-12
CALSDV   28    4  0.6868E-12  0.6858E-12
CALSDV   29    4  0.6931E-12  0.6925E-12
CALSDV   30    4  0.6995E-12  0.6986E-12
CALSDV   31    4  0.7092E-12  0.7085E-12
CALSDV   32    4  0.7192E-12  0.7184E-12
CALSDV   33    4  0.7323E-12  0.7316E-12
CALSDV   34    4  0.7457E-12  0.7449E-12
CALSDV   35    4  0.7620E-12  0.7613E-12
CALSDV   36    4  0.7792E-12  0.7785E-12
CALSDV   37    4  0.7988E-12  0.7980E-12
CALSDV   38    4  0.8189E-12  0.8182E-12
CALSDV   39    4  0.8421E-12  0.8414E-12
CALSDV   40    4  0.8659E-12  0.8651E-12
CALSDV   41    4  0.8926E-12  0.8919E-12
CALSDV   42    4  0.9207E-12  0.9199E-12
CALSDV   43    4  0.9512E-12  0.9504E-12
CALSDV   44    4  0.9834E-12  0.9827E-12
CALSDV   45    4  0.1018E-11  0.1018E-11
CALSDV   46    4  0.1055E-11  0.1054E-11
CALSDV   47    4  0.1095E-11  0.1094E-11
CALSDV   48    4  0.1136E-11  0.1135E-11
CALSDV   49    4  0.1181E-11  0.1180E-11
CALSDV   50    4  0.1228E-11  0.1227E-11
CALSDV   51    4  0.1279E-11  0.1278E-11
CALSDV   52    4  0.1332E-11  0.1331E-11
CALSDV   53    4  0.1390E-11  0.1388E-11
CALSDV   54    4  0.1450E-11  0.1448E-11
CALSDV   55    4  0.1514E-11  0.1513E-11
CALSDV   56    4  0.1582E-11  0.1581E-11
CALSDV   57    4  0.1653E-11  0.1652E-11
CALSDV   58    4  0.1727E-11  0.1726E-11
CALSDV   59    4  0.1700E-11  0.1699E-11
CALSDV   60    4  0.1763E-11  0.1762E-11
CALSDV    5    5  0.1924E-10  0.1927E-10
CALSDV    6    5  0.7704E-11  0.7651E-11
CALSDV    7    5  0.5001E-11  0.5010E-11
CALSDV    8    5  0.3327E-11  0.3313E-11
CALSDV    9    5  0.2869E-11  0.2873E-11
CALSDV   10    5  0.2088E-11  0.2088E-11
CALSDV   11    5  0.1994E-11  0.1996E-11
CALSDV   12    5  0.1549E-11  0.1549E-11
CALSDV   13    5  0.1516E-11  0.1518E-11
CALSDV   14    5  0.1246E-11  0.1247E-11
CALSDV   15    5  0.1228E-11  0.1229E-11
CALSDV   16    5  0.1059E-11  0.1059E-11
CALSDV   17    5  0.1046E-11  0.1047E-11
CALSDV   18    5  0.9379E-12  0.9381E-12
CALSDV   19    5  0.9273E-12  0.9278E-12
CALSDV   20    5  0.8568E-12  0.8566E-12
CALSDV   21    5  0.8497E-12  0.8502E-12
CALSDV   22    5  0.8034E-12  0.8035E-12
CALSDV   23    5  0.7997E-12  0.7999E-12
CALSDV   24    5  0.7708E-12  0.7707E-12
CALSDV   25    5  0.7700E-12  0.7702E-12
CALSDV   26    5  0.7526E-12  0.7526E-12
CALSDV   27    5  0.7553E-12  0.7553E-12
CALSDV   28    5  0.7472E-12  0.7471E-12
CALSDV   29    5  0.7527E-12  0.7528E-12
CALSDV   30    5  0.7513E-12  0.7511E-12
CALSDV   31    5  0.7598E-12  0.7598E-12
CALSDV   32    5  0.7646E-12  0.7646E-12
CALSDV   33    5  0.7761E-12  0.7760E-12
CALSDV   34    5  0.7859E-12  0.7857E-12
CALSDV   35    5  0.8007E-12  0.8006E-12
CALSDV   36    5  0.8148E-12  0.8146E-12
CALSDV   37    5  0.8328E-12  0.8326E-12
CALSDV   38    5  0.8513E-12  0.8511E-12
CALSDV   39    5  0.8727E-12  0.8726E-12
CALSDV   40    5  0.8953E-12  0.8949E-12
CALSDV   41    5  0.9204E-12  0.9203E-12
CALSDV   42    5  0.9473E-12  0.9469E-12
CALSDV   43    5  0.9763E-12  0.9760E-12
CALSDV   44    5  0.1008E-11  0.1008E-11
CALSDV   45    5  0.1041E-11  0.1041E-11
CALSDV   46    5  0.1078E-11  0.1077E-11
CALSDV   47    5  0.1116E-11  0.1116E-11
CALSDV   48    5  0.1157E-11  0.1157E-11
CALSDV   49    5  0.1201E-11  0.1201E-11
CALSDV   50    5  0.1248E-11  0.1248E-11
CALSDV   51    5  0.1298E-11  0.1297E-11
CALSDV   52    5  0.1351E-11  0.1351E-11
CALSDV   53    5  0.1407E-11  0.1407E-11
CALSDV   54    5  0.1468E-11  0.1467E-11
CALSDV   55    5  0.1531E-11  0.1531E-11
CALSDV   56    5  0.1600E-11  0.1599E-11
CALSDV   57    5  0.1672E-11  0.1671E-11
CALSDV   58    5  0.1747E-11  0.1746E-11
CALSDV   59    5  0.1739E-11  0.1738E-11
CALSDV   60    5  0.1803E-11  0.1803E-11
CALSDV    6    6  0.9799E-11  0.9686E-11
CALSDV    7    6  0.1014E-10  0.1018E-10
CALSDV    8    6  0.4282E-11  0.4239E-11
CALSDV    9    6  0.4940E-11  0.4976E-11
CALSDV   10    6  0.2768E-11  0.2748E-11
CALSDV   11    6  0.2931E-11  0.2951E-11
CALSDV   12    6  0.1953E-11  0.1946E-11
CALSDV   13    6  0.2001E-11  0.2011E-11
CALSDV   14    6  0.1495E-11  0.1492E-11
CALSDV   15    6  0.1511E-11  0.1518E-11
CALSDV   16    6  0.1221E-11  0.1219E-11
CALSDV   17    6  0.1228E-11  0.1233E-11
CALSDV   18    6  0.1049E-11  0.1049E-11
CALSDV   19    6  0.1055E-11  0.1058E-11
CALSDV   20    6  0.9410E-12  0.9403E-12
CALSDV   21    6  0.9451E-12  0.9473E-12
CALSDV   22    6  0.8709E-12  0.8709E-12
CALSDV   23    6  0.8759E-12  0.8771E-12
CALSDV   24    6  0.8269E-12  0.8261E-12
CALSDV   25    6  0.8330E-12  0.8339E-12
CALSDV   26    6  0.8016E-12  0.8016E-12
CALSDV   27    6  0.8095E-12  0.8100E-12
CALSDV   28    6  0.7902E-12  0.7900E-12
CALSDV   29    6  0.8001E-12  0.8003E-12
CALSDV   30    6  0.7911E-12  0.7909E-12
CALSDV   31    6  0.8024E-12  0.8026E-12
CALSDV   32    6  0.8008E-12  0.8006E-12
CALSDV   33    6  0.8150E-12  0.8151E-12
CALSDV   34    6  0.8198E-12  0.8194E-12
CALSDV   35    6  0.8365E-12  0.8365E-12
CALSDV   36    6  0.8464E-12  0.8463E-12
CALSDV   37    6  0.8657E-12  0.8657E-12
CALSDV   38    6  0.8813E-12  0.8810E-12
CALSDV   39    6  0.9038E-12  0.9037E-12
CALSDV   40    6  0.9237E-12  0.9234E-12
CALSDV   41    6  0.9498E-12  0.9495E-12
CALSDV   42    6  0.9741E-12  0.9740E-12
CALSDV   43    6  0.1004E-11  0.1003E-11
CALSDV   44    6  0.1034E-11  0.1033E-11
CALSDV   45    6  0.1067E-11  0.1067E-11
CALSDV   46    6  0.1102E-11  0.1102E-11
CALSDV   47    6  0.1141E-11  0.1140E-11
CALSDV   48    6  0.1181E-11  0.1180E-11
CALSDV   49    6  0.1224E-11  0.1224E-11
CALSDV   50    6  0.1270E-11  0.1270E-11
CALSDV   51    6  0.1320E-11  0.1319E-11
CALSDV   52    6  0.1373E-11  0.1372E-11
CALSDV   53    6  0.1429E-11  0.1428E-11
CALSDV   54    6  0.1488E-11  0.1488E-11
CALSDV   55    6  0.1552E-11  0.1552E-11
CALSDV   56    6  0.1620E-11  0.1620E-11
CALSDV   57    6  0.1693E-11  0.1692E-11
CALSDV   58    6  0.1768E-11  0.1767E-11
CALSDV   59    6  0.1780E-11  0.1780E-11
CALSDV   60    6  0.1845E-11  0.1844E-11
CALSDV    7    7  0.1417E-10  0.1411E-10
CALSDV    8    7  0.7276E-11  0.7270E-11
CALSDV    9    7  0.4739E-11  0.4729E-11
CALSDV   10    7  0.3209E-11  0.3206E-11
CALSDV   11    7  0.2733E-11  0.2732E-11
CALSDV   12    7  0.1981E-11  0.1982E-11
CALSDV   13    7  0.1888E-11  0.1882E-11
CALSDV   14    7  0.1537E-11  0.1542E-11
CALSDV   15    7  0.1454E-11  0.1454E-11
CALSDV   16    7  0.1311E-11  0.1314E-11
CALSDV   17    7  0.1210E-11  0.1209E-11
CALSDV   18    7  0.1168E-11  0.1169E-11
CALSDV   19    7  0.1062E-11  0.1061E-11
CALSDV   20    7  0.1066E-11  0.1067E-11
CALSDV   21    7  0.9686E-12  0.9676E-12
CALSDV   22    7  0.9927E-12  0.9935E-12
CALSDV   23    7  0.9076E-12  0.9072E-12
CALSDV   24    7  0.9404E-12  0.9409E-12
CALSDV   25    7  0.8699E-12  0.8695E-12
CALSDV   26    7  0.9045E-12  0.9050E-12
CALSDV   27    7  0.8482E-12  0.8478E-12
CALSDV   28    7  0.8831E-12  0.8834E-12
CALSDV   29    7  0.8392E-12  0.8389E-12
CALSDV   30    7  0.8739E-12  0.8744E-12
CALSDV   31    7  0.8416E-12  0.8414E-12
CALSDV   32    7  0.8753E-12  0.8756E-12
CALSDV   33    7  0.8528E-12  0.8527E-12
CALSDV   34    7  0.8864E-12  0.8866E-12
CALSDV   35    7  0.8726E-12  0.8725E-12
CALSDV   36    7  0.9062E-12  0.9064E-12
CALSDV   37    7  0.9006E-12  0.9006E-12
CALSDV   38    7  0.9350E-12  0.9353E-12
CALSDV   39    7  0.9368E-12  0.9368E-12
CALSDV   40    7  0.9727E-12  0.9729E-12
CALSDV   41    7  0.9812E-12  0.9813E-12
CALSDV   42    7  0.1018E-11  0.1019E-11
CALSDV   43    7  0.1034E-11  0.1034E-11
CALSDV   44    7  0.1074E-11  0.1074E-11
CALSDV   45    7  0.1095E-11  0.1096E-11
CALSDV   46    7  0.1139E-11  0.1139E-11
CALSDV   47    7  0.1167E-11  0.1167E-11
CALSDV   48    7  0.1214E-11  0.1215E-11
CALSDV   49    7  0.1249E-11  0.1250E-11
CALSDV   50    7  0.1301E-11  0.1302E-11
CALSDV   51    7  0.1344E-11  0.1344E-11
CALSDV   52    7  0.1401E-11  0.1401E-11
CALSDV   53    7  0.1451E-11  0.1451E-11
CALSDV   54    7  0.1515E-11  0.1515E-11
CALSDV   55    7  0.1574E-11  0.1574E-11
CALSDV   56    7  0.1644E-11  0.1645E-11
CALSDV   57    7  0.1714E-11  0.1714E-11
CALSDV   58    7  0.1792E-11  0.1793E-11
CALSDV   59    7  0.1816E-11  0.1816E-11
CALSDV   60    7  0.1885E-11  0.1886E-11
CALSDV    8    8  0.7558E-11  0.7578E-11
CALSDV    9    8  0.6701E-11  0.6707E-11
CALSDV   10    8  0.4177E-11  0.4211E-11
CALSDV   11    8  0.3840E-11  0.3847E-11
CALSDV   12    8  0.3105E-11  0.3134E-11
CALSDV   13    8  0.2758E-11  0.2769E-11
CALSDV   14    8  0.2318E-11  0.2343E-11
CALSDV   15    8  0.2173E-11  0.2181E-11
CALSDV   16    8  0.1813E-11  0.1831E-11
CALSDV   17    8  0.1792E-11  0.1799E-11
CALSDV   18    8  0.1489E-11  0.1503E-11
CALSDV   19    8  0.1530E-11  0.1535E-11
CALSDV   20    8  0.1281E-11  0.1291E-11
CALSDV   21    8  0.1344E-11  0.1348E-11
CALSDV   22    8  0.1144E-11  0.1152E-11
CALSDV   23    8  0.1212E-11  0.1215E-11
CALSDV   24    8  0.1054E-11  0.1059E-11
CALSDV   25    8  0.1117E-11  0.1120E-11
CALSDV   26    8  0.9947E-12  0.9996E-12
CALSDV   27    8  0.1052E-11  0.1054E-11
CALSDV   28    8  0.9593E-12  0.9629E-12
CALSDV   29    8  0.1009E-11  0.1011E-11
CALSDV   30    8  0.9401E-12  0.9429E-12
CALSDV   31    8  0.9847E-12  0.9858E-12
CALSDV   32    8  0.9351E-12  0.9374E-12
CALSDV   33    8  0.9749E-12  0.9757E-12
CALSDV   34    8  0.9409E-12  0.9428E-12
CALSDV   35    8  0.9775E-12  0.9781E-12
CALSDV   36    8  0.9576E-12  0.9591E-12
CALSDV   37    8  0.9920E-12  0.9924E-12
CALSDV   38    8  0.9830E-12  0.9843E-12
CALSDV   39    8  0.1017E-11  0.1017E-11
CALSDV   40    8  0.1018E-11  0.1019E-11
CALSDV   41    8  0.1052E-11  0.1052E-11
CALSDV   42    8  0.1062E-11  0.1063E-11
CALSDV   43    8  0.1097E-11  0.1097E-11
CALSDV   44    8  0.1115E-11  0.1115E-11
CALSDV   45    8  0.1152E-11  0.1152E-11
CALSDV   46    8  0.1178E-11  0.1178E-11
CALSDV   47    8  0.1218E-11  0.1218E-11
CALSDV   48    8  0.1251E-11  0.1252E-11
CALSDV   49    8  0.1295E-11  0.1295E-11
CALSDV   50    8  0.1336E-11  0.1336E-11
CALSDV   51    8  0.1385E-11  0.1385E-11
CALSDV   52    8  0.1434E-11  0.1434E-11
CALSDV   53    8  0.1488E-11  0.1489E-11
CALSDV   54    8  0.1545E-11  0.1546E-11
CALSDV   55    8  0.1608E-11  0.1608E-11
CALSDV   56    8  0.1673E-11  0.1674E-11
CALSDV   57    8  0.1746E-11  0.1747E-11
CALSDV   58    8  0.1821E-11  0.1822E-11
CALSDV   59    8  0.1866E-11  0.1867E-11
CALSDV   60    8  0.1931E-11  0.1931E-11
CALSDV    9    9  0.1005E-10  0.1012E-10
CALSDV   10    9  0.7262E-11  0.7263E-11
CALSDV   11    9  0.4558E-11  0.4561E-11
CALSDV   12    9  0.3624E-11  0.3629E-11
CALSDV   13    9  0.2925E-11  0.2927E-11
CALSDV   14    9  0.2272E-11  0.2274E-11
CALSDV   15    9  0.2015E-11  0.2017E-11
CALSDV   16    9  0.1724E-11  0.1726E-11
CALSDV   17    9  0.1515E-11  0.1517E-11
CALSDV   18    9  0.1459E-11  0.1460E-11
CALSDV   19    9  0.1244E-11  0.1247E-11
CALSDV   20    9  0.1302E-11  0.1303E-11
CALSDV   21    9  0.1100E-11  0.1103E-11
CALSDV   22    9  0.1195E-11  0.1195E-11
CALSDV   23    9  0.1021E-11  0.1023E-11
CALSDV   24    9  0.1120E-11  0.1120E-11
CALSDV   25    9  0.9767E-12  0.9781E-12
CALSDV   26    9  0.1068E-11  0.1067E-11
CALSDV   27    9  0.9542E-12  0.9546E-12
CALSDV   28    9  0.1032E-11  0.1031E-11
CALSDV   29    9  0.9451E-12  0.9460E-12
CALSDV   30    9  0.1011E-11  0.1010E-11
CALSDV   31    9  0.9461E-12  0.9462E-12
CALSDV   32    9  0.1001E-11  0.1000E-11
CALSDV   33    9  0.9552E-12  0.9554E-12
CALSDV   34    9  0.1003E-11  0.1002E-11
CALSDV   35    9  0.9729E-12  0.9728E-12
CALSDV   36    9  0.1015E-11  0.1014E-11
CALSDV   37    9  0.9976E-12  0.9978E-12
CALSDV   38    9  0.1037E-11  0.1036E-11
CALSDV   39    9  0.1030E-11  0.1030E-11
CALSDV   40    9  0.1068E-11  0.1067E-11
CALSDV   41    9  0.1071E-11  0.1071E-11
CALSDV   42    9  0.1108E-11  0.1107E-11
CALSDV   43    9  0.1120E-11  0.1119E-11
CALSDV   44    9  0.1158E-11  0.1157E-11
CALSDV   45    9  0.1177E-11  0.1177E-11
CALSDV   46    9  0.1218E-11  0.1217E-11
CALSDV   47    9  0.1244E-11  0.1244E-11
CALSDV   48    9  0.1288E-11  0.1288E-11
CALSDV   49    9  0.1322E-11  0.1321E-11
CALSDV   50    9  0.1371E-11  0.1370E-11
CALSDV   51    9  0.1412E-11  0.1411E-11
CALSDV   52    9  0.1466E-11  0.1465E-11
CALSDV   53    9  0.1515E-11  0.1514E-11
CALSDV   54    9  0.1576E-11  0.1574E-11
CALSDV   55    9  0.1633E-11  0.1632E-11
CALSDV   56    9  0.1701E-11  0.1700E-11
CALSDV   57    9  0.1771E-11  0.1770E-11
CALSDV   58    9  0.1847E-11  0.1846E-11
CALSDV   59    9  0.1901E-11  0.1899E-11
CALSDV   60    9  0.1967E-11  0.1965E-11
CALSDV   10   10  0.8449E-11  0.8377E-11
CALSDV   11   10  0.5537E-11  0.5501E-11
CALSDV   12   10  0.3894E-11  0.3893E-11
CALSDV   13   10  0.2967E-11  0.2955E-11
CALSDV   14   10  0.3128E-11  0.3130E-11
CALSDV   15   10  0.2359E-11  0.2355E-11
CALSDV   16   10  0.2522E-11  0.2522E-11
CALSDV   17   10  0.2099E-11  0.2099E-11
CALSDV   18   10  0.2088E-11  0.2088E-11
CALSDV   19   10  0.1893E-11  0.1894E-11
CALSDV   20   10  0.1786E-11  0.1784E-11
CALSDV   21   10  0.1715E-11  0.1716E-11
CALSDV   22   10  0.1577E-11  0.1576E-11
CALSDV   23   10  0.1564E-11  0.1566E-11
CALSDV   24   10  0.1431E-11  0.1430E-11
CALSDV   25   10  0.1443E-11  0.1444E-11
CALSDV   26   10  0.1327E-11  0.1326E-11
CALSDV   27   10  0.1349E-11  0.1350E-11
CALSDV   28   10  0.1254E-11  0.1254E-11
CALSDV   29   10  0.1277E-11  0.1279E-11
CALSDV   30   10  0.1205E-11  0.1204E-11
CALSDV   31   10  0.1226E-11  0.1227E-11
CALSDV   32   10  0.1173E-11  0.1172E-11
CALSDV   33   10  0.1192E-11  0.1193E-11
CALSDV   34   10  0.1157E-11  0.1155E-11
CALSDV   35   10  0.1174E-11  0.1175E-11
CALSDV   36   10  0.1153E-11  0.1153E-11
CALSDV   37   10  0.1169E-11  0.1170E-11
CALSDV   38   10  0.1161E-11  0.1161E-11
CALSDV   39   10  0.1177E-11  0.1179E-11
CALSDV   40   10  0.1179E-11  0.1180E-11
CALSDV   41   10  0.1197E-11  0.1199E-11
CALSDV   42   10  0.1210E-11  0.1210E-11
CALSDV   43   10  0.1229E-11  0.1230E-11
CALSDV   44   10  0.1250E-11  0.1250E-11
CALSDV   45   10  0.1272E-11  0.1273E-11
CALSDV   46   10  0.1300E-11  0.1301E-11
CALSDV   47   10  0.1327E-11  0.1328E-11
CALSDV   48   10  0.1363E-11  0.1364E-11
CALSDV   49   10  0.1393E-11  0.1395E-11
CALSDV   50   10  0.1438E-11  0.1439E-11
CALSDV   51   10  0.1474E-11  0.1475E-11
CALSDV   52   10  0.1526E-11  0.1527E-11
CALSDV   53   10  0.1568E-11  0.1570E-11
CALSDV   54   10  0.1628E-11  0.1630E-11
CALSDV   55   10  0.1680E-11  0.1681E-11
CALSDV   56   10  0.1748E-11  0.1750E-11
CALSDV   57   10  0.1812E-11  0.1813E-11
CALSDV   58   10  0.1890E-11  0.1891E-11
CALSDV   59   10  0.1956E-11  0.1957E-11
CALSDV   60   10  0.2025E-11  0.2026E-11
CALSDV   11   11  0.6961E-11  0.6963E-11
CALSDV   12   11  0.7184E-11  0.7189E-11
CALSDV   13   11  0.4144E-11  0.4146E-11
CALSDV   14   11  0.4163E-11  0.4159E-11
CALSDV   15   11  0.3065E-11  0.3069E-11
CALSDV   16   11  0.2837E-11  0.2824E-11
CALSDV   17   11  0.2213E-11  0.2217E-11
CALSDV   18   11  0.2154E-11  0.2148E-11
CALSDV   19   11  0.1675E-11  0.1678E-11
CALSDV   20   11  0.1761E-11  0.1755E-11
CALSDV   21   11  0.1370E-11  0.1372E-11
CALSDV   22   11  0.1514E-11  0.1509E-11
CALSDV   23   11  0.1213E-11  0.1213E-11
CALSDV   24   11  0.1352E-11  0.1349E-11
CALSDV   25   11  0.1136E-11  0.1135E-11
CALSDV   26   11  0.1244E-11  0.1244E-11
CALSDV   27   11  0.1100E-11  0.1099E-11
CALSDV   28   11  0.1175E-11  0.1175E-11
CALSDV   29   11  0.1086E-11  0.1085E-11
CALSDV   30   11  0.1133E-11  0.1134E-11
CALSDV   31   11  0.1086E-11  0.1085E-11
CALSDV   32   11  0.1111E-11  0.1112E-11
CALSDV   33   11  0.1094E-11  0.1093E-11
CALSDV   34   11  0.1105E-11  0.1106E-11
CALSDV   35   11  0.1109E-11  0.1108E-11
CALSDV   36   11  0.1112E-11  0.1113E-11
CALSDV   37   11  0.1131E-11  0.1130E-11
CALSDV   38   11  0.1130E-11  0.1131E-11
CALSDV   39   11  0.1159E-11  0.1158E-11
CALSDV   40   11  0.1158E-11  0.1159E-11
CALSDV   41   11  0.1194E-11  0.1194E-11
CALSDV   42   11  0.1196E-11  0.1197E-11
CALSDV   43   11  0.1238E-11  0.1237E-11
CALSDV   44   11  0.1244E-11  0.1245E-11
CALSDV   45   11  0.1289E-11  0.1289E-11
CALSDV   46   11  0.1301E-11  0.1302E-11
CALSDV   47   11  0.1350E-11  0.1349E-11
CALSDV   48   11  0.1369E-11  0.1370E-11
CALSDV   49   11  0.1420E-11  0.1420E-11
CALSDV   50   11  0.1449E-11  0.1449E-11
CALSDV   51   11  0.1503E-11  0.1503E-11
CALSDV   52   11  0.1540E-11  0.1540E-11
CALSDV   53   11  0.1598E-11  0.1598E-11
CALSDV   54   11  0.1645E-11  0.1645E-11
CALSDV   55   11  0.1709E-11  0.1709E-11
CALSDV   56   11  0.1766E-11  0.1767E-11
CALSDV   57   11  0.1840E-11  0.1840E-11
CALSDV   58   11  0.1909E-11  0.1909E-11
CALSDV   59   11  0.1989E-11  0.1989E-11
CALSDV   60   11  0.2046E-11  0.2046E-11
CALSDV   12   12  0.6921E-11  0.6936E-11
CALSDV   13   12  0.5739E-11  0.5712E-11
CALSDV   14   12  0.3731E-11  0.3739E-11
CALSDV   15   12  0.2918E-11  0.2913E-11
CALSDV   16   12  0.2923E-11  0.2929E-11
CALSDV   17   12  0.2194E-11  0.2196E-11
CALSDV   18   12  0.2299E-11  0.2301E-11
CALSDV   19   12  0.2008E-11  0.2007E-11
CALSDV   20   12  0.1914E-11  0.1914E-11
CALSDV   21   12  0.1892E-11  0.1889E-11
CALSDV   22   12  0.1693E-11  0.1691E-11
CALSDV   23   12  0.1778E-11  0.1774E-11
CALSDV   24   12  0.1564E-11  0.1563E-11
CALSDV   25   12  0.1669E-11  0.1666E-11
CALSDV   26   12  0.1486E-11  0.1484E-11
CALSDV   27   12  0.1574E-11  0.1570E-11
CALSDV   28   12  0.1433E-11  0.1432E-11
CALSDV   29   12  0.1495E-11  0.1492E-11
CALSDV   30   12  0.1396E-11  0.1394E-11
CALSDV   31   12  0.1434E-11  0.1431E-11
CALSDV   32   12  0.1371E-11  0.1370E-11
CALSDV   33   12  0.1389E-11  0.1386E-11
CALSDV   34   12  0.1355E-11  0.1354E-11
CALSDV   35   12  0.1360E-11  0.1357E-11
CALSDV   36   12  0.1349E-11  0.1347E-11
CALSDV   37   12  0.1344E-11  0.1342E-11
CALSDV   38   12  0.1351E-11  0.1350E-11
CALSDV   39   12  0.1342E-11  0.1339E-11
CALSDV   40   12  0.1363E-11  0.1361E-11
CALSDV   41   12  0.1351E-11  0.1349E-11
CALSDV   42   12  0.1383E-11  0.1382E-11
CALSDV   43   12  0.1373E-11  0.1371E-11
CALSDV   44   12  0.1413E-11  0.1412E-11
CALSDV   45   12  0.1406E-11  0.1405E-11
CALSDV   46   12  0.1453E-11  0.1453E-11
CALSDV   47   12  0.1452E-11  0.1450E-11
CALSDV   48   12  0.1504E-11  0.1503E-11
CALSDV   49   12  0.1508E-11  0.1507E-11
CALSDV   50   12  0.1567E-11  0.1566E-11
CALSDV   51   12  0.1579E-11  0.1578E-11
CALSDV   52   12  0.1644E-11  0.1643E-11
CALSDV   53   12  0.1664E-11  0.1662E-11
CALSDV   54   12  0.1734E-11  0.1733E-11
CALSDV   55   12  0.1765E-11  0.1764E-11
CALSDV   56   12  0.1842E-11  0.1841E-11
CALSDV   57   12  0.1888E-11  0.1887E-11
CALSDV   58   12  0.1973E-11  0.1973E-11
CALSDV   59   12  0.2044E-11  0.2043E-11
CALSDV   60   12  0.2123E-11  0.2122E-11
CALSDV   13   13  0.5930E-11  0.5902E-11
CALSDV   14   13  0.5793E-11  0.5768E-11
CALSDV   15   13  0.3930E-11  0.3932E-11
CALSDV   16   13  0.3500E-11  0.3485E-11
CALSDV   17   13  0.3204E-11  0.3209E-11
CALSDV   18   13  0.2669E-11  0.2661E-11
CALSDV   19   13  0.2423E-11  0.2430E-11
CALSDV   20   13  0.2212E-11  0.2208E-11
CALSDV   21   13  0.1870E-11  0.1874E-11
CALSDV   22   13  0.1890E-11  0.1885E-11
CALSDV   23   13  0.1539E-11  0.1541E-11
CALSDV   24   13  0.1649E-11  0.1648E-11
CALSDV   25   13  0.1362E-11  0.1365E-11
CALSDV   26   13  0.1475E-11  0.1477E-11
CALSDV   27   13  0.1278E-11  0.1281E-11
CALSDV   28   13  0.1356E-11  0.1358E-11
CALSDV   29   13  0.1245E-11  0.1246E-11
CALSDV   30   13  0.1278E-11  0.1282E-11
CALSDV   31   13  0.1237E-11  0.1237E-11
CALSDV   32   13  0.1235E-11  0.1239E-11
CALSDV   33   13  0.1242E-11  0.1243E-11
CALSDV   34   13  0.1215E-11  0.1219E-11
CALSDV   35   13  0.1255E-11  0.1256E-11
CALSDV   36   13  0.1216E-11  0.1219E-11
CALSDV   37   13  0.1275E-11  0.1276E-11
CALSDV   38   13  0.1231E-11  0.1234E-11
CALSDV   39   13  0.1300E-11  0.1302E-11
CALSDV   40   13  0.1258E-11  0.1262E-11
CALSDV   41   13  0.1332E-11  0.1334E-11
CALSDV   42   13  0.1296E-11  0.1299E-11
CALSDV   43   13  0.1371E-11  0.1372E-11
CALSDV   44   13  0.1343E-11  0.1346E-11
CALSDV   45   13  0.1417E-11  0.1418E-11
CALSDV   46   13  0.1401E-11  0.1403E-11
CALSDV   47   13  0.1472E-11  0.1473E-11
CALSDV   48   13  0.1467E-11  0.1469E-11
CALSDV   49   13  0.1535E-11  0.1536E-11
CALSDV   50   13  0.1543E-11  0.1545E-11
CALSDV   51   13  0.1609E-11  0.1610E-11
CALSDV   52   13  0.1631E-11  0.1633E-11
CALSDV   53   13  0.1695E-11  0.1697E-11
CALSDV   54   13  0.1731E-11  0.1733E-11
CALSDV   55   13  0.1796E-11  0.1798E-11
CALSDV   56   13  0.1846E-11  0.1848E-11
CALSDV   57   13  0.1917E-11  0.1919E-11
CALSDV   58   13  0.1981E-11  0.1983E-11
CALSDV   59   13  0.2077E-11  0.2078E-11
CALSDV   60   13  0.2132E-11  0.2134E-11
CALSDV   14   14  0.4789E-11  0.4824E-11
CALSDV   15   14  0.6559E-11  0.6513E-11
CALSDV   16   14  0.3653E-11  0.3658E-11
CALSDV   17   14  0.3536E-11  0.3497E-11
CALSDV   18   14  0.2996E-11  0.2991E-11
CALSDV   19   14  0.2428E-11  0.2413E-11
CALSDV   20   14  0.2262E-11  0.2269E-11
CALSDV   21   14  0.2077E-11  0.2066E-11
CALSDV   22   14  0.1808E-11  0.1808E-11
CALSDV   23   14  0.1932E-11  0.1920E-11
CALSDV   24   14  0.1593E-11  0.1586E-11
CALSDV   25   14  0.1834E-11  0.1821E-11
CALSDV   26   14  0.1507E-11  0.1509E-11
CALSDV   27   14  0.1748E-11  0.1740E-11
CALSDV   28   14  0.1491E-11  0.1487E-11
CALSDV   29   14  0.1676E-11  0.1669E-11
CALSDV   30   14  0.1493E-11  0.1489E-11
CALSDV   31   14  0.1618E-11  0.1612E-11
CALSDV   32   14  0.1499E-11  0.1498E-11
CALSDV   33   14  0.1573E-11  0.1568E-11
CALSDV   34   14  0.1507E-11  0.1508E-11
CALSDV   35   14  0.1542E-11  0.1537E-11
CALSDV   36   14  0.1516E-11  0.1518E-11
CALSDV   37   14  0.1522E-11  0.1518E-11
CALSDV   38   14  0.1527E-11  0.1529E-11
CALSDV   39   14  0.1514E-11  0.1512E-11
CALSDV   40   14  0.1542E-11  0.1544E-11
CALSDV   41   14  0.1519E-11  0.1516E-11
CALSDV   42   14  0.1563E-11  0.1563E-11
CALSDV   43   14  0.1533E-11  0.1531E-11
CALSDV   44   14  0.1589E-11  0.1588E-11
CALSDV   45   14  0.1559E-11  0.1557E-11
CALSDV   46   14  0.1622E-11  0.1621E-11
CALSDV   47   14  0.1595E-11  0.1593E-11
CALSDV   48   14  0.1665E-11  0.1663E-11
CALSDV   49   14  0.1643E-11  0.1641E-11
CALSDV   50   14  0.1716E-11  0.1714E-11
CALSDV   51   14  0.1703E-11  0.1701E-11
CALSDV   52   14  0.1781E-11  0.1779E-11
CALSDV   53   14  0.1776E-11  0.1774E-11
CALSDV   54   14  0.1858E-11  0.1856E-11
CALSDV   55   14  0.1865E-11  0.1863E-11
CALSDV   56   14  0.1951E-11  0.1948E-11
CALSDV   57   14  0.1975E-11  0.1973E-11
CALSDV   58   14  0.2068E-11  0.2065E-11
CALSDV   59   14  0.2137E-11  0.2134E-11
CALSDV   60   14  0.2223E-11  0.2220E-11
CALSDV   15   15  0.6699E-11  0.6771E-11
CALSDV   16   15  0.5498E-11  0.5522E-11
CALSDV   17   15  0.3804E-11  0.3794E-11
CALSDV   18   15  0.2961E-11  0.2964E-11
CALSDV   19   15  0.3494E-11  0.3485E-11
CALSDV   20   15  0.2231E-11  0.2226E-11
CALSDV   21   15  0.2958E-11  0.2958E-11
CALSDV   22   15  0.1977E-11  0.1972E-11
CALSDV   23   15  0.2506E-11  0.2509E-11
CALSDV   24   15  0.1808E-11  0.1805E-11
CALSDV   25   15  0.2188E-11  0.2192E-11
CALSDV   26   15  0.1669E-11  0.1666E-11
CALSDV   27   15  0.1975E-11  0.1980E-11
CALSDV   28   15  0.1558E-11  0.1556E-11
CALSDV   29   15  0.1834E-11  0.1837E-11
CALSDV   30   15  0.1478E-11  0.1476E-11
CALSDV   31   15  0.1740E-11  0.1742E-11
CALSDV   32   15  0.1428E-11  0.1425E-11
CALSDV   33   15  0.1677E-11  0.1680E-11
CALSDV   34   15  0.1401E-11  0.1399E-11
CALSDV   35   15  0.1636E-11  0.1638E-11
CALSDV   36   15  0.1395E-11  0.1392E-11
CALSDV   37   15  0.1612E-11  0.1613E-11
CALSDV   38   15  0.1403E-11  0.1401E-11
CALSDV   39   15  0.1601E-11  0.1602E-11
CALSDV   40   15  0.1425E-11  0.1423E-11
CALSDV   41   15  0.1601E-11  0.1602E-11
CALSDV   42   15  0.1457E-11  0.1455E-11
CALSDV   43   15  0.1613E-11  0.1614E-11
CALSDV   44   15  0.1499E-11  0.1498E-11
CALSDV   45   15  0.1635E-11  0.1635E-11
CALSDV   46   15  0.1550E-11  0.1549E-11
CALSDV   47   15  0.1668E-11  0.1668E-11
CALSDV   48   15  0.1610E-11  0.1609E-11
CALSDV   49   15  0.1712E-11  0.1712E-11
CALSDV   50   15  0.1678E-11  0.1677E-11
CALSDV   51   15  0.1766E-11  0.1766E-11
CALSDV   52   15  0.1758E-11  0.1756E-11
CALSDV   53   15  0.1834E-11  0.1833E-11
CALSDV   54   15  0.1848E-11  0.1847E-11
CALSDV   55   15  0.1916E-11  0.1916E-11
CALSDV   56   15  0.1951E-11  0.1950E-11
CALSDV   57   15  0.2019E-11  0.2018E-11
CALSDV   58   15  0.2075E-11  0.2074E-11
CALSDV   59   15  0.2180E-11  0.2179E-11
CALSDV   60   15  0.2230E-11  0.2228E-11
CALSDV   16   16  0.4221E-11  0.4242E-11
CALSDV   17   16  0.6485E-11  0.6444E-11
CALSDV   18   16  0.3744E-11  0.3748E-11
CALSDV   19   16  0.3746E-11  0.3715E-11
CALSDV   20   16  0.3261E-11  0.3261E-11
CALSDV   21   16  0.2692E-11  0.2670E-11
CALSDV   22   16  0.2494E-11  0.2495E-11
CALSDV   23   16  0.2261E-11  0.2249E-11
CALSDV   24   16  0.1960E-11  0.1958E-11
CALSDV   25   16  0.2033E-11  0.2026E-11
CALSDV   26   16  0.1694E-11  0.1692E-11
CALSDV   27   16  0.1885E-11  0.1880E-11
CALSDV   28   16  0.1606E-11  0.1605E-11
CALSDV   29   16  0.1782E-11  0.1779E-11
CALSDV   30   16  0.1604E-11  0.1602E-11
CALSDV   31   16  0.1712E-11  0.1709E-11
CALSDV   32   16  0.1630E-11  0.1628E-11
CALSDV   33   16  0.1667E-11  0.1664E-11
CALSDV   34   16  0.1660E-11  0.1659E-11
CALSDV   35   16  0.1641E-11  0.1638E-11
CALSDV   36   16  0.1688E-11  0.1687E-11
CALSDV   37   16  0.1630E-11  0.1628E-11
CALSDV   38   16  0.1713E-11  0.1712E-11
CALSDV   39   16  0.1632E-11  0.1630E-11
CALSDV   40   16  0.1735E-11  0.1734E-11
CALSDV   41   16  0.1644E-11  0.1641E-11
CALSDV   42   16  0.1757E-11  0.1756E-11
CALSDV   43   16  0.1663E-11  0.1661E-11
CALSDV   44   16  0.1781E-11  0.1781E-11
CALSDV   45   16  0.1692E-11  0.1691E-11
CALSDV   46   16  0.1809E-11  0.1809E-11
CALSDV   47   16  0.1729E-11  0.1728E-11
CALSDV   48   16  0.1843E-11  0.1843E-11
CALSDV   49   16  0.1775E-11  0.1774E-11
CALSDV   50   16  0.1884E-11  0.1885E-11
CALSDV   51   16  0.1830E-11  0.1830E-11
CALSDV   52   16  0.1934E-11  0.1935E-11
CALSDV   53   16  0.1894E-11  0.1894E-11
CALSDV   54   16  0.1996E-11  0.1997E-11
CALSDV   55   16  0.1971E-11  0.1973E-11
CALSDV   56   16  0.2072E-11  0.2074E-11
CALSDV   57   16  0.2068E-11  0.2069E-11
CALSDV   58   16  0.2170E-11  0.2172E-11
CALSDV   59   16  0.2227E-11  0.2229E-11
CALSDV   60   16  0.2321E-11  0.2323E-11
CALSDV   17   17  0.4515E-11  0.4457E-11
CALSDV   18   17  0.4745E-11  0.4734E-11
CALSDV   19   17  0.3596E-11  0.3592E-11
CALSDV   20   17  0.2760E-11  0.2767E-11
CALSDV   21   17  0.3198E-11  0.3194E-11
CALSDV   22   17  0.2486E-11  0.2500E-11
CALSDV   23   17  0.2560E-11  0.2554E-11
CALSDV   24   17  0.2343E-11  0.2346E-11
CALSDV   25   17  0.2094E-11  0.2087E-11
CALSDV   26   17  0.2127E-11  0.2126E-11
CALSDV   27   17  0.1827E-11  0.1827E-11
CALSDV   28   17  0.1901E-11  0.1905E-11
CALSDV   29   17  0.1700E-11  0.1699E-11
CALSDV   30   17  0.1713E-11  0.1717E-11
CALSDV   31   17  0.1647E-11  0.1645E-11
CALSDV   32   17  0.1580E-11  0.1581E-11
CALSDV   33   17  0.1629E-11  0.1628E-11
CALSDV   34   17  0.1501E-11  0.1499E-11
CALSDV   35   17  0.1630E-11  0.1625E-11
CALSDV   36   17  0.1467E-11  0.1464E-11
CALSDV   37   17  0.1638E-11  0.1634E-11
CALSDV   38   17  0.1468E-11  0.1464E-11
CALSDV   39   17  0.1653E-11  0.1649E-11
CALSDV   40   17  0.1493E-11  0.1490E-11
CALSDV   41   17  0.1673E-11  0.1670E-11
CALSDV   42   17  0.1535E-11  0.1532E-11
CALSDV   43   17  0.1699E-11  0.1696E-11
CALSDV   44   17  0.1588E-11  0.1586E-11
CALSDV   45   17  0.1731E-11  0.1728E-11
CALSDV   46   17  0.1650E-11  0.1647E-11
CALSDV   47   17  0.1770E-11  0.1768E-11
CALSDV   48   17  0.1718E-11  0.1716E-11
CALSDV   49   17  0.1817E-11  0.1815E-11
CALSDV   50   17  0.1792E-11  0.1790E-11
CALSDV   51   17  0.1873E-11  0.1871E-11
CALSDV   52   17  0.1873E-11  0.1871E-11
CALSDV   53   17  0.1937E-11  0.1935E-11
CALSDV   54   17  0.1960E-11  0.1958E-11
CALSDV   55   17  0.2013E-11  0.2011E-11
CALSDV   56   17  0.2058E-11  0.2055E-11
CALSDV   57   17  0.2106E-11  0.2104E-11
CALSDV   58   17  0.2171E-11  0.2168E-11
CALSDV   59   17  0.2263E-11  0.2260E-11
CALSDV   60   17  0.2325E-11  0.2322E-11
CALSDV   18   18  0.4882E-11  0.4883E-11
CALSDV   19   18  0.5083E-11  0.5098E-11
CALSDV   20   18  0.4025E-11  0.4005E-11
CALSDV   21   18  0.2870E-11  0.2882E-11
CALSDV   22   18  0.3396E-11  0.3382E-11
CALSDV   23   18  0.2425E-11  0.2432E-11
CALSDV   24   18  0.2529E-11  0.2520E-11
CALSDV   25   18  0.2268E-11  0.2267E-11
CALSDV   26   18  0.1941E-11  0.1934E-11
CALSDV   27   18  0.2097E-11  0.2094E-11
CALSDV   28   18  0.1690E-11  0.1686E-11
CALSDV   29   18  0.1933E-11  0.1930E-11
CALSDV   30   18  0.1658E-11  0.1656E-11
CALSDV   31   18  0.1805E-11  0.1803E-11
CALSDV   32   18  0.1715E-11  0.1713E-11
CALSDV   33   18  0.1722E-11  0.1721E-11
CALSDV   34   18  0.1788E-11  0.1787E-11
CALSDV   35   18  0.1682E-11  0.1680E-11
CALSDV   36   18  0.1852E-11  0.1850E-11
CALSDV   37   18  0.1672E-11  0.1672E-11
CALSDV   38   18  0.1901E-11  0.1899E-11
CALSDV   39   18  0.1686E-11  0.1685E-11
CALSDV   40   18  0.1939E-11  0.1938E-11
CALSDV   41   18  0.1713E-11  0.1713E-11
CALSDV   42   18  0.1968E-11  0.1967E-11
CALSDV   43   18  0.1751E-11  0.1750E-11
CALSDV   44   18  0.1993E-11  0.1992E-11
CALSDV   45   18  0.1794E-11  0.1794E-11
CALSDV   46   18  0.2018E-11  0.2017E-11
CALSDV   47   18  0.1843E-11  0.1843E-11
CALSDV   48   18  0.2043E-11  0.2043E-11
CALSDV   49   18  0.1896E-11  0.1895E-11
CALSDV   50   18  0.2073E-11  0.2072E-11
CALSDV   51   18  0.1953E-11  0.1952E-11
CALSDV   52   18  0.2110E-11  0.2109E-11
CALSDV   53   18  0.2016E-11  0.2016E-11
CALSDV   54   18  0.2153E-11  0.2153E-11
CALSDV   55   18  0.2085E-11  0.2085E-11
CALSDV   56   18  0.2210E-11  0.2210E-11
CALSDV   57   18  0.2169E-11  0.2169E-11
CALSDV   58   18  0.2286E-11  0.2285E-11
CALSDV   59   18  0.2321E-11  0.2322E-11
CALSDV   60   18  0.2424E-11  0.2424E-11
CALSDV   19   19  0.4046E-11  0.4061E-11
CALSDV   20   19  0.4460E-11  0.4462E-11
CALSDV   21   19  0.3648E-11  0.3641E-11
CALSDV   22   19  0.2671E-11  0.2673E-11
CALSDV   23   19  0.3170E-11  0.3164E-11
CALSDV   24   19  0.2734E-11  0.2733E-11
CALSDV   25   19  0.2500E-11  0.2500E-11
CALSDV   26   19  0.2739E-11  0.2740E-11
CALSDV   27   19  0.2059E-11  0.2060E-11
CALSDV   28   19  0.2570E-11  0.2572E-11
CALSDV   29   19  0.1845E-11  0.1846E-11
CALSDV   30   19  0.2347E-11  0.2347E-11
CALSDV   31   19  0.1770E-11  0.1765E-11
CALSDV   32   19  0.2136E-11  0.2138E-11
CALSDV   33   19  0.1753E-11  0.1746E-11
CALSDV   34   19  0.1973E-11  0.1976E-11
CALSDV   35   19  0.1759E-11  0.1751E-11
CALSDV   36   19  0.1865E-11  0.1868E-11
CALSDV   37   19  0.1772E-11  0.1764E-11
CALSDV   38   19  0.1807E-11  0.1810E-11
CALSDV   39   19  0.1790E-11  0.1782E-11
CALSDV   40   19  0.1789E-11  0.1792E-11
CALSDV   41   19  0.1812E-11  0.1804E-11
CALSDV   42   19  0.1799E-11  0.1802E-11
CALSDV   43   19  0.1839E-11  0.1831E-11
CALSDV   44   19  0.1831E-11  0.1833E-11
CALSDV   45   19  0.1871E-11  0.1864E-11
CALSDV   46   19  0.1875E-11  0.1876E-11
CALSDV   47   19  0.1909E-11  0.1904E-11
CALSDV   48   19  0.1929E-11  0.1931E-11
CALSDV   49   19  0.1953E-11  0.1949E-11
CALSDV   50   19  0.1989E-11  0.1991E-11
CALSDV   51   19  0.2005E-11  0.2002E-11
CALSDV   52   19  0.2055E-11  0.2056E-11
CALSDV   53   19  0.2062E-11  0.2060E-11
CALSDV   54   19  0.2125E-11  0.2126E-11
CALSDV   55   19  0.2127E-11  0.2126E-11
CALSDV   56   19  0.2202E-11  0.2204E-11
CALSDV   57   19  0.2206E-11  0.2206E-11
CALSDV   58   19  0.2294E-11  0.2295E-11
CALSDV   59   19  0.2353E-11  0.2353E-11
CALSDV   60   19  0.2435E-11  0.2437E-11
CALSDV   20   20  0.4978E-11  0.4940E-11
CALSDV   21   20  0.4709E-11  0.4722E-11
CALSDV   22   20  0.4206E-11  0.4199E-11
CALSDV   23   20  0.2669E-11  0.2673E-11
CALSDV   24   20  0.3581E-11  0.3578E-11
CALSDV   25   20  0.2493E-11  0.2493E-11
CALSDV   26   20  0.2688E-11  0.2687E-11
CALSDV   27   20  0.2421E-11  0.2419E-11
CALSDV   28   20  0.2071E-11  0.2069E-11
CALSDV   29   20  0.2236E-11  0.2236E-11
CALSDV   30   20  0.1804E-11  0.1801E-11
CALSDV   31   20  0.2035E-11  0.2035E-11
CALSDV   32   20  0.1774E-11  0.1770E-11
CALSDV   33   20  0.1876E-11  0.1876E-11
CALSDV   34   20  0.1839E-11  0.1836E-11
CALSDV   35   20  0.1782E-11  0.1782E-11
CALSDV   36   20  0.1924E-11  0.1922E-11
CALSDV   37   20  0.1749E-11  0.1749E-11
CALSDV   38   20  0.1998E-11  0.1997E-11
CALSDV   39   20  0.1761E-11  0.1761E-11
CALSDV   40   20  0.2057E-11  0.2057E-11
CALSDV   41   20  0.1800E-11  0.1799E-11
CALSDV   42   20  0.2103E-11  0.2103E-11
CALSDV   43   20  0.1855E-11  0.1855E-11
CALSDV   44   20  0.2140E-11  0.2140E-11
CALSDV   45   20  0.1916E-11  0.1915E-11
CALSDV   46   20  0.2170E-11  0.2171E-11
CALSDV   47   20  0.1978E-11  0.1978E-11
CALSDV   48   20  0.2199E-11  0.2200E-11
CALSDV   49   20  0.2040E-11  0.2039E-11
CALSDV   50   20  0.2228E-11  0.2229E-11
CALSDV   51   20  0.2100E-11  0.2101E-11
CALSDV   52   20  0.2260E-11  0.2261E-11
CALSDV   53   20  0.2161E-11  0.2161E-11
CALSDV   54   20  0.2297E-11  0.2298E-11
CALSDV   55   20  0.2221E-11  0.2221E-11
CALSDV   56   20  0.2339E-11  0.2339E-11
CALSDV   57   20  0.2286E-11  0.2287E-11
CALSDV   58   20  0.2398E-11  0.2398E-11
CALSDV   59   20  0.2426E-11  0.2426E-11
CALSDV   60   20  0.2520E-11  0.2520E-11
CALSDV   21   21  0.3931E-11  0.3959E-11
CALSDV   22   21  0.4407E-11  0.4385E-11
CALSDV   23   21  0.3720E-11  0.3723E-11
CALSDV   24   21  0.2483E-11  0.2466E-11
CALSDV   25   21  0.3191E-11  0.3197E-11
CALSDV   26   21  0.2728E-11  0.2734E-11
CALSDV   27   21  0.2513E-11  0.2518E-11
CALSDV   28   21  0.2870E-11  0.2883E-11
CALSDV   29   21  0.2115E-11  0.2118E-11
CALSDV   30   21  0.2773E-11  0.2782E-11
CALSDV   31   21  0.1963E-11  0.1963E-11
CALSDV   32   21  0.2583E-11  0.2593E-11
CALSDV   33   21  0.1934E-11  0.1935E-11
CALSDV   34   21  0.2393E-11  0.2400E-11
CALSDV   35   21  0.1947E-11  0.1947E-11
CALSDV   36   21  0.2241E-11  0.2251E-11
CALSDV   37   21  0.1968E-11  0.1968E-11
CALSDV   38   21  0.2145E-11  0.2149E-11
CALSDV   39   21  0.1988E-11  0.1987E-11
CALSDV   40   21  0.2096E-11  0.2097E-11
CALSDV   41   21  0.2008E-11  0.2007E-11
CALSDV   42   21  0.2082E-11  0.2083E-11
CALSDV   43   21  0.2030E-11  0.2028E-11
CALSDV   44   21  0.2096E-11  0.2097E-11
CALSDV   45   21  0.2057E-11  0.2054E-11
CALSDV   46   21  0.2127E-11  0.2128E-11
CALSDV   47   21  0.2088E-11  0.2086E-11
CALSDV   48   21  0.2166E-11  0.2168E-11
CALSDV   49   21  0.2125E-11  0.2123E-11
CALSDV   50   21  0.2213E-11  0.2214E-11
CALSDV   51   21  0.2168E-11  0.2167E-11
CALSDV   52   21  0.2264E-11  0.2265E-11
CALSDV   53   21  0.2216E-11  0.2215E-11
CALSDV   54   21  0.2316E-11  0.2317E-11
CALSDV   55   21  0.2269E-11  0.2268E-11
CALSDV   56   21  0.2371E-11  0.2372E-11
CALSDV   57   21  0.2329E-11  0.2329E-11
CALSDV   58   21  0.2434E-11  0.2435E-11
CALSDV   59   21  0.2458E-11  0.2457E-11
CALSDV   60   21  0.2555E-11  0.2554E-11
CALSDV   22   22  0.4173E-11  0.4159E-11
CALSDV   23   22  0.4517E-11  0.4535E-11
CALSDV   24   22  0.4156E-11  0.4152E-11
CALSDV   25   22  0.2492E-11  0.2505E-11
CALSDV   26   22  0.3620E-11  0.3623E-11
CALSDV   27   22  0.2540E-11  0.2543E-11
CALSDV   28   22  0.2757E-11  0.2757E-11
CALSDV   29   22  0.2550E-11  0.2550E-11
CALSDV   30   22  0.2163E-11  0.2165E-11
CALSDV   31   22  0.2363E-11  0.2362E-11
CALSDV   32   22  0.1913E-11  0.1913E-11
CALSDV   33   22  0.2133E-11  0.2130E-11
CALSDV   34   22  0.1890E-11  0.1889E-11
CALSDV   35   22  0.1950E-11  0.1946E-11
CALSDV   36   22  0.1957E-11  0.1956E-11
CALSDV   37   22  0.1851E-11  0.1847E-11
CALSDV   38   22  0.2044E-11  0.2042E-11
CALSDV   39   22  0.1832E-11  0.1830E-11
CALSDV   40   22  0.2120E-11  0.2120E-11
CALSDV   41   22  0.1870E-11  0.1869E-11
CALSDV   42   22  0.2185E-11  0.2184E-11
CALSDV   43   22  0.1939E-11  0.1938E-11
CALSDV   44   22  0.2238E-11  0.2237E-11
CALSDV   45   22  0.2022E-11  0.2021E-11
CALSDV   46   22  0.2283E-11  0.2282E-11
CALSDV   47   22  0.2105E-11  0.2105E-11
CALSDV   48   22  0.2323E-11  0.2322E-11
CALSDV   49   22  0.2183E-11  0.2182E-11
CALSDV   50   22  0.2359E-11  0.2359E-11
CALSDV   51   22  0.2253E-11  0.2253E-11
CALSDV   52   22  0.2396E-11  0.2395E-11
CALSDV   53   22  0.2315E-11  0.2314E-11
CALSDV   54   22  0.2432E-11  0.2431E-11
CALSDV   55   22  0.2368E-11  0.2368E-11
CALSDV   56   22  0.2470E-11  0.2469E-11
CALSDV   57   22  0.2420E-11  0.2420E-11
CALSDV   58   22  0.2511E-11  0.2511E-11
CALSDV   59   22  0.2534E-11  0.2534E-11
CALSDV   60   22  0.2616E-11  0.2616E-11
CALSDV   23   23  0.3854E-11  0.3797E-11
CALSDV   24   23  0.4470E-11  0.4429E-11
CALSDV   25   23  0.3736E-11  0.3740E-11
CALSDV   26   23  0.2359E-11  0.2323E-11
CALSDV   27   23  0.3202E-11  0.3207E-11
CALSDV   28   23  0.2685E-11  0.2640E-11
CALSDV   29   23  0.2534E-11  0.2526E-11
CALSDV   30   23  0.2871E-11  0.2832E-11
CALSDV   31   23  0.2188E-11  0.2169E-11
CALSDV   32   23  0.2769E-11  0.2742E-11
CALSDV   33   23  0.2094E-11  0.2071E-11
CALSDV   34   23  0.2564E-11  0.2545E-11
CALSDV   35   23  0.2106E-11  0.2081E-11
CALSDV   36   23  0.2366E-11  0.2354E-11
CALSDV   37   23  0.2139E-11  0.2116E-11
CALSDV   38   23  0.2224E-11  0.2217E-11
CALSDV   39   23  0.2169E-11  0.2146E-11
CALSDV   40   23  0.2152E-11  0.2143E-11
CALSDV   41   23  0.2192E-11  0.2169E-11
CALSDV   42   23  0.2139E-11  0.2124E-11
CALSDV   43   23  0.2214E-11  0.2190E-11
CALSDV   44   23  0.2165E-11  0.2147E-11
CALSDV   45   23  0.2239E-11  0.2212E-11
CALSDV   46   23  0.2219E-11  0.2192E-11
CALSDV   47   23  0.2271E-11  0.2238E-11
CALSDV   48   23  0.2284E-11  0.2249E-11
CALSDV   49   23  0.2308E-11  0.2268E-11
CALSDV   50   23  0.2352E-11  0.2309E-11
CALSDV   51   23  0.2352E-11  0.2302E-11
CALSDV   52   23  0.2421E-11  0.2367E-11
CALSDV   53   23  0.2398E-11  0.2339E-11
CALSDV   54   23  0.2484E-11  0.2421E-11
CALSDV   55   23  0.2445E-11  0.2377E-11
CALSDV   56   23  0.2541E-11  0.2471E-11
CALSDV   57   23  0.2497E-11  0.2418E-11
CALSDV   58   23  0.2602E-11  0.2518E-11
CALSDV   59   23  0.2610E-11  0.2524E-11
CALSDV   60   23  0.2687E-11  0.2631E-11
CALSDV   24   24  0.3911E-11  0.3927E-11
CALSDV   25   24  0.4583E-11  0.4577E-11
CALSDV   26   24  0.4185E-11  0.4182E-11
CALSDV   27   24  0.2548E-11  0.2550E-11
CALSDV   28   24  0.3659E-11  0.3652E-11
CALSDV   29   24  0.2722E-11  0.2722E-11
CALSDV   30   24  0.2818E-11  0.2810E-11
CALSDV   31   24  0.2761E-11  0.2762E-11
CALSDV   32   24  0.2274E-11  0.2266E-11
CALSDV   33   24  0.2547E-11  0.2548E-11
CALSDV   34   24  0.2060E-11  0.2053E-11
CALSDV   35   24  0.2274E-11  0.2274E-11
CALSDV   36   24  0.2045E-11  0.2042E-11
CALSDV   37   24  0.2060E-11  0.2061E-11
CALSDV   38   24  0.2105E-11  0.2104E-11
CALSDV   39   24  0.1954E-11  0.1955E-11
CALSDV   40   24  0.2181E-11  0.2181E-11
CALSDV   41   24  0.1951E-11  0.1952E-11
CALSDV   42   24  0.2250E-11  0.2252E-11
CALSDV   43   24  0.2016E-11  0.2017E-11
CALSDV   44   24  0.2314E-11  0.2315E-11
CALSDV   45   24  0.2113E-11  0.2114E-11
CALSDV   46   24  0.2370E-11  0.2372E-11
CALSDV   47   24  0.2219E-11  0.2219E-11
CALSDV   48   24  0.2422E-11  0.2424E-11
CALSDV   49   24  0.2318E-11  0.2319E-11
CALSDV   50   24  0.2471E-11  0.2473E-11
CALSDV   51   24  0.2404E-11  0.2404E-11
CALSDV   52   24  0.2517E-11  0.2519E-11
CALSDV   53   24  0.2471E-11  0.2472E-11
CALSDV   54   24  0.2559E-11  0.2560E-11
CALSDV   55   24  0.2521E-11  0.2522E-11
CALSDV   56   24  0.2596E-11  0.2597E-11
CALSDV   57   24  0.2558E-11  0.2558E-11
CALSDV   58   24  0.2634E-11  0.2635E-11
CALSDV   59   24  0.2653E-11  0.2653E-11
CALSDV   60   24  0.2718E-11  0.2717E-11
CALSDV   25   25  0.3901E-11  0.3903E-11
CALSDV   26   25  0.4671E-11  0.4658E-11
CALSDV   27   25  0.4070E-11  0.4066E-11
CALSDV   28   25  0.2443E-11  0.2445E-11
CALSDV   29   25  0.3420E-11  0.3415E-11
CALSDV   30   25  0.2770E-11  0.2770E-11
CALSDV   31   25  0.2618E-11  0.2611E-11
CALSDV   32   25  0.2976E-11  0.2977E-11
CALSDV   33   25  0.2276E-11  0.2270E-11
CALSDV   34   25  0.2894E-11  0.2896E-11
CALSDV   35   25  0.2293E-11  0.2288E-11
CALSDV   36   25  0.2717E-11  0.2719E-11
CALSDV   37   25  0.2428E-11  0.2424E-11
CALSDV   38   25  0.2560E-11  0.2564E-11
CALSDV   39   25  0.2555E-11  0.2550E-11
CALSDV   40   25  0.2468E-11  0.2471E-11
CALSDV   41   25  0.2641E-11  0.2635E-11
CALSDV   42   25  0.2443E-11  0.2446E-11
CALSDV   43   25  0.2690E-11  0.2683E-11
CALSDV   44   25  0.2467E-11  0.2468E-11
CALSDV   45   25  0.2714E-11  0.2706E-11
CALSDV   46   25  0.2515E-11  0.2516E-11
CALSDV   47   25  0.2719E-11  0.2712E-11
CALSDV   48   25  0.2573E-11  0.2573E-11
CALSDV   49   25  0.2717E-11  0.2710E-11
CALSDV   50   25  0.2629E-11  0.2629E-11
CALSDV   51   25  0.2710E-11  0.2703E-11
CALSDV   52   25  0.2677E-11  0.2677E-11
CALSDV   53   25  0.2698E-11  0.2693E-11
CALSDV   54   25  0.2712E-11  0.2712E-11
CALSDV   55   25  0.2684E-11  0.2681E-11
CALSDV   56   25  0.2733E-11  0.2734E-11
CALSDV   57   25  0.2670E-11  0.2668E-11
CALSDV   58   25  0.2747E-11  0.2747E-11
CALSDV   59   25  0.2726E-11  0.2725E-11
CALSDV   60   25  0.2807E-11  0.2807E-11
CALSDV   26   26  0.4029E-11  0.3972E-11
CALSDV   27   26  0.4775E-11  0.4761E-11
CALSDV   28   26  0.4295E-11  0.4304E-11
CALSDV   29   26  0.2751E-11  0.2747E-11
CALSDV   30   26  0.3725E-11  0.3733E-11
CALSDV   31   26  0.3009E-11  0.3014E-11
CALSDV   32   26  0.2905E-11  0.2910E-11
CALSDV   33   26  0.3061E-11  0.3065E-11
CALSDV   34   26  0.2420E-11  0.2425E-11
CALSDV   35   26  0.2817E-11  0.2820E-11
CALSDV   36   26  0.2253E-11  0.2256E-11
CALSDV   37   26  0.2504E-11  0.2506E-11
CALSDV   38   26  0.2249E-11  0.2248E-11
CALSDV   39   26  0.2263E-11  0.2265E-11
CALSDV   40   26  0.2299E-11  0.2296E-11
CALSDV   41   26  0.2150E-11  0.2151E-11
CALSDV   42   26  0.2359E-11  0.2355E-11
CALSDV   43   26  0.2157E-11  0.2157E-11
CALSDV   44   26  0.2417E-11  0.2412E-11
CALSDV   45   26  0.2238E-11  0.2239E-11
CALSDV   46   26  0.2475E-11  0.2470E-11
CALSDV   47   26  0.2352E-11  0.2351E-11
CALSDV   48   26  0.2533E-11  0.2528E-11
CALSDV   49   26  0.2466E-11  0.2464E-11
CALSDV   50   26  0.2590E-11  0.2586E-11
CALSDV   51   26  0.2565E-11  0.2564E-11
CALSDV   52   26  0.2645E-11  0.2642E-11
CALSDV   53   26  0.2640E-11  0.2638E-11
CALSDV   54   26  0.2693E-11  0.2690E-11
CALSDV   55   26  0.2686E-11  0.2684E-11
CALSDV   56   26  0.2731E-11  0.2729E-11
CALSDV   57   26  0.2706E-11  0.2704E-11
CALSDV   58   26  0.2760E-11  0.2758E-11
CALSDV   59   26  0.2771E-11  0.2771E-11
CALSDV   60   26  0.2824E-11  0.2823E-11
CALSDV   27   27  0.3806E-11  0.3789E-11
CALSDV   28   27  0.4896E-11  0.4895E-11
CALSDV   29   27  0.4500E-11  0.4509E-11
CALSDV   30   27  0.2631E-11  0.2652E-11
CALSDV   31   27  0.3772E-11  0.3777E-11
CALSDV   32   27  0.2942E-11  0.2961E-11
CALSDV   33   27  0.2802E-11  0.2801E-11
CALSDV   34   27  0.3102E-11  0.3109E-11
CALSDV   35   27  0.2384E-11  0.2384E-11
CALSDV   36   27  0.2965E-11  0.2963E-11
CALSDV   37   27  0.2449E-11  0.2452E-11
CALSDV   38   27  0.2748E-11  0.2742E-11
CALSDV   39   27  0.2672E-11  0.2676E-11
CALSDV   40   27  0.2586E-11  0.2577E-11
CALSDV   41   27  0.2874E-11  0.2879E-11
CALSDV   42   27  0.2519E-11  0.2509E-11
CALSDV   43   27  0.3011E-11  0.3015E-11
CALSDV   44   27  0.2539E-11  0.2528E-11
CALSDV   45   27  0.3086E-11  0.3090E-11
CALSDV   46   27  0.2609E-11  0.2599E-11
CALSDV   47   27  0.3113E-11  0.3117E-11
CALSDV   48   27  0.2696E-11  0.2687E-11
CALSDV   49   27  0.3105E-11  0.3110E-11
CALSDV   50   27  0.2780E-11  0.2772E-11
CALSDV   51   27  0.3075E-11  0.3080E-11
CALSDV   52   27  0.2849E-11  0.2842E-11
CALSDV   53   27  0.3027E-11  0.3030E-11
CALSDV   54   27  0.2893E-11  0.2888E-11
CALSDV   55   27  0.2965E-11  0.2966E-11
CALSDV   56   27  0.2910E-11  0.2906E-11
CALSDV   57   27  0.2893E-11  0.2893E-11
CALSDV   58   27  0.2906E-11  0.2902E-11
CALSDV   59   27  0.2888E-11  0.2887E-11
CALSDV   60   27  0.2933E-11  0.2929E-11
CALSDV   28   28  0.4075E-11  0.4050E-11
CALSDV   29   28  0.4922E-11  0.4925E-11
CALSDV   30   28  0.4446E-11  0.4464E-11
CALSDV   31   28  0.2806E-11  0.2829E-11
CALSDV   32   28  0.3811E-11  0.3822E-11
CALSDV   33   28  0.3167E-11  0.3188E-11
CALSDV   34   28  0.3001E-11  0.3004E-11
CALSDV   35   28  0.3247E-11  0.3260E-11
CALSDV   36   28  0.2586E-11  0.2587E-11
CALSDV   37   28  0.2993E-11  0.3000E-11
CALSDV   38   28  0.2474E-11  0.2473E-11
CALSDV   39   28  0.2660E-11  0.2668E-11
CALSDV   40   28  0.2486E-11  0.2485E-11
CALSDV   41   28  0.2416E-11  0.2426E-11
CALSDV   42   28  0.2527E-11  0.2527E-11
CALSDV   43   28  0.2325E-11  0.2331E-11
CALSDV   44   28  0.2570E-11  0.2572E-11
CALSDV   45   28  0.2358E-11  0.2370E-11
CALSDV   46   28  0.2616E-11  0.2618E-11
CALSDV   47   28  0.2469E-11  0.2478E-11
CALSDV   48   28  0.2667E-11  0.2669E-11
CALSDV   49   28  0.2601E-11  0.2605E-11
CALSDV   50   28  0.2727E-11  0.2724E-11
CALSDV   51   28  0.2719E-11  0.2723E-11
CALSDV   52   28  0.2785E-11  0.2784E-11
CALSDV   53   28  0.2806E-11  0.2811E-11
CALSDV   54   28  0.2837E-11  0.2838E-11
CALSDV   55   28  0.2854E-11  0.2857E-11
CALSDV   56   28  0.2876E-11  0.2876E-11
CALSDV   57   28  0.2861E-11  0.2862E-11
CALSDV   58   28  0.2896E-11  0.2894E-11
CALSDV   59   28  0.2893E-11  0.2895E-11
CALSDV   60   28  0.2936E-11  0.2934E-11
CALSDV   29   29  0.3616E-11  0.3614E-11
CALSDV   30   29  0.5197E-11  0.5194E-11
CALSDV   31   29  0.4720E-11  0.4727E-11
CALSDV   32   29  0.2994E-11  0.2977E-11
CALSDV   33   29  0.3986E-11  0.3993E-11
CALSDV   34   29  0.3291E-11  0.3283E-11
CALSDV   35   29  0.2981E-11  0.2988E-11
CALSDV   36   29  0.3378E-11  0.3374E-11
CALSDV   37   29  0.2539E-11  0.2537E-11
CALSDV   38   29  0.3169E-11  0.3170E-11
CALSDV   39   29  0.2574E-11  0.2569E-11
CALSDV   40   29  0.2909E-11  0.2916E-11
CALSDV   41   29  0.2769E-11  0.2765E-11
CALSDV   42   29  0.2749E-11  0.2756E-11
CALSDV   43   29  0.2954E-11  0.2949E-11
CALSDV   44   29  0.2719E-11  0.2723E-11
CALSDV   45   29  0.3081E-11  0.3076E-11
CALSDV   46   29  0.2784E-11  0.2787E-11
CALSDV   47   29  0.3154E-11  0.3150E-11
CALSDV   48   29  0.2893E-11  0.2895E-11
CALSDV   49   29  0.3183E-11  0.3181E-11
CALSDV   50   29  0.3002E-11  0.3002E-11
CALSDV   51   29  0.3182E-11  0.3182E-11
CALSDV   52   29  0.3087E-11  0.3087E-11
CALSDV   53   29  0.3154E-11  0.3155E-11
CALSDV   54   29  0.3136E-11  0.3134E-11
CALSDV   55   29  0.3102E-11  0.3102E-11
CALSDV   56   29  0.3140E-11  0.3139E-11
CALSDV   57   29  0.3026E-11  0.3027E-11
CALSDV   58   29  0.3104E-11  0.3102E-11
CALSDV   59   29  0.2994E-11  0.2994E-11
CALSDV   60   29  0.3082E-11  0.3080E-11
CALSDV   30   30  0.4863E-11  0.4867E-11
CALSDV   31   30  0.5247E-11  0.5238E-11
CALSDV   32   30  0.4839E-11  0.4874E-11
CALSDV   33   30  0.2983E-11  0.2962E-11
CALSDV   34   30  0.4039E-11  0.4053E-11
CALSDV   35   30  0.3353E-11  0.3340E-11
CALSDV   36   30  0.3236E-11  0.3244E-11
CALSDV   37   30  0.3444E-11  0.3438E-11
CALSDV   38   30  0.2970E-11  0.2967E-11
CALSDV   39   30  0.3198E-11  0.3193E-11
CALSDV   40   30  0.3003E-11  0.2994E-11
CALSDV   41   30  0.2886E-11  0.2883E-11
CALSDV   42   30  0.3092E-11  0.3081E-11
CALSDV   43   30  0.2679E-11  0.2677E-11
CALSDV   44   30  0.3153E-11  0.3143E-11
CALSDV   45   30  0.2629E-11  0.2627E-11
CALSDV   46   30  0.3178E-11  0.3171E-11
CALSDV   47   30  0.2696E-11  0.2693E-11
CALSDV   48   30  0.3182E-11  0.3178E-11
CALSDV   49   30  0.2815E-11  0.2811E-11
CALSDV   50   30  0.3181E-11  0.3177E-11
CALSDV   51   30  0.2935E-11  0.2931E-11
CALSDV   52   30  0.3178E-11  0.3177E-11
CALSDV   53   30  0.3022E-11  0.3019E-11
CALSDV   54   30  0.3171E-11  0.3171E-11
CALSDV   55   30  0.3062E-11  0.3059E-11
CALSDV   56   30  0.3153E-11  0.3153E-11
CALSDV   57   30  0.3045E-11  0.3042E-11
CALSDV   58   30  0.3116E-11  0.3115E-11
CALSDV   59   30  0.3033E-11  0.3032E-11
CALSDV   60   30  0.3093E-11  0.3093E-11
CALSDV   31   31  0.4045E-11  0.4060E-11
CALSDV   32   31  0.5756E-11  0.5732E-11
CALSDV   33   31  0.4917E-11  0.4907E-11
CALSDV   34   31  0.3634E-11  0.3629E-11
CALSDV   35   31  0.4332E-11  0.4320E-11
CALSDV   36   31  0.3818E-11  0.3834E-11
CALSDV   37   31  0.3405E-11  0.3395E-11
CALSDV   38   31  0.3772E-11  0.3786E-11
CALSDV   39   31  0.2909E-11  0.2908E-11
CALSDV   40   31  0.3464E-11  0.3457E-11
CALSDV   41   31  0.2801E-11  0.2798E-11
CALSDV   42   31  0.3145E-11  0.3126E-11
CALSDV   43   31  0.2859E-11  0.2852E-11
CALSDV   44   31  0.2977E-11  0.2951E-11
CALSDV   45   31  0.2954E-11  0.2942E-11
CALSDV   46   31  0.2977E-11  0.2948E-11
CALSDV   47   31  0.3040E-11  0.3023E-11
CALSDV   48   31  0.3081E-11  0.3056E-11
CALSDV   49   31  0.3107E-11  0.3088E-11
CALSDV   50   31  0.3218E-11  0.3196E-11
CALSDV   51   31  0.3153E-11  0.3134E-11
CALSDV   52   31  0.3332E-11  0.3313E-11
CALSDV   53   31  0.3176E-11  0.3159E-11
CALSDV   54   31  0.3393E-11  0.3379E-11
CALSDV   55   31  0.3169E-11  0.3155E-11
CALSDV   56   31  0.3393E-11  0.3381E-11
CALSDV   57   31  0.3123E-11  0.3112E-11
CALSDV   58   31  0.3327E-11  0.3317E-11
CALSDV   59   31  0.3084E-11  0.3082E-11
CALSDV   60   31  0.3245E-11  0.3245E-11
CALSDV   32   32  0.3900E-11  0.3848E-11
CALSDV   33   32  0.5341E-11  0.5327E-11
CALSDV   34   32  0.4900E-11  0.4871E-11
CALSDV   35   32  0.3152E-11  0.3132E-11
CALSDV   36   32  0.4094E-11  0.4088E-11
CALSDV   37   32  0.3624E-11  0.3624E-11
CALSDV   38   32  0.3237E-11  0.3242E-11
CALSDV   39   32  0.3674E-11  0.3687E-11
CALSDV   40   32  0.2961E-11  0.2954E-11
CALSDV   41   32  0.3347E-11  0.3375E-11
CALSDV   42   32  0.3005E-11  0.2980E-11
CALSDV   43   32  0.2974E-11  0.3012E-11
CALSDV   44   32  0.3102E-11  0.3062E-11
CALSDV   45   32  0.2752E-11  0.2798E-11
CALSDV   46   32  0.3172E-11  0.3123E-11
CALSDV   47   32  0.2733E-11  0.2773E-11
CALSDV   48   32  0.3214E-11  0.3163E-11
CALSDV   49   32  0.2844E-11  0.2878E-11
CALSDV   50   32  0.3240E-11  0.3193E-11
CALSDV   51   32  0.3000E-11  0.3026E-11
CALSDV   52   32  0.3266E-11  0.3226E-11
CALSDV   53   32  0.3132E-11  0.3149E-11
CALSDV   54   32  0.3284E-11  0.3254E-11
CALSDV   55   32  0.3203E-11  0.3215E-11
CALSDV   56   32  0.3286E-11  0.3265E-11
CALSDV   57   32  0.3196E-11  0.3203E-11
CALSDV   58   32  0.3254E-11  0.3242E-11
CALSDV   59   32  0.3160E-11  0.3164E-11
CALSDV   60   32  0.3210E-11  0.3204E-11
CALSDV   33   33  0.3964E-11  0.4051E-11
CALSDV   34   33  0.5453E-11  0.5421E-11
CALSDV   35   33  0.5206E-11  0.5214E-11
CALSDV   36   33  0.3245E-11  0.3190E-11
CALSDV   37   33  0.4368E-11  0.4371E-11
CALSDV   38   33  0.3726E-11  0.3681E-11
CALSDV   39   33  0.3278E-11  0.3279E-11
CALSDV   40   33  0.3752E-11  0.3720E-11
CALSDV   41   33  0.2868E-11  0.2866E-11
CALSDV   42   33  0.3409E-11  0.3388E-11
CALSDV   43   33  0.2980E-11  0.2983E-11
CALSDV   44   33  0.3052E-11  0.3037E-11
CALSDV   45   33  0.3231E-11  0.3233E-11
CALSDV   46   33  0.2883E-11  0.2874E-11
CALSDV   47   33  0.3440E-11  0.3444E-11
CALSDV   48   33  0.2922E-11  0.2917E-11
CALSDV   49   33  0.3570E-11  0.3575E-11
CALSDV   50   33  0.3081E-11  0.3077E-11
CALSDV   51   33  0.3626E-11  0.3632E-11
CALSDV   52   33  0.3263E-11  0.3260E-11
CALSDV   53   33  0.3619E-11  0.3625E-11
CALSDV   54   33  0.3401E-11  0.3398E-11
CALSDV   55   33  0.3553E-11  0.3559E-11
CALSDV   56   33  0.3461E-11  0.3459E-11
CALSDV   57   33  0.3425E-11  0.3429E-11
CALSDV   58   33  0.3431E-11  0.3430E-11
CALSDV   59   33  0.3292E-11  0.3293E-11
CALSDV   60   33  0.3348E-11  0.3346E-11
CALSDV   34   34  0.3635E-11  0.3630E-11
CALSDV   35   34  0.5354E-11  0.5355E-11
CALSDV   36   34  0.5062E-11  0.5062E-11
CALSDV   37   34  0.3196E-11  0.3199E-11
CALSDV   38   34  0.4202E-11  0.4194E-11
CALSDV   39   34  0.3839E-11  0.3853E-11
CALSDV   40   34  0.3315E-11  0.3316E-11
CALSDV   41   34  0.3912E-11  0.3935E-11
CALSDV   42   34  0.3046E-11  0.3061E-11
CALSDV   43   34  0.3578E-11  0.3611E-11
CALSDV   44   34  0.3096E-11  0.3121E-11
CALSDV   45   34  0.3214E-11  0.3258E-11
CALSDV   46   34  0.3187E-11  0.3212E-11
CALSDV   47   34  0.3030E-11  0.3076E-11
CALSDV   48   34  0.3250E-11  0.3273E-11
CALSDV   49   34  0.3046E-11  0.3090E-11
CALSDV   50   34  0.3299E-11  0.3316E-11
CALSDV   51   34  0.3176E-11  0.3210E-11
CALSDV   52   34  0.3344E-11  0.3358E-11
CALSDV   53   34  0.3316E-11  0.3343E-11
CALSDV   54   34  0.3389E-11  0.3397E-11
CALSDV   55   34  0.3401E-11  0.3418E-11
CALSDV   56   34  0.3412E-11  0.3422E-11
CALSDV   57   34  0.3385E-11  0.3399E-11
CALSDV   58   34  0.3396E-11  0.3397E-11
CALSDV   59   34  0.3311E-11  0.3314E-11
CALSDV   60   34  0.3333E-11  0.3333E-11
CALSDV   35   35  0.4020E-11  0.3961E-11
CALSDV   36   35  0.5568E-11  0.5553E-11
CALSDV   37   35  0.5536E-11  0.5491E-11
CALSDV   38   35  0.3342E-11  0.3324E-11
CALSDV   39   35  0.4613E-11  0.4586E-11
CALSDV   40   35  0.3931E-11  0.3913E-11
CALSDV   41   35  0.3471E-11  0.3459E-11
CALSDV   42   35  0.3950E-11  0.3933E-11
CALSDV   43   35  0.3060E-11  0.3062E-11
CALSDV   44   35  0.3582E-11  0.3567E-11
CALSDV   45   35  0.3183E-11  0.3192E-11
CALSDV   46   35  0.3235E-11  0.3222E-11
CALSDV   47   35  0.3427E-11  0.3436E-11
CALSDV   48   35  0.3115E-11  0.3107E-11
CALSDV   49   35  0.3626E-11  0.3631E-11
CALSDV   50   35  0.3213E-11  0.3207E-11
CALSDV   51   35  0.3743E-11  0.3745E-11
CALSDV   52   35  0.3403E-11  0.3400E-11
CALSDV   53   35  0.3776E-11  0.3777E-11
CALSDV   54   35  0.3576E-11  0.3575E-11
CALSDV   55   35  0.3734E-11  0.3733E-11
CALSDV   56   35  0.3664E-11  0.3663E-11
CALSDV   57   35  0.3609E-11  0.3606E-11
CALSDV   58   35  0.3635E-11  0.3632E-11
CALSDV   59   35  0.3438E-11  0.3434E-11
CALSDV   60   35  0.3509E-11  0.3508E-11
CALSDV   36   36  0.3733E-11  0.3748E-11
CALSDV   37   36  0.5510E-11  0.5520E-11
CALSDV   38   36  0.5344E-11  0.5311E-11
CALSDV   39   36  0.3352E-11  0.3365E-11
CALSDV   40   36  0.4391E-11  0.4379E-11
CALSDV   41   36  0.4087E-11  0.4102E-11
CALSDV   42   36  0.3473E-11  0.3471E-11
CALSDV   43   36  0.4171E-11  0.4189E-11
CALSDV   44   36  0.3240E-11  0.3236E-11
CALSDV   45   36  0.3853E-11  0.3869E-11
CALSDV   46   36  0.3324E-11  0.3311E-11
CALSDV   47   36  0.3545E-11  0.3559E-11
CALSDV   48   36  0.3430E-11  0.3409E-11
CALSDV   49   36  0.3433E-11  0.3442E-11
CALSDV   50   36  0.3499E-11  0.3472E-11
CALSDV   51   36  0.3488E-11  0.3498E-11
CALSDV   52   36  0.3550E-11  0.3525E-11
CALSDV   53   36  0.3604E-11  0.3608E-11
CALSDV   54   36  0.3595E-11  0.3569E-11
CALSDV   55   36  0.3673E-11  0.3678E-11
CALSDV   56   36  0.3616E-11  0.3599E-11
CALSDV   57   36  0.3635E-11  0.3638E-11
CALSDV   58   36  0.3586E-11  0.3575E-11
CALSDV   59   36  0.3496E-11  0.3496E-11
CALSDV   60   36  0.3486E-11  0.3480E-11
CALSDV   37   37  0.3731E-11  0.3691E-11
CALSDV   38   37  0.5716E-11  0.5726E-11
CALSDV   39   37  0.5820E-11  0.5825E-11
CALSDV   40   37  0.3499E-11  0.3513E-11
CALSDV   41   37  0.4810E-11  0.4823E-11
CALSDV   42   37  0.4156E-11  0.4160E-11
CALSDV   43   37  0.3639E-11  0.3642E-11
CALSDV   44   37  0.4119E-11  0.4116E-11
CALSDV   45   37  0.3245E-11  0.3250E-11
CALSDV   46   37  0.3692E-11  0.3692E-11
CALSDV   47   37  0.3366E-11  0.3376E-11
CALSDV   48   37  0.3342E-11  0.3346E-11
CALSDV   49   37  0.3590E-11  0.3601E-11
CALSDV   50   37  0.3280E-11  0.3289E-11
CALSDV   51   37  0.3761E-11  0.3772E-11
CALSDV   52   37  0.3442E-11  0.3453E-11
CALSDV   53   37  0.3852E-11  0.3862E-11
CALSDV   54   37  0.3660E-11  0.3669E-11
CALSDV   55   37  0.3855E-11  0.3863E-11
CALSDV   56   37  0.3804E-11  0.3815E-11
CALSDV   57   37  0.3755E-11  0.3762E-11
CALSDV   58   37  0.3806E-11  0.3815E-11
CALSDV   59   37  0.3569E-11  0.3573E-11
CALSDV   60   37  0.3660E-11  0.3666E-11
CALSDV   38   38  0.3839E-11  0.3828E-11
CALSDV   39   38  0.5709E-11  0.5701E-11
CALSDV   40   38  0.5619E-11  0.5603E-11
CALSDV   41   38  0.3564E-11  0.3569E-11
CALSDV   42   38  0.4580E-11  0.4579E-11
CALSDV   43   38  0.4338E-11  0.4349E-11
CALSDV   44   38  0.3642E-11  0.3646E-11
CALSDV   45   38  0.4390E-11  0.4391E-11
CALSDV   46   38  0.3438E-11  0.3437E-11
CALSDV   47   38  0.4070E-11  0.4069E-11
CALSDV   48   38  0.3536E-11  0.3540E-11
CALSDV   49   38  0.3812E-11  0.3816E-11
CALSDV   50   38  0.3638E-11  0.3646E-11
CALSDV   51   38  0.3768E-11  0.3774E-11
CALSDV   52   38  0.3706E-11  0.3714E-11
CALSDV   53   38  0.3854E-11  0.3859E-11
CALSDV   54   38  0.3759E-11  0.3767E-11
CALSDV   55   38  0.3927E-11  0.3932E-11
CALSDV   56   38  0.3788E-11  0.3797E-11
CALSDV   57   38  0.3879E-11  0.3884E-11
CALSDV   58   38  0.3760E-11  0.3769E-11
CALSDV   59   38  0.3687E-11  0.3691E-11
CALSDV   60   38  0.3635E-11  0.3639E-11
CALSDV   39   39  0.3755E-11  0.3739E-11
CALSDV   40   39  0.5914E-11  0.5905E-11
CALSDV   41   39  0.6165E-11  0.6164E-11
CALSDV   42   39  0.3778E-11  0.3776E-11
CALSDV   43   39  0.5034E-11  0.5032E-11
CALSDV   44   39  0.4451E-11  0.4448E-11
CALSDV   45   39  0.3808E-11  0.3806E-11
CALSDV   46   39  0.4318E-11  0.4312E-11
CALSDV   47   39  0.3452E-11  0.3449E-11
CALSDV   48   39  0.3816E-11  0.3812E-11
CALSDV   49   39  0.3617E-11  0.3613E-11
CALSDV   50   39  0.3484E-11  0.3483E-11
CALSDV   51   39  0.3848E-11  0.3846E-11
CALSDV   52   39  0.3500E-11  0.3500E-11
CALSDV   53   39  0.4000E-11  0.4001E-11
CALSDV   54   39  0.3720E-11  0.3723E-11
CALSDV   55   39  0.4047E-11  0.4046E-11
CALSDV   56   39  0.3930E-11  0.3931E-11
CALSDV   57   39  0.3961E-11  0.3959E-11
CALSDV   58   39  0.3983E-11  0.3981E-11
CALSDV   59   39  0.3740E-11  0.3737E-11
CALSDV   60   39  0.3827E-11  0.3827E-11
CALSDV   40   40  0.4056E-11  0.4063E-11
CALSDV   41   40  0.5980E-11  0.5985E-11
CALSDV   42   40  0.6201E-11  0.6202E-11
CALSDV   43   40  0.3862E-11  0.3870E-11
CALSDV   44   40  0.4969E-11  0.4974E-11
CALSDV   45   40  0.4661E-11  0.4661E-11
CALSDV   46   40  0.3862E-11  0.3869E-11
CALSDV   47   40  0.4702E-11  0.4694E-11
CALSDV   48   40  0.3739E-11  0.3732E-11
CALSDV   49   40  0.4428E-11  0.4416E-11
CALSDV   50   40  0.4025E-11  0.4010E-11
CALSDV   51   40  0.4262E-11  0.4248E-11
CALSDV   52   40  0.4271E-11  0.4250E-11
CALSDV   53   40  0.4259E-11  0.4250E-11
CALSDV   54   40  0.4376E-11  0.4359E-11
CALSDV   55   40  0.4291E-11  0.4289E-11
CALSDV   56   40  0.4363E-11  0.4351E-11
CALSDV   57   40  0.4205E-11  0.4204E-11
CALSDV   58   40  0.4221E-11  0.4213E-11
CALSDV   59   40  0.3927E-11  0.3929E-11
CALSDV   60   40  0.3935E-11  0.3932E-11
CALSDV   41   41  0.4007E-11  0.4017E-11
CALSDV   42   41  0.6183E-11  0.6189E-11
CALSDV   43   41  0.6557E-11  0.6564E-11
CALSDV   44   41  0.4187E-11  0.4177E-11
CALSDV   45   41  0.5262E-11  0.5264E-11
CALSDV   46   41  0.4857E-11  0.4852E-11
CALSDV   47   41  0.3993E-11  0.3992E-11
CALSDV   48   41  0.4629E-11  0.4624E-11
CALSDV   49   41  0.3716E-11  0.3720E-11
CALSDV   50   41  0.4085E-11  0.4084E-11
CALSDV   51   41  0.3947E-11  0.3956E-11
CALSDV   52   41  0.3795E-11  0.3798E-11
CALSDV   53   41  0.4189E-11  0.4195E-11
CALSDV   54   41  0.3871E-11  0.3869E-11
CALSDV   55   41  0.4287E-11  0.4291E-11
CALSDV   56   41  0.4074E-11  0.4074E-11
CALSDV   57   41  0.4213E-11  0.4215E-11
CALSDV   58   41  0.4166E-11  0.4167E-11
CALSDV   59   41  0.3944E-11  0.3945E-11
CALSDV   60   41  0.4004E-11  0.4002E-11
CALSDV   42   42  0.4340E-11  0.4291E-11
CALSDV   43   42  0.6324E-11  0.6320E-11
CALSDV   44   42  0.6884E-11  0.6919E-11
CALSDV   45   42  0.4265E-11  0.4252E-11
CALSDV   46   42  0.5397E-11  0.5425E-11
CALSDV   47   42  0.4992E-11  0.4977E-11
CALSDV   48   42  0.4101E-11  0.4108E-11
CALSDV   49   42  0.4945E-11  0.4928E-11
CALSDV   50   42  0.4095E-11  0.4098E-11
CALSDV   51   42  0.4659E-11  0.4643E-11
CALSDV   52   42  0.4574E-11  0.4586E-11
CALSDV   53   42  0.4531E-11  0.4517E-11
CALSDV   54   42  0.4904E-11  0.4928E-11
CALSDV   55   42  0.4531E-11  0.4518E-11
CALSDV   56   42  0.4961E-11  0.4983E-11
CALSDV   57   42  0.4451E-11  0.4442E-11
CALSDV   58   42  0.4749E-11  0.4768E-11
CALSDV   59   42  0.4142E-11  0.4134E-11
CALSDV   60   42  0.4296E-11  0.4302E-11
CALSDV   43   43  0.4345E-11  0.4303E-11
CALSDV   44   43  0.6456E-11  0.6435E-11
CALSDV   45   43  0.7007E-11  0.6990E-11
CALSDV   46   43  0.4542E-11  0.4539E-11
CALSDV   47   43  0.5472E-11  0.5462E-11
CALSDV   48   43  0.5162E-11  0.5165E-11
CALSDV   49   43  0.4183E-11  0.4189E-11
CALSDV   50   43  0.4819E-11  0.4832E-11
CALSDV   51   43  0.4071E-11  0.4088E-11
CALSDV   52   43  0.4262E-11  0.4283E-11
CALSDV   53   43  0.4400E-11  0.4417E-11
CALSDV   54   43  0.4070E-11  0.4088E-11
CALSDV   55   43  0.4610E-11  0.4619E-11
CALSDV   56   43  0.4208E-11  0.4217E-11
CALSDV   57   43  0.4551E-11  0.4557E-11
CALSDV   58   43  0.4335E-11  0.4340E-11
CALSDV   59   43  0.4205E-11  0.4208E-11
CALSDV   60   43  0.4182E-11  0.4183E-11
CALSDV   44   44  0.4523E-11  0.4501E-11
CALSDV   45   44  0.6773E-11  0.6778E-11
CALSDV   46   44  0.7373E-11  0.7386E-11
CALSDV   47   44  0.4827E-11  0.4829E-11
CALSDV   48   44  0.5653E-11  0.5662E-11
CALSDV   49   44  0.5467E-11  0.5470E-11
CALSDV   50   44  0.4320E-11  0.4316E-11
CALSDV   51   44  0.5325E-11  0.5330E-11
CALSDV   52   44  0.4450E-11  0.4453E-11
CALSDV   53   44  0.5011E-11  0.5018E-11
CALSDV   54   44  0.4988E-11  0.4998E-11
CALSDV   55   44  0.4861E-11  0.4865E-11
CALSDV   56   44  0.5251E-11  0.5260E-11
CALSDV   57   44  0.4733E-11  0.4735E-11
CALSDV   58   44  0.5110E-11  0.5117E-11
CALSDV   59   44  0.4374E-11  0.4374E-11
CALSDV   60   44  0.4585E-11  0.4588E-11
CALSDV   45   45  0.5527E-11  0.5542E-11
CALSDV   46   45  0.6786E-11  0.6803E-11
CALSDV   47   45  0.7639E-11  0.7640E-11
CALSDV   48   45  0.4952E-11  0.4948E-11
CALSDV   49   45  0.5765E-11  0.5777E-11
CALSDV   50   45  0.5583E-11  0.5552E-11
CALSDV   51   45  0.4710E-11  0.4724E-11
CALSDV   52   45  0.5240E-11  0.5211E-11
CALSDV   53   45  0.4988E-11  0.4999E-11
CALSDV   54   45  0.4763E-11  0.4741E-11
CALSDV   55   45  0.5367E-11  0.5370E-11
CALSDV   56   45  0.4637E-11  0.4613E-11
CALSDV   57   45  0.5291E-11  0.5290E-11
CALSDV   58   45  0.4656E-11  0.4641E-11
CALSDV   59   45  0.4708E-11  0.4709E-11
CALSDV   60   45  0.4434E-11  0.4426E-11
CALSDV   46   46  0.5289E-11  0.5264E-11
CALSDV   47   46  0.7710E-11  0.7627E-11
CALSDV   48   46  0.7925E-11  0.7807E-11
CALSDV   49   46  0.5903E-11  0.5863E-11
CALSDV   50   46  0.6137E-11  0.6138E-11
CALSDV   51   46  0.6463E-11  0.6414E-11
CALSDV   52   46  0.4903E-11  0.4897E-11
CALSDV   53   46  0.6209E-11  0.6151E-11
CALSDV   54   46  0.4990E-11  0.5005E-11
CALSDV   55   46  0.5729E-11  0.5680E-11
CALSDV   56   46  0.5326E-11  0.5385E-11
CALSDV   57   46  0.5280E-11  0.5281E-11
CALSDV   58   46  0.5304E-11  0.5392E-11
CALSDV   59   46  0.4716E-11  0.4708E-11
CALSDV   60   46  0.4816E-11  0.4843E-11
CALSDV   47   47  0.5231E-11  0.5215E-11
CALSDV   48   47  0.7136E-11  0.7190E-11
CALSDV   49   47  0.7902E-11  0.7921E-11
CALSDV   50   47  0.5375E-11  0.5419E-11
CALSDV   51   47  0.5787E-11  0.5801E-11
CALSDV   52   47  0.5883E-11  0.5965E-11
CALSDV   53   47  0.4908E-11  0.4909E-11
CALSDV   54   47  0.5484E-11  0.5587E-11
CALSDV   55   47  0.5338E-11  0.5330E-11
CALSDV   56   47  0.5073E-11  0.5167E-11
CALSDV   57   47  0.5543E-11  0.5537E-11
CALSDV   58   47  0.4948E-11  0.5003E-11
CALSDV   59   47  0.5032E-11  0.5030E-11
CALSDV   60   47  0.4678E-11  0.4702E-11
CALSDV   48   48  0.4811E-11  0.4836E-11
CALSDV   49   48  0.7564E-11  0.7566E-11
CALSDV   50   48  0.8173E-11  0.8177E-11
CALSDV   51   48  0.5516E-11  0.5523E-11
CALSDV   52   48  0.5845E-11  0.5833E-11
CALSDV   53   48  0.5884E-11  0.5879E-11
CALSDV   54   48  0.4757E-11  0.4768E-11
CALSDV   55   48  0.5589E-11  0.5597E-11
CALSDV   56   48  0.5292E-11  0.5284E-11
CALSDV   57   48  0.5257E-11  0.5280E-11
CALSDV   58   48  0.5652E-11  0.5641E-11
CALSDV   59   48  0.4841E-11  0.4849E-11
CALSDV   60   48  0.5212E-11  0.5208E-11
CALSDV   49   49  0.4601E-11  0.4607E-11
CALSDV   50   49  0.7343E-11  0.7346E-11
CALSDV   51   49  0.8003E-11  0.7991E-11
CALSDV   52   49  0.5718E-11  0.5720E-11
CALSDV   53   49  0.5601E-11  0.5612E-11
CALSDV   54   49  0.6253E-11  0.6248E-11
CALSDV   55   49  0.4934E-11  0.4949E-11
CALSDV   56   49  0.5876E-11  0.5863E-11
CALSDV   57   49  0.5387E-11  0.5399E-11
CALSDV   58   49  0.5465E-11  0.5447E-11
CALSDV   59   49  0.5197E-11  0.5200E-11
CALSDV   60   49  0.5019E-11  0.5008E-11
CALSDV   50   50  0.4682E-11  0.4690E-11
CALSDV   51   50  0.7966E-11  0.7956E-11
CALSDV   52   50  0.8418E-11  0.8409E-11
CALSDV   53   50  0.5844E-11  0.5842E-11
CALSDV   54   50  0.5781E-11  0.5782E-11
CALSDV   55   50  0.6476E-11  0.6456E-11
CALSDV   56   50  0.5087E-11  0.5071E-11
CALSDV   57   50  0.6205E-11  0.6189E-11
CALSDV   58   50  0.5654E-11  0.5646E-11
CALSDV   59   50  0.5435E-11  0.5429E-11
CALSDV   60   50  0.5481E-11  0.5473E-11
CALSDV   51   51  0.4419E-11  0.4383E-11
CALSDV   52   51  0.7941E-11  0.7958E-11
CALSDV   53   51  0.8026E-11  0.8033E-11
CALSDV   54   51  0.6114E-11  0.6106E-11
CALSDV   55   51  0.5465E-11  0.5476E-11
CALSDV   56   51  0.6862E-11  0.6831E-11
CALSDV   57   51  0.5265E-11  0.5264E-11
CALSDV   58   51  0.6526E-11  0.6484E-11
CALSDV   59   51  0.5409E-11  0.5405E-11
CALSDV   60   51  0.5672E-11  0.5649E-11
CALSDV   52   52  0.4329E-11  0.4359E-11
CALSDV   53   52  0.8247E-11  0.8251E-11
CALSDV   54   52  0.8376E-11  0.8396E-11
CALSDV   55   52  0.6131E-11  0.6142E-11
CALSDV   56   52  0.5560E-11  0.5580E-11
CALSDV   57   52  0.6821E-11  0.6839E-11
CALSDV   58   52  0.5420E-11  0.5426E-11
CALSDV   59   52  0.6092E-11  0.6108E-11
CALSDV   60   52  0.5650E-11  0.5662E-11
CALSDV   53   53  0.3970E-11  0.3964E-11
CALSDV   54   53  0.8311E-11  0.8275E-11
CALSDV   55   53  0.7811E-11  0.7811E-11
CALSDV   56   53  0.6476E-11  0.6475E-11
CALSDV   57   53  0.5408E-11  0.5412E-11
CALSDV   58   53  0.7188E-11  0.7172E-11
CALSDV   59   53  0.5508E-11  0.5507E-11
CALSDV   60   53  0.6357E-11  0.6345E-11
CALSDV   54   54  0.4063E-11  0.4050E-11
CALSDV   55   54  0.7926E-11  0.7931E-11
CALSDV   56   54  0.8010E-11  0.8036E-11
CALSDV   57   54  0.6529E-11  0.6550E-11
CALSDV   58   54  0.5421E-11  0.5441E-11
CALSDV   59   54  0.6773E-11  0.6782E-11
CALSDV   60   54  0.5706E-11  0.5712E-11
CALSDV   55   55  0.4466E-11  0.4478E-11
CALSDV   56   55  0.8192E-11  0.8195E-11
CALSDV   57   55  0.7750E-11  0.7750E-11
CALSDV   58   55  0.7149E-11  0.7160E-11
CALSDV   59   55  0.6061E-11  0.6033E-11
CALSDV   60   55  0.7363E-11  0.7382E-11
CALSDV   56   56  0.4506E-11  0.4491E-11
CALSDV   57   56  0.7120E-11  0.7146E-11
CALSDV   58   56  0.7994E-11  0.7985E-11
CALSDV   59   56  0.7328E-11  0.7325E-11
CALSDV   60   56  0.6195E-11  0.6183E-11
CALSDV   57   57  0.5116E-11  0.5170E-11
CALSDV   58   57  0.7353E-11  0.7369E-11
CALSDV   59   57  0.8566E-11  0.8556E-11
CALSDV   60   57  0.7688E-11  0.7694E-11
CALSDV   58   58  0.5299E-11  0.5327E-11
CALSDV   59   58  0.6270E-11  0.6335E-11
CALSDV   60   58  0.9037E-11  0.8929E-11
CALSDV   59   59  0.4318E-11  0.4261E-11
CALSDV   60   59  0.7701E-11  0.7678E-11
CALSDV   60   60  0.6136E-11  0.6173E-11
