      This file contains calibrated standard deviations for the GRACE
      Level-2 product "GSM-2_2015060-2015090_0031_EIGEN_GOL-_005a".

      Calibration is based on subset solution intercomparisons (preliminary
      result).

      The relevant data lines start with key CALSDV
      Each such line contains the following data
          N    M  C_SIGMA     S_SIGMA
                  FOR M=0 S_SIGMA=0.0

CALSDV    2    0  0.4328E-10  0.0000E+00
CALSDV    3    0  0.3924E-11  0.0000E+00
CALSDV    4    0  0.2078E-11  0.0000E+00
CALSDV    5    0  0.8216E-12  0.0000E+00
CALSDV    6    0  0.9472E-12  0.0000E+00
CALSDV    7    0  0.5354E-12  0.0000E+00
CALSDV    8    0  0.5764E-12  0.0000E+00
CALSDV    9    0  0.4965E-12  0.0000E+00
CALSDV   10    0  0.3976E-12  0.0000E+00
CALSDV   11    0  0.4706E-12  0.0000E+00
CALSDV   12    0  0.3305E-12  0.0000E+00
CALSDV   13    0  0.4371E-12  0.0000E+00
CALSDV   14    0  0.2938E-12  0.0000E+00
CALSDV   15    0  0.4048E-12  0.0000E+00
CALSDV   16    0  0.2824E-12  0.0000E+00
CALSDV   17    0  0.3839E-12  0.0000E+00
CALSDV   18    0  0.2969E-12  0.0000E+00
CALSDV   19    0  0.3721E-12  0.0000E+00
CALSDV   20    0  0.2930E-12  0.0000E+00
CALSDV   21    0  0.3639E-12  0.0000E+00
CALSDV   22    0  0.2976E-12  0.0000E+00
CALSDV   23    0  0.3567E-12  0.0000E+00
CALSDV   24    0  0.3281E-12  0.0000E+00
CALSDV   25    0  0.3469E-12  0.0000E+00
CALSDV   26    0  0.3514E-12  0.0000E+00
CALSDV   27    0  0.3463E-12  0.0000E+00
CALSDV   28    0  0.3764E-12  0.0000E+00
CALSDV   29    0  0.3544E-12  0.0000E+00
CALSDV   30    0  0.4011E-12  0.0000E+00
CALSDV   31    0  0.3659E-12  0.0000E+00
CALSDV   32    0  0.4258E-12  0.0000E+00
CALSDV   33    0  0.3947E-12  0.0000E+00
CALSDV   34    0  0.4487E-12  0.0000E+00
CALSDV   35    0  0.4213E-12  0.0000E+00
CALSDV   36    0  0.4754E-12  0.0000E+00
CALSDV   37    0  0.4542E-12  0.0000E+00
CALSDV   38    0  0.5057E-12  0.0000E+00
CALSDV   39    0  0.5017E-12  0.0000E+00
CALSDV   40    0  0.5386E-12  0.0000E+00
CALSDV   41    0  0.5494E-12  0.0000E+00
CALSDV   42    0  0.5786E-12  0.0000E+00
CALSDV   43    0  0.6042E-12  0.0000E+00
CALSDV   44    0  0.6251E-12  0.0000E+00
CALSDV   45    0  0.6650E-12  0.0000E+00
CALSDV   46    0  0.6710E-12  0.0000E+00
CALSDV   47    0  0.7310E-12  0.0000E+00
CALSDV   48    0  0.7435E-12  0.0000E+00
CALSDV   49    0  0.8016E-12  0.0000E+00
CALSDV   50    0  0.8203E-12  0.0000E+00
CALSDV   51    0  0.8797E-12  0.0000E+00
CALSDV   52    0  0.9077E-12  0.0000E+00
CALSDV   53    0  0.9708E-12  0.0000E+00
CALSDV   54    0  0.1015E-11  0.0000E+00
CALSDV   55    0  0.1072E-11  0.0000E+00
CALSDV   56    0  0.1136E-11  0.0000E+00
CALSDV   57    0  0.1187E-11  0.0000E+00
CALSDV   58    0  0.1270E-11  0.0000E+00
CALSDV   59    0  0.1322E-11  0.0000E+00
CALSDV   60    0  0.1424E-11  0.0000E+00
CALSDV   61    0  0.1470E-11  0.0000E+00
CALSDV   62    0  0.1602E-11  0.0000E+00
CALSDV   63    0  0.1661E-11  0.0000E+00
CALSDV   64    0  0.1804E-11  0.0000E+00
CALSDV   65    0  0.1878E-11  0.0000E+00
CALSDV   66    0  0.2033E-11  0.0000E+00
CALSDV   67    0  0.2130E-11  0.0000E+00
CALSDV   68    0  0.2300E-11  0.0000E+00
CALSDV   69    0  0.2431E-11  0.0000E+00
CALSDV   70    0  0.2614E-11  0.0000E+00
CALSDV   71    0  0.2780E-11  0.0000E+00
CALSDV   72    0  0.2973E-11  0.0000E+00
CALSDV   73    0  0.3179E-11  0.0000E+00
CALSDV   74    0  0.3389E-11  0.0000E+00
CALSDV   75    0  0.3650E-11  0.0000E+00
CALSDV   76    0  0.3873E-11  0.0000E+00
CALSDV   77    0  0.4211E-11  0.0000E+00
CALSDV   78    0  0.4467E-11  0.0000E+00
CALSDV   79    0  0.4876E-11  0.0000E+00
CALSDV   80    0  0.5142E-11  0.0000E+00
CALSDV   81    0  0.5658E-11  0.0000E+00
CALSDV   82    0  0.5959E-11  0.0000E+00
CALSDV   83    0  0.6608E-11  0.0000E+00
CALSDV   84    0  0.6958E-11  0.0000E+00
CALSDV   85    0  0.7793E-11  0.0000E+00
CALSDV   86    0  0.8194E-11  0.0000E+00
CALSDV   87    0  0.9313E-11  0.0000E+00
CALSDV   88    0  0.9808E-11  0.0000E+00
CALSDV   89    0  0.1039E-10  0.0000E+00
CALSDV   90    0  0.1093E-10  0.0000E+00
CALSDV    2    1  0.7020E-11  0.6563E-11
CALSDV    3    1  0.3107E-11  0.3249E-11
CALSDV    4    1  0.2593E-11  0.2587E-11
CALSDV    5    1  0.8958E-12  0.9004E-12
CALSDV    6    1  0.1004E-11  0.1012E-11
CALSDV    7    1  0.5664E-12  0.5712E-12
CALSDV    8    1  0.6109E-12  0.6123E-12
CALSDV    9    1  0.5352E-12  0.5374E-12
CALSDV   10    1  0.4324E-12  0.4335E-12
CALSDV   11    1  0.5074E-12  0.5092E-12
CALSDV   12    1  0.3545E-12  0.3551E-12
CALSDV   13    1  0.4692E-12  0.4700E-12
CALSDV   14    1  0.3138E-12  0.3144E-12
CALSDV   15    1  0.4329E-12  0.4333E-12
CALSDV   16    1  0.3015E-12  0.3020E-12
CALSDV   17    1  0.4097E-12  0.4101E-12
CALSDV   18    1  0.3167E-12  0.3173E-12
CALSDV   19    1  0.3969E-12  0.3977E-12
CALSDV   20    1  0.3121E-12  0.3127E-12
CALSDV   21    1  0.3878E-12  0.3885E-12
CALSDV   22    1  0.3168E-12  0.3174E-12
CALSDV   23    1  0.3790E-12  0.3797E-12
CALSDV   24    1  0.3488E-12  0.3491E-12
CALSDV   25    1  0.3686E-12  0.3692E-12
CALSDV   26    1  0.3732E-12  0.3739E-12
CALSDV   27    1  0.3678E-12  0.3681E-12
CALSDV   28    1  0.4001E-12  0.4004E-12
CALSDV   29    1  0.3764E-12  0.3770E-12
CALSDV   30    1  0.4259E-12  0.4265E-12
CALSDV   31    1  0.3882E-12  0.3887E-12
CALSDV   32    1  0.4518E-12  0.4527E-12
CALSDV   33    1  0.4186E-12  0.4192E-12
CALSDV   34    1  0.4759E-12  0.4768E-12
CALSDV   35    1  0.4465E-12  0.4474E-12
CALSDV   36    1  0.5043E-12  0.5049E-12
CALSDV   37    1  0.4816E-12  0.4822E-12
CALSDV   38    1  0.5367E-12  0.5373E-12
CALSDV   39    1  0.5318E-12  0.5324E-12
CALSDV   40    1  0.5712E-12  0.5718E-12
CALSDV   41    1  0.5815E-12  0.5824E-12
CALSDV   42    1  0.6129E-12  0.6138E-12
CALSDV   43    1  0.6397E-12  0.6406E-12
CALSDV   44    1  0.6621E-12  0.6629E-12
CALSDV   45    1  0.7044E-12  0.7053E-12
CALSDV   46    1  0.7111E-12  0.7120E-12
CALSDV   47    1  0.7736E-12  0.7748E-12
CALSDV   48    1  0.7872E-12  0.7881E-12
CALSDV   49    1  0.8475E-12  0.8487E-12
CALSDV   50    1  0.8675E-12  0.8687E-12
CALSDV   51    1  0.9301E-12  0.9313E-12
CALSDV   52    1  0.9593E-12  0.9608E-12
CALSDV   53    1  0.1027E-11  0.1029E-11
CALSDV   54    1  0.1074E-11  0.1075E-11
CALSDV   55    1  0.1133E-11  0.1135E-11
CALSDV   56    1  0.1201E-11  0.1203E-11
CALSDV   57    1  0.1253E-11  0.1255E-11
CALSDV   58    1  0.1340E-11  0.1342E-11
CALSDV   59    1  0.1394E-11  0.1396E-11
CALSDV   60    1  0.1502E-11  0.1504E-11
CALSDV   61    1  0.1551E-11  0.1553E-11
CALSDV   62    1  0.1691E-11  0.1693E-11
CALSDV   63    1  0.1751E-11  0.1753E-11
CALSDV   64    1  0.1900E-11  0.1903E-11
CALSDV   65    1  0.1974E-11  0.1977E-11
CALSDV   66    1  0.2138E-11  0.2141E-11
CALSDV   67    1  0.2240E-11  0.2244E-11
CALSDV   68    1  0.2420E-11  0.2423E-11
CALSDV   69    1  0.2554E-11  0.2557E-11
CALSDV   70    1  0.2746E-11  0.2750E-11
CALSDV   71    1  0.2909E-11  0.2912E-11
CALSDV   72    1  0.3112E-11  0.3116E-11
CALSDV   73    1  0.3327E-11  0.3331E-11
CALSDV   74    1  0.3547E-11  0.3554E-11
CALSDV   75    1  0.3805E-11  0.3809E-11
CALSDV   76    1  0.4035E-11  0.4042E-11
CALSDV   77    1  0.4363E-11  0.4367E-11
CALSDV   78    1  0.4630E-11  0.4637E-11
CALSDV   79    1  0.5044E-11  0.5051E-11
CALSDV   80    1  0.5326E-11  0.5334E-11
CALSDV   81    1  0.5767E-11  0.5770E-11
CALSDV   82    1  0.6085E-11  0.6089E-11
CALSDV   83    1  0.6658E-11  0.6662E-11
CALSDV   84    1  0.7012E-11  0.7012E-11
CALSDV   85    1  0.7846E-11  0.7846E-11
CALSDV   86    1  0.8246E-11  0.8246E-11
CALSDV   87    1  0.9321E-11  0.9317E-11
CALSDV   88    1  0.9816E-11  0.9812E-11
CALSDV   89    1  0.1032E-10  0.1033E-10
CALSDV   90    1  0.1086E-10  0.1087E-10
CALSDV    2    2  0.5604E-10  0.5063E-10
CALSDV    3    2  0.5001E-11  0.4938E-11
CALSDV    4    2  0.3292E-11  0.3225E-11
CALSDV    5    2  0.1155E-11  0.1151E-11
CALSDV    6    2  0.1238E-11  0.1232E-11
CALSDV    7    2  0.6725E-12  0.6721E-12
CALSDV    8    2  0.6972E-12  0.6949E-12
CALSDV    9    2  0.5920E-12  0.5899E-12
CALSDV   10    2  0.4760E-12  0.4745E-12
CALSDV   11    2  0.5495E-12  0.5486E-12
CALSDV   12    2  0.3814E-12  0.3804E-12
CALSDV   13    2  0.4994E-12  0.4985E-12
CALSDV   14    2  0.3317E-12  0.3311E-12
CALSDV   15    2  0.4541E-12  0.4528E-12
CALSDV   16    2  0.3148E-12  0.3140E-12
CALSDV   17    2  0.4252E-12  0.4244E-12
CALSDV   18    2  0.3276E-12  0.3270E-12
CALSDV   19    2  0.4087E-12  0.4079E-12
CALSDV   20    2  0.3213E-12  0.3207E-12
CALSDV   21    2  0.3976E-12  0.3968E-12
CALSDV   22    2  0.3247E-12  0.3241E-12
CALSDV   23    2  0.3879E-12  0.3872E-12
CALSDV   24    2  0.3562E-12  0.3556E-12
CALSDV   25    2  0.3756E-12  0.3750E-12
CALSDV   26    2  0.3799E-12  0.3789E-12
CALSDV   27    2  0.3736E-12  0.3730E-12
CALSDV   28    2  0.4056E-12  0.4049E-12
CALSDV   29    2  0.3814E-12  0.3805E-12
CALSDV   30    2  0.4314E-12  0.4304E-12
CALSDV   31    2  0.3930E-12  0.3924E-12
CALSDV   32    2  0.4572E-12  0.4563E-12
CALSDV   33    2  0.4235E-12  0.4229E-12
CALSDV   34    2  0.4812E-12  0.4806E-12
CALSDV   35    2  0.4514E-12  0.4505E-12
CALSDV   36    2  0.5090E-12  0.5081E-12
CALSDV   37    2  0.4856E-12  0.4848E-12
CALSDV   38    2  0.5407E-12  0.5398E-12
CALSDV   39    2  0.5359E-12  0.5350E-12
CALSDV   40    2  0.5754E-12  0.5742E-12
CALSDV   41    2  0.5865E-12  0.5854E-12
CALSDV   42    2  0.6177E-12  0.6168E-12
CALSDV   43    2  0.6448E-12  0.6436E-12
CALSDV   44    2  0.6668E-12  0.6656E-12
CALSDV   45    2  0.7086E-12  0.7074E-12
CALSDV   46    2  0.7149E-12  0.7134E-12
CALSDV   47    2  0.7779E-12  0.7763E-12
CALSDV   48    2  0.7910E-12  0.7896E-12
CALSDV   49    2  0.8526E-12  0.8511E-12
CALSDV   50    2  0.8728E-12  0.8710E-12
CALSDV   51    2  0.9361E-12  0.9340E-12
CALSDV   52    2  0.9655E-12  0.9638E-12
CALSDV   53    2  0.1032E-11  0.1030E-11
CALSDV   54    2  0.1079E-11  0.1076E-11
CALSDV   55    2  0.1138E-11  0.1136E-11
CALSDV   56    2  0.1205E-11  0.1203E-11
CALSDV   57    2  0.1259E-11  0.1257E-11
CALSDV   58    2  0.1347E-11  0.1344E-11
CALSDV   59    2  0.1402E-11  0.1399E-11
CALSDV   60    2  0.1510E-11  0.1508E-11
CALSDV   61    2  0.1557E-11  0.1554E-11
CALSDV   62    2  0.1697E-11  0.1694E-11
CALSDV   63    2  0.1757E-11  0.1753E-11
CALSDV   64    2  0.1907E-11  0.1903E-11
CALSDV   65    2  0.1984E-11  0.1980E-11
CALSDV   66    2  0.2149E-11  0.2145E-11
CALSDV   67    2  0.2251E-11  0.2247E-11
CALSDV   68    2  0.2431E-11  0.2425E-11
CALSDV   69    2  0.2561E-11  0.2555E-11
CALSDV   70    2  0.2754E-11  0.2748E-11
CALSDV   71    2  0.2924E-11  0.2917E-11
CALSDV   72    2  0.3128E-11  0.3121E-11
CALSDV   73    2  0.3344E-11  0.3337E-11
CALSDV   74    2  0.3564E-11  0.3557E-11
CALSDV   75    2  0.3812E-11  0.3805E-11
CALSDV   76    2  0.4046E-11  0.4039E-11
CALSDV   77    2  0.4395E-11  0.4384E-11
CALSDV   78    2  0.4665E-11  0.4654E-11
CALSDV   79    2  0.5058E-11  0.5048E-11
CALSDV   80    2  0.5337E-11  0.5326E-11
CALSDV   81    2  0.5815E-11  0.5804E-11
CALSDV   82    2  0.6133E-11  0.6122E-11
CALSDV   83    2  0.6674E-11  0.6658E-11
CALSDV   84    2  0.7027E-11  0.7012E-11
CALSDV   85    2  0.7870E-11  0.7850E-11
CALSDV   86    2  0.8269E-11  0.8250E-11
CALSDV   87    2  0.9343E-11  0.9321E-11
CALSDV   88    2  0.9837E-11  0.9812E-11
CALSDV   89    2  0.1034E-10  0.1032E-10
CALSDV   90    2  0.1088E-10  0.1085E-10
CALSDV    3    3  0.1063E-10  0.1065E-10
CALSDV    4    3  0.6188E-11  0.6153E-11
CALSDV    5    3  0.2579E-11  0.2584E-11
CALSDV    6    3  0.2030E-11  0.2025E-11
CALSDV    7    3  0.1292E-11  0.1292E-11
CALSDV    8    3  0.1006E-11  0.1003E-11
CALSDV    9    3  0.9681E-12  0.9672E-12
CALSDV   10    3  0.6225E-12  0.6189E-12
CALSDV   11    3  0.7944E-12  0.7931E-12
CALSDV   12    3  0.4710E-12  0.4691E-12
CALSDV   13    3  0.6593E-12  0.6575E-12
CALSDV   14    3  0.3915E-12  0.3894E-12
CALSDV   15    3  0.5613E-12  0.5592E-12
CALSDV   16    3  0.3582E-12  0.3565E-12
CALSDV   17    3  0.5003E-12  0.4983E-12
CALSDV   18    3  0.3626E-12  0.3608E-12
CALSDV   19    3  0.4633E-12  0.4614E-12
CALSDV   20    3  0.3475E-12  0.3458E-12
CALSDV   21    3  0.4381E-12  0.4359E-12
CALSDV   22    3  0.3457E-12  0.3436E-12
CALSDV   23    3  0.4181E-12  0.4157E-12
CALSDV   24    3  0.3744E-12  0.3726E-12
CALSDV   25    3  0.3989E-12  0.3970E-12
CALSDV   26    3  0.3963E-12  0.3941E-12
CALSDV   27    3  0.3927E-12  0.3906E-12
CALSDV   28    3  0.4213E-12  0.4187E-12
CALSDV   29    3  0.3981E-12  0.3961E-12
CALSDV   30    3  0.4456E-12  0.4430E-12
CALSDV   31    3  0.4075E-12  0.4050E-12
CALSDV   32    3  0.4704E-12  0.4675E-12
CALSDV   33    3  0.4364E-12  0.4338E-12
CALSDV   34    3  0.4929E-12  0.4898E-12
CALSDV   35    3  0.4631E-12  0.4602E-12
CALSDV   36    3  0.5199E-12  0.5165E-12
CALSDV   37    3  0.4968E-12  0.4939E-12
CALSDV   38    3  0.5514E-12  0.5481E-12
CALSDV   39    3  0.5470E-12  0.5435E-12
CALSDV   40    3  0.5857E-12  0.5821E-12
CALSDV   41    3  0.5966E-12  0.5930E-12
CALSDV   42    3  0.6272E-12  0.6230E-12
CALSDV   43    3  0.6543E-12  0.6501E-12
CALSDV   44    3  0.6754E-12  0.6709E-12
CALSDV   45    3  0.7182E-12  0.7137E-12
CALSDV   46    3  0.7236E-12  0.7189E-12
CALSDV   47    3  0.7878E-12  0.7830E-12
CALSDV   48    3  0.8007E-12  0.7954E-12
CALSDV   49    3  0.8629E-12  0.8575E-12
CALSDV   50    3  0.8822E-12  0.8766E-12
CALSDV   51    3  0.9455E-12  0.9394E-12
CALSDV   52    3  0.9741E-12  0.9679E-12
CALSDV   53    3  0.1042E-11  0.1035E-11
CALSDV   54    3  0.1088E-11  0.1081E-11
CALSDV   55    3  0.1149E-11  0.1141E-11
CALSDV   56    3  0.1216E-11  0.1208E-11
CALSDV   57    3  0.1271E-11  0.1263E-11
CALSDV   58    3  0.1358E-11  0.1349E-11
CALSDV   59    3  0.1412E-11  0.1403E-11
CALSDV   60    3  0.1521E-11  0.1511E-11
CALSDV   61    3  0.1567E-11  0.1557E-11
CALSDV   62    3  0.1708E-11  0.1697E-11
CALSDV   63    3  0.1770E-11  0.1758E-11
CALSDV   64    3  0.1921E-11  0.1909E-11
CALSDV   65    3  0.2000E-11  0.1987E-11
CALSDV   66    3  0.2165E-11  0.2151E-11
CALSDV   67    3  0.2263E-11  0.2249E-11
CALSDV   68    3  0.2443E-11  0.2427E-11
CALSDV   69    3  0.2576E-11  0.2559E-11
CALSDV   70    3  0.2770E-11  0.2752E-11
CALSDV   71    3  0.2946E-11  0.2927E-11
CALSDV   72    3  0.3151E-11  0.3131E-11
CALSDV   73    3  0.3360E-11  0.3338E-11
CALSDV   74    3  0.3581E-11  0.3557E-11
CALSDV   75    3  0.3836E-11  0.3812E-11
CALSDV   76    3  0.4073E-11  0.4046E-11
CALSDV   77    3  0.4430E-11  0.4402E-11
CALSDV   78    3  0.4697E-11  0.4668E-11
CALSDV   79    3  0.5077E-11  0.5044E-11
CALSDV   80    3  0.5363E-11  0.5326E-11
CALSDV   81    3  0.5879E-11  0.5838E-11
CALSDV   82    3  0.6200E-11  0.6159E-11
CALSDV   83    3  0.6709E-11  0.6666E-11
CALSDV   84    3  0.7065E-11  0.7019E-11
CALSDV   85    3  0.7910E-11  0.7858E-11
CALSDV   86    3  0.8309E-11  0.8258E-11
CALSDV   87    3  0.9398E-11  0.9339E-11
CALSDV   88    3  0.9896E-11  0.9833E-11
CALSDV   89    3  0.1049E-10  0.1043E-10
CALSDV   90    3  0.1103E-10  0.1097E-10
CALSDV    4    4  0.1926E-10  0.2386E-10
CALSDV    5    4  0.4344E-11  0.4131E-11
CALSDV    6    4  0.4047E-11  0.4750E-11
CALSDV    7    4  0.1572E-11  0.1516E-11
CALSDV    8    4  0.1561E-11  0.1742E-11
CALSDV    9    4  0.1058E-11  0.1027E-11
CALSDV   10    4  0.8195E-12  0.8754E-12
CALSDV   11    4  0.8244E-12  0.8119E-12
CALSDV   12    4  0.5711E-12  0.5957E-12
CALSDV   13    4  0.6755E-12  0.6689E-12
CALSDV   14    4  0.4536E-12  0.4649E-12
CALSDV   15    4  0.5737E-12  0.5700E-12
CALSDV   16    4  0.4016E-12  0.4088E-12
CALSDV   17    4  0.5130E-12  0.5122E-12
CALSDV   18    4  0.3977E-12  0.4025E-12
CALSDV   19    4  0.4777E-12  0.4773E-12
CALSDV   20    4  0.3759E-12  0.3785E-12
CALSDV   21    4  0.4530E-12  0.4522E-12
CALSDV   22    4  0.3690E-12  0.3710E-12
CALSDV   23    4  0.4325E-12  0.4325E-12
CALSDV   24    4  0.3954E-12  0.3973E-12
CALSDV   25    4  0.4114E-12  0.4120E-12
CALSDV   26    4  0.4146E-12  0.4159E-12
CALSDV   27    4  0.4036E-12  0.4042E-12
CALSDV   28    4  0.4367E-12  0.4380E-12
CALSDV   29    4  0.4075E-12  0.4081E-12
CALSDV   30    4  0.4594E-12  0.4607E-12
CALSDV   31    4  0.4164E-12  0.4170E-12
CALSDV   32    4  0.4829E-12  0.4839E-12
CALSDV   33    4  0.4454E-12  0.4459E-12
CALSDV   34    4  0.5049E-12  0.5059E-12
CALSDV   35    4  0.4717E-12  0.4723E-12
CALSDV   36    4  0.5308E-12  0.5317E-12
CALSDV   37    4  0.5048E-12  0.5057E-12
CALSDV   38    4  0.5609E-12  0.5622E-12
CALSDV   39    4  0.5543E-12  0.5552E-12
CALSDV   40    4  0.5941E-12  0.5953E-12
CALSDV   41    4  0.6039E-12  0.6051E-12
CALSDV   42    4  0.6352E-12  0.6364E-12
CALSDV   43    4  0.6618E-12  0.6630E-12
CALSDV   44    4  0.6836E-12  0.6851E-12
CALSDV   45    4  0.7260E-12  0.7272E-12
CALSDV   46    4  0.7314E-12  0.7329E-12
CALSDV   47    4  0.7951E-12  0.7963E-12
CALSDV   48    4  0.8075E-12  0.8089E-12
CALSDV   49    4  0.8686E-12  0.8701E-12
CALSDV   50    4  0.8879E-12  0.8896E-12
CALSDV   51    4  0.9509E-12  0.9527E-12
CALSDV   52    4  0.9804E-12  0.9821E-12
CALSDV   53    4  0.1048E-11  0.1049E-11
CALSDV   54    4  0.1095E-11  0.1096E-11
CALSDV   55    4  0.1155E-11  0.1156E-11
CALSDV   56    4  0.1222E-11  0.1224E-11
CALSDV   57    4  0.1275E-11  0.1277E-11
CALSDV   58    4  0.1363E-11  0.1365E-11
CALSDV   59    4  0.1416E-11  0.1418E-11
CALSDV   60    4  0.1525E-11  0.1527E-11
CALSDV   61    4  0.1572E-11  0.1575E-11
CALSDV   62    4  0.1714E-11  0.1717E-11
CALSDV   63    4  0.1776E-11  0.1778E-11
CALSDV   64    4  0.1927E-11  0.1930E-11
CALSDV   65    4  0.2002E-11  0.2005E-11
CALSDV   66    4  0.2166E-11  0.2170E-11
CALSDV   67    4  0.2265E-11  0.2269E-11
CALSDV   68    4  0.2445E-11  0.2448E-11
CALSDV   69    4  0.2582E-11  0.2587E-11
CALSDV   70    4  0.2777E-11  0.2782E-11
CALSDV   71    4  0.2949E-11  0.2954E-11
CALSDV   72    4  0.3153E-11  0.3158E-11
CALSDV   73    4  0.3357E-11  0.3362E-11
CALSDV   74    4  0.3578E-11  0.3585E-11
CALSDV   75    4  0.3847E-11  0.3854E-11
CALSDV   76    4  0.4084E-11  0.4091E-11
CALSDV   77    4  0.4430E-11  0.4437E-11
CALSDV   78    4  0.4697E-11  0.4704E-11
CALSDV   79    4  0.5080E-11  0.5088E-11
CALSDV   80    4  0.5366E-11  0.5374E-11
CALSDV   81    4  0.5898E-11  0.5905E-11
CALSDV   82    4  0.6215E-11  0.6226E-11
CALSDV   83    4  0.6720E-11  0.6732E-11
CALSDV   84    4  0.7081E-11  0.7088E-11
CALSDV   85    4  0.7906E-11  0.7914E-11
CALSDV   86    4  0.8305E-11  0.8317E-11
CALSDV   87    4  0.9407E-11  0.9420E-11
CALSDV   88    4  0.9905E-11  0.9918E-11
CALSDV   89    4  0.1058E-10  0.1060E-10
CALSDV   90    4  0.1113E-10  0.1114E-10
CALSDV    5    5  0.7118E-11  0.7163E-11
CALSDV    6    5  0.4465E-11  0.4493E-11
CALSDV    7    5  0.1908E-11  0.1906E-11
CALSDV    8    5  0.1607E-11  0.1611E-11
CALSDV    9    5  0.1363E-11  0.1363E-11
CALSDV   10    5  0.8833E-12  0.8848E-12
CALSDV   11    5  0.1124E-11  0.1120E-11
CALSDV   12    5  0.6568E-12  0.6539E-12
CALSDV   13    5  0.9121E-12  0.9112E-12
CALSDV   14    5  0.5357E-12  0.5336E-12
CALSDV   15    5  0.7536E-12  0.7536E-12
CALSDV   16    5  0.4763E-12  0.4743E-12
CALSDV   17    5  0.6510E-12  0.6510E-12
CALSDV   18    5  0.4674E-12  0.4653E-12
CALSDV   19    5  0.5842E-12  0.5842E-12
CALSDV   20    5  0.4349E-12  0.4332E-12
CALSDV   21    5  0.5366E-12  0.5362E-12
CALSDV   22    5  0.4209E-12  0.4197E-12
CALSDV   23    5  0.4983E-12  0.4976E-12
CALSDV   24    5  0.4445E-12  0.4433E-12
CALSDV   25    5  0.4641E-12  0.4637E-12
CALSDV   26    5  0.4594E-12  0.4585E-12
CALSDV   27    5  0.4467E-12  0.4464E-12
CALSDV   28    5  0.4774E-12  0.4765E-12
CALSDV   29    5  0.4439E-12  0.4433E-12
CALSDV   30    5  0.4955E-12  0.4946E-12
CALSDV   31    5  0.4469E-12  0.4463E-12
CALSDV   32    5  0.5147E-12  0.5138E-12
CALSDV   33    5  0.4721E-12  0.4715E-12
CALSDV   34    5  0.5327E-12  0.5318E-12
CALSDV   35    5  0.4954E-12  0.4949E-12
CALSDV   36    5  0.5560E-12  0.5550E-12
CALSDV   37    5  0.5271E-12  0.5266E-12
CALSDV   38    5  0.5845E-12  0.5836E-12
CALSDV   39    5  0.5760E-12  0.5754E-12
CALSDV   40    5  0.6164E-12  0.6155E-12
CALSDV   41    5  0.6246E-12  0.6234E-12
CALSDV   42    5  0.6561E-12  0.6549E-12
CALSDV   43    5  0.6812E-12  0.6803E-12
CALSDV   44    5  0.7028E-12  0.7016E-12
CALSDV   45    5  0.7438E-12  0.7429E-12
CALSDV   46    5  0.7494E-12  0.7482E-12
CALSDV   47    5  0.8123E-12  0.8114E-12
CALSDV   48    5  0.8254E-12  0.8242E-12
CALSDV   49    5  0.8865E-12  0.8853E-12
CALSDV   50    5  0.9061E-12  0.9050E-12
CALSDV   51    5  0.9690E-12  0.9675E-12
CALSDV   52    5  0.9981E-12  0.9967E-12
CALSDV   53    5  0.1064E-11  0.1063E-11
CALSDV   54    5  0.1111E-11  0.1110E-11
CALSDV   55    5  0.1170E-11  0.1168E-11
CALSDV   56    5  0.1238E-11  0.1236E-11
CALSDV   57    5  0.1291E-11  0.1289E-11
CALSDV   58    5  0.1379E-11  0.1377E-11
CALSDV   59    5  0.1433E-11  0.1431E-11
CALSDV   60    5  0.1543E-11  0.1541E-11
CALSDV   61    5  0.1590E-11  0.1588E-11
CALSDV   62    5  0.1732E-11  0.1730E-11
CALSDV   63    5  0.1791E-11  0.1789E-11
CALSDV   64    5  0.1944E-11  0.1941E-11
CALSDV   65    5  0.2018E-11  0.2016E-11
CALSDV   66    5  0.2184E-11  0.2181E-11
CALSDV   67    5  0.2286E-11  0.2283E-11
CALSDV   68    5  0.2468E-11  0.2464E-11
CALSDV   69    5  0.2604E-11  0.2601E-11
CALSDV   70    5  0.2799E-11  0.2795E-11
CALSDV   71    5  0.2966E-11  0.2962E-11
CALSDV   72    5  0.3170E-11  0.3167E-11
CALSDV   73    5  0.3381E-11  0.3376E-11
CALSDV   74    5  0.3605E-11  0.3598E-11
CALSDV   75    5  0.3878E-11  0.3874E-11
CALSDV   76    5  0.4115E-11  0.4108E-11
CALSDV   77    5  0.4452E-11  0.4445E-11
CALSDV   78    5  0.4718E-11  0.4715E-11
CALSDV   79    5  0.5120E-11  0.5117E-11
CALSDV   80    5  0.5410E-11  0.5406E-11
CALSDV   81    5  0.5935E-11  0.5928E-11
CALSDV   82    5  0.6252E-11  0.6249E-11
CALSDV   83    5  0.6782E-11  0.6774E-11
CALSDV   84    5  0.7142E-11  0.7138E-11
CALSDV   85    5  0.7931E-11  0.7927E-11
CALSDV   86    5  0.8333E-11  0.8329E-11
CALSDV   87    5  0.9458E-11  0.9450E-11
CALSDV   88    5  0.9960E-11  0.9951E-11
CALSDV   89    5  0.1068E-10  0.1068E-10
CALSDV   90    5  0.1123E-10  0.1123E-10
CALSDV    6    6  0.7106E-11  0.7037E-11
CALSDV    7    6  0.4094E-11  0.4034E-11
CALSDV    8    6  0.2738E-11  0.2718E-11
CALSDV    9    6  0.2451E-11  0.2415E-11
CALSDV   10    6  0.1432E-11  0.1427E-11
CALSDV   11    6  0.1686E-11  0.1661E-11
CALSDV   12    6  0.9599E-12  0.9582E-12
CALSDV   13    6  0.1216E-11  0.1203E-11
CALSDV   14    6  0.7074E-12  0.7080E-12
CALSDV   15    6  0.9314E-12  0.9252E-12
CALSDV   16    6  0.5840E-12  0.5834E-12
CALSDV   17    6  0.7649E-12  0.7605E-12
CALSDV   18    6  0.5444E-12  0.5438E-12
CALSDV   19    6  0.6619E-12  0.6593E-12
CALSDV   20    6  0.4896E-12  0.4896E-12
CALSDV   21    6  0.5931E-12  0.5916E-12
CALSDV   22    6  0.4623E-12  0.4623E-12
CALSDV   23    6  0.5421E-12  0.5411E-12
CALSDV   24    6  0.4801E-12  0.4807E-12
CALSDV   25    6  0.4989E-12  0.4989E-12
CALSDV   26    6  0.4910E-12  0.4913E-12
CALSDV   27    6  0.4770E-12  0.4767E-12
CALSDV   28    6  0.5066E-12  0.5069E-12
CALSDV   29    6  0.4718E-12  0.4715E-12
CALSDV   30    6  0.5236E-12  0.5242E-12
CALSDV   31    6  0.4728E-12  0.4725E-12
CALSDV   32    6  0.5414E-12  0.5420E-12
CALSDV   33    6  0.4977E-12  0.4974E-12
CALSDV   34    6  0.5580E-12  0.5583E-12
CALSDV   35    6  0.5195E-12  0.5195E-12
CALSDV   36    6  0.5793E-12  0.5793E-12
CALSDV   37    6  0.5497E-12  0.5497E-12
CALSDV   38    6  0.6060E-12  0.6063E-12
CALSDV   39    6  0.5976E-12  0.5976E-12
CALSDV   40    6  0.6363E-12  0.6363E-12
CALSDV   41    6  0.6455E-12  0.6455E-12
CALSDV   42    6  0.6752E-12  0.6752E-12
CALSDV   43    6  0.7020E-12  0.7020E-12
CALSDV   44    6  0.7217E-12  0.7220E-12
CALSDV   45    6  0.7651E-12  0.7651E-12
CALSDV   46    6  0.7680E-12  0.7680E-12
CALSDV   47    6  0.8334E-12  0.8334E-12
CALSDV   48    6  0.8439E-12  0.8442E-12
CALSDV   49    6  0.9064E-12  0.9064E-12
CALSDV   50    6  0.9238E-12  0.9241E-12
CALSDV   51    6  0.9877E-12  0.9877E-12
CALSDV   52    6  0.1016E-11  0.1016E-11
CALSDV   53    6  0.1083E-11  0.1083E-11
CALSDV   54    6  0.1130E-11  0.1130E-11
CALSDV   55    6  0.1190E-11  0.1190E-11
CALSDV   56    6  0.1258E-11  0.1258E-11
CALSDV   57    6  0.1312E-11  0.1312E-11
CALSDV   58    6  0.1400E-11  0.1400E-11
CALSDV   59    6  0.1453E-11  0.1453E-11
CALSDV   60    6  0.1562E-11  0.1562E-11
CALSDV   61    6  0.1608E-11  0.1608E-11
CALSDV   62    6  0.1750E-11  0.1750E-11
CALSDV   63    6  0.1810E-11  0.1810E-11
CALSDV   64    6  0.1962E-11  0.1962E-11
CALSDV   65    6  0.2040E-11  0.2040E-11
CALSDV   66    6  0.2206E-11  0.2206E-11
CALSDV   67    6  0.2308E-11  0.2308E-11
CALSDV   68    6  0.2489E-11  0.2488E-11
CALSDV   69    6  0.2623E-11  0.2622E-11
CALSDV   70    6  0.2817E-11  0.2817E-11
CALSDV   71    6  0.2987E-11  0.2987E-11
CALSDV   72    6  0.3192E-11  0.3192E-11
CALSDV   73    6  0.3411E-11  0.3411E-11
CALSDV   74    6  0.3632E-11  0.3632E-11
CALSDV   75    6  0.3902E-11  0.3898E-11
CALSDV   76    6  0.4136E-11  0.4136E-11
CALSDV   77    6  0.4473E-11  0.4469E-11
CALSDV   78    6  0.4739E-11  0.4739E-11
CALSDV   79    6  0.5168E-11  0.5168E-11
CALSDV   80    6  0.5457E-11  0.5453E-11
CALSDV   81    6  0.5957E-11  0.5954E-11
CALSDV   82    6  0.6275E-11  0.6275E-11
CALSDV   83    6  0.6859E-11  0.6856E-11
CALSDV   84    6  0.7218E-11  0.7218E-11
CALSDV   85    6  0.7959E-11  0.7959E-11
CALSDV   86    6  0.8361E-11  0.8361E-11
CALSDV   87    6  0.9514E-11  0.9509E-11
CALSDV   88    6  0.1001E-10  0.1001E-10
CALSDV   89    6  0.1082E-10  0.1082E-10
CALSDV   90    6  0.1137E-10  0.1137E-10
CALSDV    7    7  0.5708E-11  0.5656E-11
CALSDV    8    7  0.3627E-11  0.3638E-11
CALSDV    9    7  0.2329E-11  0.2326E-11
CALSDV   10    7  0.1360E-11  0.1363E-11
CALSDV   11    7  0.1544E-11  0.1544E-11
CALSDV   12    7  0.8135E-12  0.8145E-12
CALSDV   13    7  0.1141E-11  0.1142E-11
CALSDV   14    7  0.6229E-12  0.6241E-12
CALSDV   15    7  0.8961E-12  0.8990E-12
CALSDV   16    7  0.5610E-12  0.5616E-12
CALSDV   17    7  0.7491E-12  0.7526E-12
CALSDV   18    7  0.5618E-12  0.5630E-12
CALSDV   19    7  0.6600E-12  0.6631E-12
CALSDV   20    7  0.5291E-12  0.5300E-12
CALSDV   21    7  0.6000E-12  0.6025E-12
CALSDV   22    7  0.5115E-12  0.5124E-12
CALSDV   23    7  0.5545E-12  0.5569E-12
CALSDV   24    7  0.5366E-12  0.5372E-12
CALSDV   25    7  0.5145E-12  0.5164E-12
CALSDV   26    7  0.5475E-12  0.5485E-12
CALSDV   27    7  0.4934E-12  0.4952E-12
CALSDV   28    7  0.5615E-12  0.5628E-12
CALSDV   29    7  0.4889E-12  0.4903E-12
CALSDV   30    7  0.5755E-12  0.5764E-12
CALSDV   31    7  0.4899E-12  0.4916E-12
CALSDV   32    7  0.5902E-12  0.5908E-12
CALSDV   33    7  0.5153E-12  0.5167E-12
CALSDV   34    7  0.6026E-12  0.6038E-12
CALSDV   35    7  0.5375E-12  0.5392E-12
CALSDV   36    7  0.6207E-12  0.6219E-12
CALSDV   37    7  0.5678E-12  0.5692E-12
CALSDV   38    7  0.6440E-12  0.6456E-12
CALSDV   39    7  0.6160E-12  0.6175E-12
CALSDV   40    7  0.6710E-12  0.6725E-12
CALSDV   41    7  0.6630E-12  0.6650E-12
CALSDV   42    7  0.7068E-12  0.7086E-12
CALSDV   43    7  0.7184E-12  0.7208E-12
CALSDV   44    7  0.7504E-12  0.7525E-12
CALSDV   45    7  0.7808E-12  0.7832E-12
CALSDV   46    7  0.7938E-12  0.7961E-12
CALSDV   47    7  0.8485E-12  0.8513E-12
CALSDV   48    7  0.8685E-12  0.8709E-12
CALSDV   49    7  0.9221E-12  0.9251E-12
CALSDV   50    7  0.9477E-12  0.9504E-12
CALSDV   51    7  0.1004E-11  0.1007E-11
CALSDV   52    7  0.1039E-11  0.1042E-11
CALSDV   53    7  0.1100E-11  0.1103E-11
CALSDV   54    7  0.1152E-11  0.1156E-11
CALSDV   55    7  0.1205E-11  0.1209E-11
CALSDV   56    7  0.1279E-11  0.1283E-11
CALSDV   57    7  0.1326E-11  0.1331E-11
CALSDV   58    7  0.1419E-11  0.1423E-11
CALSDV   59    7  0.1467E-11  0.1472E-11
CALSDV   60    7  0.1582E-11  0.1587E-11
CALSDV   61    7  0.1624E-11  0.1629E-11
CALSDV   62    7  0.1771E-11  0.1777E-11
CALSDV   63    7  0.1828E-11  0.1834E-11
CALSDV   64    7  0.1984E-11  0.1990E-11
CALSDV   65    7  0.2056E-11  0.2062E-11
CALSDV   66    7  0.2224E-11  0.2232E-11
CALSDV   67    7  0.2320E-11  0.2328E-11
CALSDV   68    7  0.2504E-11  0.2512E-11
CALSDV   69    7  0.2636E-11  0.2645E-11
CALSDV   70    7  0.2834E-11  0.2844E-11
CALSDV   71    7  0.3007E-11  0.3017E-11
CALSDV   72    7  0.3215E-11  0.3226E-11
CALSDV   73    7  0.3428E-11  0.3438E-11
CALSDV   74    7  0.3653E-11  0.3663E-11
CALSDV   75    7  0.3912E-11  0.3926E-11
CALSDV   76    7  0.4146E-11  0.4163E-11
CALSDV   77    7  0.4494E-11  0.4512E-11
CALSDV   78    7  0.4768E-11  0.4785E-11
CALSDV   79    7  0.5197E-11  0.5215E-11
CALSDV   80    7  0.5482E-11  0.5504E-11
CALSDV   81    7  0.5961E-11  0.5984E-11
CALSDV   82    7  0.6282E-11  0.6308E-11
CALSDV   83    7  0.6921E-11  0.6948E-11
CALSDV   84    7  0.7284E-11  0.7310E-11
CALSDV   85    7  0.7967E-11  0.7995E-11
CALSDV   86    7  0.8373E-11  0.8401E-11
CALSDV   87    7  0.9543E-11  0.9573E-11
CALSDV   88    7  0.1005E-10  0.1008E-10
CALSDV   89    7  0.1089E-10  0.1091E-10
CALSDV   90    7  0.1145E-10  0.1146E-10
CALSDV    8    8  0.3491E-11  0.3376E-11
CALSDV    9    8  0.3364E-11  0.3401E-11
CALSDV   10    8  0.1860E-11  0.1848E-11
CALSDV   11    8  0.2272E-11  0.2283E-11
CALSDV   12    8  0.1336E-11  0.1331E-11
CALSDV   13    8  0.1746E-11  0.1746E-11
CALSDV   14    8  0.9904E-12  0.9898E-12
CALSDV   15    8  0.1391E-11  0.1390E-11
CALSDV   16    8  0.8060E-12  0.8060E-12
CALSDV   17    8  0.1157E-11  0.1155E-11
CALSDV   18    8  0.7326E-12  0.7335E-12
CALSDV   19    8  0.9974E-12  0.9951E-12
CALSDV   20    8  0.6402E-12  0.6422E-12
CALSDV   21    8  0.8762E-12  0.8744E-12
CALSDV   22    8  0.5893E-12  0.5917E-12
CALSDV   23    8  0.7782E-12  0.7765E-12
CALSDV   24    8  0.5987E-12  0.6012E-12
CALSDV   25    8  0.6931E-12  0.6915E-12
CALSDV   26    8  0.5996E-12  0.6022E-12
CALSDV   27    8  0.6389E-12  0.6383E-12
CALSDV   28    8  0.6074E-12  0.6096E-12
CALSDV   29    8  0.6104E-12  0.6095E-12
CALSDV   30    8  0.6174E-12  0.6193E-12
CALSDV   31    8  0.5928E-12  0.5922E-12
CALSDV   32    8  0.6290E-12  0.6310E-12
CALSDV   33    8  0.6068E-12  0.6062E-12
CALSDV   34    8  0.6399E-12  0.6418E-12
CALSDV   35    8  0.6184E-12  0.6184E-12
CALSDV   36    8  0.6571E-12  0.6586E-12
CALSDV   37    8  0.6419E-12  0.6410E-12
CALSDV   38    8  0.6805E-12  0.6815E-12
CALSDV   39    8  0.6850E-12  0.6853E-12
CALSDV   40    8  0.7075E-12  0.7081E-12
CALSDV   41    8  0.7284E-12  0.7287E-12
CALSDV   42    8  0.7429E-12  0.7440E-12
CALSDV   43    8  0.7814E-12  0.7811E-12
CALSDV   44    8  0.7867E-12  0.7873E-12
CALSDV   45    8  0.8409E-12  0.8403E-12
CALSDV   46    8  0.8298E-12  0.8304E-12
CALSDV   47    8  0.9059E-12  0.9056E-12
CALSDV   48    8  0.9046E-12  0.9049E-12
CALSDV   49    8  0.9762E-12  0.9756E-12
CALSDV   50    8  0.9837E-12  0.9840E-12
CALSDV   51    8  0.1055E-11  0.1054E-11
CALSDV   52    8  0.1075E-11  0.1075E-11
CALSDV   53    8  0.1148E-11  0.1148E-11
CALSDV   54    8  0.1188E-11  0.1188E-11
CALSDV   55    8  0.1253E-11  0.1252E-11
CALSDV   56    8  0.1316E-11  0.1316E-11
CALSDV   57    8  0.1373E-11  0.1372E-11
CALSDV   58    8  0.1457E-11  0.1457E-11
CALSDV   59    8  0.1514E-11  0.1513E-11
CALSDV   60    8  0.1620E-11  0.1620E-11
CALSDV   61    8  0.1669E-11  0.1668E-11
CALSDV   62    8  0.1810E-11  0.1809E-11
CALSDV   63    8  0.1871E-11  0.1870E-11
CALSDV   64    8  0.2022E-11  0.2021E-11
CALSDV   65    8  0.2099E-11  0.2098E-11
CALSDV   66    8  0.2264E-11  0.2263E-11
CALSDV   67    8  0.2367E-11  0.2366E-11
CALSDV   68    8  0.2547E-11  0.2546E-11
CALSDV   69    8  0.2686E-11  0.2685E-11
CALSDV   70    8  0.2881E-11  0.2880E-11
CALSDV   71    8  0.3055E-11  0.3053E-11
CALSDV   72    8  0.3259E-11  0.3258E-11
CALSDV   73    8  0.3472E-11  0.3469E-11
CALSDV   74    8  0.3693E-11  0.3690E-11
CALSDV   75    8  0.3961E-11  0.3961E-11
CALSDV   76    8  0.4198E-11  0.4198E-11
CALSDV   77    8  0.4558E-11  0.4558E-11
CALSDV   78    8  0.4828E-11  0.4828E-11
CALSDV   79    8  0.5248E-11  0.5244E-11
CALSDV   80    8  0.5533E-11  0.5529E-11
CALSDV   81    8  0.6025E-11  0.6025E-11
CALSDV   82    8  0.6349E-11  0.6345E-11
CALSDV   83    8  0.7026E-11  0.7022E-11
CALSDV   84    8  0.7387E-11  0.7383E-11
CALSDV   85    8  0.8047E-11  0.8043E-11
CALSDV   86    8  0.8453E-11  0.8445E-11
CALSDV   87    8  0.9629E-11  0.9625E-11
CALSDV   88    8  0.1013E-10  0.1013E-10
CALSDV   89    8  0.1109E-10  0.1108E-10
CALSDV   90    8  0.1163E-10  0.1163E-10
CALSDV    9    9  0.5929E-11  0.5886E-11
CALSDV   10    9  0.2868E-11  0.2897E-11
CALSDV   11    9  0.2873E-11  0.2869E-11
CALSDV   12    9  0.1357E-11  0.1372E-11
CALSDV   13    9  0.1924E-11  0.1924E-11
CALSDV   14    9  0.8677E-12  0.8749E-12
CALSDV   15    9  0.1339E-11  0.1336E-11
CALSDV   16    9  0.7062E-12  0.7112E-12
CALSDV   17    9  0.1009E-11  0.1007E-11
CALSDV   18    9  0.6754E-12  0.6787E-12
CALSDV   19    9  0.8264E-12  0.8253E-12
CALSDV   20    9  0.6236E-12  0.6260E-12
CALSDV   21    9  0.7166E-12  0.7173E-12
CALSDV   22    9  0.5984E-12  0.6001E-12
CALSDV   23    9  0.6460E-12  0.6466E-12
CALSDV   24    9  0.6243E-12  0.6265E-12
CALSDV   25    9  0.5912E-12  0.5915E-12
CALSDV   26    9  0.6347E-12  0.6363E-12
CALSDV   27    9  0.5628E-12  0.5634E-12
CALSDV   28    9  0.6468E-12  0.6488E-12
CALSDV   29    9  0.5537E-12  0.5543E-12
CALSDV   30    9  0.6574E-12  0.6593E-12
CALSDV   31    9  0.5523E-12  0.5540E-12
CALSDV   32    9  0.6679E-12  0.6698E-12
CALSDV   33    9  0.5777E-12  0.5791E-12
CALSDV   34    9  0.6759E-12  0.6781E-12
CALSDV   35    9  0.5998E-12  0.6010E-12
CALSDV   36    9  0.6897E-12  0.6922E-12
CALSDV   37    9  0.6301E-12  0.6319E-12
CALSDV   38    9  0.7103E-12  0.7127E-12
CALSDV   39    9  0.6800E-12  0.6818E-12
CALSDV   40    9  0.7344E-12  0.7371E-12
CALSDV   41    9  0.7284E-12  0.7302E-12
CALSDV   42    9  0.7682E-12  0.7709E-12
CALSDV   43    9  0.7852E-12  0.7870E-12
CALSDV   44    9  0.8101E-12  0.8130E-12
CALSDV   45    9  0.8475E-12  0.8496E-12
CALSDV   46    9  0.8513E-12  0.8545E-12
CALSDV   47    9  0.9147E-12  0.9174E-12
CALSDV   48    9  0.9255E-12  0.9287E-12
CALSDV   49    9  0.9870E-12  0.9901E-12
CALSDV   50    9  0.1003E-11  0.1007E-11
CALSDV   51    9  0.1067E-11  0.1071E-11
CALSDV   52    9  0.1094E-11  0.1098E-11
CALSDV   53    9  0.1162E-11  0.1166E-11
CALSDV   54    9  0.1207E-11  0.1211E-11
CALSDV   55    9  0.1267E-11  0.1271E-11
CALSDV   56    9  0.1334E-11  0.1339E-11
CALSDV   57    9  0.1387E-11  0.1392E-11
CALSDV   58    9  0.1474E-11  0.1479E-11
CALSDV   59    9  0.1527E-11  0.1532E-11
CALSDV   60    9  0.1636E-11  0.1643E-11
CALSDV   61    9  0.1683E-11  0.1689E-11
CALSDV   62    9  0.1825E-11  0.1832E-11
CALSDV   63    9  0.1887E-11  0.1894E-11
CALSDV   64    9  0.2039E-11  0.2046E-11
CALSDV   65    9  0.2117E-11  0.2125E-11
CALSDV   66    9  0.2282E-11  0.2291E-11
CALSDV   67    9  0.2385E-11  0.2394E-11
CALSDV   68    9  0.2565E-11  0.2575E-11
CALSDV   69    9  0.2703E-11  0.2713E-11
CALSDV   70    9  0.2896E-11  0.2907E-11
CALSDV   71    9  0.3070E-11  0.3082E-11
CALSDV   72    9  0.3273E-11  0.3286E-11
CALSDV   73    9  0.3492E-11  0.3506E-11
CALSDV   74    9  0.3710E-11  0.3727E-11
CALSDV   75    9  0.3988E-11  0.4006E-11
CALSDV   76    9  0.4222E-11  0.4239E-11
CALSDV   77    9  0.4576E-11  0.4597E-11
CALSDV   78    9  0.4842E-11  0.4863E-11
CALSDV   79    9  0.5255E-11  0.5280E-11
CALSDV   80    9  0.5540E-11  0.5565E-11
CALSDV   81    9  0.6066E-11  0.6092E-11
CALSDV   82    9  0.6390E-11  0.6416E-11
CALSDV   83    9  0.7057E-11  0.7088E-11
CALSDV   84    9  0.7418E-11  0.7448E-11
CALSDV   85    9  0.8100E-11  0.8132E-11
CALSDV   86    9  0.8504E-11  0.8536E-11
CALSDV   87    9  0.9646E-11  0.9684E-11
CALSDV   88    9  0.1015E-10  0.1019E-10
CALSDV   89    9  0.1115E-10  0.1118E-10
CALSDV   90    9  0.1169E-10  0.1172E-10
CALSDV   10   10  0.2546E-11  0.2664E-11
CALSDV   11   10  0.3333E-11  0.3391E-11
CALSDV   12   10  0.1632E-11  0.1634E-11
CALSDV   13   10  0.1990E-11  0.2009E-11
CALSDV   14   10  0.1321E-11  0.1323E-11
CALSDV   15   10  0.1573E-11  0.1578E-11
CALSDV   16   10  0.1065E-11  0.1070E-11
CALSDV   17   10  0.1387E-11  0.1383E-11
CALSDV   18   10  0.9473E-12  0.9534E-12
CALSDV   19   10  0.1247E-11  0.1245E-11
CALSDV   20   10  0.8173E-12  0.8232E-12
CALSDV   21   10  0.1125E-11  0.1123E-11
CALSDV   22   10  0.7459E-12  0.7511E-12
CALSDV   23   10  0.1012E-11  0.1011E-11
CALSDV   24   10  0.7535E-12  0.7584E-12
CALSDV   25   10  0.9048E-12  0.9048E-12
CALSDV   26   10  0.7506E-12  0.7550E-12
CALSDV   27   10  0.8321E-12  0.8324E-12
CALSDV   28   10  0.7550E-12  0.7598E-12
CALSDV   29   10  0.7886E-12  0.7892E-12
CALSDV   30   10  0.7605E-12  0.7647E-12
CALSDV   31   10  0.7564E-12  0.7575E-12
CALSDV   32   10  0.7677E-12  0.7713E-12
CALSDV   33   10  0.7624E-12  0.7635E-12
CALSDV   34   10  0.7713E-12  0.7748E-12
CALSDV   35   10  0.7640E-12  0.7655E-12
CALSDV   36   10  0.7818E-12  0.7856E-12
CALSDV   37   10  0.7775E-12  0.7792E-12
CALSDV   38   10  0.7992E-12  0.8026E-12
CALSDV   39   10  0.8157E-12  0.8175E-12
CALSDV   40   10  0.8203E-12  0.8236E-12
CALSDV   41   10  0.8521E-12  0.8544E-12
CALSDV   42   10  0.8514E-12  0.8549E-12
CALSDV   43   10  0.8989E-12  0.9012E-12
CALSDV   44   10  0.8910E-12  0.8949E-12
CALSDV   45   10  0.9528E-12  0.9558E-12
CALSDV   46   10  0.9291E-12  0.9328E-12
CALSDV   47   10  0.1013E-11  0.1016E-11
CALSDV   48   10  0.1002E-11  0.1006E-11
CALSDV   49   10  0.1078E-11  0.1082E-11
CALSDV   50   10  0.1079E-11  0.1083E-11
CALSDV   51   10  0.1152E-11  0.1156E-11
CALSDV   52   10  0.1168E-11  0.1172E-11
CALSDV   53   10  0.1242E-11  0.1246E-11
CALSDV   54   10  0.1280E-11  0.1285E-11
CALSDV   55   10  0.1343E-11  0.1348E-11
CALSDV   56   10  0.1407E-11  0.1412E-11
CALSDV   57   10  0.1460E-11  0.1465E-11
CALSDV   58   10  0.1546E-11  0.1552E-11
CALSDV   59   10  0.1598E-11  0.1604E-11
CALSDV   60   10  0.1708E-11  0.1715E-11
CALSDV   61   10  0.1751E-11  0.1758E-11
CALSDV   62   10  0.1897E-11  0.1904E-11
CALSDV   63   10  0.1953E-11  0.1960E-11
CALSDV   64   10  0.2109E-11  0.2117E-11
CALSDV   65   10  0.2180E-11  0.2188E-11
CALSDV   66   10  0.2349E-11  0.2359E-11
CALSDV   67   10  0.2446E-11  0.2456E-11
CALSDV   68   10  0.2630E-11  0.2641E-11
CALSDV   69   10  0.2764E-11  0.2775E-11
CALSDV   70   10  0.2963E-11  0.2975E-11
CALSDV   71   10  0.3134E-11  0.3147E-11
CALSDV   72   10  0.3343E-11  0.3356E-11
CALSDV   73   10  0.3556E-11  0.3570E-11
CALSDV   74   10  0.3782E-11  0.3795E-11
CALSDV   75   10  0.4047E-11  0.4064E-11
CALSDV   76   10  0.4284E-11  0.4302E-11
CALSDV   77   10  0.4629E-11  0.4646E-11
CALSDV   78   10  0.4902E-11  0.4920E-11
CALSDV   79   10  0.5324E-11  0.5346E-11
CALSDV   80   10  0.5616E-11  0.5638E-11
CALSDV   81   10  0.6156E-11  0.6182E-11
CALSDV   82   10  0.6479E-11  0.6505E-11
CALSDV   83   10  0.7115E-11  0.7142E-11
CALSDV   84   10  0.7475E-11  0.7506E-11
CALSDV   85   10  0.8237E-11  0.8265E-11
CALSDV   86   10  0.8648E-11  0.8680E-11
CALSDV   87   10  0.9714E-11  0.9744E-11
CALSDV   88   10  0.1023E-10  0.1026E-10
CALSDV   89   10  0.1135E-10  0.1138E-10
CALSDV   90   10  0.1191E-10  0.1194E-10
CALSDV   11   11  0.6722E-11  0.6534E-11
CALSDV   12   11  0.2575E-11  0.2561E-11
CALSDV   13   11  0.3353E-11  0.3288E-11
CALSDV   14   11  0.1393E-11  0.1378E-11
CALSDV   15   11  0.2378E-11  0.2346E-11
CALSDV   16   11  0.1014E-11  0.1005E-11
CALSDV   17   11  0.1741E-11  0.1719E-11
CALSDV   18   11  0.9165E-12  0.9104E-12
CALSDV   19   11  0.1329E-11  0.1315E-11
CALSDV   20   11  0.8067E-12  0.8035E-12
CALSDV   21   11  0.1071E-11  0.1061E-11
CALSDV   22   11  0.7397E-12  0.7386E-12
CALSDV   23   11  0.9037E-12  0.8978E-12
CALSDV   24   11  0.7430E-12  0.7417E-12
CALSDV   25   11  0.7889E-12  0.7850E-12
CALSDV   26   11  0.7332E-12  0.7323E-12
CALSDV   27   11  0.7263E-12  0.7238E-12
CALSDV   28   11  0.7312E-12  0.7312E-12
CALSDV   29   11  0.6973E-12  0.6967E-12
CALSDV   30   11  0.7335E-12  0.7338E-12
CALSDV   31   11  0.6826E-12  0.6826E-12
CALSDV   32   11  0.7382E-12  0.7385E-12
CALSDV   33   11  0.7020E-12  0.7031E-12
CALSDV   34   11  0.7422E-12  0.7435E-12
CALSDV   35   11  0.7177E-12  0.7191E-12
CALSDV   36   11  0.7545E-12  0.7551E-12
CALSDV   37   11  0.7435E-12  0.7452E-12
CALSDV   38   11  0.7732E-12  0.7744E-12
CALSDV   39   11  0.7914E-12  0.7935E-12
CALSDV   40   11  0.7968E-12  0.7980E-12
CALSDV   41   11  0.8370E-12  0.8391E-12
CALSDV   42   11  0.8299E-12  0.8314E-12
CALSDV   43   11  0.8914E-12  0.8935E-12
CALSDV   44   11  0.8721E-12  0.8739E-12
CALSDV   45   11  0.9525E-12  0.9546E-12
CALSDV   46   11  0.9137E-12  0.9154E-12
CALSDV   47   11  0.1018E-11  0.1020E-11
CALSDV   48   11  0.9895E-12  0.9915E-12
CALSDV   49   11  0.1088E-11  0.1090E-11
CALSDV   50   11  0.1069E-11  0.1071E-11
CALSDV   51   11  0.1166E-11  0.1169E-11
CALSDV   52   11  0.1160E-11  0.1163E-11
CALSDV   53   11  0.1259E-11  0.1262E-11
CALSDV   54   11  0.1275E-11  0.1278E-11
CALSDV   55   11  0.1362E-11  0.1365E-11
CALSDV   56   11  0.1403E-11  0.1407E-11
CALSDV   57   11  0.1480E-11  0.1485E-11
CALSDV   58   11  0.1545E-11  0.1548E-11
CALSDV   59   11  0.1620E-11  0.1624E-11
CALSDV   60   11  0.1709E-11  0.1713E-11
CALSDV   61   11  0.1774E-11  0.1779E-11
CALSDV   62   11  0.1899E-11  0.1903E-11
CALSDV   63   11  0.1978E-11  0.1983E-11
CALSDV   64   11  0.2114E-11  0.2118E-11
CALSDV   65   11  0.2207E-11  0.2213E-11
CALSDV   66   11  0.2357E-11  0.2363E-11
CALSDV   67   11  0.2475E-11  0.2481E-11
CALSDV   68   11  0.2641E-11  0.2648E-11
CALSDV   69   11  0.2795E-11  0.2801E-11
CALSDV   70   11  0.2976E-11  0.2983E-11
CALSDV   71   11  0.3164E-11  0.3172E-11
CALSDV   72   11  0.3356E-11  0.3363E-11
CALSDV   73   11  0.3587E-11  0.3594E-11
CALSDV   74   11  0.3795E-11  0.3806E-11
CALSDV   75   11  0.4081E-11  0.4092E-11
CALSDV   76   11  0.4305E-11  0.4315E-11
CALSDV   77   11  0.4678E-11  0.4689E-11
CALSDV   78   11  0.4937E-11  0.4948E-11
CALSDV   79   11  0.5382E-11  0.5397E-11
CALSDV   80   11  0.5659E-11  0.5674E-11
CALSDV   81   11  0.6201E-11  0.6216E-11
CALSDV   82   11  0.6512E-11  0.6527E-11
CALSDV   83   11  0.7153E-11  0.7169E-11
CALSDV   84   11  0.7509E-11  0.7525E-11
CALSDV   85   11  0.8370E-11  0.8390E-11
CALSDV   86   11  0.8771E-11  0.8791E-11
CALSDV   87   11  0.9748E-11  0.9770E-11
CALSDV   88   11  0.1025E-10  0.1027E-10
CALSDV   89   11  0.1146E-10  0.1148E-10
CALSDV   90   11  0.1200E-10  0.1202E-10
CALSDV   12   12  0.2924E-11  0.3054E-11
CALSDV   13   12  0.4335E-11  0.4433E-11
CALSDV   14   12  0.1643E-11  0.1654E-11
CALSDV   15   12  0.2445E-11  0.2498E-11
CALSDV   16   12  0.1395E-11  0.1395E-11
CALSDV   17   12  0.1682E-11  0.1695E-11
CALSDV   18   12  0.1207E-11  0.1203E-11
CALSDV   19   12  0.1394E-11  0.1394E-11
CALSDV   20   12  0.9975E-12  0.9927E-12
CALSDV   21   12  0.1248E-11  0.1245E-11
CALSDV   22   12  0.8913E-12  0.8872E-12
CALSDV   23   12  0.1137E-11  0.1134E-11
CALSDV   24   12  0.9033E-12  0.8980E-12
CALSDV   25   12  0.1030E-11  0.1029E-11
CALSDV   26   12  0.9107E-12  0.9056E-12
CALSDV   27   12  0.9585E-12  0.9579E-12
CALSDV   28   12  0.9292E-12  0.9240E-12
CALSDV   29   12  0.9152E-12  0.9149E-12
CALSDV   30   12  0.9456E-12  0.9395E-12
CALSDV   31   12  0.8826E-12  0.8829E-12
CALSDV   32   12  0.9585E-12  0.9533E-12
CALSDV   33   12  0.8916E-12  0.8924E-12
CALSDV   34   12  0.9640E-12  0.9590E-12
CALSDV   35   12  0.8936E-12  0.8945E-12
CALSDV   36   12  0.9732E-12  0.9685E-12
CALSDV   37   12  0.9080E-12  0.9089E-12
CALSDV   38   12  0.9869E-12  0.9826E-12
CALSDV   39   12  0.9481E-12  0.9487E-12
CALSDV   40   12  0.1003E-11  0.9994E-12
CALSDV   41   12  0.9851E-12  0.9851E-12
CALSDV   42   12  0.1029E-11  0.1025E-11
CALSDV   43   12  0.1032E-11  0.1032E-11
CALSDV   44   12  0.1063E-11  0.1060E-11
CALSDV   45   12  0.1085E-11  0.1085E-11
CALSDV   46   12  0.1094E-11  0.1092E-11
CALSDV   47   12  0.1143E-11  0.1143E-11
CALSDV   48   12  0.1165E-11  0.1162E-11
CALSDV   49   12  0.1206E-11  0.1207E-11
CALSDV   50   12  0.1238E-11  0.1236E-11
CALSDV   51   12  0.1278E-11  0.1279E-11
CALSDV   52   12  0.1322E-11  0.1321E-11
CALSDV   53   12  0.1366E-11  0.1366E-11
CALSDV   54   12  0.1433E-11  0.1432E-11
CALSDV   55   12  0.1464E-11  0.1465E-11
CALSDV   56   12  0.1555E-11  0.1555E-11
CALSDV   57   12  0.1578E-11  0.1579E-11
CALSDV   58   12  0.1692E-11  0.1691E-11
CALSDV   59   12  0.1713E-11  0.1714E-11
CALSDV   60   12  0.1850E-11  0.1850E-11
CALSDV   61   12  0.1863E-11  0.1865E-11
CALSDV   62   12  0.2035E-11  0.2035E-11
CALSDV   63   12  0.2064E-11  0.2065E-11
CALSDV   64   12  0.2243E-11  0.2244E-11
CALSDV   65   12  0.2291E-11  0.2293E-11
CALSDV   66   12  0.2482E-11  0.2483E-11
CALSDV   67   12  0.2556E-11  0.2559E-11
CALSDV   68   12  0.2760E-11  0.2763E-11
CALSDV   69   12  0.2874E-11  0.2877E-11
CALSDV   70   12  0.3090E-11  0.3093E-11
CALSDV   71   12  0.3242E-11  0.3247E-11
CALSDV   72   12  0.3467E-11  0.3470E-11
CALSDV   73   12  0.3665E-11  0.3668E-11
CALSDV   74   12  0.3904E-11  0.3908E-11
CALSDV   75   12  0.4161E-11  0.4168E-11
CALSDV   76   12  0.4412E-11  0.4416E-11
CALSDV   77   12  0.4753E-11  0.4760E-11
CALSDV   78   12  0.5037E-11  0.5047E-11
CALSDV   79   12  0.5451E-11  0.5459E-11
CALSDV   80   12  0.5753E-11  0.5764E-11
CALSDV   81   12  0.6276E-11  0.6287E-11
CALSDV   82   12  0.6609E-11  0.6620E-11
CALSDV   83   12  0.7265E-11  0.7277E-11
CALSDV   84   12  0.7640E-11  0.7655E-11
CALSDV   85   12  0.8527E-11  0.8539E-11
CALSDV   86   12  0.8942E-11  0.8958E-11
CALSDV   87   12  0.9838E-11  0.9851E-11
CALSDV   88   12  0.1036E-10  0.1038E-10
CALSDV   89   12  0.1167E-10  0.1168E-10
CALSDV   90   12  0.1226E-10  0.1227E-10
CALSDV   13   13  0.8989E-11  0.9011E-11
CALSDV   14   13  0.2754E-11  0.2739E-11
CALSDV   15   13  0.3800E-11  0.3794E-11
CALSDV   16   13  0.1759E-11  0.1743E-11
CALSDV   17   13  0.2663E-11  0.2649E-11
CALSDV   18   13  0.1489E-11  0.1480E-11
CALSDV   19   13  0.2038E-11  0.2021E-11
CALSDV   20   13  0.1264E-11  0.1257E-11
CALSDV   21   13  0.1604E-11  0.1588E-11
CALSDV   22   13  0.1113E-11  0.1108E-11
CALSDV   23   13  0.1300E-11  0.1287E-11
CALSDV   24   13  0.1064E-11  0.1063E-11
CALSDV   25   13  0.1083E-11  0.1074E-11
CALSDV   26   13  0.9959E-12  0.9962E-12
CALSDV   27   13  0.9567E-12  0.9513E-12
CALSDV   28   13  0.9436E-12  0.9443E-12
CALSDV   29   13  0.8908E-12  0.8870E-12
CALSDV   30   13  0.9037E-12  0.9050E-12
CALSDV   31   13  0.8513E-12  0.8496E-12
CALSDV   32   13  0.8763E-12  0.8785E-12
CALSDV   33   13  0.8614E-12  0.8602E-12
CALSDV   34   13  0.8569E-12  0.8595E-12
CALSDV   35   13  0.8679E-12  0.8679E-12
CALSDV   36   13  0.8534E-12  0.8559E-12
CALSDV   37   13  0.8891E-12  0.8894E-12
CALSDV   38   13  0.8633E-12  0.8655E-12
CALSDV   39   13  0.9359E-12  0.9370E-12
CALSDV   40   13  0.8809E-12  0.8833E-12
CALSDV   41   13  0.9789E-12  0.9810E-12
CALSDV   42   13  0.9119E-12  0.9146E-12
CALSDV   43   13  0.1032E-11  0.1034E-11
CALSDV   44   13  0.9528E-12  0.9554E-12
CALSDV   45   13  0.1091E-11  0.1093E-11
CALSDV   46   13  0.9929E-12  0.9961E-12
CALSDV   47   13  0.1154E-11  0.1156E-11
CALSDV   48   13  0.1072E-11  0.1074E-11
CALSDV   49   13  0.1221E-11  0.1224E-11
CALSDV   50   13  0.1153E-11  0.1156E-11
CALSDV   51   13  0.1297E-11  0.1300E-11
CALSDV   52   13  0.1247E-11  0.1250E-11
CALSDV   53   13  0.1387E-11  0.1391E-11
CALSDV   54   13  0.1365E-11  0.1369E-11
CALSDV   55   13  0.1488E-11  0.1492E-11
CALSDV   56   13  0.1497E-11  0.1501E-11
CALSDV   57   13  0.1605E-11  0.1609E-11
CALSDV   58   13  0.1641E-11  0.1645E-11
CALSDV   59   13  0.1742E-11  0.1747E-11
CALSDV   60   13  0.1807E-11  0.1812E-11
CALSDV   61   13  0.1894E-11  0.1900E-11
CALSDV   62   13  0.1999E-11  0.2005E-11
CALSDV   63   13  0.2096E-11  0.2102E-11
CALSDV   64   13  0.2214E-11  0.2221E-11
CALSDV   65   13  0.2324E-11  0.2331E-11
CALSDV   66   13  0.2458E-11  0.2466E-11
CALSDV   67   13  0.2591E-11  0.2599E-11
CALSDV   68   13  0.2743E-11  0.2752E-11
CALSDV   69   13  0.2909E-11  0.2918E-11
CALSDV   70   13  0.3078E-11  0.3088E-11
CALSDV   71   13  0.3279E-11  0.3289E-11
CALSDV   72   13  0.3460E-11  0.3470E-11
CALSDV   73   13  0.3698E-11  0.3712E-11
CALSDV   74   13  0.3901E-11  0.3915E-11
CALSDV   75   13  0.4195E-11  0.4209E-11
CALSDV   76   13  0.4412E-11  0.4426E-11
CALSDV   77   13  0.4788E-11  0.4802E-11
CALSDV   78   13  0.5040E-11  0.5058E-11
CALSDV   79   13  0.5491E-11  0.5506E-11
CALSDV   80   13  0.5761E-11  0.5779E-11
CALSDV   81   13  0.6317E-11  0.6335E-11
CALSDV   82   13  0.6627E-11  0.6650E-11
CALSDV   83   13  0.7320E-11  0.7343E-11
CALSDV   84   13  0.7674E-11  0.7701E-11
CALSDV   85   13  0.8560E-11  0.8588E-11
CALSDV   86   13  0.8962E-11  0.8990E-11
CALSDV   87   13  0.9979E-11  0.1001E-10
CALSDV   88   13  0.1049E-10  0.1052E-10
CALSDV   89   13  0.1181E-10  0.1184E-10
CALSDV   90   13  0.1235E-10  0.1239E-10
CALSDV   14   14  0.2425E-11  0.2471E-11
CALSDV   15   14  0.4869E-11  0.4881E-11
CALSDV   16   14  0.1749E-11  0.1756E-11
CALSDV   17   14  0.2869E-11  0.2866E-11
CALSDV   18   14  0.1672E-11  0.1677E-11
CALSDV   19   14  0.1901E-11  0.1892E-11
CALSDV   20   14  0.1324E-11  0.1326E-11
CALSDV   21   14  0.1456E-11  0.1446E-11
CALSDV   22   14  0.1076E-11  0.1081E-11
CALSDV   23   14  0.1239E-11  0.1231E-11
CALSDV   24   14  0.1009E-11  0.1015E-11
CALSDV   25   14  0.1102E-11  0.1098E-11
CALSDV   26   14  0.9855E-12  0.9915E-12
CALSDV   27   14  0.1027E-11  0.1026E-11
CALSDV   28   14  0.1008E-11  0.1013E-11
CALSDV   29   14  0.9889E-12  0.9892E-12
CALSDV   30   14  0.1043E-11  0.1048E-11
CALSDV   31   14  0.9624E-12  0.9639E-12
CALSDV   32   14  0.1078E-11  0.1082E-11
CALSDV   33   14  0.9810E-12  0.9825E-12
CALSDV   34   14  0.1101E-11  0.1105E-11
CALSDV   35   14  0.9911E-12  0.9923E-12
CALSDV   36   14  0.1125E-11  0.1128E-11
CALSDV   37   14  0.1012E-11  0.1013E-11
CALSDV   38   14  0.1150E-11  0.1154E-11
CALSDV   39   14  0.1062E-11  0.1062E-11
CALSDV   40   14  0.1173E-11  0.1176E-11
CALSDV   41   14  0.1105E-11  0.1106E-11
CALSDV   42   14  0.1204E-11  0.1207E-11
CALSDV   43   14  0.1157E-11  0.1158E-11
CALSDV   44   14  0.1240E-11  0.1244E-11
CALSDV   45   14  0.1215E-11  0.1216E-11
CALSDV   46   14  0.1270E-11  0.1274E-11
CALSDV   47   14  0.1276E-11  0.1277E-11
CALSDV   48   14  0.1344E-11  0.1347E-11
CALSDV   49   14  0.1341E-11  0.1343E-11
CALSDV   50   14  0.1417E-11  0.1421E-11
CALSDV   51   14  0.1414E-11  0.1416E-11
CALSDV   52   14  0.1501E-11  0.1505E-11
CALSDV   53   14  0.1502E-11  0.1504E-11
CALSDV   54   14  0.1610E-11  0.1615E-11
CALSDV   55   14  0.1600E-11  0.1603E-11
CALSDV   56   14  0.1732E-11  0.1738E-11
CALSDV   57   14  0.1714E-11  0.1718E-11
CALSDV   58   14  0.1867E-11  0.1872E-11
CALSDV   59   14  0.1849E-11  0.1853E-11
CALSDV   60   14  0.2022E-11  0.2028E-11
CALSDV   61   14  0.1998E-11  0.2003E-11
CALSDV   62   14  0.2205E-11  0.2211E-11
CALSDV   63   14  0.2199E-11  0.2204E-11
CALSDV   64   14  0.2411E-11  0.2417E-11
CALSDV   65   14  0.2425E-11  0.2431E-11
CALSDV   66   14  0.2645E-11  0.2652E-11
CALSDV   67   14  0.2691E-11  0.2696E-11
CALSDV   68   14  0.2920E-11  0.2927E-11
CALSDV   69   14  0.3007E-11  0.3013E-11
CALSDV   70   14  0.3245E-11  0.3253E-11
CALSDV   71   14  0.3373E-11  0.3383E-11
CALSDV   72   14  0.3618E-11  0.3628E-11
CALSDV   73   14  0.3793E-11  0.3800E-11
CALSDV   74   14  0.4047E-11  0.4057E-11
CALSDV   75   14  0.4285E-11  0.4296E-11
CALSDV   76   14  0.4550E-11  0.4561E-11
CALSDV   77   14  0.4877E-11  0.4887E-11
CALSDV   78   14  0.5171E-11  0.5185E-11
CALSDV   79   14  0.5575E-11  0.5586E-11
CALSDV   80   14  0.5884E-11  0.5898E-11
CALSDV   81   14  0.6399E-11  0.6414E-11
CALSDV   82   14  0.6742E-11  0.6757E-11
CALSDV   83   14  0.7401E-11  0.7416E-11
CALSDV   84   14  0.7781E-11  0.7796E-11
CALSDV   85   14  0.8644E-11  0.8664E-11
CALSDV   86   14  0.9074E-11  0.9094E-11
CALSDV   87   14  0.1023E-10  0.1026E-10
CALSDV   88   14  0.1078E-10  0.1080E-10
CALSDV   89   14  0.1199E-10  0.1200E-10
CALSDV   90   14  0.1259E-10  0.1261E-10
CALSDV   15   15  0.9887E-11  0.1011E-10
CALSDV   16   15  0.2494E-11  0.2533E-11
CALSDV   17   15  0.3581E-11  0.3679E-11
CALSDV   18   15  0.1575E-11  0.1585E-11
CALSDV   19   15  0.2288E-11  0.2352E-11
CALSDV   20   15  0.1317E-11  0.1324E-11
CALSDV   21   15  0.1735E-11  0.1789E-11
CALSDV   22   15  0.1245E-11  0.1254E-11
CALSDV   23   15  0.1389E-11  0.1439E-11
CALSDV   24   15  0.1252E-11  0.1263E-11
CALSDV   25   15  0.1150E-11  0.1193E-11
CALSDV   26   15  0.1199E-11  0.1211E-11
CALSDV   27   15  0.1015E-11  0.1053E-11
CALSDV   28   15  0.1143E-11  0.1154E-11
CALSDV   29   15  0.9480E-12  0.9801E-12
CALSDV   30   15  0.1087E-11  0.1096E-11
CALSDV   31   15  0.9123E-12  0.9382E-12
CALSDV   32   15  0.1041E-11  0.1049E-11
CALSDV   33   15  0.9295E-12  0.9514E-12
CALSDV   34   15  0.1004E-11  0.1009E-11
CALSDV   35   15  0.9434E-12  0.9614E-12
CALSDV   36   15  0.9869E-12  0.9906E-12
CALSDV   37   15  0.9718E-12  0.9861E-12
CALSDV   38   15  0.9875E-12  0.9900E-12
CALSDV   39   15  0.1028E-11  0.1041E-11
CALSDV   40   15  0.1000E-11  0.1000E-11
CALSDV   41   15  0.1080E-11  0.1090E-11
CALSDV   42   15  0.1028E-11  0.1027E-11
CALSDV   43   15  0.1140E-11  0.1149E-11
CALSDV   44   15  0.1070E-11  0.1067E-11
CALSDV   45   15  0.1205E-11  0.1213E-11
CALSDV   46   15  0.1110E-11  0.1106E-11
CALSDV   47   15  0.1274E-11  0.1281E-11
CALSDV   48   15  0.1191E-11  0.1187E-11
CALSDV   49   15  0.1345E-11  0.1350E-11
CALSDV   50   15  0.1276E-11  0.1271E-11
CALSDV   51   15  0.1424E-11  0.1427E-11
CALSDV   52   15  0.1373E-11  0.1367E-11
CALSDV   53   15  0.1518E-11  0.1519E-11
CALSDV   54   15  0.1496E-11  0.1488E-11
CALSDV   55   15  0.1620E-11  0.1621E-11
CALSDV   56   15  0.1632E-11  0.1623E-11
CALSDV   57   15  0.1739E-11  0.1738E-11
CALSDV   58   15  0.1780E-11  0.1770E-11
CALSDV   59   15  0.1878E-11  0.1877E-11
CALSDV   60   15  0.1949E-11  0.1939E-11
CALSDV   61   15  0.2031E-11  0.2028E-11
CALSDV   62   15  0.2146E-11  0.2134E-11
CALSDV   63   15  0.2237E-11  0.2232E-11
CALSDV   64   15  0.2364E-11  0.2352E-11
CALSDV   65   15  0.2467E-11  0.2461E-11
CALSDV   66   15  0.2611E-11  0.2597E-11
CALSDV   67   15  0.2736E-11  0.2728E-11
CALSDV   68   15  0.2898E-11  0.2883E-11
CALSDV   69   15  0.3056E-11  0.3047E-11
CALSDV   70   15  0.3234E-11  0.3218E-11
CALSDV   71   15  0.3426E-11  0.3416E-11
CALSDV   72   15  0.3614E-11  0.3597E-11
CALSDV   73   15  0.3847E-11  0.3837E-11
CALSDV   74   15  0.4057E-11  0.4037E-11
CALSDV   75   15  0.4344E-11  0.4330E-11
CALSDV   76   15  0.4568E-11  0.4547E-11
CALSDV   77   15  0.4937E-11  0.4923E-11
CALSDV   78   15  0.5196E-11  0.5175E-11
CALSDV   79   15  0.5641E-11  0.5623E-11
CALSDV   80   15  0.5916E-11  0.5891E-11
CALSDV   81   15  0.6466E-11  0.6444E-11
CALSDV   82   15  0.6787E-11  0.6761E-11
CALSDV   83   15  0.7474E-11  0.7447E-11
CALSDV   84   15  0.7835E-11  0.7804E-11
CALSDV   85   15  0.8741E-11  0.8709E-11
CALSDV   86   15  0.9157E-11  0.9118E-11
CALSDV   87   15  0.1041E-10  0.1038E-10
CALSDV   88   15  0.1094E-10  0.1089E-10
CALSDV   89   15  0.1212E-10  0.1209E-10
CALSDV   90   15  0.1271E-10  0.1266E-10
CALSDV   16   16  0.2110E-11  0.2249E-11
CALSDV   17   16  0.4275E-11  0.4291E-11
CALSDV   18   16  0.1931E-11  0.1947E-11
CALSDV   19   16  0.2615E-11  0.2642E-11
CALSDV   20   16  0.1850E-11  0.1843E-11
CALSDV   21   16  0.1912E-11  0.1941E-11
CALSDV   22   16  0.1521E-11  0.1514E-11
CALSDV   23   16  0.1560E-11  0.1590E-11
CALSDV   24   16  0.1324E-11  0.1321E-11
CALSDV   25   16  0.1321E-11  0.1344E-11
CALSDV   26   16  0.1175E-11  0.1177E-11
CALSDV   27   16  0.1172E-11  0.1186E-11
CALSDV   28   16  0.1122E-11  0.1129E-11
CALSDV   29   16  0.1083E-11  0.1091E-11
CALSDV   30   16  0.1127E-11  0.1137E-11
CALSDV   31   16  0.1026E-11  0.1028E-11
CALSDV   32   16  0.1159E-11  0.1168E-11
CALSDV   33   16  0.1029E-11  0.1028E-11
CALSDV   34   16  0.1191E-11  0.1200E-11
CALSDV   35   16  0.1032E-11  0.1030E-11
CALSDV   36   16  0.1226E-11  0.1234E-11
CALSDV   37   16  0.1055E-11  0.1052E-11
CALSDV   38   16  0.1264E-11  0.1270E-11
CALSDV   39   16  0.1112E-11  0.1107E-11
CALSDV   40   16  0.1297E-11  0.1302E-11
CALSDV   41   16  0.1165E-11  0.1161E-11
CALSDV   42   16  0.1336E-11  0.1341E-11
CALSDV   43   16  0.1228E-11  0.1225E-11
CALSDV   44   16  0.1381E-11  0.1385E-11
CALSDV   45   16  0.1298E-11  0.1296E-11
CALSDV   46   16  0.1417E-11  0.1420E-11
CALSDV   47   16  0.1371E-11  0.1370E-11
CALSDV   48   16  0.1497E-11  0.1501E-11
CALSDV   49   16  0.1446E-11  0.1446E-11
CALSDV   50   16  0.1575E-11  0.1579E-11
CALSDV   51   16  0.1528E-11  0.1528E-11
CALSDV   52   16  0.1664E-11  0.1668E-11
CALSDV   53   16  0.1624E-11  0.1625E-11
CALSDV   54   16  0.1778E-11  0.1782E-11
CALSDV   55   16  0.1728E-11  0.1731E-11
CALSDV   56   16  0.1902E-11  0.1908E-11
CALSDV   57   16  0.1848E-11  0.1851E-11
CALSDV   58   16  0.2038E-11  0.2044E-11
CALSDV   59   16  0.1988E-11  0.1992E-11
CALSDV   60   16  0.2195E-11  0.2201E-11
CALSDV   61   16  0.2141E-11  0.2145E-11
CALSDV   62   16  0.2378E-11  0.2385E-11
CALSDV   63   16  0.2346E-11  0.2352E-11
CALSDV   64   16  0.2583E-11  0.2591E-11
CALSDV   65   16  0.2576E-11  0.2583E-11
CALSDV   66   16  0.2817E-11  0.2826E-11
CALSDV   67   16  0.2843E-11  0.2852E-11
CALSDV   68   16  0.3091E-11  0.3100E-11
CALSDV   69   16  0.3163E-11  0.3172E-11
CALSDV   70   16  0.3413E-11  0.3427E-11
CALSDV   71   16  0.3528E-11  0.3542E-11
CALSDV   72   16  0.3785E-11  0.3795E-11
CALSDV   73   16  0.3949E-11  0.3962E-11
CALSDV   74   16  0.4210E-11  0.4227E-11
CALSDV   75   16  0.4441E-11  0.4454E-11
CALSDV   76   16  0.4709E-11  0.4723E-11
CALSDV   77   16  0.5029E-11  0.5043E-11
CALSDV   78   16  0.5327E-11  0.5345E-11
CALSDV   79   16  0.5724E-11  0.5743E-11
CALSDV   80   16  0.6036E-11  0.6054E-11
CALSDV   81   16  0.6545E-11  0.6567E-11
CALSDV   82   16  0.6887E-11  0.6909E-11
CALSDV   83   16  0.7544E-11  0.7571E-11
CALSDV   84   16  0.7927E-11  0.7950E-11
CALSDV   85   16  0.8805E-11  0.8838E-11
CALSDV   86   16  0.9237E-11  0.9269E-11
CALSDV   87   16  0.1049E-10  0.1053E-10
CALSDV   88   16  0.1104E-10  0.1107E-10
CALSDV   89   16  0.1242E-10  0.1246E-10
CALSDV   90   16  0.1302E-10  0.1306E-10
CALSDV   17   17  0.8839E-11  0.8748E-11
CALSDV   18   17  0.2781E-11  0.2717E-11
CALSDV   19   17  0.3772E-11  0.3714E-11
CALSDV   20   17  0.1646E-11  0.1577E-11
CALSDV   21   17  0.2559E-11  0.2524E-11
CALSDV   22   17  0.1526E-11  0.1469E-11
CALSDV   23   17  0.1918E-11  0.1897E-11
CALSDV   24   17  0.1635E-11  0.1583E-11
CALSDV   25   17  0.1517E-11  0.1506E-11
CALSDV   26   17  0.1619E-11  0.1571E-11
CALSDV   27   17  0.1302E-11  0.1297E-11
CALSDV   28   17  0.1546E-11  0.1502E-11
CALSDV   29   17  0.1196E-11  0.1196E-11
CALSDV   30   17  0.1446E-11  0.1404E-11
CALSDV   31   17  0.1135E-11  0.1138E-11
CALSDV   32   17  0.1344E-11  0.1304E-11
CALSDV   33   17  0.1142E-11  0.1146E-11
CALSDV   34   17  0.1253E-11  0.1215E-11
CALSDV   35   17  0.1144E-11  0.1150E-11
CALSDV   36   17  0.1192E-11  0.1157E-11
CALSDV   37   17  0.1162E-11  0.1170E-11
CALSDV   38   17  0.1159E-11  0.1127E-11
CALSDV   39   17  0.1213E-11  0.1222E-11
CALSDV   40   17  0.1148E-11  0.1120E-11
CALSDV   41   17  0.1258E-11  0.1267E-11
CALSDV   42   17  0.1164E-11  0.1138E-11
CALSDV   43   17  0.1315E-11  0.1323E-11
CALSDV   44   17  0.1198E-11  0.1175E-11
CALSDV   45   17  0.1377E-11  0.1384E-11
CALSDV   46   17  0.1235E-11  0.1215E-11
CALSDV   47   17  0.1443E-11  0.1449E-11
CALSDV   48   17  0.1321E-11  0.1301E-11
CALSDV   49   17  0.1513E-11  0.1518E-11
CALSDV   50   17  0.1409E-11  0.1391E-11
CALSDV   51   17  0.1589E-11  0.1594E-11
CALSDV   52   17  0.1511E-11  0.1495E-11
CALSDV   53   17  0.1682E-11  0.1685E-11
CALSDV   54   17  0.1641E-11  0.1624E-11
CALSDV   55   17  0.1785E-11  0.1786E-11
CALSDV   56   17  0.1782E-11  0.1766E-11
CALSDV   57   17  0.1903E-11  0.1903E-11
CALSDV   58   17  0.1935E-11  0.1920E-11
CALSDV   59   17  0.2042E-11  0.2042E-11
CALSDV   60   17  0.2110E-11  0.2095E-11
CALSDV   61   17  0.2195E-11  0.2193E-11
CALSDV   62   17  0.2310E-11  0.2295E-11
CALSDV   63   17  0.2402E-11  0.2399E-11
CALSDV   64   17  0.2532E-11  0.2517E-11
CALSDV   65   17  0.2634E-11  0.2629E-11
CALSDV   66   17  0.2782E-11  0.2767E-11
CALSDV   67   17  0.2904E-11  0.2898E-11
CALSDV   68   17  0.3071E-11  0.3056E-11
CALSDV   69   17  0.3227E-11  0.3218E-11
CALSDV   70   17  0.3410E-11  0.3394E-11
CALSDV   71   17  0.3598E-11  0.3588E-11
CALSDV   72   17  0.3795E-11  0.3775E-11
CALSDV   73   17  0.4023E-11  0.4010E-11
CALSDV   74   17  0.4234E-11  0.4214E-11
CALSDV   75   17  0.4517E-11  0.4499E-11
CALSDV   76   17  0.4744E-11  0.4720E-11
CALSDV   77   17  0.5110E-11  0.5089E-11
CALSDV   78   17  0.5373E-11  0.5348E-11
CALSDV   79   17  0.5812E-11  0.5786E-11
CALSDV   80   17  0.6086E-11  0.6061E-11
CALSDV   81   17  0.6631E-11  0.6605E-11
CALSDV   82   17  0.6954E-11  0.6924E-11
CALSDV   83   17  0.7633E-11  0.7602E-11
CALSDV   84   17  0.7999E-11  0.7961E-11
CALSDV   85   17  0.8898E-11  0.8862E-11
CALSDV   86   17  0.9317E-11  0.9277E-11
CALSDV   87   17  0.1059E-10  0.1055E-10
CALSDV   88   17  0.1114E-10  0.1108E-10
CALSDV   89   17  0.1276E-10  0.1270E-10
CALSDV   90   17  0.1335E-10  0.1329E-10
CALSDV   18   18  0.2778E-11  0.2877E-11
CALSDV   19   18  0.3818E-11  0.3848E-11
CALSDV   20   18  0.2115E-11  0.2140E-11
CALSDV   21   18  0.2262E-11  0.2300E-11
CALSDV   22   18  0.1969E-11  0.1983E-11
CALSDV   23   18  0.1861E-11  0.1888E-11
CALSDV   24   18  0.1709E-11  0.1717E-11
CALSDV   25   18  0.1670E-11  0.1686E-11
CALSDV   26   18  0.1419E-11  0.1424E-11
CALSDV   27   18  0.1502E-11  0.1511E-11
CALSDV   28   18  0.1254E-11  0.1255E-11
CALSDV   29   18  0.1351E-11  0.1358E-11
CALSDV   30   18  0.1197E-11  0.1197E-11
CALSDV   31   18  0.1216E-11  0.1222E-11
CALSDV   32   18  0.1208E-11  0.1208E-11
CALSDV   33   18  0.1154E-11  0.1159E-11
CALSDV   34   18  0.1240E-11  0.1239E-11
CALSDV   35   18  0.1104E-11  0.1108E-11
CALSDV   36   18  0.1284E-11  0.1282E-11
CALSDV   37   18  0.1091E-11  0.1096E-11
CALSDV   38   18  0.1329E-11  0.1328E-11
CALSDV   39   18  0.1130E-11  0.1134E-11
CALSDV   40   18  0.1371E-11  0.1369E-11
CALSDV   41   18  0.1178E-11  0.1181E-11
CALSDV   42   18  0.1417E-11  0.1417E-11
CALSDV   43   18  0.1246E-11  0.1250E-11
CALSDV   44   18  0.1468E-11  0.1468E-11
CALSDV   45   18  0.1327E-11  0.1330E-11
CALSDV   46   18  0.1508E-11  0.1508E-11
CALSDV   47   18  0.1416E-11  0.1418E-11
CALSDV   48   18  0.1596E-11  0.1597E-11
CALSDV   49   18  0.1507E-11  0.1510E-11
CALSDV   50   18  0.1680E-11  0.1682E-11
CALSDV   51   18  0.1605E-11  0.1608E-11
CALSDV   52   18  0.1775E-11  0.1777E-11
CALSDV   53   18  0.1718E-11  0.1720E-11
CALSDV   54   18  0.1896E-11  0.1898E-11
CALSDV   55   18  0.1838E-11  0.1841E-11
CALSDV   56   18  0.2028E-11  0.2030E-11
CALSDV   57   18  0.1971E-11  0.1974E-11
CALSDV   58   18  0.2170E-11  0.2172E-11
CALSDV   59   18  0.2123E-11  0.2126E-11
CALSDV   60   18  0.2333E-11  0.2336E-11
CALSDV   61   18  0.2287E-11  0.2289E-11
CALSDV   62   18  0.2522E-11  0.2524E-11
CALSDV   63   18  0.2503E-11  0.2506E-11
CALSDV   64   18  0.2732E-11  0.2734E-11
CALSDV   65   18  0.2742E-11  0.2744E-11
CALSDV   66   18  0.2970E-11  0.2972E-11
CALSDV   67   18  0.3018E-11  0.3019E-11
CALSDV   68   18  0.3249E-11  0.3250E-11
CALSDV   69   18  0.3345E-11  0.3345E-11
CALSDV   70   18  0.3578E-11  0.3578E-11
CALSDV   71   18  0.3721E-11  0.3721E-11
CALSDV   72   18  0.3953E-11  0.3953E-11
CALSDV   73   18  0.4141E-11  0.4145E-11
CALSDV   74   18  0.4380E-11  0.4384E-11
CALSDV   75   18  0.4637E-11  0.4637E-11
CALSDV   76   18  0.4879E-11  0.4882E-11
CALSDV   77   18  0.5227E-11  0.5227E-11
CALSDV   78   18  0.5500E-11  0.5504E-11
CALSDV   79   18  0.5921E-11  0.5925E-11
CALSDV   80   18  0.6206E-11  0.6209E-11
CALSDV   81   18  0.6740E-11  0.6743E-11
CALSDV   82   18  0.7058E-11  0.7062E-11
CALSDV   83   18  0.7733E-11  0.7737E-11
CALSDV   84   18  0.8091E-11  0.8095E-11
CALSDV   85   18  0.8991E-11  0.8995E-11
CALSDV   86   18  0.9396E-11  0.9400E-11
CALSDV   87   18  0.1068E-10  0.1069E-10
CALSDV   88   18  0.1122E-10  0.1122E-10
CALSDV   89   18  0.1298E-10  0.1298E-10
CALSDV   90   18  0.1356E-10  0.1356E-10
CALSDV   19   19  0.6032E-11  0.5774E-11
CALSDV   20   19  0.2625E-11  0.2600E-11
CALSDV   21   19  0.3193E-11  0.3094E-11
CALSDV   22   19  0.1401E-11  0.1364E-11
CALSDV   23   19  0.2406E-11  0.2343E-11
CALSDV   24   19  0.1504E-11  0.1459E-11
CALSDV   25   19  0.1837E-11  0.1788E-11
CALSDV   26   19  0.1685E-11  0.1644E-11
CALSDV   27   19  0.1527E-11  0.1494E-11
CALSDV   28   19  0.1727E-11  0.1687E-11
CALSDV   29   19  0.1394E-11  0.1371E-11
CALSDV   30   19  0.1660E-11  0.1618E-11
CALSDV   31   19  0.1336E-11  0.1319E-11
CALSDV   32   19  0.1550E-11  0.1502E-11
CALSDV   33   19  0.1357E-11  0.1343E-11
CALSDV   34   19  0.1427E-11  0.1374E-11
CALSDV   35   19  0.1366E-11  0.1353E-11
CALSDV   36   19  0.1329E-11  0.1273E-11
CALSDV   37   19  0.1386E-11  0.1372E-11
CALSDV   38   19  0.1267E-11  0.1210E-11
CALSDV   39   19  0.1438E-11  0.1424E-11
CALSDV   40   19  0.1233E-11  0.1178E-11
CALSDV   41   19  0.1477E-11  0.1463E-11
CALSDV   42   19  0.1237E-11  0.1183E-11
CALSDV   43   19  0.1525E-11  0.1511E-11
CALSDV   44   19  0.1267E-11  0.1217E-11
CALSDV   45   19  0.1578E-11  0.1565E-11
CALSDV   46   19  0.1306E-11  0.1260E-11
CALSDV   47   19  0.1635E-11  0.1622E-11
CALSDV   48   19  0.1399E-11  0.1355E-11
CALSDV   49   19  0.1697E-11  0.1683E-11
CALSDV   50   19  0.1500E-11  0.1458E-11
CALSDV   51   19  0.1768E-11  0.1755E-11
CALSDV   52   19  0.1613E-11  0.1575E-11
CALSDV   53   19  0.1858E-11  0.1844E-11
CALSDV   54   19  0.1756E-11  0.1718E-11
CALSDV   55   19  0.1957E-11  0.1944E-11
CALSDV   56   19  0.1911E-11  0.1875E-11
CALSDV   57   19  0.2074E-11  0.2061E-11
CALSDV   58   19  0.2078E-11  0.2043E-11
CALSDV   59   19  0.2214E-11  0.2200E-11
CALSDV   60   19  0.2263E-11  0.2230E-11
CALSDV   61   19  0.2367E-11  0.2354E-11
CALSDV   62   19  0.2473E-11  0.2442E-11
CALSDV   63   19  0.2576E-11  0.2564E-11
CALSDV   64   19  0.2705E-11  0.2676E-11
CALSDV   65   19  0.2811E-11  0.2798E-11
CALSDV   66   19  0.2961E-11  0.2934E-11
CALSDV   67   19  0.3084E-11  0.3072E-11
CALSDV   68   19  0.3257E-11  0.3231E-11
CALSDV   69   19  0.3410E-11  0.3397E-11
CALSDV   70   19  0.3602E-11  0.3575E-11
CALSDV   71   19  0.3784E-11  0.3774E-11
CALSDV   72   19  0.3986E-11  0.3966E-11
CALSDV   73   19  0.4209E-11  0.4195E-11
CALSDV   74   19  0.4431E-11  0.4408E-11
CALSDV   75   19  0.4703E-11  0.4693E-11
CALSDV   76   19  0.4937E-11  0.4920E-11
CALSDV   77   19  0.5298E-11  0.5284E-11
CALSDV   78   19  0.5568E-11  0.5550E-11
CALSDV   79   19  0.5997E-11  0.5983E-11
CALSDV   80   19  0.6282E-11  0.6264E-11
CALSDV   81   19  0.6814E-11  0.6799E-11
CALSDV   82   19  0.7136E-11  0.7117E-11
CALSDV   83   19  0.7811E-11  0.7795E-11
CALSDV   84   19  0.8175E-11  0.8156E-11
CALSDV   85   19  0.9063E-11  0.9051E-11
CALSDV   86   19  0.9484E-11  0.9460E-11
CALSDV   87   19  0.1076E-10  0.1074E-10
CALSDV   88   19  0.1131E-10  0.1128E-10
CALSDV   89   19  0.1309E-10  0.1307E-10
CALSDV   90   19  0.1370E-10  0.1367E-10
CALSDV   20   20  0.2204E-11  0.2220E-11
CALSDV   21   20  0.3308E-11  0.3286E-11
CALSDV   22   20  0.2058E-11  0.2071E-11
CALSDV   23   20  0.1718E-11  0.1691E-11
CALSDV   24   20  0.2087E-11  0.2104E-11
CALSDV   25   20  0.1622E-11  0.1602E-11
CALSDV   26   20  0.1754E-11  0.1767E-11
CALSDV   27   20  0.1673E-11  0.1659E-11
CALSDV   28   20  0.1477E-11  0.1486E-11
CALSDV   29   20  0.1613E-11  0.1605E-11
CALSDV   30   20  0.1330E-11  0.1337E-11
CALSDV   31   20  0.1480E-11  0.1476E-11
CALSDV   32   20  0.1293E-11  0.1297E-11
CALSDV   33   20  0.1383E-11  0.1379E-11
CALSDV   34   20  0.1303E-11  0.1304E-11
CALSDV   35   20  0.1277E-11  0.1274E-11
CALSDV   36   20  0.1336E-11  0.1337E-11
CALSDV   37   20  0.1211E-11  0.1208E-11
CALSDV   38   20  0.1376E-11  0.1377E-11
CALSDV   39   20  0.1211E-11  0.1207E-11
CALSDV   40   20  0.1413E-11  0.1413E-11
CALSDV   41   20  0.1234E-11  0.1231E-11
CALSDV   42   20  0.1456E-11  0.1456E-11
CALSDV   43   20  0.1294E-11  0.1290E-11
CALSDV   44   20  0.1506E-11  0.1506E-11
CALSDV   45   20  0.1379E-11  0.1374E-11
CALSDV   46   20  0.1545E-11  0.1545E-11
CALSDV   47   20  0.1477E-11  0.1472E-11
CALSDV   48   20  0.1635E-11  0.1635E-11
CALSDV   49   20  0.1584E-11  0.1579E-11
CALSDV   50   20  0.1724E-11  0.1724E-11
CALSDV   51   20  0.1702E-11  0.1696E-11
CALSDV   52   20  0.1825E-11  0.1824E-11
CALSDV   53   20  0.1832E-11  0.1826E-11
CALSDV   54   20  0.1953E-11  0.1953E-11
CALSDV   55   20  0.1969E-11  0.1963E-11
CALSDV   56   20  0.2095E-11  0.2095E-11
CALSDV   57   20  0.2119E-11  0.2113E-11
CALSDV   58   20  0.2246E-11  0.2246E-11
CALSDV   59   20  0.2288E-11  0.2282E-11
CALSDV   60   20  0.2420E-11  0.2420E-11
CALSDV   61   20  0.2463E-11  0.2457E-11
CALSDV   62   20  0.2620E-11  0.2620E-11
CALSDV   63   20  0.2693E-11  0.2686E-11
CALSDV   64   20  0.2841E-11  0.2841E-11
CALSDV   65   20  0.2943E-11  0.2937E-11
CALSDV   66   20  0.3090E-11  0.3089E-11
CALSDV   67   20  0.3227E-11  0.3221E-11
CALSDV   68   20  0.3380E-11  0.3377E-11
CALSDV   69   20  0.3563E-11  0.3557E-11
CALSDV   70   20  0.3717E-11  0.3714E-11
CALSDV   71   20  0.3943E-11  0.3936E-11
CALSDV   72   20  0.4097E-11  0.4093E-11
CALSDV   73   20  0.4368E-11  0.4361E-11
CALSDV   74   20  0.4537E-11  0.4534E-11
CALSDV   75   20  0.4865E-11  0.4855E-11
CALSDV   76   20  0.5041E-11  0.5037E-11
CALSDV   77   20  0.5454E-11  0.5447E-11
CALSDV   78   20  0.5667E-11  0.5660E-11
CALSDV   79   20  0.6150E-11  0.6139E-11
CALSDV   80   20  0.6376E-11  0.6372E-11
CALSDV   81   20  0.6964E-11  0.6953E-11
CALSDV   82   20  0.7229E-11  0.7221E-11
CALSDV   83   20  0.7950E-11  0.7938E-11
CALSDV   84   20  0.8263E-11  0.8252E-11
CALSDV   85   20  0.9201E-11  0.9184E-11
CALSDV   86   20  0.9563E-11  0.9551E-11
CALSDV   87   20  0.1090E-10  0.1088E-10
CALSDV   88   20  0.1139E-10  0.1138E-10
CALSDV   89   20  0.1330E-10  0.1328E-10
CALSDV   90   20  0.1382E-10  0.1381E-10
CALSDV   21   21  0.3300E-11  0.3283E-11
CALSDV   22   21  0.2599E-11  0.2602E-11
CALSDV   23   21  0.2434E-11  0.2431E-11
CALSDV   24   21  0.1393E-11  0.1388E-11
CALSDV   25   21  0.1985E-11  0.1974E-11
CALSDV   26   21  0.1535E-11  0.1527E-11
CALSDV   27   21  0.1539E-11  0.1529E-11
CALSDV   28   21  0.1796E-11  0.1789E-11
CALSDV   29   21  0.1315E-11  0.1308E-11
CALSDV   30   21  0.1861E-11  0.1851E-11
CALSDV   31   21  0.1246E-11  0.1243E-11
CALSDV   32   21  0.1791E-11  0.1781E-11
CALSDV   33   21  0.1288E-11  0.1288E-11
CALSDV   34   21  0.1654E-11  0.1644E-11
CALSDV   35   21  0.1320E-11  0.1320E-11
CALSDV   36   21  0.1520E-11  0.1511E-11
CALSDV   37   21  0.1353E-11  0.1354E-11
CALSDV   38   21  0.1414E-11  0.1404E-11
CALSDV   39   21  0.1408E-11  0.1409E-11
CALSDV   40   21  0.1340E-11  0.1332E-11
CALSDV   41   21  0.1445E-11  0.1445E-11
CALSDV   42   21  0.1311E-11  0.1304E-11
CALSDV   43   21  0.1488E-11  0.1487E-11
CALSDV   44   21  0.1321E-11  0.1314E-11
CALSDV   45   21  0.1536E-11  0.1534E-11
CALSDV   46   21  0.1348E-11  0.1342E-11
CALSDV   47   21  0.1590E-11  0.1587E-11
CALSDV   48   21  0.1438E-11  0.1432E-11
CALSDV   49   21  0.1652E-11  0.1648E-11
CALSDV   50   21  0.1538E-11  0.1534E-11
CALSDV   51   21  0.1727E-11  0.1721E-11
CALSDV   52   21  0.1660E-11  0.1655E-11
CALSDV   53   21  0.1825E-11  0.1818E-11
CALSDV   54   21  0.1811E-11  0.1807E-11
CALSDV   55   21  0.1936E-11  0.1930E-11
CALSDV   56   21  0.1977E-11  0.1973E-11
CALSDV   57   21  0.2068E-11  0.2061E-11
CALSDV   58   21  0.2155E-11  0.2150E-11
CALSDV   59   21  0.2224E-11  0.2217E-11
CALSDV   60   21  0.2354E-11  0.2350E-11
CALSDV   61   21  0.2394E-11  0.2388E-11
CALSDV   62   21  0.2577E-11  0.2573E-11
CALSDV   63   21  0.2623E-11  0.2616E-11
CALSDV   64   21  0.2820E-11  0.2817E-11
CALSDV   65   21  0.2876E-11  0.2869E-11
CALSDV   66   21  0.3089E-11  0.3087E-11
CALSDV   67   21  0.3168E-11  0.3161E-11
CALSDV   68   21  0.3397E-11  0.3393E-11
CALSDV   69   21  0.3511E-11  0.3505E-11
CALSDV   70   21  0.3750E-11  0.3747E-11
CALSDV   71   21  0.3903E-11  0.3897E-11
CALSDV   72   21  0.4147E-11  0.4143E-11
CALSDV   73   21  0.4341E-11  0.4334E-11
CALSDV   74   21  0.4595E-11  0.4595E-11
CALSDV   75   21  0.4848E-11  0.4845E-11
CALSDV   76   21  0.5110E-11  0.5107E-11
CALSDV   77   21  0.5454E-11  0.5447E-11
CALSDV   78   21  0.5744E-11  0.5741E-11
CALSDV   79   21  0.6161E-11  0.6154E-11
CALSDV   80   21  0.6459E-11  0.6455E-11
CALSDV   81   21  0.6983E-11  0.6979E-11
CALSDV   82   21  0.7310E-11  0.7307E-11
CALSDV   83   21  0.7981E-11  0.7973E-11
CALSDV   84   21  0.8348E-11  0.8340E-11
CALSDV   85   21  0.9233E-11  0.9225E-11
CALSDV   86   21  0.9647E-11  0.9643E-11
CALSDV   87   21  0.1093E-10  0.1093E-10
CALSDV   88   21  0.1148E-10  0.1147E-10
CALSDV   89   21  0.1336E-10  0.1335E-10
CALSDV   90   21  0.1396E-10  0.1395E-10
CALSDV   22   22  0.1907E-11  0.1942E-11
CALSDV   23   22  0.3161E-11  0.3152E-11
CALSDV   24   22  0.2256E-11  0.2257E-11
CALSDV   25   22  0.1433E-11  0.1437E-11
CALSDV   26   22  0.2174E-11  0.2171E-11
CALSDV   27   22  0.1533E-11  0.1539E-11
CALSDV   28   22  0.1801E-11  0.1799E-11
CALSDV   29   22  0.1734E-11  0.1737E-11
CALSDV   30   22  0.1525E-11  0.1527E-11
CALSDV   31   22  0.1726E-11  0.1728E-11
CALSDV   32   22  0.1418E-11  0.1420E-11
CALSDV   33   22  0.1663E-11  0.1664E-11
CALSDV   34   22  0.1405E-11  0.1408E-11
CALSDV   35   22  0.1530E-11  0.1531E-11
CALSDV   36   22  0.1433E-11  0.1434E-11
CALSDV   37   22  0.1413E-11  0.1413E-11
CALSDV   38   22  0.1467E-11  0.1466E-11
CALSDV   39   22  0.1359E-11  0.1358E-11
CALSDV   40   22  0.1494E-11  0.1492E-11
CALSDV   41   22  0.1337E-11  0.1335E-11
CALSDV   42   22  0.1525E-11  0.1523E-11
CALSDV   43   22  0.1367E-11  0.1365E-11
CALSDV   44   22  0.1560E-11  0.1559E-11
CALSDV   45   22  0.1439E-11  0.1438E-11
CALSDV   46   22  0.1587E-11  0.1586E-11
CALSDV   47   22  0.1539E-11  0.1537E-11
CALSDV   48   22  0.1670E-11  0.1669E-11
CALSDV   49   22  0.1656E-11  0.1653E-11
CALSDV   50   22  0.1754E-11  0.1754E-11
CALSDV   51   22  0.1786E-11  0.1784E-11
CALSDV   52   22  0.1854E-11  0.1854E-11
CALSDV   53   22  0.1935E-11  0.1934E-11
CALSDV   54   22  0.1988E-11  0.1988E-11
CALSDV   55   22  0.2091E-11  0.2090E-11
CALSDV   56   22  0.2137E-11  0.2137E-11
CALSDV   57   22  0.2258E-11  0.2258E-11
CALSDV   58   22  0.2300E-11  0.2300E-11
CALSDV   59   22  0.2443E-11  0.2443E-11
CALSDV   60   22  0.2486E-11  0.2488E-11
CALSDV   61   22  0.2635E-11  0.2635E-11
CALSDV   62   22  0.2702E-11  0.2703E-11
CALSDV   63   22  0.2882E-11  0.2881E-11
CALSDV   64   22  0.2940E-11  0.2940E-11
CALSDV   65   22  0.3144E-11  0.3144E-11
CALSDV   66   22  0.3205E-11  0.3205E-11
CALSDV   67   22  0.3444E-11  0.3444E-11
CALSDV   68   22  0.3510E-11  0.3507E-11
CALSDV   69   22  0.3790E-11  0.3787E-11
CALSDV   70   22  0.3862E-11  0.3862E-11
CALSDV   71   22  0.4178E-11  0.4178E-11
CALSDV   72   22  0.4261E-11  0.4257E-11
CALSDV   73   22  0.4611E-11  0.4608E-11
CALSDV   74   22  0.4710E-11  0.4707E-11
CALSDV   75   22  0.5110E-11  0.5107E-11
CALSDV   76   22  0.5224E-11  0.5217E-11
CALSDV   77   22  0.5702E-11  0.5695E-11
CALSDV   78   22  0.5858E-11  0.5851E-11
CALSDV   79   22  0.6390E-11  0.6383E-11
CALSDV   80   22  0.6571E-11  0.6564E-11
CALSDV   81   22  0.7196E-11  0.7189E-11
CALSDV   82   22  0.7425E-11  0.7414E-11
CALSDV   83   22  0.8174E-11  0.8166E-11
CALSDV   84   22  0.8459E-11  0.8447E-11
CALSDV   85   22  0.9406E-11  0.9398E-11
CALSDV   86   22  0.9751E-11  0.9739E-11
CALSDV   87   22  0.1110E-10  0.1109E-10
CALSDV   88   22  0.1158E-10  0.1157E-10
CALSDV   89   22  0.1357E-10  0.1356E-10
CALSDV   90   22  0.1411E-10  0.1408E-10
CALSDV   23   23  0.2344E-11  0.2299E-11
CALSDV   24   23  0.2902E-11  0.2913E-11
CALSDV   25   23  0.2271E-11  0.2282E-11
CALSDV   26   23  0.1485E-11  0.1488E-11
CALSDV   27   23  0.1917E-11  0.1920E-11
CALSDV   28   23  0.1649E-11  0.1655E-11
CALSDV   29   23  0.1483E-11  0.1487E-11
CALSDV   30   23  0.1935E-11  0.1940E-11
CALSDV   31   23  0.1278E-11  0.1283E-11
CALSDV   32   23  0.2005E-11  0.2009E-11
CALSDV   33   23  0.1300E-11  0.1310E-11
CALSDV   34   23  0.1924E-11  0.1925E-11
CALSDV   35   23  0.1361E-11  0.1371E-11
CALSDV   36   23  0.1795E-11  0.1794E-11
CALSDV   37   23  0.1424E-11  0.1433E-11
CALSDV   38   23  0.1669E-11  0.1668E-11
CALSDV   39   23  0.1494E-11  0.1503E-11
CALSDV   40   23  0.1565E-11  0.1565E-11
CALSDV   41   23  0.1529E-11  0.1537E-11
CALSDV   42   23  0.1507E-11  0.1506E-11
CALSDV   43   23  0.1560E-11  0.1565E-11
CALSDV   44   23  0.1489E-11  0.1492E-11
CALSDV   45   23  0.1589E-11  0.1593E-11
CALSDV   46   23  0.1493E-11  0.1497E-11
CALSDV   47   23  0.1622E-11  0.1626E-11
CALSDV   48   23  0.1572E-11  0.1577E-11
CALSDV   49   23  0.1665E-11  0.1668E-11
CALSDV   50   23  0.1666E-11  0.1670E-11
CALSDV   51   23  0.1727E-11  0.1730E-11
CALSDV   52   23  0.1782E-11  0.1785E-11
CALSDV   53   23  0.1818E-11  0.1820E-11
CALSDV   54   23  0.1933E-11  0.1937E-11
CALSDV   55   23  0.1931E-11  0.1931E-11
CALSDV   56   23  0.2103E-11  0.2106E-11
CALSDV   57   23  0.2070E-11  0.2068E-11
CALSDV   58   23  0.2286E-11  0.2288E-11
CALSDV   59   23  0.2238E-11  0.2234E-11
CALSDV   60   23  0.2491E-11  0.2493E-11
CALSDV   61   23  0.2424E-11  0.2420E-11
CALSDV   62   23  0.2724E-11  0.2725E-11
CALSDV   63   23  0.2671E-11  0.2666E-11
CALSDV   64   23  0.2978E-11  0.2977E-11
CALSDV   65   23  0.2945E-11  0.2938E-11
CALSDV   66   23  0.3255E-11  0.3255E-11
CALSDV   67   23  0.3259E-11  0.3253E-11
CALSDV   68   23  0.3572E-11  0.3572E-11
CALSDV   69   23  0.3625E-11  0.3615E-11
CALSDV   70   23  0.3938E-11  0.3935E-11
CALSDV   71   23  0.4039E-11  0.4029E-11
CALSDV   72   23  0.4344E-11  0.4338E-11
CALSDV   73   23  0.4496E-11  0.4483E-11
CALSDV   74   23  0.4802E-11  0.4795E-11
CALSDV   75   23  0.5024E-11  0.5010E-11
CALSDV   76   23  0.5324E-11  0.5314E-11
CALSDV   77   23  0.5645E-11  0.5624E-11
CALSDV   78   23  0.5964E-11  0.5950E-11
CALSDV   79   23  0.6361E-11  0.6339E-11
CALSDV   80   23  0.6683E-11  0.6669E-11
CALSDV   81   23  0.7196E-11  0.7170E-11
CALSDV   82   23  0.7533E-11  0.7515E-11
CALSDV   83   23  0.8193E-11  0.8166E-11
CALSDV   84   23  0.8566E-11  0.8543E-11
CALSDV   85   23  0.9442E-11  0.9410E-11
CALSDV   86   23  0.9862E-11  0.9834E-11
CALSDV   87   23  0.1114E-10  0.1111E-10
CALSDV   88   23  0.1169E-10  0.1166E-10
CALSDV   89   23  0.1364E-10  0.1359E-10
CALSDV   90   23  0.1423E-10  0.1423E-10
CALSDV   24   24  0.2115E-11  0.2112E-11
CALSDV   25   24  0.3184E-11  0.3187E-11
CALSDV   26   24  0.2471E-11  0.2475E-11
CALSDV   27   24  0.1445E-11  0.1450E-11
CALSDV   28   24  0.2317E-11  0.2322E-11
CALSDV   29   24  0.1612E-11  0.1614E-11
CALSDV   30   24  0.1877E-11  0.1881E-11
CALSDV   31   24  0.1860E-11  0.1863E-11
CALSDV   32   24  0.1608E-11  0.1611E-11
CALSDV   33   24  0.1942E-11  0.1947E-11
CALSDV   34   24  0.1536E-11  0.1538E-11
CALSDV   35   24  0.1851E-11  0.1856E-11
CALSDV   36   24  0.1567E-11  0.1569E-11
CALSDV   37   24  0.1716E-11  0.1720E-11
CALSDV   38   24  0.1613E-11  0.1617E-11
CALSDV   39   24  0.1617E-11  0.1621E-11
CALSDV   40   24  0.1643E-11  0.1646E-11
CALSDV   41   24  0.1535E-11  0.1537E-11
CALSDV   42   24  0.1666E-11  0.1669E-11
CALSDV   43   24  0.1512E-11  0.1514E-11
CALSDV   44   24  0.1685E-11  0.1689E-11
CALSDV   45   24  0.1545E-11  0.1546E-11
CALSDV   46   24  0.1692E-11  0.1695E-11
CALSDV   47   24  0.1624E-11  0.1625E-11
CALSDV   48   24  0.1756E-11  0.1760E-11
CALSDV   49   24  0.1736E-11  0.1736E-11
CALSDV   50   24  0.1826E-11  0.1828E-11
CALSDV   51   24  0.1871E-11  0.1870E-11
CALSDV   52   24  0.1916E-11  0.1918E-11
CALSDV   53   24  0.2029E-11  0.2029E-11
CALSDV   54   24  0.2044E-11  0.2047E-11
CALSDV   55   24  0.2199E-11  0.2198E-11
CALSDV   56   24  0.2196E-11  0.2199E-11
CALSDV   57   24  0.2382E-11  0.2383E-11
CALSDV   58   24  0.2367E-11  0.2368E-11
CALSDV   59   24  0.2583E-11  0.2583E-11
CALSDV   60   24  0.2567E-11  0.2567E-11
CALSDV   61   24  0.2789E-11  0.2790E-11
CALSDV   62   24  0.2797E-11  0.2800E-11
CALSDV   63   24  0.3052E-11  0.3054E-11
CALSDV   64   24  0.3053E-11  0.3056E-11
CALSDV   65   24  0.3332E-11  0.3332E-11
CALSDV   66   24  0.3338E-11  0.3341E-11
CALSDV   67   24  0.3644E-11  0.3644E-11
CALSDV   68   24  0.3663E-11  0.3666E-11
CALSDV   69   24  0.4005E-11  0.4005E-11
CALSDV   70   24  0.4037E-11  0.4041E-11
CALSDV   71   24  0.4404E-11  0.4407E-11
CALSDV   72   24  0.4452E-11  0.4455E-11
CALSDV   73   24  0.4848E-11  0.4848E-11
CALSDV   74   24  0.4918E-11  0.4921E-11
CALSDV   75   24  0.5352E-11  0.5356E-11
CALSDV   76   24  0.5445E-11  0.5452E-11
CALSDV   77   24  0.5946E-11  0.5950E-11
CALSDV   78   24  0.6091E-11  0.6095E-11
CALSDV   79   24  0.6638E-11  0.6641E-11
CALSDV   80   24  0.6814E-11  0.6817E-11
CALSDV   81   24  0.7443E-11  0.7447E-11
CALSDV   82   24  0.7667E-11  0.7671E-11
CALSDV   83   24  0.8410E-11  0.8414E-11
CALSDV   84   24  0.8692E-11  0.8696E-11
CALSDV   85   24  0.9628E-11  0.9632E-11
CALSDV   86   24  0.9977E-11  0.9977E-11
CALSDV   87   24  0.1131E-10  0.1131E-10
CALSDV   88   24  0.1180E-10  0.1180E-10
CALSDV   89   24  0.1383E-10  0.1384E-10
CALSDV   90   24  0.1439E-10  0.1441E-10
CALSDV   25   25  0.2144E-11  0.2166E-11
CALSDV   26   25  0.3221E-11  0.3227E-11
CALSDV   27   25  0.2353E-11  0.2360E-11
CALSDV   28   25  0.1649E-11  0.1663E-11
CALSDV   29   25  0.2040E-11  0.2037E-11
CALSDV   30   25  0.1803E-11  0.1807E-11
CALSDV   31   25  0.1561E-11  0.1560E-11
CALSDV   32   25  0.2091E-11  0.2092E-11
CALSDV   33   25  0.1396E-11  0.1396E-11
CALSDV   34   25  0.2142E-11  0.2140E-11
CALSDV   35   25  0.1428E-11  0.1427E-11
CALSDV   36   25  0.2063E-11  0.2061E-11
CALSDV   37   25  0.1533E-11  0.1533E-11
CALSDV   38   25  0.1942E-11  0.1940E-11
CALSDV   39   25  0.1656E-11  0.1656E-11
CALSDV   40   25  0.1825E-11  0.1824E-11
CALSDV   41   25  0.1726E-11  0.1726E-11
CALSDV   42   25  0.1751E-11  0.1751E-11
CALSDV   43   25  0.1771E-11  0.1770E-11
CALSDV   44   25  0.1724E-11  0.1725E-11
CALSDV   45   25  0.1798E-11  0.1795E-11
CALSDV   46   25  0.1721E-11  0.1725E-11
CALSDV   47   25  0.1817E-11  0.1814E-11
CALSDV   48   25  0.1800E-11  0.1807E-11
CALSDV   49   25  0.1839E-11  0.1836E-11
CALSDV   50   25  0.1898E-11  0.1907E-11
CALSDV   51   25  0.1879E-11  0.1876E-11
CALSDV   52   25  0.2020E-11  0.2030E-11
CALSDV   53   25  0.1953E-11  0.1948E-11
CALSDV   54   25  0.2179E-11  0.2190E-11
CALSDV   55   25  0.2052E-11  0.2047E-11
CALSDV   56   25  0.2355E-11  0.2366E-11
CALSDV   57   25  0.2184E-11  0.2179E-11
CALSDV   58   25  0.2543E-11  0.2555E-11
CALSDV   59   25  0.2351E-11  0.2347E-11
CALSDV   60   25  0.2756E-11  0.2767E-11
CALSDV   61   25  0.2542E-11  0.2538E-11
CALSDV   62   25  0.2994E-11  0.3005E-11
CALSDV   63   25  0.2801E-11  0.2796E-11
CALSDV   64   25  0.3253E-11  0.3265E-11
CALSDV   65   25  0.3087E-11  0.3084E-11
CALSDV   66   25  0.3540E-11  0.3550E-11
CALSDV   67   25  0.3415E-11  0.3412E-11
CALSDV   68   25  0.3861E-11  0.3871E-11
CALSDV   69   25  0.3800E-11  0.3797E-11
CALSDV   70   25  0.4232E-11  0.4242E-11
CALSDV   71   25  0.4231E-11  0.4225E-11
CALSDV   72   25  0.4643E-11  0.4653E-11
CALSDV   73   25  0.4703E-11  0.4703E-11
CALSDV   74   25  0.5105E-11  0.5112E-11
CALSDV   75   25  0.5245E-11  0.5242E-11
CALSDV   76   25  0.5625E-11  0.5632E-11
CALSDV   77   25  0.5875E-11  0.5872E-11
CALSDV   78   25  0.6265E-11  0.6272E-11
CALSDV   79   25  0.6601E-11  0.6598E-11
CALSDV   80   25  0.6977E-11  0.6984E-11
CALSDV   81   25  0.7436E-11  0.7432E-11
CALSDV   82   25  0.7826E-11  0.7830E-11
CALSDV   83   25  0.8429E-11  0.8425E-11
CALSDV   84   25  0.8841E-11  0.8845E-11
CALSDV   85   25  0.9668E-11  0.9664E-11
CALSDV   86   25  0.1011E-10  0.1012E-10
CALSDV   87   25  0.1136E-10  0.1136E-10
CALSDV   88   25  0.1193E-10  0.1193E-10
CALSDV   89   25  0.1391E-10  0.1391E-10
CALSDV   90   25  0.1456E-10  0.1455E-10
CALSDV   26   26  0.2956E-11  0.2909E-11
CALSDV   27   26  0.3293E-11  0.3290E-11
CALSDV   28   26  0.2818E-11  0.2821E-11
CALSDV   29   26  0.1554E-11  0.1546E-11
CALSDV   30   26  0.2523E-11  0.2534E-11
CALSDV   31   26  0.1715E-11  0.1712E-11
CALSDV   32   26  0.2005E-11  0.2019E-11
CALSDV   33   26  0.2054E-11  0.2058E-11
CALSDV   34   26  0.1727E-11  0.1744E-11
CALSDV   35   26  0.2119E-11  0.2125E-11
CALSDV   36   26  0.1705E-11  0.1718E-11
CALSDV   37   26  0.2040E-11  0.2047E-11
CALSDV   38   26  0.1773E-11  0.1787E-11
CALSDV   39   26  0.1942E-11  0.1949E-11
CALSDV   40   26  0.1830E-11  0.1843E-11
CALSDV   41   26  0.1820E-11  0.1826E-11
CALSDV   42   26  0.1865E-11  0.1877E-11
CALSDV   43   26  0.1741E-11  0.1748E-11
CALSDV   44   26  0.1880E-11  0.1892E-11
CALSDV   45   26  0.1721E-11  0.1727E-11
CALSDV   46   26  0.1867E-11  0.1877E-11
CALSDV   47   26  0.1758E-11  0.1763E-11
CALSDV   48   26  0.1910E-11  0.1919E-11
CALSDV   49   26  0.1842E-11  0.1847E-11
CALSDV   50   26  0.1955E-11  0.1962E-11
CALSDV   51   26  0.1966E-11  0.1970E-11
CALSDV   52   26  0.2024E-11  0.2030E-11
CALSDV   53   26  0.2123E-11  0.2127E-11
CALSDV   54   26  0.2140E-11  0.2146E-11
CALSDV   55   26  0.2296E-11  0.2300E-11
CALSDV   56   26  0.2284E-11  0.2289E-11
CALSDV   57   26  0.2487E-11  0.2491E-11
CALSDV   58   26  0.2455E-11  0.2461E-11
CALSDV   59   26  0.2698E-11  0.2703E-11
CALSDV   60   26  0.2662E-11  0.2669E-11
CALSDV   61   26  0.2916E-11  0.2922E-11
CALSDV   62   26  0.2908E-11  0.2916E-11
CALSDV   63   26  0.3193E-11  0.3199E-11
CALSDV   64   26  0.3183E-11  0.3189E-11
CALSDV   65   26  0.3486E-11  0.3495E-11
CALSDV   66   26  0.3486E-11  0.3499E-11
CALSDV   67   26  0.3810E-11  0.3823E-11
CALSDV   68   26  0.3835E-11  0.3848E-11
CALSDV   69   26  0.4187E-11  0.4196E-11
CALSDV   70   26  0.4232E-11  0.4245E-11
CALSDV   71   26  0.4600E-11  0.4616E-11
CALSDV   72   26  0.4669E-11  0.4683E-11
CALSDV   73   26  0.5054E-11  0.5068E-11
CALSDV   74   26  0.5156E-11  0.5169E-11
CALSDV   75   26  0.5570E-11  0.5587E-11
CALSDV   76   26  0.5701E-11  0.5715E-11
CALSDV   77   26  0.6176E-11  0.6194E-11
CALSDV   78   26  0.6360E-11  0.6378E-11
CALSDV   79   26  0.6874E-11  0.6893E-11
CALSDV   80   26  0.7089E-11  0.7107E-11
CALSDV   81   26  0.7675E-11  0.7698E-11
CALSDV   82   26  0.7942E-11  0.7964E-11
CALSDV   83   26  0.8642E-11  0.8665E-11
CALSDV   84   26  0.8964E-11  0.8987E-11
CALSDV   85   26  0.9846E-11  0.9874E-11
CALSDV   86   26  0.1023E-10  0.1026E-10
CALSDV   87   26  0.1152E-10  0.1155E-10
CALSDV   88   26  0.1204E-10  0.1208E-10
CALSDV   89   26  0.1407E-10  0.1411E-10
CALSDV   90   26  0.1469E-10  0.1474E-10
CALSDV   27   27  0.2165E-11  0.2156E-11
CALSDV   28   27  0.3760E-11  0.3741E-11
CALSDV   29   27  0.2563E-11  0.2547E-11
CALSDV   30   27  0.2061E-11  0.2022E-11
CALSDV   31   27  0.2230E-11  0.2213E-11
CALSDV   32   27  0.2173E-11  0.2144E-11
CALSDV   33   27  0.1754E-11  0.1741E-11
CALSDV   34   27  0.2394E-11  0.2374E-11
CALSDV   35   27  0.1528E-11  0.1522E-11
CALSDV   36   27  0.2383E-11  0.2369E-11
CALSDV   37   27  0.1588E-11  0.1584E-11
CALSDV   38   27  0.2246E-11  0.2236E-11
CALSDV   39   27  0.1768E-11  0.1766E-11
CALSDV   40   27  0.2083E-11  0.2076E-11
CALSDV   41   27  0.1910E-11  0.1908E-11
CALSDV   42   27  0.1978E-11  0.1975E-11
CALSDV   43   27  0.2011E-11  0.2006E-11
CALSDV   44   27  0.1952E-11  0.1953E-11
CALSDV   45   27  0.2068E-11  0.2064E-11
CALSDV   46   27  0.1983E-11  0.1987E-11
CALSDV   47   27  0.2096E-11  0.2090E-11
CALSDV   48   27  0.2129E-11  0.2135E-11
CALSDV   49   27  0.2111E-11  0.2104E-11
CALSDV   50   27  0.2299E-11  0.2308E-11
CALSDV   51   27  0.2134E-11  0.2126E-11
CALSDV   52   27  0.2498E-11  0.2506E-11
CALSDV   53   27  0.2188E-11  0.2180E-11
CALSDV   54   27  0.2733E-11  0.2741E-11
CALSDV   55   27  0.2270E-11  0.2261E-11
CALSDV   56   27  0.2975E-11  0.2982E-11
CALSDV   57   27  0.2387E-11  0.2377E-11
CALSDV   58   27  0.3219E-11  0.3225E-11
CALSDV   59   27  0.2549E-11  0.2536E-11
CALSDV   60   27  0.3473E-11  0.3476E-11
CALSDV   61   27  0.2738E-11  0.2725E-11
CALSDV   62   27  0.3749E-11  0.3749E-11
CALSDV   63   27  0.3003E-11  0.2989E-11
CALSDV   64   27  0.4028E-11  0.4028E-11
CALSDV   65   27  0.3301E-11  0.3285E-11
CALSDV   66   27  0.4324E-11  0.4324E-11
CALSDV   67   27  0.3644E-11  0.3629E-11
CALSDV   68   27  0.4651E-11  0.4651E-11
CALSDV   69   27  0.4044E-11  0.4027E-11
CALSDV   70   27  0.5018E-11  0.5014E-11
CALSDV   71   27  0.4490E-11  0.4477E-11
CALSDV   72   27  0.5413E-11  0.5413E-11
CALSDV   73   27  0.4980E-11  0.4963E-11
CALSDV   74   27  0.5856E-11  0.5850E-11
CALSDV   75   27  0.5535E-11  0.5518E-11
CALSDV   76   27  0.6347E-11  0.6343E-11
CALSDV   77   27  0.6176E-11  0.6162E-11
CALSDV   78   27  0.6955E-11  0.6948E-11
CALSDV   79   27  0.6911E-11  0.6896E-11
CALSDV   80   27  0.7624E-11  0.7621E-11
CALSDV   81   27  0.7742E-11  0.7727E-11
CALSDV   82   27  0.8428E-11  0.8420E-11
CALSDV   83   27  0.8731E-11  0.8719E-11
CALSDV   84   27  0.9389E-11  0.9381E-11
CALSDV   85   27  0.9959E-11  0.9942E-11
CALSDV   86   27  0.1060E-10  0.1059E-10
CALSDV   87   27  0.1163E-10  0.1163E-10
CALSDV   88   27  0.1237E-10  0.1237E-10
CALSDV   89   27  0.1423E-10  0.1421E-10
CALSDV   90   27  0.1506E-10  0.1505E-10
CALSDV   28   28  0.5673E-11  0.5583E-11
CALSDV   29   28  0.3588E-11  0.3603E-11
CALSDV   30   28  0.3659E-11  0.3672E-11
CALSDV   31   28  0.1849E-11  0.1868E-11
CALSDV   32   28  0.2930E-11  0.2944E-11
CALSDV   33   28  0.2008E-11  0.2023E-11
CALSDV   34   28  0.2253E-11  0.2260E-11
CALSDV   35   28  0.2288E-11  0.2298E-11
CALSDV   36   28  0.1970E-11  0.1966E-11
CALSDV   37   28  0.2350E-11  0.2361E-11
CALSDV   38   28  0.1983E-11  0.1972E-11
CALSDV   39   28  0.2312E-11  0.2321E-11
CALSDV   40   28  0.2072E-11  0.2060E-11
CALSDV   41   28  0.2187E-11  0.2195E-11
CALSDV   42   28  0.2145E-11  0.2134E-11
CALSDV   43   28  0.2073E-11  0.2080E-11
CALSDV   44   28  0.2176E-11  0.2166E-11
CALSDV   45   28  0.2001E-11  0.2006E-11
CALSDV   46   28  0.2153E-11  0.2145E-11
CALSDV   47   28  0.1987E-11  0.1991E-11
CALSDV   48   28  0.2176E-11  0.2169E-11
CALSDV   49   28  0.2030E-11  0.2033E-11
CALSDV   50   28  0.2187E-11  0.2180E-11
CALSDV   51   28  0.2124E-11  0.2126E-11
CALSDV   52   28  0.2219E-11  0.2213E-11
CALSDV   53   28  0.2265E-11  0.2268E-11
CALSDV   54   28  0.2303E-11  0.2296E-11
CALSDV   55   28  0.2434E-11  0.2437E-11
CALSDV   56   28  0.2424E-11  0.2418E-11
CALSDV   57   28  0.2626E-11  0.2629E-11
CALSDV   58   28  0.2581E-11  0.2574E-11
CALSDV   59   28  0.2843E-11  0.2845E-11
CALSDV   60   28  0.2784E-11  0.2779E-11
CALSDV   61   28  0.3070E-11  0.3073E-11
CALSDV   62   28  0.3036E-11  0.3032E-11
CALSDV   63   28  0.3360E-11  0.3363E-11
CALSDV   64   28  0.3326E-11  0.3323E-11
CALSDV   65   28  0.3667E-11  0.3671E-11
CALSDV   66   28  0.3650E-11  0.3650E-11
CALSDV   67   28  0.4011E-11  0.4014E-11
CALSDV   68   28  0.4021E-11  0.4021E-11
CALSDV   69   28  0.4401E-11  0.4404E-11
CALSDV   70   28  0.4443E-11  0.4443E-11
CALSDV   71   28  0.4835E-11  0.4838E-11
CALSDV   72   28  0.4904E-11  0.4907E-11
CALSDV   73   28  0.5304E-11  0.5308E-11
CALSDV   74   28  0.5414E-11  0.5418E-11
CALSDV   75   28  0.5836E-11  0.5839E-11
CALSDV   76   28  0.5977E-11  0.5984E-11
CALSDV   77   28  0.6453E-11  0.6460E-11
CALSDV   78   28  0.6654E-11  0.6661E-11
CALSDV   79   28  0.7162E-11  0.7169E-11
CALSDV   80   28  0.7396E-11  0.7404E-11
CALSDV   81   28  0.7967E-11  0.7974E-11
CALSDV   82   28  0.8253E-11  0.8261E-11
CALSDV   83   28  0.8932E-11  0.8940E-11
CALSDV   84   28  0.9270E-11  0.9281E-11
CALSDV   85   28  0.1013E-10  0.1014E-10
CALSDV   86   28  0.1053E-10  0.1054E-10
CALSDV   87   28  0.1178E-10  0.1179E-10
CALSDV   88   28  0.1233E-10  0.1234E-10
CALSDV   89   28  0.1437E-10  0.1439E-10
CALSDV   90   28  0.1503E-10  0.1504E-10
CALSDV   29   29  0.2511E-11  0.2546E-11
CALSDV   30   29  0.4223E-11  0.4262E-11
CALSDV   31   29  0.2827E-11  0.2831E-11
CALSDV   32   29  0.2567E-11  0.2591E-11
CALSDV   33   29  0.2548E-11  0.2560E-11
CALSDV   34   29  0.2706E-11  0.2706E-11
CALSDV   35   29  0.1961E-11  0.1974E-11
CALSDV   36   29  0.2875E-11  0.2874E-11
CALSDV   37   29  0.1702E-11  0.1708E-11
CALSDV   38   29  0.2785E-11  0.2784E-11
CALSDV   39   29  0.1810E-11  0.1811E-11
CALSDV   40   29  0.2549E-11  0.2547E-11
CALSDV   41   29  0.2015E-11  0.2017E-11
CALSDV   42   29  0.2311E-11  0.2309E-11
CALSDV   43   29  0.2213E-11  0.2219E-11
CALSDV   44   29  0.2148E-11  0.2147E-11
CALSDV   45   29  0.2359E-11  0.2370E-11
CALSDV   46   29  0.2076E-11  0.2075E-11
CALSDV   47   29  0.2458E-11  0.2473E-11
CALSDV   48   29  0.2174E-11  0.2174E-11
CALSDV   49   29  0.2523E-11  0.2542E-11
CALSDV   50   29  0.2342E-11  0.2343E-11
CALSDV   51   29  0.2581E-11  0.2602E-11
CALSDV   52   29  0.2564E-11  0.2566E-11
CALSDV   53   29  0.2660E-11  0.2683E-11
CALSDV   54   29  0.2841E-11  0.2844E-11
CALSDV   55   29  0.2756E-11  0.2780E-11
CALSDV   56   29  0.3131E-11  0.3137E-11
CALSDV   57   29  0.2885E-11  0.2911E-11
CALSDV   58   29  0.3421E-11  0.3427E-11
CALSDV   59   29  0.3053E-11  0.3078E-11
CALSDV   60   29  0.3725E-11  0.3731E-11
CALSDV   61   29  0.3243E-11  0.3271E-11
CALSDV   62   29  0.4041E-11  0.4047E-11
CALSDV   63   29  0.3517E-11  0.3545E-11
CALSDV   64   29  0.4358E-11  0.4364E-11
CALSDV   65   29  0.3821E-11  0.3849E-11
CALSDV   66   29  0.4686E-11  0.4693E-11
CALSDV   67   29  0.4170E-11  0.4195E-11
CALSDV   68   29  0.5038E-11  0.5044E-11
CALSDV   69   29  0.4576E-11  0.4596E-11
CALSDV   70   29  0.5427E-11  0.5434E-11
CALSDV   71   29  0.5024E-11  0.5047E-11
CALSDV   72   29  0.5838E-11  0.5845E-11
CALSDV   73   29  0.5514E-11  0.5534E-11
CALSDV   74   29  0.6288E-11  0.6295E-11
CALSDV   75   29  0.6064E-11  0.6081E-11
CALSDV   76   29  0.6786E-11  0.6793E-11
CALSDV   77   29  0.6697E-11  0.6711E-11
CALSDV   78   29  0.7394E-11  0.7401E-11
CALSDV   79   29  0.7413E-11  0.7428E-11
CALSDV   80   29  0.8055E-11  0.8062E-11
CALSDV   81   29  0.8240E-11  0.8251E-11
CALSDV   82   29  0.8859E-11  0.8862E-11
CALSDV   83   29  0.9191E-11  0.9203E-11
CALSDV   84   29  0.9791E-11  0.9794E-11
CALSDV   85   29  0.1037E-10  0.1038E-10
CALSDV   86   29  0.1097E-10  0.1097E-10
CALSDV   87   29  0.1201E-10  0.1202E-10
CALSDV   88   29  0.1271E-10  0.1271E-10
CALSDV   89   29  0.1462E-10  0.1463E-10
CALSDV   90   29  0.1541E-10  0.1541E-10
CALSDV   30   30  0.6322E-11  0.6422E-11
CALSDV   31   30  0.3736E-11  0.3705E-11
CALSDV   32   30  0.4110E-11  0.4155E-11
CALSDV   33   30  0.1977E-11  0.1970E-11
CALSDV   34   30  0.3191E-11  0.3213E-11
CALSDV   35   30  0.2110E-11  0.2111E-11
CALSDV   36   30  0.2403E-11  0.2407E-11
CALSDV   37   30  0.2429E-11  0.2428E-11
CALSDV   38   30  0.2090E-11  0.2082E-11
CALSDV   39   30  0.2556E-11  0.2552E-11
CALSDV   40   30  0.2125E-11  0.2115E-11
CALSDV   41   30  0.2493E-11  0.2485E-11
CALSDV   42   30  0.2259E-11  0.2246E-11
CALSDV   43   30  0.2376E-11  0.2366E-11
CALSDV   44   30  0.2357E-11  0.2344E-11
CALSDV   45   30  0.2269E-11  0.2258E-11
CALSDV   46   30  0.2367E-11  0.2354E-11
CALSDV   47   30  0.2206E-11  0.2196E-11
CALSDV   48   30  0.2398E-11  0.2385E-11
CALSDV   49   30  0.2208E-11  0.2195E-11
CALSDV   50   30  0.2390E-11  0.2377E-11
CALSDV   51   30  0.2272E-11  0.2258E-11
CALSDV   52   30  0.2387E-11  0.2374E-11
CALSDV   53   30  0.2396E-11  0.2380E-11
CALSDV   54   30  0.2432E-11  0.2418E-11
CALSDV   55   30  0.2555E-11  0.2537E-11
CALSDV   56   30  0.2516E-11  0.2502E-11
CALSDV   57   30  0.2748E-11  0.2728E-11
CALSDV   58   30  0.2652E-11  0.2635E-11
CALSDV   59   30  0.2971E-11  0.2950E-11
CALSDV   60   30  0.2846E-11  0.2829E-11
CALSDV   61   30  0.3207E-11  0.3186E-11
CALSDV   62   30  0.3103E-11  0.3084E-11
CALSDV   63   30  0.3511E-11  0.3487E-11
CALSDV   64   30  0.3408E-11  0.3389E-11
CALSDV   65   30  0.3837E-11  0.3808E-11
CALSDV   66   30  0.3759E-11  0.3739E-11
CALSDV   67   30  0.4198E-11  0.4170E-11
CALSDV   68   30  0.4160E-11  0.4141E-11
CALSDV   69   30  0.4609E-11  0.4580E-11
CALSDV   70   30  0.4622E-11  0.4598E-11
CALSDV   71   30  0.5067E-11  0.5037E-11
CALSDV   72   30  0.5118E-11  0.5098E-11
CALSDV   73   30  0.5558E-11  0.5527E-11
CALSDV   74   30  0.5666E-11  0.5642E-11
CALSDV   75   30  0.6112E-11  0.6077E-11
CALSDV   76   30  0.6261E-11  0.6240E-11
CALSDV   77   30  0.6750E-11  0.6715E-11
CALSDV   78   30  0.6969E-11  0.6941E-11
CALSDV   79   30  0.7471E-11  0.7438E-11
CALSDV   80   30  0.7726E-11  0.7700E-11
CALSDV   81   30  0.8296E-11  0.8259E-11
CALSDV   82   30  0.8617E-11  0.8588E-11
CALSDV   83   30  0.9261E-11  0.9222E-11
CALSDV   84   30  0.9634E-11  0.9595E-11
CALSDV   85   30  0.1045E-10  0.1041E-10
CALSDV   86   30  0.1088E-10  0.1083E-10
CALSDV   87   30  0.1209E-10  0.1204E-10
CALSDV   88   30  0.1267E-10  0.1262E-10
CALSDV   89   30  0.1470E-10  0.1464E-10
CALSDV   90   30  0.1539E-10  0.1532E-10
