      This file contains calibrated standard deviations for the GRACE
      Level-2 product "GSM-2_2015032-2015059_0028_EIGEN_GOL-_005a".

      Calibration is based on subset solution intercomparisons (preliminary
      result).

      The relevant data lines start with key CALSDV
      Each such line contains the following data
          N    M  C_SIGMA     S_SIGMA
                  FOR M=0 S_SIGMA=0.0

CALSDV    2    0  0.4066E-10  0.0000E+00
CALSDV    3    0  0.3436E-11  0.0000E+00
CALSDV    4    0  0.2187E-11  0.0000E+00
CALSDV    5    0  0.8781E-12  0.0000E+00
CALSDV    6    0  0.1012E-11  0.0000E+00
CALSDV    7    0  0.5664E-12  0.0000E+00
CALSDV    8    0  0.6104E-12  0.0000E+00
CALSDV    9    0  0.5245E-12  0.0000E+00
CALSDV   10    0  0.4201E-12  0.0000E+00
CALSDV   11    0  0.4975E-12  0.0000E+00
CALSDV   12    0  0.3493E-12  0.0000E+00
CALSDV   13    0  0.4622E-12  0.0000E+00
CALSDV   14    0  0.3105E-12  0.0000E+00
CALSDV   15    0  0.4287E-12  0.0000E+00
CALSDV   16    0  0.2986E-12  0.0000E+00
CALSDV   17    0  0.4066E-12  0.0000E+00
CALSDV   18    0  0.3142E-12  0.0000E+00
CALSDV   19    0  0.3943E-12  0.0000E+00
CALSDV   20    0  0.3103E-12  0.0000E+00
CALSDV   21    0  0.3860E-12  0.0000E+00
CALSDV   22    0  0.3157E-12  0.0000E+00
CALSDV   23    0  0.3783E-12  0.0000E+00
CALSDV   24    0  0.3482E-12  0.0000E+00
CALSDV   25    0  0.3683E-12  0.0000E+00
CALSDV   26    0  0.3732E-12  0.0000E+00
CALSDV   27    0  0.3678E-12  0.0000E+00
CALSDV   28    0  0.4001E-12  0.0000E+00
CALSDV   29    0  0.3770E-12  0.0000E+00
CALSDV   30    0  0.4265E-12  0.0000E+00
CALSDV   31    0  0.3893E-12  0.0000E+00
CALSDV   32    0  0.4534E-12  0.0000E+00
CALSDV   33    0  0.4203E-12  0.0000E+00
CALSDV   34    0  0.4781E-12  0.0000E+00
CALSDV   35    0  0.4488E-12  0.0000E+00
CALSDV   36    0  0.5068E-12  0.0000E+00
CALSDV   37    0  0.4842E-12  0.0000E+00
CALSDV   38    0  0.5398E-12  0.0000E+00
CALSDV   39    0  0.5356E-12  0.0000E+00
CALSDV   40    0  0.5754E-12  0.0000E+00
CALSDV   41    0  0.5868E-12  0.0000E+00
CALSDV   42    0  0.6185E-12  0.0000E+00
CALSDV   43    0  0.6460E-12  0.0000E+00
CALSDV   44    0  0.6686E-12  0.0000E+00
CALSDV   45    0  0.7116E-12  0.0000E+00
CALSDV   46    0  0.7183E-12  0.0000E+00
CALSDV   47    0  0.7827E-12  0.0000E+00
CALSDV   48    0  0.7966E-12  0.0000E+00
CALSDV   49    0  0.8590E-12  0.0000E+00
CALSDV   50    0  0.8796E-12  0.0000E+00
CALSDV   51    0  0.9440E-12  0.0000E+00
CALSDV   52    0  0.9738E-12  0.0000E+00
CALSDV   53    0  0.1042E-11  0.0000E+00
CALSDV   54    0  0.1090E-11  0.0000E+00
CALSDV   55    0  0.1152E-11  0.0000E+00
CALSDV   56    0  0.1221E-11  0.0000E+00
CALSDV   57    0  0.1277E-11  0.0000E+00
CALSDV   58    0  0.1366E-11  0.0000E+00
CALSDV   59    0  0.1422E-11  0.0000E+00
CALSDV   60    0  0.1533E-11  0.0000E+00
CALSDV   61    0  0.1583E-11  0.0000E+00
CALSDV   62    0  0.1727E-11  0.0000E+00
CALSDV   63    0  0.1791E-11  0.0000E+00
CALSDV   64    0  0.1945E-11  0.0000E+00
CALSDV   65    0  0.2026E-11  0.0000E+00
CALSDV   66    0  0.2195E-11  0.0000E+00
CALSDV   67    0  0.2301E-11  0.0000E+00
CALSDV   68    0  0.2485E-11  0.0000E+00
CALSDV   69    0  0.2628E-11  0.0000E+00
CALSDV   70    0  0.2827E-11  0.0000E+00
CALSDV   71    0  0.3008E-11  0.0000E+00
CALSDV   72    0  0.3219E-11  0.0000E+00
CALSDV   73    0  0.3445E-11  0.0000E+00
CALSDV   74    0  0.3673E-11  0.0000E+00
CALSDV   75    0  0.3954E-11  0.0000E+00
CALSDV   76    0  0.4198E-11  0.0000E+00
CALSDV   77    0  0.4569E-11  0.0000E+00
CALSDV   78    0  0.4849E-11  0.0000E+00
CALSDV   79    0  0.5295E-11  0.0000E+00
CALSDV   80    0  0.5587E-11  0.0000E+00
CALSDV   81    0  0.6152E-11  0.0000E+00
CALSDV   82    0  0.6482E-11  0.0000E+00
CALSDV   83    0  0.7188E-11  0.0000E+00
CALSDV   84    0  0.7574E-11  0.0000E+00
CALSDV   85    0  0.8487E-11  0.0000E+00
CALSDV   86    0  0.8926E-11  0.0000E+00
CALSDV   87    0  0.1015E-10  0.0000E+00
CALSDV   88    0  0.1072E-10  0.0000E+00
CALSDV   89    0  0.1130E-10  0.0000E+00
CALSDV   90    0  0.1202E-10  0.0000E+00
CALSDV    2    1  0.1800E-10  0.1761E-10
CALSDV    3    1  0.4690E-11  0.4676E-11
CALSDV    4    1  0.3459E-11  0.3404E-11
CALSDV    5    1  0.1105E-11  0.1090E-11
CALSDV    6    1  0.1116E-11  0.1120E-11
CALSDV    7    1  0.6495E-12  0.6519E-12
CALSDV    8    1  0.7448E-12  0.7448E-12
CALSDV    9    1  0.7314E-12  0.7353E-12
CALSDV   10    1  0.6250E-12  0.6287E-12
CALSDV   11    1  0.7044E-12  0.7093E-12
CALSDV   12    1  0.5066E-12  0.5099E-12
CALSDV   13    1  0.6751E-12  0.6790E-12
CALSDV   14    1  0.4467E-12  0.4491E-12
CALSDV   15    1  0.6215E-12  0.6244E-12
CALSDV   16    1  0.4417E-12  0.4443E-12
CALSDV   17    1  0.5944E-12  0.5980E-12
CALSDV   18    1  0.4656E-12  0.4686E-12
CALSDV   19    1  0.5808E-12  0.5846E-12
CALSDV   20    1  0.4574E-12  0.4603E-12
CALSDV   21    1  0.5677E-12  0.5714E-12
CALSDV   22    1  0.4643E-12  0.4672E-12
CALSDV   23    1  0.5551E-12  0.5589E-12
CALSDV   24    1  0.5128E-12  0.5162E-12
CALSDV   25    1  0.5426E-12  0.5458E-12
CALSDV   26    1  0.5523E-12  0.5557E-12
CALSDV   27    1  0.5449E-12  0.5486E-12
CALSDV   28    1  0.5942E-12  0.5981E-12
CALSDV   29    1  0.5596E-12  0.5631E-12
CALSDV   30    1  0.6335E-12  0.6377E-12
CALSDV   31    1  0.5768E-12  0.5805E-12
CALSDV   32    1  0.6721E-12  0.6765E-12
CALSDV   33    1  0.6217E-12  0.6260E-12
CALSDV   34    1  0.7091E-12  0.7138E-12
CALSDV   35    1  0.6659E-12  0.6702E-12
CALSDV   36    1  0.7535E-12  0.7585E-12
CALSDV   37    1  0.7209E-12  0.7257E-12
CALSDV   38    1  0.8044E-12  0.8097E-12
CALSDV   39    1  0.7967E-12  0.8020E-12
CALSDV   40    1  0.8559E-12  0.8619E-12
CALSDV   41    1  0.8698E-12  0.8757E-12
CALSDV   42    1  0.9172E-12  0.9235E-12
CALSDV   43    1  0.9561E-12  0.9627E-12
CALSDV   44    1  0.9915E-12  0.9980E-12
CALSDV   45    1  0.1056E-11  0.1063E-11
CALSDV   46    1  0.1068E-11  0.1076E-11
CALSDV   47    1  0.1163E-11  0.1171E-11
CALSDV   48    1  0.1184E-11  0.1192E-11
CALSDV   49    1  0.1269E-11  0.1278E-11
CALSDV   50    1  0.1300E-11  0.1308E-11
CALSDV   51    1  0.1388E-11  0.1397E-11
CALSDV   52    1  0.1434E-11  0.1444E-11
CALSDV   53    1  0.1536E-11  0.1546E-11
CALSDV   54    1  0.1611E-11  0.1621E-11
CALSDV   55    1  0.1699E-11  0.1710E-11
CALSDV   56    1  0.1802E-11  0.1814E-11
CALSDV   57    1  0.1862E-11  0.1875E-11
CALSDV   58    1  0.1993E-11  0.2005E-11
CALSDV   59    1  0.2058E-11  0.2071E-11
CALSDV   60    1  0.2224E-11  0.2238E-11
CALSDV   61    1  0.2303E-11  0.2317E-11
CALSDV   62    1  0.2517E-11  0.2533E-11
CALSDV   63    1  0.2577E-11  0.2593E-11
CALSDV   64    1  0.2798E-11  0.2816E-11
CALSDV   65    1  0.2851E-11  0.2868E-11
CALSDV   66    1  0.3095E-11  0.3114E-11
CALSDV   67    1  0.3250E-11  0.3269E-11
CALSDV   68    1  0.3523E-11  0.3543E-11
CALSDV   69    1  0.3654E-11  0.3673E-11
CALSDV   70    1  0.3928E-11  0.3951E-11
CALSDV   71    1  0.4026E-11  0.4042E-11
CALSDV   72    1  0.4321E-11  0.4344E-11
CALSDV   73    1  0.4635E-11  0.4659E-11
CALSDV   74    1  0.4962E-11  0.4986E-11
CALSDV   75    1  0.5048E-11  0.5069E-11
CALSDV   76    1  0.5362E-11  0.5386E-11
CALSDV   77    1  0.5705E-11  0.5727E-11
CALSDV   78    1  0.6088E-11  0.6113E-11
CALSDV   79    1  0.6321E-11  0.6343E-11
CALSDV   80    1  0.6683E-11  0.6705E-11
CALSDV   81    1  0.6987E-11  0.7005E-11
CALSDV   82    1  0.7422E-11  0.7440E-11
CALSDV   83    1  0.7455E-11  0.7459E-11
CALSDV   84    1  0.7858E-11  0.7865E-11
CALSDV   85    1  0.8809E-11  0.8814E-11
CALSDV   86    1  0.9273E-11  0.9281E-11
CALSDV   87    1  0.1025E-10  0.1025E-10
CALSDV   88    1  0.1082E-10  0.1083E-10
CALSDV   89    1  0.1123E-10  0.1124E-10
CALSDV   90    1  0.1195E-10  0.1196E-10
CALSDV    2    2  0.4708E-10  0.4430E-10
CALSDV    3    2  0.6817E-11  0.6931E-11
CALSDV    4    2  0.4263E-11  0.4291E-11
CALSDV    5    2  0.1284E-11  0.1281E-11
CALSDV    6    2  0.1403E-11  0.1401E-11
CALSDV    7    2  0.7461E-12  0.7469E-12
CALSDV    8    2  0.8245E-12  0.8203E-12
CALSDV    9    2  0.7762E-12  0.7753E-12
CALSDV   10    2  0.6686E-12  0.6660E-12
CALSDV   11    2  0.7344E-12  0.7326E-12
CALSDV   12    2  0.5448E-12  0.5432E-12
CALSDV   13    2  0.7263E-12  0.7246E-12
CALSDV   14    2  0.4727E-12  0.4715E-12
CALSDV   15    2  0.6551E-12  0.6535E-12
CALSDV   16    2  0.4548E-12  0.4539E-12
CALSDV   17    2  0.6095E-12  0.6083E-12
CALSDV   18    2  0.4747E-12  0.4738E-12
CALSDV   19    2  0.5925E-12  0.5914E-12
CALSDV   20    2  0.4680E-12  0.4668E-12
CALSDV   21    2  0.5826E-12  0.5815E-12
CALSDV   22    2  0.4765E-12  0.4754E-12
CALSDV   23    2  0.5716E-12  0.5702E-12
CALSDV   24    2  0.5255E-12  0.5242E-12
CALSDV   25    2  0.5545E-12  0.5532E-12
CALSDV   26    2  0.5614E-12  0.5602E-12
CALSDV   27    2  0.5516E-12  0.5504E-12
CALSDV   28    2  0.6003E-12  0.5990E-12
CALSDV   29    2  0.5649E-12  0.5637E-12
CALSDV   30    2  0.6403E-12  0.6390E-12
CALSDV   31    2  0.5851E-12  0.5840E-12
CALSDV   32    2  0.6823E-12  0.6807E-12
CALSDV   33    2  0.6332E-12  0.6318E-12
CALSDV   34    2  0.7207E-12  0.7192E-12
CALSDV   35    2  0.6756E-12  0.6742E-12
CALSDV   36    2  0.7629E-12  0.7613E-12
CALSDV   37    2  0.7269E-12  0.7254E-12
CALSDV   38    2  0.8103E-12  0.8084E-12
CALSDV   39    2  0.8025E-12  0.8008E-12
CALSDV   40    2  0.8631E-12  0.8613E-12
CALSDV   41    2  0.8810E-12  0.8789E-12
CALSDV   42    2  0.9298E-12  0.9277E-12
CALSDV   43    2  0.9713E-12  0.9692E-12
CALSDV   44    2  0.1006E-11  0.1004E-11
CALSDV   45    2  0.1068E-11  0.1065E-11
CALSDV   46    2  0.1078E-11  0.1075E-11
CALSDV   47    2  0.1169E-11  0.1167E-11
CALSDV   48    2  0.1190E-11  0.1188E-11
CALSDV   49    2  0.1281E-11  0.1278E-11
CALSDV   50    2  0.1314E-11  0.1311E-11
CALSDV   51    2  0.1411E-11  0.1408E-11
CALSDV   52    2  0.1459E-11  0.1455E-11
CALSDV   53    2  0.1557E-11  0.1554E-11
CALSDV   54    2  0.1629E-11  0.1625E-11
CALSDV   55    2  0.1706E-11  0.1703E-11
CALSDV   56    2  0.1809E-11  0.1805E-11
CALSDV   57    2  0.1882E-11  0.1878E-11
CALSDV   58    2  0.2017E-11  0.2013E-11
CALSDV   59    2  0.2104E-11  0.2099E-11
CALSDV   60    2  0.2272E-11  0.2267E-11
CALSDV   61    2  0.2329E-11  0.2324E-11
CALSDV   62    2  0.2540E-11  0.2534E-11
CALSDV   63    2  0.2587E-11  0.2582E-11
CALSDV   64    2  0.2814E-11  0.2808E-11
CALSDV   65    2  0.2920E-11  0.2914E-11
CALSDV   66    2  0.3174E-11  0.3167E-11
CALSDV   67    2  0.3313E-11  0.3307E-11
CALSDV   68    2  0.3582E-11  0.3575E-11
CALSDV   69    2  0.3664E-11  0.3657E-11
CALSDV   70    2  0.3945E-11  0.3938E-11
CALSDV   71    2  0.4149E-11  0.4142E-11
CALSDV   72    2  0.4462E-11  0.4452E-11
CALSDV   73    2  0.4719E-11  0.4709E-11
CALSDV   74    2  0.5037E-11  0.5023E-11
CALSDV   75    2  0.5104E-11  0.5093E-11
CALSDV   76    2  0.5435E-11  0.5421E-11
CALSDV   77    2  0.5921E-11  0.5907E-11
CALSDV   78    2  0.6304E-11  0.6293E-11
CALSDV   79    2  0.6343E-11  0.6328E-11
CALSDV   80    2  0.6709E-11  0.6694E-11
CALSDV   81    2  0.7267E-11  0.7256E-11
CALSDV   82    2  0.7700E-11  0.7685E-11
CALSDV   83    2  0.7517E-11  0.7509E-11
CALSDV   84    2  0.7934E-11  0.7927E-11
CALSDV   85    2  0.8870E-11  0.8858E-11
CALSDV   86    2  0.9336E-11  0.9325E-11
CALSDV   87    2  0.1031E-10  0.1030E-10
CALSDV   88    2  0.1089E-10  0.1088E-10
CALSDV   89    2  0.1125E-10  0.1123E-10
CALSDV   90    2  0.1197E-10  0.1195E-10
CALSDV    3    3  0.1181E-10  0.1159E-10
CALSDV    4    3  0.7542E-11  0.7582E-11
CALSDV    5    3  0.2926E-11  0.2902E-11
CALSDV    6    3  0.2376E-11  0.2407E-11
CALSDV    7    3  0.1408E-11  0.1409E-11
CALSDV    8    3  0.1151E-11  0.1155E-11
CALSDV    9    3  0.1118E-11  0.1117E-11
CALSDV   10    3  0.8249E-12  0.8271E-12
CALSDV   11    3  0.9852E-12  0.9865E-12
CALSDV   12    3  0.6342E-12  0.6355E-12
CALSDV   13    3  0.8866E-12  0.8888E-12
CALSDV   14    3  0.5449E-12  0.5467E-12
CALSDV   15    3  0.7669E-12  0.7694E-12
CALSDV   16    3  0.5127E-12  0.5145E-12
CALSDV   17    3  0.6909E-12  0.6929E-12
CALSDV   18    3  0.5179E-12  0.5195E-12
CALSDV   19    3  0.6467E-12  0.6486E-12
CALSDV   20    3  0.4946E-12  0.4958E-12
CALSDV   21    3  0.6159E-12  0.6174E-12
CALSDV   22    3  0.4932E-12  0.4943E-12
CALSDV   23    3  0.5928E-12  0.5942E-12
CALSDV   24    3  0.5391E-12  0.5403E-12
CALSDV   25    3  0.5720E-12  0.5733E-12
CALSDV   26    3  0.5760E-12  0.5775E-12
CALSDV   27    3  0.5692E-12  0.5707E-12
CALSDV   28    3  0.6170E-12  0.6186E-12
CALSDV   29    3  0.5819E-12  0.5831E-12
CALSDV   30    3  0.6564E-12  0.6580E-12
CALSDV   31    3  0.5985E-12  0.6002E-12
CALSDV   32    3  0.6948E-12  0.6965E-12
CALSDV   33    3  0.6430E-12  0.6447E-12
CALSDV   34    3  0.7299E-12  0.7315E-12
CALSDV   35    3  0.6845E-12  0.6862E-12
CALSDV   36    3  0.7716E-12  0.7734E-12
CALSDV   37    3  0.7372E-12  0.7392E-12
CALSDV   38    3  0.8210E-12  0.8232E-12
CALSDV   39    3  0.8145E-12  0.8166E-12
CALSDV   40    3  0.8743E-12  0.8764E-12
CALSDV   41    3  0.8904E-12  0.8928E-12
CALSDV   42    3  0.9369E-12  0.9393E-12
CALSDV   43    3  0.9761E-12  0.9785E-12
CALSDV   44    3  0.1009E-11  0.1012E-11
CALSDV   45    3  0.1072E-11  0.1074E-11
CALSDV   46    3  0.1082E-11  0.1085E-11
CALSDV   47    3  0.1178E-11  0.1182E-11
CALSDV   48    3  0.1201E-11  0.1204E-11
CALSDV   49    3  0.1295E-11  0.1299E-11
CALSDV   50    3  0.1327E-11  0.1330E-11
CALSDV   51    3  0.1420E-11  0.1423E-11
CALSDV   52    3  0.1464E-11  0.1468E-11
CALSDV   53    3  0.1558E-11  0.1562E-11
CALSDV   54    3  0.1629E-11  0.1634E-11
CALSDV   55    3  0.1716E-11  0.1721E-11
CALSDV   56    3  0.1822E-11  0.1826E-11
CALSDV   57    3  0.1907E-11  0.1912E-11
CALSDV   58    3  0.2042E-11  0.2047E-11
CALSDV   59    3  0.2116E-11  0.2122E-11
CALSDV   60    3  0.2280E-11  0.2287E-11
CALSDV   61    3  0.2325E-11  0.2331E-11
CALSDV   62    3  0.2537E-11  0.2543E-11
CALSDV   63    3  0.2617E-11  0.2623E-11
CALSDV   64    3  0.2850E-11  0.2858E-11
CALSDV   65    3  0.2970E-11  0.2977E-11
CALSDV   66    3  0.3223E-11  0.3229E-11
CALSDV   67    3  0.3313E-11  0.3320E-11
CALSDV   68    3  0.3575E-11  0.3585E-11
CALSDV   69    3  0.3699E-11  0.3709E-11
CALSDV   70    3  0.3994E-11  0.4004E-11
CALSDV   71    3  0.4258E-11  0.4268E-11
CALSDV   72    3  0.4569E-11  0.4579E-11
CALSDV   73    3  0.4713E-11  0.4723E-11
CALSDV   74    3  0.5027E-11  0.5037E-11
CALSDV   75    3  0.5218E-11  0.5231E-11
CALSDV   76    3  0.5566E-11  0.5583E-11
CALSDV   77    3  0.6028E-11  0.6042E-11
CALSDV   78    3  0.6406E-11  0.6424E-11
CALSDV   79    3  0.6398E-11  0.6416E-11
CALSDV   80    3  0.6781E-11  0.6796E-11
CALSDV   81    3  0.7466E-11  0.7488E-11
CALSDV   82    3  0.7904E-11  0.7927E-11
CALSDV   83    3  0.7637E-11  0.7652E-11
CALSDV   84    3  0.8068E-11  0.8087E-11
CALSDV   85    3  0.8906E-11  0.8926E-11
CALSDV   86    3  0.9368E-11  0.9388E-11
CALSDV   87    3  0.1039E-10  0.1041E-10
CALSDV   88    3  0.1097E-10  0.1100E-10
CALSDV   89    3  0.1138E-10  0.1140E-10
CALSDV   90    3  0.1211E-10  0.1213E-10
CALSDV    4    4  0.1946E-10  0.1859E-10
CALSDV    5    4  0.5049E-11  0.5072E-11
CALSDV    6    4  0.4514E-11  0.4366E-11
CALSDV    7    4  0.1652E-11  0.1667E-11
CALSDV    8    4  0.1791E-11  0.1730E-11
CALSDV    9    4  0.1165E-11  0.1178E-11
CALSDV   10    4  0.1005E-11  0.9922E-12
CALSDV   11    4  0.1013E-11  0.1021E-11
CALSDV   12    4  0.7209E-12  0.7148E-12
CALSDV   13    4  0.8840E-12  0.8884E-12
CALSDV   14    4  0.6139E-12  0.6088E-12
CALSDV   15    4  0.7548E-12  0.7586E-12
CALSDV   16    4  0.5645E-12  0.5622E-12
CALSDV   17    4  0.6973E-12  0.7008E-12
CALSDV   18    4  0.5624E-12  0.5609E-12
CALSDV   19    4  0.6695E-12  0.6721E-12
CALSDV   20    4  0.5339E-12  0.5333E-12
CALSDV   21    4  0.6449E-12  0.6470E-12
CALSDV   22    4  0.5276E-12  0.5276E-12
CALSDV   23    4  0.6203E-12  0.6220E-12
CALSDV   24    4  0.5687E-12  0.5693E-12
CALSDV   25    4  0.5928E-12  0.5944E-12
CALSDV   26    4  0.5984E-12  0.5996E-12
CALSDV   27    4  0.5837E-12  0.5853E-12
CALSDV   28    4  0.6337E-12  0.6353E-12
CALSDV   29    4  0.5928E-12  0.5945E-12
CALSDV   30    4  0.6703E-12  0.6722E-12
CALSDV   31    4  0.6090E-12  0.6108E-12
CALSDV   32    4  0.7090E-12  0.7109E-12
CALSDV   33    4  0.6551E-12  0.6571E-12
CALSDV   34    4  0.7451E-12  0.7470E-12
CALSDV   35    4  0.6971E-12  0.6991E-12
CALSDV   36    4  0.7865E-12  0.7887E-12
CALSDV   37    4  0.7483E-12  0.7506E-12
CALSDV   38    4  0.8336E-12  0.8357E-12
CALSDV   39    4  0.8236E-12  0.8262E-12
CALSDV   40    4  0.8845E-12  0.8870E-12
CALSDV   41    4  0.8999E-12  0.9022E-12
CALSDV   42    4  0.9485E-12  0.9509E-12
CALSDV   43    4  0.9892E-12  0.9922E-12
CALSDV   44    4  0.1024E-11  0.1027E-11
CALSDV   45    4  0.1089E-11  0.1092E-11
CALSDV   46    4  0.1099E-11  0.1102E-11
CALSDV   47    4  0.1194E-11  0.1198E-11
CALSDV   48    4  0.1215E-11  0.1218E-11
CALSDV   49    4  0.1304E-11  0.1308E-11
CALSDV   50    4  0.1335E-11  0.1339E-11
CALSDV   51    4  0.1427E-11  0.1431E-11
CALSDV   52    4  0.1473E-11  0.1478E-11
CALSDV   53    4  0.1575E-11  0.1579E-11
CALSDV   54    4  0.1649E-11  0.1654E-11
CALSDV   55    4  0.1741E-11  0.1746E-11
CALSDV   56    4  0.1846E-11  0.1852E-11
CALSDV   57    4  0.1922E-11  0.1928E-11
CALSDV   58    4  0.2055E-11  0.2061E-11
CALSDV   59    4  0.2122E-11  0.2128E-11
CALSDV   60    4  0.2288E-11  0.2295E-11
CALSDV   61    4  0.2355E-11  0.2361E-11
CALSDV   62    4  0.2573E-11  0.2580E-11
CALSDV   63    4  0.2669E-11  0.2677E-11
CALSDV   64    4  0.2902E-11  0.2911E-11
CALSDV   65    4  0.2988E-11  0.2997E-11
CALSDV   66    4  0.3236E-11  0.3245E-11
CALSDV   67    4  0.3326E-11  0.3336E-11
CALSDV   68    4  0.3598E-11  0.3608E-11
CALSDV   69    4  0.3800E-11  0.3810E-11
CALSDV   70    4  0.4100E-11  0.4110E-11
CALSDV   71    4  0.4314E-11  0.4324E-11
CALSDV   72    4  0.4616E-11  0.4629E-11
CALSDV   73    4  0.4736E-11  0.4743E-11
CALSDV   74    4  0.5057E-11  0.5067E-11
CALSDV   75    4  0.5421E-11  0.5432E-11
CALSDV   76    4  0.5777E-11  0.5787E-11
CALSDV   77    4  0.6070E-11  0.6077E-11
CALSDV   78    4  0.6442E-11  0.6449E-11
CALSDV   79    4  0.6594E-11  0.6594E-11
CALSDV   80    4  0.6998E-11  0.7002E-11
CALSDV   81    4  0.7619E-11  0.7619E-11
CALSDV   82    4  0.8045E-11  0.8049E-11
CALSDV   83    4  0.7896E-11  0.7880E-11
CALSDV   84    4  0.8355E-11  0.8340E-11
CALSDV   85    4  0.8963E-11  0.8934E-11
CALSDV   86    4  0.9428E-11  0.9396E-11
CALSDV   87    4  0.1053E-10  0.1050E-10
CALSDV   88    4  0.1113E-10  0.1109E-10
CALSDV   89    4  0.1157E-10  0.1152E-10
CALSDV   90    4  0.1230E-10  0.1226E-10
CALSDV    5    5  0.7705E-11  0.7755E-11
CALSDV    6    5  0.5353E-11  0.5381E-11
CALSDV    7    5  0.2126E-11  0.2107E-11
CALSDV    8    5  0.1819E-11  0.1810E-11
CALSDV    9    5  0.1476E-11  0.1472E-11
CALSDV   10    5  0.1027E-11  0.1026E-11
CALSDV   11    5  0.1368E-11  0.1374E-11
CALSDV   12    5  0.8106E-12  0.8096E-12
CALSDV   13    5  0.1154E-11  0.1158E-11
CALSDV   14    5  0.7333E-12  0.7327E-12
CALSDV   15    5  0.9667E-12  0.9696E-12
CALSDV   16    5  0.6672E-12  0.6672E-12
CALSDV   17    5  0.8638E-12  0.8653E-12
CALSDV   18    5  0.6525E-12  0.6528E-12
CALSDV   19    5  0.7954E-12  0.7957E-12
CALSDV   20    5  0.6098E-12  0.6100E-12
CALSDV   21    5  0.7397E-12  0.7405E-12
CALSDV   22    5  0.5946E-12  0.5952E-12
CALSDV   23    5  0.6936E-12  0.6946E-12
CALSDV   24    5  0.6321E-12  0.6330E-12
CALSDV   25    5  0.6515E-12  0.6528E-12
CALSDV   26    5  0.6565E-12  0.6574E-12
CALSDV   27    5  0.6323E-12  0.6338E-12
CALSDV   28    5  0.6850E-12  0.6863E-12
CALSDV   29    5  0.6330E-12  0.6342E-12
CALSDV   30    5  0.7141E-12  0.7157E-12
CALSDV   31    5  0.6415E-12  0.6430E-12
CALSDV   32    5  0.7449E-12  0.7465E-12
CALSDV   33    5  0.6821E-12  0.6836E-12
CALSDV   34    5  0.7751E-12  0.7767E-12
CALSDV   35    5  0.7205E-12  0.7223E-12
CALSDV   36    5  0.8129E-12  0.8148E-12
CALSDV   37    5  0.7715E-12  0.7732E-12
CALSDV   38    5  0.8600E-12  0.8621E-12
CALSDV   39    5  0.8482E-12  0.8502E-12
CALSDV   40    5  0.9114E-12  0.9138E-12
CALSDV   41    5  0.9244E-12  0.9267E-12
CALSDV   42    5  0.9742E-12  0.9766E-12
CALSDV   43    5  0.1012E-11  0.1014E-11
CALSDV   44    5  0.1046E-11  0.1049E-11
CALSDV   45    5  0.1108E-11  0.1110E-11
CALSDV   46    5  0.1118E-11  0.1120E-11
CALSDV   47    5  0.1212E-11  0.1215E-11
CALSDV   48    5  0.1233E-11  0.1237E-11
CALSDV   49    5  0.1326E-11  0.1329E-11
CALSDV   50    5  0.1358E-11  0.1361E-11
CALSDV   51    5  0.1453E-11  0.1457E-11
CALSDV   52    5  0.1500E-11  0.1504E-11
CALSDV   53    5  0.1599E-11  0.1604E-11
CALSDV   54    5  0.1673E-11  0.1677E-11
CALSDV   55    5  0.1757E-11  0.1761E-11
CALSDV   56    5  0.1862E-11  0.1867E-11
CALSDV   57    5  0.1936E-11  0.1941E-11
CALSDV   58    5  0.2072E-11  0.2077E-11
CALSDV   59    5  0.2153E-11  0.2158E-11
CALSDV   60    5  0.2323E-11  0.2328E-11
CALSDV   61    5  0.2397E-11  0.2403E-11
CALSDV   62    5  0.2615E-11  0.2621E-11
CALSDV   63    5  0.2691E-11  0.2697E-11
CALSDV   64    5  0.2921E-11  0.2928E-11
CALSDV   65    5  0.3003E-11  0.3010E-11
CALSDV   66    5  0.3255E-11  0.3261E-11
CALSDV   67    5  0.3399E-11  0.3406E-11
CALSDV   68    5  0.3679E-11  0.3689E-11
CALSDV   69    5  0.3881E-11  0.3888E-11
CALSDV   70    5  0.4176E-11  0.4186E-11
CALSDV   71    5  0.4321E-11  0.4331E-11
CALSDV   72    5  0.4622E-11  0.4632E-11
CALSDV   73    5  0.4841E-11  0.4851E-11
CALSDV   74    5  0.5180E-11  0.5190E-11
CALSDV   75    5  0.5577E-11  0.5587E-11
CALSDV   76    5  0.5929E-11  0.5939E-11
CALSDV   77    5  0.6081E-11  0.6084E-11
CALSDV   78    5  0.6452E-11  0.6459E-11
CALSDV   79    5  0.6885E-11  0.6889E-11
CALSDV   80    5  0.7306E-11  0.7313E-11
CALSDV   81    5  0.7668E-11  0.7668E-11
CALSDV   82    5  0.8086E-11  0.8090E-11
CALSDV   83    5  0.8236E-11  0.8232E-11
CALSDV   84    5  0.8719E-11  0.8711E-11
CALSDV   85    5  0.8979E-11  0.8959E-11
CALSDV   86    5  0.9444E-11  0.9424E-11
CALSDV   87    5  0.1066E-10  0.1064E-10
CALSDV   88    5  0.1126E-10  0.1124E-10
CALSDV   89    5  0.1168E-10  0.1165E-10
CALSDV   90    5  0.1243E-10  0.1240E-10
CALSDV    6    6  0.6926E-11  0.6894E-11
CALSDV    7    6  0.4670E-11  0.4650E-11
CALSDV    8    6  0.2753E-11  0.2744E-11
CALSDV    9    6  0.2643E-11  0.2637E-11
CALSDV   10    6  0.1482E-11  0.1479E-11
CALSDV   11    6  0.1900E-11  0.1900E-11
CALSDV   12    6  0.1128E-11  0.1129E-11
CALSDV   13    6  0.1397E-11  0.1400E-11
CALSDV   14    6  0.9015E-12  0.9032E-12
CALSDV   15    6  0.1130E-11  0.1134E-11
CALSDV   16    6  0.7583E-12  0.7598E-12
CALSDV   17    6  0.9717E-12  0.9745E-12
CALSDV   18    6  0.7207E-12  0.7207E-12
CALSDV   19    6  0.8583E-12  0.8590E-12
CALSDV   20    6  0.6623E-12  0.6617E-12
CALSDV   21    6  0.7778E-12  0.7785E-12
CALSDV   22    6  0.6354E-12  0.6351E-12
CALSDV   23    6  0.7234E-12  0.7241E-12
CALSDV   24    6  0.6685E-12  0.6679E-12
CALSDV   25    6  0.6797E-12  0.6797E-12
CALSDV   26    6  0.6899E-12  0.6896E-12
CALSDV   27    6  0.6611E-12  0.6611E-12
CALSDV   28    6  0.7184E-12  0.7184E-12
CALSDV   29    6  0.6630E-12  0.6630E-12
CALSDV   30    6  0.7483E-12  0.7486E-12
CALSDV   31    6  0.6717E-12  0.6720E-12
CALSDV   32    6  0.7793E-12  0.7796E-12
CALSDV   33    6  0.7126E-12  0.7132E-12
CALSDV   34    6  0.8073E-12  0.8080E-12
CALSDV   35    6  0.7492E-12  0.7497E-12
CALSDV   36    6  0.8422E-12  0.8428E-12
CALSDV   37    6  0.7967E-12  0.7976E-12
CALSDV   38    6  0.8848E-12  0.8857E-12
CALSDV   39    6  0.8704E-12  0.8710E-12
CALSDV   40    6  0.9325E-12  0.9331E-12
CALSDV   41    6  0.9444E-12  0.9456E-12
CALSDV   42    6  0.9933E-12  0.9941E-12
CALSDV   43    6  0.1032E-11  0.1033E-11
CALSDV   44    6  0.1066E-11  0.1067E-11
CALSDV   45    6  0.1130E-11  0.1131E-11
CALSDV   46    6  0.1139E-11  0.1139E-11
CALSDV   47    6  0.1236E-11  0.1238E-11
CALSDV   48    6  0.1256E-11  0.1257E-11
CALSDV   49    6  0.1349E-11  0.1350E-11
CALSDV   50    6  0.1379E-11  0.1380E-11
CALSDV   51    6  0.1474E-11  0.1475E-11
CALSDV   52    6  0.1518E-11  0.1520E-11
CALSDV   53    6  0.1619E-11  0.1621E-11
CALSDV   54    6  0.1692E-11  0.1693E-11
CALSDV   55    6  0.1783E-11  0.1784E-11
CALSDV   56    6  0.1889E-11  0.1891E-11
CALSDV   57    6  0.1973E-11  0.1974E-11
CALSDV   58    6  0.2109E-11  0.2111E-11
CALSDV   59    6  0.2189E-11  0.2192E-11
CALSDV   60    6  0.2358E-11  0.2360E-11
CALSDV   61    6  0.2418E-11  0.2421E-11
CALSDV   62    6  0.2634E-11  0.2637E-11
CALSDV   63    6  0.2710E-11  0.2713E-11
CALSDV   64    6  0.2942E-11  0.2946E-11
CALSDV   65    6  0.3059E-11  0.3062E-11
CALSDV   66    6  0.3313E-11  0.3316E-11
CALSDV   67    6  0.3473E-11  0.3476E-11
CALSDV   68    6  0.3748E-11  0.3754E-11
CALSDV   69    6  0.3904E-11  0.3907E-11
CALSDV   70    6  0.4196E-11  0.4202E-11
CALSDV   71    6  0.4374E-11  0.4377E-11
CALSDV   72    6  0.4686E-11  0.4689E-11
CALSDV   73    6  0.5014E-11  0.5017E-11
CALSDV   74    6  0.5353E-11  0.5360E-11
CALSDV   75    6  0.5639E-11  0.5642E-11
CALSDV   76    6  0.5981E-11  0.5988E-11
CALSDV   77    6  0.6173E-11  0.6176E-11
CALSDV   78    6  0.6559E-11  0.6562E-11
CALSDV   79    6  0.7176E-11  0.7180E-11
CALSDV   80    6  0.7595E-11  0.7599E-11
CALSDV   81    6  0.7683E-11  0.7679E-11
CALSDV   82    6  0.8105E-11  0.8105E-11
CALSDV   83    6  0.8669E-11  0.8665E-11
CALSDV   84    6  0.9163E-11  0.9159E-11
CALSDV   85    6  0.9015E-11  0.9003E-11
CALSDV   86    6  0.9484E-11  0.9468E-11
CALSDV   87    6  0.1080E-10  0.1079E-10
CALSDV   88    6  0.1141E-10  0.1139E-10
CALSDV   89    6  0.1186E-10  0.1184E-10
CALSDV   90    6  0.1261E-10  0.1259E-10
CALSDV    7    7  0.5867E-11  0.5771E-11
CALSDV    8    7  0.4624E-11  0.4608E-11
CALSDV    9    7  0.2451E-11  0.2425E-11
CALSDV   10    7  0.1768E-11  0.1760E-11
CALSDV   11    7  0.1663E-11  0.1643E-11
CALSDV   12    7  0.1115E-11  0.1114E-11
CALSDV   13    7  0.1343E-11  0.1337E-11
CALSDV   14    7  0.8238E-12  0.8217E-12
CALSDV   15    7  0.1190E-11  0.1185E-11
CALSDV   16    7  0.7455E-12  0.7446E-12
CALSDV   17    7  0.1037E-11  0.1033E-11
CALSDV   18    7  0.7822E-12  0.7819E-12
CALSDV   19    7  0.9167E-12  0.9129E-12
CALSDV   20    7  0.7544E-12  0.7544E-12
CALSDV   21    7  0.8371E-12  0.8339E-12
CALSDV   22    7  0.7313E-12  0.7313E-12
CALSDV   23    7  0.7827E-12  0.7793E-12
CALSDV   24    7  0.7634E-12  0.7634E-12
CALSDV   25    7  0.7336E-12  0.7308E-12
CALSDV   26    7  0.7771E-12  0.7768E-12
CALSDV   27    7  0.7078E-12  0.7053E-12
CALSDV   28    7  0.7967E-12  0.7963E-12
CALSDV   29    7  0.7038E-12  0.7017E-12
CALSDV   30    7  0.8182E-12  0.8179E-12
CALSDV   31    7  0.7074E-12  0.7057E-12
CALSDV   32    7  0.8419E-12  0.8416E-12
CALSDV   33    7  0.7463E-12  0.7446E-12
CALSDV   34    7  0.8642E-12  0.8636E-12
CALSDV   35    7  0.7809E-12  0.7792E-12
CALSDV   36    7  0.8945E-12  0.8938E-12
CALSDV   37    7  0.8279E-12  0.8262E-12
CALSDV   38    7  0.9336E-12  0.9326E-12
CALSDV   39    7  0.9008E-12  0.8993E-12
CALSDV   40    7  0.9777E-12  0.9768E-12
CALSDV   41    7  0.9736E-12  0.9722E-12
CALSDV   42    7  0.1035E-11  0.1034E-11
CALSDV   43    7  0.1059E-11  0.1057E-11
CALSDV   44    7  0.1103E-11  0.1103E-11
CALSDV   45    7  0.1154E-11  0.1153E-11
CALSDV   46    7  0.1172E-11  0.1171E-11
CALSDV   47    7  0.1259E-11  0.1257E-11
CALSDV   48    7  0.1287E-11  0.1286E-11
CALSDV   49    7  0.1372E-11  0.1371E-11
CALSDV   50    7  0.1410E-11  0.1409E-11
CALSDV   51    7  0.1499E-11  0.1498E-11
CALSDV   52    7  0.1552E-11  0.1550E-11
CALSDV   53    7  0.1648E-11  0.1647E-11
CALSDV   54    7  0.1728E-11  0.1726E-11
CALSDV   55    7  0.1812E-11  0.1811E-11
CALSDV   56    7  0.1923E-11  0.1922E-11
CALSDV   57    7  0.1997E-11  0.1995E-11
CALSDV   58    7  0.2138E-11  0.2136E-11
CALSDV   59    7  0.2211E-11  0.2208E-11
CALSDV   60    7  0.2384E-11  0.2382E-11
CALSDV   61    7  0.2449E-11  0.2447E-11
CALSDV   62    7  0.2672E-11  0.2670E-11
CALSDV   63    7  0.2764E-11  0.2762E-11
CALSDV   64    7  0.3003E-11  0.3001E-11
CALSDV   65    7  0.3115E-11  0.3112E-11
CALSDV   66    7  0.3374E-11  0.3370E-11
CALSDV   67    7  0.3495E-11  0.3492E-11
CALSDV   68    7  0.3774E-11  0.3770E-11
CALSDV   69    7  0.3937E-11  0.3933E-11
CALSDV   70    7  0.4239E-11  0.4235E-11
CALSDV   71    7  0.4493E-11  0.4490E-11
CALSDV   72    7  0.4817E-11  0.4813E-11
CALSDV   73    7  0.5115E-11  0.5112E-11
CALSDV   74    7  0.5459E-11  0.5452E-11
CALSDV   75    7  0.5656E-11  0.5653E-11
CALSDV   76    7  0.6005E-11  0.6001E-11
CALSDV   77    7  0.6414E-11  0.6410E-11
CALSDV   78    7  0.6820E-11  0.6813E-11
CALSDV   79    7  0.7362E-11  0.7358E-11
CALSDV   80    7  0.7776E-11  0.7776E-11
CALSDV   81    7  0.7769E-11  0.7765E-11
CALSDV   82    7  0.8209E-11  0.8205E-11
CALSDV   83    7  0.9079E-11  0.9071E-11
CALSDV   84    7  0.9584E-11  0.9580E-11
CALSDV   85    7  0.9128E-11  0.9124E-11
CALSDV   86    7  0.9603E-11  0.9603E-11
CALSDV   87    7  0.1094E-10  0.1094E-10
CALSDV   88    7  0.1156E-10  0.1156E-10
CALSDV   89    7  0.1199E-10  0.1199E-10
CALSDV   90    7  0.1276E-10  0.1276E-10
CALSDV    8    8  0.4154E-11  0.4143E-11
CALSDV    9    8  0.3733E-11  0.3740E-11
CALSDV   10    8  0.1893E-11  0.1905E-11
CALSDV   11    8  0.2454E-11  0.2460E-11
CALSDV   12    8  0.1384E-11  0.1389E-11
CALSDV   13    8  0.1937E-11  0.1929E-11
CALSDV   14    8  0.1099E-11  0.1101E-11
CALSDV   15    8  0.1578E-11  0.1570E-11
CALSDV   16    8  0.9832E-12  0.9827E-12
CALSDV   17    8  0.1338E-11  0.1332E-11
CALSDV   18    8  0.9473E-12  0.9454E-12
CALSDV   19    8  0.1199E-11  0.1193E-11
CALSDV   20    8  0.8472E-12  0.8445E-12
CALSDV   21    8  0.1094E-11  0.1090E-11
CALSDV   22    8  0.7884E-12  0.7861E-12
CALSDV   23    8  0.9948E-12  0.9910E-12
CALSDV   24    8  0.8103E-12  0.8075E-12
CALSDV   25    8  0.8972E-12  0.8940E-12
CALSDV   26    8  0.8207E-12  0.8178E-12
CALSDV   27    8  0.8348E-12  0.8321E-12
CALSDV   28    8  0.8393E-12  0.8368E-12
CALSDV   29    8  0.8042E-12  0.8021E-12
CALSDV   30    8  0.8592E-12  0.8569E-12
CALSDV   31    8  0.7897E-12  0.7877E-12
CALSDV   32    8  0.8811E-12  0.8795E-12
CALSDV   33    8  0.8176E-12  0.8159E-12
CALSDV   34    8  0.9015E-12  0.8996E-12
CALSDV   35    8  0.8441E-12  0.8427E-12
CALSDV   36    8  0.9302E-12  0.9290E-12
CALSDV   37    8  0.8854E-12  0.8845E-12
CALSDV   38    8  0.9688E-12  0.9670E-12
CALSDV   39    8  0.9572E-12  0.9557E-12
CALSDV   40    8  0.1012E-11  0.1011E-11
CALSDV   41    8  0.1028E-11  0.1027E-11
CALSDV   42    8  0.1070E-11  0.1069E-11
CALSDV   43    8  0.1112E-11  0.1111E-11
CALSDV   44    8  0.1139E-11  0.1138E-11
CALSDV   45    8  0.1207E-11  0.1206E-11
CALSDV   46    8  0.1208E-11  0.1207E-11
CALSDV   47    8  0.1310E-11  0.1310E-11
CALSDV   48    8  0.1323E-11  0.1322E-11
CALSDV   49    8  0.1421E-11  0.1420E-11
CALSDV   50    8  0.1445E-11  0.1445E-11
CALSDV   51    8  0.1545E-11  0.1544E-11
CALSDV   52    8  0.1585E-11  0.1584E-11
CALSDV   53    8  0.1690E-11  0.1689E-11
CALSDV   54    8  0.1758E-11  0.1757E-11
CALSDV   55    8  0.1851E-11  0.1851E-11
CALSDV   56    8  0.1953E-11  0.1952E-11
CALSDV   57    8  0.2038E-11  0.2037E-11
CALSDV   58    8  0.2170E-11  0.2170E-11
CALSDV   59    8  0.2256E-11  0.2255E-11
CALSDV   60    8  0.2422E-11  0.2422E-11
CALSDV   61    8  0.2497E-11  0.2497E-11
CALSDV   62    8  0.2714E-11  0.2715E-11
CALSDV   63    8  0.2805E-11  0.2805E-11
CALSDV   64    8  0.3039E-11  0.3040E-11
CALSDV   65    8  0.3144E-11  0.3144E-11
CALSDV   66    8  0.3402E-11  0.3402E-11
CALSDV   67    8  0.3543E-11  0.3543E-11
CALSDV   68    8  0.3822E-11  0.3822E-11
CALSDV   69    8  0.4034E-11  0.4034E-11
CALSDV   70    8  0.4338E-11  0.4338E-11
CALSDV   71    8  0.4593E-11  0.4596E-11
CALSDV   72    8  0.4910E-11  0.4910E-11
CALSDV   73    8  0.5145E-11  0.5145E-11
CALSDV   74    8  0.5476E-11  0.5479E-11
CALSDV   75    8  0.5770E-11  0.5773E-11
CALSDV   76    8  0.6126E-11  0.6129E-11
CALSDV   77    8  0.6669E-11  0.6672E-11
CALSDV   78    8  0.7079E-11  0.7082E-11
CALSDV   79    8  0.7398E-11  0.7402E-11
CALSDV   80    8  0.7809E-11  0.7812E-11
CALSDV   81    8  0.8064E-11  0.8068E-11
CALSDV   82    8  0.8528E-11  0.8532E-11
CALSDV   83    8  0.9388E-11  0.9392E-11
CALSDV   84    8  0.9894E-11  0.9894E-11
CALSDV   85    8  0.9390E-11  0.9402E-11
CALSDV   86    8  0.9882E-11  0.9898E-11
CALSDV   87    8  0.1107E-10  0.1109E-10
CALSDV   88    8  0.1168E-10  0.1170E-10
CALSDV   89    8  0.1224E-10  0.1227E-10
CALSDV   90    8  0.1301E-10  0.1304E-10
CALSDV    9    9  0.5507E-11  0.5477E-11
CALSDV   10    9  0.3561E-11  0.3535E-11
CALSDV   11    9  0.2857E-11  0.2846E-11
CALSDV   12    9  0.1781E-11  0.1766E-11
CALSDV   13    9  0.2080E-11  0.2079E-11
CALSDV   14    9  0.1199E-11  0.1182E-11
CALSDV   15    9  0.1506E-11  0.1508E-11
CALSDV   16    9  0.9835E-12  0.9684E-12
CALSDV   17    9  0.1224E-11  0.1230E-11
CALSDV   18    9  0.9034E-12  0.8912E-12
CALSDV   19    9  0.1101E-11  0.1108E-11
CALSDV   20    9  0.8209E-12  0.8150E-12
CALSDV   21    9  0.1010E-11  0.1015E-11
CALSDV   22    9  0.8018E-12  0.7995E-12
CALSDV   23    9  0.9249E-12  0.9283E-12
CALSDV   24    9  0.8576E-12  0.8563E-12
CALSDV   25    9  0.8473E-12  0.8496E-12
CALSDV   26    9  0.8854E-12  0.8851E-12
CALSDV   27    9  0.8063E-12  0.8069E-12
CALSDV   28    9  0.9106E-12  0.9099E-12
CALSDV   29    9  0.7936E-12  0.7930E-12
CALSDV   30    9  0.9295E-12  0.9288E-12
CALSDV   31    9  0.7926E-12  0.7917E-12
CALSDV   32    9  0.9466E-12  0.9456E-12
CALSDV   33    9  0.8297E-12  0.8289E-12
CALSDV   34    9  0.9609E-12  0.9596E-12
CALSDV   35    9  0.8621E-12  0.8610E-12
CALSDV   36    9  0.9834E-12  0.9822E-12
CALSDV   37    9  0.9072E-12  0.9063E-12
CALSDV   38    9  0.1016E-11  0.1015E-11
CALSDV   39    9  0.9809E-12  0.9797E-12
CALSDV   40    9  0.1055E-11  0.1054E-11
CALSDV   41    9  0.1053E-11  0.1052E-11
CALSDV   42    9  0.1109E-11  0.1107E-11
CALSDV   43    9  0.1139E-11  0.1137E-11
CALSDV   44    9  0.1175E-11  0.1173E-11
CALSDV   45    9  0.1234E-11  0.1232E-11
CALSDV   46    9  0.1241E-11  0.1239E-11
CALSDV   47    9  0.1337E-11  0.1335E-11
CALSDV   48    9  0.1355E-11  0.1354E-11
CALSDV   49    9  0.1449E-11  0.1446E-11
CALSDV   50    9  0.1477E-11  0.1475E-11
CALSDV   51    9  0.1572E-11  0.1570E-11
CALSDV   52    9  0.1617E-11  0.1614E-11
CALSDV   53    9  0.1719E-11  0.1716E-11
CALSDV   54    9  0.1791E-11  0.1788E-11
CALSDV   55    9  0.1881E-11  0.1878E-11
CALSDV   56    9  0.1987E-11  0.1984E-11
CALSDV   57    9  0.2067E-11  0.2064E-11
CALSDV   58    9  0.2204E-11  0.2200E-11
CALSDV   59    9  0.2283E-11  0.2280E-11
CALSDV   60    9  0.2454E-11  0.2450E-11
CALSDV   61    9  0.2522E-11  0.2518E-11
CALSDV   62    9  0.2743E-11  0.2739E-11
CALSDV   63    9  0.2834E-11  0.2829E-11
CALSDV   64    9  0.3071E-11  0.3066E-11
CALSDV   65    9  0.3188E-11  0.3182E-11
CALSDV   66    9  0.3447E-11  0.3441E-11
CALSDV   67    9  0.3606E-11  0.3600E-11
CALSDV   68    9  0.3887E-11  0.3884E-11
CALSDV   69    9  0.4096E-11  0.4089E-11
CALSDV   70    9  0.4397E-11  0.4387E-11
CALSDV   71    9  0.4626E-11  0.4616E-11
CALSDV   72    9  0.4941E-11  0.4931E-11
CALSDV   73    9  0.5220E-11  0.5210E-11
CALSDV   74    9  0.5561E-11  0.5550E-11
CALSDV   75    9  0.5977E-11  0.5967E-11
CALSDV   76    9  0.6340E-11  0.6330E-11
CALSDV   77    9  0.6800E-11  0.6789E-11
CALSDV   78    9  0.7206E-11  0.7192E-11
CALSDV   79    9  0.7449E-11  0.7435E-11
CALSDV   80    9  0.7867E-11  0.7852E-11
CALSDV   81    9  0.8532E-11  0.8513E-11
CALSDV   82    9  0.9007E-11  0.8989E-11
CALSDV   83    9  0.9520E-11  0.9497E-11
CALSDV   84    9  0.1002E-10  0.9993E-11
CALSDV   85    9  0.9918E-11  0.9894E-11
CALSDV   86    9  0.1044E-10  0.1041E-10
CALSDV   87    9  0.1117E-10  0.1115E-10
CALSDV   88    9  0.1178E-10  0.1176E-10
CALSDV   89    9  0.1247E-10  0.1245E-10
CALSDV   90    9  0.1325E-10  0.1323E-10
CALSDV   10   10  0.2959E-11  0.2929E-11
CALSDV   11   10  0.3750E-11  0.3760E-11
CALSDV   12   10  0.1712E-11  0.1726E-11
CALSDV   13   10  0.2357E-11  0.2348E-11
CALSDV   14   10  0.1472E-11  0.1471E-11
CALSDV   15   10  0.1906E-11  0.1898E-11
CALSDV   16   10  0.1215E-11  0.1212E-11
CALSDV   17   10  0.1717E-11  0.1716E-11
CALSDV   18   10  0.1115E-11  0.1111E-11
CALSDV   19   10  0.1544E-11  0.1545E-11
CALSDV   20   10  0.1019E-11  0.1014E-11
CALSDV   21   10  0.1387E-11  0.1390E-11
CALSDV   22   10  0.9779E-12  0.9735E-12
CALSDV   23   10  0.1260E-11  0.1262E-11
CALSDV   24   10  0.1014E-11  0.1010E-11
CALSDV   25   10  0.1148E-11  0.1150E-11
CALSDV   26   10  0.1021E-11  0.1017E-11
CALSDV   27   10  0.1076E-11  0.1078E-11
CALSDV   28   10  0.1032E-11  0.1028E-11
CALSDV   29   10  0.1035E-11  0.1036E-11
CALSDV   30   10  0.1041E-11  0.1038E-11
CALSDV   31   10  0.1003E-11  0.1004E-11
CALSDV   32   10  0.1052E-11  0.1050E-11
CALSDV   33   10  0.1019E-11  0.1020E-11
CALSDV   34   10  0.1059E-11  0.1058E-11
CALSDV   35   10  0.1028E-11  0.1029E-11
CALSDV   36   10  0.1077E-11  0.1076E-11
CALSDV   37   10  0.1053E-11  0.1054E-11
CALSDV   38   10  0.1105E-11  0.1104E-11
CALSDV   39   10  0.1111E-11  0.1112E-11
CALSDV   40   10  0.1138E-11  0.1138E-11
CALSDV   41   10  0.1170E-11  0.1171E-11
CALSDV   42   10  0.1187E-11  0.1187E-11
CALSDV   43   10  0.1243E-11  0.1245E-11
CALSDV   44   10  0.1249E-11  0.1250E-11
CALSDV   45   10  0.1328E-11  0.1330E-11
CALSDV   46   10  0.1311E-11  0.1311E-11
CALSDV   47   10  0.1423E-11  0.1425E-11
CALSDV   48   10  0.1423E-11  0.1424E-11
CALSDV   49   10  0.1528E-11  0.1529E-11
CALSDV   50   10  0.1542E-11  0.1543E-11
CALSDV   51   10  0.1646E-11  0.1648E-11
CALSDV   52   10  0.1680E-11  0.1681E-11
CALSDV   53   10  0.1787E-11  0.1789E-11
CALSDV   54   10  0.1853E-11  0.1854E-11
CALSDV   55   10  0.1947E-11  0.1948E-11
CALSDV   56   10  0.2049E-11  0.2050E-11
CALSDV   57   10  0.2130E-11  0.2132E-11
CALSDV   58   10  0.2265E-11  0.2267E-11
CALSDV   59   10  0.2346E-11  0.2348E-11
CALSDV   60   10  0.2517E-11  0.2519E-11
CALSDV   61   10  0.2585E-11  0.2588E-11
CALSDV   62   10  0.2810E-11  0.2812E-11
CALSDV   63   10  0.2899E-11  0.2902E-11
CALSDV   64   10  0.3139E-11  0.3142E-11
CALSDV   65   10  0.3251E-11  0.3254E-11
CALSDV   66   10  0.3512E-11  0.3515E-11
CALSDV   67   10  0.3660E-11  0.3667E-11
CALSDV   68   10  0.3943E-11  0.3949E-11
CALSDV   69   10  0.4144E-11  0.4148E-11
CALSDV   70   10  0.4447E-11  0.4450E-11
CALSDV   71   10  0.4706E-11  0.4712E-11
CALSDV   72   10  0.5024E-11  0.5031E-11
CALSDV   73   10  0.5362E-11  0.5369E-11
CALSDV   74   10  0.5710E-11  0.5717E-11
CALSDV   75   10  0.6098E-11  0.6105E-11
CALSDV   76   10  0.6464E-11  0.6471E-11
CALSDV   77   10  0.6824E-11  0.6832E-11
CALSDV   78   10  0.7235E-11  0.7245E-11
CALSDV   79   10  0.7690E-11  0.7700E-11
CALSDV   80   10  0.8131E-11  0.8142E-11
CALSDV   81   10  0.8940E-11  0.8947E-11
CALSDV   82   10  0.9427E-11  0.9438E-11
CALSDV   83   10  0.9551E-11  0.9558E-11
CALSDV   84   10  0.1005E-10  0.1006E-10
CALSDV   85   10  0.1063E-10  0.1064E-10
CALSDV   86   10  0.1120E-10  0.1121E-10
CALSDV   87   10  0.1122E-10  0.1123E-10
CALSDV   88   10  0.1183E-10  0.1184E-10
CALSDV   89   10  0.1283E-10  0.1284E-10
CALSDV   90   10  0.1363E-10  0.1364E-10
CALSDV   11   11  0.5996E-11  0.6041E-11
CALSDV   12   11  0.2918E-11  0.2922E-11
CALSDV   13   11  0.3228E-11  0.3248E-11
CALSDV   14   11  0.1639E-11  0.1644E-11
CALSDV   15   11  0.2645E-11  0.2661E-11
CALSDV   16   11  0.1231E-11  0.1232E-11
CALSDV   17   11  0.2059E-11  0.2073E-11
CALSDV   18   11  0.1194E-11  0.1187E-11
CALSDV   19   11  0.1599E-11  0.1613E-11
CALSDV   20   11  0.1087E-11  0.1083E-11
CALSDV   21   11  0.1336E-11  0.1346E-11
CALSDV   22   11  0.9997E-12  0.9968E-12
CALSDV   23   11  0.1198E-11  0.1206E-11
CALSDV   24   11  0.1002E-11  0.9978E-12
CALSDV   25   11  0.1101E-11  0.1104E-11
CALSDV   26   11  0.9956E-12  0.9931E-12
CALSDV   27   11  0.1042E-11  0.1043E-11
CALSDV   28   11  0.1009E-11  0.1006E-11
CALSDV   29   11  0.1011E-11  0.1011E-11
CALSDV   30   11  0.1028E-11  0.1024E-11
CALSDV   31   11  0.9889E-12  0.9887E-12
CALSDV   32   11  0.1047E-11  0.1045E-11
CALSDV   33   11  0.1013E-11  0.1013E-11
CALSDV   34   11  0.1062E-11  0.1060E-11
CALSDV   35   11  0.1029E-11  0.1029E-11
CALSDV   36   11  0.1085E-11  0.1084E-11
CALSDV   37   11  0.1062E-11  0.1062E-11
CALSDV   38   11  0.1115E-11  0.1115E-11
CALSDV   39   11  0.1127E-11  0.1128E-11
CALSDV   40   11  0.1150E-11  0.1150E-11
CALSDV   41   11  0.1190E-11  0.1191E-11
CALSDV   42   11  0.1200E-11  0.1201E-11
CALSDV   43   11  0.1268E-11  0.1269E-11
CALSDV   44   11  0.1264E-11  0.1264E-11
CALSDV   45   11  0.1357E-11  0.1357E-11
CALSDV   46   11  0.1325E-11  0.1326E-11
CALSDV   47   11  0.1454E-11  0.1455E-11
CALSDV   48   11  0.1438E-11  0.1439E-11
CALSDV   49   11  0.1560E-11  0.1561E-11
CALSDV   50   11  0.1558E-11  0.1559E-11
CALSDV   51   11  0.1679E-11  0.1680E-11
CALSDV   52   11  0.1696E-11  0.1697E-11
CALSDV   53   11  0.1821E-11  0.1822E-11
CALSDV   54   11  0.1870E-11  0.1872E-11
CALSDV   55   11  0.1980E-11  0.1982E-11
CALSDV   56   11  0.2065E-11  0.2067E-11
CALSDV   57   11  0.2164E-11  0.2165E-11
CALSDV   58   11  0.2283E-11  0.2285E-11
CALSDV   59   11  0.2379E-11  0.2381E-11
CALSDV   60   11  0.2534E-11  0.2536E-11
CALSDV   61   11  0.2618E-11  0.2621E-11
CALSDV   62   11  0.2826E-11  0.2829E-11
CALSDV   63   11  0.2932E-11  0.2935E-11
CALSDV   64   11  0.3156E-11  0.3159E-11
CALSDV   65   11  0.3285E-11  0.3288E-11
CALSDV   66   11  0.3531E-11  0.3534E-11
CALSDV   67   11  0.3702E-11  0.3705E-11
CALSDV   68   11  0.3969E-11  0.3975E-11
CALSDV   69   11  0.4193E-11  0.4200E-11
CALSDV   70   11  0.4486E-11  0.4490E-11
CALSDV   71   11  0.4769E-11  0.4772E-11
CALSDV   72   11  0.5075E-11  0.5081E-11
CALSDV   73   11  0.5409E-11  0.5413E-11
CALSDV   74   11  0.5748E-11  0.5751E-11
CALSDV   75   11  0.6126E-11  0.6129E-11
CALSDV   76   11  0.6482E-11  0.6489E-11
CALSDV   77   11  0.6980E-11  0.6984E-11
CALSDV   78   11  0.7380E-11  0.7387E-11
CALSDV   79   11  0.8068E-11  0.8075E-11
CALSDV   80   11  0.8493E-11  0.8504E-11
CALSDV   81   11  0.9097E-11  0.9105E-11
CALSDV   82   11  0.9575E-11  0.9583E-11
CALSDV   83   11  0.9729E-11  0.9736E-11
CALSDV   84   11  0.1023E-10  0.1024E-10
CALSDV   85   11  0.1141E-10  0.1141E-10
CALSDV   86   11  0.1198E-10  0.1199E-10
CALSDV   87   11  0.1128E-10  0.1128E-10
CALSDV   88   11  0.1188E-10  0.1189E-10
CALSDV   89   11  0.1318E-10  0.1319E-10
CALSDV   90   11  0.1397E-10  0.1398E-10
CALSDV   12   12  0.3027E-11  0.3033E-11
CALSDV   13   12  0.5147E-11  0.5204E-11
CALSDV   14   12  0.1786E-11  0.1781E-11
CALSDV   15   12  0.3124E-11  0.3169E-11
CALSDV   16   12  0.1722E-11  0.1725E-11
CALSDV   17   12  0.2145E-11  0.2168E-11
CALSDV   18   12  0.1547E-11  0.1553E-11
CALSDV   19   12  0.1820E-11  0.1843E-11
CALSDV   20   12  0.1244E-11  0.1248E-11
CALSDV   21   12  0.1671E-11  0.1696E-11
CALSDV   22   12  0.1097E-11  0.1101E-11
CALSDV   23   12  0.1526E-11  0.1549E-11
CALSDV   24   12  0.1147E-11  0.1151E-11
CALSDV   25   12  0.1369E-11  0.1391E-11
CALSDV   26   12  0.1209E-11  0.1214E-11
CALSDV   27   12  0.1262E-11  0.1284E-11
CALSDV   28   12  0.1274E-11  0.1279E-11
CALSDV   29   12  0.1204E-11  0.1223E-11
CALSDV   30   12  0.1318E-11  0.1324E-11
CALSDV   31   12  0.1166E-11  0.1183E-11
CALSDV   32   12  0.1343E-11  0.1350E-11
CALSDV   33   12  0.1187E-11  0.1201E-11
CALSDV   34   12  0.1350E-11  0.1356E-11
CALSDV   35   12  0.1199E-11  0.1212E-11
CALSDV   36   12  0.1358E-11  0.1364E-11
CALSDV   37   12  0.1225E-11  0.1239E-11
CALSDV   38   12  0.1372E-11  0.1379E-11
CALSDV   39   12  0.1288E-11  0.1300E-11
CALSDV   40   12  0.1389E-11  0.1395E-11
CALSDV   41   12  0.1344E-11  0.1356E-11
CALSDV   42   12  0.1423E-11  0.1428E-11
CALSDV   43   12  0.1415E-11  0.1426E-11
CALSDV   44   12  0.1469E-11  0.1474E-11
CALSDV   45   12  0.1496E-11  0.1506E-11
CALSDV   46   12  0.1513E-11  0.1519E-11
CALSDV   47   12  0.1585E-11  0.1595E-11
CALSDV   48   12  0.1616E-11  0.1621E-11
CALSDV   49   12  0.1681E-11  0.1692E-11
CALSDV   50   12  0.1724E-11  0.1730E-11
CALSDV   51   12  0.1792E-11  0.1803E-11
CALSDV   52   12  0.1852E-11  0.1858E-11
CALSDV   53   12  0.1927E-11  0.1938E-11
CALSDV   54   12  0.2017E-11  0.2025E-11
CALSDV   55   12  0.2079E-11  0.2090E-11
CALSDV   56   12  0.2205E-11  0.2214E-11
CALSDV   57   12  0.2256E-11  0.2268E-11
CALSDV   58   12  0.2415E-11  0.2424E-11
CALSDV   59   12  0.2466E-11  0.2478E-11
CALSDV   60   12  0.2659E-11  0.2669E-11
CALSDV   61   12  0.2700E-11  0.2712E-11
CALSDV   62   12  0.2945E-11  0.2956E-11
CALSDV   63   12  0.3010E-11  0.3023E-11
CALSDV   64   12  0.3269E-11  0.3281E-11
CALSDV   65   12  0.3361E-11  0.3376E-11
CALSDV   66   12  0.3640E-11  0.3653E-11
CALSDV   67   12  0.3772E-11  0.3788E-11
CALSDV   68   12  0.4073E-11  0.4089E-11
CALSDV   69   12  0.4265E-11  0.4281E-11
CALSDV   70   12  0.4585E-11  0.4602E-11
CALSDV   71   12  0.4832E-11  0.4852E-11
CALSDV   72   12  0.5168E-11  0.5185E-11
CALSDV   73   12  0.5477E-11  0.5497E-11
CALSDV   74   12  0.5836E-11  0.5856E-11
CALSDV   75   12  0.6229E-11  0.6253E-11
CALSDV   76   12  0.6606E-11  0.6634E-11
CALSDV   77   12  0.7147E-11  0.7175E-11
CALSDV   78   12  0.7578E-11  0.7606E-11
CALSDV   79   12  0.8192E-11  0.8225E-11
CALSDV   80   12  0.8652E-11  0.8684E-11
CALSDV   81   12  0.9172E-11  0.9202E-11
CALSDV   82   12  0.9675E-11  0.9705E-11
CALSDV   83   12  0.1036E-10  0.1039E-10
CALSDV   84   12  0.1093E-10  0.1096E-10
CALSDV   85   12  0.1199E-10  0.1202E-10
CALSDV   86   12  0.1261E-10  0.1264E-10
CALSDV   87   12  0.1157E-10  0.1158E-10
CALSDV   88   12  0.1221E-10  0.1222E-10
CALSDV   89   12  0.1361E-10  0.1362E-10
CALSDV   90   12  0.1447E-10  0.1448E-10
CALSDV   13   13  0.7999E-11  0.7973E-11
CALSDV   14   13  0.2869E-11  0.2877E-11
CALSDV   15   13  0.3769E-11  0.3782E-11
CALSDV   16   13  0.1774E-11  0.1782E-11
CALSDV   17   13  0.3345E-11  0.3365E-11
CALSDV   18   13  0.1544E-11  0.1551E-11
CALSDV   19   13  0.2911E-11  0.2915E-11
CALSDV   20   13  0.1437E-11  0.1444E-11
CALSDV   21   13  0.2400E-11  0.2394E-11
CALSDV   22   13  0.1377E-11  0.1386E-11
CALSDV   23   13  0.1954E-11  0.1945E-11
CALSDV   24   13  0.1392E-11  0.1401E-11
CALSDV   25   13  0.1618E-11  0.1612E-11
CALSDV   26   13  0.1341E-11  0.1349E-11
CALSDV   27   13  0.1431E-11  0.1425E-11
CALSDV   28   13  0.1289E-11  0.1297E-11
CALSDV   29   13  0.1338E-11  0.1333E-11
CALSDV   30   13  0.1247E-11  0.1255E-11
CALSDV   31   13  0.1283E-11  0.1280E-11
CALSDV   32   13  0.1222E-11  0.1230E-11
CALSDV   33   13  0.1297E-11  0.1295E-11
CALSDV   34   13  0.1209E-11  0.1216E-11
CALSDV   35   13  0.1302E-11  0.1300E-11
CALSDV   36   13  0.1216E-11  0.1222E-11
CALSDV   37   13  0.1323E-11  0.1322E-11
CALSDV   38   13  0.1241E-11  0.1245E-11
CALSDV   39   13  0.1381E-11  0.1381E-11
CALSDV   40   13  0.1275E-11  0.1278E-11
CALSDV   41   13  0.1434E-11  0.1434E-11
CALSDV   42   13  0.1324E-11  0.1327E-11
CALSDV   43   13  0.1501E-11  0.1501E-11
CALSDV   44   13  0.1387E-11  0.1389E-11
CALSDV   45   13  0.1578E-11  0.1579E-11
CALSDV   46   13  0.1448E-11  0.1451E-11
CALSDV   47   13  0.1663E-11  0.1664E-11
CALSDV   48   13  0.1563E-11  0.1565E-11
CALSDV   49   13  0.1757E-11  0.1757E-11
CALSDV   50   13  0.1684E-11  0.1685E-11
CALSDV   51   13  0.1865E-11  0.1865E-11
CALSDV   52   13  0.1822E-11  0.1823E-11
CALSDV   53   13  0.1997E-11  0.1997E-11
CALSDV   54   13  0.1997E-11  0.1997E-11
CALSDV   55   13  0.2146E-11  0.2146E-11
CALSDV   56   13  0.2194E-11  0.2193E-11
CALSDV   57   13  0.2322E-11  0.2322E-11
CALSDV   58   13  0.2411E-11  0.2410E-11
CALSDV   59   13  0.2530E-11  0.2530E-11
CALSDV   60   13  0.2661E-11  0.2661E-11
CALSDV   61   13  0.2763E-11  0.2763E-11
CALSDV   62   13  0.2953E-11  0.2952E-11
CALSDV   63   13  0.3073E-11  0.3072E-11
CALSDV   64   13  0.3281E-11  0.3281E-11
CALSDV   65   13  0.3423E-11  0.3423E-11
CALSDV   66   13  0.3656E-11  0.3656E-11
CALSDV   67   13  0.3835E-11  0.3835E-11
CALSDV   68   13  0.4095E-11  0.4095E-11
CALSDV   69   13  0.4326E-11  0.4326E-11
CALSDV   70   13  0.4612E-11  0.4612E-11
CALSDV   71   13  0.4901E-11  0.4898E-11
CALSDV   72   13  0.5202E-11  0.5202E-11
CALSDV   73   13  0.5554E-11  0.5554E-11
CALSDV   74   13  0.5887E-11  0.5887E-11
CALSDV   75   13  0.6329E-11  0.6326E-11
CALSDV   76   13  0.6679E-11  0.6679E-11
CALSDV   77   13  0.7242E-11  0.7239E-11
CALSDV   78   13  0.7649E-11  0.7645E-11
CALSDV   79   13  0.8265E-11  0.8261E-11
CALSDV   80   13  0.8695E-11  0.8692E-11
CALSDV   81   13  0.9404E-11  0.9396E-11
CALSDV   82   13  0.9894E-11  0.9887E-11
CALSDV   83   13  0.1089E-10  0.1089E-10
CALSDV   84   13  0.1145E-10  0.1144E-10
CALSDV   85   13  0.1209E-10  0.1208E-10
CALSDV   86   13  0.1268E-10  0.1267E-10
CALSDV   87   13  0.1266E-10  0.1265E-10
CALSDV   88   13  0.1331E-10  0.1330E-10
CALSDV   89   13  0.1411E-10  0.1411E-10
CALSDV   90   13  0.1494E-10  0.1494E-10
CALSDV   14   14  0.2736E-11  0.2591E-11
CALSDV   15   14  0.6468E-11  0.6398E-11
CALSDV   16   14  0.1979E-11  0.1949E-11
CALSDV   17   14  0.4256E-11  0.4180E-11
CALSDV   18   14  0.2138E-11  0.2129E-11
CALSDV   19   14  0.2850E-11  0.2810E-11
CALSDV   20   14  0.1818E-11  0.1808E-11
CALSDV   21   14  0.2131E-11  0.2117E-11
CALSDV   22   14  0.1493E-11  0.1485E-11
CALSDV   23   14  0.1810E-11  0.1805E-11
CALSDV   24   14  0.1368E-11  0.1361E-11
CALSDV   25   14  0.1627E-11  0.1623E-11
CALSDV   26   14  0.1330E-11  0.1326E-11
CALSDV   27   14  0.1518E-11  0.1513E-11
CALSDV   28   14  0.1391E-11  0.1384E-11
CALSDV   29   14  0.1450E-11  0.1445E-11
CALSDV   30   14  0.1477E-11  0.1469E-11
CALSDV   31   14  0.1395E-11  0.1390E-11
CALSDV   32   14  0.1555E-11  0.1546E-11
CALSDV   33   14  0.1406E-11  0.1400E-11
CALSDV   34   14  0.1605E-11  0.1594E-11
CALSDV   35   14  0.1408E-11  0.1400E-11
CALSDV   36   14  0.1644E-11  0.1632E-11
CALSDV   37   14  0.1429E-11  0.1421E-11
CALSDV   38   14  0.1677E-11  0.1663E-11
CALSDV   39   14  0.1493E-11  0.1483E-11
CALSDV   40   14  0.1702E-11  0.1687E-11
CALSDV   41   14  0.1552E-11  0.1541E-11
CALSDV   42   14  0.1736E-11  0.1721E-11
CALSDV   43   14  0.1624E-11  0.1612E-11
CALSDV   44   14  0.1779E-11  0.1763E-11
CALSDV   45   14  0.1706E-11  0.1691E-11
CALSDV   46   14  0.1814E-11  0.1796E-11
CALSDV   47   14  0.1795E-11  0.1778E-11
CALSDV   48   14  0.1911E-11  0.1891E-11
CALSDV   49   14  0.1890E-11  0.1871E-11
CALSDV   50   14  0.2012E-11  0.1989E-11
CALSDV   51   14  0.1997E-11  0.1976E-11
CALSDV   52   14  0.2130E-11  0.2106E-11
CALSDV   53   14  0.2130E-11  0.2106E-11
CALSDV   54   14  0.2288E-11  0.2261E-11
CALSDV   55   14  0.2278E-11  0.2252E-11
CALSDV   56   14  0.2468E-11  0.2438E-11
CALSDV   57   14  0.2452E-11  0.2424E-11
CALSDV   58   14  0.2668E-11  0.2637E-11
CALSDV   59   14  0.2659E-11  0.2628E-11
CALSDV   60   14  0.2905E-11  0.2870E-11
CALSDV   61   14  0.2890E-11  0.2856E-11
CALSDV   62   14  0.3183E-11  0.3145E-11
CALSDV   63   14  0.3199E-11  0.3159E-11
CALSDV   64   14  0.3500E-11  0.3459E-11
CALSDV   65   14  0.3548E-11  0.3505E-11
CALSDV   66   14  0.3865E-11  0.3820E-11
CALSDV   67   14  0.3960E-11  0.3912E-11
CALSDV   68   14  0.4294E-11  0.4242E-11
CALSDV   69   14  0.4453E-11  0.4398E-11
CALSDV   70   14  0.4803E-11  0.4747E-11
CALSDV   71   14  0.5027E-11  0.4968E-11
CALSDV   72   14  0.5389E-11  0.5322E-11
CALSDV   73   14  0.5683E-11  0.5615E-11
CALSDV   74   14  0.6067E-11  0.5996E-11
CALSDV   75   14  0.6457E-11  0.6381E-11
CALSDV   76   14  0.6858E-11  0.6775E-11
CALSDV   77   14  0.7373E-11  0.7285E-11
CALSDV   78   14  0.7822E-11  0.7730E-11
CALSDV   79   14  0.8436E-11  0.8330E-11
CALSDV   80   14  0.8905E-11  0.8800E-11
CALSDV   81   14  0.9677E-11  0.9561E-11
CALSDV   82   14  0.1020E-10  0.1007E-10
CALSDV   83   14  0.1109E-10  0.1096E-10
CALSDV   84   14  0.1167E-10  0.1153E-10
CALSDV   85   14  0.1236E-10  0.1222E-10
CALSDV   86   14  0.1298E-10  0.1285E-10
CALSDV   87   14  0.1420E-10  0.1405E-10
CALSDV   88   14  0.1498E-10  0.1483E-10
CALSDV   89   14  0.1437E-10  0.1427E-10
CALSDV   90   14  0.1530E-10  0.1519E-10
CALSDV   15   15  0.7204E-11  0.7474E-11
CALSDV   16   15  0.2864E-11  0.2883E-11
CALSDV   17   15  0.3415E-11  0.3561E-11
CALSDV   18   15  0.1806E-11  0.1789E-11
CALSDV   19   15  0.3242E-11  0.3302E-11
CALSDV   20   15  0.1647E-11  0.1603E-11
CALSDV   21   15  0.2922E-11  0.2992E-11
CALSDV   22   15  0.1680E-11  0.1631E-11
CALSDV   23   15  0.2516E-11  0.2618E-11
CALSDV   24   15  0.1761E-11  0.1710E-11
CALSDV   25   15  0.2128E-11  0.2250E-11
CALSDV   26   15  0.1722E-11  0.1675E-11
CALSDV   27   15  0.1863E-11  0.1989E-11
CALSDV   28   15  0.1657E-11  0.1615E-11
CALSDV   29   15  0.1703E-11  0.1821E-11
CALSDV   30   15  0.1585E-11  0.1548E-11
CALSDV   31   15  0.1595E-11  0.1698E-11
CALSDV   32   15  0.1524E-11  0.1493E-11
CALSDV   33   15  0.1582E-11  0.1671E-11
CALSDV   34   15  0.1475E-11  0.1448E-11
CALSDV   35   15  0.1568E-11  0.1641E-11
CALSDV   36   15  0.1455E-11  0.1431E-11
CALSDV   37   15  0.1579E-11  0.1638E-11
CALSDV   38   15  0.1459E-11  0.1437E-11
CALSDV   39   15  0.1637E-11  0.1685E-11
CALSDV   40   15  0.1477E-11  0.1457E-11
CALSDV   41   15  0.1688E-11  0.1726E-11
CALSDV   42   15  0.1519E-11  0.1500E-11
CALSDV   43   15  0.1754E-11  0.1785E-11
CALSDV   44   15  0.1576E-11  0.1558E-11
CALSDV   45   15  0.1829E-11  0.1853E-11
CALSDV   46   15  0.1630E-11  0.1613E-11
CALSDV   47   15  0.1910E-11  0.1928E-11
CALSDV   48   15  0.1746E-11  0.1730E-11
CALSDV   49   15  0.1999E-11  0.2012E-11
CALSDV   50   15  0.1865E-11  0.1850E-11
CALSDV   51   15  0.2099E-11  0.2109E-11
CALSDV   52   15  0.2003E-11  0.1989E-11
CALSDV   53   15  0.2225E-11  0.2231E-11
CALSDV   54   15  0.2178E-11  0.2165E-11
CALSDV   55   15  0.2368E-11  0.2371E-11
CALSDV   56   15  0.2374E-11  0.2362E-11
CALSDV   57   15  0.2536E-11  0.2536E-11
CALSDV   58   15  0.2590E-11  0.2579E-11
CALSDV   59   15  0.2737E-11  0.2736E-11
CALSDV   60   15  0.2840E-11  0.2831E-11
CALSDV   61   15  0.2962E-11  0.2960E-11
CALSDV   62   15  0.3132E-11  0.3122E-11
CALSDV   63   15  0.3267E-11  0.3264E-11
CALSDV   64   15  0.3459E-11  0.3450E-11
CALSDV   65   15  0.3614E-11  0.3608E-11
CALSDV   66   15  0.3833E-11  0.3823E-11
CALSDV   67   15  0.4020E-11  0.4014E-11
CALSDV   68   15  0.4271E-11  0.4261E-11
CALSDV   69   15  0.4508E-11  0.4502E-11
CALSDV   70   15  0.4787E-11  0.4777E-11
CALSDV   71   15  0.5077E-11  0.5070E-11
CALSDV   72   15  0.5376E-11  0.5363E-11
CALSDV   73   15  0.5727E-11  0.5720E-11
CALSDV   74   15  0.6057E-11  0.6044E-11
CALSDV   75   15  0.6492E-11  0.6481E-11
CALSDV   76   15  0.6841E-11  0.6831E-11
CALSDV   77   15  0.7405E-11  0.7395E-11
CALSDV   78   15  0.7804E-11  0.7790E-11
CALSDV   79   15  0.8472E-11  0.8454E-11
CALSDV   80   15  0.8898E-11  0.8883E-11
CALSDV   81   15  0.9700E-11  0.9685E-11
CALSDV   82   15  0.1020E-10  0.1018E-10
CALSDV   83   15  0.1115E-10  0.1113E-10
CALSDV   84   15  0.1170E-10  0.1169E-10
CALSDV   85   15  0.1285E-10  0.1283E-10
CALSDV   86   15  0.1345E-10  0.1343E-10
CALSDV   87   15  0.1484E-10  0.1480E-10
CALSDV   88   15  0.1559E-10  0.1554E-10
CALSDV   89   15  0.1476E-10  0.1472E-10
CALSDV   90   15  0.1569E-10  0.1566E-10
CALSDV   16   16  0.2369E-11  0.2688E-11
CALSDV   17   16  0.5794E-11  0.6304E-11
CALSDV   18   16  0.2263E-11  0.2321E-11
CALSDV   19   16  0.3818E-11  0.4125E-11
CALSDV   20   16  0.2371E-11  0.2351E-11
CALSDV   21   16  0.2847E-11  0.2990E-11
CALSDV   22   16  0.2034E-11  0.2022E-11
CALSDV   23   16  0.2343E-11  0.2397E-11
CALSDV   24   16  0.1804E-11  0.1810E-11
CALSDV   25   16  0.1980E-11  0.2001E-11
CALSDV   26   16  0.1622E-11  0.1640E-11
CALSDV   27   16  0.1738E-11  0.1749E-11
CALSDV   28   16  0.1583E-11  0.1603E-11
CALSDV   29   16  0.1587E-11  0.1594E-11
CALSDV   30   16  0.1626E-11  0.1642E-11
CALSDV   31   16  0.1489E-11  0.1494E-11
CALSDV   32   16  0.1695E-11  0.1705E-11
CALSDV   33   16  0.1490E-11  0.1491E-11
CALSDV   34   16  0.1752E-11  0.1758E-11
CALSDV   35   16  0.1497E-11  0.1497E-11
CALSDV   36   16  0.1804E-11  0.1808E-11
CALSDV   37   16  0.1536E-11  0.1534E-11
CALSDV   38   16  0.1851E-11  0.1854E-11
CALSDV   39   16  0.1622E-11  0.1619E-11
CALSDV   40   16  0.1889E-11  0.1891E-11
CALSDV   41   16  0.1701E-11  0.1697E-11
CALSDV   42   16  0.1933E-11  0.1936E-11
CALSDV   43   16  0.1794E-11  0.1790E-11
CALSDV   44   16  0.1985E-11  0.1989E-11
CALSDV   45   16  0.1892E-11  0.1889E-11
CALSDV   46   16  0.2023E-11  0.2028E-11
CALSDV   47   16  0.1993E-11  0.1991E-11
CALSDV   48   16  0.2128E-11  0.2133E-11
CALSDV   49   16  0.2096E-11  0.2096E-11
CALSDV   50   16  0.2232E-11  0.2238E-11
CALSDV   51   16  0.2209E-11  0.2211E-11
CALSDV   52   16  0.2351E-11  0.2359E-11
CALSDV   53   16  0.2344E-11  0.2346E-11
CALSDV   54   16  0.2510E-11  0.2519E-11
CALSDV   55   16  0.2492E-11  0.2497E-11
CALSDV   56   16  0.2689E-11  0.2698E-11
CALSDV   57   16  0.2665E-11  0.2670E-11
CALSDV   58   16  0.2886E-11  0.2896E-11
CALSDV   59   16  0.2869E-11  0.2876E-11
CALSDV   60   16  0.3116E-11  0.3129E-11
CALSDV   61   16  0.3094E-11  0.3104E-11
CALSDV   62   16  0.3390E-11  0.3403E-11
CALSDV   63   16  0.3400E-11  0.3409E-11
CALSDV   64   16  0.3701E-11  0.3716E-11
CALSDV   65   16  0.3746E-11  0.3758E-11
CALSDV   66   16  0.4057E-11  0.4073E-11
CALSDV   67   16  0.4147E-11  0.4163E-11
CALSDV   68   16  0.4476E-11  0.4495E-11
CALSDV   69   16  0.4635E-11  0.4651E-11
CALSDV   70   16  0.4975E-11  0.4998E-11
CALSDV   71   16  0.5196E-11  0.5223E-11
CALSDV   72   16  0.5550E-11  0.5577E-11
CALSDV   73   16  0.5842E-11  0.5872E-11
CALSDV   74   16  0.6217E-11  0.6248E-11
CALSDV   75   16  0.6602E-11  0.6633E-11
CALSDV   76   16  0.6986E-11  0.7024E-11
CALSDV   77   16  0.7501E-11  0.7543E-11
CALSDV   78   16  0.7935E-11  0.7978E-11
CALSDV   79   16  0.8556E-11  0.8603E-11
CALSDV   80   16  0.9007E-11  0.9057E-11
CALSDV   81   16  0.9782E-11  0.9838E-11
CALSDV   82   16  0.1029E-10  0.1035E-10
CALSDV   83   16  0.1129E-10  0.1136E-10
CALSDV   84   16  0.1187E-10  0.1193E-10
CALSDV   85   16  0.1316E-10  0.1324E-10
CALSDV   86   16  0.1380E-10  0.1388E-10
CALSDV   87   16  0.1501E-10  0.1512E-10
CALSDV   88   16  0.1579E-10  0.1590E-10
CALSDV   89   16  0.1627E-10  0.1637E-10
CALSDV   90   16  0.1721E-10  0.1731E-10
CALSDV   17   17  0.7847E-11  0.8384E-11
CALSDV   18   17  0.3343E-11  0.3313E-11
CALSDV   19   17  0.3920E-11  0.4102E-11
CALSDV   20   17  0.1733E-11  0.1675E-11
CALSDV   21   17  0.3333E-11  0.3405E-11
CALSDV   22   17  0.1758E-11  0.1720E-11
CALSDV   23   17  0.2779E-11  0.2815E-11
CALSDV   24   17  0.2121E-11  0.2089E-11
CALSDV   25   17  0.2364E-11  0.2383E-11
CALSDV   26   17  0.2203E-11  0.2181E-11
CALSDV   27   17  0.2158E-11  0.2174E-11
CALSDV   28   17  0.2127E-11  0.2110E-11
CALSDV   29   17  0.2071E-11  0.2084E-11
CALSDV   30   17  0.1978E-11  0.1966E-11
CALSDV   31   17  0.2010E-11  0.2021E-11
CALSDV   32   17  0.1834E-11  0.1823E-11
CALSDV   33   17  0.2021E-11  0.2033E-11
CALSDV   34   17  0.1721E-11  0.1711E-11
CALSDV   35   17  0.1997E-11  0.2011E-11
CALSDV   36   17  0.1667E-11  0.1658E-11
CALSDV   37   17  0.1988E-11  0.2002E-11
CALSDV   38   17  0.1662E-11  0.1655E-11
CALSDV   39   17  0.2028E-11  0.2042E-11
CALSDV   40   17  0.1685E-11  0.1678E-11
CALSDV   41   17  0.2055E-11  0.2070E-11
CALSDV   42   17  0.1737E-11  0.1730E-11
CALSDV   43   17  0.2100E-11  0.2114E-11
CALSDV   44   17  0.1809E-11  0.1801E-11
CALSDV   45   17  0.2158E-11  0.2171E-11
CALSDV   46   17  0.1874E-11  0.1865E-11
CALSDV   47   17  0.2225E-11  0.2236E-11
CALSDV   48   17  0.2004E-11  0.1994E-11
CALSDV   49   17  0.2300E-11  0.2309E-11
CALSDV   50   17  0.2134E-11  0.2123E-11
CALSDV   51   17  0.2393E-11  0.2397E-11
CALSDV   52   17  0.2277E-11  0.2267E-11
CALSDV   53   17  0.2510E-11  0.2514E-11
CALSDV   54   17  0.2459E-11  0.2448E-11
CALSDV   55   17  0.2645E-11  0.2647E-11
CALSDV   56   17  0.2659E-11  0.2646E-11
CALSDV   57   17  0.2807E-11  0.2807E-11
CALSDV   58   17  0.2875E-11  0.2862E-11
CALSDV   59   17  0.3004E-11  0.3001E-11
CALSDV   60   17  0.3126E-11  0.3110E-11
CALSDV   61   17  0.3225E-11  0.3219E-11
CALSDV   62   17  0.3412E-11  0.3397E-11
CALSDV   63   17  0.3527E-11  0.3517E-11
CALSDV   64   17  0.3736E-11  0.3720E-11
CALSDV   65   17  0.3868E-11  0.3858E-11
CALSDV   66   17  0.4105E-11  0.4089E-11
CALSDV   67   17  0.4272E-11  0.4262E-11
CALSDV   68   17  0.4537E-11  0.4518E-11
CALSDV   69   17  0.4758E-11  0.4745E-11
CALSDV   70   17  0.5051E-11  0.5028E-11
CALSDV   71   17  0.5326E-11  0.5306E-11
CALSDV   72   17  0.5634E-11  0.5607E-11
CALSDV   73   17  0.5974E-11  0.5950E-11
CALSDV   74   17  0.6312E-11  0.6278E-11
CALSDV   75   17  0.6737E-11  0.6706E-11
CALSDV   76   17  0.7090E-11  0.7052E-11
CALSDV   77   17  0.7646E-11  0.7611E-11
CALSDV   78   17  0.8052E-11  0.8003E-11
CALSDV   79   17  0.8709E-11  0.8661E-11
CALSDV   80   17  0.9137E-11  0.9083E-11
CALSDV   81   17  0.9939E-11  0.9887E-11
CALSDV   82   17  0.1044E-10  0.1038E-10
CALSDV   83   17  0.1148E-10  0.1142E-10
CALSDV   84   17  0.1204E-10  0.1198E-10
CALSDV   85   17  0.1337E-10  0.1330E-10
CALSDV   86   17  0.1401E-10  0.1393E-10
CALSDV   87   17  0.1531E-10  0.1525E-10
CALSDV   88   17  0.1608E-10  0.1602E-10
CALSDV   89   17  0.1798E-10  0.1793E-10
CALSDV   90   17  0.1905E-10  0.1899E-10
CALSDV   18   18  0.2955E-11  0.2914E-11
CALSDV   19   18  0.5383E-11  0.5436E-11
CALSDV   20   18  0.2484E-11  0.2466E-11
CALSDV   21   18  0.3177E-11  0.3265E-11
CALSDV   22   18  0.2532E-11  0.2518E-11
CALSDV   23   18  0.2612E-11  0.2655E-11
CALSDV   24   18  0.2260E-11  0.2246E-11
CALSDV   25   18  0.2476E-11  0.2488E-11
CALSDV   26   18  0.1906E-11  0.1895E-11
CALSDV   27   18  0.2302E-11  0.2300E-11
CALSDV   28   18  0.1744E-11  0.1735E-11
CALSDV   29   18  0.2078E-11  0.2073E-11
CALSDV   30   18  0.1755E-11  0.1750E-11
CALSDV   31   18  0.1840E-11  0.1834E-11
CALSDV   32   18  0.1840E-11  0.1836E-11
CALSDV   33   18  0.1709E-11  0.1703E-11
CALSDV   34   18  0.1914E-11  0.1911E-11
CALSDV   35   18  0.1616E-11  0.1612E-11
CALSDV   36   18  0.1976E-11  0.1974E-11
CALSDV   37   18  0.1603E-11  0.1599E-11
CALSDV   38   18  0.2026E-11  0.2024E-11
CALSDV   39   18  0.1682E-11  0.1678E-11
CALSDV   40   18  0.2062E-11  0.2058E-11
CALSDV   41   18  0.1780E-11  0.1777E-11
CALSDV   42   18  0.2105E-11  0.2101E-11
CALSDV   43   18  0.1906E-11  0.1903E-11
CALSDV   44   18  0.2155E-11  0.2151E-11
CALSDV   45   18  0.2043E-11  0.2040E-11
CALSDV   46   18  0.2192E-11  0.2189E-11
CALSDV   47   18  0.2182E-11  0.2178E-11
CALSDV   48   18  0.2303E-11  0.2300E-11
CALSDV   49   18  0.2318E-11  0.2314E-11
CALSDV   50   18  0.2411E-11  0.2409E-11
CALSDV   51   18  0.2460E-11  0.2455E-11
CALSDV   52   18  0.2539E-11  0.2536E-11
CALSDV   53   18  0.2617E-11  0.2612E-11
CALSDV   54   18  0.2706E-11  0.2705E-11
CALSDV   55   18  0.2782E-11  0.2777E-11
CALSDV   56   18  0.2894E-11  0.2893E-11
CALSDV   57   18  0.2967E-11  0.2962E-11
CALSDV   58   18  0.3099E-11  0.3099E-11
CALSDV   59   18  0.3181E-11  0.3175E-11
CALSDV   60   18  0.3337E-11  0.3337E-11
CALSDV   61   18  0.3411E-11  0.3405E-11
CALSDV   62   18  0.3620E-11  0.3617E-11
CALSDV   63   18  0.3721E-11  0.3718E-11
CALSDV   64   18  0.3936E-11  0.3932E-11
CALSDV   65   18  0.4068E-11  0.4065E-11
CALSDV   66   18  0.4295E-11  0.4295E-11
CALSDV   67   18  0.4478E-11  0.4472E-11
CALSDV   68   18  0.4719E-11  0.4719E-11
CALSDV   69   18  0.4966E-11  0.4956E-11
CALSDV   70   18  0.5226E-11  0.5222E-11
CALSDV   71   18  0.5531E-11  0.5521E-11
CALSDV   72   18  0.5805E-11  0.5798E-11
CALSDV   73   18  0.6173E-11  0.6166E-11
CALSDV   74   18  0.6472E-11  0.6469E-11
CALSDV   75   18  0.6930E-11  0.6920E-11
CALSDV   76   18  0.7249E-11  0.7242E-11
CALSDV   77   18  0.7830E-11  0.7820E-11
CALSDV   78   18  0.8201E-11  0.8197E-11
CALSDV   79   18  0.8876E-11  0.8869E-11
CALSDV   80   18  0.9278E-11  0.9271E-11
CALSDV   81   18  0.1009E-10  0.1008E-10
CALSDV   82   18  0.1056E-10  0.1056E-10
CALSDV   83   18  0.1162E-10  0.1162E-10
CALSDV   84   18  0.1216E-10  0.1215E-10
CALSDV   85   18  0.1353E-10  0.1352E-10
CALSDV   86   18  0.1412E-10  0.1411E-10
CALSDV   87   18  0.1564E-10  0.1562E-10
CALSDV   88   18  0.1633E-10  0.1632E-10
CALSDV   89   18  0.1894E-10  0.1892E-10
CALSDV   90   18  0.1994E-10  0.1993E-10
CALSDV   19   19  0.5766E-11  0.5637E-11
CALSDV   20   19  0.3348E-11  0.3363E-11
CALSDV   21   19  0.3551E-11  0.3512E-11
CALSDV   22   19  0.1597E-11  0.1586E-11
CALSDV   23   19  0.2974E-11  0.2995E-11
CALSDV   24   19  0.1838E-11  0.1824E-11
CALSDV   25   19  0.2303E-11  0.2347E-11
CALSDV   26   19  0.2334E-11  0.2325E-11
CALSDV   27   19  0.1936E-11  0.1988E-11
CALSDV   28   19  0.2520E-11  0.2516E-11
CALSDV   29   19  0.1856E-11  0.1895E-11
CALSDV   30   19  0.2451E-11  0.2450E-11
CALSDV   31   19  0.1882E-11  0.1909E-11
CALSDV   32   19  0.2258E-11  0.2259E-11
CALSDV   33   19  0.1989E-11  0.2005E-11
CALSDV   34   19  0.2036E-11  0.2038E-11
CALSDV   35   19  0.2037E-11  0.2046E-11
CALSDV   36   19  0.1874E-11  0.1875E-11
CALSDV   37   19  0.2073E-11  0.2077E-11
CALSDV   38   19  0.1791E-11  0.1790E-11
CALSDV   39   19  0.2140E-11  0.2140E-11
CALSDV   40   19  0.1775E-11  0.1774E-11
CALSDV   41   19  0.2181E-11  0.2176E-11
CALSDV   42   19  0.1821E-11  0.1820E-11
CALSDV   43   19  0.2235E-11  0.2228E-11
CALSDV   44   19  0.1907E-11  0.1906E-11
CALSDV   45   19  0.2301E-11  0.2291E-11
CALSDV   46   19  0.1996E-11  0.1995E-11
CALSDV   47   19  0.2376E-11  0.2365E-11
CALSDV   48   19  0.2158E-11  0.2156E-11
CALSDV   49   19  0.2463E-11  0.2450E-11
CALSDV   50   19  0.2319E-11  0.2316E-11
CALSDV   51   19  0.2566E-11  0.2552E-11
CALSDV   52   19  0.2493E-11  0.2490E-11
CALSDV   53   19  0.2699E-11  0.2685E-11
CALSDV   54   19  0.2702E-11  0.2699E-11
CALSDV   55   19  0.2850E-11  0.2834E-11
CALSDV   56   19  0.2927E-11  0.2923E-11
CALSDV   57   19  0.3027E-11  0.3010E-11
CALSDV   58   19  0.3163E-11  0.3157E-11
CALSDV   59   19  0.3235E-11  0.3220E-11
CALSDV   60   19  0.3427E-11  0.3423E-11
CALSDV   61   19  0.3468E-11  0.3453E-11
CALSDV   62   19  0.3730E-11  0.3724E-11
CALSDV   63   19  0.3783E-11  0.3768E-11
CALSDV   64   19  0.4063E-11  0.4056E-11
CALSDV   65   19  0.4137E-11  0.4122E-11
CALSDV   66   19  0.4439E-11  0.4430E-11
CALSDV   67   19  0.4552E-11  0.4536E-11
CALSDV   68   19  0.4872E-11  0.4866E-11
CALSDV   69   19  0.5044E-11  0.5028E-11
CALSDV   70   19  0.5384E-11  0.5378E-11
CALSDV   71   19  0.5614E-11  0.5601E-11
CALSDV   72   19  0.5966E-11  0.5956E-11
CALSDV   73   19  0.6268E-11  0.6251E-11
CALSDV   74   19  0.6639E-11  0.6629E-11
CALSDV   75   19  0.7030E-11  0.7013E-11
CALSDV   76   19  0.7418E-11  0.7404E-11
CALSDV   77   19  0.7940E-11  0.7919E-11
CALSDV   78   19  0.8374E-11  0.8357E-11
CALSDV   79   19  0.8996E-11  0.8971E-11
CALSDV   80   19  0.9452E-11  0.9430E-11
CALSDV   81   19  0.1022E-10  0.1019E-10
CALSDV   82   19  0.1072E-10  0.1070E-10
CALSDV   83   19  0.1177E-10  0.1173E-10
CALSDV   84   19  0.1233E-10  0.1229E-10
CALSDV   85   19  0.1370E-10  0.1365E-10
CALSDV   86   19  0.1433E-10  0.1429E-10
CALSDV   87   19  0.1584E-10  0.1579E-10
CALSDV   88   19  0.1664E-10  0.1658E-10
CALSDV   89   19  0.1923E-10  0.1916E-10
CALSDV   90   19  0.2037E-10  0.2029E-10
CALSDV   20   20  0.2628E-11  0.2653E-11
CALSDV   21   20  0.4186E-11  0.4182E-11
CALSDV   22   20  0.2492E-11  0.2493E-11
CALSDV   23   20  0.2050E-11  0.2015E-11
CALSDV   24   20  0.2708E-11  0.2690E-11
CALSDV   25   20  0.2068E-11  0.2045E-11
CALSDV   26   20  0.2317E-11  0.2298E-11
CALSDV   27   20  0.2385E-11  0.2371E-11
CALSDV   28   20  0.1974E-11  0.1952E-11
CALSDV   29   20  0.2434E-11  0.2423E-11
CALSDV   30   20  0.1856E-11  0.1840E-11
CALSDV   31   20  0.2275E-11  0.2266E-11
CALSDV   32   20  0.1915E-11  0.1908E-11
CALSDV   33   20  0.2117E-11  0.2110E-11
CALSDV   34   20  0.2013E-11  0.2009E-11
CALSDV   35   20  0.1928E-11  0.1923E-11
CALSDV   36   20  0.2097E-11  0.2095E-11
CALSDV   37   20  0.1813E-11  0.1811E-11
CALSDV   38   20  0.2157E-11  0.2155E-11
CALSDV   39   20  0.1820E-11  0.1818E-11
CALSDV   40   20  0.2190E-11  0.2189E-11
CALSDV   41   20  0.1883E-11  0.1883E-11
CALSDV   42   20  0.2227E-11  0.2226E-11
CALSDV   43   20  0.2008E-11  0.2009E-11
CALSDV   44   20  0.2271E-11  0.2271E-11
CALSDV   45   20  0.2165E-11  0.2168E-11
CALSDV   46   20  0.2304E-11  0.2304E-11
CALSDV   47   20  0.2335E-11  0.2338E-11
CALSDV   48   20  0.2419E-11  0.2418E-11
CALSDV   49   20  0.2505E-11  0.2509E-11
CALSDV   50   20  0.2536E-11  0.2535E-11
CALSDV   51   20  0.2679E-11  0.2683E-11
CALSDV   52   20  0.2674E-11  0.2673E-11
CALSDV   53   20  0.2867E-11  0.2871E-11
CALSDV   54   20  0.2859E-11  0.2858E-11
CALSDV   55   20  0.3059E-11  0.3063E-11
CALSDV   56   20  0.3064E-11  0.3061E-11
CALSDV   57   20  0.3265E-11  0.3268E-11
CALSDV   58   20  0.3286E-11  0.3283E-11
CALSDV   59   20  0.3500E-11  0.3500E-11
CALSDV   60   20  0.3545E-11  0.3541E-11
CALSDV   61   20  0.3742E-11  0.3742E-11
CALSDV   62   20  0.3843E-11  0.3840E-11
CALSDV   63   20  0.4067E-11  0.4070E-11
CALSDV   64   20  0.4174E-11  0.4171E-11
CALSDV   65   20  0.4425E-11  0.4425E-11
CALSDV   66   20  0.4548E-11  0.4545E-11
CALSDV   67   20  0.4841E-11  0.4841E-11
CALSDV   68   20  0.4986E-11  0.4983E-11
CALSDV   69   20  0.5333E-11  0.5333E-11
CALSDV   70   20  0.5500E-11  0.5496E-11
CALSDV   71   20  0.5899E-11  0.5899E-11
CALSDV   72   20  0.6083E-11  0.6079E-11
CALSDV   73   20  0.6542E-11  0.6542E-11
CALSDV   74   20  0.6758E-11  0.6754E-11
CALSDV   75   20  0.7293E-11  0.7289E-11
CALSDV   76   20  0.7535E-11  0.7532E-11
CALSDV   77   20  0.8184E-11  0.8181E-11
CALSDV   78   20  0.8495E-11  0.8491E-11
CALSDV   79   20  0.9229E-11  0.9222E-11
CALSDV   80   20  0.9575E-11  0.9571E-11
CALSDV   81   20  0.1045E-10  0.1044E-10
CALSDV   82   20  0.1086E-10  0.1086E-10
CALSDV   83   20  0.1199E-10  0.1198E-10
CALSDV   84   20  0.1247E-10  0.1246E-10
CALSDV   85   20  0.1393E-10  0.1392E-10
CALSDV   86   20  0.1446E-10  0.1446E-10
CALSDV   87   20  0.1620E-10  0.1620E-10
CALSDV   88   20  0.1683E-10  0.1682E-10
CALSDV   89   20  0.1970E-10  0.1969E-10
CALSDV   90   20  0.2069E-10  0.2068E-10
CALSDV   21   21  0.3547E-11  0.3561E-11
CALSDV   22   21  0.3253E-11  0.3241E-11
CALSDV   23   21  0.2944E-11  0.2940E-11
CALSDV   24   21  0.1716E-11  0.1708E-11
CALSDV   25   21  0.2575E-11  0.2584E-11
CALSDV   26   21  0.1920E-11  0.1911E-11
CALSDV   27   21  0.2004E-11  0.2020E-11
CALSDV   28   21  0.2442E-11  0.2433E-11
CALSDV   29   21  0.1724E-11  0.1733E-11
CALSDV   30   21  0.2650E-11  0.2643E-11
CALSDV   31   21  0.1712E-11  0.1718E-11
CALSDV   32   21  0.2605E-11  0.2600E-11
CALSDV   33   21  0.1869E-11  0.1873E-11
CALSDV   34   21  0.2424E-11  0.2419E-11
CALSDV   35   21  0.1987E-11  0.1989E-11
CALSDV   36   21  0.2236E-11  0.2231E-11
CALSDV   37   21  0.2064E-11  0.2067E-11
CALSDV   38   21  0.2097E-11  0.2093E-11
CALSDV   39   21  0.2149E-11  0.2150E-11
CALSDV   40   21  0.2021E-11  0.2019E-11
CALSDV   41   21  0.2186E-11  0.2187E-11
CALSDV   42   21  0.2021E-11  0.2020E-11
CALSDV   43   21  0.2227E-11  0.2227E-11
CALSDV   44   21  0.2078E-11  0.2077E-11
CALSDV   45   21  0.2281E-11  0.2279E-11
CALSDV   46   21  0.2152E-11  0.2147E-11
CALSDV   47   21  0.2350E-11  0.2349E-11
CALSDV   48   21  0.2312E-11  0.2305E-11
CALSDV   49   21  0.2440E-11  0.2439E-11
CALSDV   50   21  0.2476E-11  0.2468E-11
CALSDV   51   21  0.2559E-11  0.2557E-11
CALSDV   52   21  0.2659E-11  0.2650E-11
CALSDV   53   21  0.2713E-11  0.2713E-11
CALSDV   54   21  0.2881E-11  0.2872E-11
CALSDV   55   21  0.2893E-11  0.2892E-11
CALSDV   56   21  0.3119E-11  0.3110E-11
CALSDV   57   21  0.3102E-11  0.3102E-11
CALSDV   58   21  0.3372E-11  0.3363E-11
CALSDV   59   21  0.3345E-11  0.3345E-11
CALSDV   60   21  0.3653E-11  0.3641E-11
CALSDV   61   21  0.3608E-11  0.3611E-11
CALSDV   62   21  0.3972E-11  0.3959E-11
CALSDV   63   21  0.3959E-11  0.3959E-11
CALSDV   64   21  0.4320E-11  0.4307E-11
CALSDV   65   21  0.4341E-11  0.4344E-11
CALSDV   66   21  0.4706E-11  0.4699E-11
CALSDV   67   21  0.4784E-11  0.4787E-11
CALSDV   68   21  0.5155E-11  0.5145E-11
CALSDV   69   21  0.5301E-11  0.5307E-11
CALSDV   70   21  0.5675E-11  0.5671E-11
CALSDV   71   21  0.5896E-11  0.5903E-11
CALSDV   72   21  0.6267E-11  0.6264E-11
CALSDV   73   21  0.6562E-11  0.6569E-11
CALSDV   74   21  0.6945E-11  0.6941E-11
CALSDV   75   21  0.7334E-11  0.7345E-11
CALSDV   76   21  0.7725E-11  0.7725E-11
CALSDV   77   21  0.8252E-11  0.8262E-11
CALSDV   78   21  0.8686E-11  0.8693E-11
CALSDV   79   21  0.9313E-11  0.9327E-11
CALSDV   80   21  0.9763E-11  0.9774E-11
CALSDV   81   21  0.1055E-10  0.1057E-10
CALSDV   82   21  0.1104E-10  0.1105E-10
CALSDV   83   21  0.1211E-10  0.1212E-10
CALSDV   84   21  0.1265E-10  0.1265E-10
CALSDV   85   21  0.1407E-10  0.1408E-10
CALSDV   86   21  0.1467E-10  0.1468E-10
CALSDV   87   21  0.1639E-10  0.1640E-10
CALSDV   88   21  0.1714E-10  0.1714E-10
CALSDV   89   21  0.1992E-10  0.1992E-10
CALSDV   90   21  0.2104E-10  0.2104E-10
CALSDV   22   22  0.2501E-11  0.2506E-11
CALSDV   23   22  0.3996E-11  0.4003E-11
CALSDV   24   22  0.2843E-11  0.2815E-11
CALSDV   25   22  0.1739E-11  0.1756E-11
CALSDV   26   22  0.2889E-11  0.2853E-11
CALSDV   27   22  0.1913E-11  0.1927E-11
CALSDV   28   22  0.2421E-11  0.2394E-11
CALSDV   29   22  0.2411E-11  0.2422E-11
CALSDV   30   22  0.2056E-11  0.2047E-11
CALSDV   31   22  0.2550E-11  0.2560E-11
CALSDV   32   22  0.1991E-11  0.1996E-11
CALSDV   33   22  0.2531E-11  0.2539E-11
CALSDV   34   22  0.2097E-11  0.2104E-11
CALSDV   35   22  0.2352E-11  0.2359E-11
CALSDV   36   22  0.2235E-11  0.2242E-11
CALSDV   37   22  0.2171E-11  0.2179E-11
CALSDV   38   22  0.2333E-11  0.2337E-11
CALSDV   39   22  0.2092E-11  0.2099E-11
CALSDV   40   22  0.2381E-11  0.2383E-11
CALSDV   41   22  0.2077E-11  0.2083E-11
CALSDV   42   22  0.2412E-11  0.2412E-11
CALSDV   43   22  0.2158E-11  0.2164E-11
CALSDV   44   22  0.2441E-11  0.2439E-11
CALSDV   45   22  0.2307E-11  0.2313E-11
CALSDV   46   22  0.2455E-11  0.2453E-11
CALSDV   47   22  0.2492E-11  0.2496E-11
CALSDV   48   22  0.2559E-11  0.2557E-11
CALSDV   49   22  0.2690E-11  0.2694E-11
CALSDV   50   22  0.2672E-11  0.2672E-11
CALSDV   51   22  0.2897E-11  0.2901E-11
CALSDV   52   22  0.2817E-11  0.2817E-11
CALSDV   53   22  0.3117E-11  0.3123E-11
CALSDV   54   22  0.3015E-11  0.3018E-11
CALSDV   55   22  0.3340E-11  0.3346E-11
CALSDV   56   22  0.3244E-11  0.3244E-11
CALSDV   57   22  0.3577E-11  0.3583E-11
CALSDV   58   22  0.3492E-11  0.3495E-11
CALSDV   59   22  0.3833E-11  0.3839E-11
CALSDV   60   22  0.3777E-11  0.3780E-11
CALSDV   61   22  0.4095E-11  0.4104E-11
CALSDV   62   22  0.4104E-11  0.4110E-11
CALSDV   63   22  0.4441E-11  0.4450E-11
CALSDV   64   22  0.4463E-11  0.4469E-11
CALSDV   65   22  0.4817E-11  0.4826E-11
CALSDV   66   22  0.4860E-11  0.4873E-11
CALSDV   67   22  0.5242E-11  0.5255E-11
CALSDV   68   22  0.5321E-11  0.5330E-11
CALSDV   69   22  0.5746E-11  0.5762E-11
CALSDV   70   22  0.5853E-11  0.5869E-11
CALSDV   71   22  0.6324E-11  0.6337E-11
CALSDV   72   22  0.6455E-11  0.6471E-11
CALSDV   73   22  0.6968E-11  0.6985E-11
CALSDV   74   22  0.7139E-11  0.7156E-11
CALSDV   75   22  0.7718E-11  0.7735E-11
CALSDV   76   22  0.7922E-11  0.7940E-11
CALSDV   77   22  0.8609E-11  0.8627E-11
CALSDV   78   22  0.8884E-11  0.8905E-11
CALSDV   79   22  0.9647E-11  0.9669E-11
CALSDV   80   22  0.9969E-11  0.9991E-11
CALSDV   81   22  0.1087E-10  0.1090E-10
CALSDV   82   22  0.1126E-10  0.1129E-10
CALSDV   83   22  0.1241E-10  0.1244E-10
CALSDV   84   22  0.1286E-10  0.1290E-10
CALSDV   85   22  0.1437E-10  0.1441E-10
CALSDV   86   22  0.1490E-10  0.1493E-10
CALSDV   87   22  0.1680E-10  0.1684E-10
CALSDV   88   22  0.1746E-10  0.1751E-10
CALSDV   89   22  0.2032E-10  0.2038E-10
CALSDV   90   22  0.2137E-10  0.2143E-10
CALSDV   23   23  0.2630E-11  0.2591E-11
CALSDV   24   23  0.3565E-11  0.3553E-11
CALSDV   25   23  0.2755E-11  0.2762E-11
CALSDV   26   23  0.1848E-11  0.1841E-11
CALSDV   27   23  0.2539E-11  0.2538E-11
CALSDV   28   23  0.2054E-11  0.2083E-11
CALSDV   29   23  0.1987E-11  0.1982E-11
CALSDV   30   23  0.2589E-11  0.2618E-11
CALSDV   31   23  0.1693E-11  0.1698E-11
CALSDV   32   23  0.2805E-11  0.2833E-11
CALSDV   33   23  0.1798E-11  0.1809E-11
CALSDV   34   23  0.2755E-11  0.2780E-11
CALSDV   35   23  0.2001E-11  0.2012E-11
CALSDV   36   23  0.2604E-11  0.2627E-11
CALSDV   37   23  0.2187E-11  0.2199E-11
CALSDV   38   23  0.2449E-11  0.2471E-11
CALSDV   39   23  0.2346E-11  0.2360E-11
CALSDV   40   23  0.2336E-11  0.2359E-11
CALSDV   41   23  0.2419E-11  0.2434E-11
CALSDV   42   23  0.2301E-11  0.2325E-11
CALSDV   43   23  0.2459E-11  0.2477E-11
CALSDV   44   23  0.2332E-11  0.2355E-11
CALSDV   45   23  0.2486E-11  0.2507E-11
CALSDV   46   23  0.2387E-11  0.2411E-11
CALSDV   47   23  0.2522E-11  0.2548E-11
CALSDV   48   23  0.2543E-11  0.2566E-11
CALSDV   49   23  0.2581E-11  0.2610E-11
CALSDV   50   23  0.2707E-11  0.2729E-11
CALSDV   51   23  0.2678E-11  0.2712E-11
CALSDV   52   23  0.2892E-11  0.2913E-11
CALSDV   53   23  0.2830E-11  0.2867E-11
CALSDV   54   23  0.3120E-11  0.3141E-11
CALSDV   55   23  0.3018E-11  0.3056E-11
CALSDV   56   23  0.3369E-11  0.3387E-11
CALSDV   57   23  0.3247E-11  0.3284E-11
CALSDV   58   23  0.3630E-11  0.3648E-11
CALSDV   59   23  0.3521E-11  0.3557E-11
CALSDV   60   23  0.3923E-11  0.3942E-11
CALSDV   61   23  0.3818E-11  0.3851E-11
CALSDV   62   23  0.4255E-11  0.4273E-11
CALSDV   63   23  0.4203E-11  0.4237E-11
CALSDV   64   23  0.4619E-11  0.4634E-11
CALSDV   65   23  0.4626E-11  0.4657E-11
CALSDV   66   23  0.5023E-11  0.5036E-11
CALSDV   67   23  0.5102E-11  0.5131E-11
CALSDV   68   23  0.5486E-11  0.5499E-11
CALSDV   69   23  0.5655E-11  0.5681E-11
CALSDV   70   23  0.6028E-11  0.6038E-11
CALSDV   71   23  0.6278E-11  0.6304E-11
CALSDV   72   23  0.6632E-11  0.6642E-11
CALSDV   73   23  0.6968E-11  0.6995E-11
CALSDV   74   23  0.7326E-11  0.7333E-11
CALSDV   75   23  0.7762E-11  0.7783E-11
CALSDV   76   23  0.8116E-11  0.8126E-11
CALSDV   77   23  0.8694E-11  0.8716E-11
CALSDV   78   23  0.9093E-11  0.9096E-11
CALSDV   79   23  0.9771E-11  0.9789E-11
CALSDV   80   23  0.1018E-10  0.1019E-10
CALSDV   81   23  0.1102E-10  0.1104E-10
CALSDV   82   23  0.1146E-10  0.1147E-10
CALSDV   83   23  0.1258E-10  0.1260E-10
CALSDV   84   23  0.1308E-10  0.1309E-10
CALSDV   85   23  0.1457E-10  0.1459E-10
CALSDV   86   23  0.1513E-10  0.1514E-10
CALSDV   87   23  0.1705E-10  0.1708E-10
CALSDV   88   23  0.1775E-10  0.1778E-10
CALSDV   89   23  0.2058E-10  0.2060E-10
CALSDV   90   23  0.2168E-10  0.2169E-10
CALSDV   24   24  0.2702E-11  0.2738E-11
CALSDV   25   24  0.4130E-11  0.4142E-11
CALSDV   26   24  0.3104E-11  0.3123E-11
CALSDV   27   24  0.1812E-11  0.1817E-11
CALSDV   28   24  0.3172E-11  0.3182E-11
CALSDV   29   24  0.1993E-11  0.1998E-11
CALSDV   30   24  0.2620E-11  0.2622E-11
CALSDV   31   24  0.2585E-11  0.2592E-11
CALSDV   32   24  0.2215E-11  0.2210E-11
CALSDV   33   24  0.2900E-11  0.2906E-11
CALSDV   34   24  0.2170E-11  0.2170E-11
CALSDV   35   24  0.2875E-11  0.2880E-11
CALSDV   36   24  0.2347E-11  0.2351E-11
CALSDV   37   24  0.2710E-11  0.2714E-11
CALSDV   38   24  0.2546E-11  0.2552E-11
CALSDV   39   24  0.2562E-11  0.2566E-11
CALSDV   40   24  0.2669E-11  0.2675E-11
CALSDV   41   24  0.2431E-11  0.2437E-11
CALSDV   42   24  0.2738E-11  0.2744E-11
CALSDV   43   24  0.2407E-11  0.2416E-11
CALSDV   44   24  0.2768E-11  0.2774E-11
CALSDV   45   24  0.2491E-11  0.2498E-11
CALSDV   46   24  0.2756E-11  0.2761E-11
CALSDV   47   24  0.2656E-11  0.2663E-11
CALSDV   48   24  0.2833E-11  0.2837E-11
CALSDV   49   24  0.2866E-11  0.2873E-11
CALSDV   50   24  0.2917E-11  0.2922E-11
CALSDV   51   24  0.3103E-11  0.3109E-11
CALSDV   52   24  0.3042E-11  0.3045E-11
CALSDV   53   24  0.3365E-11  0.3371E-11
CALSDV   54   24  0.3238E-11  0.3241E-11
CALSDV   55   24  0.3627E-11  0.3633E-11
CALSDV   56   24  0.3469E-11  0.3475E-11
CALSDV   57   24  0.3900E-11  0.3906E-11
CALSDV   58   24  0.3738E-11  0.3744E-11
CALSDV   59   24  0.4192E-11  0.4201E-11
CALSDV   60   24  0.4054E-11  0.4060E-11
CALSDV   61   24  0.4487E-11  0.4496E-11
CALSDV   62   24  0.4415E-11  0.4421E-11
CALSDV   63   24  0.4867E-11  0.4876E-11
CALSDV   64   24  0.4812E-11  0.4819E-11
CALSDV   65   24  0.5271E-11  0.5277E-11
CALSDV   66   24  0.5248E-11  0.5261E-11
CALSDV   67   24  0.5723E-11  0.5729E-11
CALSDV   68   24  0.5746E-11  0.5756E-11
CALSDV   69   24  0.6249E-11  0.6256E-11
CALSDV   70   24  0.6315E-11  0.6328E-11
CALSDV   71   24  0.6841E-11  0.6851E-11
CALSDV   72   24  0.6944E-11  0.6957E-11
CALSDV   73   24  0.7498E-11  0.7509E-11
CALSDV   74   24  0.7652E-11  0.7666E-11
CALSDV   75   24  0.8256E-11  0.8270E-11
CALSDV   76   24  0.8451E-11  0.8468E-11
CALSDV   77   24  0.9151E-11  0.9165E-11
CALSDV   78   24  0.9429E-11  0.9447E-11
CALSDV   79   24  0.1020E-10  0.1022E-10
CALSDV   80   24  0.1052E-10  0.1054E-10
CALSDV   81   24  0.1143E-10  0.1145E-10
CALSDV   82   24  0.1182E-10  0.1184E-10
CALSDV   83   24  0.1296E-10  0.1299E-10
CALSDV   84   24  0.1343E-10  0.1346E-10
CALSDV   85   24  0.1496E-10  0.1499E-10
CALSDV   86   24  0.1552E-10  0.1554E-10
CALSDV   87   24  0.1753E-10  0.1755E-10
CALSDV   88   24  0.1825E-10  0.1828E-10
CALSDV   89   24  0.2097E-10  0.2100E-10
CALSDV   90   24  0.2211E-10  0.2215E-10
CALSDV   25   25  0.2572E-11  0.2581E-11
CALSDV   26   25  0.3988E-11  0.4013E-11
CALSDV   27   25  0.2903E-11  0.2904E-11
CALSDV   28   25  0.2061E-11  0.2050E-11
CALSDV   29   25  0.2817E-11  0.2812E-11
CALSDV   30   25  0.2249E-11  0.2246E-11
CALSDV   31   25  0.2204E-11  0.2198E-11
CALSDV   32   25  0.2824E-11  0.2840E-11
CALSDV   33   25  0.1903E-11  0.1898E-11
CALSDV   34   25  0.3046E-11  0.3068E-11
CALSDV   35   25  0.1977E-11  0.1980E-11
CALSDV   36   25  0.3014E-11  0.3037E-11
CALSDV   37   25  0.2251E-11  0.2260E-11
CALSDV   38   25  0.2875E-11  0.2895E-11
CALSDV   39   25  0.2566E-11  0.2576E-11
CALSDV   40   25  0.2726E-11  0.2738E-11
CALSDV   41   25  0.2764E-11  0.2774E-11
CALSDV   42   25  0.2648E-11  0.2656E-11
CALSDV   43   25  0.2884E-11  0.2892E-11
CALSDV   44   25  0.2650E-11  0.2655E-11
CALSDV   45   25  0.2943E-11  0.2945E-11
CALSDV   46   25  0.2693E-11  0.2697E-11
CALSDV   47   25  0.2964E-11  0.2962E-11
CALSDV   48   25  0.2860E-11  0.2867E-11
CALSDV   49   25  0.2984E-11  0.2977E-11
CALSDV   50   25  0.3040E-11  0.3049E-11
CALSDV   51   25  0.3034E-11  0.3025E-11
CALSDV   52   25  0.3243E-11  0.3258E-11
CALSDV   53   25  0.3144E-11  0.3135E-11
CALSDV   54   25  0.3493E-11  0.3514E-11
CALSDV   55   25  0.3304E-11  0.3295E-11
CALSDV   56   25  0.3761E-11  0.3786E-11
CALSDV   57   25  0.3519E-11  0.3513E-11
CALSDV   58   25  0.4039E-11  0.4063E-11
CALSDV   59   25  0.3797E-11  0.3791E-11
CALSDV   60   25  0.4345E-11  0.4376E-11
CALSDV   61   25  0.4110E-11  0.4107E-11
CALSDV   62   25  0.4695E-11  0.4729E-11
CALSDV   63   25  0.4527E-11  0.4524E-11
CALSDV   64   25  0.5076E-11  0.5114E-11
CALSDV   65   25  0.4980E-11  0.4983E-11
CALSDV   66   25  0.5495E-11  0.5537E-11
CALSDV   67   25  0.5494E-11  0.5500E-11
CALSDV   68   25  0.5977E-11  0.6019E-11
CALSDV   69   25  0.6083E-11  0.6096E-11
CALSDV   70   25  0.6536E-11  0.6579E-11
CALSDV   71   25  0.6745E-11  0.6758E-11
CALSDV   72   25  0.7158E-11  0.7205E-11
CALSDV   73   25  0.7465E-11  0.7485E-11
CALSDV   74   25  0.7863E-11  0.7911E-11
CALSDV   75   25  0.8284E-11  0.8311E-11
CALSDV   76   25  0.8658E-11  0.8710E-11
CALSDV   77   25  0.9240E-11  0.9272E-11
CALSDV   78   25  0.9645E-11  0.9694E-11
CALSDV   79   25  0.1034E-10  0.1037E-10
CALSDV   80   25  0.1074E-10  0.1079E-10
CALSDV   81   25  0.1159E-10  0.1163E-10
CALSDV   82   25  0.1204E-10  0.1210E-10
CALSDV   83   25  0.1316E-10  0.1320E-10
CALSDV   84   25  0.1366E-10  0.1372E-10
CALSDV   85   25  0.1519E-10  0.1524E-10
CALSDV   86   25  0.1575E-10  0.1581E-10
CALSDV   87   25  0.1782E-10  0.1788E-10
CALSDV   88   25  0.1853E-10  0.1861E-10
CALSDV   89   25  0.2122E-10  0.2129E-10
CALSDV   90   25  0.2236E-10  0.2243E-10
CALSDV   26   26  0.3423E-11  0.3458E-11
CALSDV   27   26  0.4321E-11  0.4318E-11
CALSDV   28   26  0.3439E-11  0.3439E-11
CALSDV   29   26  0.1999E-11  0.1998E-11
CALSDV   30   26  0.3443E-11  0.3453E-11
CALSDV   31   26  0.2107E-11  0.2099E-11
CALSDV   32   26  0.2809E-11  0.2816E-11
CALSDV   33   26  0.2826E-11  0.2821E-11
CALSDV   34   26  0.2372E-11  0.2372E-11
CALSDV   35   26  0.3147E-11  0.3141E-11
CALSDV   36   26  0.2407E-11  0.2394E-11
CALSDV   37   26  0.3168E-11  0.3168E-11
CALSDV   38   26  0.2670E-11  0.2654E-11
CALSDV   39   26  0.3084E-11  0.3082E-11
CALSDV   40   26  0.2919E-11  0.2907E-11
CALSDV   41   26  0.2914E-11  0.2911E-11
CALSDV   42   26  0.3082E-11  0.3073E-11
CALSDV   43   26  0.2801E-11  0.2798E-11
CALSDV   44   26  0.3158E-11  0.3155E-11
CALSDV   45   26  0.2789E-11  0.2787E-11
CALSDV   46   26  0.3146E-11  0.3143E-11
CALSDV   47   26  0.2882E-11  0.2885E-11
CALSDV   48   26  0.3196E-11  0.3199E-11
CALSDV   49   26  0.3060E-11  0.3063E-11
CALSDV   50   26  0.3238E-11  0.3244E-11
CALSDV   51   26  0.3293E-11  0.3296E-11
CALSDV   52   26  0.3320E-11  0.3326E-11
CALSDV   53   26  0.3570E-11  0.3573E-11
CALSDV   54   26  0.3487E-11  0.3493E-11
CALSDV   55   26  0.3860E-11  0.3863E-11
CALSDV   56   26  0.3713E-11  0.3722E-11
CALSDV   57   26  0.4163E-11  0.4163E-11
CALSDV   58   26  0.3992E-11  0.3999E-11
CALSDV   59   26  0.4489E-11  0.4486E-11
CALSDV   60   26  0.4336E-11  0.4342E-11
CALSDV   61   26  0.4812E-11  0.4809E-11
CALSDV   62   26  0.4742E-11  0.4748E-11
CALSDV   63   26  0.5228E-11  0.5222E-11
CALSDV   64   26  0.5190E-11  0.5197E-11
CALSDV   65   26  0.5662E-11  0.5659E-11
CALSDV   66   26  0.5685E-11  0.5691E-11
CALSDV   67   26  0.6149E-11  0.6143E-11
CALSDV   68   26  0.6237E-11  0.6240E-11
CALSDV   69   26  0.6707E-11  0.6701E-11
CALSDV   70   26  0.6860E-11  0.6866E-11
CALSDV   71   26  0.7332E-11  0.7329E-11
CALSDV   72   26  0.7537E-11  0.7543E-11
CALSDV   73   26  0.8016E-11  0.8012E-11
CALSDV   74   26  0.8285E-11  0.8292E-11
CALSDV   75   26  0.8798E-11  0.8795E-11
CALSDV   76   26  0.9118E-11  0.9125E-11
CALSDV   77   26  0.9721E-11  0.9721E-11
CALSDV   78   26  0.1012E-10  0.1013E-10
CALSDV   79   26  0.1079E-10  0.1079E-10
CALSDV   80   26  0.1123E-10  0.1124E-10
CALSDV   81   26  0.1203E-10  0.1203E-10
CALSDV   82   26  0.1254E-10  0.1255E-10
CALSDV   83   26  0.1358E-10  0.1359E-10
CALSDV   84   26  0.1417E-10  0.1418E-10
CALSDV   85   26  0.1561E-10  0.1562E-10
CALSDV   86   26  0.1629E-10  0.1630E-10
CALSDV   87   26  0.1827E-10  0.1828E-10
CALSDV   88   26  0.1917E-10  0.1918E-10
CALSDV   89   26  0.2157E-10  0.2158E-10
CALSDV   90   26  0.2289E-10  0.2290E-10
CALSDV   27   27  0.2798E-11  0.2740E-11
CALSDV   28   27  0.4864E-11  0.4790E-11
CALSDV   29   27  0.3136E-11  0.3130E-11
CALSDV   30   27  0.2643E-11  0.2493E-11
CALSDV   31   27  0.3089E-11  0.3092E-11
CALSDV   32   27  0.2687E-11  0.2579E-11
CALSDV   33   27  0.2506E-11  0.2514E-11
CALSDV   34   27  0.3223E-11  0.3166E-11
CALSDV   35   27  0.2096E-11  0.2108E-11
CALSDV   36   27  0.3416E-11  0.3397E-11
CALSDV   37   27  0.2203E-11  0.2207E-11
CALSDV   38   27  0.3334E-11  0.3331E-11
CALSDV   39   27  0.2612E-11  0.2614E-11
CALSDV   40   27  0.3130E-11  0.3133E-11
CALSDV   41   27  0.2989E-11  0.2992E-11
CALSDV   42   27  0.2967E-11  0.2979E-11
CALSDV   43   27  0.3263E-11  0.3266E-11
CALSDV   44   27  0.2933E-11  0.2943E-11
CALSDV   45   27  0.3414E-11  0.3423E-11
CALSDV   46   27  0.3010E-11  0.3013E-11
CALSDV   47   27  0.3468E-11  0.3486E-11
CALSDV   48   27  0.3282E-11  0.3273E-11
CALSDV   49   27  0.3464E-11  0.3491E-11
CALSDV   50   27  0.3594E-11  0.3577E-11
CALSDV   51   27  0.3462E-11  0.3495E-11
CALSDV   52   27  0.3940E-11  0.3910E-11
CALSDV   53   27  0.3507E-11  0.3546E-11
CALSDV   54   27  0.4332E-11  0.4293E-11
CALSDV   55   27  0.3609E-11  0.3651E-11
CALSDV   56   27  0.4723E-11  0.4674E-11
CALSDV   57   27  0.3788E-11  0.3834E-11
CALSDV   58   27  0.5101E-11  0.5043E-11
CALSDV   59   27  0.4052E-11  0.4097E-11
CALSDV   60   27  0.5491E-11  0.5425E-11
CALSDV   61   27  0.4374E-11  0.4417E-11
CALSDV   62   27  0.5901E-11  0.5829E-11
CALSDV   63   27  0.4821E-11  0.4864E-11
CALSDV   64   27  0.6318E-11  0.6245E-11
CALSDV   65   27  0.5321E-11  0.5359E-11
CALSDV   66   27  0.6763E-11  0.6689E-11
CALSDV   67   27  0.5888E-11  0.5927E-11
CALSDV   68   27  0.7255E-11  0.7183E-11
CALSDV   69   27  0.6541E-11  0.6577E-11
CALSDV   70   27  0.7810E-11  0.7744E-11
CALSDV   71   27  0.7259E-11  0.7296E-11
CALSDV   72   27  0.8417E-11  0.8357E-11
CALSDV   73   27  0.8039E-11  0.8073E-11
CALSDV   74   27  0.9101E-11  0.9047E-11
CALSDV   75   27  0.8909E-11  0.8943E-11
CALSDV   76   27  0.9861E-11  0.9819E-11
CALSDV   77   27  0.9906E-11  0.9941E-11
CALSDV   78   27  0.1081E-10  0.1077E-10
CALSDV   79   27  0.1104E-10  0.1107E-10
CALSDV   80   27  0.1186E-10  0.1183E-10
CALSDV   81   27  0.1231E-10  0.1235E-10
CALSDV   82   27  0.1314E-10  0.1313E-10
CALSDV   83   27  0.1390E-10  0.1394E-10
CALSDV   84   27  0.1472E-10  0.1472E-10
CALSDV   85   27  0.1597E-10  0.1601E-10
CALSDV   86   27  0.1684E-10  0.1685E-10
CALSDV   87   27  0.1871E-10  0.1875E-10
CALSDV   88   27  0.1975E-10  0.1976E-10
CALSDV   89   27  0.2193E-10  0.2198E-10
CALSDV   90   27  0.2332E-10  0.2333E-10
CALSDV   28   28  0.5820E-11  0.5900E-11
CALSDV   29   28  0.4680E-11  0.4683E-11
CALSDV   30   28  0.4214E-11  0.4243E-11
CALSDV   31   28  0.2401E-11  0.2426E-11
CALSDV   32   28  0.3940E-11  0.3937E-11
CALSDV   33   28  0.2457E-11  0.2457E-11
CALSDV   34   28  0.3179E-11  0.3166E-11
CALSDV   35   28  0.3072E-11  0.3058E-11
CALSDV   36   28  0.2734E-11  0.2722E-11
CALSDV   37   28  0.3397E-11  0.3380E-11
CALSDV   38   28  0.2815E-11  0.2800E-11
CALSDV   39   28  0.3500E-11  0.3482E-11
CALSDV   40   28  0.3118E-11  0.3106E-11
CALSDV   41   28  0.3396E-11  0.3381E-11
CALSDV   42   28  0.3413E-11  0.3404E-11
CALSDV   43   28  0.3263E-11  0.3251E-11
CALSDV   44   28  0.3595E-11  0.3587E-11
CALSDV   45   28  0.3185E-11  0.3170E-11
CALSDV   46   28  0.3628E-11  0.3619E-11
CALSDV   47   28  0.3205E-11  0.3190E-11
CALSDV   48   28  0.3690E-11  0.3678E-11
CALSDV   49   28  0.3325E-11  0.3310E-11
CALSDV   50   28  0.3692E-11  0.3677E-11
CALSDV   51   28  0.3532E-11  0.3516E-11
CALSDV   52   28  0.3715E-11  0.3700E-11
CALSDV   53   28  0.3803E-11  0.3791E-11
CALSDV   54   28  0.3818E-11  0.3806E-11
CALSDV   55   28  0.4104E-11  0.4092E-11
CALSDV   56   28  0.3999E-11  0.3983E-11
CALSDV   57   28  0.4429E-11  0.4417E-11
CALSDV   58   28  0.4260E-11  0.4244E-11
CALSDV   59   28  0.4780E-11  0.4771E-11
CALSDV   60   28  0.4612E-11  0.4597E-11
CALSDV   61   28  0.5137E-11  0.5131E-11
CALSDV   62   28  0.5056E-11  0.5040E-11
CALSDV   63   28  0.5586E-11  0.5583E-11
CALSDV   64   28  0.5559E-11  0.5543E-11
CALSDV   65   28  0.6063E-11  0.6060E-11
CALSDV   66   28  0.6121E-11  0.6099E-11
CALSDV   67   28  0.6592E-11  0.6589E-11
CALSDV   68   28  0.6748E-11  0.6725E-11
CALSDV   69   28  0.7201E-11  0.7194E-11
CALSDV   70   28  0.7447E-11  0.7421E-11
CALSDV   71   28  0.7876E-11  0.7866E-11
CALSDV   72   28  0.8193E-11  0.8166E-11
CALSDV   73   28  0.8607E-11  0.8594E-11
CALSDV   74   28  0.9009E-11  0.8975E-11
CALSDV   75   28  0.9437E-11  0.9420E-11
CALSDV   76   28  0.9895E-11  0.9857E-11
CALSDV   77   28  0.1040E-10  0.1038E-10
CALSDV   78   28  0.1095E-10  0.1090E-10
CALSDV   79   28  0.1151E-10  0.1148E-10
CALSDV   80   28  0.1209E-10  0.1204E-10
CALSDV   81   28  0.1277E-10  0.1274E-10
CALSDV   82   28  0.1342E-10  0.1336E-10
CALSDV   83   28  0.1435E-10  0.1431E-10
CALSDV   84   28  0.1506E-10  0.1500E-10
CALSDV   85   28  0.1642E-10  0.1637E-10
CALSDV   86   28  0.1722E-10  0.1714E-10
CALSDV   87   28  0.1916E-10  0.1910E-10
CALSDV   88   28  0.2020E-10  0.2011E-10
CALSDV   89   28  0.2227E-10  0.2219E-10
CALSDV   90   28  0.2370E-10  0.2359E-10
CALSDV   29   29  0.3379E-11  0.3341E-11
CALSDV   30   29  0.5781E-11  0.5755E-11
CALSDV   31   29  0.3417E-11  0.3420E-11
CALSDV   32   29  0.3481E-11  0.3449E-11
CALSDV   33   29  0.3493E-11  0.3484E-11
CALSDV   34   29  0.3409E-11  0.3381E-11
CALSDV   35   29  0.2802E-11  0.2788E-11
CALSDV   36   29  0.3858E-11  0.3855E-11
CALSDV   37   29  0.2371E-11  0.2344E-11
CALSDV   38   29  0.3987E-11  0.3990E-11
CALSDV   39   29  0.2554E-11  0.2523E-11
CALSDV   40   29  0.3800E-11  0.3803E-11
CALSDV   41   29  0.3001E-11  0.2977E-11
CALSDV   42   29  0.3509E-11  0.3509E-11
CALSDV   43   29  0.3451E-11  0.3436E-11
CALSDV   44   29  0.3276E-11  0.3270E-11
CALSDV   45   29  0.3775E-11  0.3759E-11
CALSDV   46   29  0.3190E-11  0.3175E-11
CALSDV   47   29  0.3948E-11  0.3939E-11
CALSDV   48   29  0.3402E-11  0.3375E-11
CALSDV   49   29  0.4014E-11  0.4008E-11
CALSDV   50   29  0.3748E-11  0.3718E-11
CALSDV   51   29  0.4029E-11  0.4026E-11
CALSDV   52   29  0.4189E-11  0.4156E-11
CALSDV   53   29  0.4069E-11  0.4063E-11
CALSDV   54   29  0.4708E-11  0.4668E-11
CALSDV   55   29  0.4156E-11  0.4150E-11
CALSDV   56   29  0.5228E-11  0.5189E-11
CALSDV   57   29  0.4324E-11  0.4318E-11
CALSDV   58   29  0.5728E-11  0.5691E-11
CALSDV   59   29  0.4595E-11  0.4586E-11
CALSDV   60   29  0.6229E-11  0.6192E-11
CALSDV   61   29  0.4943E-11  0.4927E-11
CALSDV   62   29  0.6737E-11  0.6702E-11
CALSDV   63   29  0.5441E-11  0.5423E-11
CALSDV   64   29  0.7233E-11  0.7204E-11
CALSDV   65   29  0.6004E-11  0.5982E-11
CALSDV   66   29  0.7742E-11  0.7713E-11
CALSDV   67   29  0.6643E-11  0.6621E-11
CALSDV   68   29  0.8285E-11  0.8259E-11
CALSDV   69   29  0.7370E-11  0.7347E-11
CALSDV   70   29  0.8890E-11  0.8867E-11
CALSDV   71   29  0.8168E-11  0.8141E-11
CALSDV   72   29  0.9530E-11  0.9509E-11
CALSDV   73   29  0.9006E-11  0.8983E-11
CALSDV   74   29  0.1023E-10  0.1021E-10
CALSDV   75   29  0.9927E-11  0.9903E-11
CALSDV   76   29  0.1100E-10  0.1098E-10
CALSDV   77   29  0.1097E-10  0.1095E-10
CALSDV   78   29  0.1195E-10  0.1193E-10
CALSDV   79   29  0.1214E-10  0.1212E-10
CALSDV   80   29  0.1300E-10  0.1298E-10
CALSDV   81   29  0.1349E-10  0.1347E-10
CALSDV   82   29  0.1429E-10  0.1428E-10
CALSDV   83   29  0.1509E-10  0.1507E-10
CALSDV   84   29  0.1586E-10  0.1585E-10
CALSDV   85   29  0.1718E-10  0.1716E-10
CALSDV   86   29  0.1798E-10  0.1796E-10
CALSDV   87   29  0.1995E-10  0.1994E-10
CALSDV   88   29  0.2092E-10  0.2091E-10
CALSDV   89   29  0.2284E-10  0.2281E-10
CALSDV   90   29  0.2416E-10  0.2413E-10
CALSDV   30   30  0.6329E-11  0.6354E-11
CALSDV   31   30  0.4762E-11  0.4865E-11
CALSDV   32   30  0.4723E-11  0.4759E-11
CALSDV   33   30  0.2615E-11  0.2674E-11
CALSDV   34   30  0.4417E-11  0.4462E-11
CALSDV   35   30  0.2666E-11  0.2711E-11
CALSDV   36   30  0.3615E-11  0.3649E-11
CALSDV   37   30  0.3320E-11  0.3351E-11
CALSDV   38   30  0.3150E-11  0.3180E-11
CALSDV   39   30  0.3736E-11  0.3766E-11
CALSDV   40   30  0.3245E-11  0.3281E-11
CALSDV   41   30  0.3809E-11  0.3841E-11
CALSDV   42   30  0.3610E-11  0.3655E-11
CALSDV   43   30  0.3728E-11  0.3764E-11
CALSDV   44   30  0.3959E-11  0.4012E-11
CALSDV   45   30  0.3612E-11  0.3654E-11
CALSDV   46   30  0.4121E-11  0.4182E-11
CALSDV   47   30  0.3552E-11  0.3595E-11
CALSDV   48   30  0.4265E-11  0.4332E-11
CALSDV   49   30  0.3591E-11  0.3636E-11
CALSDV   50   30  0.4282E-11  0.4352E-11
CALSDV   51   30  0.3737E-11  0.3782E-11
CALSDV   52   30  0.4257E-11  0.4334E-11
CALSDV   53   30  0.3978E-11  0.4020E-11
CALSDV   54   30  0.4287E-11  0.4368E-11
CALSDV   55   30  0.4265E-11  0.4310E-11
CALSDV   56   30  0.4382E-11  0.4467E-11
CALSDV   57   30  0.4593E-11  0.4638E-11
CALSDV   58   30  0.4567E-11  0.4656E-11
CALSDV   59   30  0.4959E-11  0.5008E-11
CALSDV   60   30  0.4885E-11  0.4978E-11
CALSDV   61   30  0.5341E-11  0.5390E-11
CALSDV   62   30  0.5329E-11  0.5424E-11
CALSDV   63   30  0.5827E-11  0.5880E-11
CALSDV   64   30  0.5870E-11  0.5962E-11
CALSDV   65   30  0.6345E-11  0.6402E-11
CALSDV   66   30  0.6490E-11  0.6587E-11
CALSDV   67   30  0.6926E-11  0.6987E-11
CALSDV   68   30  0.7193E-11  0.7287E-11
CALSDV   69   30  0.7594E-11  0.7659E-11
CALSDV   70   30  0.7979E-11  0.8071E-11
CALSDV   71   30  0.8334E-11  0.8407E-11
CALSDV   72   30  0.8813E-11  0.8907E-11
CALSDV   73   30  0.9131E-11  0.9212E-11
CALSDV   74   30  0.9700E-11  0.9802E-11
CALSDV   75   30  0.1002E-10  0.1012E-10
CALSDV   76   30  0.1065E-10  0.1076E-10
CALSDV   77   30  0.1105E-10  0.1116E-10
CALSDV   78   30  0.1176E-10  0.1188E-10
CALSDV   79   30  0.1222E-10  0.1233E-10
CALSDV   80   30  0.1293E-10  0.1306E-10
CALSDV   81   30  0.1357E-10  0.1368E-10
CALSDV   82   30  0.1426E-10  0.1440E-10
CALSDV   83   30  0.1517E-10  0.1530E-10
CALSDV   84   30  0.1590E-10  0.1606E-10
CALSDV   85   30  0.1726E-10  0.1742E-10
CALSDV   86   30  0.1806E-10  0.1823E-10
CALSDV   87   30  0.2001E-10  0.2019E-10
CALSDV   88   30  0.2104E-10  0.2124E-10
CALSDV   89   30  0.2280E-10  0.2303E-10
CALSDV   90   30  0.2422E-10  0.2446E-10
