      This file contains calibrated standard deviations for the GRACE
      Level-2 product "GSM-2_2015013-2015031_0019_EIGEN_GOL-_005a".

      Calibration is based on subset solution intercomparisons (preliminary
      result).

      The relevant data lines start with key CALSDV
      Each such line contains the following data
          N    M  C_SIGMA     S_SIGMA
                  FOR M=0 S_SIGMA=0.0

CALSDV    2    0  0.5709E-10  0.0000E+00
CALSDV    3    0  0.4887E-11  0.0000E+00
CALSDV    4    0  0.2940E-11  0.0000E+00
CALSDV    5    0  0.1203E-11  0.0000E+00
CALSDV    6    0  0.1370E-11  0.0000E+00
CALSDV    7    0  0.7715E-12  0.0000E+00
CALSDV    8    0  0.8306E-12  0.0000E+00
CALSDV    9    0  0.7155E-12  0.0000E+00
CALSDV   10    0  0.5724E-12  0.0000E+00
CALSDV   11    0  0.6784E-12  0.0000E+00
CALSDV   12    0  0.4756E-12  0.0000E+00
CALSDV   13    0  0.6295E-12  0.0000E+00
CALSDV   14    0  0.4228E-12  0.0000E+00
CALSDV   15    0  0.5824E-12  0.0000E+00
CALSDV   16    0  0.4065E-12  0.0000E+00
CALSDV   17    0  0.5521E-12  0.0000E+00
CALSDV   18    0  0.4272E-12  0.0000E+00
CALSDV   19    0  0.5357E-12  0.0000E+00
CALSDV   20    0  0.4217E-12  0.0000E+00
CALSDV   21    0  0.5239E-12  0.0000E+00
CALSDV   22    0  0.4285E-12  0.0000E+00
CALSDV   23    0  0.5127E-12  0.0000E+00
CALSDV   24    0  0.4717E-12  0.0000E+00
CALSDV   25    0  0.4986E-12  0.0000E+00
CALSDV   26    0  0.5049E-12  0.0000E+00
CALSDV   27    0  0.4973E-12  0.0000E+00
CALSDV   28    0  0.5406E-12  0.0000E+00
CALSDV   29    0  0.5088E-12  0.0000E+00
CALSDV   30    0  0.5755E-12  0.0000E+00
CALSDV   31    0  0.5247E-12  0.0000E+00
CALSDV   32    0  0.6104E-12  0.0000E+00
CALSDV   33    0  0.5653E-12  0.0000E+00
CALSDV   34    0  0.6424E-12  0.0000E+00
CALSDV   35    0  0.6024E-12  0.0000E+00
CALSDV   36    0  0.6795E-12  0.0000E+00
CALSDV   37    0  0.6485E-12  0.0000E+00
CALSDV   38    0  0.7219E-12  0.0000E+00
CALSDV   39    0  0.7154E-12  0.0000E+00
CALSDV   40    0  0.7675E-12  0.0000E+00
CALSDV   41    0  0.7819E-12  0.0000E+00
CALSDV   42    0  0.8230E-12  0.0000E+00
CALSDV   43    0  0.8583E-12  0.0000E+00
CALSDV   44    0  0.8872E-12  0.0000E+00
CALSDV   45    0  0.9426E-12  0.0000E+00
CALSDV   46    0  0.9502E-12  0.0000E+00
CALSDV   47    0  0.1033E-11  0.0000E+00
CALSDV   48    0  0.1050E-11  0.0000E+00
CALSDV   49    0  0.1131E-11  0.0000E+00
CALSDV   50    0  0.1155E-11  0.0000E+00
CALSDV   51    0  0.1238E-11  0.0000E+00
CALSDV   52    0  0.1275E-11  0.0000E+00
CALSDV   53    0  0.1362E-11  0.0000E+00
CALSDV   54    0  0.1422E-11  0.0000E+00
CALSDV   55    0  0.1499E-11  0.0000E+00
CALSDV   56    0  0.1585E-11  0.0000E+00
CALSDV   57    0  0.1654E-11  0.0000E+00
CALSDV   58    0  0.1766E-11  0.0000E+00
CALSDV   59    0  0.1835E-11  0.0000E+00
CALSDV   60    0  0.1973E-11  0.0000E+00
CALSDV   61    0  0.2033E-11  0.0000E+00
CALSDV   62    0  0.2212E-11  0.0000E+00
CALSDV   63    0  0.2288E-11  0.0000E+00
CALSDV   64    0  0.2479E-11  0.0000E+00
CALSDV   65    0  0.2575E-11  0.0000E+00
CALSDV   66    0  0.2782E-11  0.0000E+00
CALSDV   67    0  0.2909E-11  0.0000E+00
CALSDV   68    0  0.3132E-11  0.0000E+00
CALSDV   69    0  0.3303E-11  0.0000E+00
CALSDV   70    0  0.3542E-11  0.0000E+00
CALSDV   71    0  0.3757E-11  0.0000E+00
CALSDV   72    0  0.4009E-11  0.0000E+00
CALSDV   73    0  0.4273E-11  0.0000E+00
CALSDV   74    0  0.4544E-11  0.0000E+00
CALSDV   75    0  0.4876E-11  0.0000E+00
CALSDV   76    0  0.5158E-11  0.0000E+00
CALSDV   77    0  0.5596E-11  0.0000E+00
CALSDV   78    0  0.5914E-11  0.0000E+00
CALSDV   79    0  0.6438E-11  0.0000E+00
CALSDV   80    0  0.6770E-11  0.0000E+00
CALSDV   81    0  0.7421E-11  0.0000E+00
CALSDV   82    0  0.7793E-11  0.0000E+00
CALSDV   83    0  0.8603E-11  0.0000E+00
CALSDV   84    0  0.9025E-11  0.0000E+00
CALSDV   85    0  0.1007E-10  0.0000E+00
CALSDV   86    0  0.1054E-10  0.0000E+00
CALSDV   87    0  0.1194E-10  0.0000E+00
CALSDV   88    0  0.1253E-10  0.0000E+00
CALSDV   89    0  0.1324E-10  0.0000E+00
CALSDV   90    0  0.1395E-10  0.0000E+00
CALSDV    2    1  0.1373E-10  0.1358E-10
CALSDV    3    1  0.6430E-11  0.6494E-11
CALSDV    4    1  0.4201E-11  0.4181E-11
CALSDV    5    1  0.1440E-11  0.1448E-11
CALSDV    6    1  0.1483E-11  0.1480E-11
CALSDV    7    1  0.8729E-12  0.8768E-12
CALSDV    8    1  0.9737E-12  0.9756E-12
CALSDV    9    1  0.9336E-12  0.9332E-12
CALSDV   10    1  0.7865E-12  0.7850E-12
CALSDV   11    1  0.8974E-12  0.8961E-12
CALSDV   12    1  0.6339E-12  0.6329E-12
CALSDV   13    1  0.8446E-12  0.8442E-12
CALSDV   14    1  0.5608E-12  0.5599E-12
CALSDV   15    1  0.7773E-12  0.7773E-12
CALSDV   16    1  0.5473E-12  0.5468E-12
CALSDV   17    1  0.7416E-12  0.7412E-12
CALSDV   18    1  0.5773E-12  0.5767E-12
CALSDV   19    1  0.7211E-12  0.7207E-12
CALSDV   20    1  0.5675E-12  0.5669E-12
CALSDV   21    1  0.7039E-12  0.7032E-12
CALSDV   22    1  0.5748E-12  0.5742E-12
CALSDV   23    1  0.6874E-12  0.6871E-12
CALSDV   24    1  0.6336E-12  0.6330E-12
CALSDV   25    1  0.6698E-12  0.6694E-12
CALSDV   26    1  0.6808E-12  0.6802E-12
CALSDV   27    1  0.6711E-12  0.6705E-12
CALSDV   28    1  0.7306E-12  0.7299E-12
CALSDV   29    1  0.6870E-12  0.6864E-12
CALSDV   30    1  0.7770E-12  0.7763E-12
CALSDV   31    1  0.7068E-12  0.7059E-12
CALSDV   32    1  0.8220E-12  0.8214E-12
CALSDV   33    1  0.7604E-12  0.7598E-12
CALSDV   34    1  0.8658E-12  0.8648E-12
CALSDV   35    1  0.8121E-12  0.8115E-12
CALSDV   36    1  0.9178E-12  0.9169E-12
CALSDV   37    1  0.8765E-12  0.8757E-12
CALSDV   38    1  0.9765E-12  0.9753E-12
CALSDV   39    1  0.9657E-12  0.9645E-12
CALSDV   40    1  0.1036E-11  0.1035E-11
CALSDV   41    1  0.1052E-11  0.1051E-11
CALSDV   42    1  0.1107E-11  0.1106E-11
CALSDV   43    1  0.1154E-11  0.1153E-11
CALSDV   44    1  0.1194E-11  0.1193E-11
CALSDV   45    1  0.1270E-11  0.1269E-11
CALSDV   46    1  0.1282E-11  0.1281E-11
CALSDV   47    1  0.1393E-11  0.1391E-11
CALSDV   48    1  0.1415E-11  0.1414E-11
CALSDV   49    1  0.1516E-11  0.1515E-11
CALSDV   50    1  0.1549E-11  0.1548E-11
CALSDV   51    1  0.1654E-11  0.1653E-11
CALSDV   52    1  0.1707E-11  0.1705E-11
CALSDV   53    1  0.1826E-11  0.1824E-11
CALSDV   54    1  0.1908E-11  0.1906E-11
CALSDV   55    1  0.2008E-11  0.2006E-11
CALSDV   56    1  0.2124E-11  0.2122E-11
CALSDV   57    1  0.2197E-11  0.2196E-11
CALSDV   58    1  0.2346E-11  0.2344E-11
CALSDV   59    1  0.2428E-11  0.2426E-11
CALSDV   60    1  0.2615E-11  0.2614E-11
CALSDV   61    1  0.2699E-11  0.2697E-11
CALSDV   62    1  0.2940E-11  0.2938E-11
CALSDV   63    1  0.3012E-11  0.3011E-11
CALSDV   64    1  0.3262E-11  0.3259E-11
CALSDV   65    1  0.3345E-11  0.3345E-11
CALSDV   66    1  0.3618E-11  0.3618E-11
CALSDV   67    1  0.3788E-11  0.3788E-11
CALSDV   68    1  0.4089E-11  0.4089E-11
CALSDV   69    1  0.4255E-11  0.4255E-11
CALSDV   70    1  0.4562E-11  0.4562E-11
CALSDV   71    1  0.4719E-11  0.4722E-11
CALSDV   72    1  0.5048E-11  0.5051E-11
CALSDV   73    1  0.5392E-11  0.5396E-11
CALSDV   74    1  0.5748E-11  0.5748E-11
CALSDV   75    1  0.5936E-11  0.5943E-11
CALSDV   76    1  0.6278E-11  0.6288E-11
CALSDV   77    1  0.6683E-11  0.6697E-11
CALSDV   78    1  0.7097E-11  0.7111E-11
CALSDV   79    1  0.7460E-11  0.7486E-11
CALSDV   80    1  0.7852E-11  0.7874E-11
CALSDV   81    1  0.8233E-11  0.8266E-11
CALSDV   82    1  0.8688E-11  0.8725E-11
CALSDV   83    1  0.8882E-11  0.8932E-11
CALSDV   84    1  0.9301E-11  0.9354E-11
CALSDV   85    1  0.1038E-10  0.1044E-10
CALSDV   86    1  0.1085E-10  0.1091E-10
CALSDV   87    1  0.1200E-10  0.1208E-10
CALSDV   88    1  0.1259E-10  0.1267E-10
CALSDV   89    1  0.1314E-10  0.1323E-10
CALSDV   90    1  0.1384E-10  0.1393E-10
CALSDV    2    2  0.4745E-10  0.4602E-10
CALSDV    3    2  0.8504E-11  0.8669E-11
CALSDV    4    2  0.5588E-11  0.5602E-11
CALSDV    5    2  0.1742E-11  0.1748E-11
CALSDV    6    2  0.1852E-11  0.1860E-11
CALSDV    7    2  0.1002E-11  0.1002E-11
CALSDV    8    2  0.1090E-11  0.1089E-11
CALSDV    9    2  0.9930E-12  0.9904E-12
CALSDV   10    2  0.8460E-12  0.8445E-12
CALSDV   11    2  0.9485E-12  0.9435E-12
CALSDV   12    2  0.6795E-12  0.6789E-12
CALSDV   13    2  0.9007E-12  0.9002E-12
CALSDV   14    2  0.5918E-12  0.5906E-12
CALSDV   15    2  0.8151E-12  0.8134E-12
CALSDV   16    2  0.5654E-12  0.5645E-12
CALSDV   17    2  0.7597E-12  0.7586E-12
CALSDV   18    2  0.5889E-12  0.5883E-12
CALSDV   19    2  0.7351E-12  0.7343E-12
CALSDV   20    2  0.5796E-12  0.5793E-12
CALSDV   21    2  0.7202E-12  0.7195E-12
CALSDV   22    2  0.5890E-12  0.5879E-12
CALSDV   23    2  0.7049E-12  0.7039E-12
CALSDV   24    2  0.6472E-12  0.6466E-12
CALSDV   25    2  0.6825E-12  0.6816E-12
CALSDV   26    2  0.6899E-12  0.6890E-12
CALSDV   27    2  0.6771E-12  0.6762E-12
CALSDV   28    2  0.7360E-12  0.7351E-12
CALSDV   29    2  0.6920E-12  0.6911E-12
CALSDV   30    2  0.7834E-12  0.7825E-12
CALSDV   31    2  0.7148E-12  0.7139E-12
CALSDV   32    2  0.8323E-12  0.8313E-12
CALSDV   33    2  0.7713E-12  0.7704E-12
CALSDV   34    2  0.8765E-12  0.8756E-12
CALSDV   35    2  0.8207E-12  0.8198E-12
CALSDV   36    2  0.9249E-12  0.9240E-12
CALSDV   37    2  0.8805E-12  0.8794E-12
CALSDV   38    2  0.9799E-12  0.9786E-12
CALSDV   39    2  0.9698E-12  0.9686E-12
CALSDV   40    2  0.1042E-11  0.1040E-11
CALSDV   41    2  0.1062E-11  0.1060E-11
CALSDV   42    2  0.1118E-11  0.1117E-11
CALSDV   43    2  0.1166E-11  0.1165E-11
CALSDV   44    2  0.1206E-11  0.1204E-11
CALSDV   45    2  0.1277E-11  0.1276E-11
CALSDV   46    2  0.1287E-11  0.1285E-11
CALSDV   47    2  0.1395E-11  0.1393E-11
CALSDV   48    2  0.1418E-11  0.1416E-11
CALSDV   49    2  0.1526E-11  0.1524E-11
CALSDV   50    2  0.1561E-11  0.1560E-11
CALSDV   51    2  0.1674E-11  0.1672E-11
CALSDV   52    2  0.1725E-11  0.1723E-11
CALSDV   53    2  0.1837E-11  0.1835E-11
CALSDV   54    2  0.1918E-11  0.1915E-11
CALSDV   55    2  0.2009E-11  0.2007E-11
CALSDV   56    2  0.2126E-11  0.2123E-11
CALSDV   57    2  0.2213E-11  0.2211E-11
CALSDV   58    2  0.2366E-11  0.2364E-11
CALSDV   59    2  0.2461E-11  0.2458E-11
CALSDV   60    2  0.2649E-11  0.2646E-11
CALSDV   61    2  0.2712E-11  0.2709E-11
CALSDV   62    2  0.2949E-11  0.2946E-11
CALSDV   63    2  0.3017E-11  0.3014E-11
CALSDV   64    2  0.3272E-11  0.3269E-11
CALSDV   65    2  0.3395E-11  0.3392E-11
CALSDV   66    2  0.3675E-11  0.3672E-11
CALSDV   67    2  0.3832E-11  0.3826E-11
CALSDV   68    2  0.4125E-11  0.4121E-11
CALSDV   69    2  0.4258E-11  0.4255E-11
CALSDV   70    2  0.4569E-11  0.4565E-11
CALSDV   71    2  0.4818E-11  0.4812E-11
CALSDV   72    2  0.5155E-11  0.5148E-11
CALSDV   73    2  0.5456E-11  0.5446E-11
CALSDV   74    2  0.5799E-11  0.5792E-11
CALSDV   75    2  0.5977E-11  0.5967E-11
CALSDV   76    2  0.6337E-11  0.6326E-11
CALSDV   77    2  0.6874E-11  0.6863E-11
CALSDV   78    2  0.7284E-11  0.7273E-11
CALSDV   79    2  0.7486E-11  0.7475E-11
CALSDV   80    2  0.7881E-11  0.7867E-11
CALSDV   81    2  0.8510E-11  0.8498E-11
CALSDV   82    2  0.8966E-11  0.8951E-11
CALSDV   83    2  0.8971E-11  0.8951E-11
CALSDV   84    2  0.9408E-11  0.9389E-11
CALSDV   85    2  0.1048E-10  0.1046E-10
CALSDV   86    2  0.1095E-10  0.1093E-10
CALSDV   87    2  0.1211E-10  0.1208E-10
CALSDV   88    2  0.1270E-10  0.1268E-10
CALSDV   89    2  0.1323E-10  0.1320E-10
CALSDV   90    2  0.1393E-10  0.1389E-10
CALSDV    3    3  0.1554E-10  0.1594E-10
CALSDV    4    3  0.9808E-11  0.9557E-11
CALSDV    5    3  0.3944E-11  0.3958E-11
CALSDV    6    3  0.3081E-11  0.3085E-11
CALSDV    7    3  0.1894E-11  0.1905E-11
CALSDV    8    3  0.1523E-11  0.1517E-11
CALSDV    9    3  0.1472E-11  0.1478E-11
CALSDV   10    3  0.1054E-11  0.1050E-11
CALSDV   11    3  0.1291E-11  0.1292E-11
CALSDV   12    3  0.8022E-12  0.8012E-12
CALSDV   13    3  0.1128E-11  0.1128E-11
CALSDV   14    3  0.6841E-12  0.6838E-12
CALSDV   15    3  0.9696E-12  0.9705E-12
CALSDV   16    3  0.6373E-12  0.6367E-12
CALSDV   17    3  0.8713E-12  0.8717E-12
CALSDV   18    3  0.6449E-12  0.6446E-12
CALSDV   19    3  0.8109E-12  0.8117E-12
CALSDV   20    3  0.6163E-12  0.6163E-12
CALSDV   21    3  0.7694E-12  0.7694E-12
CALSDV   22    3  0.6132E-12  0.6132E-12
CALSDV   23    3  0.7371E-12  0.7375E-12
CALSDV   24    3  0.6679E-12  0.6676E-12
CALSDV   25    3  0.7087E-12  0.7087E-12
CALSDV   26    3  0.7111E-12  0.7114E-12
CALSDV   27    3  0.7029E-12  0.7029E-12
CALSDV   28    3  0.7594E-12  0.7594E-12
CALSDV   29    3  0.7158E-12  0.7158E-12
CALSDV   30    3  0.8053E-12  0.8053E-12
CALSDV   31    3  0.7342E-12  0.7342E-12
CALSDV   32    3  0.8499E-12  0.8499E-12
CALSDV   33    3  0.7863E-12  0.7866E-12
CALSDV   34    3  0.8904E-12  0.8904E-12
CALSDV   35    3  0.8347E-12  0.8350E-12
CALSDV   36    3  0.9389E-12  0.9389E-12
CALSDV   37    3  0.8969E-12  0.8971E-12
CALSDV   38    3  0.9967E-12  0.9967E-12
CALSDV   39    3  0.9876E-12  0.9876E-12
CALSDV   40    3  0.1058E-11  0.1058E-11
CALSDV   41    3  0.1075E-11  0.1075E-11
CALSDV   42    3  0.1129E-11  0.1129E-11
CALSDV   43    3  0.1175E-11  0.1175E-11
CALSDV   44    3  0.1212E-11  0.1213E-11
CALSDV   45    3  0.1287E-11  0.1287E-11
CALSDV   46    3  0.1297E-11  0.1297E-11
CALSDV   47    3  0.1411E-11  0.1412E-11
CALSDV   48    3  0.1435E-11  0.1435E-11
CALSDV   49    3  0.1544E-11  0.1544E-11
CALSDV   50    3  0.1578E-11  0.1578E-11
CALSDV   51    3  0.1685E-11  0.1685E-11
CALSDV   52    3  0.1734E-11  0.1734E-11
CALSDV   53    3  0.1845E-11  0.1845E-11
CALSDV   54    3  0.1925E-11  0.1925E-11
CALSDV   55    3  0.2028E-11  0.2028E-11
CALSDV   56    3  0.2146E-11  0.2147E-11
CALSDV   57    3  0.2241E-11  0.2242E-11
CALSDV   58    3  0.2393E-11  0.2393E-11
CALSDV   59    3  0.2474E-11  0.2475E-11
CALSDV   60    3  0.2659E-11  0.2660E-11
CALSDV   61    3  0.2716E-11  0.2717E-11
CALSDV   62    3  0.2956E-11  0.2957E-11
CALSDV   63    3  0.3052E-11  0.3053E-11
CALSDV   64    3  0.3313E-11  0.3313E-11
CALSDV   65    3  0.3439E-11  0.3442E-11
CALSDV   66    3  0.3717E-11  0.3720E-11
CALSDV   67    3  0.3835E-11  0.3835E-11
CALSDV   68    3  0.4128E-11  0.4131E-11
CALSDV   69    3  0.4300E-11  0.4304E-11
CALSDV   70    3  0.4622E-11  0.4625E-11
CALSDV   71    3  0.4908E-11  0.4911E-11
CALSDV   72    3  0.5245E-11  0.5245E-11
CALSDV   73    3  0.5456E-11  0.5463E-11
CALSDV   74    3  0.5799E-11  0.5802E-11
CALSDV   75    3  0.6081E-11  0.6081E-11
CALSDV   76    3  0.6454E-11  0.6454E-11
CALSDV   77    3  0.6977E-11  0.6984E-11
CALSDV   78    3  0.7383E-11  0.7387E-11
CALSDV   79    3  0.7540E-11  0.7544E-11
CALSDV   80    3  0.7950E-11  0.7954E-11
CALSDV   81    3  0.8715E-11  0.8719E-11
CALSDV   82    3  0.9170E-11  0.9178E-11
CALSDV   83    3  0.9087E-11  0.9094E-11
CALSDV   84    3  0.9542E-11  0.9549E-11
CALSDV   85    3  0.1053E-10  0.1054E-10
CALSDV   86    3  0.1099E-10  0.1101E-10
CALSDV   87    3  0.1220E-10  0.1222E-10
CALSDV   88    3  0.1279E-10  0.1281E-10
CALSDV   89    3  0.1338E-10  0.1341E-10
CALSDV   90    3  0.1408E-10  0.1412E-10
CALSDV    4    4  0.2305E-10  0.2715E-10
CALSDV    5    4  0.7045E-11  0.6753E-11
CALSDV    6    4  0.5460E-11  0.6014E-11
CALSDV    7    4  0.2249E-11  0.2205E-11
CALSDV    8    4  0.2204E-11  0.2382E-11
CALSDV    9    4  0.1557E-11  0.1541E-11
CALSDV   10    4  0.1266E-11  0.1310E-11
CALSDV   11    4  0.1321E-11  0.1317E-11
CALSDV   12    4  0.9142E-12  0.9385E-12
CALSDV   13    4  0.1129E-11  0.1123E-11
CALSDV   14    4  0.7683E-12  0.7835E-12
CALSDV   15    4  0.9626E-12  0.9626E-12
CALSDV   16    4  0.7019E-12  0.7097E-12
CALSDV   17    4  0.8812E-12  0.8820E-12
CALSDV   18    4  0.7015E-12  0.7055E-12
CALSDV   19    4  0.8382E-12  0.8378E-12
CALSDV   20    4  0.6659E-12  0.6679E-12
CALSDV   21    4  0.8042E-12  0.8035E-12
CALSDV   22    4  0.6564E-12  0.6578E-12
CALSDV   23    4  0.7717E-12  0.7710E-12
CALSDV   24    4  0.7056E-12  0.7065E-12
CALSDV   25    4  0.7359E-12  0.7352E-12
CALSDV   26    4  0.7411E-12  0.7414E-12
CALSDV   27    4  0.7223E-12  0.7220E-12
CALSDV   28    4  0.7829E-12  0.7826E-12
CALSDV   29    4  0.7317E-12  0.7311E-12
CALSDV   30    4  0.8263E-12  0.8257E-12
CALSDV   31    4  0.7495E-12  0.7490E-12
CALSDV   32    4  0.8711E-12  0.8702E-12
CALSDV   33    4  0.8038E-12  0.8032E-12
CALSDV   34    4  0.9125E-12  0.9116E-12
CALSDV   35    4  0.8524E-12  0.8516E-12
CALSDV   36    4  0.9595E-12  0.9589E-12
CALSDV   37    4  0.9120E-12  0.9112E-12
CALSDV   38    4  0.1014E-11  0.1013E-11
CALSDV   39    4  0.1000E-11  0.9999E-12
CALSDV   40    4  0.1073E-11  0.1072E-11
CALSDV   41    4  0.1090E-11  0.1089E-11
CALSDV   42    4  0.1147E-11  0.1146E-11
CALSDV   43    4  0.1195E-11  0.1194E-11
CALSDV   44    4  0.1234E-11  0.1233E-11
CALSDV   45    4  0.1310E-11  0.1309E-11
CALSDV   46    4  0.1319E-11  0.1318E-11
CALSDV   47    4  0.1431E-11  0.1430E-11
CALSDV   48    4  0.1452E-11  0.1451E-11
CALSDV   49    4  0.1557E-11  0.1556E-11
CALSDV   50    4  0.1591E-11  0.1589E-11
CALSDV   51    4  0.1699E-11  0.1698E-11
CALSDV   52    4  0.1751E-11  0.1749E-11
CALSDV   53    4  0.1869E-11  0.1868E-11
CALSDV   54    4  0.1952E-11  0.1950E-11
CALSDV   55    4  0.2056E-11  0.2054E-11
CALSDV   56    4  0.2174E-11  0.2172E-11
CALSDV   57    4  0.2258E-11  0.2256E-11
CALSDV   58    4  0.2408E-11  0.2406E-11
CALSDV   59    4  0.2488E-11  0.2486E-11
CALSDV   60    4  0.2677E-11  0.2674E-11
CALSDV   61    4  0.2754E-11  0.2752E-11
CALSDV   62    4  0.3001E-11  0.2998E-11
CALSDV   63    4  0.3104E-11  0.3101E-11
CALSDV   64    4  0.3361E-11  0.3358E-11
CALSDV   65    4  0.3461E-11  0.3454E-11
CALSDV   66    4  0.3736E-11  0.3730E-11
CALSDV   67    4  0.3861E-11  0.3858E-11
CALSDV   68    4  0.4164E-11  0.4160E-11
CALSDV   69    4  0.4391E-11  0.4385E-11
CALSDV   70    4  0.4717E-11  0.4711E-11
CALSDV   71    4  0.4961E-11  0.4958E-11
CALSDV   72    4  0.5289E-11  0.5286E-11
CALSDV   73    4  0.5490E-11  0.5483E-11
CALSDV   74    4  0.5843E-11  0.5836E-11
CALSDV   75    4  0.6253E-11  0.6247E-11
CALSDV   76    4  0.6637E-11  0.6627E-11
CALSDV   77    4  0.7030E-11  0.7019E-11
CALSDV   78    4  0.7426E-11  0.7415E-11
CALSDV   79    4  0.7711E-11  0.7700E-11
CALSDV   80    4  0.8145E-11  0.8131E-11
CALSDV   81    4  0.8873E-11  0.8858E-11
CALSDV   82    4  0.9323E-11  0.9304E-11
CALSDV   83    4  0.9334E-11  0.9319E-11
CALSDV   84    4  0.9821E-11  0.9802E-11
CALSDV   85    4  0.1060E-10  0.1058E-10
CALSDV   86    4  0.1106E-10  0.1104E-10
CALSDV   87    4  0.1235E-10  0.1233E-10
CALSDV   88    4  0.1295E-10  0.1293E-10
CALSDV   89    4  0.1361E-10  0.1360E-10
CALSDV   90    4  0.1432E-10  0.1431E-10
CALSDV    5    5  0.9751E-11  0.9865E-11
CALSDV    6    5  0.6901E-11  0.6882E-11
CALSDV    7    5  0.2756E-11  0.2765E-11
CALSDV    8    5  0.2337E-11  0.2346E-11
CALSDV    9    5  0.1975E-11  0.1988E-11
CALSDV   10    5  0.1331E-11  0.1330E-11
CALSDV   11    5  0.1774E-11  0.1773E-11
CALSDV   12    5  0.1045E-11  0.1046E-11
CALSDV   13    5  0.1478E-11  0.1476E-11
CALSDV   14    5  0.9161E-12  0.9203E-12
CALSDV   15    5  0.1239E-11  0.1238E-11
CALSDV   16    5  0.8293E-12  0.8340E-12
CALSDV   17    5  0.1097E-11  0.1097E-11
CALSDV   18    5  0.8154E-12  0.8188E-12
CALSDV   19    5  0.1001E-11  0.1004E-11
CALSDV   20    5  0.7627E-12  0.7668E-12
CALSDV   21    5  0.9280E-12  0.9327E-12
CALSDV   22    5  0.7424E-12  0.7453E-12
CALSDV   23    5  0.8684E-12  0.8728E-12
CALSDV   24    5  0.7881E-12  0.7908E-12
CALSDV   25    5  0.8138E-12  0.8170E-12
CALSDV   26    5  0.8159E-12  0.8197E-12
CALSDV   27    5  0.7860E-12  0.7902E-12
CALSDV   28    5  0.8493E-12  0.8525E-12
CALSDV   29    5  0.7836E-12  0.7869E-12
CALSDV   30    5  0.8824E-12  0.8853E-12
CALSDV   31    5  0.7912E-12  0.7940E-12
CALSDV   32    5  0.9174E-12  0.9203E-12
CALSDV   33    5  0.8386E-12  0.8409E-12
CALSDV   34    5  0.9508E-12  0.9536E-12
CALSDV   35    5  0.8827E-12  0.8847E-12
CALSDV   36    5  0.9943E-12  0.9974E-12
CALSDV   37    5  0.9421E-12  0.9446E-12
CALSDV   38    5  0.1048E-11  0.1051E-11
CALSDV   39    5  0.1032E-11  0.1035E-11
CALSDV   40    5  0.1107E-11  0.1110E-11
CALSDV   41    5  0.1121E-11  0.1124E-11
CALSDV   42    5  0.1179E-11  0.1182E-11
CALSDV   43    5  0.1222E-11  0.1225E-11
CALSDV   44    5  0.1261E-11  0.1265E-11
CALSDV   45    5  0.1332E-11  0.1336E-11
CALSDV   46    5  0.1342E-11  0.1346E-11
CALSDV   47    5  0.1453E-11  0.1458E-11
CALSDV   48    5  0.1476E-11  0.1481E-11
CALSDV   49    5  0.1584E-11  0.1589E-11
CALSDV   50    5  0.1619E-11  0.1624E-11
CALSDV   51    5  0.1729E-11  0.1734E-11
CALSDV   52    5  0.1781E-11  0.1786E-11
CALSDV   53    5  0.1893E-11  0.1899E-11
CALSDV   54    5  0.1976E-11  0.1982E-11
CALSDV   55    5  0.2071E-11  0.2077E-11
CALSDV   56    5  0.2190E-11  0.2197E-11
CALSDV   57    5  0.2276E-11  0.2282E-11
CALSDV   58    5  0.2430E-11  0.2437E-11
CALSDV   59    5  0.2522E-11  0.2529E-11
CALSDV   60    5  0.2713E-11  0.2721E-11
CALSDV   61    5  0.2790E-11  0.2798E-11
CALSDV   62    5  0.3035E-11  0.3044E-11
CALSDV   63    5  0.3119E-11  0.3125E-11
CALSDV   64    5  0.3377E-11  0.3386E-11
CALSDV   65    5  0.3476E-11  0.3486E-11
CALSDV   66    5  0.3759E-11  0.3768E-11
CALSDV   67    5  0.3925E-11  0.3937E-11
CALSDV   68    5  0.4235E-11  0.4245E-11
CALSDV   69    5  0.4446E-11  0.4459E-11
CALSDV   70    5  0.4770E-11  0.4783E-11
CALSDV   71    5  0.4968E-11  0.4978E-11
CALSDV   72    5  0.5296E-11  0.5309E-11
CALSDV   73    5  0.5578E-11  0.5592E-11
CALSDV   74    5  0.5945E-11  0.5959E-11
CALSDV   75    5  0.6374E-11  0.6392E-11
CALSDV   76    5  0.6748E-11  0.6765E-11
CALSDV   77    5  0.7033E-11  0.7051E-11
CALSDV   78    5  0.7436E-11  0.7454E-11
CALSDV   79    5  0.7952E-11  0.7973E-11
CALSDV   80    5  0.8399E-11  0.8417E-11
CALSDV   81    5  0.8917E-11  0.8936E-11
CALSDV   82    5  0.9364E-11  0.9382E-11
CALSDV   83    5  0.9643E-11  0.9663E-11
CALSDV   84    5  0.1014E-10  0.1016E-10
CALSDV   85    5  0.1062E-10  0.1064E-10
CALSDV   86    5  0.1109E-10  0.1110E-10
CALSDV   87    5  0.1248E-10  0.1251E-10
CALSDV   88    5  0.1309E-10  0.1311E-10
CALSDV   89    5  0.1377E-10  0.1379E-10
CALSDV   90    5  0.1450E-10  0.1451E-10
CALSDV    6    6  0.8876E-11  0.8777E-11
CALSDV    7    6  0.5883E-11  0.5819E-11
CALSDV    8    6  0.3557E-11  0.3536E-11
CALSDV    9    6  0.3336E-11  0.3298E-11
CALSDV   10    6  0.1942E-11  0.1941E-11
CALSDV   11    6  0.2377E-11  0.2362E-11
CALSDV   12    6  0.1453E-11  0.1451E-11
CALSDV   13    6  0.1766E-11  0.1753E-11
CALSDV   14    6  0.1141E-11  0.1138E-11
CALSDV   15    6  0.1430E-11  0.1425E-11
CALSDV   16    6  0.9597E-12  0.9585E-12
CALSDV   17    6  0.1224E-11  0.1222E-11
CALSDV   18    6  0.9101E-12  0.9083E-12
CALSDV   19    6  0.1083E-11  0.1082E-11
CALSDV   20    6  0.8330E-12  0.8312E-12
CALSDV   21    6  0.9827E-12  0.9823E-12
CALSDV   22    6  0.7972E-12  0.7951E-12
CALSDV   23    6  0.9109E-12  0.9105E-12
CALSDV   24    6  0.8356E-12  0.8344E-12
CALSDV   25    6  0.8515E-12  0.8512E-12
CALSDV   26    6  0.8601E-12  0.8592E-12
CALSDV   27    6  0.8242E-12  0.8242E-12
CALSDV   28    6  0.8936E-12  0.8923E-12
CALSDV   29    6  0.8239E-12  0.8236E-12
CALSDV   30    6  0.9275E-12  0.9262E-12
CALSDV   31    6  0.8325E-12  0.8316E-12
CALSDV   32    6  0.9626E-12  0.9614E-12
CALSDV   33    6  0.8803E-12  0.8795E-12
CALSDV   34    6  0.9944E-12  0.9931E-12
CALSDV   35    6  0.9222E-12  0.9211E-12
CALSDV   36    6  0.1034E-11  0.1032E-11
CALSDV   37    6  0.9773E-12  0.9758E-12
CALSDV   38    6  0.1082E-11  0.1080E-11
CALSDV   39    6  0.1064E-11  0.1062E-11
CALSDV   40    6  0.1136E-11  0.1135E-11
CALSDV   41    6  0.1151E-11  0.1149E-11
CALSDV   42    6  0.1206E-11  0.1205E-11
CALSDV   43    6  0.1253E-11  0.1251E-11
CALSDV   44    6  0.1290E-11  0.1289E-11
CALSDV   45    6  0.1366E-11  0.1365E-11
CALSDV   46    6  0.1373E-11  0.1371E-11
CALSDV   47    6  0.1488E-11  0.1487E-11
CALSDV   48    6  0.1508E-11  0.1506E-11
CALSDV   49    6  0.1617E-11  0.1615E-11
CALSDV   50    6  0.1649E-11  0.1647E-11
CALSDV   51    6  0.1759E-11  0.1756E-11
CALSDV   52    6  0.1808E-11  0.1805E-11
CALSDV   53    6  0.1925E-11  0.1923E-11
CALSDV   54    6  0.2007E-11  0.2004E-11
CALSDV   55    6  0.2112E-11  0.2109E-11
CALSDV   56    6  0.2232E-11  0.2229E-11
CALSDV   57    6  0.2325E-11  0.2322E-11
CALSDV   58    6  0.2479E-11  0.2475E-11
CALSDV   59    6  0.2566E-11  0.2562E-11
CALSDV   60    6  0.2756E-11  0.2751E-11
CALSDV   61    6  0.2821E-11  0.2817E-11
CALSDV   62    6  0.3065E-11  0.3060E-11
CALSDV   63    6  0.3156E-11  0.3150E-11
CALSDV   64    6  0.3418E-11  0.3412E-11
CALSDV   65    6  0.3548E-11  0.3542E-11
CALSDV   66    6  0.3829E-11  0.3826E-11
CALSDV   67    6  0.3998E-11  0.3991E-11
CALSDV   68    6  0.4300E-11  0.4294E-11
CALSDV   69    6  0.4482E-11  0.4476E-11
CALSDV   70    6  0.4803E-11  0.4797E-11
CALSDV   71    6  0.5041E-11  0.5031E-11
CALSDV   72    6  0.5379E-11  0.5369E-11
CALSDV   73    6  0.5737E-11  0.5727E-11
CALSDV   74    6  0.6101E-11  0.6095E-11
CALSDV   75    6  0.6447E-11  0.6436E-11
CALSDV   76    6  0.6813E-11  0.6803E-11
CALSDV   77    6  0.7136E-11  0.7129E-11
CALSDV   78    6  0.7553E-11  0.7546E-11
CALSDV   79    6  0.8228E-11  0.8217E-11
CALSDV   80    6  0.8666E-11  0.8656E-11
CALSDV   81    6  0.8962E-11  0.8955E-11
CALSDV   82    6  0.9408E-11  0.9401E-11
CALSDV   83    6  0.1007E-10  0.1006E-10
CALSDV   84    6  0.1059E-10  0.1058E-10
CALSDV   85    6  0.1069E-10  0.1069E-10
CALSDV   86    6  0.1116E-10  0.1117E-10
CALSDV   87    6  0.1267E-10  0.1267E-10
CALSDV   88    6  0.1327E-10  0.1327E-10
CALSDV   89    6  0.1402E-10  0.1402E-10
CALSDV   90    6  0.1474E-10  0.1475E-10
CALSDV    7    7  0.7163E-11  0.7206E-11
CALSDV    8    7  0.5853E-11  0.5820E-11
CALSDV    9    7  0.3150E-11  0.3137E-11
CALSDV   10    7  0.2211E-11  0.2203E-11
CALSDV   11    7  0.2201E-11  0.2210E-11
CALSDV   12    7  0.1389E-11  0.1390E-11
CALSDV   13    7  0.1765E-11  0.1782E-11
CALSDV   14    7  0.1039E-11  0.1041E-11
CALSDV   15    7  0.1510E-11  0.1523E-11
CALSDV   16    7  0.9463E-12  0.9477E-12
CALSDV   17    7  0.1300E-11  0.1307E-11
CALSDV   18    7  0.9817E-12  0.9820E-12
CALSDV   19    7  0.1152E-11  0.1157E-11
CALSDV   20    7  0.9411E-12  0.9411E-12
CALSDV   21    7  0.1054E-11  0.1055E-11
CALSDV   22    7  0.9132E-12  0.9132E-12
CALSDV   23    7  0.9811E-12  0.9825E-12
CALSDV   24    7  0.9552E-12  0.9558E-12
CALSDV   25    7  0.9160E-12  0.9176E-12
CALSDV   26    7  0.9732E-12  0.9738E-12
CALSDV   27    7  0.8827E-12  0.8836E-12
CALSDV   28    7  0.9972E-12  0.9975E-12
CALSDV   29    7  0.8758E-12  0.8761E-12
CALSDV   30    7  0.1022E-11  0.1022E-11
CALSDV   31    7  0.8786E-12  0.8786E-12
CALSDV   32    7  0.1048E-11  0.1049E-11
CALSDV   33    7  0.9238E-12  0.9241E-12
CALSDV   34    7  0.1072E-11  0.1072E-11
CALSDV   35    7  0.9634E-12  0.9640E-12
CALSDV   36    7  0.1105E-11  0.1106E-11
CALSDV   37    7  0.1018E-11  0.1018E-11
CALSDV   38    7  0.1149E-11  0.1149E-11
CALSDV   39    7  0.1103E-11  0.1103E-11
CALSDV   40    7  0.1198E-11  0.1198E-11
CALSDV   41    7  0.1188E-11  0.1188E-11
CALSDV   42    7  0.1262E-11  0.1262E-11
CALSDV   43    7  0.1286E-11  0.1287E-11
CALSDV   44    7  0.1340E-11  0.1340E-11
CALSDV   45    7  0.1396E-11  0.1397E-11
CALSDV   46    7  0.1417E-11  0.1417E-11
CALSDV   47    7  0.1517E-11  0.1517E-11
CALSDV   48    7  0.1549E-11  0.1550E-11
CALSDV   49    7  0.1647E-11  0.1647E-11
CALSDV   50    7  0.1690E-11  0.1691E-11
CALSDV   51    7  0.1792E-11  0.1794E-11
CALSDV   52    7  0.1852E-11  0.1853E-11
CALSDV   53    7  0.1961E-11  0.1962E-11
CALSDV   54    7  0.2052E-11  0.2053E-11
CALSDV   55    7  0.2146E-11  0.2147E-11
CALSDV   56    7  0.2273E-11  0.2274E-11
CALSDV   57    7  0.2353E-11  0.2354E-11
CALSDV   58    7  0.2513E-11  0.2515E-11
CALSDV   59    7  0.2593E-11  0.2594E-11
CALSDV   60    7  0.2790E-11  0.2792E-11
CALSDV   61    7  0.2861E-11  0.2863E-11
CALSDV   62    7  0.3115E-11  0.3117E-11
CALSDV   63    7  0.3212E-11  0.3215E-11
CALSDV   64    7  0.3481E-11  0.3485E-11
CALSDV   65    7  0.3595E-11  0.3599E-11
CALSDV   66    7  0.3881E-11  0.3884E-11
CALSDV   67    7  0.4017E-11  0.4020E-11
CALSDV   68    7  0.4326E-11  0.4329E-11
CALSDV   69    7  0.4524E-11  0.4528E-11
CALSDV   70    7  0.4856E-11  0.4859E-11
CALSDV   71    7  0.5140E-11  0.5143E-11
CALSDV   72    7  0.5490E-11  0.5493E-11
CALSDV   73    7  0.5811E-11  0.5818E-11
CALSDV   74    7  0.6180E-11  0.6183E-11
CALSDV   75    7  0.6471E-11  0.6471E-11
CALSDV   76    7  0.6844E-11  0.6848E-11
CALSDV   77    7  0.7341E-11  0.7345E-11
CALSDV   78    7  0.7773E-11  0.7776E-11
CALSDV   79    7  0.8388E-11  0.8392E-11
CALSDV   80    7  0.8822E-11  0.8826E-11
CALSDV   81    7  0.9041E-11  0.9041E-11
CALSDV   82    7  0.9508E-11  0.9508E-11
CALSDV   83    7  0.1046E-10  0.1046E-10
CALSDV   84    7  0.1098E-10  0.1098E-10
CALSDV   85    7  0.1083E-10  0.1081E-10
CALSDV   86    7  0.1132E-10  0.1130E-10
CALSDV   87    7  0.1285E-10  0.1283E-10
CALSDV   88    7  0.1346E-10  0.1342E-10
CALSDV   89    7  0.1423E-10  0.1419E-10
CALSDV   90    7  0.1497E-10  0.1492E-10
CALSDV    8    8  0.5536E-11  0.5107E-11
CALSDV    9    8  0.4836E-11  0.4926E-11
CALSDV   10    8  0.2477E-11  0.2475E-11
CALSDV   11    8  0.3114E-11  0.3132E-11
CALSDV   12    8  0.1834E-11  0.1819E-11
CALSDV   13    8  0.2428E-11  0.2424E-11
CALSDV   14    8  0.1451E-11  0.1422E-11
CALSDV   15    8  0.1966E-11  0.1955E-11
CALSDV   16    8  0.1272E-11  0.1239E-11
CALSDV   17    8  0.1669E-11  0.1657E-11
CALSDV   18    8  0.1207E-11  0.1177E-11
CALSDV   19    8  0.1490E-11  0.1480E-11
CALSDV   20    8  0.1075E-11  0.1049E-11
CALSDV   21    8  0.1355E-11  0.1349E-11
CALSDV   22    8  0.9997E-12  0.9784E-12
CALSDV   23    8  0.1232E-11  0.1229E-11
CALSDV   24    8  0.1023E-11  0.1006E-11
CALSDV   25    8  0.1113E-11  0.1113E-11
CALSDV   26    8  0.1033E-11  0.1019E-11
CALSDV   27    8  0.1038E-11  0.1039E-11
CALSDV   28    8  0.1051E-11  0.1042E-11
CALSDV   29    8  0.1001E-11  0.1003E-11
CALSDV   30    8  0.1073E-11  0.1066E-11
CALSDV   31    8  0.9815E-12  0.9835E-12
CALSDV   32    8  0.1097E-11  0.1092E-11
CALSDV   33    8  0.1014E-11  0.1017E-11
CALSDV   34    8  0.1118E-11  0.1115E-11
CALSDV   35    8  0.1044E-11  0.1047E-11
CALSDV   36    8  0.1150E-11  0.1148E-11
CALSDV   37    8  0.1091E-11  0.1095E-11
CALSDV   38    8  0.1193E-11  0.1193E-11
CALSDV   39    8  0.1175E-11  0.1179E-11
CALSDV   40    8  0.1243E-11  0.1243E-11
CALSDV   41    8  0.1258E-11  0.1262E-11
CALSDV   42    8  0.1308E-11  0.1310E-11
CALSDV   43    8  0.1357E-11  0.1361E-11
CALSDV   44    8  0.1388E-11  0.1389E-11
CALSDV   45    8  0.1466E-11  0.1471E-11
CALSDV   46    8  0.1465E-11  0.1467E-11
CALSDV   47    8  0.1584E-11  0.1590E-11
CALSDV   48    8  0.1597E-11  0.1601E-11
CALSDV   49    8  0.1711E-11  0.1717E-11
CALSDV   50    8  0.1736E-11  0.1741E-11
CALSDV   51    8  0.1851E-11  0.1857E-11
CALSDV   52    8  0.1895E-11  0.1901E-11
CALSDV   53    8  0.2015E-11  0.2023E-11
CALSDV   54    8  0.2092E-11  0.2099E-11
CALSDV   55    8  0.2198E-11  0.2206E-11
CALSDV   56    8  0.2314E-11  0.2321E-11
CALSDV   57    8  0.2408E-11  0.2418E-11
CALSDV   58    8  0.2559E-11  0.2568E-11
CALSDV   59    8  0.2652E-11  0.2663E-11
CALSDV   60    8  0.2841E-11  0.2852E-11
CALSDV   61    8  0.2918E-11  0.2931E-11
CALSDV   62    8  0.3164E-11  0.3177E-11
CALSDV   63    8  0.3258E-11  0.3273E-11
CALSDV   64    8  0.3520E-11  0.3535E-11
CALSDV   65    8  0.3636E-11  0.3652E-11
CALSDV   66    8  0.3922E-11  0.3939E-11
CALSDV   67    8  0.4084E-11  0.4100E-11
CALSDV   68    8  0.4394E-11  0.4411E-11
CALSDV   69    8  0.4622E-11  0.4645E-11
CALSDV   70    8  0.4955E-11  0.4978E-11
CALSDV   71    8  0.5226E-11  0.5250E-11
CALSDV   72    8  0.5567E-11  0.5590E-11
CALSDV   73    8  0.5849E-11  0.5876E-11
CALSDV   74    8  0.6207E-11  0.6234E-11
CALSDV   75    8  0.6585E-11  0.6613E-11
CALSDV   76    8  0.6965E-11  0.6993E-11
CALSDV   77    8  0.7550E-11  0.7582E-11
CALSDV   78    8  0.7978E-11  0.8010E-11
CALSDV   79    8  0.8428E-11  0.8461E-11
CALSDV   80    8  0.8858E-11  0.8891E-11
CALSDV   81    8  0.9299E-11  0.9337E-11
CALSDV   82    8  0.9783E-11  0.9824E-11
CALSDV   83    8  0.1076E-10  0.1080E-10
CALSDV   84    8  0.1128E-10  0.1131E-10
CALSDV   85    8  0.1108E-10  0.1110E-10
CALSDV   86    8  0.1159E-10  0.1161E-10
CALSDV   87    8  0.1300E-10  0.1302E-10
CALSDV   88    8  0.1361E-10  0.1361E-10
CALSDV   89    8  0.1454E-10  0.1453E-10
CALSDV   90    8  0.1528E-10  0.1525E-10
CALSDV    9    9  0.6785E-11  0.6936E-11
CALSDV   10    9  0.4545E-11  0.4516E-11
CALSDV   11    9  0.3690E-11  0.3724E-11
CALSDV   12    9  0.2236E-11  0.2204E-11
CALSDV   13    9  0.2730E-11  0.2743E-11
CALSDV   14    9  0.1506E-11  0.1477E-11
CALSDV   15    9  0.1997E-11  0.1994E-11
CALSDV   16    9  0.1229E-11  0.1212E-11
CALSDV   17    9  0.1609E-11  0.1604E-11
CALSDV   18    9  0.1139E-11  0.1131E-11
CALSDV   19    9  0.1412E-11  0.1406E-11
CALSDV   20    9  0.1042E-11  0.1039E-11
CALSDV   21    9  0.1276E-11  0.1271E-11
CALSDV   22    9  0.1014E-11  0.1012E-11
CALSDV   23    9  0.1164E-11  0.1160E-11
CALSDV   24    9  0.1077E-11  0.1075E-11
CALSDV   25    9  0.1066E-11  0.1063E-11
CALSDV   26    9  0.1108E-11  0.1107E-11
CALSDV   27    9  0.1012E-11  0.1010E-11
CALSDV   28    9  0.1138E-11  0.1137E-11
CALSDV   29    9  0.9939E-12  0.9924E-12
CALSDV   30    9  0.1161E-11  0.1160E-11
CALSDV   31    9  0.9898E-12  0.9884E-12
CALSDV   32    9  0.1182E-11  0.1181E-11
CALSDV   33    9  0.1034E-11  0.1033E-11
CALSDV   34    9  0.1197E-11  0.1196E-11
CALSDV   35    9  0.1072E-11  0.1070E-11
CALSDV   36    9  0.1222E-11  0.1221E-11
CALSDV   37    9  0.1124E-11  0.1124E-11
CALSDV   38    9  0.1259E-11  0.1258E-11
CALSDV   39    9  0.1211E-11  0.1210E-11
CALSDV   40    9  0.1303E-11  0.1302E-11
CALSDV   41    9  0.1296E-11  0.1295E-11
CALSDV   42    9  0.1363E-11  0.1362E-11
CALSDV   43    9  0.1396E-11  0.1395E-11
CALSDV   44    9  0.1438E-11  0.1438E-11
CALSDV   45    9  0.1506E-11  0.1505E-11
CALSDV   46    9  0.1512E-11  0.1512E-11
CALSDV   47    9  0.1626E-11  0.1625E-11
CALSDV   48    9  0.1644E-11  0.1644E-11
CALSDV   49    9  0.1753E-11  0.1753E-11
CALSDV   50    9  0.1783E-11  0.1783E-11
CALSDV   51    9  0.1895E-11  0.1895E-11
CALSDV   52    9  0.1942E-11  0.1942E-11
CALSDV   53    9  0.2061E-11  0.2060E-11
CALSDV   54    9  0.2141E-11  0.2141E-11
CALSDV   55    9  0.2244E-11  0.2243E-11
CALSDV   56    9  0.2363E-11  0.2363E-11
CALSDV   57    9  0.2451E-11  0.2452E-11
CALSDV   58    9  0.2606E-11  0.2606E-11
CALSDV   59    9  0.2693E-11  0.2693E-11
CALSDV   60    9  0.2885E-11  0.2885E-11
CALSDV   61    9  0.2959E-11  0.2960E-11
CALSDV   62    9  0.3208E-11  0.3208E-11
CALSDV   63    9  0.3311E-11  0.3311E-11
CALSDV   64    9  0.3574E-11  0.3574E-11
CALSDV   65    9  0.3705E-11  0.3705E-11
CALSDV   66    9  0.3990E-11  0.3993E-11
CALSDV   67    9  0.4160E-11  0.4163E-11
CALSDV   68    9  0.4469E-11  0.4472E-11
CALSDV   69    9  0.4690E-11  0.4690E-11
CALSDV   70    9  0.5018E-11  0.5018E-11
CALSDV   71    9  0.5279E-11  0.5279E-11
CALSDV   72    9  0.5617E-11  0.5617E-11
CALSDV   73    9  0.5953E-11  0.5953E-11
CALSDV   74    9  0.6319E-11  0.6319E-11
CALSDV   75    9  0.6775E-11  0.6775E-11
CALSDV   76    9  0.7155E-11  0.7159E-11
CALSDV   77    9  0.7667E-11  0.7671E-11
CALSDV   78    9  0.8091E-11  0.8095E-11
CALSDV   79    9  0.8508E-11  0.8512E-11
CALSDV   80    9  0.8945E-11  0.8949E-11
CALSDV   81    9  0.9707E-11  0.9711E-11
CALSDV   82    9  0.1020E-10  0.1021E-10
CALSDV   83    9  0.1092E-10  0.1092E-10
CALSDV   84    9  0.1142E-10  0.1142E-10
CALSDV   85    9  0.1157E-10  0.1158E-10
CALSDV   86    9  0.1210E-10  0.1211E-10
CALSDV   87    9  0.1311E-10  0.1312E-10
CALSDV   88    9  0.1371E-10  0.1372E-10
CALSDV   89    9  0.1478E-10  0.1479E-10
CALSDV   90    9  0.1551E-10  0.1552E-10
CALSDV   10   10  0.4027E-11  0.3892E-11
CALSDV   11   10  0.5069E-11  0.5110E-11
CALSDV   12   10  0.2292E-11  0.2283E-11
CALSDV   13   10  0.3087E-11  0.3115E-11
CALSDV   14   10  0.1936E-11  0.1938E-11
CALSDV   15   10  0.2438E-11  0.2439E-11
CALSDV   16   10  0.1582E-11  0.1591E-11
CALSDV   17   10  0.2152E-11  0.2148E-11
CALSDV   18   10  0.1445E-11  0.1451E-11
CALSDV   19   10  0.1922E-11  0.1915E-11
CALSDV   20   10  0.1298E-11  0.1308E-11
CALSDV   21   10  0.1726E-11  0.1718E-11
CALSDV   22   10  0.1229E-11  0.1238E-11
CALSDV   23   10  0.1569E-11  0.1557E-11
CALSDV   24   10  0.1268E-11  0.1276E-11
CALSDV   25   10  0.1426E-11  0.1414E-11
CALSDV   26   10  0.1276E-11  0.1284E-11
CALSDV   27   10  0.1334E-11  0.1323E-11
CALSDV   28   10  0.1289E-11  0.1298E-11
CALSDV   29   10  0.1282E-11  0.1273E-11
CALSDV   30   10  0.1300E-11  0.1310E-11
CALSDV   31   10  0.1244E-11  0.1237E-11
CALSDV   32   10  0.1313E-11  0.1322E-11
CALSDV   33   10  0.1265E-11  0.1258E-11
CALSDV   34   10  0.1323E-11  0.1330E-11
CALSDV   35   10  0.1276E-11  0.1271E-11
CALSDV   36   10  0.1343E-11  0.1349E-11
CALSDV   37   10  0.1306E-11  0.1302E-11
CALSDV   38   10  0.1375E-11  0.1379E-11
CALSDV   39   10  0.1377E-11  0.1373E-11
CALSDV   40   10  0.1413E-11  0.1417E-11
CALSDV   41   10  0.1446E-11  0.1442E-11
CALSDV   42   10  0.1468E-11  0.1472E-11
CALSDV   43   10  0.1532E-11  0.1528E-11
CALSDV   44   10  0.1540E-11  0.1542E-11
CALSDV   45   10  0.1631E-11  0.1628E-11
CALSDV   46   10  0.1609E-11  0.1611E-11
CALSDV   47   10  0.1741E-11  0.1738E-11
CALSDV   48   10  0.1739E-11  0.1741E-11
CALSDV   49   10  0.1861E-11  0.1857E-11
CALSDV   50   10  0.1876E-11  0.1878E-11
CALSDV   51   10  0.1995E-11  0.1993E-11
CALSDV   52   10  0.2035E-11  0.2035E-11
CALSDV   53   10  0.2157E-11  0.2154E-11
CALSDV   54   10  0.2233E-11  0.2234E-11
CALSDV   55   10  0.2337E-11  0.2334E-11
CALSDV   56   10  0.2456E-11  0.2456E-11
CALSDV   57   10  0.2544E-11  0.2542E-11
CALSDV   58   10  0.2701E-11  0.2702E-11
CALSDV   59   10  0.2787E-11  0.2785E-11
CALSDV   60   10  0.2985E-11  0.2984E-11
CALSDV   61   10  0.3055E-11  0.3052E-11
CALSDV   62   10  0.3312E-11  0.3312E-11
CALSDV   63   10  0.3403E-11  0.3400E-11
CALSDV   64   10  0.3675E-11  0.3675E-11
CALSDV   65   10  0.3793E-11  0.3790E-11
CALSDV   66   10  0.4086E-11  0.4086E-11
CALSDV   67   10  0.4246E-11  0.4243E-11
CALSDV   68   10  0.4560E-11  0.4560E-11
CALSDV   69   10  0.4778E-11  0.4778E-11
CALSDV   70   10  0.5113E-11  0.5113E-11
CALSDV   71   10  0.5402E-11  0.5399E-11
CALSDV   72   10  0.5748E-11  0.5748E-11
CALSDV   73   10  0.6109E-11  0.6106E-11
CALSDV   74   10  0.6482E-11  0.6482E-11
CALSDV   75   10  0.6896E-11  0.6892E-11
CALSDV   76   10  0.7283E-11  0.7280E-11
CALSDV   77   10  0.7735E-11  0.7731E-11
CALSDV   78   10  0.8173E-11  0.8169E-11
CALSDV   79   10  0.8756E-11  0.8752E-11
CALSDV   80   10  0.9220E-11  0.9216E-11
CALSDV   81   10  0.1009E-10  0.1008E-10
CALSDV   82   10  0.1059E-10  0.1058E-10
CALSDV   83   10  0.1100E-10  0.1099E-10
CALSDV   84   10  0.1151E-10  0.1151E-10
CALSDV   85   10  0.1226E-10  0.1226E-10
CALSDV   86   10  0.1284E-10  0.1284E-10
CALSDV   87   10  0.1323E-10  0.1322E-10
CALSDV   88   10  0.1383E-10  0.1383E-10
CALSDV   89   10  0.1521E-10  0.1521E-10
CALSDV   90   10  0.1596E-10  0.1597E-10
CALSDV   11   11  0.7698E-11  0.7984E-11
CALSDV   12   11  0.4001E-11  0.4089E-11
CALSDV   13   11  0.4262E-11  0.4315E-11
CALSDV   14   11  0.2214E-11  0.2304E-11
CALSDV   15   11  0.3482E-11  0.3466E-11
CALSDV   16   11  0.1647E-11  0.1696E-11
CALSDV   17   11  0.2706E-11  0.2667E-11
CALSDV   18   11  0.1548E-11  0.1576E-11
CALSDV   19   11  0.2126E-11  0.2075E-11
CALSDV   20   11  0.1384E-11  0.1401E-11
CALSDV   21   11  0.1771E-11  0.1722E-11
CALSDV   22   11  0.1266E-11  0.1279E-11
CALSDV   23   11  0.1562E-11  0.1518E-11
CALSDV   24   11  0.1267E-11  0.1279E-11
CALSDV   25   11  0.1407E-11  0.1373E-11
CALSDV   26   11  0.1256E-11  0.1267E-11
CALSDV   27   11  0.1320E-11  0.1290E-11
CALSDV   28   11  0.1267E-11  0.1277E-11
CALSDV   29   11  0.1275E-11  0.1251E-11
CALSDV   30   11  0.1283E-11  0.1292E-11
CALSDV   31   11  0.1245E-11  0.1226E-11
CALSDV   32   11  0.1303E-11  0.1311E-11
CALSDV   33   11  0.1274E-11  0.1258E-11
CALSDV   34   11  0.1320E-11  0.1326E-11
CALSDV   35   11  0.1294E-11  0.1280E-11
CALSDV   36   11  0.1346E-11  0.1351E-11
CALSDV   37   11  0.1332E-11  0.1320E-11
CALSDV   38   11  0.1382E-11  0.1386E-11
CALSDV   39   11  0.1411E-11  0.1400E-11
CALSDV   40   11  0.1424E-11  0.1427E-11
CALSDV   41   11  0.1486E-11  0.1475E-11
CALSDV   42   11  0.1482E-11  0.1485E-11
CALSDV   43   11  0.1577E-11  0.1568E-11
CALSDV   44   11  0.1555E-11  0.1557E-11
CALSDV   45   11  0.1679E-11  0.1673E-11
CALSDV   46   11  0.1626E-11  0.1627E-11
CALSDV   47   11  0.1792E-11  0.1785E-11
CALSDV   48   11  0.1758E-11  0.1759E-11
CALSDV   49   11  0.1913E-11  0.1907E-11
CALSDV   50   11  0.1896E-11  0.1897E-11
CALSDV   51   11  0.2049E-11  0.2043E-11
CALSDV   52   11  0.2055E-11  0.2055E-11
CALSDV   53   11  0.2210E-11  0.2205E-11
CALSDV   54   11  0.2254E-11  0.2255E-11
CALSDV   55   11  0.2390E-11  0.2386E-11
CALSDV   56   11  0.2478E-11  0.2478E-11
CALSDV   57   11  0.2597E-11  0.2593E-11
CALSDV   58   11  0.2724E-11  0.2724E-11
CALSDV   59   11  0.2839E-11  0.2835E-11
CALSDV   60   11  0.3008E-11  0.3007E-11
CALSDV   61   11  0.3107E-11  0.3104E-11
CALSDV   62   11  0.3337E-11  0.3334E-11
CALSDV   63   11  0.3456E-11  0.3453E-11
CALSDV   64   11  0.3704E-11  0.3701E-11
CALSDV   65   11  0.3849E-11  0.3846E-11
CALSDV   66   11  0.4118E-11  0.4118E-11
CALSDV   67   11  0.4307E-11  0.4303E-11
CALSDV   68   11  0.4602E-11  0.4599E-11
CALSDV   69   11  0.4849E-11  0.4846E-11
CALSDV   70   11  0.5166E-11  0.5163E-11
CALSDV   71   11  0.5472E-11  0.5468E-11
CALSDV   72   11  0.5801E-11  0.5798E-11
CALSDV   73   11  0.6163E-11  0.6160E-11
CALSDV   74   11  0.6520E-11  0.6516E-11
CALSDV   75   11  0.6954E-11  0.6951E-11
CALSDV   76   11  0.7328E-11  0.7325E-11
CALSDV   77   11  0.7915E-11  0.7912E-11
CALSDV   78   11  0.8332E-11  0.8328E-11
CALSDV   79   11  0.9076E-11  0.9072E-11
CALSDV   80   11  0.9513E-11  0.9509E-11
CALSDV   81   11  0.1023E-10  0.1022E-10
CALSDV   82   11  0.1071E-10  0.1071E-10
CALSDV   83   11  0.1117E-10  0.1117E-10
CALSDV   84   11  0.1170E-10  0.1169E-10
CALSDV   85   11  0.1299E-10  0.1298E-10
CALSDV   86   11  0.1356E-10  0.1355E-10
CALSDV   87   11  0.1332E-10  0.1332E-10
CALSDV   88   11  0.1393E-10  0.1392E-10
CALSDV   89   11  0.1560E-10  0.1560E-10
CALSDV   90   11  0.1633E-10  0.1633E-10
CALSDV   12   12  0.4153E-11  0.4186E-11
CALSDV   13   12  0.7018E-11  0.6943E-11
CALSDV   14   12  0.2380E-11  0.2402E-11
CALSDV   15   12  0.4188E-11  0.4144E-11
CALSDV   16   12  0.2231E-11  0.2232E-11
CALSDV   17   12  0.2832E-11  0.2802E-11
CALSDV   18   12  0.1987E-11  0.1979E-11
CALSDV   19   12  0.2350E-11  0.2325E-11
CALSDV   20   12  0.1629E-11  0.1613E-11
CALSDV   21   12  0.2119E-11  0.2102E-11
CALSDV   22   12  0.1462E-11  0.1438E-11
CALSDV   23   12  0.1928E-11  0.1915E-11
CALSDV   24   12  0.1521E-11  0.1491E-11
CALSDV   25   12  0.1736E-11  0.1727E-11
CALSDV   26   12  0.1580E-11  0.1546E-11
CALSDV   27   12  0.1607E-11  0.1603E-11
CALSDV   28   12  0.1644E-11  0.1612E-11
CALSDV   29   12  0.1536E-11  0.1534E-11
CALSDV   30   12  0.1689E-11  0.1661E-11
CALSDV   31   12  0.1487E-11  0.1487E-11
CALSDV   32   12  0.1715E-11  0.1690E-11
CALSDV   33   12  0.1511E-11  0.1511E-11
CALSDV   34   12  0.1719E-11  0.1698E-11
CALSDV   35   12  0.1523E-11  0.1523E-11
CALSDV   36   12  0.1728E-11  0.1708E-11
CALSDV   37   12  0.1554E-11  0.1556E-11
CALSDV   38   12  0.1742E-11  0.1725E-11
CALSDV   39   12  0.1629E-11  0.1631E-11
CALSDV   40   12  0.1760E-11  0.1746E-11
CALSDV   41   12  0.1696E-11  0.1699E-11
CALSDV   42   12  0.1796E-11  0.1784E-11
CALSDV   43   12  0.1780E-11  0.1782E-11
CALSDV   44   12  0.1847E-11  0.1837E-11
CALSDV   45   12  0.1874E-11  0.1876E-11
CALSDV   46   12  0.1894E-11  0.1886E-11
CALSDV   47   12  0.1977E-11  0.1978E-11
CALSDV   48   12  0.2012E-11  0.2005E-11
CALSDV   49   12  0.2087E-11  0.2088E-11
CALSDV   50   12  0.2135E-11  0.2129E-11
CALSDV   51   12  0.2213E-11  0.2213E-11
CALSDV   52   12  0.2281E-11  0.2276E-11
CALSDV   53   12  0.2365E-11  0.2366E-11
CALSDV   54   12  0.2470E-11  0.2466E-11
CALSDV   55   12  0.2536E-11  0.2537E-11
CALSDV   56   12  0.2683E-11  0.2680E-11
CALSDV   57   12  0.2736E-11  0.2736E-11
CALSDV   58   12  0.2919E-11  0.2916E-11
CALSDV   59   12  0.2971E-11  0.2971E-11
CALSDV   60   12  0.3194E-11  0.3191E-11
CALSDV   61   12  0.3231E-11  0.3231E-11
CALSDV   62   12  0.3513E-11  0.3510E-11
CALSDV   63   12  0.3579E-11  0.3579E-11
CALSDV   64   12  0.3875E-11  0.3872E-11
CALSDV   65   12  0.3968E-11  0.3968E-11
CALSDV   66   12  0.4282E-11  0.4282E-11
CALSDV   67   12  0.4421E-11  0.4421E-11
CALSDV   68   12  0.4758E-11  0.4755E-11
CALSDV   69   12  0.4960E-11  0.4960E-11
CALSDV   70   12  0.5315E-11  0.5315E-11
CALSDV   71   12  0.5581E-11  0.5581E-11
CALSDV   72   12  0.5949E-11  0.5949E-11
CALSDV   73   12  0.6285E-11  0.6285E-11
CALSDV   74   12  0.6676E-11  0.6676E-11
CALSDV   75   12  0.7106E-11  0.7110E-11
CALSDV   76   12  0.7511E-11  0.7515E-11
CALSDV   77   12  0.8089E-11  0.8092E-11
CALSDV   78   12  0.8548E-11  0.8548E-11
CALSDV   79   12  0.9207E-11  0.9207E-11
CALSDV   80   12  0.9680E-11  0.9680E-11
CALSDV   81   12  0.1037E-10  0.1037E-10
CALSDV   82   12  0.1089E-10  0.1089E-10
CALSDV   83   12  0.1176E-10  0.1176E-10
CALSDV   84   12  0.1234E-10  0.1234E-10
CALSDV   85   12  0.1355E-10  0.1355E-10
CALSDV   86   12  0.1416E-10  0.1416E-10
CALSDV   87   12  0.1365E-10  0.1363E-10
CALSDV   88   12  0.1430E-10  0.1429E-10
CALSDV   89   12  0.1610E-10  0.1609E-10
CALSDV   90   12  0.1689E-10  0.1688E-10
CALSDV   13   13  0.9992E-11  0.1015E-10
CALSDV   14   13  0.3986E-11  0.4025E-11
CALSDV   15   13  0.4686E-11  0.4823E-11
CALSDV   16   13  0.2468E-11  0.2500E-11
CALSDV   17   13  0.4093E-11  0.4169E-11
CALSDV   18   13  0.2098E-11  0.2126E-11
CALSDV   19   13  0.3473E-11  0.3529E-11
CALSDV   20   13  0.1868E-11  0.1888E-11
CALSDV   21   13  0.2829E-11  0.2872E-11
CALSDV   22   13  0.1737E-11  0.1753E-11
CALSDV   23   13  0.2307E-11  0.2338E-11
CALSDV   24   13  0.1726E-11  0.1745E-11
CALSDV   25   13  0.1929E-11  0.1949E-11
CALSDV   26   13  0.1655E-11  0.1672E-11
CALSDV   27   13  0.1716E-11  0.1730E-11
CALSDV   28   13  0.1595E-11  0.1610E-11
CALSDV   29   13  0.1612E-11  0.1621E-11
CALSDV   30   13  0.1547E-11  0.1561E-11
CALSDV   31   13  0.1553E-11  0.1558E-11
CALSDV   32   13  0.1524E-11  0.1529E-11
CALSDV   33   13  0.1577E-11  0.1578E-11
CALSDV   34   13  0.1506E-11  0.1511E-11
CALSDV   35   13  0.1588E-11  0.1590E-11
CALSDV   36   13  0.1513E-11  0.1519E-11
CALSDV   37   13  0.1620E-11  0.1622E-11
CALSDV   38   13  0.1541E-11  0.1545E-11
CALSDV   39   13  0.1697E-11  0.1699E-11
CALSDV   40   13  0.1580E-11  0.1582E-11
CALSDV   41   13  0.1765E-11  0.1767E-11
CALSDV   42   13  0.1638E-11  0.1640E-11
CALSDV   43   13  0.1849E-11  0.1851E-11
CALSDV   44   13  0.1713E-11  0.1714E-11
CALSDV   45   13  0.1944E-11  0.1946E-11
CALSDV   46   13  0.1783E-11  0.1784E-11
CALSDV   47   13  0.2047E-11  0.2048E-11
CALSDV   48   13  0.1919E-11  0.1920E-11
CALSDV   49   13  0.2157E-11  0.2158E-11
CALSDV   50   13  0.2059E-11  0.2061E-11
CALSDV   51   13  0.2282E-11  0.2284E-11
CALSDV   52   13  0.2220E-11  0.2222E-11
CALSDV   53   13  0.2435E-11  0.2436E-11
CALSDV   54   13  0.2423E-11  0.2425E-11
CALSDV   55   13  0.2605E-11  0.2607E-11
CALSDV   56   13  0.2648E-11  0.2651E-11
CALSDV   57   13  0.2803E-11  0.2806E-11
CALSDV   58   13  0.2895E-11  0.2898E-11
CALSDV   59   13  0.3038E-11  0.3041E-11
CALSDV   60   13  0.3178E-11  0.3184E-11
CALSDV   61   13  0.3298E-11  0.3304E-11
CALSDV   62   13  0.3507E-11  0.3513E-11
CALSDV   63   13  0.3644E-11  0.3650E-11
CALSDV   64   13  0.3875E-11  0.3882E-11
CALSDV   65   13  0.4034E-11  0.4043E-11
CALSDV   66   13  0.4292E-11  0.4298E-11
CALSDV   67   13  0.4491E-11  0.4497E-11
CALSDV   68   13  0.4771E-11  0.4781E-11
CALSDV   69   13  0.5031E-11  0.5041E-11
CALSDV   70   13  0.5338E-11  0.5351E-11
CALSDV   71   13  0.5657E-11  0.5667E-11
CALSDV   72   13  0.5979E-11  0.5992E-11
CALSDV   73   13  0.6366E-11  0.6379E-11
CALSDV   74   13  0.6717E-11  0.6731E-11
CALSDV   75   13  0.7189E-11  0.7203E-11
CALSDV   76   13  0.7560E-11  0.7577E-11
CALSDV   77   13  0.8163E-11  0.8181E-11
CALSDV   78   13  0.8587E-11  0.8604E-11
CALSDV   79   13  0.9280E-11  0.9302E-11
CALSDV   80   13  0.9727E-11  0.9745E-11
CALSDV   81   13  0.1056E-10  0.1059E-10
CALSDV   82   13  0.1107E-10  0.1109E-10
CALSDV   83   13  0.1215E-10  0.1217E-10
CALSDV   84   13  0.1270E-10  0.1273E-10
CALSDV   85   13  0.1363E-10  0.1366E-10
CALSDV   86   13  0.1421E-10  0.1424E-10
CALSDV   87   13  0.1465E-10  0.1468E-10
CALSDV   88   13  0.1532E-10  0.1535E-10
CALSDV   89   13  0.1661E-10  0.1663E-10
CALSDV   90   13  0.1736E-10  0.1738E-10
CALSDV   14   14  0.3649E-11  0.3371E-11
CALSDV   15   14  0.7669E-11  0.7553E-11
CALSDV   16   14  0.2641E-11  0.2596E-11
CALSDV   17   14  0.4821E-11  0.4754E-11
CALSDV   18   14  0.2740E-11  0.2738E-11
CALSDV   19   14  0.3235E-11  0.3217E-11
CALSDV   20   14  0.2270E-11  0.2274E-11
CALSDV   21   14  0.2523E-11  0.2536E-11
CALSDV   22   14  0.1857E-11  0.1864E-11
CALSDV   23   14  0.2205E-11  0.2216E-11
CALSDV   24   14  0.1718E-11  0.1726E-11
CALSDV   25   14  0.1995E-11  0.1997E-11
CALSDV   26   14  0.1680E-11  0.1686E-11
CALSDV   27   14  0.1860E-11  0.1856E-11
CALSDV   28   14  0.1744E-11  0.1746E-11
CALSDV   29   14  0.1777E-11  0.1770E-11
CALSDV   30   14  0.1836E-11  0.1836E-11
CALSDV   31   14  0.1713E-11  0.1707E-11
CALSDV   32   14  0.1921E-11  0.1920E-11
CALSDV   33   14  0.1731E-11  0.1727E-11
CALSDV   34   14  0.1977E-11  0.1975E-11
CALSDV   35   14  0.1738E-11  0.1733E-11
CALSDV   36   14  0.2024E-11  0.2022E-11
CALSDV   37   14  0.1769E-11  0.1764E-11
CALSDV   38   14  0.2067E-11  0.2065E-11
CALSDV   39   14  0.1850E-11  0.1846E-11
CALSDV   40   14  0.2101E-11  0.2099E-11
CALSDV   41   14  0.1923E-11  0.1919E-11
CALSDV   42   14  0.2146E-11  0.2144E-11
CALSDV   43   14  0.2012E-11  0.2008E-11
CALSDV   44   14  0.2201E-11  0.2199E-11
CALSDV   45   14  0.2113E-11  0.2107E-11
CALSDV   46   14  0.2244E-11  0.2240E-11
CALSDV   47   14  0.2219E-11  0.2213E-11
CALSDV   48   14  0.2362E-11  0.2358E-11
CALSDV   49   14  0.2331E-11  0.2324E-11
CALSDV   50   14  0.2480E-11  0.2476E-11
CALSDV   51   14  0.2456E-11  0.2449E-11
CALSDV   52   14  0.2618E-11  0.2614E-11
CALSDV   53   14  0.2608E-11  0.2600E-11
CALSDV   54   14  0.2802E-11  0.2796E-11
CALSDV   55   14  0.2777E-11  0.2768E-11
CALSDV   56   14  0.3008E-11  0.3002E-11
CALSDV   57   14  0.2973E-11  0.2964E-11
CALSDV   58   14  0.3234E-11  0.3228E-11
CALSDV   59   14  0.3205E-11  0.3196E-11
CALSDV   60   14  0.3501E-11  0.3492E-11
CALSDV   61   14  0.3462E-11  0.3453E-11
CALSDV   62   14  0.3812E-11  0.3802E-11
CALSDV   63   14  0.3808E-11  0.3798E-11
CALSDV   64   14  0.4164E-11  0.4155E-11
CALSDV   65   14  0.4197E-11  0.4184E-11
CALSDV   66   14  0.4564E-11  0.4555E-11
CALSDV   67   14  0.4650E-11  0.4638E-11
CALSDV   68   14  0.5035E-11  0.5022E-11
CALSDV   69   14  0.5190E-11  0.5177E-11
CALSDV   70   14  0.5585E-11  0.5576E-11
CALSDV   71   14  0.5813E-11  0.5797E-11
CALSDV   72   14  0.6217E-11  0.6203E-11
CALSDV   73   14  0.6521E-11  0.6504E-11
CALSDV   74   14  0.6945E-11  0.6928E-11
CALSDV   75   14  0.7345E-11  0.7324E-11
CALSDV   76   14  0.7774E-11  0.7757E-11
CALSDV   77   14  0.8319E-11  0.8298E-11
CALSDV   78   14  0.8799E-11  0.8778E-11
CALSDV   79   14  0.9462E-11  0.9436E-11
CALSDV   80   14  0.9955E-11  0.9933E-11
CALSDV   81   14  0.1078E-10  0.1076E-10
CALSDV   82   14  0.1132E-10  0.1130E-10
CALSDV   83   14  0.1231E-10  0.1229E-10
CALSDV   84   14  0.1290E-10  0.1287E-10
CALSDV   85   14  0.1391E-10  0.1389E-10
CALSDV   86   14  0.1456E-10  0.1453E-10
CALSDV   87   14  0.1608E-10  0.1605E-10
CALSDV   88   14  0.1687E-10  0.1684E-10
CALSDV   89   14  0.1692E-10  0.1690E-10
CALSDV   90   14  0.1777E-10  0.1775E-10
CALSDV   15   15  0.7893E-11  0.8811E-11
CALSDV   16   15  0.3914E-11  0.3850E-11
CALSDV   17   15  0.3866E-11  0.4307E-11
CALSDV   18   15  0.2524E-11  0.2409E-11
CALSDV   19   15  0.3630E-11  0.3855E-11
CALSDV   20   15  0.2195E-11  0.2106E-11
CALSDV   21   15  0.3183E-11  0.3299E-11
CALSDV   22   15  0.2127E-11  0.2085E-11
CALSDV   23   15  0.2683E-11  0.2747E-11
CALSDV   24   15  0.2166E-11  0.2152E-11
CALSDV   25   15  0.2250E-11  0.2291E-11
CALSDV   26   15  0.2090E-11  0.2088E-11
CALSDV   27   15  0.1983E-11  0.2013E-11
CALSDV   28   15  0.1997E-11  0.2000E-11
CALSDV   29   15  0.1839E-11  0.1861E-11
CALSDV   30   15  0.1904E-11  0.1907E-11
CALSDV   31   15  0.1753E-11  0.1771E-11
CALSDV   32   15  0.1831E-11  0.1831E-11
CALSDV   33   15  0.1771E-11  0.1785E-11
CALSDV   34   15  0.1776E-11  0.1772E-11
CALSDV   35   15  0.1785E-11  0.1795E-11
CALSDV   36   15  0.1756E-11  0.1748E-11
CALSDV   37   15  0.1825E-11  0.1831E-11
CALSDV   38   15  0.1767E-11  0.1755E-11
CALSDV   39   15  0.1917E-11  0.1919E-11
CALSDV   40   15  0.1794E-11  0.1781E-11
CALSDV   41   15  0.1997E-11  0.1997E-11
CALSDV   42   15  0.1848E-11  0.1833E-11
CALSDV   43   15  0.2093E-11  0.2090E-11
CALSDV   44   15  0.1921E-11  0.1904E-11
CALSDV   45   15  0.2196E-11  0.2193E-11
CALSDV   46   15  0.1990E-11  0.1974E-11
CALSDV   47   15  0.2304E-11  0.2300E-11
CALSDV   48   15  0.2131E-11  0.2115E-11
CALSDV   49   15  0.2417E-11  0.2412E-11
CALSDV   50   15  0.2276E-11  0.2258E-11
CALSDV   51   15  0.2544E-11  0.2538E-11
CALSDV   52   15  0.2441E-11  0.2423E-11
CALSDV   53   15  0.2697E-11  0.2689E-11
CALSDV   54   15  0.2648E-11  0.2630E-11
CALSDV   55   15  0.2866E-11  0.2857E-11
CALSDV   56   15  0.2878E-11  0.2860E-11
CALSDV   57   15  0.3063E-11  0.3054E-11
CALSDV   58   15  0.3129E-11  0.3111E-11
CALSDV   59   15  0.3296E-11  0.3284E-11
CALSDV   60   15  0.3417E-11  0.3399E-11
CALSDV   61   15  0.3553E-11  0.3538E-11
CALSDV   62   15  0.3749E-11  0.3730E-11
CALSDV   63   15  0.3900E-11  0.3885E-11
CALSDV   64   15  0.4120E-11  0.4098E-11
CALSDV   65   15  0.4288E-11  0.4272E-11
CALSDV   66   15  0.4539E-11  0.4516E-11
CALSDV   67   15  0.4743E-11  0.4727E-11
CALSDV   68   15  0.5022E-11  0.4999E-11
CALSDV   69   15  0.5284E-11  0.5262E-11
CALSDV   70   15  0.5592E-11  0.5566E-11
CALSDV   71   15  0.5909E-11  0.5886E-11
CALSDV   72   15  0.6230E-11  0.6207E-11
CALSDV   73   15  0.6616E-11  0.6592E-11
CALSDV   74   15  0.6969E-11  0.6941E-11
CALSDV   75   15  0.7445E-11  0.7414E-11
CALSDV   76   15  0.7812E-11  0.7777E-11
CALSDV   77   15  0.8422E-11  0.8390E-11
CALSDV   78   15  0.8841E-11  0.8803E-11
CALSDV   79   15  0.9564E-11  0.9527E-11
CALSDV   80   15  0.1001E-10  0.9969E-11
CALSDV   81   15  0.1089E-10  0.1085E-10
CALSDV   82   15  0.1141E-10  0.1136E-10
CALSDV   83   15  0.1248E-10  0.1243E-10
CALSDV   84   15  0.1305E-10  0.1300E-10
CALSDV   85   15  0.1443E-10  0.1437E-10
CALSDV   86   15  0.1505E-10  0.1499E-10
CALSDV   87   15  0.1679E-10  0.1672E-10
CALSDV   88   15  0.1754E-10  0.1748E-10
CALSDV   89   15  0.1736E-10  0.1731E-10
CALSDV   90   15  0.1820E-10  0.1817E-10
CALSDV   16   16  0.3247E-11  0.3358E-11
CALSDV   17   16  0.6273E-11  0.6905E-11
CALSDV   18   16  0.2986E-11  0.3040E-11
CALSDV   19   16  0.3821E-11  0.4439E-11
CALSDV   20   16  0.3035E-11  0.3044E-11
CALSDV   21   16  0.2994E-11  0.3362E-11
CALSDV   22   16  0.2578E-11  0.2570E-11
CALSDV   23   16  0.2685E-11  0.2831E-11
CALSDV   24   16  0.2276E-11  0.2266E-11
CALSDV   25   16  0.2389E-11  0.2425E-11
CALSDV   26   16  0.2037E-11  0.2032E-11
CALSDV   27   16  0.2148E-11  0.2143E-11
CALSDV   28   16  0.1968E-11  0.1970E-11
CALSDV   29   16  0.1978E-11  0.1961E-11
CALSDV   30   16  0.2000E-11  0.2007E-11
CALSDV   31   16  0.1854E-11  0.1838E-11
CALSDV   32   16  0.2073E-11  0.2081E-11
CALSDV   33   16  0.1843E-11  0.1833E-11
CALSDV   34   16  0.2138E-11  0.2146E-11
CALSDV   35   16  0.1842E-11  0.1838E-11
CALSDV   36   16  0.2205E-11  0.2213E-11
CALSDV   37   16  0.1880E-11  0.1879E-11
CALSDV   38   16  0.2269E-11  0.2276E-11
CALSDV   39   16  0.1981E-11  0.1982E-11
CALSDV   40   16  0.2323E-11  0.2330E-11
CALSDV   41   16  0.2077E-11  0.2079E-11
CALSDV   42   16  0.2386E-11  0.2393E-11
CALSDV   43   16  0.2192E-11  0.2194E-11
CALSDV   44   16  0.2457E-11  0.2464E-11
CALSDV   45   16  0.2315E-11  0.2318E-11
CALSDV   46   16  0.2509E-11  0.2517E-11
CALSDV   47   16  0.2442E-11  0.2445E-11
CALSDV   48   16  0.2642E-11  0.2650E-11
CALSDV   49   16  0.2570E-11  0.2575E-11
CALSDV   50   16  0.2770E-11  0.2779E-11
CALSDV   51   16  0.2709E-11  0.2714E-11
CALSDV   52   16  0.2917E-11  0.2926E-11
CALSDV   53   16  0.2873E-11  0.2878E-11
CALSDV   54   16  0.3108E-11  0.3117E-11
CALSDV   55   16  0.3050E-11  0.3056E-11
CALSDV   56   16  0.3317E-11  0.3329E-11
CALSDV   57   16  0.3250E-11  0.3259E-11
CALSDV   58   16  0.3547E-11  0.3559E-11
CALSDV   59   16  0.3487E-11  0.3496E-11
CALSDV   60   16  0.3815E-11  0.3824E-11
CALSDV   61   16  0.3745E-11  0.3754E-11
CALSDV   62   16  0.4126E-11  0.4135E-11
CALSDV   63   16  0.4095E-11  0.4104E-11
CALSDV   64   16  0.4472E-11  0.4485E-11
CALSDV   65   16  0.4485E-11  0.4494E-11
CALSDV   66   16  0.4869E-11  0.4882E-11
CALSDV   67   16  0.4937E-11  0.4949E-11
CALSDV   68   16  0.5334E-11  0.5350E-11
CALSDV   69   16  0.5476E-11  0.5492E-11
CALSDV   70   16  0.5883E-11  0.5899E-11
CALSDV   71   16  0.6098E-11  0.6115E-11
CALSDV   72   16  0.6505E-11  0.6522E-11
CALSDV   73   16  0.6799E-11  0.6819E-11
CALSDV   74   16  0.7220E-11  0.7241E-11
CALSDV   75   16  0.7614E-11  0.7638E-11
CALSDV   76   16  0.8047E-11  0.8068E-11
CALSDV   77   16  0.8588E-11  0.8609E-11
CALSDV   78   16  0.9061E-11  0.9086E-11
CALSDV   79   16  0.9724E-11  0.9749E-11
CALSDV   80   16  0.1020E-10  0.1023E-10
CALSDV   81   16  0.1105E-10  0.1108E-10
CALSDV   82   16  0.1158E-10  0.1162E-10
CALSDV   83   16  0.1267E-10  0.1271E-10
CALSDV   84   16  0.1326E-10  0.1330E-10
CALSDV   85   16  0.1472E-10  0.1476E-10
CALSDV   86   16  0.1538E-10  0.1542E-10
CALSDV   87   16  0.1704E-10  0.1709E-10
CALSDV   88   16  0.1784E-10  0.1789E-10
CALSDV   89   16  0.1884E-10  0.1889E-10
CALSDV   90   16  0.1972E-10  0.1976E-10
CALSDV   17   17  0.8899E-11  0.8689E-11
CALSDV   18   17  0.4369E-11  0.4436E-11
CALSDV   19   17  0.4735E-11  0.4644E-11
CALSDV   20   17  0.2346E-11  0.2456E-11
CALSDV   21   17  0.3976E-11  0.3932E-11
CALSDV   22   17  0.2282E-11  0.2372E-11
CALSDV   23   17  0.3275E-11  0.3216E-11
CALSDV   24   17  0.2627E-11  0.2698E-11
CALSDV   25   17  0.2755E-11  0.2677E-11
CALSDV   26   17  0.2679E-11  0.2739E-11
CALSDV   27   17  0.2490E-11  0.2398E-11
CALSDV   28   17  0.2572E-11  0.2626E-11
CALSDV   29   17  0.2375E-11  0.2279E-11
CALSDV   30   17  0.2395E-11  0.2442E-11
CALSDV   31   17  0.2294E-11  0.2202E-11
CALSDV   32   17  0.2224E-11  0.2263E-11
CALSDV   33   17  0.2312E-11  0.2220E-11
CALSDV   34   17  0.2086E-11  0.2117E-11
CALSDV   35   17  0.2295E-11  0.2210E-11
CALSDV   36   17  0.2015E-11  0.2038E-11
CALSDV   37   17  0.2299E-11  0.2221E-11
CALSDV   38   17  0.2001E-11  0.2018E-11
CALSDV   39   17  0.2363E-11  0.2292E-11
CALSDV   40   17  0.2025E-11  0.2037E-11
CALSDV   41   17  0.2414E-11  0.2349E-11
CALSDV   42   17  0.2086E-11  0.2097E-11
CALSDV   43   17  0.2486E-11  0.2428E-11
CALSDV   44   17  0.2173E-11  0.2184E-11
CALSDV   45   17  0.2570E-11  0.2519E-11
CALSDV   46   17  0.2255E-11  0.2264E-11
CALSDV   47   17  0.2663E-11  0.2618E-11
CALSDV   48   17  0.2417E-11  0.2424E-11
CALSDV   49   17  0.2764E-11  0.2725E-11
CALSDV   50   17  0.2578E-11  0.2584E-11
CALSDV   51   17  0.2883E-11  0.2847E-11
CALSDV   52   17  0.2756E-11  0.2761E-11
CALSDV   53   17  0.3030E-11  0.2999E-11
CALSDV   54   17  0.2978E-11  0.2982E-11
CALSDV   55   17  0.3195E-11  0.3168E-11
CALSDV   56   17  0.3220E-11  0.3223E-11
CALSDV   57   17  0.3392E-11  0.3365E-11
CALSDV   58   17  0.3476E-11  0.3476E-11
CALSDV   59   17  0.3624E-11  0.3597E-11
CALSDV   60   17  0.3768E-11  0.3768E-11
CALSDV   61   17  0.3879E-11  0.3854E-11
CALSDV   62   17  0.4104E-11  0.4104E-11
CALSDV   63   17  0.4228E-11  0.4206E-11
CALSDV   64   17  0.4476E-11  0.4472E-11
CALSDV   65   17  0.4620E-11  0.4594E-11
CALSDV   66   17  0.4895E-11  0.4889E-11
CALSDV   67   17  0.5077E-11  0.5051E-11
CALSDV   68   17  0.5379E-11  0.5373E-11
CALSDV   69   17  0.5619E-11  0.5596E-11
CALSDV   70   17  0.5945E-11  0.5935E-11
CALSDV   71   17  0.6244E-11  0.6221E-11
CALSDV   72   17  0.6585E-11  0.6572E-11
CALSDV   73   17  0.6951E-11  0.6927E-11
CALSDV   74   17  0.7319E-11  0.7305E-11
CALSDV   75   17  0.7773E-11  0.7749E-11
CALSDV   76   17  0.8154E-11  0.8137E-11
CALSDV   77   17  0.8755E-11  0.8723E-11
CALSDV   78   17  0.9185E-11  0.9164E-11
CALSDV   79   17  0.9902E-11  0.9866E-11
CALSDV   80   17  0.1035E-10  0.1032E-10
CALSDV   81   17  0.1123E-10  0.1120E-10
CALSDV   82   17  0.1175E-10  0.1172E-10
CALSDV   83   17  0.1286E-10  0.1282E-10
CALSDV   84   17  0.1344E-10  0.1340E-10
CALSDV   85   17  0.1493E-10  0.1488E-10
CALSDV   86   17  0.1557E-10  0.1552E-10
CALSDV   87   17  0.1734E-10  0.1729E-10
CALSDV   88   17  0.1814E-10  0.1810E-10
CALSDV   89   17  0.2043E-10  0.2037E-10
CALSDV   90   17  0.2140E-10  0.2136E-10
CALSDV   18   18  0.3846E-11  0.3904E-11
CALSDV   19   18  0.6494E-11  0.6536E-11
CALSDV   20   18  0.3275E-11  0.3278E-11
CALSDV   21   18  0.3863E-11  0.3925E-11
CALSDV   22   18  0.3279E-11  0.3276E-11
CALSDV   23   18  0.3228E-11  0.3253E-11
CALSDV   24   18  0.2914E-11  0.2920E-11
CALSDV   25   18  0.3053E-11  0.3060E-11
CALSDV   26   18  0.2464E-11  0.2470E-11
CALSDV   27   18  0.2823E-11  0.2821E-11
CALSDV   28   18  0.2235E-11  0.2244E-11
CALSDV   29   18  0.2546E-11  0.2546E-11
CALSDV   30   18  0.2207E-11  0.2213E-11
CALSDV   31   18  0.2265E-11  0.2269E-11
CALSDV   32   18  0.2273E-11  0.2275E-11
CALSDV   33   18  0.2117E-11  0.2124E-11
CALSDV   34   18  0.2346E-11  0.2342E-11
CALSDV   35   18  0.2009E-11  0.2012E-11
CALSDV   36   18  0.2418E-11  0.2411E-11
CALSDV   37   18  0.1987E-11  0.1990E-11
CALSDV   38   18  0.2485E-11  0.2474E-11
CALSDV   39   18  0.2072E-11  0.2074E-11
CALSDV   40   18  0.2537E-11  0.2525E-11
CALSDV   41   18  0.2180E-11  0.2181E-11
CALSDV   42   18  0.2599E-11  0.2590E-11
CALSDV   43   18  0.2326E-11  0.2326E-11
CALSDV   44   18  0.2669E-11  0.2663E-11
CALSDV   45   18  0.2487E-11  0.2488E-11
CALSDV   46   18  0.2721E-11  0.2718E-11
CALSDV   47   18  0.2655E-11  0.2656E-11
CALSDV   48   18  0.2863E-11  0.2862E-11
CALSDV   49   18  0.2822E-11  0.2823E-11
CALSDV   50   18  0.2999E-11  0.2999E-11
CALSDV   51   18  0.2994E-11  0.2998E-11
CALSDV   52   18  0.3154E-11  0.3157E-11
CALSDV   53   18  0.3190E-11  0.3193E-11
CALSDV   54   18  0.3361E-11  0.3361E-11
CALSDV   55   18  0.3389E-11  0.3395E-11
CALSDV   56   18  0.3585E-11  0.3588E-11
CALSDV   57   18  0.3613E-11  0.3616E-11
CALSDV   58   18  0.3827E-11  0.3830E-11
CALSDV   59   18  0.3867E-11  0.3870E-11
CALSDV   60   18  0.4106E-11  0.4106E-11
CALSDV   61   18  0.4137E-11  0.4137E-11
CALSDV   62   18  0.4431E-11  0.4431E-11
CALSDV   63   18  0.4499E-11  0.4499E-11
CALSDV   64   18  0.4790E-11  0.4790E-11
CALSDV   65   18  0.4901E-11  0.4898E-11
CALSDV   66   18  0.5197E-11  0.5197E-11
CALSDV   67   18  0.5363E-11  0.5360E-11
CALSDV   68   18  0.5668E-11  0.5672E-11
CALSDV   69   18  0.5908E-11  0.5908E-11
CALSDV   70   18  0.6229E-11  0.6229E-11
CALSDV   71   18  0.6536E-11  0.6533E-11
CALSDV   72   18  0.6860E-11  0.6860E-11
CALSDV   73   18  0.7245E-11  0.7238E-11
CALSDV   74   18  0.7584E-11  0.7584E-11
CALSDV   75   18  0.8063E-11  0.8056E-11
CALSDV   76   18  0.8413E-11  0.8410E-11
CALSDV   77   18  0.9034E-11  0.9027E-11
CALSDV   78   18  0.9440E-11  0.9436E-11
CALSDV   79   18  0.1017E-10  0.1016E-10
CALSDV   80   18  0.1060E-10  0.1059E-10
CALSDV   81   18  0.1150E-10  0.1149E-10
CALSDV   82   18  0.1197E-10  0.1197E-10
CALSDV   83   18  0.1312E-10  0.1311E-10
CALSDV   84   18  0.1366E-10  0.1365E-10
CALSDV   85   18  0.1520E-10  0.1518E-10
CALSDV   86   18  0.1579E-10  0.1578E-10
CALSDV   87   18  0.1774E-10  0.1772E-10
CALSDV   88   18  0.1848E-10  0.1847E-10
CALSDV   89   18  0.2138E-10  0.2136E-10
CALSDV   90   18  0.2231E-10  0.2229E-10
CALSDV   19   19  0.7199E-11  0.7734E-11
CALSDV   20   19  0.4388E-11  0.4364E-11
CALSDV   21   19  0.4504E-11  0.4627E-11
CALSDV   22   19  0.2200E-11  0.2169E-11
CALSDV   23   19  0.3763E-11  0.3804E-11
CALSDV   24   19  0.2424E-11  0.2413E-11
CALSDV   25   19  0.2931E-11  0.2960E-11
CALSDV   26   19  0.2937E-11  0.2934E-11
CALSDV   27   19  0.2487E-11  0.2506E-11
CALSDV   28   19  0.3112E-11  0.3113E-11
CALSDV   29   19  0.2366E-11  0.2385E-11
CALSDV   30   19  0.3011E-11  0.3015E-11
CALSDV   31   19  0.2366E-11  0.2388E-11
CALSDV   32   19  0.2784E-11  0.2791E-11
CALSDV   33   19  0.2468E-11  0.2492E-11
CALSDV   34   19  0.2528E-11  0.2537E-11
CALSDV   35   19  0.2512E-11  0.2536E-11
CALSDV   36   19  0.2338E-11  0.2346E-11
CALSDV   37   19  0.2548E-11  0.2573E-11
CALSDV   38   19  0.2235E-11  0.2241E-11
CALSDV   39   19  0.2628E-11  0.2654E-11
CALSDV   40   19  0.2206E-11  0.2210E-11
CALSDV   41   19  0.2682E-11  0.2705E-11
CALSDV   42   19  0.2251E-11  0.2253E-11
CALSDV   43   19  0.2750E-11  0.2774E-11
CALSDV   44   19  0.2345E-11  0.2346E-11
CALSDV   45   19  0.2830E-11  0.2856E-11
CALSDV   46   19  0.2446E-11  0.2447E-11
CALSDV   47   19  0.2922E-11  0.2949E-11
CALSDV   48   19  0.2638E-11  0.2640E-11
CALSDV   49   19  0.3026E-11  0.3051E-11
CALSDV   50   19  0.2832E-11  0.2834E-11
CALSDV   51   19  0.3149E-11  0.3176E-11
CALSDV   52   19  0.3045E-11  0.3045E-11
CALSDV   53   19  0.3305E-11  0.3329E-11
CALSDV   54   19  0.3301E-11  0.3301E-11
CALSDV   55   19  0.3482E-11  0.3506E-11
CALSDV   56   19  0.3573E-11  0.3573E-11
CALSDV   57   19  0.3689E-11  0.3713E-11
CALSDV   58   19  0.3857E-11  0.3857E-11
CALSDV   59   19  0.3937E-11  0.3958E-11
CALSDV   60   19  0.4171E-11  0.4175E-11
CALSDV   61   19  0.4204E-11  0.4228E-11
CALSDV   62   19  0.4528E-11  0.4531E-11
CALSDV   63   19  0.4574E-11  0.4595E-11
CALSDV   64   19  0.4914E-11  0.4917E-11
CALSDV   65   19  0.4977E-11  0.4998E-11
CALSDV   66   19  0.5344E-11  0.5348E-11
CALSDV   67   19  0.5449E-11  0.5468E-11
CALSDV   68   19  0.5834E-11  0.5844E-11
CALSDV   69   19  0.6002E-11  0.6025E-11
CALSDV   70   19  0.6407E-11  0.6417E-11
CALSDV   71   19  0.6639E-11  0.6662E-11
CALSDV   72   19  0.7051E-11  0.7061E-11
CALSDV   73   19  0.7356E-11  0.7380E-11
CALSDV   74   19  0.7785E-11  0.7798E-11
CALSDV   75   19  0.8184E-11  0.8211E-11
CALSDV   76   19  0.8617E-11  0.8638E-11
CALSDV   77   19  0.9165E-11  0.9197E-11
CALSDV   78   19  0.9648E-11  0.9670E-11
CALSDV   79   19  0.1031E-10  0.1035E-10
CALSDV   80   19  0.1080E-10  0.1083E-10
CALSDV   81   19  0.1164E-10  0.1168E-10
CALSDV   82   19  0.1218E-10  0.1221E-10
CALSDV   83   19  0.1327E-10  0.1331E-10
CALSDV   84   19  0.1386E-10  0.1390E-10
CALSDV   85   19  0.1537E-10  0.1541E-10
CALSDV   86   19  0.1602E-10  0.1606E-10
CALSDV   87   19  0.1794E-10  0.1799E-10
CALSDV   88   19  0.1878E-10  0.1883E-10
CALSDV   89   19  0.2166E-10  0.2172E-10
CALSDV   90   19  0.2272E-10  0.2277E-10
CALSDV   20   20  0.3437E-11  0.3452E-11
CALSDV   21   20  0.5384E-11  0.5413E-11
CALSDV   22   20  0.3285E-11  0.3259E-11
CALSDV   23   20  0.2735E-11  0.2756E-11
CALSDV   24   20  0.3491E-11  0.3491E-11
CALSDV   25   20  0.2710E-11  0.2718E-11
CALSDV   26   20  0.2972E-11  0.2982E-11
CALSDV   27   20  0.3010E-11  0.3022E-11
CALSDV   28   20  0.2528E-11  0.2547E-11
CALSDV   29   20  0.3009E-11  0.3027E-11
CALSDV   30   20  0.2360E-11  0.2378E-11
CALSDV   31   20  0.2790E-11  0.2809E-11
CALSDV   32   20  0.2396E-11  0.2410E-11
CALSDV   33   20  0.2596E-11  0.2613E-11
CALSDV   34   20  0.2480E-11  0.2494E-11
CALSDV   35   20  0.2374E-11  0.2389E-11
CALSDV   36   20  0.2568E-11  0.2578E-11
CALSDV   37   20  0.2238E-11  0.2250E-11
CALSDV   38   20  0.2637E-11  0.2645E-11
CALSDV   39   20  0.2240E-11  0.2251E-11
CALSDV   40   20  0.2682E-11  0.2688E-11
CALSDV   41   20  0.2303E-11  0.2311E-11
CALSDV   42   20  0.2734E-11  0.2740E-11
CALSDV   43   20  0.2441E-11  0.2448E-11
CALSDV   44   20  0.2797E-11  0.2802E-11
CALSDV   45   20  0.2622E-11  0.2627E-11
CALSDV   46   20  0.2844E-11  0.2849E-11
CALSDV   47   20  0.2822E-11  0.2827E-11
CALSDV   48   20  0.2988E-11  0.2994E-11
CALSDV   49   20  0.3029E-11  0.3032E-11
CALSDV   50   20  0.3134E-11  0.3140E-11
CALSDV   51   20  0.3242E-11  0.3245E-11
CALSDV   52   20  0.3302E-11  0.3311E-11
CALSDV   53   20  0.3477E-11  0.3480E-11
CALSDV   54   20  0.3526E-11  0.3535E-11
CALSDV   55   20  0.3715E-11  0.3718E-11
CALSDV   56   20  0.3777E-11  0.3780E-11
CALSDV   57   20  0.3970E-11  0.3973E-11
CALSDV   58   20  0.4042E-11  0.4045E-11
CALSDV   59   20  0.4252E-11  0.4255E-11
CALSDV   60   20  0.4345E-11  0.4348E-11
CALSDV   61   20  0.4548E-11  0.4548E-11
CALSDV   62   20  0.4695E-11  0.4698E-11
CALSDV   63   20  0.4935E-11  0.4935E-11
CALSDV   64   20  0.5079E-11  0.5082E-11
CALSDV   65   20  0.5356E-11  0.5356E-11
CALSDV   66   20  0.5508E-11  0.5511E-11
CALSDV   67   20  0.5834E-11  0.5834E-11
CALSDV   68   20  0.6003E-11  0.6006E-11
CALSDV   69   20  0.6395E-11  0.6395E-11
CALSDV   70   20  0.6579E-11  0.6582E-11
CALSDV   71   20  0.7034E-11  0.7034E-11
CALSDV   72   20  0.7228E-11  0.7228E-11
CALSDV   73   20  0.7745E-11  0.7745E-11
CALSDV   74   20  0.7969E-11  0.7969E-11
CALSDV   75   20  0.8567E-11  0.8567E-11
CALSDV   76   20  0.8810E-11  0.8810E-11
CALSDV   77   20  0.9541E-11  0.9541E-11
CALSDV   78   20  0.9847E-11  0.9847E-11
CALSDV   79   20  0.1068E-10  0.1068E-10
CALSDV   80   20  0.1102E-10  0.1102E-10
CALSDV   81   20  0.1202E-10  0.1202E-10
CALSDV   82   20  0.1241E-10  0.1241E-10
CALSDV   83   20  0.1364E-10  0.1364E-10
CALSDV   84   20  0.1410E-10  0.1410E-10
CALSDV   85   20  0.1574E-10  0.1574E-10
CALSDV   86   20  0.1626E-10  0.1627E-10
CALSDV   87   20  0.1842E-10  0.1842E-10
CALSDV   88   20  0.1908E-10  0.1908E-10
CALSDV   89   20  0.2225E-10  0.2225E-10
CALSDV   90   20  0.2313E-10  0.2315E-10
CALSDV   21   21  0.4642E-11  0.4660E-11
CALSDV   22   21  0.4244E-11  0.4247E-11
CALSDV   23   21  0.3838E-11  0.3838E-11
CALSDV   24   21  0.2259E-11  0.2259E-11
CALSDV   25   21  0.3299E-11  0.3312E-11
CALSDV   26   21  0.2518E-11  0.2499E-11
CALSDV   27   21  0.2562E-11  0.2571E-11
CALSDV   28   21  0.3130E-11  0.3104E-11
CALSDV   29   21  0.2210E-11  0.2211E-11
CALSDV   30   21  0.3343E-11  0.3324E-11
CALSDV   31   21  0.2178E-11  0.2179E-11
CALSDV   32   21  0.3262E-11  0.3249E-11
CALSDV   33   21  0.2349E-11  0.2348E-11
CALSDV   34   21  0.3026E-11  0.3015E-11
CALSDV   35   21  0.2468E-11  0.2466E-11
CALSDV   36   21  0.2790E-11  0.2778E-11
CALSDV   37   21  0.2550E-11  0.2551E-11
CALSDV   38   21  0.2613E-11  0.2598E-11
CALSDV   39   21  0.2647E-11  0.2650E-11
CALSDV   40   21  0.2506E-11  0.2491E-11
CALSDV   41   21  0.2691E-11  0.2696E-11
CALSDV   42   21  0.2487E-11  0.2473E-11
CALSDV   43   21  0.2741E-11  0.2748E-11
CALSDV   44   21  0.2540E-11  0.2525E-11
CALSDV   45   21  0.2806E-11  0.2811E-11
CALSDV   46   21  0.2615E-11  0.2601E-11
CALSDV   47   21  0.2890E-11  0.2891E-11
CALSDV   48   21  0.2803E-11  0.2785E-11
CALSDV   49   21  0.2995E-11  0.2993E-11
CALSDV   50   21  0.2999E-11  0.2984E-11
CALSDV   51   21  0.3133E-11  0.3127E-11
CALSDV   52   21  0.3219E-11  0.3205E-11
CALSDV   53   21  0.3317E-11  0.3311E-11
CALSDV   54   21  0.3493E-11  0.3475E-11
CALSDV   55   21  0.3525E-11  0.3519E-11
CALSDV   56   21  0.3783E-11  0.3767E-11
CALSDV   57   21  0.3770E-11  0.3764E-11
CALSDV   58   21  0.4088E-11  0.4075E-11
CALSDV   59   21  0.4061E-11  0.4052E-11
CALSDV   60   21  0.4429E-11  0.4417E-11
CALSDV   61   21  0.4371E-11  0.4362E-11
CALSDV   62   21  0.4808E-11  0.4798E-11
CALSDV   63   21  0.4784E-11  0.4774E-11
CALSDV   64   21  0.5219E-11  0.5209E-11
CALSDV   65   21  0.5230E-11  0.5224E-11
CALSDV   66   21  0.5672E-11  0.5665E-11
CALSDV   67   21  0.5745E-11  0.5736E-11
CALSDV   68   21  0.6192E-11  0.6182E-11
CALSDV   69   21  0.6340E-11  0.6334E-11
CALSDV   70   21  0.6787E-11  0.6777E-11
CALSDV   71   21  0.7014E-11  0.7007E-11
CALSDV   72   21  0.7449E-11  0.7443E-11
CALSDV   73   21  0.7762E-11  0.7752E-11
CALSDV   74   21  0.8203E-11  0.8196E-11
CALSDV   75   21  0.8619E-11  0.8608E-11
CALSDV   76   21  0.9059E-11  0.9049E-11
CALSDV   77   21  0.9633E-11  0.9619E-11
CALSDV   78   21  0.1011E-10  0.1010E-10
CALSDV   79   21  0.1080E-10  0.1079E-10
CALSDV   80   21  0.1129E-10  0.1128E-10
CALSDV   81   21  0.1215E-10  0.1215E-10
CALSDV   82   21  0.1267E-10  0.1266E-10
CALSDV   83   21  0.1381E-10  0.1380E-10
CALSDV   84   21  0.1437E-10  0.1436E-10
CALSDV   85   21  0.1594E-10  0.1593E-10
CALSDV   86   21  0.1656E-10  0.1655E-10
CALSDV   87   21  0.1866E-10  0.1864E-10
CALSDV   88   21  0.1945E-10  0.1944E-10
CALSDV   89   21  0.2252E-10  0.2251E-10
CALSDV   90   21  0.2355E-10  0.2354E-10
CALSDV   22   22  0.3162E-11  0.3253E-11
CALSDV   23   22  0.5151E-11  0.5178E-11
CALSDV   24   22  0.3642E-11  0.3639E-11
CALSDV   25   22  0.2311E-11  0.2319E-11
CALSDV   26   22  0.3682E-11  0.3657E-11
CALSDV   27   22  0.2531E-11  0.2525E-11
CALSDV   28   22  0.3089E-11  0.3061E-11
CALSDV   29   22  0.3077E-11  0.3068E-11
CALSDV   30   22  0.2645E-11  0.2619E-11
CALSDV   31   22  0.3192E-11  0.3181E-11
CALSDV   32   22  0.2550E-11  0.2530E-11
CALSDV   33   22  0.3133E-11  0.3127E-11
CALSDV   34   22  0.2643E-11  0.2626E-11
CALSDV   35   22  0.2901E-11  0.2898E-11
CALSDV   36   22  0.2771E-11  0.2757E-11
CALSDV   37   22  0.2679E-11  0.2678E-11
CALSDV   38   22  0.2869E-11  0.2857E-11
CALSDV   39   22  0.2580E-11  0.2581E-11
CALSDV   40   22  0.2919E-11  0.2906E-11
CALSDV   41   22  0.2553E-11  0.2554E-11
CALSDV   42   22  0.2957E-11  0.2944E-11
CALSDV   43   22  0.2635E-11  0.2636E-11
CALSDV   44   22  0.2996E-11  0.2984E-11
CALSDV   45   22  0.2798E-11  0.2799E-11
CALSDV   46   22  0.3016E-11  0.3007E-11
CALSDV   47   22  0.3009E-11  0.3009E-11
CALSDV   48   22  0.3147E-11  0.3135E-11
CALSDV   49   22  0.3244E-11  0.3241E-11
CALSDV   50   22  0.3285E-11  0.3276E-11
CALSDV   51   22  0.3492E-11  0.3489E-11
CALSDV   52   22  0.3460E-11  0.3448E-11
CALSDV   53   22  0.3767E-11  0.3761E-11
CALSDV   54   22  0.3701E-11  0.3685E-11
CALSDV   55   22  0.4044E-11  0.4035E-11
CALSDV   56   22  0.3971E-11  0.3956E-11
CALSDV   57   22  0.4336E-11  0.4327E-11
CALSDV   58   22  0.4266E-11  0.4250E-11
CALSDV   59   22  0.4653E-11  0.4644E-11
CALSDV   60   22  0.4606E-11  0.4591E-11
CALSDV   61   22  0.4979E-11  0.4967E-11
CALSDV   62   22  0.4993E-11  0.4977E-11
CALSDV   63   22  0.5398E-11  0.5386E-11
CALSDV   64   22  0.5416E-11  0.5400E-11
CALSDV   65   22  0.5844E-11  0.5835E-11
CALSDV   66   22  0.5884E-11  0.5868E-11
CALSDV   67   22  0.6350E-11  0.6340E-11
CALSDV   68   22  0.6413E-11  0.6397E-11
CALSDV   69   22  0.6938E-11  0.6921E-11
CALSDV   70   22  0.7028E-11  0.7008E-11
CALSDV   71   22  0.7597E-11  0.7581E-11
CALSDV   72   22  0.7704E-11  0.7687E-11
CALSDV   73   22  0.8323E-11  0.8306E-11
CALSDV   74   22  0.8468E-11  0.8451E-11
CALSDV   75   22  0.9157E-11  0.9137E-11
CALSDV   76   22  0.9332E-11  0.9311E-11
CALSDV   77   22  0.1014E-10  0.1012E-10
CALSDV   78   22  0.1040E-10  0.1037E-10
CALSDV   79   22  0.1129E-10  0.1127E-10
CALSDV   80   22  0.1158E-10  0.1155E-10
CALSDV   81   22  0.1263E-10  0.1261E-10
CALSDV   82   22  0.1299E-10  0.1296E-10
CALSDV   83   22  0.1427E-10  0.1423E-10
CALSDV   84   22  0.1470E-10  0.1467E-10
CALSDV   85   22  0.1640E-10  0.1636E-10
CALSDV   86   22  0.1691E-10  0.1686E-10
CALSDV   87   22  0.1919E-10  0.1914E-10
CALSDV   88   22  0.1986E-10  0.1982E-10
CALSDV   89   22  0.2305E-10  0.2300E-10
CALSDV   90   22  0.2399E-10  0.2394E-10
CALSDV   23   23  0.3312E-11  0.3591E-11
CALSDV   24   23  0.4655E-11  0.4677E-11
CALSDV   25   23  0.3638E-11  0.3631E-11
CALSDV   26   23  0.2411E-11  0.2442E-11
CALSDV   27   23  0.3275E-11  0.3269E-11
CALSDV   28   23  0.2721E-11  0.2689E-11
CALSDV   29   23  0.2548E-11  0.2534E-11
CALSDV   30   23  0.3366E-11  0.3311E-11
CALSDV   31   23  0.2190E-11  0.2164E-11
CALSDV   32   23  0.3590E-11  0.3542E-11
CALSDV   33   23  0.2310E-11  0.2279E-11
CALSDV   34   23  0.3498E-11  0.3450E-11
CALSDV   35   23  0.2527E-11  0.2501E-11
CALSDV   36   23  0.3298E-11  0.3245E-11
CALSDV   37   23  0.2721E-11  0.2700E-11
CALSDV   38   23  0.3098E-11  0.3041E-11
CALSDV   39   23  0.2897E-11  0.2880E-11
CALSDV   40   23  0.2947E-11  0.2883E-11
CALSDV   41   23  0.2977E-11  0.2959E-11
CALSDV   42   23  0.2893E-11  0.2817E-11
CALSDV   43   23  0.3024E-11  0.3006E-11
CALSDV   44   23  0.2913E-11  0.2832E-11
CALSDV   45   23  0.3062E-11  0.3038E-11
CALSDV   46   23  0.2963E-11  0.2881E-11
CALSDV   47   23  0.3108E-11  0.3078E-11
CALSDV   48   23  0.3144E-11  0.3058E-11
CALSDV   49   23  0.3177E-11  0.3141E-11
CALSDV   50   23  0.3338E-11  0.3249E-11
CALSDV   51   23  0.3293E-11  0.3251E-11
CALSDV   52   23  0.3560E-11  0.3471E-11
CALSDV   53   23  0.3471E-11  0.3422E-11
CALSDV   54   23  0.3839E-11  0.3755E-11
CALSDV   55   23  0.3688E-11  0.3639E-11
CALSDV   56   23  0.4139E-11  0.4056E-11
CALSDV   57   23  0.3958E-11  0.3906E-11
CALSDV   58   23  0.4453E-11  0.4376E-11
CALSDV   59   23  0.4277E-11  0.4228E-11
CALSDV   60   23  0.4808E-11  0.4733E-11
CALSDV   61   23  0.4627E-11  0.4581E-11
CALSDV   62   23  0.5204E-11  0.5138E-11
CALSDV   63   23  0.5083E-11  0.5043E-11
CALSDV   64   23  0.5635E-11  0.5572E-11
CALSDV   65   23  0.5578E-11  0.5540E-11
CALSDV   66   23  0.6108E-11  0.6054E-11
CALSDV   67   23  0.6137E-11  0.6105E-11
CALSDV   68   23  0.6644E-11  0.6601E-11
CALSDV   69   23  0.6778E-11  0.6756E-11
CALSDV   70   23  0.7262E-11  0.7226E-11
CALSDV   71   23  0.7495E-11  0.7478E-11
CALSDV   72   23  0.7945E-11  0.7922E-11
CALSDV   73   23  0.8273E-11  0.8269E-11
CALSDV   74   23  0.8713E-11  0.8703E-11
CALSDV   75   23  0.9164E-11  0.9168E-11
CALSDV   76   23  0.9584E-11  0.9584E-11
CALSDV   77   23  0.1019E-10  0.1021E-10
CALSDV   78   23  0.1065E-10  0.1066E-10
CALSDV   79   23  0.1139E-10  0.1142E-10
CALSDV   80   23  0.1184E-10  0.1187E-10
CALSDV   81   23  0.1276E-10  0.1279E-10
CALSDV   82   23  0.1324E-10  0.1327E-10
CALSDV   83   23  0.1443E-10  0.1447E-10
CALSDV   84   23  0.1495E-10  0.1500E-10
CALSDV   85   23  0.1658E-10  0.1664E-10
CALSDV   86   23  0.1716E-10  0.1722E-10
CALSDV   87   23  0.1940E-10  0.1948E-10
CALSDV   88   23  0.2016E-10  0.2024E-10
CALSDV   89   23  0.2326E-10  0.2337E-10
CALSDV   90   23  0.2433E-10  0.2431E-10
CALSDV   24   24  0.3568E-11  0.3571E-11
CALSDV   25   24  0.5295E-11  0.5302E-11
CALSDV   26   24  0.4004E-11  0.4023E-11
CALSDV   27   24  0.2373E-11  0.2372E-11
CALSDV   28   24  0.4014E-11  0.4039E-11
CALSDV   29   24  0.2627E-11  0.2632E-11
CALSDV   30   24  0.3301E-11  0.3321E-11
CALSDV   31   24  0.3286E-11  0.3297E-11
CALSDV   32   24  0.2811E-11  0.2829E-11
CALSDV   33   24  0.3605E-11  0.3616E-11
CALSDV   34   24  0.2753E-11  0.2771E-11
CALSDV   35   24  0.3530E-11  0.3544E-11
CALSDV   36   24  0.2935E-11  0.2956E-11
CALSDV   37   24  0.3311E-11  0.3325E-11
CALSDV   38   24  0.3131E-11  0.3153E-11
CALSDV   39   24  0.3131E-11  0.3146E-11
CALSDV   40   24  0.3251E-11  0.3269E-11
CALSDV   41   24  0.2974E-11  0.2989E-11
CALSDV   42   24  0.3318E-11  0.3336E-11
CALSDV   43   24  0.2943E-11  0.2958E-11
CALSDV   44   24  0.3347E-11  0.3365E-11
CALSDV   45   24  0.3029E-11  0.3044E-11
CALSDV   46   24  0.3335E-11  0.3349E-11
CALSDV   47   24  0.3208E-11  0.3220E-11
CALSDV   48   24  0.3434E-11  0.3446E-11
CALSDV   49   24  0.3443E-11  0.3455E-11
CALSDV   50   24  0.3538E-11  0.3550E-11
CALSDV   51   24  0.3719E-11  0.3728E-11
CALSDV   52   24  0.3691E-11  0.3700E-11
CALSDV   53   24  0.4030E-11  0.4039E-11
CALSDV   54   24  0.3923E-11  0.3932E-11
CALSDV   55   24  0.4349E-11  0.4355E-11
CALSDV   56   24  0.4203E-11  0.4212E-11
CALSDV   57   24  0.4683E-11  0.4689E-11
CALSDV   58   24  0.4521E-11  0.4533E-11
CALSDV   59   24  0.5041E-11  0.5050E-11
CALSDV   60   24  0.4895E-11  0.4904E-11
CALSDV   61   24  0.5405E-11  0.5414E-11
CALSDV   62   24  0.5323E-11  0.5336E-11
CALSDV   63   24  0.5868E-11  0.5877E-11
CALSDV   64   24  0.5794E-11  0.5807E-11
CALSDV   65   24  0.6355E-11  0.6364E-11
CALSDV   66   24  0.6311E-11  0.6323E-11
CALSDV   67   24  0.6894E-11  0.6904E-11
CALSDV   68   24  0.6894E-11  0.6907E-11
CALSDV   69   24  0.7516E-11  0.7526E-11
CALSDV   70   24  0.7556E-11  0.7569E-11
CALSDV   71   24  0.8208E-11  0.8214E-11
CALSDV   72   24  0.8280E-11  0.8294E-11
CALSDV   73   24  0.8955E-11  0.8969E-11
CALSDV   74   24  0.9084E-11  0.9101E-11
CALSDV   75   24  0.9810E-11  0.9827E-11
CALSDV   76   24  0.9982E-11  0.9999E-11
CALSDV   77   24  0.1082E-10  0.1083E-10
CALSDV   78   24  0.1107E-10  0.1109E-10
CALSDV   79   24  0.1198E-10  0.1199E-10
CALSDV   80   24  0.1228E-10  0.1230E-10
CALSDV   81   24  0.1333E-10  0.1335E-10
CALSDV   82   24  0.1370E-10  0.1373E-10
CALSDV   83   24  0.1496E-10  0.1499E-10
CALSDV   84   24  0.1541E-10  0.1544E-10
CALSDV   85   24  0.1711E-10  0.1714E-10
CALSDV   86   24  0.1764E-10  0.1768E-10
CALSDV   87   24  0.1998E-10  0.2001E-10
CALSDV   88   24  0.2072E-10  0.2076E-10
CALSDV   89   24  0.2378E-10  0.2382E-10
CALSDV   90   24  0.2483E-10  0.2483E-10
CALSDV   25   25  0.3421E-11  0.3376E-11
CALSDV   26   25  0.5235E-11  0.5292E-11
CALSDV   27   25  0.3794E-11  0.3815E-11
CALSDV   28   25  0.2715E-11  0.2806E-11
CALSDV   29   25  0.3585E-11  0.3585E-11
CALSDV   30   25  0.2972E-11  0.2988E-11
CALSDV   31   25  0.2788E-11  0.2771E-11
CALSDV   32   25  0.3644E-11  0.3632E-11
CALSDV   33   25  0.2443E-11  0.2413E-11
CALSDV   34   25  0.3861E-11  0.3842E-11
CALSDV   35   25  0.2540E-11  0.2509E-11
CALSDV   36   25  0.3777E-11  0.3765E-11
CALSDV   37   25  0.2849E-11  0.2822E-11
CALSDV   38   25  0.3579E-11  0.3570E-11
CALSDV   39   25  0.3187E-11  0.3163E-11
CALSDV   40   25  0.3381E-11  0.3378E-11
CALSDV   41   25  0.3390E-11  0.3375E-11
CALSDV   42   25  0.3273E-11  0.3273E-11
CALSDV   43   25  0.3510E-11  0.3501E-11
CALSDV   44   25  0.3265E-11  0.3265E-11
CALSDV   45   25  0.3567E-11  0.3561E-11
CALSDV   46   25  0.3306E-11  0.3303E-11
CALSDV   47   25  0.3589E-11  0.3583E-11
CALSDV   48   25  0.3499E-11  0.3499E-11
CALSDV   49   25  0.3612E-11  0.3603E-11
CALSDV   50   25  0.3715E-11  0.3712E-11
CALSDV   51   25  0.3670E-11  0.3658E-11
CALSDV   52   25  0.3967E-11  0.3961E-11
CALSDV   53   25  0.3800E-11  0.3785E-11
CALSDV   54   25  0.4278E-11  0.4269E-11
CALSDV   55   25  0.3987E-11  0.3966E-11
CALSDV   56   25  0.4610E-11  0.4601E-11
CALSDV   57   25  0.4242E-11  0.4218E-11
CALSDV   58   25  0.4957E-11  0.4948E-11
CALSDV   59   25  0.4571E-11  0.4544E-11
CALSDV   60   25  0.5342E-11  0.5329E-11
CALSDV   61   25  0.4940E-11  0.4912E-11
CALSDV   62   25  0.5766E-11  0.5757E-11
CALSDV   63   25  0.5432E-11  0.5407E-11
CALSDV   64   25  0.6226E-11  0.6216E-11
CALSDV   65   25  0.5973E-11  0.5947E-11
CALSDV   66   25  0.6728E-11  0.6715E-11
CALSDV   67   25  0.6582E-11  0.6560E-11
CALSDV   68   25  0.7294E-11  0.7284E-11
CALSDV   69   25  0.7282E-11  0.7256E-11
CALSDV   70   25  0.7942E-11  0.7929E-11
CALSDV   71   25  0.8055E-11  0.8025E-11
CALSDV   72   25  0.8655E-11  0.8645E-11
CALSDV   73   25  0.8895E-11  0.8864E-11
CALSDV   74   25  0.9458E-11  0.9445E-11
CALSDV   75   25  0.9827E-11  0.9796E-11
CALSDV   76   25  0.1035E-10  0.1033E-10
CALSDV   77   25  0.1091E-10  0.1088E-10
CALSDV   78   25  0.1144E-10  0.1143E-10
CALSDV   79   25  0.1214E-10  0.1211E-10
CALSDV   80   25  0.1265E-10  0.1264E-10
CALSDV   81   25  0.1354E-10  0.1351E-10
CALSDV   82   25  0.1408E-10  0.1406E-10
CALSDV   83   25  0.1522E-10  0.1519E-10
CALSDV   84   25  0.1580E-10  0.1578E-10
CALSDV   85   25  0.1741E-10  0.1738E-10
CALSDV   86   25  0.1805E-10  0.1802E-10
CALSDV   87   25  0.2033E-10  0.2030E-10
CALSDV   88   25  0.2116E-10  0.2113E-10
CALSDV   89   25  0.2411E-10  0.2408E-10
CALSDV   90   25  0.2522E-10  0.2517E-10
CALSDV   26   26  0.4796E-11  0.4591E-11
CALSDV   27   26  0.5522E-11  0.5619E-11
CALSDV   28   26  0.4489E-11  0.4489E-11
CALSDV   29   26  0.2612E-11  0.2671E-11
CALSDV   30   26  0.4423E-11  0.4394E-11
CALSDV   31   26  0.2811E-11  0.2789E-11
CALSDV   32   26  0.3641E-11  0.3571E-11
CALSDV   33   26  0.3636E-11  0.3596E-11
CALSDV   34   26  0.3141E-11  0.3039E-11
CALSDV   35   26  0.3953E-11  0.3910E-11
CALSDV   36   26  0.3155E-11  0.3064E-11
CALSDV   37   26  0.3926E-11  0.3889E-11
CALSDV   38   26  0.3407E-11  0.3343E-11
CALSDV   39   26  0.3795E-11  0.3766E-11
CALSDV   40   26  0.3625E-11  0.3589E-11
CALSDV   41   26  0.3576E-11  0.3558E-11
CALSDV   42   26  0.3762E-11  0.3750E-11
CALSDV   43   26  0.3436E-11  0.3424E-11
CALSDV   44   26  0.3820E-11  0.3820E-11
CALSDV   45   26  0.3411E-11  0.3405E-11
CALSDV   46   26  0.3788E-11  0.3793E-11
CALSDV   47   26  0.3507E-11  0.3504E-11
CALSDV   48   26  0.3851E-11  0.3857E-11
CALSDV   49   26  0.3697E-11  0.3694E-11
CALSDV   50   26  0.3904E-11  0.3910E-11
CALSDV   51   26  0.3954E-11  0.3957E-11
CALSDV   52   26  0.4008E-11  0.4008E-11
CALSDV   53   26  0.4274E-11  0.4274E-11
CALSDV   54   26  0.4209E-11  0.4209E-11
CALSDV   55   26  0.4612E-11  0.4618E-11
CALSDV   56   26  0.4476E-11  0.4476E-11
CALSDV   57   26  0.4971E-11  0.4983E-11
CALSDV   58   26  0.4803E-11  0.4806E-11
CALSDV   59   26  0.5360E-11  0.5381E-11
CALSDV   60   26  0.5208E-11  0.5208E-11
CALSDV   61   26  0.5754E-11  0.5785E-11
CALSDV   62   26  0.5681E-11  0.5687E-11
CALSDV   63   26  0.6257E-11  0.6291E-11
CALSDV   64   26  0.6210E-11  0.6216E-11
CALSDV   65   26  0.6784E-11  0.6824E-11
CALSDV   66   26  0.6792E-11  0.6802E-11
CALSDV   67   26  0.7362E-11  0.7413E-11
CALSDV   68   26  0.7443E-11  0.7450E-11
CALSDV   69   26  0.8026E-11  0.8081E-11
CALSDV   70   26  0.8174E-11  0.8187E-11
CALSDV   71   26  0.8755E-11  0.8814E-11
CALSDV   72   26  0.8960E-11  0.8974E-11
CALSDV   73   26  0.9547E-11  0.9611E-11
CALSDV   74   26  0.9822E-11  0.9839E-11
CALSDV   75   26  0.1044E-10  0.1051E-10
CALSDV   76   26  0.1077E-10  0.1079E-10
CALSDV   77   26  0.1148E-10  0.1155E-10
CALSDV   78   26  0.1191E-10  0.1193E-10
CALSDV   79   26  0.1268E-10  0.1276E-10
CALSDV   80   26  0.1314E-10  0.1316E-10
CALSDV   81   26  0.1404E-10  0.1412E-10
CALSDV   82   26  0.1458E-10  0.1461E-10
CALSDV   83   26  0.1569E-10  0.1577E-10
CALSDV   84   26  0.1632E-10  0.1634E-10
CALSDV   85   26  0.1786E-10  0.1794E-10
CALSDV   86   26  0.1857E-10  0.1860E-10
CALSDV   87   26  0.2079E-10  0.2087E-10
CALSDV   88   26  0.2172E-10  0.2176E-10
CALSDV   89   26  0.2446E-10  0.2454E-10
CALSDV   90   26  0.2568E-10  0.2573E-10
CALSDV   27   27  0.4409E-11  0.3742E-11
CALSDV   28   27  0.6722E-11  0.6353E-11
CALSDV   29   27  0.4210E-11  0.4190E-11
CALSDV   30   27  0.3882E-11  0.3759E-11
CALSDV   31   27  0.3959E-11  0.4036E-11
CALSDV   32   27  0.3712E-11  0.3834E-11
CALSDV   33   27  0.3199E-11  0.3300E-11
CALSDV   34   27  0.4190E-11  0.4307E-11
CALSDV   35   27  0.2737E-11  0.2812E-11
CALSDV   36   27  0.4325E-11  0.4393E-11
CALSDV   37   27  0.2870E-11  0.2896E-11
CALSDV   38   27  0.4153E-11  0.4183E-11
CALSDV   39   27  0.3324E-11  0.3321E-11
CALSDV   40   27  0.3866E-11  0.3878E-11
CALSDV   41   27  0.3715E-11  0.3715E-11
CALSDV   42   27  0.3670E-11  0.3676E-11
CALSDV   43   27  0.3993E-11  0.4014E-11
CALSDV   44   27  0.3643E-11  0.3649E-11
CALSDV   45   27  0.4150E-11  0.4205E-11
CALSDV   46   27  0.3756E-11  0.3756E-11
CALSDV   47   27  0.4214E-11  0.4311E-11
CALSDV   48   27  0.4106E-11  0.4086E-11
CALSDV   49   27  0.4225E-11  0.4367E-11
CALSDV   50   27  0.4512E-11  0.4461E-11
CALSDV   51   27  0.4243E-11  0.4427E-11
CALSDV   52   27  0.4954E-11  0.4877E-11
CALSDV   53   27  0.4319E-11  0.4543E-11
CALSDV   54   27  0.5459E-11  0.5348E-11
CALSDV   55   27  0.4455E-11  0.4712E-11
CALSDV   56   27  0.5965E-11  0.5818E-11
CALSDV   57   27  0.4674E-11  0.4952E-11
CALSDV   58   27  0.6452E-11  0.6274E-11
CALSDV   59   27  0.4990E-11  0.5275E-11
CALSDV   60   27  0.6956E-11  0.6745E-11
CALSDV   61   27  0.5368E-11  0.5651E-11
CALSDV   62   27  0.7479E-11  0.7240E-11
CALSDV   63   27  0.5892E-11  0.6170E-11
CALSDV   64   27  0.8005E-11  0.7744E-11
CALSDV   65   27  0.6477E-11  0.6743E-11
CALSDV   66   27  0.8548E-11  0.8272E-11
CALSDV   67   27  0.7143E-11  0.7394E-11
CALSDV   68   27  0.9136E-11  0.8850E-11
CALSDV   69   27  0.7902E-11  0.8143E-11
CALSDV   70   27  0.9791E-11  0.9507E-11
CALSDV   71   27  0.8741E-11  0.8964E-11
CALSDV   72   27  0.1049E-10  0.1021E-10
CALSDV   73   27  0.9638E-11  0.9841E-11
CALSDV   74   27  0.1126E-10  0.1098E-10
CALSDV   75   27  0.1064E-10  0.1082E-10
CALSDV   76   27  0.1210E-10  0.1184E-10
CALSDV   77   27  0.1177E-10  0.1193E-10
CALSDV   78   27  0.1313E-10  0.1289E-10
CALSDV   79   27  0.1304E-10  0.1319E-10
CALSDV   80   27  0.1428E-10  0.1405E-10
CALSDV   81   27  0.1447E-10  0.1462E-10
CALSDV   82   27  0.1565E-10  0.1544E-10
CALSDV   83   27  0.1617E-10  0.1630E-10
CALSDV   84   27  0.1729E-10  0.1710E-10
CALSDV   85   27  0.1838E-10  0.1849E-10
CALSDV   86   27  0.1948E-10  0.1932E-10
CALSDV   87   27  0.2135E-10  0.2145E-10
CALSDV   88   27  0.2262E-10  0.2246E-10
CALSDV   89   27  0.2496E-10  0.2502E-10
CALSDV   90   27  0.2640E-10  0.2626E-10
CALSDV   28   28  0.7777E-11  0.7906E-11
CALSDV   29   28  0.6157E-11  0.6157E-11
CALSDV   30   28  0.5449E-11  0.5497E-11
CALSDV   31   28  0.3260E-11  0.3260E-11
CALSDV   32   28  0.4993E-11  0.4999E-11
CALSDV   33   28  0.3317E-11  0.3329E-11
CALSDV   34   28  0.4076E-11  0.4073E-11
CALSDV   35   28  0.3982E-11  0.3990E-11
CALSDV   36   28  0.3609E-11  0.3606E-11
CALSDV   37   28  0.4301E-11  0.4310E-11
CALSDV   38   28  0.3705E-11  0.3702E-11
CALSDV   39   28  0.4368E-11  0.4380E-11
CALSDV   40   28  0.4005E-11  0.4005E-11
CALSDV   41   28  0.4204E-11  0.4216E-11
CALSDV   42   28  0.4272E-11  0.4275E-11
CALSDV   43   28  0.4017E-11  0.4029E-11
CALSDV   44   28  0.4420E-11  0.4420E-11
CALSDV   45   28  0.3901E-11  0.3907E-11
CALSDV   46   28  0.4412E-11  0.4409E-11
CALSDV   47   28  0.3897E-11  0.3900E-11
CALSDV   48   28  0.4459E-11  0.4453E-11
CALSDV   49   28  0.4014E-11  0.4008E-11
CALSDV   50   28  0.4453E-11  0.4441E-11
CALSDV   51   28  0.4231E-11  0.4222E-11
CALSDV   52   28  0.4473E-11  0.4462E-11
CALSDV   53   28  0.4540E-11  0.4525E-11
CALSDV   54   28  0.4596E-11  0.4587E-11
CALSDV   55   28  0.4887E-11  0.4875E-11
CALSDV   56   28  0.4802E-11  0.4799E-11
CALSDV   57   28  0.5276E-11  0.5264E-11
CALSDV   58   28  0.5101E-11  0.5098E-11
CALSDV   59   28  0.5703E-11  0.5694E-11
CALSDV   60   28  0.5506E-11  0.5503E-11
CALSDV   61   28  0.6140E-11  0.6131E-11
CALSDV   62   28  0.6011E-11  0.6014E-11
CALSDV   63   28  0.6698E-11  0.6689E-11
CALSDV   64   28  0.6598E-11  0.6594E-11
CALSDV   65   28  0.7285E-11  0.7272E-11
CALSDV   66   28  0.7248E-11  0.7245E-11
CALSDV   67   28  0.7932E-11  0.7916E-11
CALSDV   68   28  0.7983E-11  0.7976E-11
CALSDV   69   28  0.8662E-11  0.8643E-11
CALSDV   70   28  0.8801E-11  0.8794E-11
CALSDV   71   28  0.9461E-11  0.9444E-11
CALSDV   72   28  0.9674E-11  0.9667E-11
CALSDV   73   28  0.1031E-10  0.1030E-10
CALSDV   74   28  0.1061E-10  0.1061E-10
CALSDV   75   28  0.1127E-10  0.1126E-10
CALSDV   76   28  0.1163E-10  0.1163E-10
CALSDV   77   28  0.1236E-10  0.1236E-10
CALSDV   78   28  0.1283E-10  0.1283E-10
CALSDV   79   28  0.1361E-10  0.1361E-10
CALSDV   80   28  0.1412E-10  0.1412E-10
CALSDV   81   28  0.1501E-10  0.1501E-10
CALSDV   82   28  0.1559E-10  0.1559E-10
CALSDV   83   28  0.1668E-10  0.1668E-10
CALSDV   84   28  0.1734E-10  0.1734E-10
CALSDV   85   28  0.1887E-10  0.1886E-10
CALSDV   86   28  0.1960E-10  0.1960E-10
CALSDV   87   28  0.2182E-10  0.2181E-10
CALSDV   88   28  0.2279E-10  0.2278E-10
CALSDV   89   28  0.2530E-10  0.2530E-10
CALSDV   90   28  0.2657E-10  0.2656E-10
CALSDV   29   29  0.4369E-11  0.4301E-11
CALSDV   30   29  0.7260E-11  0.7280E-11
CALSDV   31   29  0.4517E-11  0.4503E-11
CALSDV   32   29  0.4380E-11  0.4473E-11
CALSDV   33   29  0.4520E-11  0.4485E-11
CALSDV   34   29  0.4376E-11  0.4430E-11
CALSDV   35   29  0.3650E-11  0.3601E-11
CALSDV   36   29  0.4878E-11  0.4903E-11
CALSDV   37   29  0.3151E-11  0.3096E-11
CALSDV   38   29  0.4956E-11  0.4965E-11
CALSDV   39   29  0.3348E-11  0.3301E-11
CALSDV   40   29  0.4672E-11  0.4675E-11
CALSDV   41   29  0.3809E-11  0.3782E-11
CALSDV   42   29  0.4296E-11  0.4296E-11
CALSDV   43   29  0.4268E-11  0.4256E-11
CALSDV   44   29  0.4015E-11  0.4018E-11
CALSDV   45   29  0.4593E-11  0.4593E-11
CALSDV   46   29  0.3912E-11  0.3921E-11
CALSDV   47   29  0.4782E-11  0.4785E-11
CALSDV   48   29  0.4156E-11  0.4165E-11
CALSDV   49   29  0.4866E-11  0.4869E-11
CALSDV   50   29  0.4553E-11  0.4565E-11
CALSDV   51   29  0.4916E-11  0.4916E-11
CALSDV   52   29  0.5052E-11  0.5063E-11
CALSDV   53   29  0.5002E-11  0.4996E-11
CALSDV   54   29  0.5642E-11  0.5651E-11
CALSDV   55   29  0.5134E-11  0.5125E-11
CALSDV   56   29  0.6248E-11  0.6257E-11
CALSDV   57   29  0.5358E-11  0.5346E-11
CALSDV   58   29  0.6836E-11  0.6846E-11
CALSDV   59   29  0.5685E-11  0.5673E-11
CALSDV   60   29  0.7430E-11  0.7440E-11
CALSDV   61   29  0.6086E-11  0.6077E-11
CALSDV   62   29  0.8044E-11  0.8047E-11
CALSDV   63   29  0.6661E-11  0.6649E-11
CALSDV   64   29  0.8646E-11  0.8650E-11
CALSDV   65   29  0.7304E-11  0.7294E-11
CALSDV   66   29  0.9260E-11  0.9264E-11
CALSDV   67   29  0.8037E-11  0.8031E-11
CALSDV   68   29  0.9920E-11  0.9917E-11
CALSDV   69   29  0.8873E-11  0.8870E-11
CALSDV   70   29  0.1064E-10  0.1064E-10
CALSDV   71   29  0.9786E-11  0.9783E-11
CALSDV   72   29  0.1140E-10  0.1139E-10
CALSDV   73   29  0.1076E-10  0.1076E-10
CALSDV   74   29  0.1222E-10  0.1221E-10
CALSDV   75   29  0.1181E-10  0.1182E-10
CALSDV   76   29  0.1310E-10  0.1310E-10
CALSDV   77   29  0.1300E-10  0.1300E-10
CALSDV   78   29  0.1418E-10  0.1418E-10
CALSDV   79   29  0.1432E-10  0.1433E-10
CALSDV   80   29  0.1535E-10  0.1535E-10
CALSDV   81   29  0.1583E-10  0.1583E-10
CALSDV   82   29  0.1676E-10  0.1677E-10
CALSDV   83   29  0.1752E-10  0.1752E-10
CALSDV   84   29  0.1840E-10  0.1841E-10
CALSDV   85   29  0.1970E-10  0.1970E-10
CALSDV   86   29  0.2057E-10  0.2058E-10
CALSDV   87   29  0.2265E-10  0.2265E-10
CALSDV   88   29  0.2368E-10  0.2370E-10
CALSDV   89   29  0.2594E-10  0.2595E-10
CALSDV   90   29  0.2721E-10  0.2721E-10
CALSDV   30   30  0.7557E-11  0.7557E-11
CALSDV   31   30  0.6336E-11  0.6213E-11
CALSDV   32   30  0.5815E-11  0.5857E-11
CALSDV   33   30  0.3461E-11  0.3372E-11
CALSDV   34   30  0.5346E-11  0.5340E-11
CALSDV   35   30  0.3538E-11  0.3484E-11
CALSDV   36   30  0.4309E-11  0.4272E-11
CALSDV   37   30  0.4290E-11  0.4244E-11
CALSDV   38   30  0.3803E-11  0.3729E-11
CALSDV   39   30  0.4736E-11  0.4692E-11
CALSDV   40   30  0.3966E-11  0.3872E-11
CALSDV   41   30  0.4765E-11  0.4727E-11
CALSDV   42   30  0.4394E-11  0.4299E-11
CALSDV   43   30  0.4626E-11  0.4593E-11
CALSDV   44   30  0.4751E-11  0.4659E-11
CALSDV   45   30  0.4457E-11  0.4427E-11
CALSDV   46   30  0.4888E-11  0.4803E-11
CALSDV   47   30  0.4356E-11  0.4332E-11
CALSDV   48   30  0.5010E-11  0.4934E-11
CALSDV   49   30  0.4373E-11  0.4355E-11
CALSDV   50   30  0.5007E-11  0.4936E-11
CALSDV   51   30  0.4518E-11  0.4503E-11
CALSDV   52   30  0.4971E-11  0.4903E-11
CALSDV   53   30  0.4779E-11  0.4764E-11
CALSDV   54   30  0.5014E-11  0.4948E-11
CALSDV   55   30  0.5107E-11  0.5086E-11
CALSDV   56   30  0.5137E-11  0.5067E-11
CALSDV   57   30  0.5494E-11  0.5466E-11
CALSDV   58   30  0.5368E-11  0.5298E-11
CALSDV   59   30  0.5934E-11  0.5903E-11
CALSDV   60   30  0.5748E-11  0.5677E-11
CALSDV   61   30  0.6399E-11  0.6359E-11
CALSDV   62   30  0.6272E-11  0.6196E-11
CALSDV   63   30  0.6989E-11  0.6948E-11
CALSDV   64   30  0.6906E-11  0.6826E-11
CALSDV   65   30  0.7623E-11  0.7573E-11
CALSDV   66   30  0.7633E-11  0.7550E-11
CALSDV   67   30  0.8323E-11  0.8266E-11
CALSDV   68   30  0.8457E-11  0.8373E-11
CALSDV   69   30  0.9120E-11  0.9062E-11
CALSDV   70   30  0.9385E-11  0.9296E-11
CALSDV   71   30  0.9998E-11  0.9932E-11
CALSDV   72   30  0.1037E-10  0.1027E-10
CALSDV   73   30  0.1094E-10  0.1087E-10
CALSDV   74   30  0.1142E-10  0.1132E-10
CALSDV   75   30  0.1198E-10  0.1190E-10
CALSDV   76   30  0.1253E-10  0.1243E-10
CALSDV   77   30  0.1317E-10  0.1308E-10
CALSDV   78   30  0.1383E-10  0.1372E-10
CALSDV   79   30  0.1449E-10  0.1439E-10
CALSDV   80   30  0.1519E-10  0.1507E-10
CALSDV   81   30  0.1598E-10  0.1586E-10
CALSDV   82   30  0.1669E-10  0.1658E-10
CALSDV   83   30  0.1771E-10  0.1757E-10
CALSDV   84   30  0.1846E-10  0.1834E-10
CALSDV   85   30  0.1993E-10  0.1976E-10
CALSDV   86   30  0.2072E-10  0.2058E-10
CALSDV   87   30  0.2289E-10  0.2270E-10
CALSDV   88   30  0.2391E-10  0.2374E-10
CALSDV   89   30  0.2615E-10  0.2595E-10
CALSDV   90   30  0.2746E-10  0.2726E-10
